0.000126904,0.000126731,0.000118388,0.000116052,0.000110495,0.00010411,9.69632e-05,9.21612e-05,8.5309e-05,8.00599e-05,7.74755e-05
0.000120363,0.000120132,0.000112622,0.000110607,0.000106234,9.99484e-05,9.18588e-05,8.6868e-05,8.05721e-05,7.62786e-05,7.20573e-05
0.000115484,0.000115105,0.000109425,0.000106225,0.000100029,9.3873e-05,8.74522e-05,8.39282e-05,7.70023e-05,7.26451e-05,6.89661e-05
0.000110757,0.000109755,0.000104992,0.000101384,9.57322e-05,8.95714e-05,8.32323e-05,8.00929e-05,7.35839e-05,6.92684e-05,6.51241e-05
0.000106748,0.000105411,0.000101092,9.71145e-05,9.15669e-05,8.57876e-05,7.96496e-05,7.68431e-05,7.0556e-05,6.6455e-05,6.21313e-05
0.000103173,0.000101507,9.69185e-05,9.332e-05,8.7793e-05,8.25796e-05,7.63167e-05,7.37994e-05,6.75166e-05,6.39755e-05,5.94701e-05
9.94695e-05,9.7629e-05,9.39247e-05,8.94985e-05,8.40735e-05,7.93373e-05,7.34266e-05,7.08964e-05,6.52371e-05,6.15014e-05,5.70075e-05
9.59211e-05,9.42108e-05,9.05412e-05,8.5949e-05,8.0644e-05,7.67154e-05,7.08105e-05,6.81546e-05,6.29636e-05,5.93153e-05,5.49129e-05
9.28015e-05,9.07834e-05,8.74501e-05,8.29579e-05,7.75608e-05,7.40359e-05,6.80985e-05,6.56406e-05,6.06438e-05,5.71577e-05,5.27482e-05
8.97478e-05,8.77264e-05,8.36563e-05,8.0207e-05,7.47574e-05,7.14138e-05,6.54489e-05,6.32056e-05,5.88039e-05,5.51832e-05,5.0614e-05
8.65424e-05,8.45033e-05,8.16151e-05,7.77146e-05,7.15472e-05,6.93485e-05,6.29638e-05,6.12876e-05,5.67875e-05,5.33091e-05,4.90441e-05
8.38763e-05,8.23259e-05,7.86353e-05,7.47741e-05,6.95133e-05,6.70663e-05,6.12363e-05,5.88112e-05,5.45522e-05,5.13992e-05,4.75656e-05
8.04993e-05,7.89491e-05,7.6569e-05,7.22991e-05,6.69212e-05,6.55122e-05,5.93964e-05,5.67265e-05,5.31815e-05,4.97889e-05,4.55799e-05
7.74587e-05,7.66323e-05,7.38363e-05,7.02194e-05,6.46612e-05,6.37435e-05,5.71192e-05,5.482e-05,5.17648e-05,4.81147e-05,4.40253e-05
7.48571e-05,7.40294e-05,7.14459e-05,6.77864e-05,6.26581e-05,6.17448e-05,5.54084e-05,5.30517e-05,4.98515e-05,4.65182e-05,4.26699e-05
7.21627e-05,7.14381e-05,6.93441e-05,6.57502e-05,6.06231e-05,6.01263e-05,5.34753e-05,5.16765e-05,4.84273e-05,4.49645e-05,4.12632e-05
6.976e-05,6.90912e-05,6.74508e-05,6.31288e-05,5.88865e-05,5.82697e-05,5.20489e-05,4.95024e-05,4.70157e-05,4.34688e-05,4.00051e-05
6.76105e-05,6.71578e-05,6.52571e-05,6.16829e-05,5.74733e-05,5.65591e-05,5.05216e-05,4.79726e-05,4.56903e-05,4.21923e-05,3.85416e-05
6.50218e-05,6.52348e-05,6.27575e-05,5.98465e-05,5.57615e-05,5.5397e-05,4.89465e-05,4.69566e-05,4.42915e-05,4.07886e-05,3.7364e-05
6.25525e-05,6.30803e-05,6.0332e-05,5.80248e-05,5.42844e-05,5.37183e-05,4.74491e-05,4.54999e-05,4.2977e-05,3.95326e-05,3.61761e-05
6.06606e-05,6.10545e-05,5.87766e-05,5.62539e-05,5.27286e-05,5.22078e-05,4.59962e-05,4.42215e-05,4.16264e-05,3.82852e-05,3.5009e-05
5.83583e-05,5.87628e-05,5.66945e-05,5.48307e-05,5.09907e-05,5.0514e-05,4.43979e-05,4.27183e-05,4.02537e-05,3.71497e-05,3.38706e-05
5.62009e-05,5.68624e-05,5.47732e-05,5.27785e-05,4.97219e-05,4.87061e-05,4.31233e-05,4.173e-05,3.88184e-05,3.60794e-05,3.27389e-05
5.45637e-05,5.47353e-05,5.33638e-05,5.12183e-05,4.80329e-05,4.74041e-05,4.18246e-05,4.00404e-05,3.76137e-05,3.47657e-05,3.18959e-05
5.25541e-05,5.31562e-05,5.16184e-05,4.99798e-05,4.70759e-05,4.59014e-05,4.06587e-05,3.93603e-05,3.65662e-05,3.37848e-05,3.07576e-05
5.09853e-05,5.14215e-05,4.97626e-05,4.8238e-05,4.57139e-05,4.4358e-05,3.93247e-05,3.79219e-05,3.5387e-05,3.28928e-05,2.9754e-05
4.93815e-05,4.98371e-05,4.82116e-05,4.67253e-05,4.43798e-05,4.3187e-05,3.81733e-05,3.69399e-05,3.43313e-05,3.16893e-05,2.88925e-05
4.76254e-05,4.80217e-05,4.62153e-05,4.54173e-05,4.30968e-05,4.14589e-05,3.70161e-05,3.57537e-05,3.33035e-05,3.09144e-05,2.79549e-05
4.61979e-05,4.644e-05,4.5175e-05,4.38756e-05,4.17271e-05,4.0565e-05,3.5985e-05,3.48981e-05,3.22398e-05,2.97483e-05,2.70246e-05
4.47742e-05,4.49491e-05,4.37415e-05,4.24383e-05,4.07013e-05,3.89389e-05,3.47019e-05,3.36222e-05,3.13501e-05,2.88557e-05,2.61204e-05
4.33088e-05,4.34661e-05,4.22879e-05,4.09994e-05,3.90904e-05,3.78317e-05,3.37716e-05,3.27185e-05,3.00701e-05,2.79509e-05,2.53798e-05
4.15983e-05,4.20771e-05,4.07973e-05,3.98262e-05,3.80922e-05,3.66147e-05,3.26368e-05,3.16701e-05,2.90532e-05,2.71047e-05,2.45084e-05
4.02825e-05,4.06063e-05,3.94316e-05,3.84487e-05,3.68295e-05,3.54087e-05,3.17199e-05,3.07468e-05,2.82058e-05,2.61561e-05,2.37001e-05
3.89508e-05,3.93126e-05,3.8042e-05,3.71493e-05,3.56195e-05,3.41094e-05,3.07373e-05,2.97966e-05,2.72915e-05,2.52281e-05,2.29526e-05
3.77138e-05,3.78227e-05,3.67801e-05,3.59412e-05,3.44637e-05,3.30647e-05,2.97905e-05,2.87808e-05,2.64669e-05,2.45291e-05,2.21647e-05
3.65578e-05,3.6837e-05,3.57887e-05,3.47629e-05,3.35115e-05,3.21506e-05,2.89063e-05,2.80117e-05,2.55463e-05,2.36957e-05,2.14459e-05
3.50998e-05,3.54112e-05,3.45176e-05,3.37097e-05,3.23999e-05,3.08539e-05,2.80437e-05,2.70745e-05,2.47711e-05,2.28974e-05,2.07219e-05
3.39587e-05,3.43039e-05,3.3294e-05,3.25784e-05,3.13241e-05,2.99627e-05,2.70946e-05,2.60939e-05,2.38657e-05,2.21021e-05,2.00672e-05
3.29167e-05,3.31396e-05,3.22283e-05,3.14022e-05,3.00842e-05,2.89652e-05,2.62287e-05,2.51024e-05,2.3129e-05,2.14327e-05,1.9343e-05
3.17405e-05,3.22356e-05,3.1158e-05,3.05669e-05,2.94147e-05,2.83316e-05,2.54509e-05,2.4173e-05,2.23598e-05,2.06803e-05,1.86594e-05
3.08029e-05,3.10289e-05,3.01275e-05,2.94708e-05,2.83085e-05,2.70527e-05,2.46432e-05,2.35856e-05,2.16888e-05,1.99133e-05,1.80354e-05
2.98414e-05,3.0081e-05,2.91201e-05,2.8425e-05,2.72267e-05,2.61413e-05,2.38497e-05,2.27027e-05,2.09153e-05,1.92227e-05,1.74006e-05
2.8976e-05,2.9014e-05,2.81956e-05,2.74739e-05,2.66085e-05,2.53331e-05,2.31178e-05,2.20375e-05,2.03609e-05,1.87125e-05,1.68701e-05
2.79801e-05,2.80689e-05,2.73018e-05,2.65203e-05,2.55641e-05,2.44012e-05,2.23037e-05,2.12536e-05,1.9534e-05,1.78935e-05,1.62819e-05
2.71115e-05,2.73749e-05,2.64123e-05,2.55005e-05,2.47884e-05,2.34634e-05,2.17929e-05,2.05504e-05,1.89193e-05,1.72409e-05,1.57588e-05
2.63071e-05,2.62294e-05,2.54116e-05,2.46695e-05,2.38308e-05,2.26801e-05,2.09221e-05,1.97824e-05,1.83569e-05,1.6659e-05,1.50893e-05
2.56093e-05,2.54049e-05,2.48187e-05,2.39069e-05,2.31175e-05,2.19463e-05,2.02694e-05,1.92268e-05,1.78222e-05,1.61461e-05,1.4589e-05
2.47059e-05,2.45391e-05,2.37912e-05,2.28874e-05,2.2274e-05,2.11249e-05,1.95279e-05,1.83706e-05,1.71644e-05,1.54925e-05,1.41026e-05
2.39588e-05,2.3914e-05,2.29486e-05,2.21725e-05,2.14383e-05,2.04941e-05,1.89175e-05,1.7889e-05,1.65967e-05,1.49566e-05,1.36446e-05
2.32785e-05,2.30122e-05,2.23084e-05,2.14433e-05,2.07933e-05,1.97552e-05,1.82627e-05,1.72761e-05,1.60379e-05,1.43984e-05,1.31221e-05
2.24847e-05,2.23037e-05,2.14701e-05,2.06916e-05,1.99784e-05,1.91175e-05,1.76365e-05,1.66846e-05,1.55385e-05,1.39186e-05,1.26935e-05
2.18076e-05,2.15694e-05,2.08395e-05,1.9944e-05,1.93369e-05,1.8336e-05,1.7051e-05,1.60413e-05,1.49122e-05,1.34259e-05,1.22065e-05
2.11291e-05,2.0809e-05,2.0066e-05,1.93277e-05,1.88636e-05,1.77104e-05,1.6406e-05,1.5562e-05,1.43989e-05,1.30308e-05,1.18865e-05
2.05128e-05,2.01661e-05,1.94832e-05,1.86462e-05,1.80419e-05,1.71574e-05,1.58941e-05,1.49693e-05,1.39502e-05,1.24955e-05,1.14256e-05
1.98739e-05,1.95821e-05,1.88382e-05,1.8034e-05,1.74962e-05,1.65038e-05,1.53345e-05,1.45014e-05,1.34723e-05,1.20451e-05,1.104e-05
1.92259e-05,1.90653e-05,1.81959e-05,1.74722e-05,1.69068e-05,1.58916e-05,1.4832e-05,1.40556e-05,1.30058e-05,1.15718e-05,1.06735e-05
1.87199e-05,1.83575e-05,1.76961e-05,1.68938e-05,1.63385e-05,1.54059e-05,1.44125e-05,1.35554e-05,1.25613e-05,1.12249e-05,1.03245e-05
1.81292e-05,1.78689e-05,1.70845e-05,1.62781e-05,1.58095e-05,1.4872e-05,1.38461e-05,1.31197e-05,1.21643e-05,1.0862e-05,9.98191e-06
1.75738e-05,1.72506e-05,1.65182e-05,1.57527e-05,1.52855e-05,1.43627e-05,1.33629e-05,1.26703e-05,1.17423e-05,1.04753e-05,9.64221e-06
1.7074e-05,1.68128e-05,1.59512e-05,1.52656e-05,1.4782e-05,1.38906e-05,1.29384e-05,1.22821e-05,1.13332e-05,1.01132e-05,9.33754e-06
1.65292e-05,1.62765e-05,1.55452e-05,1.46713e-05,1.43919e-05,1.34486e-05,1.25001e-05,1.18278e-05,1.09819e-05,9.76253e-06,9.03215e-06
1.60555e-05,1.57725e-05,1.50412e-05,1.42518e-05,1.38354e-05,1.29699e-05,1.20865e-05,1.14445e-05,1.06332e-05,9.47946e-06,8.75398e-06
1.55672e-05,1.52223e-05,1.45155e-05,1.38102e-05,1.34014e-05,1.25482e-05,1.16832e-05,1.11204e-05,1.0264e-05,9.15445e-06,8.46443e-06
1.50891e-05,1.47713e-05,1.40329e-05,1.33245e-05,1.29938e-05,1.21223e-05,1.13208e-05,1.0766e-05,9.91875e-06,8.83438e-06,8.1885e-06
1.46875e-05,1.43134e-05,1.36495e-05,1.29616e-05,1.2575e-05,1.17564e-05,1.09657e-05,1.04393e-05,9.63204e-06,8.59099e-06,7.96294e-06
1.42733e-05,1.3975e-05,1.32598e-05,1.26215e-05,1.21909e-05,1.14383e-05,1.06469e-05,1.01156e-05,9.36508e-06,8.33798e-06,7.70202e-06
1.38092e-05,1.35315e-05,1.27585e-05,1.21668e-05,1.17712e-05,1.10257e-05,1.03038e-05,9.82654e-06,8.99444e-06,8.09321e-06,7.49884e-06
1.33603e-05,1.30025e-05,1.23774e-05,1.17906e-05,1.14389e-05,1.07265e-05,9.948e-06,9.52938e-06,8.72784e-06,7.78662e-06,7.2365e-06
1.30042e-05,1.265e-05,1.20501e-05,1.14537e-05,1.11254e-05,1.04149e-05,9.68215e-06,9.27077e-06,8.46129e-06,7.5474e-06,7.05387e-06
1.25957e-05,1.21534e-05,1.16388e-05,1.10921e-05,1.07442e-05,1.00813e-05,9.35013e-06,8.94255e-06,8.20977e-06,7.33438e-06,6.81577e-06
1.22437e-05,1.19376e-05,1.12869e-05,1.07808e-05,1.04236e-05,9.76782e-06,9.06562e-06,8.68823e-06,7.96811e-06,7.12467e-06,6.62331e-06
1.1951e-05,1.15214e-05,1.09786e-05,1.04433e-05,1.01473e-05,9.52748e-06,8.82164e-06,8.39579e-06,7.7612e-06,6.93515e-06,6.43817e-06
1.15419e-05,1.12165e-05,1.06604e-05,1.01911e-05,9.85145e-06,9.21903e-06,8.55692e-06,8.25511e-06,7.4904e-06,6.72543e-06,6.27911e-06
1.12089e-05,1.09027e-05,1.03065e-05,9.85564e-06,9.56411e-06,8.97013e-06,8.29893e-06,7.96451e-06,7.30829e-06,6.54293e-06,6.0897e-06
1.09148e-05,1.05842e-05,1.00232e-05,9.59752e-06,9.28692e-06,8.71269e-06,8.07935e-06,7.75257e-06,7.09683e-06,6.36669e-06,5.91344e-06
1.06042e-05,1.03057e-05,9.73571e-06,9.34654e-06,9.05485e-06,8.4611e-06,7.84211e-06,7.57878e-06,6.9044e-06,6.1814e-06,5.76224e-06
1.02872e-05,9.98233e-06,9.4331e-06,9.06709e-06,8.78214e-06,8.24224e-06,7.63687e-06,7.32835e-06,6.69644e-06,6.02957e-06,5.59614e-06
1.00211e-05,9.68931e-06,9.17241e-06,8.8212e-06,8.53391e-06,7.99893e-06,7.43524e-06,7.12732e-06,6.50384e-06,5.86797e-06,5.45913e-06
9.71478e-06,9.41045e-06,8.90135e-06,8.57742e-06,8.33658e-06,7.81401e-06,7.22226e-06,6.93496e-06,6.34299e-06,5.71871e-06,5.29257e-06
9.45785e-06,9.1389e-06,8.65928e-06,8.35106e-06,8.07861e-06,7.58918e-06,7.02541e-06,6.75076e-06,6.15891e-06,5.56395e-06,5.16406e-06
9.19306e-06,8.90922e-06,8.42549e-06,8.13797e-06,7.86935e-06,7.39972e-06,6.86397e-06,6.56195e-06,6.00836e-06,5.42734e-06,5.01356e-06
8.94282e-06,8.63145e-06,8.20589e-06,7.93518e-06,7.66611e-06,7.19258e-06,6.68133e-06,6.40601e-06,5.8386e-06,5.27319e-06,4.89384e-06
8.72187e-06,8.39694e-06,7.98728e-06,7.70461e-06,7.47673e-06,7.02026e-06,6.48938e-06,6.21707e-06,5.68071e-06,5.14533e-06,4.75669e-06
8.45796e-06,8.19897e-06,7.76489e-06,7.49356e-06,7.28198e-06,6.82936e-06,6.33501e-06,6.11129e-06,5.53189e-06,5.02357e-06,4.65181e-06
8.22907e-06,7.90884e-06,7.5564e-06,7.3078e-06,7.07436e-06,6.66778e-06,6.18872e-06,5.91379e-06,5.39827e-06,4.90245e-06,4.49885e-06
8.01032e-06,7.64506e-06,7.35812e-06,7.1163e-06,6.87811e-06,6.48211e-06,6.00353e-06,5.77135e-06,5.25069e-06,4.76188e-06,4.39105e-06
7.77541e-06,7.51642e-06,7.1931e-06,6.93177e-06,6.72106e-06,6.32107e-06,5.8632e-06,5.63211e-06,5.13181e-06,4.63833e-06,4.27368e-06
7.59558e-06,7.27819e-06,6.97258e-06,6.7591e-06,6.5359e-06,6.15429e-06,5.71186e-06,5.4749e-06,4.99287e-06,4.53226e-06,4.17714e-06
7.39652e-06,7.1307e-06,6.82998e-06,6.58906e-06,6.3739e-06,5.99615e-06,5.58498e-06,5.32842e-06,4.88161e-06,4.40381e-06,4.06668e-06
7.17721e-06,6.88304e-06,6.61092e-06,6.40626e-06,6.2076e-06,5.85855e-06,5.41632e-06,5.20932e-06,4.72918e-06,4.31727e-06,3.96884e-06
7.00362e-06,6.7122e-06,6.45242e-06,6.2451e-06,6.06452e-06,5.70839e-06,5.31405e-06,5.08206e-06,4.63132e-06,4.2007e-06,3.86228e-06
6.80403e-06,6.55248e-06,6.27892e-06,6.08452e-06,5.89571e-06,5.55446e-06,5.16685e-06,4.9574e-06,4.50478e-06,4.09365e-06,3.76319e-06
6.64798e-06,6.36294e-06,6.1206e-06,5.92295e-06,5.72852e-06,5.41765e-06,5.03411e-06,4.83805e-06,4.39115e-06,3.99341e-06,3.66911e-06
6.45168e-06,6.18815e-06,5.97262e-06,5.77871e-06,5.59547e-06,5.27576e-06,4.92105e-06,4.70177e-06,4.28103e-06,3.89273e-06,3.56863e-06
6.28098e-06,6.02517e-06,5.81386e-06,5.62103e-06,5.4545e-06,5.1575e-06,4.79468e-06,4.59243e-06,4.17592e-06,3.78378e-06,3.47271e-06
6.12196e-06,5.86399e-06,5.65683e-06,5.48093e-06,5.30355e-06,5.00723e-06,4.66919e-06,4.46837e-06,4.0626e-06,3.69664e-06,3.39206e-06
5.97407e-06,5.73e-06,5.52044e-06,5.3316e-06,5.17568e-06,4.90422e-06,4.56704e-06,4.36912e-06,3.96246e-06,3.6008e-06,3.30232e-06
5.80946e-06,5.56972e-06,5.37411e-06,5.19413e-06,5.04664e-06,4.75908e-06,4.44255e-06,4.24538e-06,3.86365e-06,3.51179e-06,3.21273e-06
5.67277e-06,5.42227e-06,5.244e-06,5.06415e-06,4.91274e-06,4.65207e-06,4.34441e-06,4.13861e-06,3.76721e-06,3.42059e-06,3.12411e-06
5.51718e-06,5.29352e-06,5.10824e-06,4.92353e-06,4.78194e-06,4.5253e-06,4.22837e-06,4.02929e-06,3.66632e-06,3.32742e-06,3.05524e-06
5.38228e-06,5.1538e-06,4.98606e-06,4.80409e-06,4.651e-06,4.42057e-06,4.11367e-06,3.9383e-06,3.5767e-06,3.2465e-06,2.97586e-06
5.23055e-06,5.0156e-06,4.86906e-06,4.67455e-06,4.53642e-06,4.29479e-06,4.02057e-06,3.83514e-06,3.47792e-06,3.1631e-06,2.89874e-06
5.11872e-06,4.92275e-06,4.75095e-06,4.55326e-06,4.43133e-06,4.20747e-06,3.94584e-06,3.74644e-06,3.39011e-06,3.08409e-06,2.81671e-06
4.95102e-06,4.76919e-06,4.62446e-06,4.44037e-06,4.30653e-06,4.08459e-06,3.82523e-06,3.64649e-06,3.31146e-06,3.00547e-06,2.74676e-06
4.84219e-06,4.65303e-06,4.51989e-06,4.32952e-06,4.20707e-06,3.98761e-06,3.73903e-06,3.56173e-06,3.22331e-06,2.92687e-06,2.66865e-06
4.73843e-06,4.54988e-06,4.42334e-06,4.2038e-06,4.09189e-06,3.89328e-06,3.64495e-06,3.47274e-06,3.13489e-06,2.84117e-06,2.60363e-06
4.60601e-06,4.43039e-06,4.29412e-06,4.09863e-06,3.99774e-06,3.79323e-06,3.56231e-06,3.38111e-06,3.06035e-06,2.77426e-06,2.5379e-06
4.48561e-06,4.32991e-06,4.19394e-06,3.99315e-06,3.89395e-06,3.70488e-06,3.46186e-06,3.30633e-06,2.98925e-06,2.70672e-06,2.4811e-06
4.38365e-06,4.23655e-06,4.08366e-06,3.88711e-06,3.80038e-06,3.62267e-06,3.40031e-06,3.21535e-06,2.90648e-06,2.6365e-06,2.41207e-06
4.28994e-06,4.1154e-06,4.00407e-06,3.79997e-06,3.69139e-06,3.51774e-06,3.30641e-06,3.12971e-06,2.83094e-06,2.56221e-06,2.33892e-06
4.16617e-06,4.00813e-06,3.90951e-06,3.70157e-06,3.60849e-06,3.42405e-06,3.2147e-06,3.04923e-06,2.7599e-06,2.49748e-06,2.28285e-06
4.0778e-06,3.90707e-06,3.80274e-06,3.61918e-06,3.50613e-06,3.33803e-06,3.15287e-06,2.99011e-06,2.69555e-06,2.43924e-06,2.22296e-06
3.9764e-06,3.8305e-06,3.71881e-06,3.52535e-06,3.42578e-06,3.26254e-06,3.07365e-06,2.9193e-06,2.62229e-06,2.37092e-06,2.1561e-06
3.889e-06,3.73266e-06,3.63589e-06,3.41385e-06,3.33301e-06,3.18081e-06,2.98714e-06,2.85186e-06,2.55264e-06,2.31852e-06,2.11952e-06
3.79256e-06,3.65464e-06,3.5354e-06,3.33677e-06,3.25871e-06,3.09813e-06,2.92872e-06,2.77443e-06,2.48772e-06,2.26033e-06,2.05442e-06
3.69238e-06,3.55265e-06,3.44937e-06,3.24586e-06,3.17355e-06,3.01955e-06,2.84523e-06,2.6903e-06,2.42186e-06,2.194e-06,2.00551e-06
3.62598e-06,3.45908e-06,3.37186e-06,3.18168e-06,3.09779e-06,2.9524e-06,2.7874e-06,2.63826e-06,2.36829e-06,2.14138e-06,1.95473e-06
3.51378e-06,3.4019e-06,3.30526e-06,3.10637e-06,3.01794e-06,2.88473e-06,2.7238e-06,2.57817e-06,2.31432e-06,2.09024e-06,1.89667e-06
3.44152e-06,3.31477e-06,3.22017e-06,3.01187e-06,2.95618e-06,2.82905e-06,2.65925e-06,2.50395e-06,2.25465e-06,2.02932e-06,1.8558e-06
3.34915e-06,3.2406e-06,3.16619e-06,2.95209e-06,2.87731e-06,2.73655e-06,2.59252e-06,2.4395e-06,2.1859e-06,1.98097e-06,1.80077e-06
3.28155e-06,3.16771e-06,3.0741e-06,2.8765e-06,2.80766e-06,2.6904e-06,2.53098e-06,2.38655e-06,2.13163e-06,1.93058e-06,1.75724e-06
3.22048e-06,3.09021e-06,3.02294e-06,2.8243e-06,2.74489e-06,2.61734e-06,2.47597e-06,2.33416e-06,2.09125e-06,1.88164e-06,1.72034e-06
3.11792e-06,3.02153e-06,2.93333e-06,2.74831e-06,2.68886e-06,2.55936e-06,2.40854e-06,2.27422e-06,2.03454e-06,1.82997e-06,1.66649e-06
3.06157e-06,2.95353e-06,2.88136e-06,2.67921e-06,2.611e-06,2.4922e-06,2.35857e-06,2.20674e-06,1.98138e-06,1.78644e-06,1.62341e-06
2.97883e-06,2.88043e-06,2.78772e-06,2.60951e-06,2.5539e-06,2.44507e-06,2.29936e-06,2.15921e-06,1.93468e-06,1.7459e-06,1.58564e-06
2.92575e-06,2.82554e-06,2.75809e-06,2.54859e-06,2.48704e-06,2.37869e-06,2.24412e-06,2.11361e-06,1.88452e-06,1.70151e-06,1.5407e-06
2.83761e-06,2.75087e-06,2.66981e-06,2.49033e-06,2.42664e-06,2.32926e-06,2.19017e-06,2.06121e-06,1.84297e-06,1.65787e-06,1.50627e-06
2.77024e-06,2.69469e-06,2.61934e-06,2.44333e-06,2.36392e-06,2.27245e-06,2.14064e-06,2.01018e-06,1.78917e-06,1.61338e-06,1.46655e-06
2.70802e-06,2.62013e-06,2.55482e-06,2.37779e-06,2.3161e-06,2.21858e-06,2.08384e-06,1.96013e-06,1.75478e-06,1.57658e-06,1.4338e-06
2.65669e-06,2.57782e-06,2.51372e-06,2.32041e-06,2.26617e-06,2.17085e-06,2.03497e-06,1.9196e-06,1.71652e-06,1.53785e-06,1.40392e-06
2.58223e-06,2.50326e-06,2.4491e-06,2.27934e-06,2.22601e-06,2.12806e-06,1.9945e-06,1.88603e-06,1.66964e-06,1.50399e-06,1.36489e-06
2.5248e-06,2.45315e-06,2.39033e-06,2.21092e-06,2.14933e-06,2.07985e-06,1.95136e-06,1.82126e-06,1.62711e-06,1.46067e-06,1.32915e-06
2.44991e-06,2.39373e-06,2.33077e-06,2.16589e-06,2.10554e-06,2.03898e-06,1.90758e-06,1.78513e-06,1.58975e-06,1.42972e-06,1.29706e-06
2.41008e-06,2.35328e-06,2.27969e-06,2.1161e-06,2.06176e-06,1.9827e-06,1.85404e-06,1.74154e-06,1.54765e-06,1.39943e-06,1.26106e-06
2.35573e-06,2.27689e-06,2.22884e-06,2.06899e-06,2.00703e-06,1.94781e-06,1.82976e-06,1.69955e-06,1.51233e-06,1.35625e-06,1.23152e-06
2.29804e-06,2.24443e-06,2.18211e-06,2.03099e-06,1.96443e-06,1.89816e-06,1.77208e-06,1.66579e-06,1.47977e-06,1.32769e-06,1.19357e-06
2.24747e-06,2.18359e-06,2.13816e-06,1.97578e-06,1.92449e-06,1.85314e-06,1.73358e-06,1.61736e-06,1.44324e-06,1.29612e-06,1.17336e-06
2.19964e-06,2.14278e-06,2.09028e-06,1.93398e-06,1.88478e-06,1.80869e-06,1.70041e-06,1.58531e-06,1.40961e-06,1.26963e-06,1.1459e-06
2.14539e-06,2.09625e-06,2.0477e-06,1.8902e-06,1.83241e-06,1.77735e-06,1.65339e-06,1.55577e-06,1.37732e-06,1.22952e-06,1.11717e-06
2.10138e-06,2.0516e-06,2.0003e-06,1.8555e-06,1.79809e-06,1.73912e-06,1.62393e-06,1.51488e-06,1.34651e-06,1.20998e-06,1.09219e-06
2.05032e-06,1.99899e-06,1.93953e-06,1.80473e-06,1.75552e-06,1.7086e-06,1.58644e-06,1.48315e-06,1.32076e-06,1.17799e-06,1.07413e-06
2.005e-06,1.95494e-06,1.91362e-06,1.77143e-06,1.71326e-06,1.665e-06,1.55327e-06,1.44942e-06,1.27982e-06,1.15353e-06,1.04004e-06
1.96091e-06,1.91452e-06,1.86092e-06,1.73491e-06,1.68076e-06,1.62616e-06,1.51527e-06,1.41883e-06,1.25651e-06,1.12583e-06,1.01476e-06
1.91182e-06,1.87335e-06,1.8233e-06,1.69867e-06,1.64374e-06,1.58893e-06,1.48209e-06,1.38348e-06,1.22477e-06,1.09934e-06,9.88849e-07
1.87415e-06,1.8313e-06,1.78294e-06,1.66191e-06,1.59528e-06,1.55387e-06,1.4467e-06,1.34941e-06,1.20507e-06,1.07054e-06,9.75249e-07
1.82202e-06,1.78552e-06,1.74797e-06,1.62832e-06,1.56641e-06,1.5258e-06,1.4193e-06,1.32906e-06,1.17341e-06,1.0463e-06,9.46972e-07
1.78816e-06,1.76387e-06,1.71233e-06,1.59161e-06,1.54679e-06,1.50027e-06,1.39084e-06,1.29711e-06,1.15243e-06,1.02472e-06,9.22001e-07
1.74797e-06,1.71304e-06,1.66565e-06,1.55174e-06,1.50055e-06,1.46772e-06,1.36347e-06,1.26607e-06,1.12732e-06,1.00246e-06,9.03857e-07
1.71111e-06,1.675e-06,1.62994e-06,1.52761e-06,1.47626e-06,1.4333e-06,1.32731e-06,1.24256e-06,1.10242e-06,9.8218e-07,8.84009e-07
1.6684e-06,1.63947e-06,1.59713e-06,1.48781e-06,1.4402e-06,1.40167e-06,1.30219e-06,1.2122e-06,1.07793e-06,9.56524e-07,8.6477e-07
1.63405e-06,1.60343e-06,1.56442e-06,1.46091e-06,1.40545e-06,1.37469e-06,1.27326e-06,1.18925e-06,1.05361e-06,9.34418e-07,8.46423e-07
1.59932e-06,1.57146e-06,1.53514e-06,1.43691e-06,1.37987e-06,1.34059e-06,1.24645e-06,1.16122e-06,1.02869e-06,9.16494e-07,8.23365e-07
1.56933e-06,1.54408e-06,1.49743e-06,1.40158e-06,1.35147e-06,1.31458e-06,1.22278e-06,1.13797e-06,1.00943e-06,8.96163e-07,8.07509e-07
1.5351e-06,1.51247e-06,1.47246e-06,1.37713e-06,1.327e-06,1.29499e-06,1.1945e-06,1.11432e-06,9.84759e-07,8.74234e-07,7.87669e-07
1.49484e-06,1.47721e-06,1.43756e-06,1.34827e-06,1.29688e-06,1.26552e-06,1.16693e-06,1.09188e-06,9.61277e-07,8.56659e-07,7.72492e-07
1.46634e-06,1.44695e-06,1.40566e-06,1.32023e-06,1.26734e-06,1.23961e-06,1.14553e-06,1.06709e-06,9.45923e-07,8.38941e-07,7.54956e-07
1.4389e-06,1.40878e-06,1.37612e-06,1.28953e-06,1.24026e-06,1.21379e-06,1.12791e-06,1.0444e-06,9.25664e-07,8.1781e-07,7.37682e-07
1.39676e-06,1.38285e-06,1.34826e-06,1.26597e-06,1.22019e-06,1.18897e-06,1.10026e-06,1.02525e-06,9.10478e-07,8.03151e-07,7.23035e-07
1.37007e-06,1.3549e-06,1.32022e-06,1.23781e-06,1.19435e-06,1.16278e-06,1.07551e-06,1.00277e-06,8.90645e-07,7.83483e-07,7.07893e-07
1.34393e-06,1.32891e-06,1.29032e-06,1.21668e-06,1.17611e-06,1.13585e-06,1.05249e-06,9.8121e-07,8.71481e-07,7.70338e-07,6.90896e-07
1.31459e-06,1.29955e-06,1.26557e-06,1.19117e-06,1.14667e-06,1.11829e-06,1.03014e-06,9.62707e-07,8.54593e-07,7.49885e-07,6.77762e-07
1.28796e-06,1.27769e-06,1.23953e-06,1.16877e-06,1.12503e-06,1.09599e-06,1.0109e-06,9.42843e-07,8.32905e-07,7.35685e-07,6.60998e-07
1.25682e-06,1.24892e-06,1.21117e-06,1.14548e-06,1.10124e-06,1.07204e-06,9.8857e-07,9.24412e-07,8.1587e-07,7.23127e-07,6.48446e-07
1.22696e-06,1.22247e-06,1.1849e-06,1.12131e-06,1.07342e-06,1.05223e-06,9.73319e-07,9.02239e-07,8.01221e-07,7.05992e-07,6.34037e-07
1.19868e-06,1.19976e-06,1.15907e-06,1.10133e-06,1.05134e-06,1.03072e-06,9.52005e-07,8.89033e-07,7.83069e-07,6.91257e-07,6.21706e-07
1.17921e-06,1.17595e-06,1.13829e-06,1.07745e-06,1.03507e-06,1.01011e-06,9.3298e-07,8.68541e-07,7.67753e-07,6.77455e-07,6.07606e-07
1.15409e-06,1.15042e-06,1.1179e-06,1.0521e-06,1.01916e-06,9.898e-07,9.19635e-07,8.47193e-07,7.53984e-07,6.66001e-07,5.9567e-07
1.13085e-06,1.13112e-06,1.09346e-06,1.03696e-06,9.9591e-07,9.70491e-07,8.97506e-07,8.35083e-07,7.36183e-07,6.49807e-07,5.81595e-07
1.10825e-06,1.10724e-06,1.07097e-06,1.01739e-06,9.75046e-07,9.49974e-07,8.79841e-07,8.19211e-07,7.22102e-07,6.36296e-07,5.70414e-07
1.08144e-06,1.08759e-06,1.04697e-06,9.95613e-07,9.5439e-07,9.35344e-07,8.62129e-07,8.03398e-07,7.06242e-07,6.22218e-07,5.58404e-07
1.06318e-06,1.06493e-06,1.02918e-06,9.80511e-07,9.36739e-07,9.15866e-07,8.44836e-07,7.85952e-07,6.92093e-07,6.11042e-07,5.46656e-07
1.0395e-06,1.04424e-06,1.0061e-06,9.58294e-07,9.20375e-07,8.96094e-07,8.27047e-07,7.68683e-07,6.80828e-07,6.02282e-07,5.35636e-07
1.01939e-06,1.02585e-06,9.86232e-07,9.42395e-07,9.03488e-07,8.79631e-07,8.09544e-07,7.54395e-07,6.65625e-07,5.87126e-07,5.22583e-07
9.97834e-07,1.00534e-06,9.6621e-07,9.23111e-07,8.84472e-07,8.61951e-07,7.95165e-07,7.40068e-07,6.52267e-07,5.74818e-07,5.14295e-07
9.75512e-07,9.85941e-07,9.45788e-07,9.05444e-07,8.66071e-07,8.4493e-07,7.80181e-07,7.26759e-07,6.39629e-07,5.63836e-07,5.03426e-07
9.61908e-07,9.67316e-07,9.31235e-07,8.85282e-07,8.51483e-07,8.28652e-07,7.65899e-07,7.11355e-07,6.27518e-07,5.5208e-07,4.92769e-07
9.38311e-07,9.49826e-07,9.10283e-07,8.67634e-07,8.35051e-07,8.11021e-07,7.5168e-07,6.94148e-07,6.14254e-07,5.43276e-07,4.84129e-07
9.22123e-07,9.31717e-07,8.92762e-07,8.54874e-07,8.18785e-07,7.95439e-07,7.34548e-07,6.82934e-07,6.02059e-07,5.30851e-07,4.72583e-07
9.00912e-07,9.13602e-07,8.74576e-07,8.34186e-07,8.02523e-07,7.80043e-07,7.23277e-07,6.68245e-07,5.92392e-07,5.2028e-07,4.64196e-07
8.8289e-07,8.9713e-07,8.5642e-07,8.23014e-07,7.86269e-07,7.67132e-07,7.07962e-07,6.58009e-07,5.79177e-07,5.10392e-07,4.54131e-07
8.67469e-07,8.80198e-07,8.40887e-07,8.07145e-07,7.73419e-07,7.50152e-07,6.92813e-07,6.44114e-07,5.67918e-07,5.00424e-07,4.45375e-07
8.47167e-07,8.64645e-07,8.23406e-07,7.88565e-07,7.59666e-07,7.34482e-07,6.81958e-07,6.30209e-07,5.57811e-07,4.91632e-07,4.3661e-07
8.3291e-07,8.48283e-07,8.10907e-07,7.78554e-07,7.42616e-07,7.20402e-07,6.67813e-07,6.19893e-07,5.45561e-07,4.80077e-07,4.26795e-07
8.19373e-07,8.33238e-07,7.93199e-07,7.63828e-07,7.30123e-07,7.07409e-07,6.55053e-07,6.07662e-07,5.34911e-07,4.70183e-07,4.17879e-07
8.01071e-07,8.18966e-07,7.76262e-07,7.4902e-07,7.15873e-07,6.93737e-07,6.41998e-07,5.95444e-07,5.25414e-07,4.62866e-07,4.10607e-07
7.88363e-07,8.04457e-07,7.64513e-07,7.36803e-07,7.0216e-07,6.82834e-07,6.28463e-07,5.83513e-07,5.13849e-07,4.52642e-07,4.01291e-07
7.72295e-07,7.89503e-07,7.49729e-07,7.22605e-07,6.90117e-07,6.68467e-07,6.1649e-07,5.7202e-07,5.04711e-07,4.44334e-07,3.93251e-07
7.56834e-07,7.73154e-07,7.3424e-07,7.06049e-07,6.77205e-07,6.5611e-07,6.0637e-07,5.60779e-07,4.96736e-07,4.35271e-07,3.84848e-07
7.44314e-07,7.59544e-07,7.21325e-07,6.94613e-07,6.66438e-07,6.4288e-07,5.93365e-07,5.50688e-07,4.86395e-07,4.26938e-07,3.78345e-07
7.28818e-07,7.44857e-07,7.08918e-07,6.81425e-07,6.52943e-07,6.31062e-07,5.8254e-07,5.3952e-07,4.77735e-07,4.18136e-07,3.69744e-07
7.1615e-07,7.33216e-07,6.94674e-07,6.69667e-07,6.40337e-07,6.19146e-07,5.70025e-07,5.29339e-07,4.67265e-07,4.10476e-07,3.62537e-07
7.02034e-07,7.18337e-07,6.8172e-07,6.56148e-07,6.27038e-07,6.08159e-07,5.61086e-07,5.19352e-07,4.58803e-07,4.02061e-07,3.55788e-07
6.88989e-07,7.06361e-07,6.69264e-07,6.45138e-07,6.1703e-07,5.95839e-07,5.4944e-07,5.09067e-07,4.49648e-07,3.94623e-07,3.47871e-07
6.75115e-07,6.93967e-07,6.56013e-07,6.3401e-07,6.05623e-07,5.84382e-07,5.39088e-07,4.99753e-07,4.40995e-07,3.8684e-07,3.41005e-07
6.63676e-07,6.81577e-07,6.43824e-07,6.24324e-07,5.94758e-07,5.72274e-07,5.28532e-07,4.90079e-07,4.32757e-07,3.79781e-07,3.3404e-07
6.52366e-07,6.68944e-07,6.31964e-07,6.10592e-07,5.83969e-07,5.63692e-07,5.19798e-07,4.80306e-07,4.2473e-07,3.72228e-07,3.26964e-07
6.40309e-07,6.59524e-07,6.21336e-07,6.01224e-07,5.75096e-07,5.54249e-07,5.09233e-07,4.70822e-07,4.1691e-07,3.65446e-07,3.19956e-07
6.29378e-07,6.46397e-07,6.10165e-07,5.8952e-07,5.63324e-07,5.4193e-07,4.99117e-07,4.62821e-07,4.08939e-07,3.57986e-07,3.14282e-07
6.18331e-07,6.34408e-07,5.99046e-07,5.79073e-07,5.53307e-07,5.31984e-07,4.90998e-07,4.53917e-07,4.01347e-07,3.50702e-07,3.08182e-07
6.05558e-07,6.23897e-07,5.8784e-07,5.68589e-07,5.43396e-07,5.23215e-07,4.80894e-07,4.44836e-07,3.93655e-07,3.44384e-07,3.01823e-07
5.96151e-07,6.12485e-07,5.77743e-07,5.59544e-07,5.33641e-07,5.13349e-07,4.71859e-07,4.36375e-07,3.86224e-07,3.3825e-07,2.95897e-07
5.8397e-07,6.01174e-07,5.66598e-07,5.49554e-07,5.24027e-07,5.04005e-07,4.62521e-07,4.28812e-07,3.7853e-07,3.31031e-07,2.89906e-07
5.75332e-07,5.91116e-07,5.56373e-07,5.39942e-07,5.14934e-07,4.94607e-07,4.54743e-07,4.20227e-07,3.71444e-07,3.24774e-07,2.83891e-07
5.64502e-07,5.80884e-07,5.4655e-07,5.30606e-07,5.06018e-07,4.86835e-07,4.4701e-07,4.12367e-07,3.65192e-07,3.19055e-07,2.78357e-07
5.55283e-07,5.70681e-07,5.36905e-07,5.20989e-07,4.97025e-07,4.77069e-07,4.37835e-07,4.04683e-07,3.58291e-07,3.12642e-07,2.72519e-07
5.44961e-07,5.61341e-07,5.2725e-07,5.11685e-07,4.88126e-07,4.68003e-07,4.31152e-07,3.97257e-07,3.51772e-07,3.06825e-07,2.67213e-07
5.36159e-07,5.53761e-07,5.17316e-07,5.03567e-07,4.79779e-07,4.5885e-07,4.22291e-07,3.90863e-07,3.45164e-07,3.00937e-07,2.62636e-07
5.26156e-07,5.42194e-07,5.09104e-07,4.94481e-07,4.71352e-07,4.5216e-07,4.14608e-07,3.83157e-07,3.38812e-07,2.953e-07,2.56806e-07
5.17122e-07,5.3301e-07,5.01176e-07,4.86018e-07,4.63228e-07,4.44948e-07,4.07249e-07,3.76838e-07,3.32758e-07,2.89322e-07,2.51808e-07
5.09304e-07,5.22209e-07,4.92334e-07,4.77359e-07,4.55077e-07,4.35561e-07,3.99577e-07,3.69332e-07,3.26907e-07,2.84185e-07,2.46504e-07
5.00091e-07,5.14428e-07,4.83796e-07,4.70499e-07,4.47675e-07,4.28182e-07,3.92323e-07,3.62336e-07,3.21233e-07,2.78796e-07,2.41398e-07
4.90832e-07,5.06323e-07,4.74303e-07,4.61887e-07,4.39452e-07,4.20978e-07,3.85306e-07,3.56035e-07,3.1519e-07,2.73006e-07,2.37008e-07
4.8334e-07,4.96961e-07,4.66885e-07,4.55795e-07,4.32471e-07,4.12997e-07,3.77859e-07,3.49742e-07,3.0946e-07,2.68442e-07,2.32697e-07
4.73741e-07,4.88991e-07,4.57362e-07,4.4775e-07,4.25522e-07,4.07632e-07,3.71561e-07,3.43658e-07,3.03529e-07,2.63193e-07,2.2848e-07
4.66236e-07,4.80331e-07,4.51492e-07,4.40035e-07,4.18709e-07,3.99657e-07,3.65176e-07,3.37897e-07,2.98629e-07,2.58514e-07,2.23527e-07
4.59325e-07,4.71423e-07,4.42237e-07,4.32232e-07,4.10585e-07,3.92364e-07,3.58804e-07,3.31663e-07,2.92834e-07,2.53705e-07,2.1948e-07
4.52274e-07,4.63969e-07,4.35432e-07,4.25329e-07,4.03583e-07,3.85461e-07,3.51832e-07,3.25652e-07,2.87516e-07,2.48952e-07,2.15163e-07
4.43319e-07,4.57107e-07,4.28683e-07,4.18777e-07,3.97628e-07,3.79514e-07,3.45719e-07,3.19668e-07,2.83423e-07,2.44776e-07,2.10888e-07
4.35479e-07,4.49172e-07,4.20982e-07,4.1192e-07,3.90049e-07,3.72675e-07,3.39731e-07,3.14297e-07,2.77917e-07,2.39868e-07,2.06821e-07
4.29377e-07,4.42417e-07,4.1336e-07,4.05448e-07,3.85021e-07,3.66425e-07,3.34175e-07,3.0861e-07,2.72624e-07,2.35443e-07,2.03389e-07
4.21824e-07,4.34592e-07,4.07378e-07,3.9838e-07,3.77347e-07,3.60281e-07,3.27974e-07,3.03875e-07,2.67598e-07,2.31115e-07,1.98827e-07
4.15043e-07,4.26402e-07,4.01012e-07,3.9098e-07,3.7237e-07,3.54716e-07,3.22898e-07,2.98329e-07,2.63437e-07,2.27047e-07,1.9521e-07
4.08689e-07,4.19212e-07,3.93702e-07,3.8576e-07,3.66041e-07,3.48463e-07,3.17213e-07,2.93298e-07,2.58911e-07,2.22991e-07,1.91456e-07
4.0195e-07,4.14258e-07,3.87031e-07,3.78434e-07,3.59267e-07,3.43475e-07,3.11925e-07,2.88058e-07,2.53682e-07,2.18708e-07,1.8776e-07
3.95242e-07,4.06525e-07,3.80731e-07,3.73556e-07,3.54725e-07,3.3678e-07,3.06428e-07,2.82906e-07,2.50492e-07,2.15014e-07,1.84201e-07
3.88322e-07,3.98974e-07,3.74283e-07,3.67022e-07,3.47861e-07,3.31847e-07,3.01032e-07,2.78235e-07,2.45312e-07,2.10876e-07,1.80737e-07
3.83297e-07,3.93636e-07,3.68203e-07,3.62461e-07,3.42118e-07,3.26468e-07,2.95933e-07,2.73781e-07,2.40497e-07,2.0713e-07,1.7748e-07
3.76502e-07,3.86039e-07,3.62072e-07,3.55702e-07,3.38137e-07,3.20895e-07,2.91298e-07,2.69279e-07,2.36938e-07,2.03732e-07,1.74243e-07
3.70111e-07,3.80734e-07,3.56081e-07,3.50055e-07,3.32446e-07,3.15871e-07,2.86771e-07,2.65062e-07,2.33075e-07,2.00077e-07,1.71467e-07
3.63707e-07,3.74681e-07,3.51316e-07,3.43865e-07,3.2658e-07,3.11082e-07,2.81978e-07,2.60882e-07,2.29531e-07,1.96603e-07,1.6757e-07
3.58128e-07,3.68181e-07,3.44942e-07,3.39507e-07,3.2142e-07,3.05578e-07,2.77075e-07,2.56078e-07,2.25794e-07,1.93073e-07,1.64753e-07
3.53437e-07,3.61616e-07,3.401e-07,3.33761e-07,3.15517e-07,2.99978e-07,2.73144e-07,2.52222e-07,2.21935e-07,1.8962e-07,1.61767e-07
3.46459e-07,3.56772e-07,3.3573e-07,3.29905e-07,3.1181e-07,2.94806e-07,2.69023e-07,2.48323e-07,2.18515e-07,1.86423e-07,1.5857e-07
3.41084e-07,3.50805e-07,3.28902e-07,3.2326e-07,3.06041e-07,2.91529e-07,2.64464e-07,2.44353e-07,2.14584e-07,1.82701e-07,1.55637e-07
3.3819e-07,3.45201e-07,3.23687e-07,3.18637e-07,3.01953e-07,2.86236e-07,2.60769e-07,2.40074e-07,2.11003e-07,1.79521e-07,1.52221e-07
3.30617e-07,3.39866e-07,3.19936e-07,3.13574e-07,2.97075e-07,2.8204e-07,2.56682e-07,2.36607e-07,2.07665e-07,1.76817e-07,1.50052e-07
3.27108e-07,3.33834e-07,3.13094e-07,3.09498e-07,2.92339e-07,2.77859e-07,2.52618e-07,2.32102e-07,2.03775e-07,1.73312e-07,1.47555e-07
3.21082e-07,3.28488e-07,3.07142e-07,3.04378e-07,2.88509e-07,2.73233e-07,2.48263e-07,2.29114e-07,2.00255e-07,1.70718e-07,1.44908e-07
3.1651e-07,3.24708e-07,3.05052e-07,2.99493e-07,2.84049e-07,2.69252e-07,2.44735e-07,2.25019e-07,1.97846e-07,1.6779e-07,1.42088e-07
3.115e-07,3.18656e-07,2.98387e-07,2.94795e-07,2.78972e-07,2.6536e-07,2.41101e-07,2.21963e-07,1.94556e-07,1.64908e-07,1.3975e-07
3.06182e-07,3.14132e-07,2.93796e-07,2.91246e-07,2.75081e-07,2.60826e-07,2.37367e-07,2.19135e-07,1.91628e-07,1.62248e-07,1.37096e-07
3.00618e-07,3.07488e-07,2.90763e-07,2.85052e-07,2.71768e-07,2.57683e-07,2.32543e-07,2.14659e-07,1.8782e-07,1.59649e-07,1.34729e-07
2.96551e-07,3.04324e-07,2.86338e-07,2.82547e-07,2.67238e-07,2.53035e-07,2.29924e-07,2.11463e-07,1.84581e-07,1.56756e-07,1.31837e-07
2.91429e-07,2.99504e-07,2.8192e-07,2.78161e-07,2.62805e-07,2.49707e-07,2.26416e-07,2.0794e-07,1.81946e-07,1.54172e-07,1.30077e-07
2.87373e-07,2.94882e-07,2.76737e-07,2.74843e-07,2.59242e-07,2.45291e-07,2.2218e-07,2.04628e-07,1.79231e-07,1.51734e-07,1.27711e-07
2.83396e-07,2.88977e-07,2.72085e-07,2.69575e-07,2.55134e-07,2.41817e-07,2.19145e-07,2.01509e-07,1.76089e-07,1.49591e-07,1.25639e-07
2.78715e-07,2.83273e-07,2.68239e-07,2.65567e-07,2.52761e-07,2.38494e-07,2.16976e-07,1.98495e-07,1.7397e-07,1.47335e-07,1.23357e-07
2.75006e-07,2.80516e-07,2.64279e-07,2.62856e-07,2.48827e-07,2.34401e-07,2.13143e-07,1.95668e-07,1.70398e-07,1.4451e-07,1.21223e-07
2.71225e-07,2.76685e-07,2.60617e-07,2.58288e-07,2.4427e-07,2.31204e-07,2.10142e-07,1.92157e-07,1.68321e-07,1.42081e-07,1.18988e-07
2.65885e-07,2.72309e-07,2.56903e-07,2.54201e-07,2.40857e-07,2.27747e-07,2.06447e-07,1.89496e-07,1.65189e-07,1.3971e-07,1.1704e-07
2.62507e-07,2.68409e-07,2.5289e-07,2.50695e-07,2.36526e-07,2.24017e-07,2.04179e-07,1.86571e-07,1.62848e-07,1.37365e-07,1.14586e-07
2.5745e-07,2.63635e-07,2.49982e-07,2.46324e-07,2.34119e-07,2.20851e-07,2.01248e-07,1.83713e-07,1.60215e-07,1.35606e-07,1.13186e-07
2.54315e-07,2.61041e-07,2.45153e-07,2.43786e-07,2.30953e-07,2.18211e-07,1.97644e-07,1.81138e-07,1.5761e-07,1.33321e-07,1.11276e-07
2.51851e-07,2.56872e-07,2.40806e-07,2.39859e-07,2.28055e-07,2.15234e-07,1.95329e-07,1.78458e-07,1.55469e-07,1.31417e-07,1.09362e-07
2.46871e-07,2.53629e-07,2.38523e-07,2.37269e-07,2.24129e-07,2.11861e-07,1.91835e-07,1.75767e-07,1.53116e-07,1.29277e-07,1.07691e-07
2.43428e-07,2.49011e-07,2.3522e-07,2.33425e-07,2.19791e-07,2.08515e-07,1.89699e-07,1.72793e-07,1.50474e-07,1.26897e-07,1.05917e-07
2.39895e-07,2.44534e-07,2.30893e-07,2.29477e-07,2.16961e-07,2.05735e-07,1.86516e-07,1.70863e-07,1.48189e-07,1.24804e-07,1.04166e-07
2.35835e-07,2.41769e-07,2.27391e-07,2.27357e-07,2.1425e-07,2.02143e-07,1.84733e-07,1.68854e-07,1.46391e-07,1.23101e-07,1.02436e-07
2.32493e-07,2.3835e-07,2.2501e-07,2.2288e-07,2.12325e-07,1.99948e-07,1.82023e-07,1.6504e-07,1.44182e-07,1.21302e-07,1.00236e-07
2.29249e-07,2.35357e-07,2.22024e-07,2.21103e-07,2.08384e-07,1.96344e-07,1.79885e-07,1.63028e-07,1.4254e-07,1.19658e-07,9.93704e-08
2.26193e-07,2.30391e-07,2.18239e-07,2.17103e-07,2.06171e-07,1.94152e-07,1.77291e-07,1.6114e-07,1.40186e-07,1.17474e-07,9.73202e-08
2.22744e-07,2.27576e-07,2.14348e-07,2.14006e-07,2.03621e-07,1.90595e-07,1.74927e-07,1.59067e-07,1.37585e-07,1.15662e-07,9.59635e-08
2.19444e-07,2.25485e-07,2.1229e-07,2.11093e-07,2.00156e-07,1.88608e-07,1.71673e-07,1.56379e-07,1.35491e-07,1.13925e-07,9.42137e-08
2.15489e-07,2.22113e-07,2.08763e-07,2.07527e-07,1.9701e-07,1.8578e-07,1.68488e-07,1.54106e-07,1.33881e-07,1.11773e-07,9.22888e-08
2.13109e-07,2.19272e-07,2.05873e-07,2.05556e-07,1.94253e-07,1.83386e-07,1.66983e-07,1.519e-07,1.32072e-07,1.10524e-07,9.1093e-08
2.09407e-07,2.15705e-07,2.02716e-07,2.02348e-07,1.91192e-07,1.8064e-07,1.64552e-07,1.5016e-07,1.29788e-07,1.08608e-07,8.95775e-08
2.06867e-07,2.1174e-07,1.99473e-07,1.99463e-07,1.89228e-07,1.78271e-07,1.6219e-07,1.47877e-07,1.27614e-07,1.07044e-07,8.82946e-08
2.04017e-07,2.08078e-07,1.97627e-07,1.96705e-07,1.86517e-07,1.75055e-07,1.60531e-07,1.45201e-07,1.25861e-07,1.05419e-07,8.67536e-08
2.01055e-07,2.05888e-07,1.94643e-07,1.95063e-07,1.84518e-07,1.7329e-07,1.57455e-07,1.43936e-07,1.23759e-07,1.03868e-07,8.55353e-08
1.98113e-07,2.02439e-07,1.91854e-07,1.91008e-07,1.81566e-07,1.70349e-07,1.55923e-07,1.4149e-07,1.22065e-07,1.02287e-07,8.39608e-08
1.94643e-07,1.98566e-07,1.89382e-07,1.89273e-07,1.78192e-07,1.67786e-07,1.53981e-07,1.39195e-07,1.20666e-07,1.00966e-07,8.28728e-08
1.921e-07,1.96581e-07,1.87031e-07,1.86072e-07,1.76854e-07,1.65947e-07,1.51864e-07,1.37278e-07,1.18647e-07,9.95536e-08,8.13649e-08
1.89297e-07,1.94024e-07,1.83852e-07,1.8383e-07,1.74308e-07,1.63521e-07,1.49517e-07,1.35339e-07,1.17087e-07,9.77038e-08,8.00918e-08
1.86455e-07,1.91437e-07,1.80686e-07,1.80942e-07,1.71924e-07,1.61728e-07,1.47538e-07,1.33588e-07,1.15436e-07,9.63095e-08,7.85595e-08
1.83705e-07,1.88063e-07,1.78975e-07,1.78462e-07,1.70191e-07,1.58939e-07,1.45783e-07,1.3213e-07,1.13684e-07,9.49767e-08,7.75637e-08
1.80399e-07,1.86627e-07,1.76268e-07,1.7681e-07,1.67869e-07,1.57271e-07,1.43609e-07,1.30404e-07,1.1209e-07,9.36141e-08,7.64633e-08
1.78357e-07,1.82613e-07,1.74167e-07,1.72986e-07,1.64973e-07,1.54574e-07,1.41873e-07,1.28191e-07,1.10426e-07,9.19554e-08,7.52797e-08
1.77111e-07,1.79856e-07,1.7201e-07,1.71755e-07,1.62881e-07,1.52462e-07,1.40371e-07,1.26165e-07,1.09201e-07,9.08765e-08,7.39382e-08
1.74669e-07,1.77345e-07,1.68961e-07,1.68629e-07,1.60751e-07,1.50024e-07,1.38018e-07,1.25035e-07,1.07282e-07,8.90962e-08,7.27502e-08
1.7156e-07,1.74943e-07,1.66239e-07,1.65978e-07,1.58515e-07,1.48614e-07,1.35924e-07,1.22872e-07,1.05906e-07,8.78337e-08,7.16208e-08
1.69576e-07,1.72073e-07,1.64527e-07,1.63981e-07,1.57064e-07,1.46153e-07,1.34569e-07,1.20935e-07,1.04543e-07,8.70514e-08,7.05848e-08
1.66532e-07,1.69569e-07,1.62726e-07,1.61791e-07,1.54945e-07,1.44903e-07,1.32651e-07,1.19216e-07,1.02665e-07,8.51269e-08,6.91301e-08
1.64391e-07,1.67905e-07,1.59161e-07,1.60385e-07,1.52709e-07,1.42197e-07,1.30777e-07,1.18064e-07,1.01342e-07,8.41549e-08,6.84939e-08
1.61199e-07,1.65617e-07,1.57716e-07,1.58512e-07,1.5068e-07,1.40709e-07,1.28288e-07,1.1648e-07,1.00442e-07,8.29742e-08,6.72286e-08
