-0.00263124,-0.00266602,-0.00274251,-0.00284409,-0.00297333,-0.00311414,-0.00326641,-0.00340897,-0.00352774,-0.00361315,-0.00363964
-0.00278042,-0.00280823,-0.00286516,-0.00294227,-0.00304014,-0.00315135,-0.00326888,-0.00337572,-0.00345986,-0.00350665,-0.00350158
-0.00289109,-0.00290612,-0.002951,-0.00300836,-0.0030815,-0.00316351,-0.0032516,-0.00332809,-0.00337723,-0.00339519,-0.00336172
-0.00293383,-0.00294593,-0.00297396,-0.00301531,-0.00306644,-0.003126,-0.00318611,-0.00323555,-0.00325821,-0.00324861,-0.00319165
-0.00298795,-0.00299581,-0.00301296,-0.00304063,-0.00307354,-0.0031129,-0.00314979,-0.00317501,-0.0031737,-0.00314078,-0.0030637
-0.00303721,-0.00304195,-0.0030497,-0.00306613,-0.00308262,-0.00310421,-0.00312184,-0.00312671,-0.00310304,-0.00305071,-0.00295553
-0.00304366,-0.003045,-0.0030447,-0.00305132,-0.00305547,-0.00306157,-0.0030608,-0.00304673,-0.0030058,-0.00293627,-0.00282825
-0.0030491,-0.00304785,-0.00304143,-0.0030395,-0.00303224,-0.00302543,-0.00300925,-0.0029793,-0.0029225,-0.00283849,-0.00271872
-0.00304992,-0.00304577,-0.00303431,-0.0030252,-0.00300784,-0.00298894,-0.00295958,-0.00291529,-0.00284477,-0.00274786,-0.00261787
-0.00304227,-0.00303651,-0.00302018,-0.00300478,-0.00297895,-0.00294948,-0.00290914,-0.00285227,-0.00276976,-0.00266158,-0.00252298
-0.00302032,-0.00301254,-0.00299344,-0.00297212,-0.00293895,-0.00290099,-0.00285067,-0.00278315,-0.00269062,-0.00257336,-0.00242783
-0.00300122,-0.00299116,-0.00296977,-0.00294336,-0.00290379,-0.00285744,-0.00279853,-0.00272138,-0.00262006,-0.00249493,-0.00234298
-0.00297166,-0.00296039,-0.00293599,-0.00290546,-0.00286041,-0.00280756,-0.00274074,-0.00265538,-0.00254667,-0.00241497,-0.00225874
-0.00294076,-0.00292815,-0.00290116,-0.00286696,-0.00281729,-0.0027582,-0.00268495,-0.00259282,-0.00247742,-0.00233976,-0.00217967
-0.00290533,-0.00289196,-0.00286299,-0.00282555,-0.00277192,-0.00270731,-0.00262831,-0.00252999,-0.00240917,-0.00226683,-0.00210358
-0.00287361,-0.00285885,-0.00282906,-0.00278807,-0.00273085,-0.00266136,-0.00257688,-0.0024731,-0.00234724,-0.00220095,-0.00203492
-0.00283709,-0.00282129,-0.00279106,-0.0027472,-0.00268651,-0.00261332,-0.00252398,-0.00241525,-0.00228574,-0.00213619,-0.00196834
-0.00279416,-0.00277798,-0.00274548,-0.00269941,-0.00263649,-0.00255947,-0.0024666,-0.00235337,-0.0022208,-0.00206898,-0.00189993
-0.00275511,-0.00273833,-0.00270422,-0.00265641,-0.00259104,-0.00251071,-0.0024145,-0.00229749,-0.00216183,-0.00200824,-0.00183835
-0.00271985,-0.00270232,-0.00266775,-0.00261715,-0.00254927,-0.00246593,-0.0023664,-0.00224607,-0.00210779,-0.00195244,-0.00178189
-0.00267966,-0.00266146,-0.00262542,-0.00257343,-0.00250365,-0.00241775,-0.00231526,-0.00219205,-0.00205195,-0.00189515,-0.0017247
-0.00264527,-0.00262618,-0.00258985,-0.00253569,-0.00246373,-0.0023751,-0.00226954,-0.00214457,-0.00200312,-0.00184465,-0.0016739
-0.00260671,-0.00258686,-0.0025487,-0.00249357,-0.00242068,-0.00232936,-0.00222148,-0.00209375,-0.00195101,-0.00179214,-0.00162163
-0.002571,-0.00255043,-0.00251415,-0.00245631,-0.00238088,-0.00228857,-0.00217875,-0.00204801,-0.00190523,-0.0017447,-0.00157491
-0.00253726,-0.00251582,-0.00247652,-0.00241787,-0.00234133,-0.00224608,-0.00213485,-0.00200375,-0.00185797,-0.00169836,-0.00152834
-0.00249156,-0.00247044,-0.00243103,-0.00237123,-0.00229323,-0.00219725,-0.00208394,-0.00195146,-0.0018059,-0.00164601,-0.00147796
-0.00246347,-0.00244237,-0.00240154,-0.00234034,-0.00226149,-0.00216305,-0.00204777,-0.00191391,-0.00176814,-0.00160665,-0.0014397
-0.00242595,-0.00240354,-0.00236306,-0.0023,-0.00221924,-0.0021203,-0.00200412,-0.00186991,-0.00172221,-0.0015627,-0.00139637
-0.00239206,-0.00236997,-0.00232833,-0.0022651,-0.00218308,-0.00208215,-0.00196488,-0.00182901,-0.001682,-0.00152188,-0.0013568
-0.00236209,-0.00233985,-0.00229836,-0.00223395,-0.00215066,-0.00204914,-0.00193049,-0.00179315,-0.0016462,-0.00148573,-0.00132148
-0.00232663,-0.00230415,-0.00226108,-0.00219603,-0.00211197,-0.00200859,-0.00188926,-0.00175215,-0.0016047,-0.00144541,-0.00128261
-0.0022915,-0.00226875,-0.00222499,-0.00215936,-0.00207448,-0.00197067,-0.00185018,-0.00171318,-0.00156537,-0.00140735,-0.00124578
-0.00225989,-0.00223706,-0.00219265,-0.0021262,-0.00204051,-0.00193575,-0.0018145,-0.00167723,-0.00152956,-0.00137224,-0.00121187
-0.00222763,-0.00220463,-0.00215967,-0.00209264,-0.00200622,-0.00190085,-0.00177902,-0.00164172,-0.00149422,-0.0013378,-0.00117883
-0.00219903,-0.00217553,-0.00213031,-0.00206185,-0.00197469,-0.00186885,-0.0017465,-0.00160955,-0.00146174,-0.00130654,-0.00114873
-0.00216561,-0.00214238,-0.0020963,-0.00202813,-0.00194049,-0.00183392,-0.00171116,-0.00157415,-0.00142726,-0.00127279,-0.0011166
-0.00213348,-0.00211023,-0.00206381,-0.0019954,-0.00190728,-0.00180025,-0.00167726,-0.00154042,-0.00139434,-0.00124096,-0.00108633
-0.00210181,-0.00207827,-0.00203165,-0.00196296,-0.00187438,-0.00176718,-0.00164403,-0.00150764,-0.00136229,-0.00121014,-0.0010571
-0.00207087,-0.00204712,-0.00200022,-0.00193132,-0.00184245,-0.00173505,-0.00161182,-0.00147599,-0.00133138,-0.0011804,-0.00102903
-0.00204076,-0.00201686,-0.00196958,-0.00190088,-0.00181158,-0.00170356,-0.00158095,-0.00144547,-0.00130152,-0.00115199,-0.00100233
-0.00200792,-0.00198415,-0.00193692,-0.00186782,-0.00177845,-0.00167097,-0.0015483,-0.0014137,-0.00127083,-0.0011227,-0.00097467
-0.00197664,-0.0019528,-0.00190552,-0.00183643,-0.00174702,-0.00163956,-0.00151725,-0.00138346,-0.00124161,-0.00109497,-0.000948648
-0.00194579,-0.00192195,-0.00187461,-0.00180555,-0.00171606,-0.00160883,-0.0014869,-0.00135399,-0.00121322,-0.00106808,-0.000923634
-0.00191456,-0.00189075,-0.00184339,-0.00177439,-0.00168515,-0.00157809,-0.00145673,-0.00132473,-0.00118516,-0.00104153,-0.000898776
-0.00188528,-0.00186185,-0.00181421,-0.00174552,-0.00165614,-0.00154936,-0.00142867,-0.00129765,-0.00115898,-0.00101663,-0.000875451
-0.00185306,-0.0018293,-0.00178205,-0.00171327,-0.00162456,-0.00151825,-0.00139806,-0.00126811,-0.00113111,-0.000990668,-0.000851636
-0.00182273,-0.00179909,-0.00175193,-0.00168351,-0.00159505,-0.00148921,-0.0013696,-0.00124077,-0.00110512,-0.000966439,-0.000829114
-0.00179264,-0.00176918,-0.00172209,-0.00165372,-0.00156572,-0.00146033,-0.00134161,-0.00121403,-0.00107968,-0.000942444,-0.000807208
-0.00176254,-0.00173896,-0.00169208,-0.00162388,-0.00153657,-0.00143178,-0.00131402,-0.00118728,-0.00105464,-0.000919116,-0.000785886
-0.00173312,-0.00170968,-0.00166293,-0.00159524,-0.00150838,-0.00140419,-0.00128713,-0.00116164,-0.00103048,-0.000896816,-0.0007653
-0.00170312,-0.00167982,-0.00163323,-0.00156564,-0.00147949,-0.0013761,-0.00126021,-0.00113584,-0.0010063,-0.000874238,-0.000744894
-0.00167347,-0.00165027,-0.00160408,-0.00153695,-0.00145126,-0.00134887,-0.00123378,-0.00111063,-0.000982631,-0.000852753,-0.000725146
-0.00164588,-0.00162295,-0.00157693,-0.00151004,-0.001425,-0.00132313,-0.00120908,-0.00108731,-0.000960786,-0.000832494,-0.000706976
-0.00161515,-0.00159248,-0.00154666,-0.00148026,-0.00139605,-0.00129528,-0.00118234,-0.00106201,-0.000937173,-0.000810718,-0.000687049
-0.00158619,-0.00156366,-0.00151812,-0.00145219,-0.0013687,-0.00126888,-0.00115713,-0.00103818,-0.000914912,-0.00079035,-0.000668667
-0.0015592,-0.00153693,-0.00149162,-0.00142616,-0.00134315,-0.00124453,-0.0011337,-0.00101593,-0.000894251,-0.000771477,-0.000651765
-0.00153111,-0.00150905,-0.00146394,-0.00139907,-0.001317,-0.00121895,-0.00110962,-0.0009933,-0.000873374,-0.000752084,-0.000633874
-0.00150253,-0.0014804,-0.00143591,-0.00137136,-0.00129028,-0.00119345,-0.00108526,-0.000970408,-0.000852058,-0.000733021,-0.000617155
-0.00147477,-0.00145288,-0.00140874,-0.00134474,-0.0012645,-0.0011687,-0.00106188,-0.000948382,-0.000831776,-0.000714602,-0.000600711
-0.00144898,-0.00142718,-0.00138342,-0.00131987,-0.00124047,-0.00114573,-0.00104003,-0.000927852,-0.00081292,-0.000697496,-0.000585426
-0.00142372,-0.0014021,-0.00135881,-0.00129584,-0.00121706,-0.00112307,-0.00101877,-0.000908295,-0.000794451,-0.000680662,-0.000570563
-0.00139525,-0.00137383,-0.00133097,-0.00126861,-0.00119095,-0.00109839,-0.000995423,-0.000886154,-0.000774528,-0.000662855,-0.000554662
-0.00136876,-0.00134756,-0.00130511,-0.00124337,-0.00116663,-0.00107529,-0.000973663,-0.000865894,-0.000755953,-0.000646134,-0.000539884
-0.00134379,-0.00132286,-0.00128081,-0.00121974,-0.00114359,-0.00105365,-0.000953152,-0.000846715,-0.00073845,-0.000630491,-0.000526189
-0.00131782,-0.00129704,-0.00125551,-0.00119502,-0.00112007,-0.001031,-0.000932079,-0.000827242,-0.0007206,-0.000614407,-0.0005119
-0.00129464,-0.0012741,-0.00123287,-0.00117303,-0.00109891,-0.00101093,-0.000913196,-0.000809643,-0.000704563,-0.000600028,-0.000499251
-0.0012701,-0.00124959,-0.0012089,-0.00114975,-0.00107658,-0.000989599,-0.000893314,-0.000791324,-0.000687807,-0.000585075,-0.000486147
-0.00124498,-0.00122479,-0.00118463,-0.00112619,-0.00105392,-0.000968214,-0.000873337,-0.000772858,-0.000671079,-0.000570081,-0.000473088
-0.0012226,-0.00120253,-0.00116297,-0.00110517,-0.00103365,-0.000949209,-0.000855431,-0.000756476,-0.000655996,-0.000556683,-0.000461383
-0.00119795,-0.00117821,-0.00113902,-0.00108195,-0.00101143,-0.000928101,-0.0008359,-0.000738423,-0.000639789,-0.000542251,-0.000448811
-0.00117498,-0.00115553,-0.00111672,-0.00106044,-0.000990806,-0.000908656,-0.000817782,-0.000721814,-0.000624664,-0.000528852,-0.00043717
-0.00115361,-0.00113419,-0.00109619,-0.00104041,-0.00097164,-0.000890442,-0.000800998,-0.000706083,-0.000610785,-0.000516564,-0.00042643
-0.00113013,-0.00111118,-0.0010735,-0.0010186,-0.000950752,-0.000870977,-0.000782639,-0.000689686,-0.000595753,-0.000503149,-0.00041484
-0.00110734,-0.0010885,-0.00105135,-0.000997292,-0.000930394,-0.000851635,-0.000764887,-0.000673312,-0.000580981,-0.000490177,-0.000403654
-0.00108569,-0.00106709,-0.00103046,-0.000977162,-0.000911143,-0.000833532,-0.000748108,-0.00065801,-0.000567206,-0.000478018,-0.000393168
-0.00106578,-0.00104768,-0.00101135,-0.000958812,-0.000893553,-0.000817105,-0.000732859,-0.000644073,-0.000554802,-0.000466978,-0.000383662
-0.00104377,-0.00102564,-0.000989993,-0.000938217,-0.000873956,-0.000798582,-0.000715764,-0.000628548,-0.000540734,-0.000454714,-0.000373135
-0.00102329,-0.00100542,-0.000970261,-0.000919237,-0.000855866,-0.000781608,-0.000700089,-0.000614297,-0.000527952,-0.000443481,-0.000363496
-0.00100325,-0.000985625,-0.000950965,-0.000900686,-0.00083819,-0.000765045,-0.000684787,-0.000600408,-0.00051552,-0.000432569,-0.000354151
-0.000983495,-0.00096612,-0.000931929,-0.000882428,-0.000820808,-0.000748758,-0.000669781,-0.000586783,-0.000503345,-0.000421904,-0.000345018
-0.000964551,-0.000947363,-0.000913733,-0.000864891,-0.000804155,-0.000733197,-0.000655395,-0.000573779,-0.000491691,-0.000411766,-0.000336313
-0.000945567,-0.000928633,-0.000895474,-0.000847403,-0.000787453,-0.000717681,-0.000641098,-0.000560813,-0.000480144,-0.000401628,-0.000327704
-0.000926645,-0.000910012,-0.000877263,-0.000829995,-0.000770958,-0.000702152,-0.000626854,-0.000547945,-0.000468714,-0.00039164,-0.000319191
-0.000909022,-0.000892557,-0.000860252,-0.000813739,-0.000755566,-0.000687866,-0.000613632,-0.000536098,-0.000458101,-0.00038239,-0.000311326
-0.000891134,-0.000874882,-0.000843112,-0.000797216,-0.000739929,-0.000673174,-0.000600196,-0.000523897,-0.000447355,-0.000373035,-0.000303342
-0.000873435,-0.000857519,-0.000826124,-0.000781035,-0.000724511,-0.000658883,-0.000587086,-0.000512112,-0.000436885,-0.000363916,-0.000295633
-0.000855508,-0.000839838,-0.000808995,-0.000764585,-0.000708967,-0.000644369,-0.000573784,-0.000500126,-0.000426255,-0.000354727,-0.00028777
-0.000838367,-0.000822933,-0.000792543,-0.000748842,-0.0006941,-0.000630547,-0.000561144,-0.000488734,-0.000416187,-0.000345991,-0.000280396
-0.000822226,-0.000806977,-0.000777101,-0.000734002,-0.000680076,-0.000617538,-0.000549201,-0.000478021,-0.0004067,-0.000337825,-0.000273421
-0.000805572,-0.000790599,-0.000761129,-0.000718797,-0.000665713,-0.000604163,-0.000537015,-0.00046706,-0.000397024,-0.000329407,-0.000266362
-0.000789539,-0.000774808,-0.000745797,-0.000704133,-0.000651846,-0.000591332,-0.000525271,-0.000456532,-0.000387761,-0.000321396,-0.000259588
-0.000774086,-0.000759559,-0.000730997,-0.000690002,-0.000638543,-0.000578994,-0.000514008,-0.000446439,-0.000378851,-0.000313728,-0.000253135
-0.00075873,-0.000744397,-0.000716323,-0.000675912,-0.000625276,-0.000566726,-0.000502791,-0.00043641,-0.000370022,-0.00030614,-0.000246702
-0.000743604,-0.000729501,-0.000701866,-0.00066211,-0.00061225,-0.0005547,-0.000491832,-0.000426579,-0.000361396,-0.000298704,-0.000240475
-0.000728627,-0.000714769,-0.000687536,-0.000648448,-0.000599414,-0.000542777,-0.000480986,-0.000416889,-0.000352902,-0.000291397,-0.000234322
-0.000714241,-0.000700586,-0.000673783,-0.000635309,-0.000587063,-0.000531352,-0.000470593,-0.000407606,-0.000344756,-0.000284415,-0.000228456
-0.000699968,-0.000686545,-0.000660171,-0.000622323,-0.000574847,-0.000520067,-0.000460349,-0.000398441,-0.000336758,-0.000277538,-0.00022271
-0.000686078,-0.000672861,-0.000646912,-0.000609669,-0.000562972,-0.000509091,-0.000450369,-0.000389554,-0.000328968,-0.000270875,-0.000217131
-0.000672437,-0.000659415,-0.000633881,-0.000597251,-0.000551311,-0.000498323,-0.000440605,-0.00038085,-0.000321361,-0.000264369,-0.000211702
-0.000659188,-0.000646365,-0.000621267,-0.000585197,-0.000540002,-0.0004879,-0.000431149,-0.000372424,-0.000314015,-0.000258105,-0.000206453
-0.000646072,-0.000633439,-0.00060874,-0.000573278,-0.000528813,-0.000477598,-0.000421812,-0.000364135,-0.000306767,-0.000251919,-0.000201286
-0.000633253,-0.000620864,-0.000596535,-0.00056164,-0.000517936,-0.000467559,-0.000412701,-0.00035604,-0.000299725,-0.000245913,-0.000196294
-0.000620828,-0.000608614,-0.000584676,-0.000550343,-0.000507321,-0.000457838,-0.000403932,-0.000348202,-0.00029295,-0.000240125,-0.000191476
-0.000608469,-0.000596475,-0.000572942,-0.000539176,-0.00049688,-0.000448181,-0.000395178,-0.000340497,-0.000286196,-0.00023439,-0.00018672
-0.000596338,-0.000584499,-0.000561351,-0.000528155,-0.000486557,-0.000438696,-0.000386629,-0.000332896,-0.000279613,-0.000228796,-0.000182084
-0.000584613,-0.000572969,-0.000550183,-0.00051753,-0.000476612,-0.000429566,-0.000378375,-0.000325575,-0.000273268,-0.000223414,-0.000177611
-0.000573047,-0.000561579,-0.000539177,-0.00050707,-0.000466828,-0.000420563,-0.000370278,-0.000318411,-0.000267051,-0.000218136,-0.000173225
-0.000561829,-0.000550533,-0.0005285,-0.000496918,-0.000457341,-0.000411845,-0.000362402,-0.000311465,-0.000261018,-0.000213049,-0.000169004
-0.000550743,-0.000539658,-0.000518006,-0.000486918,-0.000448003,-0.000403281,-0.000354722,-0.000304642,-0.000255152,-0.000208044,-0.00016488
-0.000539915,-0.000528974,-0.000507658,-0.000477103,-0.000438834,-0.000394871,-0.000347133,-0.000297953,-0.000249342,-0.000203171,-0.000160875
-0.000529207,-0.000518454,-0.000497491,-0.000467434,-0.000429821,-0.000386618,-0.000339693,-0.000291395,-0.000243675,-0.000198383,-0.000156925
-0.000518913,-0.000508318,-0.000487708,-0.000458147,-0.00042116,-0.000378671,-0.000332538,-0.000285096,-0.000238234,-0.000193802,-0.00015317
-0.000508729,-0.000498316,-0.000478044,-0.000448962,-0.000412597,-0.000370834,-0.000325511,-0.000278892,-0.000232884,-0.000189285,-0.000149444
-0.000498883,-0.000488661,-0.000468673,-0.000440076,-0.000404342,-0.000363254,-0.000318679,-0.000272909,-0.000227707,-0.000184931,-0.000145857
-0.000488985,-0.000478939,-0.000459324,-0.000431212,-0.000396037,-0.000355681,-0.00031193,-0.00026694,-0.000222603,-0.000180611,-0.000142327
-0.000479421,-0.000469507,-0.000450211,-0.000422564,-0.000388002,-0.000348316,-0.000305313,-0.000261137,-0.000217594,-0.000176429,-0.000138879
-0.00047014,-0.000460375,-0.0004414,-0.000414197,-0.000380224,-0.000341209,-0.000298922,-0.000255534,-0.000212774,-0.00017239,-0.000135599
-0.000461029,-0.000451426,-0.000432753,-0.00040603,-0.000372604,-0.000334252,-0.000292689,-0.00025006,-0.000208081,-0.000168434,-0.00013234
-0.000451894,-0.000442431,-0.000424086,-0.000397794,-0.000364949,-0.000327265,-0.000286455,-0.000244573,-0.000203381,-0.0001645,-0.000129127
-0.00044327,-0.000434001,-0.000415923,-0.000390064,-0.000357778,-0.000320713,-0.000280556,-0.000239419,-0.000198947,-0.000160811,-0.0001261
-0.000434603,-0.000425512,-0.000407749,-0.000382307,-0.000350569,-0.000314143,-0.000274744,-0.000234278,-0.000194577,-0.000157103,-0.000123115
-0.000426488,-0.000417483,-0.000400057,-0.000374984,-0.000343767,-0.000307935,-0.000269137,-0.000229417,-0.000190398,-0.000153658,-0.000120296
-0.000417962,-0.000409096,-0.000391969,-0.000367355,-0.000336649,-0.000301451,-0.00026339,-0.000224388,-0.000186081,-0.000150045,-0.000117349
-0.000409931,-0.000401226,-0.000384334,-0.000360169,-0.000329973,-0.000295387,-0.000257954,-0.000219613,-0.00018201,-0.000146652,-0.000114586
-0.000402026,-0.000393445,-0.000376853,-0.000353063,-0.000323392,-0.000289379,-0.000252624,-0.000214953,-0.000178027,-0.000143318,-0.000111892
-0.000394325,-0.000385913,-0.000369567,-0.000346194,-0.000317011,-0.000283584,-0.000247408,-0.000210417,-0.000174162,-0.000140107,-0.000109276
-0.000386614,-0.000378347,-0.000362311,-0.000339313,-0.000310623,-0.000277776,-0.000242281,-0.000205907,-0.000170352,-0.00013691,-0.000106705
-0.000379321,-0.000371183,-0.000355401,-0.000332761,-0.0003046,-0.000272272,-0.000237352,-0.000201635,-0.000166693,-0.000133882,-0.000104236
-0.000371907,-0.000363886,-0.000348358,-0.000326125,-0.000298423,-0.000266667,-0.000232366,-0.000197296,-0.000162988,-0.000130812,-0.000101764
-0.000364985,-0.00035708,-0.000341798,-0.00031994,-0.000292675,-0.000261447,-0.000227706,-0.00019324,-0.000159548,-0.000127953,-9.94439e-05
-0.000358017,-0.000350236,-0.000335242,-0.000313709,-0.0002869,-0.000256218,-0.000223066,-0.000189198,-0.000156102,-0.000125095,-9.71533e-05
-0.000351096,-0.000343452,-0.000328692,-0.000307552,-0.000281204,-0.000251024,-0.000218459,-0.000185177,-0.000152707,-0.000122283,-9.4877e-05
-0.000344543,-0.000337018,-0.000322493,-0.000301697,-0.000275795,-0.000246101,-0.000214091,-0.000181393,-0.000149475,-0.00011961,-9.27332e-05
-0.000337942,-0.000330576,-0.00031627,-0.000295855,-0.000270345,-0.00024118,-0.000209718,-0.000177592,-0.000146272,-0.000116942,-9.05513e-05
-0.000331487,-0.00032423,-0.000310185,-0.000290077,-0.00026502,-0.00023634,-0.00020544,-0.000173866,-0.000143106,-0.000114342,-8.84987e-05
-0.000325333,-0.000318198,-0.000304376,-0.000284596,-0.000259963,-0.00023176,-0.000201354,-0.00017034,-0.000140105,-0.00011187,-8.65125e-05
-0.000319134,-0.000312113,-0.000298522,-0.000279077,-0.000254852,-0.000227127,-0.000197247,-0.000166779,-0.000137089,-0.000109392,-8.45166e-05
-0.000313142,-0.00030625,-0.000292885,-0.000273762,-0.000249936,-0.000222672,-0.000193289,-0.000163356,-0.000134213,-0.000107,-8.25999e-05
-0.000307304,-0.000300515,-0.000287347,-0.000268543,-0.00024513,-0.000218315,-0.000189438,-0.00016,-0.000131378,-0.00010467,-8.07415e-05
-0.000301521,-0.000294834,-0.000281929,-0.000263414,-0.000240386,-0.000214036,-0.000185647,-0.000156732,-0.000128607,-0.000102394,-7.89134e-05
-0.000295896,-0.000289299,-0.000276592,-0.000258389,-0.000235742,-0.000209805,-0.000181931,-0.000153524,-0.000125896,-0.000100157,-7.71353e-05
-0.000290311,-0.000283884,-0.000271362,-0.000253485,-0.000231214,-0.000205713,-0.000178296,-0.000150377,-0.000123257,-9.7981e-05,-7.53929e-05
-0.00028482,-0.000278472,-0.000266173,-0.000248586,-0.00022667,-0.000201634,-0.000174684,-0.000147259,-0.000120616,-9.58222e-05,-7.36819e-05
-0.000279548,-0.000273327,-0.000261222,-0.000243927,-0.000222385,-0.00019775,-0.000171251,-0.000144298,-0.000118126,-9.37772e-05,-7.20414e-05
-0.000274448,-0.000268299,-0.000256396,-0.000239388,-0.000218208,-0.000193947,-0.000167904,-0.000141409,-0.000115705,-9.17933e-05,-7.0458e-05
-0.000269428,-0.000263404,-0.000251711,-0.000234964,-0.000214097,-0.000190265,-0.000164644,-0.00013858,-0.000113328,-8.98487e-05,-6.892e-05
-0.000264528,-0.0002586,-0.000247066,-0.00023058,-0.000210076,-0.000186641,-0.000161426,-0.000135839,-0.000111,-8.79393e-05,-6.73969e-05
-0.000259438,-0.000253578,-0.000242269,-0.000226077,-0.000205914,-0.00018287,-0.000158128,-0.000132979,-0.000108612,-8.59801e-05,-6.58474e-05
-0.000254682,-0.000248919,-0.000237814,-0.000221852,-0.000202037,-0.000179374,-0.000155046,-0.000130331,-0.000106376,-8.41671e-05,-6.44015e-05
-0.000249925,-0.000244269,-0.000233324,-0.000217649,-0.000198156,-0.000175873,-0.000151955,-0.000127671,-0.000104153,-8.23422e-05,-6.29604e-05
-0.000245373,-0.000239813,-0.000229043,-0.000213627,-0.000194457,-0.000172534,-0.000149013,-0.00012514,-0.000102033,-8.06082e-05,-6.15864e-05
-0.000240916,-0.000235474,-0.000224869,-0.000209709,-0.000190835,-0.000169273,-0.000146147,-0.000122681,-9.99684e-05,-7.89253e-05,-6.02525e-05
-0.00023659,-0.000231221,-0.000220786,-0.000205853,-0.000187288,-0.000166087,-0.000143324,-0.000120275,-9.79415e-05,-7.72764e-05,-5.89506e-05
-0.000232301,-0.000227016,-0.000216757,-0.00020208,-0.000183804,-0.000162958,-0.000140572,-0.000117885,-9.59612e-05,-7.56566e-05,-5.76729e-05
-0.000228031,-0.00022284,-0.000212742,-0.000198291,-0.00018034,-0.000159819,-0.000137828,-0.000115539,-9.399e-05,-7.40557e-05,-5.64056e-05
-0.000223861,-0.000218739,-0.000208811,-0.000194609,-0.000176942,-0.000156767,-0.000135146,-0.000113237,-9.20615e-05,-7.24907e-05,-5.51689e-05
-0.000219949,-0.000214905,-0.000205138,-0.00019116,-0.000173764,-0.000153901,-0.000132635,-0.00011108,-9.02621e-05,-7.10261e-05,-5.40174e-05
-0.000215948,-0.000210975,-0.000201376,-0.000187638,-0.000170525,-0.000150995,-0.000130076,-0.000108879,-8.84259e-05,-6.95439e-05,-5.2847e-05
-0.000211947,-0.000207073,-0.000197631,-0.000184089,-0.000167279,-0.000148072,-0.00012751,-0.000106688,-8.6604e-05,-6.80535e-05,-5.16762e-05
-0.000208223,-0.00020343,-0.00019413,-0.000180809,-0.000164246,-0.000145357,-0.000125126,-0.000104642,-8.49082e-05,-6.66737e-05,-5.05957e-05
-0.000204578,-0.000199837,-0.000190713,-0.000177583,-0.00016128,-0.000142699,-0.000122786,-0.000102642,-8.32346e-05,-6.53236e-05,-4.95328e-05
-0.000200837,-0.000196199,-0.00018719,-0.000174309,-0.000158297,-0.000139997,-0.000120428,-0.000100634,-8.15465e-05,-6.39558e-05,-4.8454e-05
-0.000197177,-0.000192604,-0.000183764,-0.000171072,-0.00015532,-0.000137337,-0.000118092,-9.863e-05,-7.98851e-05,-6.26163e-05,-4.74006e-05
-0.000193782,-0.000189263,-0.000180544,-0.000168081,-0.000152558,-0.000134854,-0.000115925,-9.67737e-05,-7.83555e-05,-6.1365e-05,-4.64229e-05
-0.000190272,-0.000185848,-0.00017728,-0.000164982,-0.000149739,-0.000132321,-0.0001137,-9.48843e-05,-7.67694e-05,-6.0094e-05,-4.54278e-05
-0.000186835,-0.000182484,-0.000174049,-0.000161968,-0.000146958,-0.00012983,-0.000111521,-9.30214e-05,-7.52246e-05,-5.88433e-05,-4.44475e-05
-0.00018366,-0.000179367,-0.000171063,-0.000159186,-0.000144398,-0.000127539,-0.000109509,-9.13038e-05,-7.38019e-05,-5.76868e-05,-4.35415e-05
-0.000180327,-0.000176122,-0.000167949,-0.000156242,-0.000141706,-0.000125121,-0.000107403,-8.95082e-05,-7.23041e-05,-5.64926e-05,-4.26088e-05
-0.00017716,-0.000173022,-0.000164978,-0.000153457,-0.000139153,-0.000122832,-0.000105402,-8.78026e-05,-7.08892e-05,-5.53519e-05,-4.17183e-05
-0.000174131,-0.000170041,-0.000162137,-0.000150774,-0.00013671,-0.000120634,-0.000103484,-8.61676e-05,-6.95292e-05,-5.42513e-05,-4.08619e-05
-0.000171109,-0.000167097,-0.000159294,-0.000148136,-0.000134276,-0.00011846,-0.000101595,-8.45526e-05,-6.81927e-05,-5.31765e-05,-4.00247e-05
-0.000168129,-0.00016415,-0.000156492,-0.000145517,-0.000131872,-0.000116315,-9.97102e-05,-8.29478e-05,-6.68648e-05,-5.21107e-05,-3.91889e-05
-0.000165137,-0.000161248,-0.000153698,-0.000142892,-0.000129471,-0.00011416,-9.78332e-05,-8.13496e-05,-6.5544e-05,-5.10524e-05,-3.83669e-05
-0.000162255,-0.000158422,-0.000151001,-0.000140349,-0.000127146,-0.000112079,-9.60145e-05,-7.98107e-05,-6.42691e-05,-5.00225e-05,-3.75637e-05
-0.000159445,-0.000155674,-0.000148366,-0.000137882,-0.000124896,-0.00011006,-9.42551e-05,-7.8314e-05,-6.30286e-05,-4.90285e-05,-3.67913e-05
-0.000156747,-0.000153043,-0.000145833,-0.000135531,-0.000122723,-0.000108132,-9.25553e-05,-7.68729e-05,-6.18445e-05,-4.80745e-05,-3.60501e-05
-0.000154044,-0.000150388,-0.000143298,-0.000133154,-0.000120557,-0.000106183,-9.08803e-05,-7.54497e-05,-6.06592e-05,-4.71241e-05,-3.53109e-05
-0.000151368,-0.000147775,-0.000140795,-0.000130811,-0.000118416,-0.000104269,-8.92008e-05,-7.4021e-05,-5.9485e-05,-4.61873e-05,-3.45818e-05
-0.000148789,-0.00014524,-0.000138378,-0.000128538,-0.000116327,-0.000102408,-8.75803e-05,-7.26461e-05,-5.83505e-05,-4.52804e-05,-3.3878e-05
-0.000146238,-0.000142743,-0.000135982,-0.000126293,-0.000114287,-0.000100575,-8.59919e-05,-7.12997e-05,-5.72396e-05,-4.43868e-05,-3.31855e-05
-0.00014371,-0.000140275,-0.000133628,-0.00012409,-0.000112265,-9.87821e-05,-8.44237e-05,-6.99656e-05,-5.61392e-05,-4.35145e-05,-3.25073e-05
-0.000141298,-0.000137913,-0.000131355,-0.00012198,-0.000110326,-9.7055e-05,-8.29167e-05,-6.86925e-05,-5.50919e-05,-4.26711e-05,-3.18579e-05
-0.000138887,-0.000135569,-0.000129116,-0.000119868,-0.000108402,-9.53343e-05,-8.14215e-05,-6.74276e-05,-5.40514e-05,-4.18466e-05,-3.12151e-05
-0.000136537,-0.000133273,-0.000126919,-0.000117804,-0.00010652,-9.365e-05,-7.99632e-05,-6.61914e-05,-5.30313e-05,-4.10319e-05,-3.05859e-05
-0.000134253,-0.000131031,-0.000124767,-0.000115806,-0.000104697,-9.20216e-05,-7.8545e-05,-6.49954e-05,-5.20424e-05,-4.02422e-05,-2.99768e-05
-0.000131987,-0.00012882,-0.000122653,-0.000113831,-0.000102882,-9.04122e-05,-7.71439e-05,-6.38072e-05,-5.1067e-05,-3.9465e-05,-2.93756e-05
-0.000129727,-0.000126607,-0.000120536,-0.000111853,-0.000101078,-8.88008e-05,-7.57437e-05,-6.26244e-05,-5.00956e-05,-3.86903e-05,-2.87757e-05
-0.000127561,-0.000124476,-0.000118499,-0.000109949,-9.9337e-05,-8.72472e-05,-7.4399e-05,-6.14856e-05,-4.91658e-05,-3.79457e-05,-2.82008e-05
-0.000125419,-0.000122395,-0.000116509,-0.000108084,-9.76367e-05,-8.57346e-05,-7.30841e-05,-6.03734e-05,-4.82518e-05,-3.72223e-05,-2.76414e-05
-0.000123356,-0.000120373,-0.000114582,-0.000106273,-9.59863e-05,-8.4263e-05,-7.18084e-05,-5.9294e-05,-4.73676e-05,-3.65182e-05,-2.7102e-05
-0.000121271,-0.000118335,-0.000112626,-0.000104458,-9.43193e-05,-8.27881e-05,-7.05214e-05,-5.82082e-05,-4.64784e-05,-3.58121e-05,-2.65586e-05
-0.00011928,-0.000116387,-0.00011076,-0.000102721,-9.27417e-05,-8.13773e-05,-6.92991e-05,-5.71786e-05,-4.56319e-05,-3.51381e-05,-2.60399e-05
-0.00011726,-0.000114412,-0.000108875,-0.000100951,-9.11263e-05,-7.99409e-05,-6.80574e-05,-5.61322e-05,-4.47728e-05,-3.4458e-05,-2.55153e-05
-0.000115345,-0.000112539,-0.000107088,-9.92721e-05,-8.95989e-05,-7.85807e-05,-6.68806e-05,-5.51408e-05,-4.39603e-05,-3.38135e-05,-2.50206e-05
-0.000113433,-0.000110671,-0.000105301,-9.76093e-05,-8.80795e-05,-7.72295e-05,-6.57097e-05,-5.41525e-05,-4.31519e-05,-3.31757e-05,-2.45334e-05
-0.0001116,-0.000108872,-0.000103577,-9.60053e-05,-8.66143e-05,-7.59247e-05,-6.45802e-05,-5.3204e-05,-4.23756e-05,-3.25547e-05,-2.40528e-05
-0.000109755,-0.000107075,-0.000101861,-9.43934e-05,-8.51487e-05,-7.46257e-05,-6.34543e-05,-5.22535e-05,-4.15975e-05,-3.19426e-05,-2.35877e-05
-0.000107956,-0.000105316,-0.000100178,-9.28302e-05,-8.37221e-05,-7.33559e-05,-6.23534e-05,-5.13273e-05,-4.08419e-05,-3.13445e-05,-2.31264e-05
-0.000106211,-0.000103614,-9.85561e-05,-9.13026e-05,-8.23316e-05,-7.21217e-05,-6.12869e-05,-5.04307e-05,-4.01085e-05,-3.07657e-05,-2.26824e-05
-0.000104448,-0.000101887,-9.69018e-05,-8.97694e-05,-8.09323e-05,-7.088e-05,-6.02126e-05,-4.95265e-05,-3.93707e-05,-3.01805e-05,-2.22345e-05
-0.000102754,-0.000100232,-9.53199e-05,-8.82923e-05,-7.95872e-05,-6.96845e-05,-5.91796e-05,-4.8658e-05,-3.86619e-05,-2.96203e-05,-2.18054e-05
-0.000101103,-9.86194e-05,-9.37771e-05,-8.6858e-05,-7.8279e-05,-6.85242e-05,-5.8177e-05,-4.78151e-05,-3.79736e-05,-2.90772e-05,-2.13954e-05
-9.94566e-05,-9.70085e-05,-9.22406e-05,-8.5418e-05,-7.69696e-05,-6.73617e-05,-5.71713e-05,-4.69713e-05,-3.72863e-05,-2.85347e-05,-2.09757e-05
-9.78906e-05,-9.54718e-05,-9.0773e-05,-8.40461e-05,-7.57211e-05,-6.62511e-05,-5.6216e-05,-4.61704e-05,-3.66347e-05,-2.80172e-05,-2.05813e-05
-9.62817e-05,-9.39045e-05,-8.92764e-05,-8.26524e-05,-7.44517e-05,-6.51275e-05,-5.52414e-05,-4.53519e-05,-3.59661e-05,-2.74928e-05,-2.01814e-05
-9.47519e-05,-9.24072e-05,-8.78473e-05,-8.132e-05,-7.32389e-05,-6.40555e-05,-5.43141e-05,-4.45739e-05,-3.53329e-05,-2.69935e-05,-1.98018e-05
-9.32288e-05,-9.09219e-05,-8.64267e-05,-7.99936e-05,-7.20321e-05,-6.29837e-05,-5.33905e-05,-4.37986e-05,-3.4702e-05,-2.65015e-05,-1.94225e-05
-9.17378e-05,-8.9465e-05,-8.50346e-05,-7.86964e-05,-7.08522e-05,-6.19362e-05,-5.24875e-05,-4.30427e-05,-3.40867e-05,-2.6014e-05,-1.90458e-05
-9.02882e-05,-8.80499e-05,-8.36846e-05,-7.74366e-05,-6.97058e-05,-6.09201e-05,-5.16108e-05,-4.23076e-05,-3.34908e-05,-2.55441e-05,-1.87016e-05
-8.88578e-05,-8.66489e-05,-8.23478e-05,-7.61882e-05,-6.85722e-05,-5.99161e-05,-5.07438e-05,-4.15834e-05,-3.29007e-05,-2.50829e-05,-1.83407e-05
-8.7437e-05,-8.52603e-05,-8.10224e-05,-7.49551e-05,-6.74486e-05,-5.89211e-05,-4.98871e-05,-4.08646e-05,-3.23178e-05,-2.46214e-05,-1.79967e-05
-8.60736e-05,-8.39272e-05,-7.97483e-05,-7.37673e-05,-6.63678e-05,-5.79627e-05,-4.90631e-05,-4.01756e-05,-3.17588e-05,-2.41804e-05,-1.76617e-05
-8.46963e-05,-8.25842e-05,-7.84666e-05,-7.2573e-05,-6.52838e-05,-5.70032e-05,-4.82354e-05,-3.94823e-05,-3.11961e-05,-2.37418e-05,-1.73271e-05
-8.33749e-05,-8.12933e-05,-7.7233e-05,-7.14223e-05,-6.42401e-05,-5.60782e-05,-4.74394e-05,-3.88162e-05,-3.06553e-05,-2.33156e-05,-1.70045e-05
-8.20712e-05,-8.00233e-05,-7.60217e-05,-7.02924e-05,-6.32126e-05,-5.51685e-05,-4.66558e-05,-3.81624e-05,-3.01247e-05,-2.2903e-05,-1.66908e-05
-8.07822e-05,-7.87594e-05,-7.48161e-05,-6.91718e-05,-6.21923e-05,-5.42679e-05,-4.58805e-05,-3.75137e-05,-2.95998e-05,-2.249e-05,-1.63786e-05
-7.9526e-05,-7.7532e-05,-7.36459e-05,-6.80821e-05,-6.12028e-05,-5.33921e-05,-4.51259e-05,-3.68831e-05,-2.90902e-05,-2.20896e-05,-1.60764e-05
-7.82923e-05,-7.63253e-05,-7.24934e-05,-6.70088e-05,-6.02282e-05,-5.25312e-05,-4.4386e-05,-3.62652e-05,-2.85891e-05,-2.16991e-05,-1.57947e-05
-7.70759e-05,-7.51365e-05,-7.13596e-05,-6.59541e-05,-5.92691e-05,-5.16824e-05,-4.36559e-05,-3.56559e-05,-2.80969e-05,-2.13126e-05,-1.54862e-05
-7.58819e-05,-7.39752e-05,-7.02488e-05,-6.49179e-05,-5.83296e-05,-5.08524e-05,-4.29427e-05,-3.50599e-05,-2.76151e-05,-2.09391e-05,-1.52043e-05
-7.47119e-05,-7.28283e-05,-6.91573e-05,-6.39014e-05,-5.74083e-05,-5.00366e-05,-4.22417e-05,-3.44755e-05,-2.71421e-05,-2.05661e-05,-1.49253e-05
-7.35532e-05,-7.16973e-05,-6.80779e-05,-6.28966e-05,-5.64958e-05,-4.92301e-05,-4.15489e-05,-3.38986e-05,-2.66758e-05,-2.02016e-05,-1.46504e-05
-7.24247e-05,-7.05943e-05,-6.70266e-05,-6.19175e-05,-5.56073e-05,-4.84462e-05,-4.08748e-05,-3.33368e-05,-2.62224e-05,-1.98468e-05,-1.43838e-05
-7.13207e-05,-6.95183e-05,-6.5995e-05,-6.09594e-05,-5.47374e-05,-4.76775e-05,-4.02165e-05,-3.27868e-05,-2.5779e-05,-1.95016e-05,-1.41127e-05
-7.02258e-05,-6.84461e-05,-6.49766e-05,-6.00109e-05,-5.38764e-05,-4.69183e-05,-3.95631e-05,-3.22436e-05,-2.53397e-05,-1.9156e-05,-1.38644e-05
-6.91526e-05,-6.73979e-05,-6.39766e-05,-5.90807e-05,-5.30329e-05,-4.61736e-05,-3.8924e-05,-3.17118e-05,-2.49111e-05,-1.88238e-05,-1.36129e-05
-6.81084e-05,-6.63784e-05,-6.30036e-05,-5.81781e-05,-5.22132e-05,-4.54489e-05,-3.83032e-05,-3.11939e-05,-2.44957e-05,-1.85006e-05,-1.33679e-05
-6.70752e-05,-6.53686e-05,-6.2043e-05,-5.728e-05,-5.14017e-05,-4.47324e-05,-3.76888e-05,-3.06829e-05,-2.40811e-05,-1.81763e-05,-1.3126e-05
-6.60599e-05,-6.43795e-05,-6.10969e-05,-5.64019e-05,-5.06037e-05,-4.40291e-05,-3.70858e-05,-3.01811e-05,-2.36782e-05,-1.78665e-05,-1.28886e-05
-6.50606e-05,-6.34004e-05,-6.01662e-05,-5.55371e-05,-4.98195e-05,-4.33379e-05,-3.64918e-05,-2.96888e-05,-2.32812e-05,-1.7554e-05,-1.2659e-05
-6.40831e-05,-6.24453e-05,-5.92547e-05,-5.46882e-05,-4.90508e-05,-4.26605e-05,-3.59114e-05,-2.9206e-05,-2.28926e-05,-1.72471e-05,-1.24329e-05
-6.31171e-05,-6.15039e-05,-5.83575e-05,-5.38551e-05,-4.82952e-05,-4.19928e-05,-3.53406e-05,-2.8731e-05,-2.25113e-05,-1.69555e-05,-1.22105e-05
-6.21777e-05,-6.05861e-05,-5.74834e-05,-5.3042e-05,-4.75595e-05,-4.13444e-05,-3.47841e-05,-2.82687e-05,-2.21399e-05,-1.66662e-05,-1.19928e-05
-6.1248e-05,-5.96778e-05,-5.66165e-05,-5.22358e-05,-4.68284e-05,-4.0701e-05,-3.42332e-05,-2.78123e-05,-2.17719e-05,-1.63812e-05,-1.17815e-05
-6.03438e-05,-5.87939e-05,-5.57771e-05,-5.14549e-05,-4.61208e-05,-4.00773e-05,-3.36977e-05,-2.73669e-05,-2.14165e-05,-1.61044e-05,-1.15757e-05
-5.94329e-05,-5.79059e-05,-5.49282e-05,-5.06678e-05,-4.54082e-05,-3.94501e-05,-3.31619e-05,-2.69224e-05,-2.1058e-05,-1.58266e-05,-1.13657e-05
-5.85621e-05,-5.7055e-05,-5.41175e-05,-4.99154e-05,-4.4726e-05,-3.88483e-05,-3.2647e-05,-2.64952e-05,-2.07157e-05,-1.55606e-05,-1.11674e-05
-5.76901e-05,-5.62051e-05,-5.33067e-05,-4.91626e-05,-4.40441e-05,-3.82494e-05,-3.21355e-05,-2.60706e-05,-2.03747e-05,-1.5296e-05,-1.0969e-05
-5.68401e-05,-5.53748e-05,-5.25147e-05,-4.84246e-05,-4.33786e-05,-3.76619e-05,-3.16335e-05,-2.56549e-05,-2.00411e-05,-1.50376e-05,-1.07855e-05
-5.59994e-05,-5.45542e-05,-5.17352e-05,-4.77013e-05,-4.27223e-05,-3.70856e-05,-3.11392e-05,-2.52453e-05,-1.9713e-05,-1.47833e-05,-1.0587e-05
-5.51883e-05,-5.37625e-05,-5.09821e-05,-4.69995e-05,-4.20886e-05,-3.65274e-05,-3.06606e-05,-2.48496e-05,-1.93954e-05,-1.45344e-05,-1.03932e-05
-5.43777e-05,-5.2971e-05,-5.02265e-05,-4.62998e-05,-4.14561e-05,-3.59682e-05,-3.01875e-05,-2.44559e-05,-1.9079e-05,-1.4292e-05,-1.0222e-05
-5.35775e-05,-5.21899e-05,-4.9484e-05,-4.56099e-05,-4.08292e-05,-3.54196e-05,-2.97163e-05,-2.40672e-05,-1.87698e-05,-1.40512e-05,-1.00418e-05
-5.27951e-05,-5.14266e-05,-4.87545e-05,-4.4936e-05,-4.02192e-05,-3.48829e-05,-2.92574e-05,-2.36869e-05,-1.8465e-05,-1.38165e-05,-9.86859e-06
-5.20266e-05,-5.06749e-05,-4.80402e-05,-4.427e-05,-3.9618e-05,-3.4355e-05,-2.88072e-05,-2.33146e-05,-1.81671e-05,-1.35853e-05,-9.69815e-06
-5.12715e-05,-4.99369e-05,-4.7339e-05,-4.36218e-05,-3.90303e-05,-3.38394e-05,-2.83656e-05,-2.29488e-05,-1.78747e-05,-1.33602e-05,-9.53199e-06
-5.05348e-05,-4.92185e-05,-4.66535e-05,-4.29828e-05,-3.84548e-05,-3.33328e-05,-2.79335e-05,-2.25928e-05,-1.75902e-05,-1.31412e-05,-9.37093e-06
-4.97985e-05,-4.85024e-05,-4.59691e-05,-4.23498e-05,-3.7881e-05,-3.28291e-05,-2.75051e-05,-2.22378e-05,-1.73066e-05,-1.29217e-05,-9.20282e-06
-4.90845e-05,-4.78058e-05,-4.53037e-05,-4.1732e-05,-3.73232e-05,-3.23379e-05,-2.70873e-05,-2.18931e-05,-1.7031e-05,-1.27094e-05,-9.04629e-06
-4.83801e-05,-4.71156e-05,-4.46508e-05,-4.11257e-05,-3.67745e-05,-3.18568e-05,-2.66767e-05,-2.15539e-05,-1.67594e-05,-1.25016e-05,-8.89192e-06
-4.76868e-05,-4.64396e-05,-4.40066e-05,-4.05307e-05,-3.62349e-05,-3.1383e-05,-2.62729e-05,-2.122e-05,-1.6495e-05,-1.22965e-05,-8.74028e-06
-4.70053e-05,-4.57751e-05,-4.33747e-05,-3.99406e-05,-3.57047e-05,-3.09161e-05,-2.58748e-05,-2.08924e-05,-1.62322e-05,-1.20958e-05,-8.59156e-06
-4.63338e-05,-4.51204e-05,-4.27503e-05,-3.93632e-05,-3.51823e-05,-3.04588e-05,-2.54847e-05,-2.05697e-05,-1.59754e-05,-1.1895e-05,-8.44462e-06
-4.56799e-05,-4.44819e-05,-4.21398e-05,-3.87987e-05,-3.4673e-05,-3.00095e-05,-2.51036e-05,-2.02551e-05,-1.57254e-05,-1.17028e-05,-8.3012e-06
-4.5024e-05,-4.38417e-05,-4.15337e-05,-3.82356e-05,-3.41632e-05,-2.95649e-05,-2.47231e-05,-1.99412e-05,-1.54746e-05,-1.15103e-05,-8.15916e-06
-4.43885e-05,-4.32211e-05,-4.09426e-05,-3.76888e-05,-3.3669e-05,-2.91312e-05,-2.43537e-05,-1.96373e-05,-1.52325e-05,-1.13237e-05,-8.02186e-06
-4.37657e-05,-4.26153e-05,-4.03649e-05,-3.71533e-05,-3.31859e-05,-2.87068e-05,-2.39931e-05,-1.93398e-05,-1.49957e-05,-1.11421e-05,-7.88832e-06
-4.31476e-05,-4.201e-05,-3.97913e-05,-3.66195e-05,-3.27052e-05,-2.82846e-05,-2.36338e-05,-1.90438e-05,-1.47608e-05,-1.09602e-05,-7.75396e-06
-4.2549e-05,-4.14238e-05,-3.9232e-05,-3.61017e-05,-3.22373e-05,-2.78771e-05,-2.32858e-05,-1.87577e-05,-1.45326e-05,-1.07837e-05,-7.63034e-06
-4.19493e-05,-4.08427e-05,-3.86779e-05,-3.55908e-05,-3.17744e-05,-2.7474e-05,-2.29404e-05,-1.84727e-05,-1.43068e-05,-1.06139e-05,-7.49872e-06
-4.13581e-05,-4.02642e-05,-3.81287e-05,-3.50806e-05,-3.13152e-05,-2.70699e-05,-2.25984e-05,-1.81912e-05,-1.40831e-05,-1.04399e-05,-7.37174e-06
-4.0784e-05,-3.97038e-05,-3.75969e-05,-3.45874e-05,-3.08707e-05,-2.66794e-05,-2.22666e-05,-1.79184e-05,-1.38668e-05,-1.02734e-05,-7.24956e-06
-4.02117e-05,-3.91474e-05,-3.70669e-05,-3.40969e-05,-3.04265e-05,-2.62889e-05,-2.19366e-05,-1.7647e-05,-1.36498e-05,-1.01087e-05,-7.12813e-06
-3.96566e-05,-3.8608e-05,-3.65495e-05,-3.36178e-05,-2.99955e-05,-2.59095e-05,-2.16176e-05,-1.73848e-05,-1.34409e-05,-9.9485e-06,-7.01156e-06
-3.91064e-05,-3.80662e-05,-3.60392e-05,-3.31442e-05,-2.95689e-05,-2.55365e-05,-2.12986e-05,-1.71221e-05,-1.32331e-05,-9.78915e-06,-6.89257e-06
-3.85636e-05,-3.75402e-05,-3.55371e-05,-3.26799e-05,-2.91495e-05,-2.51697e-05,-2.09869e-05,-1.68663e-05,-1.30301e-05,-9.63361e-06,-6.77923e-06
-3.8031e-05,-3.70195e-05,-3.50414e-05,-3.22214e-05,-2.87374e-05,-2.48077e-05,-2.06817e-05,-1.66134e-05,-1.28303e-05,-9.48045e-06,-6.66385e-06
-3.75091e-05,-3.65089e-05,-3.45568e-05,-3.17727e-05,-2.8332e-05,-2.44539e-05,-2.038e-05,-1.63669e-05,-1.26342e-05,-9.33049e-06,-6.55694e-06
-3.69972e-05,-3.60115e-05,-3.40814e-05,-3.13332e-05,-2.7936e-05,-2.41062e-05,-2.00862e-05,-1.61255e-05,-1.24432e-05,-9.1854e-06,-6.44847e-06
-3.64839e-05,-3.55104e-05,-3.36074e-05,-3.08935e-05,-2.75395e-05,-2.37599e-05,-1.97919e-05,-1.58841e-05,-1.22516e-05,-9.03787e-06,-6.34292e-06
-3.60022e-05,-3.50376e-05,-3.31624e-05,-3.04815e-05,-2.71668e-05,-2.34344e-05,-1.95122e-05,-1.56544e-05,-1.20703e-05,-8.89972e-06,-6.24384e-06
-3.55049e-05,-3.45549e-05,-3.27e-05,-3.00522e-05,-2.67816e-05,-2.30969e-05,-1.92291e-05,-1.54227e-05,-1.18855e-05,-8.75876e-06,-6.14033e-06
-3.50125e-05,-3.40748e-05,-3.22425e-05,-2.96305e-05,-2.64017e-05,-2.2765e-05,-1.89483e-05,-1.51921e-05,-1.17032e-05,-8.61999e-06,-6.0371e-06
-3.45423e-05,-3.36173e-05,-3.18048e-05,-2.92258e-05,-2.60377e-05,-2.24455e-05,-1.86785e-05,-1.49713e-05,-1.15288e-05,-8.48578e-06,-5.93717e-06
-3.40749e-05,-3.31623e-05,-3.13746e-05,-2.88269e-05,-2.56799e-05,-2.21301e-05,-1.84136e-05,-1.47531e-05,-1.13559e-05,-8.35506e-06,-5.83991e-06
-3.36196e-05,-3.2718e-05,-3.09522e-05,-2.84361e-05,-2.53266e-05,-2.18249e-05,-1.81518e-05,-1.45394e-05,-1.1187e-05,-8.22558e-06,-5.74576e-06
-3.31609e-05,-3.2271e-05,-3.05272e-05,-2.8044e-05,-2.49734e-05,-2.15151e-05,-1.78905e-05,-1.43252e-05,-1.10175e-05,-8.09695e-06,-5.6559e-06
-3.27263e-05,-3.18456e-05,-3.0123e-05,-2.76698e-05,-2.46359e-05,-2.12218e-05,-1.76415e-05,-1.41214e-05,-1.08567e-05,-7.97427e-06,-5.56888e-06
-3.22844e-05,-3.14163e-05,-2.97115e-05,-2.72899e-05,-2.42939e-05,-2.09215e-05,-1.73891e-05,-1.39151e-05,-1.06933e-05,-7.85143e-06,-5.4765e-06
-3.1847e-05,-3.0987e-05,-2.93082e-05,-2.69161e-05,-2.39581e-05,-2.06295e-05,-1.71401e-05,-1.37109e-05,-1.05322e-05,-7.72729e-06,-5.38985e-06
-3.14238e-05,-3.05752e-05,-2.89177e-05,-2.65528e-05,-2.36305e-05,-2.03433e-05,-1.68986e-05,-1.35136e-05,-1.03763e-05,-7.61022e-06,-5.30364e-06
-3.10091e-05,-3.01687e-05,-2.85311e-05,-2.61956e-05,-2.33106e-05,-2.00639e-05,-1.66614e-05,-1.33198e-05,-1.02233e-05,-7.49327e-06,-5.2203e-06
-3.05906e-05,-2.97639e-05,-2.81462e-05,-2.58401e-05,-2.29908e-05,-1.97845e-05,-1.6426e-05,-1.31273e-05,-1.00715e-05,-7.37806e-06,-5.13091e-06
-3.01951e-05,-2.93776e-05,-2.77759e-05,-2.54995e-05,-2.26834e-05,-1.95154e-05,-1.61996e-05,-1.29424e-05,-9.92607e-06,-7.26646e-06,-5.05639e-06
