0.00023129,0.000237964,0.000252959,0.000261196,0.000272401,0.000281531,0.000293179,0.000295767,0.00029666,0.000304377,0.000306138,0.000305124,0.000306223,0.000303513,0.000297164,0.000287992,0.000281523,0.000272077,0.000262704,0.000249239,0.000239671,0.000225983
0.000216227,0.000223631,0.000238674,0.000246225,0.000256454,0.000265791,0.000276263,0.000278656,0.000279842,0.000288557,0.000288568,0.000289324,0.000289534,0.000284856,0.000280613,0.000271199,0.000266566,0.000258733,0.000247767,0.000233812,0.000224122,0.000211514
0.000202198,0.000209825,0.000224237,0.000232346,0.000240402,0.000250702,0.000261786,0.000265187,0.000263331,0.000270996,0.00027165,0.000272246,0.000273721,0.000271994,0.000263177,0.000256171,0.000250866,0.000240873,0.000233266,0.000220728,0.00021178,0.000199062
0.000189652,0.000198125,0.000211655,0.000219223,0.000227231,0.000237353,0.000247064,0.000251342,0.000249327,0.000256417,0.000256813,0.000259139,0.000259918,0.000256259,0.00024919,0.000241966,0.000237719,0.000227997,0.00022034,0.000208068,0.000199814,0.000187007
0.000178628,0.00018765,0.000200476,0.000207646,0.000215398,0.000225132,0.000234274,0.000239368,0.000237076,0.000243551,0.00024448,0.000246918,0.000247268,0.000243343,0.00023675,0.000229691,0.000225816,0.000216373,0.000209255,0.000197355,0.00018931,0.000176665
0.000168624,0.000178162,0.000190439,0.000197278,0.000204997,0.000214515,0.000222213,0.000228237,0.000226369,0.000232385,0.000234042,0.000236005,0.000235582,0.000230883,0.000226111,0.000218643,0.000215493,0.000206399,0.000199263,0.000187724,0.000179428,0.000167141
0.000159466,0.000169299,0.000181017,0.000187468,0.000195044,0.000203819,0.000211558,0.000218049,0.000215945,0.000221369,0.00022345,0.00022537,0.000224864,0.000220647,0.000215061,0.000208606,0.000205132,0.000196468,0.000189857,0.000178569,0.000170946,0.000158691
0.000151127,0.00016148,0.000172425,0.000178612,0.000186341,0.000194881,0.000201644,0.000208685,0.000206873,0.000212127,0.000214046,0.000215866,0.000215023,0.00021085,0.000206123,0.000199187,0.000195623,0.000188065,0.000181143,0.000170327,0.000162739,0.000151045
0.000143541,0.000153579,0.000164674,0.000170518,0.000177939,0.000185885,0.000192279,0.000199586,0.000198248,0.00020299,0.000205892,0.000206814,0.000205842,0.000201686,0.000197152,0.00019113,0.000187616,0.00017986,0.000173211,0.000162595,0.000155471,0.000143656
0.000136597,0.000146859,0.000157227,0.00016321,0.00016973,0.000177766,0.000184049,0.000191912,0.000190944,0.000194999,0.000197912,0.000198747,0.000197082,0.000193453,0.000189427,0.000183514,0.000180142,0.00017262,0.000165766,0.000155749,0.000148604,0.000136975
0.000130252,0.000140127,0.000150864,0.000156227,0.000163493,0.000170736,0.000175978,0.000183494,0.000182929,0.000187131,0.000191017,0.000190602,0.000189731,0.000185841,0.000181738,0.000176466,0.000172517,0.0001657,0.000158688,0.000149125,0.000142168,0.000130752
0.000124122,0.000133881,0.000145016,0.000149441,0.000157052,0.000164269,0.000169481,0.000175996,0.000176783,0.000181105,0.000183402,0.000183438,0.000182514,0.000178855,0.000174837,0.000169814,0.000166052,0.000159175,0.000152575,0.000142759,0.000136608,0.000125888
0.000119159,0.000128289,0.000138486,0.00014405,0.000150585,0.000157378,0.000162209,0.000169474,0.000169821,0.000173576,0.000177144,0.000176601,0.000175602,0.000171584,0.000169231,0.000163525,0.00015976,0.000153093,0.000146027,0.000137285,0.000130777,0.000119972
0.000113494,0.000122802,0.000132886,0.000138264,0.000144758,0.000151795,0.000156179,0.000163283,0.000163845,0.000167746,0.000170793,0.000170018,0.00016915,0.000166159,0.000163164,0.000158002,0.000153508,0.000147665,0.000140931,0.000131527,0.000125422,0.000115105
0.000109109,0.000117897,0.000128002,0.000133095,0.000139485,0.000145981,0.000150497,0.000157131,0.000157798,0.000161595,0.000164667,0.000164134,0.000163044,0.000159889,0.000157371,0.000152013,0.000147796,0.00014165,0.000134642,0.000126459,0.000120398,0.00011027
0.000104732,0.000113253,0.000122946,0.000128581,0.000134331,0.000140579,0.000145219,0.000151419,0.000152364,0.000155766,0.000159038,0.000158625,0.000157327,0.000154317,0.000152311,0.000147141,0.000142412,0.000136422,0.000129217,0.000121849,0.000116054,0.00010597
0.000100695,0.000108927,0.000118432,0.000123886,0.000129915,0.000135821,0.000140291,0.000146517,0.000147045,0.00015033,0.000153971,0.000153229,0.000152307,0.000149096,0.000146708,0.000141748,0.000137311,0.000131609,0.000124306,0.000117103,0.000111508,0.000101767
9.66082e-05,0.000104766,0.000113969,0.000119706,0.000125225,0.00013118,0.000135317,0.000141074,0.000142613,0.000145787,0.000148311,0.000147875,0.000146659,0.000144133,0.000142133,0.000137469,0.00013259,0.00012706,0.00012029,0.000112943,0.000107096,9.79917e-05
9.30902e-05,0.000101331,0.000110226,0.000115464,0.000121596,0.000126742,0.000131063,0.000136644,0.000137673,0.000140947,0.000144219,0.000143317,0.000142399,0.000139307,0.000137451,0.000131997,0.000127709,0.000122152,0.000115732,0.000109193,0.000103053,9.42776e-05
8.94292e-05,9.76657e-05,0.000105882,0.00011157,0.00011729,0.000122237,0.000126544,0.000132154,0.000133567,0.000136655,0.000139175,0.000138651,0.000137407,0.000134811,0.000133247,0.000128452,0.000123649,0.000118211,0.000111572,0.000105217,9.93328e-05,9.12207e-05
8.62327e-05,9.41125e-05,0.000102326,0.000107811,0.000113755,0.00011828,0.000122707,0.000127695,0.000129038,0.000131911,0.000134929,0.000134037,0.000133267,0.000130343,0.00012862,0.000123735,0.000119044,0.000113879,0.000107627,0.000101687,9.56389e-05,8.75042e-05
8.27344e-05,9.04214e-05,9.79205e-05,0.000104365,0.000109436,0.000114151,0.000118427,0.000123115,0.00012525,0.000127654,0.00012975,0.000129234,0.0001286,0.000126103,0.000124661,0.000120905,0.000115375,0.000110454,0.000104137,9.79674e-05,9.22357e-05,8.46738e-05
8.00401e-05,8.72218e-05,9.50459e-05,0.000100559,0.000106689,0.000110312,0.000114894,0.000119497,0.000121109,0.00012384,0.000126001,0.000125303,0.000124526,0.000122265,0.000120272,0.000116368,0.000111245,0.000106413,0.000100489,9.48204e-05,8.92687e-05,8.12338e-05
7.70141e-05,8.42634e-05,9.11648e-05,9.7615e-05,0.000102459,0.000106788,0.000110851,0.000115295,0.000117437,0.000119263,0.000121533,0.000121051,0.000120578,0.000117841,0.000116403,0.000113374,0.000107811,0.000102919,9.66724e-05,9.13681e-05,8.56504e-05,7.88391e-05
7.43976e-05,8.12515e-05,8.84432e-05,9.41482e-05,9.94835e-05,0.000103164,0.000107699,0.000111807,0.000113796,0.000115738,0.000118085,0.000117385,0.000116815,0.000114515,0.000112686,0.000109065,0.000103839,9.91833e-05,9.35126e-05,8.85088e-05,8.28742e-05,7.5634e-05
7.16624e-05,7.87363e-05,8.52446e-05,9.09325e-05,9.61104e-05,9.9783e-05,0.000103908,0.000108126,0.000110215,0.000112082,0.000114232,0.000113417,0.000112864,0.000110519,0.00010891,0.000105858,0.000100759,9.60813e-05,9.0116e-05,8.53128e-05,7.96434e-05,7.30682e-05
6.89009e-05,7.57395e-05,8.24186e-05,8.78249e-05,9.31125e-05,9.66187e-05,0.000100752,0.000104404,0.000106753,0.000108517,0.000110667,0.000109771,0.000109367,0.000107098,0.000105387,0.000102162,9.7126e-05,9.26568e-05,8.71735e-05,8.25804e-05,7.69771e-05,7.04692e-05
6.6621e-05,7.33582e-05,7.95522e-05,8.49799e-05,8.99524e-05,9.33713e-05,9.728e-05,0.000101193,0.00010347,0.000105174,0.000107148,0.00010618,0.000105554,0.000103579,0.000102045,9.91723e-05,9.41959e-05,8.96373e-05,8.4085e-05,7.97068e-05,7.41651e-05,6.83018e-05
6.40481e-05,7.05395e-05,7.67602e-05,8.20308e-05,8.69717e-05,9.05221e-05,9.4367e-05,9.76317e-05,0.000100058,0.000101618,0.000103661,0.000102879,0.000102302,0.000100358,9.86761e-05,9.5868e-05,9.08466e-05,8.64826e-05,8.12806e-05,7.70936e-05,7.14923e-05,6.57289e-05
6.1934e-05,6.84681e-05,7.43223e-05,7.93111e-05,8.42603e-05,8.76759e-05,9.0916e-05,9.46454e-05,9.70976e-05,9.83633e-05,0.000100561,9.94278e-05,9.89169e-05,9.703e-05,9.54708e-05,9.2787e-05,8.82527e-05,8.37055e-05,7.84994e-05,7.46537e-05,6.89041e-05,6.33405e-05
5.94822e-05,6.56147e-05,7.15348e-05,7.6612e-05,8.13004e-05,8.46814e-05,8.82137e-05,9.15156e-05,9.37884e-05,9.51401e-05,9.72685e-05,9.62922e-05,9.5778e-05,9.37541e-05,9.21683e-05,8.97342e-05,8.50473e-05,8.07188e-05,7.60387e-05,7.20522e-05,6.69094e-05,6.10206e-05
5.73885e-05,6.35201e-05,6.92339e-05,7.39482e-05,7.85822e-05,8.16313e-05,8.50857e-05,8.8426e-05,9.08635e-05,9.19414e-05,9.3919e-05,9.28875e-05,9.25445e-05,9.083e-05,8.89764e-05,8.70631e-05,8.20948e-05,7.78948e-05,7.32704e-05,6.93343e-05,6.42645e-05,5.90483e-05
5.52857e-05,6.11263e-05,6.66756e-05,7.14118e-05,7.58028e-05,7.90855e-05,8.22691e-05,8.53764e-05,8.7909e-05,8.89712e-05,9.0797e-05,8.98358e-05,8.93224e-05,8.77732e-05,8.59997e-05,8.3956e-05,7.94748e-05,7.52041e-05,7.07986e-05,6.70454e-05,6.19357e-05,5.68526e-05
5.33038e-05,5.89396e-05,6.42311e-05,6.89217e-05,7.31503e-05,7.64125e-05,7.9444e-05,8.25804e-05,8.49524e-05,8.60019e-05,8.78607e-05,8.67686e-05,8.63409e-05,8.47986e-05,8.32056e-05,8.12206e-05,7.69008e-05,7.26289e-05,6.84076e-05,6.4686e-05,5.98759e-05,5.486e-05
5.13026e-05,5.68147e-05,6.21318e-05,6.65854e-05,7.06221e-05,7.39799e-05,7.68708e-05,7.97034e-05,8.21729e-05,8.31564e-05,8.4756e-05,8.40253e-05,8.32458e-05,8.19657e-05,8.02233e-05,7.83376e-05,7.4331e-05,7.0048e-05,6.60013e-05,6.24406e-05,5.76452e-05,5.27654e-05
4.94501e-05,5.47637e-05,5.9882e-05,6.42085e-05,6.81098e-05,7.14281e-05,7.41692e-05,7.69784e-05,7.95456e-05,8.04341e-05,8.18219e-05,8.10902e-05,8.04593e-05,7.92678e-05,7.73361e-05,7.53999e-05,7.16792e-05,6.73576e-05,6.37444e-05,6.03632e-05,5.54448e-05,5.09965e-05
4.75394e-05,5.2655e-05,5.77495e-05,6.1867e-05,6.57625e-05,6.88844e-05,7.14896e-05,7.42297e-05,7.66771e-05,7.75825e-05,7.91984e-05,7.81508e-05,7.75979e-05,7.65869e-05,7.47619e-05,7.3049e-05,6.92781e-05,6.51487e-05,6.15826e-05,5.79883e-05,5.355e-05,4.90383e-05
4.57483e-05,5.06781e-05,5.55911e-05,5.95604e-05,6.32945e-05,6.63637e-05,6.90268e-05,7.15862e-05,7.39898e-05,7.47914e-05,7.64101e-05,7.54222e-05,7.48458e-05,7.39863e-05,7.20401e-05,7.03985e-05,6.69244e-05,6.2839e-05,5.92918e-05,5.59059e-05,5.15776e-05,4.71046e-05
4.41167e-05,4.87238e-05,5.36381e-05,5.75391e-05,6.09811e-05,6.419e-05,6.68456e-05,6.9108e-05,7.14813e-05,7.23494e-05,7.36394e-05,7.28097e-05,7.20477e-05,7.10889e-05,6.94071e-05,6.79027e-05,6.48044e-05,6.07207e-05,5.73395e-05,5.37366e-05,4.97498e-05,4.53268e-05
4.25435e-05,4.70665e-05,5.18616e-05,5.5527e-05,5.88003e-05,6.14375e-05,6.43636e-05,6.65975e-05,6.91725e-05,6.98907e-05,7.11849e-05,7.01329e-05,6.96663e-05,6.8663e-05,6.70703e-05,6.55467e-05,6.244e-05,5.84602e-05,5.49241e-05,5.15126e-05,4.78174e-05,4.36638e-05
4.08148e-05,4.51714e-05,4.96325e-05,5.33246e-05,5.63568e-05,5.94938e-05,6.18141e-05,6.40297e-05,6.64555e-05,6.72441e-05,6.85423e-05,6.76919e-05,6.69846e-05,6.60961e-05,6.45689e-05,6.28011e-05,6.02376e-05,5.61726e-05,5.29335e-05,4.97764e-05,4.59042e-05,4.18714e-05
3.92229e-05,4.32807e-05,4.77159e-05,5.1267e-05,5.42275e-05,5.73313e-05,5.96896e-05,6.16971e-05,6.40345e-05,6.46466e-05,6.59884e-05,6.51864e-05,6.45102e-05,6.36798e-05,6.21414e-05,6.05163e-05,5.79561e-05,5.40549e-05,5.10654e-05,4.78751e-05,4.41156e-05,4.02288e-05
3.80309e-05,4.19538e-05,4.61629e-05,4.95712e-05,5.24903e-05,5.55573e-05,5.77676e-05,5.97305e-05,6.19889e-05,6.25912e-05,6.41545e-05,6.33411e-05,6.25221e-05,6.16845e-05,6.00189e-05,5.86487e-05,5.59834e-05,5.22632e-05,4.92192e-05,4.63019e-05,4.25135e-05,3.88891e-05
3.61821e-05,3.99671e-05,4.40666e-05,4.7389e-05,5.01377e-05,5.2983e-05,5.53005e-05,5.70652e-05,5.92575e-05,5.99125e-05,6.11239e-05,6.04252e-05,5.97513e-05,5.8969e-05,5.73718e-05,5.5906e-05,5.3565e-05,5.00151e-05,4.71115e-05,4.415e-05,4.0662e-05,3.70175e-05
3.50013e-05,3.86717e-05,4.26295e-05,4.59363e-05,4.86714e-05,5.12904e-05,5.35934e-05,5.53952e-05,5.75109e-05,5.80001e-05,5.92791e-05,5.86457e-05,5.7969e-05,5.72292e-05,5.55856e-05,5.42656e-05,5.17303e-05,4.84767e-05,4.57799e-05,4.29431e-05,3.95539e-05,3.59283e-05
3.32987e-05,3.67824e-05,4.06159e-05,4.37046e-05,4.625e-05,4.89941e-05,5.10997e-05,5.27556e-05,5.48046e-05,5.54122e-05,5.64291e-05,5.59468e-05,5.52116e-05,5.44212e-05,5.29732e-05,5.15605e-05,4.93996e-05,4.61624e-05,4.35265e-05,4.0696e-05,3.73516e-05,3.40209e-05
3.22479e-05,3.5609e-05,3.92146e-05,4.22504e-05,4.48281e-05,4.74757e-05,4.94485e-05,5.12937e-05,5.30675e-05,5.37982e-05,5.47256e-05,5.44203e-05,5.36569e-05,5.27609e-05,5.13823e-05,5.00839e-05,4.7916e-05,4.46956e-05,4.21401e-05,3.94468e-05,3.60834e-05,3.29345e-05
3.06581e-05,3.38279e-05,3.74429e-05,4.02565e-05,4.25712e-05,4.51441e-05,4.72555e-05,4.86405e-05,5.06155e-05,5.11919e-05,5.20456e-05,5.17018e-05,5.08663e-05,5.02114e-05,4.88305e-05,4.7467e-05,4.54773e-05,4.24812e-05,4.01221e-05,3.74193e-05,3.4297e-05,3.12283e-05
2.93319e-05,3.24106e-05,3.57949e-05,3.86026e-05,4.0861e-05,4.32997e-05,4.54178e-05,4.66813e-05,4.85051e-05,4.91674e-05,5.00474e-05,4.96649e-05,4.8895e-05,4.8225e-05,4.68279e-05,4.55663e-05,4.36764e-05,4.07285e-05,3.83995e-05,3.58493e-05,3.279e-05,2.98993e-05
2.81502e-05,3.10647e-05,3.43052e-05,3.69914e-05,3.9187e-05,4.15992e-05,4.35451e-05,4.50018e-05,4.65277e-05,4.71968e-05,4.8006e-05,4.77859e-05,4.70935e-05,4.62758e-05,4.49736e-05,4.3754e-05,4.1941e-05,3.90461e-05,3.68384e-05,3.44072e-05,3.1322e-05,2.85962e-05
2.69045e-05,2.97133e-05,3.28545e-05,3.54867e-05,3.75549e-05,3.97981e-05,4.18164e-05,4.29866e-05,4.4677e-05,4.52945e-05,4.60509e-05,4.57953e-05,4.5068e-05,4.43999e-05,4.30853e-05,4.1905e-05,4.01538e-05,3.74187e-05,3.5299e-05,3.28763e-05,2.99932e-05,2.73461e-05
2.58106e-05,2.83718e-05,3.14718e-05,3.39042e-05,3.59804e-05,3.8353e-05,4.00002e-05,4.12993e-05,4.29339e-05,4.34811e-05,4.41491e-05,4.39079e-05,4.32947e-05,4.25378e-05,4.13992e-05,4.01506e-05,3.8668e-05,3.59103e-05,3.39108e-05,3.14777e-05,2.8761e-05,2.61223e-05
2.47607e-05,2.72399e-05,3.02515e-05,3.24091e-05,3.44939e-05,3.66813e-05,3.84038e-05,3.96179e-05,4.1083e-05,4.17165e-05,4.24291e-05,4.20895e-05,4.14283e-05,4.07349e-05,3.94562e-05,3.84643e-05,3.69141e-05,3.4497e-05,3.24077e-05,3.00582e-05,2.75218e-05,2.49568e-05
2.36195e-05,2.60626e-05,2.88881e-05,3.11191e-05,3.29653e-05,3.51272e-05,3.67657e-05,3.79932e-05,3.93535e-05,4.00039e-05,4.05673e-05,4.03944e-05,3.98208e-05,3.91038e-05,3.79733e-05,3.68293e-05,3.53699e-05,3.29437e-05,3.10219e-05,2.88337e-05,2.62337e-05,2.38621e-05
2.25837e-05,2.49499e-05,2.76457e-05,2.97929e-05,3.16139e-05,3.36609e-05,3.52653e-05,3.64623e-05,3.77346e-05,3.83616e-05,3.88857e-05,3.87787e-05,3.82115e-05,3.74904e-05,3.63505e-05,3.53471e-05,3.38432e-05,3.15524e-05,2.97143e-05,2.7591e-05,2.50701e-05,2.27777e-05
2.16022e-05,2.38721e-05,2.65232e-05,2.84869e-05,3.03267e-05,3.22263e-05,3.38197e-05,3.50099e-05,3.62856e-05,3.68086e-05,3.72851e-05,3.72248e-05,3.66685e-05,3.60088e-05,3.48072e-05,3.3854e-05,3.2491e-05,3.0291e-05,2.85088e-05,2.64558e-05,2.40985e-05,2.17761e-05
2.06518e-05,2.28238e-05,2.53574e-05,2.73477e-05,2.90665e-05,3.09576e-05,3.24215e-05,3.35228e-05,3.46995e-05,3.52644e-05,3.57932e-05,3.57078e-05,3.52251e-05,3.45761e-05,3.34324e-05,3.24838e-05,3.09712e-05,2.89932e-05,2.72336e-05,2.53528e-05,2.29349e-05,2.07868e-05
1.97866e-05,2.18754e-05,2.42663e-05,2.61702e-05,2.78013e-05,2.96713e-05,3.10878e-05,3.22092e-05,3.32569e-05,3.39178e-05,3.43093e-05,3.42605e-05,3.37799e-05,3.30636e-05,3.20981e-05,3.11211e-05,2.97569e-05,2.77652e-05,2.60655e-05,2.42009e-05,2.19026e-05,1.98925e-05
1.89151e-05,2.0926e-05,2.32588e-05,2.50788e-05,2.66663e-05,2.84609e-05,2.9854e-05,3.09078e-05,3.19056e-05,3.25396e-05,3.2942e-05,3.28978e-05,3.24307e-05,3.17368e-05,3.07993e-05,2.98861e-05,2.84985e-05,2.66276e-05,2.49691e-05,2.31783e-05,2.09565e-05,1.90104e-05
1.80922e-05,2.007e-05,2.23335e-05,2.40498e-05,2.55647e-05,2.73455e-05,2.86907e-05,2.97129e-05,3.06227e-05,3.12648e-05,3.16727e-05,3.16174e-05,3.11414e-05,3.04729e-05,2.9616e-05,2.87067e-05,2.73391e-05,2.55609e-05,2.39557e-05,2.22493e-05,2.00638e-05,1.82015e-05
1.73453e-05,1.92324e-05,2.14485e-05,2.31311e-05,2.4606e-05,2.62815e-05,2.76032e-05,2.85498e-05,2.94739e-05,3.00882e-05,3.04202e-05,3.04374e-05,2.99459e-05,2.92657e-05,2.84788e-05,2.75929e-05,2.61328e-05,2.45248e-05,2.29869e-05,2.12899e-05,1.92231e-05,1.74407e-05
1.66227e-05,1.8429e-05,2.05169e-05,2.21688e-05,2.35815e-05,2.52259e-05,2.64765e-05,2.74443e-05,2.82752e-05,2.89274e-05,2.92315e-05,2.92101e-05,2.88101e-05,2.81639e-05,2.73614e-05,2.65105e-05,2.51909e-05,2.35846e-05,2.1995e-05,2.04181e-05,1.83908e-05,1.66703e-05
1.59309e-05,1.76848e-05,1.97106e-05,2.12836e-05,2.26552e-05,2.42493e-05,2.54691e-05,2.6422e-05,2.71983e-05,2.78252e-05,2.8125e-05,2.81115e-05,2.77259e-05,2.7085e-05,2.63167e-05,2.55091e-05,2.41613e-05,2.26608e-05,2.11379e-05,1.95981e-05,1.76579e-05,1.59655e-05
1.52801e-05,1.69851e-05,1.89722e-05,2.04575e-05,2.18064e-05,2.33065e-05,2.45113e-05,2.5484e-05,2.62465e-05,2.68087e-05,2.70634e-05,2.7082e-05,2.67079e-05,2.6105e-05,2.53167e-05,2.45458e-05,2.32613e-05,2.18302e-05,2.03553e-05,1.88585e-05,1.69982e-05,1.53138e-05
1.46789e-05,1.63292e-05,1.82442e-05,1.96951e-05,2.09865e-05,2.25025e-05,2.36376e-05,2.45521e-05,2.52546e-05,2.5837e-05,2.61079e-05,2.60908e-05,2.57656e-05,2.51735e-05,2.4464e-05,2.36515e-05,2.23692e-05,2.10406e-05,1.95347e-05,1.80781e-05,1.62889e-05,1.47108e-05
1.42165e-05,1.58635e-05,1.76977e-05,1.91796e-05,2.04174e-05,2.18807e-05,2.30124e-05,2.39031e-05,2.45412e-05,2.51978e-05,2.54539e-05,2.54605e-05,2.50827e-05,2.44707e-05,2.38214e-05,2.31264e-05,2.17279e-05,2.04319e-05,1.89988e-05,1.7587e-05,1.58087e-05,1.43088e-05
1.35699e-05,1.51302e-05,1.69012e-05,1.83136e-05,1.94958e-05,2.09635e-05,2.20238e-05,2.28594e-05,2.34943e-05,2.41269e-05,2.43569e-05,2.43204e-05,2.40062e-05,2.34314e-05,2.27896e-05,2.20731e-05,2.07712e-05,1.95906e-05,1.81135e-05,1.68014e-05,1.50833e-05,1.35786e-05
1.30726e-05,1.45725e-05,1.63089e-05,1.76649e-05,1.88211e-05,2.02319e-05,2.12776e-05,2.21205e-05,2.27303e-05,2.33271e-05,2.35624e-05,2.35254e-05,2.32149e-05,2.26354e-05,2.20579e-05,2.1336e-05,2.00348e-05,1.88909e-05,1.75128e-05,1.61863e-05,1.45561e-05,1.30793e-05
1.26017e-05,1.40514e-05,1.57543e-05,1.70483e-05,1.82089e-05,1.95597e-05,2.05797e-05,2.13991e-05,2.20239e-05,2.26073e-05,2.28094e-05,2.27821e-05,2.24719e-05,2.19217e-05,2.13548e-05,2.06337e-05,1.93639e-05,1.82979e-05,1.69118e-05,1.56187e-05,1.40653e-05,1.26013e-05
1.21612e-05,1.3606e-05,1.52263e-05,1.65309e-05,1.76047e-05,1.89615e-05,1.9935e-05,2.07474e-05,2.13136e-05,2.18747e-05,2.20586e-05,2.20286e-05,2.17793e-05,2.12341e-05,2.06564e-05,2.00253e-05,1.87246e-05,1.76941e-05,1.63595e-05,1.50757e-05,1.35466e-05,1.2141e-05
1.17393e-05,1.31394e-05,1.47202e-05,1.60272e-05,1.70288e-05,1.83467e-05,1.93178e-05,2.01106e-05,2.06693e-05,2.12177e-05,2.13949e-05,2.13957e-05,2.11239e-05,2.05723e-05,2.00432e-05,1.94169e-05,1.81273e-05,1.71258e-05,1.58342e-05,1.45753e-05,1.30954e-05,1.17249e-05
1.13428e-05,1.26993e-05,1.42578e-05,1.55282e-05,1.65126e-05,1.78048e-05,1.87298e-05,1.95477e-05,2.00687e-05,2.06035e-05,2.07725e-05,2.07565e-05,2.05083e-05,1.9955e-05,1.94653e-05,1.88219e-05,1.75573e-05,1.66434e-05,1.53361e-05,1.41378e-05,1.26476e-05,1.13329e-05
1.09903e-05,1.23112e-05,1.37996e-05,1.50357e-05,1.60118e-05,1.72628e-05,1.8184e-05,1.89415e-05,1.94839e-05,2.00173e-05,2.01908e-05,2.0163e-05,1.99122e-05,1.93494e-05,1.88633e-05,1.8269e-05,1.70549e-05,1.60878e-05,1.48779e-05,1.36774e-05,1.22808e-05,1.09528e-05
1.06183e-05,1.19228e-05,1.33662e-05,1.46097e-05,1.55436e-05,1.67782e-05,1.76773e-05,1.84468e-05,1.89492e-05,1.9474e-05,1.96307e-05,1.95968e-05,1.93547e-05,1.88315e-05,1.83743e-05,1.77633e-05,1.65568e-05,1.56826e-05,1.44275e-05,1.32617e-05,1.19026e-05,1.05895e-05
1.02969e-05,1.15371e-05,1.29829e-05,1.41874e-05,1.51057e-05,1.62955e-05,1.71815e-05,1.78909e-05,1.84406e-05,1.89151e-05,1.90802e-05,1.90668e-05,1.88542e-05,1.83097e-05,1.78726e-05,1.726e-05,1.60837e-05,1.52231e-05,1.40203e-05,1.28604e-05,1.15461e-05,1.02847e-05
9.98264e-06,1.12347e-05,1.26181e-05,1.37833e-05,1.46895e-05,1.5859e-05,1.67122e-05,1.74296e-05,1.79766e-05,1.84379e-05,1.86028e-05,1.85614e-05,1.83308e-05,1.78114e-05,1.74137e-05,1.68303e-05,1.56398e-05,1.48055e-05,1.3638e-05,1.25122e-05,1.12061e-05,9.95981e-06
9.69496e-06,1.08985e-05,1.2242e-05,1.34136e-05,1.42877e-05,1.54521e-05,1.62755e-05,1.69575e-05,1.75046e-05,1.79463e-05,1.81014e-05,1.80889e-05,1.78815e-05,1.73543e-05,1.69217e-05,1.63624e-05,1.52179e-05,1.44006e-05,1.32579e-05,1.21523e-05,1.0878e-05,9.6637e-06
9.40149e-06,1.05849e-05,1.18992e-05,1.3061e-05,1.39143e-05,1.5058e-05,1.58521e-05,1.65227e-05,1.70425e-05,1.75034e-05,1.76583e-05,1.75807e-05,1.74148e-05,1.69114e-05,1.64874e-05,1.59475e-05,1.48133e-05,1.40207e-05,1.28978e-05,1.18234e-05,1.05704e-05,9.37951e-06
9.14167e-06,1.02801e-05,1.15824e-05,1.27346e-05,1.35595e-05,1.4643e-05,1.54268e-05,1.61213e-05,1.66245e-05,1.70619e-05,1.72152e-05,1.71888e-05,1.69921e-05,1.64628e-05,1.6107e-05,1.55568e-05,1.44512e-05,1.36646e-05,1.25754e-05,1.14822e-05,1.02987e-05,9.1249e-06
8.86717e-06,1.00052e-05,1.12605e-05,1.23994e-05,1.31968e-05,1.4288e-05,1.50425e-05,1.5706e-05,1.62065e-05,1.66431e-05,1.67858e-05,1.6739e-05,1.65725e-05,1.60718e-05,1.56764e-05,1.51463e-05,1.40455e-05,1.33158e-05,1.22304e-05,1.11783e-05,9.99887e-06,8.85629e-06
8.63752e-06,9.73237e-06,1.09595e-05,1.20736e-05,1.28611e-05,1.39471e-05,1.46624e-05,1.53157e-05,1.58501e-05,1.62426e-05,1.63729e-05,1.63529e-05,1.61954e-05,1.56744e-05,1.53102e-05,1.47538e-05,1.37006e-05,1.29668e-05,1.1926e-05,1.08583e-05,9.73555e-06,8.61355e-06
8.38291e-06,9.47168e-06,1.06602e-05,1.17655e-05,1.25449e-05,1.3591e-05,1.43031e-05,1.49426e-05,1.54397e-05,1.58513e-05,1.59928e-05,1.59449e-05,1.57861e-05,1.53009e-05,1.49145e-05,1.4404e-05,1.33522e-05,1.26459e-05,1.16132e-05,1.05923e-05,9.47533e-06,8.37261e-06
8.15814e-06,9.21878e-06,1.03963e-05,1.1488e-05,1.22404e-05,1.33037e-05,1.39473e-05,1.4554e-05,1.50936e-05,1.54535e-05,1.56154e-05,1.55709e-05,1.54461e-05,1.49172e-05,1.45638e-05,1.40583e-05,1.30179e-05,1.23289e-05,1.13176e-05,1.03074e-05,9.21922e-06,8.14377e-06
7.93772e-06,8.97694e-06,1.01162e-05,1.11769e-05,1.19281e-05,1.29526e-05,1.36199e-05,1.42257e-05,1.47401e-05,1.51079e-05,1.52599e-05,1.52069e-05,1.50562e-05,1.45709e-05,1.42005e-05,1.37065e-05,1.26886e-05,1.2023e-05,1.10504e-05,1.0076e-05,8.97837e-06,7.92687e-06
7.72581e-06,8.73937e-06,9.84036e-06,1.09111e-05,1.16301e-05,1.26414e-05,1.32668e-05,1.38725e-05,1.43886e-05,1.47294e-05,1.48715e-05,1.48353e-05,1.47214e-05,1.42098e-05,1.38842e-05,1.33735e-05,1.23841e-05,1.17137e-05,1.07741e-05,9.77437e-06,8.74457e-06,7.7141e-06
7.50617e-06,8.50697e-06,9.60086e-06,1.06434e-05,1.1368e-05,1.23188e-05,1.29607e-05,1.3541e-05,1.40648e-05,1.43937e-05,1.45408e-05,1.4478e-05,1.43585e-05,1.39008e-05,1.35475e-05,1.30441e-05,1.2081e-05,1.14317e-05,1.05058e-05,9.51839e-06,8.51189e-06,7.49783e-06
7.30228e-06,8.30514e-06,9.33266e-06,1.03792e-05,1.10877e-05,1.20051e-05,1.2623e-05,1.32382e-05,1.37115e-05,1.40565e-05,1.41967e-05,1.41573e-05,1.40475e-05,1.35416e-05,1.32265e-05,1.27388e-05,1.18081e-05,1.11493e-05,1.02449e-05,9.28841e-06,8.29889e-06,7.32071e-06
7.10594e-06,8.07302e-06,9.09667e-06,1.01134e-05,1.08095e-05,1.17407e-05,1.23245e-05,1.2894e-05,1.34011e-05,1.37273e-05,1.38574e-05,1.38092e-05,1.37069e-05,1.32303e-05,1.29042e-05,1.24209e-05,1.15024e-05,1.08654e-05,9.98443e-06,9.04587e-06,8.07987e-06,7.10242e-06
6.90844e-06,7.88589e-06,8.86314e-06,9.86078e-06,1.05617e-05,1.14587e-05,1.20368e-05,1.25824e-05,1.30848e-05,1.34067e-05,1.35555e-05,1.3482e-05,1.33822e-05,1.29189e-05,1.2599e-05,1.21471e-05,1.1224e-05,1.06037e-05,9.74255e-06,8.81673e-06,7.8591e-06,6.91688e-06
6.73345e-06,7.66326e-06,8.63728e-06,9.62689e-06,1.02978e-05,1.11717e-05,1.17454e-05,1.22998e-05,1.27607e-05,1.31052e-05,1.32391e-05,1.31973e-05,1.30708e-05,1.25994e-05,1.23077e-05,1.18376e-05,1.09605e-05,1.03573e-05,9.50988e-06,8.60414e-06,7.67232e-06,6.73632e-06
6.54035e-06,7.46049e-06,8.38625e-06,9.35584e-06,1.00505e-05,1.0916e-05,1.14509e-05,1.20072e-05,1.24879e-05,1.27951e-05,1.29116e-05,1.28668e-05,1.27748e-05,1.23225e-05,1.20099e-05,1.15364e-05,1.06798e-05,1.01001e-05,9.27147e-06,8.36659e-06,7.44941e-06,6.54676e-06
6.36595e-06,7.26093e-06,8.1856e-06,9.13227e-06,9.79251e-06,1.06448e-05,1.11655e-05,1.16986e-05,1.21961e-05,1.24838e-05,1.26138e-05,1.25584e-05,1.24605e-05,1.20237e-05,1.17173e-05,1.12578e-05,1.04181e-05,9.82774e-06,9.02634e-06,8.15651e-06,7.25772e-06,6.36507e-06
6.18773e-06,7.06432e-06,7.96766e-06,8.91002e-06,9.57253e-06,1.03905e-05,1.09008e-05,1.14082e-05,1.19284e-05,1.21805e-05,1.23225e-05,1.22641e-05,1.21889e-05,1.17441e-05,1.14489e-05,1.09808e-05,1.016e-05,9.57707e-06,8.8015e-06,7.93338e-06,7.07936e-06,6.19978e-06
6.02549e-06,6.87965e-06,7.76116e-06,8.68154e-06,9.32415e-06,1.01505e-05,1.06326e-05,1.11416e-05,1.16426e-05,1.18912e-05,1.20269e-05,1.19804e-05,1.18889e-05,1.14734e-05,1.11625e-05,1.07087e-05,9.92279e-06,9.34461e-06,8.58437e-06,7.74125e-06,6.88243e-06,6.02245e-06
5.85173e-06,6.70908e-06,7.57997e-06,8.45808e-06,9.11558e-06,9.86459e-06,1.03697e-05,1.08861e-05,1.13739e-05,1.16379e-05,1.1743e-05,1.17023e-05,1.16254e-05,1.12054e-05,1.09096e-05,1.04499e-05,9.67799e-06,9.10849e-06,8.36444e-06,7.53598e-06,6.70149e-06,5.87462e-06
5.69849e-06,6.53896e-06,7.36018e-06,8.25958e-06,8.87805e-06,9.64647e-06,1.0126e-05,1.06177e-05,1.10945e-05,1.13563e-05,1.14797e-05,1.1425e-05,1.13494e-05,1.09457e-05,1.06437e-05,1.02048e-05,9.41954e-06,8.9041e-06,8.17329e-06,7.34451e-06,6.52993e-06,5.70514e-06
5.55491e-06,6.37111e-06,7.1751e-06,8.05518e-06,8.66845e-06,9.41697e-06,9.88271e-06,1.03645e-05,1.08468e-05,1.10918e-05,1.12106e-05,1.11638e-05,1.10849e-05,1.06758e-05,1.04041e-05,9.94754e-06,9.2129e-06,8.66955e-06,7.96184e-06,7.15149e-06,6.35577e-06,5.55567e-06
5.39899e-06,6.19262e-06,6.98488e-06,7.84647e-06,8.43669e-06,9.18976e-06,9.63425e-06,1.01068e-05,1.05941e-05,1.0818e-05,1.09431e-05,1.08982e-05,1.0816e-05,1.04264e-05,1.01358e-05,9.70221e-06,8.98593e-06,8.44247e-06,7.75419e-06,6.96709e-06,6.18633e-06,5.39195e-06
5.25905e-06,6.0383e-06,6.80807e-06,7.63857e-06,8.2533e-06,8.96054e-06,9.39376e-06,9.8593e-06,1.03443e-05,1.05817e-05,1.06961e-05,1.06354e-05,1.05828e-05,1.0175e-05,9.92549e-06,9.46499e-06,8.76897e-06,8.22612e-06,7.55638e-06,6.78286e-06,6.0315e-06,5.26013e-06
5.10884e-06,5.87267e-06,6.62788e-06,7.44702e-06,8.03598e-06,8.74301e-06,9.16819e-06,9.61787e-06,1.01115e-05,1.03178e-05,1.0445e-05,1.03865e-05,1.03146e-05,9.95218e-06,9.6664e-06,9.25784e-06,8.55706e-06,8.02988e-06,7.37266e-06,6.6105e-06,5.85988e-06,5.11155e-06
4.96683e-06,5.7215e-06,6.45482e-06,7.25833e-06,7.85178e-06,8.52723e-06,8.94637e-06,9.39055e-06,9.86534e-06,1.00819e-05,1.0204e-05,1.01448e-05,1.00943e-05,9.71238e-06,9.44684e-06,9.00913e-06,8.3291e-06,7.83012e-06,7.18529e-06,6.43388e-06,5.70583e-06,4.97597e-06
4.83704e-06,5.56399e-06,6.28184e-06,7.06564e-06,7.6419e-06,8.32284e-06,8.74228e-06,9.16923e-06,9.64245e-06,9.8366e-06,9.96567e-06,9.92838e-06,9.83047e-06,9.48093e-06,9.20684e-06,8.78698e-06,8.13357e-06,7.64459e-06,7.01521e-06,6.27692e-06,5.55433e-06,4.83161e-06
4.7115e-06,5.43169e-06,6.1199e-06,6.89519e-06,7.46999e-06,8.12635e-06,8.52625e-06,8.96253e-06,9.4229e-06,9.63429e-06,9.74795e-06,9.67638e-06,9.62968e-06,9.26219e-06,9.00578e-06,8.58345e-06,7.92922e-06,7.43995e-06,6.82366e-06,6.10705e-06,5.41336e-06,4.71173e-06
4.58118e-06,5.28518e-06,5.96606e-06,6.71753e-06,7.27008e-06,7.92243e-06,8.32729e-06,8.7402e-06,9.20855e-06,9.39855e-06,9.50338e-06,9.46616e-06,9.40095e-06,9.05129e-06,8.7898e-06,8.36432e-06,7.75592e-06,7.26426e-06,6.6715e-06,5.94886e-06,5.26651e-06,4.57798e-06
4.45854e-06,5.13936e-06,5.80847e-06,6.53534e-06,7.10937e-06,7.7289e-06,8.11817e-06,8.52811e-06,8.98585e-06,9.17794e-06,9.28315e-06,9.23228e-06,9.17325e-06,8.83577e-06,8.58943e-06,8.15804e-06,7.55944e-06,7.07651e-06,6.48742e-06,5.79662e-06,5.11744e-06,4.45525e-06
4.32945e-06,4.99341e-06,5.66376e-06,6.37828e-06,6.93809e-06,7.52705e-06,7.92892e-06,8.32381e-06,8.77714e-06,8.9487e-06,9.0775e-06,9.02951e-06,8.95476e-06,8.62765e-06,8.38014e-06,7.9628e-06,7.37235e-06,6.89926e-06,6.32118e-06,5.65445e-06,4.98223e-06,4.33085e-06
4.21858e-06,4.88824e-06,5.52053e-06,6.20729e-06,6.7682e-06,7.36882e-06,7.73939e-06,8.12822e-06,8.59089e-06,8.7645e-06,8.87758e-06,8.82362e-06,8.76949e-06,8.42953e-06,8.19225e-06,7.78686e-06,7.20301e-06,6.73539e-06,6.16745e-06,5.50413e-06,4.86298e-06,4.22231e-06
4.10519e-06,4.7534e-06,5.38302e-06,6.04893e-06,6.61286e-06,7.19304e-06,7.5634e-06,7.94897e-06,8.418e-06,8.57578e-06,8.67732e-06,8.62476e-06,8.57194e-06,8.24381e-06,8.02136e-06,7.60904e-06,7.03898e-06,6.57032e-06,6.01656e-06,5.37438e-06,4.73803e-06,4.10767e-06
4.00051e-06,4.64174e-06,5.23255e-06,5.90484e-06,6.44092e-06,7.01711e-06,7.37803e-06,7.75141e-06,8.19826e-06,8.35297e-06,8.4748e-06,8.43413e-06,8.37089e-06,8.04888e-06,7.82782e-06,7.41712e-06,6.86125e-06,6.40444e-06,5.87054e-06,5.2333e-06,4.6113e-06,4.00091e-06
3.88544e-06,4.50288e-06,5.08566e-06,5.75502e-06,6.27964e-06,6.83534e-06,7.19726e-06,7.55004e-06,8.0008e-06,8.15523e-06,8.27652e-06,8.21891e-06,8.16316e-06,7.84866e-06,7.62611e-06,7.2206e-06,6.68671e-06,6.22659e-06,5.71193e-06,5.08346e-06,4.49071e-06,3.87759e-06
3.77914e-06,4.38085e-06,4.96769e-06,5.60017e-06,6.13209e-06,6.66303e-06,7.02089e-06,7.37936e-06,7.83071e-06,7.97316e-06,8.0821e-06,8.01681e-06,7.9717e-06,7.67373e-06,7.43712e-06,7.04168e-06,6.52589e-06,6.08398e-06,5.56903e-06,4.95092e-06,4.36445e-06,3.77382e-06
3.67795e-06,4.26004e-06,4.83303e-06,5.45943e-06,5.98154e-06,6.5009e-06,6.86242e-06,7.21095e-06,7.64047e-06,7.7978e-06,7.89342e-06,7.82825e-06,7.78449e-06,7.50882e-06,7.28353e-06,6.88407e-06,6.37586e-06,5.93632e-06,5.44265e-06,4.82735e-06,4.24484e-06,3.67005e-06
3.57589e-06,4.14995e-06,4.71423e-06,5.31862e-06,5.83678e-06,6.34301e-06,6.69755e-06,7.03727e-06,7.45456e-06,7.61895e-06,7.71737e-06,7.67175e-06,7.60643e-06,7.34138e-06,7.11173e-06,6.71919e-06,6.21711e-06,5.79404e-06,5.2966e-06,4.70498e-06,4.13323e-06,3.56729e-06
3.4774e-06,4.04357e-06,4.5833e-06,5.17455e-06,5.67748e-06,6.20228e-06,6.54977e-06,6.88069e-06,7.30126e-06,7.44547e-06,7.55412e-06,7.4963e-06,7.42463e-06,7.1469e-06,6.93671e-06,6.55927e-06,6.07919e-06,5.67013e-06,5.1675e-06,4.59072e-06,4.02512e-06,3.46518e-06
3.38713e-06,3.94513e-06,4.47118e-06,5.04412e-06,5.53881e-06,6.05253e-06,6.38608e-06,6.71821e-06,7.1374e-06,7.2701e-06,7.36962e-06,7.31289e-06,7.271e-06,6.98949e-06,6.78485e-06,6.40791e-06,5.93387e-06,5.5161e-06,5.03564e-06,4.46698e-06,3.92566e-06,3.376e-06
3.29083e-06,3.82951e-06,4.35297e-06,4.9194e-06,5.40845e-06,5.89363e-06,6.24164e-06,6.56092e-06,6.98212e-06,7.12017e-06,7.19631e-06,7.14277e-06,7.09709e-06,6.82567e-06,6.61634e-06,6.25211e-06,5.78948e-06,5.37623e-06,4.91533e-06,4.34464e-06,3.81463e-06,3.28727e-06
3.20947e-06,3.74034e-06,4.24112e-06,4.80384e-06,5.28031e-06,5.7483e-06,6.09758e-06,6.41612e-06,6.82048e-06,6.95367e-06,7.03248e-06,6.98622e-06,6.95024e-06,6.693e-06,6.4674e-06,6.09959e-06,5.65455e-06,5.25878e-06,4.79859e-06,4.23087e-06,3.7092e-06,3.19776e-06
3.12405e-06,3.63626e-06,4.13289e-06,4.66579e-06,5.13606e-06,5.62004e-06,5.95544e-06,6.26169e-06,6.66341e-06,6.79012e-06,6.88607e-06,6.84743e-06,6.76683e-06,6.52089e-06,6.32122e-06,5.95622e-06,5.52452e-06,5.12529e-06,4.6685e-06,4.14303e-06,3.60679e-06,3.10504e-06
3.03762e-06,3.55113e-06,4.03505e-06,4.56616e-06,5.02774e-06,5.48134e-06,5.80763e-06,6.11766e-06,6.50836e-06,6.63897e-06,6.71932e-06,6.67584e-06,6.62258e-06,6.38777e-06,6.17732e-06,5.8143e-06,5.3955e-06,5.00779e-06,4.54735e-06,4.02049e-06,3.51869e-06,3.0242e-06
2.94974e-06,3.44994e-06,3.92641e-06,4.44568e-06,4.89809e-06,5.3569e-06,5.6846e-06,5.96974e-06,6.36105e-06,6.50009e-06,6.57306e-06,6.53485e-06,6.467e-06,6.23055e-06,6.03892e-06,5.69748e-06,5.26637e-06,4.88975e-06,4.45692e-06,3.93165e-06,3.42349e-06,2.93457e-06
2.8781e-06,3.36178e-06,3.82718e-06,4.34721e-06,4.77783e-06,5.23851e-06,5.55643e-06,5.84402e-06,6.19719e-06,6.34769e-06,6.42465e-06,6.39563e-06,6.3299e-06,6.08567e-06,5.90266e-06,5.55111e-06,5.15296e-06,4.77422e-06,4.3411e-06,3.82364e-06,3.341e-06,2.86646e-06
2.80592e-06,3.27968e-06,3.73201e-06,4.22827e-06,4.65977e-06,5.10708e-06,5.43062e-06,5.70657e-06,6.07055e-06,6.18612e-06,6.28375e-06,6.25932e-06,6.19368e-06,5.96923e-06,5.75215e-06,5.42301e-06,5.02296e-06,4.66598e-06,4.23192e-06,3.74379e-06,3.24255e-06,2.77732e-06
2.72579e-06,3.19085e-06,3.64506e-06,4.13104e-06,4.55129e-06,4.99508e-06,5.30323e-06,5.57682e-06,5.95373e-06,6.07353e-06,6.13201e-06,6.10989e-06,6.05483e-06,5.83565e-06,5.63037e-06,5.29682e-06,4.91777e-06,4.54345e-06,4.11798e-06,3.63409e-06,3.16634e-06,2.7085e-06
2.65267e-06,3.1231e-06,3.54391e-06,4.03094e-06,4.4449e-06,4.86676e-06,5.18292e-06,5.44782e-06,5.81602e-06,5.93604e-06,6.00185e-06,5.97908e-06,5.90255e-06,5.69662e-06,5.49731e-06,5.17618e-06,4.80538e-06,4.44248e-06,4.03424e-06,3.54194e-06,3.07871e-06,2.63294e-06
2.577e-06,3.03704e-06,3.45646e-06,3.94096e-06,4.34565e-06,4.75351e-06,5.06599e-06,5.33157e-06,5.68953e-06,5.81037e-06,5.87438e-06,5.83647e-06,5.78264e-06,5.57406e-06,5.3787e-06,5.0578e-06,4.69783e-06,4.33305e-06,3.92966e-06,3.44585e-06,3.00469e-06,2.57059e-06
2.50823e-06,2.94871e-06,3.36715e-06,3.83527e-06,4.24238e-06,4.64533e-06,4.95392e-06,5.21599e-06,5.56309e-06,5.67808e-06,5.75015e-06,5.7157e-06,5.65441e-06,5.45512e-06,5.24934e-06,4.95171e-06,4.59117e-06,4.23306e-06,3.83488e-06,3.37783e-06,2.92667e-06,2.489e-06
2.44753e-06,2.8758e-06,3.29168e-06,3.74193e-06,4.13506e-06,4.53454e-06,4.84404e-06,5.0933e-06,5.43924e-06,5.55114e-06,5.61508e-06,5.58471e-06,5.52883e-06,5.32862e-06,5.13571e-06,4.83181e-06,4.47959e-06,4.13189e-06,3.74235e-06,3.28979e-06,2.85248e-06,2.43374e-06
2.3784e-06,2.79547e-06,3.21112e-06,3.64784e-06,4.0554e-06,4.4351e-06,4.73629e-06,4.98293e-06,5.31574e-06,5.43392e-06,5.50068e-06,5.47222e-06,5.41041e-06,5.22435e-06,5.02079e-06,4.72895e-06,4.38081e-06,4.03815e-06,3.66013e-06,3.21072e-06,2.77313e-06,2.3651e-06
2.31528e-06,2.73335e-06,3.13611e-06,3.56687e-06,3.95127e-06,4.3299e-06,4.62431e-06,4.87147e-06,5.20138e-06,5.31691e-06,5.37918e-06,5.34465e-06,5.29466e-06,5.10952e-06,4.90384e-06,4.61607e-06,4.2817e-06,3.94093e-06,3.56341e-06,3.12899e-06,2.70465e-06,2.30513e-06
2.254e-06,2.65888e-06,3.05181e-06,3.48023e-06,3.85328e-06,4.23218e-06,4.5342e-06,4.76704e-06,5.09486e-06,5.19571e-06,5.26023e-06,5.24891e-06,5.17828e-06,4.99635e-06,4.79984e-06,4.51737e-06,4.19866e-06,3.86694e-06,3.48373e-06,3.05432e-06,2.63424e-06,2.24197e-06
2.20806e-06,2.59938e-06,2.98306e-06,3.39108e-06,3.76821e-06,4.13309e-06,4.43448e-06,4.67464e-06,4.97817e-06,5.09332e-06,5.14058e-06,5.13424e-06,5.08013e-06,4.89788e-06,4.69555e-06,4.40771e-06,4.10006e-06,3.77857e-06,3.39972e-06,2.98526e-06,2.56495e-06,2.18665e-06
2.14541e-06,2.52842e-06,2.90458e-06,3.32619e-06,3.68006e-06,4.03389e-06,4.33761e-06,4.56047e-06,4.88308e-06,4.97656e-06,5.03335e-06,5.02409e-06,4.95218e-06,4.77943e-06,4.59881e-06,4.31735e-06,4.0069e-06,3.6889e-06,3.32437e-06,2.8988e-06,2.50835e-06,2.1251e-06
2.08977e-06,2.4724e-06,2.84741e-06,3.23662e-06,3.59342e-06,3.94738e-06,4.25106e-06,4.46733e-06,4.78508e-06,4.88494e-06,4.9283e-06,4.92024e-06,4.8425e-06,4.67851e-06,4.4921e-06,4.22158e-06,3.91522e-06,3.59975e-06,3.24001e-06,2.83425e-06,2.44561e-06,2.07263e-06
2.0296e-06,2.40772e-06,2.77094e-06,3.16622e-06,3.5119e-06,3.86787e-06,4.15238e-06,4.37259e-06,4.67483e-06,4.76382e-06,4.82581e-06,4.81503e-06,4.74755e-06,4.58419e-06,4.40369e-06,4.13917e-06,3.83535e-06,3.52206e-06,3.17402e-06,2.77705e-06,2.38725e-06,2.01915e-06
1.98239e-06,2.34821e-06,2.70932e-06,3.09064e-06,3.43682e-06,3.77038e-06,4.06094e-06,4.26716e-06,4.56605e-06,4.67316e-06,4.7197e-06,4.70551e-06,4.63889e-06,4.48842e-06,4.30184e-06,4.03448e-06,3.74203e-06,3.44067e-06,3.09084e-06,2.69969e-06,2.32471e-06,1.96435e-06
1.92791e-06,2.28723e-06,2.64059e-06,3.02252e-06,3.3456e-06,3.69061e-06,3.9761e-06,4.18542e-06,4.48161e-06,4.57781e-06,4.62542e-06,4.60632e-06,4.54149e-06,4.38524e-06,4.211e-06,3.95481e-06,3.66827e-06,3.36607e-06,3.02496e-06,2.64255e-06,2.27089e-06,1.92031e-06
1.87575e-06,2.23087e-06,2.57973e-06,2.95233e-06,3.276e-06,3.60928e-06,3.89053e-06,4.0968e-06,4.39261e-06,4.48579e-06,4.53585e-06,4.50017e-06,4.44666e-06,4.29579e-06,4.11371e-06,3.86726e-06,3.58479e-06,3.29116e-06,2.95067e-06,2.58159e-06,2.21478e-06,1.86992e-06
1.83071e-06,2.17516e-06,2.5213e-06,2.87638e-06,3.19895e-06,3.53106e-06,3.80505e-06,4.00942e-06,4.29107e-06,4.37056e-06,4.43557e-06,4.42548e-06,4.35856e-06,4.20254e-06,4.0224e-06,3.78038e-06,3.50743e-06,3.22277e-06,2.88389e-06,2.52279e-06,2.15818e-06,1.82044e-06
1.79472e-06,2.11967e-06,2.4545e-06,2.82543e-06,3.13022e-06,3.44707e-06,3.7298e-06,3.92666e-06,4.20501e-06,4.28574e-06,4.3354e-06,4.33013e-06,4.26119e-06,4.11845e-06,3.93513e-06,3.69998e-06,3.43663e-06,3.15613e-06,2.82064e-06,2.45837e-06,2.10243e-06,1.77114e-06
1.73938e-06,2.07621e-06,2.40076e-06,2.75851e-06,3.05769e-06,3.3768e-06,3.64955e-06,3.83458e-06,4.11262e-06,4.19922e-06,4.25059e-06,4.24245e-06,4.17581e-06,4.03332e-06,3.85506e-06,3.61849e-06,3.35352e-06,3.07344e-06,2.76277e-06,2.39932e-06,2.05433e-06,1.72258e-06
1.69519e-06,2.02139e-06,2.34599e-06,2.69071e-06,2.99764e-06,3.30211e-06,3.57557e-06,3.76135e-06,4.02162e-06,4.11545e-06,4.16086e-06,4.15474e-06,4.08654e-06,3.94551e-06,3.76739e-06,3.54334e-06,3.29156e-06,3.00935e-06,2.69843e-06,2.33762e-06,2.00132e-06,1.68384e-06
1.6514e-06,1.97355e-06,2.29123e-06,2.6348e-06,2.92975e-06,3.23282e-06,3.49653e-06,3.67105e-06,3.94765e-06,4.02298e-06,4.07466e-06,4.06445e-06,3.99948e-06,3.86548e-06,3.69173e-06,3.46441e-06,3.21334e-06,2.93668e-06,2.63475e-06,2.29066e-06,1.95869e-06,1.63442e-06
1.61122e-06,1.92851e-06,2.23724e-06,2.57208e-06,2.8617e-06,3.15798e-06,3.41988e-06,3.60267e-06,3.85758e-06,3.94646e-06,3.98412e-06,3.97765e-06,3.91491e-06,3.78654e-06,3.60986e-06,3.39287e-06,3.1459e-06,2.87842e-06,2.5728e-06,2.23668e-06,1.90679e-06,1.60073e-06
1.56897e-06,1.87835e-06,2.18449e-06,2.5122e-06,2.7964e-06,3.09315e-06,3.3508e-06,3.52414e-06,3.77782e-06,3.86388e-06,3.90479e-06,3.89435e-06,3.83491e-06,3.70904e-06,3.53593e-06,3.32107e-06,3.07848e-06,2.81111e-06,2.52055e-06,2.18638e-06,1.86226e-06,1.56012e-06
1.53659e-06,1.83554e-06,2.13867e-06,2.46015e-06,2.73713e-06,3.02188e-06,3.27705e-06,3.44967e-06,3.69815e-06,3.78006e-06,3.82371e-06,3.81001e-06,3.76104e-06,3.6323e-06,3.4593e-06,3.2474e-06,3.0147e-06,2.74889e-06,2.46654e-06,2.13581e-06,1.82311e-06,1.52305e-06
1.50382e-06,1.79228e-06,2.08473e-06,2.40313e-06,2.67335e-06,2.95252e-06,3.21592e-06,3.37965e-06,3.63548e-06,3.69196e-06,3.74293e-06,3.73963e-06,3.67805e-06,3.55588e-06,3.3812e-06,3.17545e-06,2.95386e-06,2.69648e-06,2.4138e-06,2.08914e-06,1.77991e-06,1.48181e-06
1.46315e-06,1.75063e-06,2.03747e-06,2.35487e-06,2.60552e-06,2.89724e-06,3.14729e-06,3.3155e-06,3.55312e-06,3.62644e-06,3.6703e-06,3.66049e-06,3.59729e-06,3.49157e-06,3.31796e-06,3.11224e-06,2.89897e-06,2.63938e-06,2.361e-06,2.04689e-06,1.73484e-06,1.44988e-06
1.4258e-06,1.70703e-06,1.99772e-06,2.30083e-06,2.55959e-06,2.82985e-06,3.07819e-06,3.24429e-06,3.4781e-06,3.55399e-06,3.59435e-06,3.58668e-06,3.52961e-06,3.41167e-06,3.2452e-06,3.04318e-06,2.82966e-06,2.57783e-06,2.30242e-06,1.99169e-06,1.69669e-06,1.41165e-06
1.38999e-06,1.66636e-06,1.95001e-06,2.25232e-06,2.49871e-06,2.77179e-06,3.01613e-06,3.17648e-06,3.40447e-06,3.47897e-06,3.5216e-06,3.51746e-06,3.45785e-06,3.34509e-06,3.17553e-06,2.98044e-06,2.76929e-06,2.5211e-06,2.25727e-06,1.94586e-06,1.65404e-06,1.37597e-06
1.35469e-06,1.62238e-06,1.90464e-06,2.1978e-06,2.44605e-06,2.7103e-06,2.95158e-06,3.10975e-06,3.33007e-06,3.40752e-06,3.44893e-06,3.44377e-06,3.38462e-06,3.2734e-06,3.10933e-06,2.91674e-06,2.71269e-06,2.46874e-06,2.20231e-06,1.9019e-06,1.61398e-06,1.34377e-06
1.32834e-06,1.58889e-06,1.86302e-06,2.15137e-06,2.39817e-06,2.65198e-06,2.88956e-06,3.04591e-06,3.26825e-06,3.34264e-06,3.37793e-06,3.37037e-06,3.31844e-06,3.20823e-06,3.04329e-06,2.85268e-06,2.65259e-06,2.41592e-06,2.15266e-06,1.85984e-06,1.57793e-06,1.30982e-06
1.29068e-06,1.5529e-06,1.8197e-06,2.10536e-06,2.34118e-06,2.60057e-06,2.83059e-06,2.97714e-06,3.1999e-06,3.27221e-06,3.30884e-06,3.29827e-06,3.24957e-06,3.14031e-06,2.98403e-06,2.79715e-06,2.59669e-06,2.36469e-06,2.10893e-06,1.81867e-06,1.54087e-06,1.28133e-06
1.25848e-06,1.51704e-06,1.7789e-06,2.05407e-06,2.28411e-06,2.54201e-06,2.77191e-06,2.91862e-06,3.12598e-06,3.20649e-06,3.24437e-06,3.23779e-06,3.18197e-06,3.07223e-06,2.91809e-06,2.73814e-06,2.54254e-06,2.31391e-06,2.05992e-06,1.78015e-06,1.50118e-06,1.25202e-06
1.23556e-06,1.48439e-06,1.73619e-06,2.01573e-06,2.23893e-06,2.48458e-06,2.71559e-06,2.85951e-06,3.06861e-06,3.13699e-06,3.17122e-06,3.17418e-06,3.11896e-06,3.01678e-06,2.85456e-06,2.67346e-06,2.49085e-06,2.26657e-06,2.02117e-06,1.73823e-06,1.47288e-06,1.21843e-06
1.20352e-06,1.44822e-06,1.69865e-06,1.9691e-06,2.19257e-06,2.43773e-06,2.65842e-06,2.79971e-06,3.00539e-06,3.07122e-06,3.10533e-06,3.10367e-06,3.05027e-06,2.95504e-06,2.79818e-06,2.62006e-06,2.43842e-06,2.21577e-06,1.97381e-06,1.69897e-06,1.43497e-06,1.18707e-06
1.17196e-06,1.41263e-06,1.66044e-06,1.92758e-06,2.14591e-06,2.38227e-06,2.60373e-06,2.74177e-06,2.94037e-06,3.00903e-06,3.04646e-06,3.04355e-06,2.98961e-06,2.89352e-06,2.73612e-06,2.56437e-06,2.38775e-06,2.16571e-06,1.93433e-06,1.65819e-06,1.40129e-06,1.15897e-06
1.14662e-06,1.37531e-06,1.62705e-06,1.88713e-06,2.09874e-06,2.33323e-06,2.55075e-06,2.68459e-06,2.88013e-06,2.94711e-06,2.98932e-06,2.98377e-06,2.92515e-06,2.83187e-06,2.67837e-06,2.51211e-06,2.33433e-06,2.11653e-06,1.88896e-06,1.62426e-06,1.36988e-06,1.13051e-06
1.11739e-06,1.34665e-06,1.58706e-06,1.84696e-06,2.05664e-06,2.28174e-06,2.49689e-06,2.63029e-06,2.82778e-06,2.89439e-06,2.92518e-06,2.91982e-06,2.86968e-06,2.77974e-06,2.62419e-06,2.45963e-06,2.28931e-06,2.07221e-06,1.84381e-06,1.58554e-06,1.34004e-06,1.10224e-06
1.09076e-06,1.31143e-06,1.55134e-06,1.80829e-06,2.00891e-06,2.2342e-06,2.44218e-06,2.57402e-06,2.76498e-06,2.82958e-06,2.86557e-06,2.85923e-06,2.8123e-06,2.71957e-06,2.56939e-06,2.40646e-06,2.24118e-06,2.02848e-06,1.80347e-06,1.54894e-06,1.30853e-06,1.0757e-06
1.06349e-06,1.28311e-06,1.51787e-06,1.76948e-06,1.96531e-06,2.18852e-06,2.39132e-06,2.52085e-06,2.70845e-06,2.77236e-06,2.80523e-06,2.79829e-06,2.75398e-06,2.66561e-06,2.5207e-06,2.35938e-06,2.19467e-06,1.9828e-06,1.76635e-06,1.51575e-06,1.27978e-06,1.05069e-06
1.04346e-06,1.25184e-06,1.48494e-06,1.7295e-06,1.92561e-06,2.13881e-06,2.34435e-06,2.47182e-06,2.65273e-06,2.71739e-06,2.74954e-06,2.75035e-06,2.70115e-06,2.60685e-06,2.46189e-06,2.30436e-06,2.14808e-06,1.94535e-06,1.72643e-06,1.48011e-06,1.24901e-06,1.02726e-06
1.01775e-06,1.22603e-06,1.44958e-06,1.69208e-06,1.88386e-06,2.09465e-06,2.29281e-06,2.41671e-06,2.59977e-06,2.65574e-06,2.69114e-06,2.6904e-06,2.64272e-06,2.56045e-06,2.40898e-06,2.25478e-06,2.10196e-06,1.90115e-06,1.68869e-06,1.44915e-06,1.22414e-06,9.99712e-07
9.91055e-07,1.19619e-06,1.41738e-06,1.65287e-06,1.84132e-06,2.05137e-06,2.2447e-06,2.36832e-06,2.54348e-06,2.6031e-06,2.63889e-06,2.634e-06,2.58981e-06,2.50548e-06,2.36141e-06,2.20927e-06,2.05644e-06,1.85842e-06,1.64961e-06,1.41568e-06,1.19374e-06,9.74996e-07
9.68016e-07,1.16618e-06,1.38681e-06,1.61887e-06,1.80471e-06,2.00589e-06,2.20147e-06,2.31637e-06,2.49393e-06,2.54808e-06,2.5824e-06,2.58144e-06,2.53312e-06,2.45102e-06,2.31184e-06,2.16237e-06,2.01548e-06,1.81594e-06,1.61927e-06,1.3828e-06,1.16582e-06,9.52949e-07
9.44712e-07,1.14031e-06,1.35328e-06,1.58e-06,1.76233e-06,1.96331e-06,2.15205e-06,2.26932e-06,2.4429e-06,2.49732e-06,2.53084e-06,2.52531e-06,2.48266e-06,2.40298e-06,2.26515e-06,2.1168e-06,1.97228e-06,1.77795e-06,1.57919e-06,1.35262e-06,1.13865e-06,9.28875e-07
9.2225e-07,1.1136e-06,1.32339e-06,1.54687e-06,1.72474e-06,1.92175e-06,2.10556e-06,2.22352e-06,2.39023e-06,2.44578e-06,2.47905e-06,2.47612e-06,2.4318e-06,2.35437e-06,2.21793e-06,2.07185e-06,1.92972e-06,1.73957e-06,1.54427e-06,1.32179e-06,1.11237e-06,9.06315e-07
9.00771e-07,1.09032e-06,1.29667e-06,1.5143e-06,1.68927e-06,1.88207e-06,2.06036e-06,2.17761e-06,2.34602e-06,2.39681e-06,2.43068e-06,2.42524e-06,2.38291e-06,2.30921e-06,2.17378e-06,2.02697e-06,1.88842e-06,1.7027e-06,1.50834e-06,1.29289e-06,1.08792e-06,8.84961e-07
8.79031e-07,1.06294e-06,1.26349e-06,1.48011e-06,1.65205e-06,1.84191e-06,2.01874e-06,2.13073e-06,2.29376e-06,2.34469e-06,2.38088e-06,2.37748e-06,2.3342e-06,2.25629e-06,2.12751e-06,1.98719e-06,1.84923e-06,1.66703e-06,1.47477e-06,1.26397e-06,1.06166e-06,8.62975e-07
8.57579e-07,1.03793e-06,1.23524e-06,1.44789e-06,1.61464e-06,1.8026e-06,1.97662e-06,2.08614e-06,2.24627e-06,2.29688e-06,2.33313e-06,2.32878e-06,2.28751e-06,2.20976e-06,2.08321e-06,1.94484e-06,1.81018e-06,1.63051e-06,1.44311e-06,1.23518e-06,1.03736e-06,8.42345e-07
8.39727e-07,1.01212e-06,1.20787e-06,1.41627e-06,1.58208e-06,1.76386e-06,1.93548e-06,2.04556e-06,2.20136e-06,2.25019e-06,2.28218e-06,2.28206e-06,2.23851e-06,2.16967e-06,2.03914e-06,1.89976e-06,1.77309e-06,1.59605e-06,1.41248e-06,1.20668e-06,1.0154e-06,8.20805e-07
8.1781e-07,9.90499e-07,1.18179e-06,1.3853e-06,1.55166e-06,1.72648e-06,1.89495e-06,2.00014e-06,2.15111e-06,2.20451e-06,2.23722e-06,2.23583e-06,2.19477e-06,2.12186e-06,1.99746e-06,1.86226e-06,1.73392e-06,1.55881e-06,1.38179e-06,1.17964e-06,9.90687e-07,8.01469e-07
7.9759e-07,9.67219e-07,1.15611e-06,1.35531e-06,1.5157e-06,1.69062e-06,1.85455e-06,1.95755e-06,2.11111e-06,2.15864e-06,2.19265e-06,2.19072e-06,2.14967e-06,2.07833e-06,1.95398e-06,1.82279e-06,1.69722e-06,1.52407e-06,1.35057e-06,1.15298e-06,9.67665e-07,7.81727e-07
7.78236e-07,9.44596e-07,1.12759e-06,1.32629e-06,1.48045e-06,1.65482e-06,1.81449e-06,1.91716e-06,2.0649e-06,2.11377e-06,2.14731e-06,2.14463e-06,2.10243e-06,2.03679e-06,1.91543e-06,1.78551e-06,1.66147e-06,1.4903e-06,1.32076e-06,1.12703e-06,9.45659e-07,7.62778e-07
7.61313e-07,9.21528e-07,1.10282e-06,1.29472e-06,1.4504e-06,1.61786e-06,1.77713e-06,1.8794e-06,2.02009e-06,2.07018e-06,2.10015e-06,2.10065e-06,2.06234e-06,1.99453e-06,1.87461e-06,1.74515e-06,1.62647e-06,1.45972e-06,1.29259e-06,1.10019e-06,9.23198e-07,7.44604e-07
7.41609e-07,8.99462e-07,1.07669e-06,1.26458e-06,1.41801e-06,1.58242e-06,1.73942e-06,1.83928e-06,1.97991e-06,2.02754e-06,2.05888e-06,2.0579e-06,2.01804e-06,1.95397e-06,1.83608e-06,1.70837e-06,1.59193e-06,1.42692e-06,1.26272e-06,1.07516e-06,9.01256e-07,7.25639e-07
7.24809e-07,8.79494e-07,1.0513e-06,1.23835e-06,1.38867e-06,1.54765e-06,1.70279e-06,1.80009e-06,1.9403e-06,1.98577e-06,2.01744e-06,2.01667e-06,1.9781e-06,1.9156e-06,1.79754e-06,1.67156e-06,1.55962e-06,1.39578e-06,1.23629e-06,1.05112e-06,8.80401e-07,7.08141e-07
7.0637e-07,8.59372e-07,1.02984e-06,1.21114e-06,1.35786e-06,1.51582e-06,1.66621e-06,1.76217e-06,1.89669e-06,1.94323e-06,1.97557e-06,1.97697e-06,1.93663e-06,1.87439e-06,1.76105e-06,1.63719e-06,1.52497e-06,1.36596e-06,1.20725e-06,1.0265e-06,8.6036e-07,6.90834e-07
6.90566e-07,8.38372e-07,1.00488e-06,1.18343e-06,1.32972e-06,1.48324e-06,1.6322e-06,1.72644e-06,1.85864e-06,1.90236e-06,1.93523e-06,1.93546e-06,1.8978e-06,1.83744e-06,1.72422e-06,1.60151e-06,1.4934e-06,1.33507e-06,1.18191e-06,1.00394e-06,8.41434e-07,6.73561e-07
6.71756e-07,8.1646e-07,9.82362e-07,1.15726e-06,1.3e-06,1.45126e-06,1.59737e-06,1.69005e-06,1.82042e-06,1.8637e-06,1.89618e-06,1.89738e-06,1.85965e-06,1.79852e-06,1.68958e-06,1.56773e-06,1.46242e-06,1.30631e-06,1.15473e-06,9.80507e-07,8.20007e-07,6.57556e-07
6.56082e-07,7.97842e-07,9.59193e-07,1.13032e-06,1.2712e-06,1.42043e-06,1.56381e-06,1.65529e-06,1.78411e-06,1.82592e-06,1.85828e-06,1.8587e-06,1.82096e-06,1.76107e-06,1.6534e-06,1.53548e-06,1.43134e-06,1.27675e-06,1.13101e-06,9.57403e-07,8.00516e-07,6.40823e-07
6.40244e-07,7.79622e-07,9.37638e-07,1.10619e-06,1.24412e-06,1.39032e-06,1.52988e-06,1.62038e-06,1.74479e-06,1.78843e-06,1.82109e-06,1.82005e-06,1.78504e-06,1.72583e-06,1.62008e-06,1.50258e-06,1.40014e-06,1.24929e-06,1.10435e-06,9.35996e-07,7.82888e-07,6.25004e-07
6.23852e-07,7.60878e-07,9.16888e-07,1.08045e-06,1.21617e-06,1.36053e-06,1.49741e-06,1.58915e-06,1.70898e-06,1.75176e-06,1.78205e-06,1.78404e-06,1.74852e-06,1.69131e-06,1.58706e-06,1.47299e-06,1.37034e-06,1.22112e-06,1.07996e-06,9.15475e-07,7.64267e-07,6.10797e-07
6.09237e-07,7.43391e-07,8.94604e-07,1.05709e-06,1.19065e-06,1.33253e-06,1.46648e-06,1.55352e-06,1.67553e-06,1.71537e-06,1.74741e-06,1.7472e-06,1.71343e-06,1.65511e-06,1.55407e-06,1.44136e-06,1.34214e-06,1.1951e-06,1.05592e-06,8.94107e-07,7.46303e-07,5.94838e-07
5.95152e-07,7.2569e-07,8.74325e-07,1.03341e-06,1.1659e-06,1.30393e-06,1.4355e-06,1.52222e-06,1.64028e-06,1.68075e-06,1.71159e-06,1.71466e-06,1.67867e-06,1.62151e-06,1.52331e-06,1.41079e-06,1.31336e-06,1.16972e-06,1.03147e-06,8.73611e-07,7.28331e-07,5.80269e-07
5.791e-07,7.08207e-07,8.54798e-07,1.00858e-06,1.14009e-06,1.27481e-06,1.40543e-06,1.49032e-06,1.60393e-06,1.64661e-06,1.67587e-06,1.67836e-06,1.64395e-06,1.58985e-06,1.49215e-06,1.38102e-06,1.28583e-06,1.14277e-06,1.0112e-06,8.53188e-07,7.10782e-07,5.66149e-07
5.66235e-07,6.92461e-07,8.34561e-07,9.87382e-07,1.1158e-06,1.24877e-06,1.37604e-06,1.46056e-06,1.57243e-06,1.61265e-06,1.643e-06,1.64535e-06,1.61172e-06,1.5582e-06,1.46113e-06,1.3504e-06,1.25879e-06,1.11811e-06,9.88867e-07,8.33815e-07,6.95668e-07,5.51752e-07
5.51574e-07,6.75994e-07,8.15883e-07,9.65344e-07,1.09236e-06,1.22292e-06,1.34688e-06,1.43058e-06,1.54024e-06,1.58132e-06,1.60948e-06,1.611e-06,1.57898e-06,1.52606e-06,1.43121e-06,1.32269e-06,1.23218e-06,1.09281e-06,9.6726e-07,8.14387e-07,6.78347e-07,5.38599e-07
5.38046e-07,6.58195e-07,7.96921e-07,9.44106e-07,1.0688e-06,1.19543e-06,1.31896e-06,1.40118e-06,1.51241e-06,1.54812e-06,1.57768e-06,1.58075e-06,1.54644e-06,1.49542e-06,1.402e-06,1.29522e-06,1.2059e-06,1.06849e-06,9.44635e-07,7.94794e-07,6.61622e-07,5.24534e-07
5.2448e-07,6.42901e-07,7.79031e-07,9.23938e-07,1.04512e-06,1.17265e-06,1.29115e-06,1.3717e-06,1.47909e-06,1.51671e-06,1.5462e-06,1.54892e-06,1.5169e-06,1.4654e-06,1.37624e-06,1.27015e-06,1.18054e-06,1.04606e-06,9.2297e-07,7.78073e-07,6.47414e-07,5.11091e-07
5.1205e-07,6.27682e-07,7.61298e-07,9.02755e-07,1.02301e-06,1.14661e-06,1.26425e-06,1.34517e-06,1.44846e-06,1.48664e-06,1.51532e-06,1.51761e-06,1.48574e-06,1.43637e-06,1.3454e-06,1.24258e-06,1.15502e-06,1.02268e-06,9.03028e-07,7.59957e-07,6.31199e-07,4.99388e-07
4.99575e-07,6.13683e-07,7.43774e-07,8.81835e-07,1.00037e-06,1.12231e-06,1.23884e-06,1.31665e-06,1.41956e-06,1.45694e-06,1.48754e-06,1.48832e-06,1.45688e-06,1.40797e-06,1.32034e-06,1.21656e-06,1.1328e-06,1.00079e-06,8.83268e-07,7.4201e-07,6.16935e-07,4.86502e-07
4.87418e-07,5.99541e-07,7.25861e-07,8.62479e-07,9.80853e-07,1.09928e-06,1.21209e-06,1.28951e-06,1.39117e-06,1.42675e-06,1.4579e-06,1.45938e-06,1.42558e-06,1.37836e-06,1.29237e-06,1.19201e-06,1.10758e-06,9.78203e-07,8.6381e-07,7.25592e-07,6.02671e-07,4.74447e-07
4.75181e-07,5.84141e-07,7.09654e-07,8.42168e-07,9.60174e-07,1.07497e-06,1.18814e-06,1.26626e-06,1.36433e-06,1.3981e-06,1.42868e-06,1.43247e-06,1.39892e-06,1.35307e-06,1.26734e-06,1.16653e-06,1.08435e-06,9.57594e-07,8.44059e-07,7.08278e-07,5.87401e-07,4.63647e-07
4.63801e-07,5.71063e-07,6.94215e-07,8.24282e-07,9.39781e-07,1.05409e-06,1.16295e-06,1.23824e-06,1.33482e-06,1.37191e-06,1.40088e-06,1.40332e-06,1.37162e-06,1.32452e-06,1.24316e-06,1.14299e-06,1.06376e-06,9.37804e-07,8.26548e-07,6.92199e-07,5.74602e-07,4.51121e-07
4.52047e-07,5.57605e-07,6.78576e-07,8.062e-07,9.18721e-07,1.03242e-06,1.14159e-06,1.21368e-06,1.31118e-06,1.34465e-06,1.37464e-06,1.37879e-06,1.34802e-06,1.30058e-06,1.21882e-06,1.12046e-06,1.04371e-06,9.17412e-07,8.0947e-07,6.76765e-07,5.60299e-07,4.40438e-07
4.40783e-07,5.44735e-07,6.62604e-07,7.87975e-07,8.99667e-07,1.01029e-06,1.11711e-06,1.19121e-06,1.28345e-06,1.31791e-06,1.34803e-06,1.35019e-06,1.31828e-06,1.27508e-06,1.19321e-06,1.09639e-06,1.02097e-06,8.96503e-07,7.91686e-07,6.60388e-07,5.46606e-07,4.29374e-07
4.30847e-07,5.31566e-07,6.47416e-07,7.70437e-07,8.79689e-07,9.89537e-07,1.09535e-06,1.16838e-06,1.26121e-06,1.29424e-06,1.32051e-06,1.32661e-06,1.29544e-06,1.24999e-06,1.17336e-06,1.07451e-06,1.00019e-06,8.78619e-07,7.72988e-07,6.46362e-07,5.35231e-07,4.17968e-07
4.2e-07,5.18852e-07,6.33667e-07,7.53772e-07,8.61593e-07,9.69335e-07,1.0722e-06,1.14591e-06,1.23553e-06,1.26943e-06,1.29886e-06,1.29971e-06,1.27167e-06,1.22583e-06,1.14922e-06,1.05407e-06,9.78568e-07,8.56381e-07,7.57068e-07,6.31331e-07,5.22534e-07,4.08259e-07
4.08781e-07,5.07161e-07,6.18477e-07,7.37938e-07,8.45171e-07,9.50928e-07,1.05024e-06,1.12217e-06,1.21093e-06,1.24327e-06,1.27304e-06,1.27445e-06,1.24861e-06,1.20275e-06,1.12921e-06,1.0331e-06,9.59778e-07,8.40923e-07,7.40478e-07,6.16815e-07,5.10131e-07,3.98286e-07
3.99074e-07,4.9451e-07,6.049e-07,7.21544e-07,8.26997e-07,9.31614e-07,1.0297e-06,1.0981e-06,1.18895e-06,1.22067e-06,1.2483e-06,1.2524e-06,1.22184e-06,1.17757e-06,1.10384e-06,1.01199e-06,9.40654e-07,8.21823e-07,7.2425e-07,6.03122e-07,4.98073e-07,3.8806e-07
3.88954e-07,4.83843e-07,5.90991e-07,7.06262e-07,8.08298e-07,9.09903e-07,1.00891e-06,1.07954e-06,1.16594e-06,1.19733e-06,1.22533e-06,1.22782e-06,1.20204e-06,1.15612e-06,1.08521e-06,9.91688e-07,9.22021e-07,8.0492e-07,7.09381e-07,5.88798e-07,4.86777e-07,3.78575e-07
3.79589e-07,4.71845e-07,5.78058e-07,6.91223e-07,7.92857e-07,8.94115e-07,9.90018e-07,1.05759e-06,1.146e-06,1.17408e-06,1.20195e-06,1.20406e-06,1.17426e-06,1.13564e-06,1.06399e-06,9.74293e-07,9.03161e-07,7.87908e-07,6.94264e-07,5.77013e-07,4.75406e-07,3.6988e-07
3.70744e-07,4.60966e-07,5.64153e-07,6.73947e-07,7.76918e-07,8.7845e-07,9.68831e-07,1.03749e-06,1.12224e-06,1.1526e-06,1.18124e-06,1.18168e-06,1.15612e-06,1.11437e-06,1.04372e-06,9.55418e-07,8.84483e-07,7.69549e-07,6.80212e-07,5.62204e-07,4.64788e-07,3.60266e-07
3.61422e-07,4.50366e-07,5.5223e-07,6.59753e-07,7.62041e-07,8.58345e-07,9.53506e-07,1.01992e-06,1.10071e-06,1.13376e-06,1.15975e-06,1.16201e-06,1.14013e-06,1.09526e-06,1.02522e-06,9.35638e-07,8.70477e-07,7.57338e-07,6.6724e-07,5.51898e-07,4.52883e-07,3.51374e-07
3.52312e-07,4.40619e-07,5.41024e-07,6.44639e-07,7.45666e-07,8.42021e-07,9.31577e-07,1.00037e-06,1.08056e-06,1.11218e-06,1.13844e-06,1.14331e-06,1.11654e-06,1.07461e-06,1.00752e-06,9.18017e-07,8.53236e-07,7.40086e-07,6.51661e-07,5.38782e-07,4.42895e-07,3.42042e-07
3.43443e-07,4.29252e-07,5.28252e-07,6.3042e-07,7.32722e-07,8.23932e-07,9.14862e-07,9.8331e-07,1.06022e-06,1.09185e-06,1.11445e-06,1.12396e-06,1.0953e-06,1.05775e-06,9.88396e-07,8.99809e-07,8.34782e-07,7.26633e-07,6.36883e-07,5.25929e-07,4.31381e-07,3.34884e-07
3.34079e-07,4.19004e-07,5.17355e-07,6.18194e-07,7.16016e-07,8.0728e-07,9.00671e-07,9.65843e-07,1.04008e-06,1.07254e-06,1.09855e-06,1.10341e-06,1.07901e-06,1.03939e-06,9.74359e-07,8.80328e-07,8.19249e-07,7.0982e-07,6.26355e-07,5.15053e-07,4.21673e-07,3.26793e-07
3.27043e-07,4.09305e-07,5.07116e-07,6.03586e-07,7.02649e-07,7.93453e-07,8.77512e-07,9.46502e-07,1.02409e-06,1.05449e-06,1.07609e-06,1.08409e-06,1.06057e-06,1.01733e-06,9.50083e-07,8.67951e-07,8.05359e-07,6.97004e-07,6.11676e-07,5.03558e-07,4.12728e-07,3.18012e-07
3.18077e-07,3.99149e-07,4.96071e-07,5.91917e-07,6.9044e-07,7.81511e-07,8.60631e-07,9.28845e-07,1.0037e-06,1.03354e-06,1.05519e-06,1.0645e-06,1.03986e-06,1.00048e-06,9.37482e-07,8.51999e-07,7.92687e-07,6.82161e-07,5.99045e-07,4.93976e-07,4.03815e-07,3.10463e-07
3.10462e-07,3.91271e-07,4.84336e-07,5.77786e-07,6.75833e-07,7.63578e-07,8.4462e-07,9.14496e-07,9.82943e-07,1.01734e-06,1.03803e-06,1.04618e-06,1.02448e-06,9.83252e-07,9.21685e-07,8.36249e-07,7.74504e-07,6.66885e-07,5.88461e-07,4.80912e-07,3.93346e-07,3.03649e-07
3.03335e-07,3.82121e-07,4.74512e-07,5.67156e-07,6.60381e-07,7.48897e-07,8.30575e-07,8.98125e-07,9.67265e-07,1.00141e-06,1.0197e-06,1.02819e-06,1.00703e-06,9.65705e-07,9.05804e-07,8.20507e-07,7.60595e-07,6.52045e-07,5.75443e-07,4.71237e-07,3.85079e-07,2.9574e-07
2.96352e-07,3.71092e-07,4.63879e-07,5.5677e-07,6.48474e-07,7.409e-07,8.15371e-07,8.82184e-07,9.53952e-07,9.80241e-07,1.00601e-06,1.0098e-06,9.82511e-07,9.46467e-07,8.92514e-07,8.08358e-07,7.46613e-07,6.40733e-07,5.60795e-07,4.60344e-07,3.76361e-07,2.89262e-07
2.88549e-07,3.6435e-07,4.54404e-07,5.46878e-07,6.36269e-07,7.23447e-07,7.99104e-07,8.6483e-07,9.33643e-07,9.63871e-07,9.85322e-07,9.94572e-07,9.72865e-07,9.29735e-07,8.71102e-07,7.93706e-07,7.30714e-07,6.27411e-07,5.51643e-07,4.49857e-07,3.67773e-07,2.82157e-07
2.80352e-07,3.55762e-07,4.44314e-07,5.35094e-07,6.2259e-07,7.07906e-07,7.82607e-07,8.50505e-07,9.19453e-07,9.48034e-07,9.6961e-07,9.78117e-07,9.52897e-07,9.14092e-07,8.60314e-07,7.78557e-07,7.19395e-07,6.15271e-07,5.39534e-07,4.40305e-07,3.59752e-07,2.75413e-07
2.7495e-07,3.47974e-07,4.34584e-07,5.22517e-07,6.10397e-07,6.99041e-07,7.69985e-07,8.33104e-07,9.05179e-07,9.31164e-07,9.53985e-07,9.60132e-07,9.31735e-07,8.97966e-07,8.45169e-07,7.63187e-07,7.01554e-07,6.03431e-07,5.28022e-07,4.32243e-07,3.52783e-07,2.68632e-07
2.67844e-07,3.41319e-07,4.26695e-07,5.1461e-07,5.98579e-07,6.83097e-07,7.55325e-07,8.21467e-07,8.90611e-07,9.15775e-07,9.41021e-07,9.41574e-07,9.28021e-07,8.86715e-07,8.30617e-07,7.50865e-07,6.93202e-07,5.89993e-07,5.19419e-07,4.21725e-07,3.43149e-07,2.62717e-07
2.60902e-07,3.34337e-07,4.17079e-07,5.01907e-07,5.90208e-07,6.7195e-07,7.41919e-07,8.05899e-07,8.70841e-07,9.00688e-07,9.23823e-07,9.27446e-07,9.10793e-07,8.72157e-07,8.12543e-07,7.3556e-07,6.78365e-07,5.79157e-07,5.11185e-07,4.11777e-07,3.3553e-07,2.57115e-07
2.56316e-07,3.2625e-07,4.09629e-07,4.90141e-07,5.77028e-07,6.58167e-07,7.3152e-07,7.92725e-07,8.62061e-07,8.86654e-07,9.07696e-07,9.17401e-07,8.93802e-07,8.56106e-07,8.01457e-07,7.25548e-07,6.70387e-07,5.6804e-07,4.99934e-07,4.03485e-07,3.29898e-07,2.51073e-07
2.49224e-07,3.18038e-07,3.98424e-07,4.81439e-07,5.68478e-07,6.46108e-07,7.13022e-07,7.84491e-07,8.44039e-07,8.70603e-07,8.87706e-07,8.98998e-07,8.78618e-07,8.43806e-07,7.89464e-07,7.10307e-07,6.55049e-07,5.5954e-07,4.88369e-07,3.95054e-07,3.20129e-07,2.44711e-07
2.4456e-07,3.12333e-07,3.91144e-07,4.72652e-07,5.57997e-07,6.33591e-07,7.10389e-07,7.74428e-07,8.31161e-07,8.62e-07,8.82798e-07,8.83244e-07,8.71737e-07,8.3363e-07,7.77253e-07,6.99507e-07,6.44446e-07,5.48259e-07,4.80586e-07,3.87197e-07,3.13825e-07,2.38629e-07
2.38952e-07,3.04513e-07,3.84529e-07,4.61442e-07,5.44978e-07,6.25244e-07,6.94796e-07,7.58099e-07,8.20502e-07,8.47384e-07,8.64753e-07,8.73061e-07,8.46021e-07,8.17331e-07,7.62363e-07,6.91589e-07,6.3478e-07,5.37258e-07,4.72359e-07,3.7983e-07,3.06479e-07,2.34243e-07
2.33468e-07,2.97882e-07,3.75735e-07,4.54385e-07,5.41242e-07,6.15448e-07,6.89284e-07,7.42668e-07,8.04286e-07,8.32957e-07,8.51673e-07,8.62221e-07,8.36689e-07,8.07471e-07,7.53184e-07,6.80123e-07,6.23268e-07,5.29233e-07,4.62024e-07,3.72557e-07,3.0004e-07,2.28379e-07
2.2856e-07,2.92271e-07,3.68316e-07,4.46896e-07,5.29184e-07,6.03475e-07,6.74029e-07,7.31333e-07,7.94572e-07,8.16606e-07,8.40123e-07,8.47334e-07,8.27849e-07,7.92552e-07,7.38446e-07,6.68229e-07,6.13613e-07,5.1818e-07,4.54164e-07,3.64757e-07,2.94241e-07,2.23603e-07
2.22982e-07,2.84057e-07,3.61118e-07,4.35059e-07,5.18938e-07,5.98973e-07,6.63378e-07,7.20176e-07,7.82404e-07,8.04651e-07,8.27441e-07,8.38988e-07,8.17679e-07,7.81976e-07,7.31474e-07,6.56115e-07,6.03898e-07,5.10055e-07,4.46089e-07,3.57718e-07,2.87361e-07,2.17301e-07
2.17483e-07,2.78615e-07,3.55177e-07,4.29348e-07,5.10179e-07,5.84377e-07,6.51303e-07,7.04436e-07,7.68818e-07,7.9527e-07,8.14345e-07,8.2269e-07,8.0466e-07,7.68435e-07,7.17457e-07,6.45907e-07,5.93569e-07,4.97718e-07,4.38564e-07,3.51473e-07,2.81263e-07,2.12618e-07
2.12179e-07,2.73773e-07,3.47484e-07,4.21297e-07,5.02965e-07,5.71683e-07,6.42588e-07,6.9791e-07,7.60176e-07,7.81422e-07,8.02256e-07,8.08967e-07,7.92925e-07,7.5857e-07,7.07221e-07,6.34051e-07,5.86845e-07,4.91448e-07,4.29496e-07,3.43014e-07,2.7406e-07,2.09591e-07
2.07579e-07,2.68205e-07,3.40406e-07,4.13521e-07,4.89897e-07,5.67922e-07,6.31008e-07,6.8405e-07,7.4583e-07,7.71594e-07,7.91471e-07,7.93743e-07,7.79789e-07,7.43358e-07,6.97157e-07,6.26061e-07,5.71429e-07,4.78337e-07,4.23051e-07,3.35786e-07,2.71393e-07,2.02605e-07
2.03559e-07,2.6208e-07,3.33084e-07,4.04167e-07,4.83364e-07,5.55758e-07,6.1757e-07,6.78701e-07,7.40416e-07,7.62327e-07,7.85066e-07,7.8307e-07,7.66177e-07,7.36806e-07,6.87468e-07,6.17162e-07,5.60765e-07,4.71815e-07,4.1356e-07,3.30421e-07,2.64665e-07,1.9979e-07
1.97743e-07,2.5667e-07,3.30323e-07,3.99198e-07,4.73164e-07,5.46067e-07,6.05454e-07,6.63701e-07,7.25387e-07,7.46579e-07,7.64768e-07,7.74238e-07,7.60064e-07,7.24969e-07,6.76745e-07,6.0518e-07,5.57349e-07,4.64242e-07,4.07969e-07,3.25962e-07,2.5894e-07,1.94089e-07
1.94075e-07,2.52315e-07,3.21899e-07,3.91468e-07,4.68977e-07,5.36348e-07,6.01518e-07,6.53071e-07,7.13855e-07,7.40006e-07,7.54032e-07,7.62036e-07,7.48199e-07,7.1408e-07,6.66184e-07,5.94471e-07,5.45596e-07,4.56144e-07,4.01043e-07,3.17288e-07,2.55607e-07,1.89356e-07
1.89504e-07,2.46185e-07,3.15252e-07,3.84577e-07,4.56751e-07,5.24955e-07,5.92448e-07,6.44364e-07,7.03377e-07,7.26437e-07,7.45681e-07,7.52516e-07,7.35503e-07,7.04477e-07,6.5861e-07,5.86512e-07,5.38593e-07,4.49844e-07,3.9515e-07,3.10924e-07,2.48194e-07,1.86131e-07
1.85745e-07,2.41821e-07,3.10355e-07,3.75938e-07,4.54741e-07,5.19531e-07,5.81562e-07,6.39485e-07,6.92225e-07,7.1906e-07,7.35224e-07,7.39954e-07,7.25428e-07,6.93501e-07,6.47851e-07,5.85431e-07,5.28356e-07,4.40443e-07,3.86933e-07,3.04172e-07,2.42487e-07,1.82095e-07
1.82642e-07,2.35376e-07,3.05565e-07,3.71153e-07,4.445e-07,5.14458e-07,5.74504e-07,6.24491e-07,6.83364e-07,7.08221e-07,7.23992e-07,7.32932e-07,7.16852e-07,6.86103e-07,6.38117e-07,5.69337e-07,5.20077e-07,4.32131e-07,3.79251e-07,3.00005e-07,2.37152e-07,1.78369e-07
1.78191e-07,2.32284e-07,3.00002e-07,3.6229e-07,4.35793e-07,5.03668e-07,5.63864e-07,6.21027e-07,6.74059e-07,6.96495e-07,7.11683e-07,7.23219e-07,7.03915e-07,6.77021e-07,6.31188e-07,5.63725e-07,5.1587e-07,4.29155e-07,3.73547e-07,2.94865e-07,2.3454e-07,1.74003e-07
1.73698e-07,2.27559e-07,2.92264e-07,3.58216e-07,4.29357e-07,4.95713e-07,5.57438e-07,6.13027e-07,6.60795e-07,6.87257e-07,7.00502e-07,7.12053e-07,6.9979e-07,6.69114e-07,6.196e-07,5.51141e-07,5.05443e-07,4.17554e-07,3.67848e-07,2.85863e-07,2.28055e-07,1.69645e-07
1.71022e-07,2.22726e-07,2.87625e-07,3.50366e-07,4.22679e-07,4.91713e-07,5.46771e-07,6.0151e-07,6.50765e-07,6.79641e-07,6.97435e-07,7.02331e-07,6.84902e-07,6.58761e-07,6.13231e-07,5.47095e-07,4.98835e-07,4.11598e-07,3.60982e-07,2.81486e-07,2.24378e-07,1.66561e-07
1.65373e-07,2.20715e-07,2.84086e-07,3.452e-07,4.18179e-07,4.8412e-07,5.36227e-07,5.94973e-07,6.49209e-07,6.69262e-07,6.83501e-07,6.90354e-07,6.87193e-07,6.50336e-07,5.99269e-07,5.34999e-07,4.94185e-07,4.09857e-07,3.55703e-07,2.77012e-07,2.19639e-07,1.63672e-07
1.62939e-07,2.15193e-07,2.78301e-07,3.4142e-07,4.10152e-07,4.71682e-07,5.34377e-07,5.84775e-07,6.35976e-07,6.60652e-07,6.78764e-07,6.80874e-07,6.70702e-07,6.40885e-07,5.97712e-07,5.2983e-07,4.8469e-07,3.98476e-07,3.49964e-07,2.70714e-07,2.14933e-07,1.60284e-07
1.59938e-07,2.08646e-07,2.73081e-07,3.32264e-07,4.03737e-07,4.71087e-07,5.2343e-07,5.7619e-07,6.30413e-07,6.48305e-07,6.7065e-07,6.74688e-07,6.6316e-07,6.30392e-07,5.9041e-07,5.25085e-07,4.79125e-07,3.91795e-07,3.42329e-07,2.67692e-07,2.11697e-07,1.56299e-07
1.56364e-07,2.05957e-07,2.66538e-07,3.29874e-07,4.00628e-07,4.63656e-07,5.20477e-07,5.62502e-07,6.20716e-07,6.41027e-07,6.56382e-07,6.65319e-07,6.55286e-07,6.27186e-07,5.76032e-07,5.12928e-07,4.74146e-07,3.90668e-07,3.38148e-07,2.63328e-07,2.06902e-07,1.53913e-07
1.5307e-07,2.00864e-07,2.63017e-07,3.24765e-07,3.90423e-07,4.56948e-07,5.10156e-07,5.54739e-07,6.13865e-07,6.34658e-07,6.52115e-07,6.56207e-07,6.41551e-07,6.15027e-07,5.70659e-07,5.07691e-07,4.63088e-07,3.82271e-07,3.31832e-07,2.61044e-07,2.02708e-07,1.50402e-07
1.50754e-07,1.98609e-07,2.5744e-07,3.17917e-07,3.84903e-07,4.49519e-07,5.03882e-07,5.51251e-07,6.09151e-07,6.27636e-07,6.45219e-07,6.48851e-07,6.30472e-07,6.05952e-07,5.72153e-07,5.05484e-07,4.57543e-07,3.72666e-07,3.29621e-07,2.55617e-07,1.99921e-07,1.45107e-07
1.46968e-07,1.94286e-07,2.52634e-07,3.12013e-07,3.80883e-07,4.39458e-07,4.9339e-07,5.46655e-07,5.98858e-07,6.20795e-07,6.3503e-07,6.4155e-07,6.30953e-07,6.00912e-07,5.58387e-07,4.90093e-07,4.50232e-07,3.70264e-07,3.22637e-07,2.49e-07,1.96137e-07,1.43535e-07
1.43469e-07,1.91309e-07,2.4873e-07,3.05587e-07,3.74774e-07,4.36478e-07,4.87651e-07,5.39585e-07,5.89238e-07,6.09816e-07,6.26886e-07,6.3175e-07,6.20967e-07,5.89161e-07,5.53141e-07,4.87329e-07,4.4303e-07,3.61169e-07,3.14786e-07,2.42457e-07,1.90899e-07,1.4024e-07
1.4084e-07,1.85968e-07,2.46286e-07,3.01664e-07,3.6875e-07,4.26927e-07,4.80857e-07,5.29811e-07,5.83597e-07,6.00403e-07,6.13297e-07,6.28166e-07,6.14872e-07,5.83835e-07,5.38451e-07,4.79767e-07,4.42184e-07,3.59604e-07,3.13671e-07,2.41747e-07,1.84468e-07,1.38448e-07
1.37629e-07,1.84517e-07,2.38959e-07,2.96706e-07,3.62216e-07,4.17993e-07,4.7359e-07,5.24625e-07,5.68553e-07,5.93911e-07,6.06048e-07,6.14912e-07,6.01843e-07,5.75509e-07,5.35028e-07,4.72609e-07,4.32395e-07,3.52901e-07,3.07995e-07,2.35447e-07,1.82546e-07,1.35274e-07
1.35417e-07,1.81499e-07,2.3711e-07,2.97713e-07,3.59632e-07,4.18604e-07,4.68366e-07,5.13364e-07,5.64051e-07,5.85447e-07,6.01269e-07,6.03501e-07,6.0026e-07,5.68717e-07,5.31336e-07,4.71397e-07,4.29757e-07,3.47425e-07,3.02309e-07,2.32377e-07,1.80246e-07,1.31576e-07
1.32653e-07,1.76538e-07,2.3498e-07,2.90698e-07,3.54761e-07,4.13577e-07,4.60559e-07,5.12402e-07,5.60363e-07,5.79407e-07,5.97562e-07,5.99259e-07,5.9589e-07,5.63494e-07,5.18835e-07,4.63389e-07,4.20255e-07,3.38947e-07,2.9948e-07,2.2736e-07,1.76466e-07,1.30038e-07
1.29468e-07,1.71599e-07,2.31613e-07,2.87611e-07,3.44468e-07,4.06052e-07,4.54317e-07,5.03196e-07,5.49971e-07,5.74178e-07,5.88402e-07,5.89041e-07,5.86969e-07,5.5635e-07,5.1712e-07,4.58526e-07,4.18485e-07,3.35113e-07,2.93416e-07,2.2531e-07,1.72688e-07,1.26228e-07
1.2725e-07,1.7001e-07,2.25573e-07,2.77178e-07,3.4326e-07,3.98175e-07,4.4758e-07,5.0192e-07,5.4746e-07,5.63279e-07,5.78836e-07,5.85189e-07,5.76056e-07,5.51147e-07,5.07774e-07,4.4734e-07,4.08114e-07,3.33121e-07,2.88269e-07,2.20194e-07,1.6829e-07,1.26589e-07
1.25003e-07,1.66891e-07,2.20916e-07,2.72286e-07,3.38201e-07,3.94503e-07,4.45115e-07,4.95424e-07,5.38959e-07,5.58666e-07,5.68619e-07,5.81215e-07,5.72447e-07,5.45378e-07,5.0136e-07,4.44569e-07,4.03971e-07,3.25018e-07,2.83239e-07,2.1485e-07,1.64688e-07,1.21618e-07
1.22626e-07,1.63927e-07,2.16703e-07,2.70753e-07,3.3393e-07,3.89934e-07,4.36456e-07,4.83972e-07,5.30846e-07,5.49717e-07,5.69875e-07,5.68703e-07,5.61731e-07,5.32541e-07,5.00277e-07,4.3896e-07,3.9789e-07,3.20097e-07,2.79135e-07,2.13922e-07,1.6319e-07,1.18306e-07
1.19771e-07,1.60997e-07,2.1354e-07,2.65235e-07,3.28426e-07,3.86373e-07,4.33835e-07,4.76536e-07,5.24217e-07,5.44776e-07,5.58702e-07,5.60947e-07,5.57311e-07,5.33498e-07,4.88197e-07,4.31877e-07,3.92965e-07,3.16624e-07,2.75047e-07,2.07941e-07,1.60977e-07,1.17205e-07
1.16649e-07,1.58036e-07,2.09645e-07,2.61348e-07,3.20196e-07,3.8048e-07,4.23241e-07,4.69711e-07,5.21029e-07,5.37199e-07,5.49957e-07,5.52912e-07,5.54147e-07,5.23172e-07,4.86443e-07,4.23033e-07,3.88729e-07,3.10312e-07,2.71937e-07,2.0622e-07,1.57696e-07,1.14027e-07
1.15488e-07,1.5483e-07,2.06779e-07,2.58883e-07,3.14321e-07,3.74458e-07,4.15069e-07,4.63228e-07,5.12372e-07,5.27364e-07,5.43809e-07,5.47265e-07,5.4039e-07,5.13994e-07,4.74807e-07,4.2078e-07,3.80678e-07,3.07101e-07,2.67509e-07,2.04945e-07,1.547e-07,1.12258e-07
1.12459e-07,1.5145e-07,2.03326e-07,2.53923e-07,3.12157e-07,3.69144e-07,4.17434e-07,4.56203e-07,5.04438e-07,5.26138e-07,5.4091e-07,5.41517e-07,5.35939e-07,5.07231e-07,4.72068e-07,4.14198e-07,3.76602e-07,3.02191e-07,2.64416e-07,1.99954e-07,1.51287e-07,1.10612e-07
1.11477e-07,1.50632e-07,1.99291e-07,2.51252e-07,3.05501e-07,3.61962e-07,4.10846e-07,4.48921e-07,5.01399e-07,5.18203e-07,5.32106e-07,5.35737e-07,5.29438e-07,4.99011e-07,4.67833e-07,4.11665e-07,3.73301e-07,2.97401e-07,2.57546e-07,1.95114e-07,1.50488e-07,1.07047e-07
1.06937e-07,1.46916e-07,1.9768e-07,2.47256e-07,3.03756e-07,3.59758e-07,4.01746e-07,4.50396e-07,4.94322e-07,5.09634e-07,5.25141e-07,5.30536e-07,5.25862e-07,4.94956e-07,4.60774e-07,4.03937e-07,3.67287e-07,2.94601e-07,2.5414e-07,1.92236e-07,1.44971e-07,1.05532e-07
1.06331e-07,1.43517e-07,1.93741e-07,2.39008e-07,3.00575e-07,3.57599e-07,3.91983e-07,4.44793e-07,4.87759e-07,5.04192e-07,5.17615e-07,5.23917e-07,5.17672e-07,4.91271e-07,4.55372e-07,3.96926e-07,3.61673e-07,2.90652e-07,2.48126e-07,1.90373e-07,1.42047e-07,1.02753e-07
1.04251e-07,1.40859e-07,1.89747e-07,2.39095e-07,2.93777e-07,3.49799e-07,3.89853e-07,4.39244e-07,4.78214e-07,4.99793e-07,5.13295e-07,5.19997e-07,5.11994e-07,4.86652e-07,4.52066e-07,3.93238e-07,3.57026e-07,2.8462e-07,2.46462e-07,1.85965e-07,1.38191e-07,1.00735e-07
1.01796e-07,1.39834e-07,1.87509e-07,2.33916e-07,2.91705e-07,3.4711e-07,3.86756e-07,4.31877e-07,4.75851e-07,4.97151e-07,5.06897e-07,5.07962e-07,5.06989e-07,4.78346e-07,4.40863e-07,3.89191e-07,3.53461e-07,2.79482e-07,2.44253e-07,1.80747e-07,1.37582e-07,9.74615e-08
1.00793e-07,1.36947e-07,1.82585e-07,2.31585e-07,2.89148e-07,3.40865e-07,3.7999e-07,4.27573e-07,4.69135e-07,4.92991e-07,4.98314e-07,5.01567e-07,4.96903e-07,4.76031e-07,4.39509e-07,3.81623e-07,3.49335e-07,2.78085e-07,2.37019e-07,1.76662e-07,1.33431e-07,9.54507e-08
9.80528e-08,1.33032e-07,1.81019e-07,2.2671e-07,2.80576e-07,3.361e-07,3.75765e-07,4.17931e-07,4.65097e-07,4.82646e-07,4.93867e-07,4.99307e-07,4.93135e-07,4.70695e-07,4.33016e-07,3.75908e-07,3.44394e-07,2.74534e-07,2.39137e-07,1.77594e-07,1.33415e-07,9.49912e-08
9.62882e-08,1.29835e-07,1.79605e-07,2.20397e-07,2.7662e-07,3.33192e-07,3.73629e-07,4.18408e-07,4.587e-07,4.77396e-07,4.88171e-07,4.91451e-07,4.89588e-07,4.6573e-07,4.30086e-07,3.70156e-07,3.40336e-07,2.66561e-07,2.32794e-07,1.72005e-07,1.30189e-07,9.23051e-08
9.36787e-08,1.28131e-07,1.73609e-07,2.21641e-07,2.72958e-07,3.27042e-07,3.63461e-07,4.05053e-07,4.47316e-07,4.63814e-07,4.79542e-07,4.81631e-07,4.80597e-07,4.56744e-07,4.2186e-07,3.67439e-07,3.36612e-07,2.66822e-07,2.31099e-07,1.7057e-07,1.27905e-07,9.16011e-08
9.15311e-08,1.25739e-07,1.73863e-07,2.18944e-07,2.71425e-07,3.2247e-07,3.69772e-07,4.05658e-07,4.42342e-07,4.63689e-07,4.79316e-07,4.78099e-07,4.77836e-07,4.54706e-07,4.17105e-07,3.59431e-07,3.29636e-07,2.63079e-07,2.26566e-07,1.67374e-07,1.25668e-07,8.94418e-08
9.05422e-08,1.23884e-07,1.70774e-07,2.14266e-07,2.67099e-07,3.19955e-07,3.54297e-07,3.97775e-07,4.38241e-07,4.56383e-07,4.69938e-07,4.72218e-07,4.69617e-07,4.4858e-07,4.10674e-07,3.5835e-07,3.28049e-07,2.56926e-07,2.22787e-07,1.65309e-07,1.22408e-07,8.8128e-08
8.94901e-08,1.2361e-07,1.67713e-07,2.09696e-07,2.63658e-07,3.13461e-07,3.51427e-07,3.95574e-07,4.36755e-07,4.54088e-07,4.69581e-07,4.65139e-07,4.64056e-07,4.38584e-07,4.05338e-07,3.54013e-07,3.20518e-07,2.50705e-07,2.19988e-07,1.63182e-07,1.19842e-07,8.64928e-08
8.6358e-08,1.19121e-07,1.64146e-07,2.0799e-07,2.57256e-07,3.1124e-07,3.46495e-07,3.92216e-07,4.30198e-07,4.43223e-07,4.58153e-07,4.65181e-07,4.61176e-07,4.35378e-07,4.00481e-07,3.49177e-07,3.16226e-07,2.50586e-07,2.16929e-07,1.59743e-07,1.17016e-07,8.41633e-08
8.55412e-08,1.17438e-07,1.60665e-07,2.03963e-07,2.56645e-07,3.07326e-07,3.41049e-07,3.81608e-07,4.18404e-07,4.40081e-07,4.5465e-07,4.56445e-07,4.51728e-07,4.30996e-07,3.99108e-07,3.44036e-07,3.1393e-07,2.44999e-07,2.12838e-07,1.55839e-07,1.15317e-07,8.29563e-08
8.19722e-08,1.15841e-07,1.58477e-07,2.0243e-07,2.54802e-07,3.00354e-07,3.40359e-07,3.76042e-07,4.16807e-07,4.34675e-07,4.47649e-07,4.49255e-07,4.51771e-07,4.23304e-07,3.87309e-07,3.37532e-07,3.07303e-07,2.42604e-07,2.08258e-07,1.53201e-07,1.14067e-07,8.22738e-08
8.2512e-08,1.129e-07,1.55635e-07,2.00493e-07,2.49218e-07,2.95741e-07,3.32936e-07,3.69998e-07,4.14758e-07,4.24928e-07,4.44879e-07,4.45041e-07,4.4339e-07,4.19108e-07,3.8828e-07,3.33068e-07,3.05404e-07,2.38119e-07,2.03332e-07,1.53308e-07,1.1223e-07,7.95868e-08
8.06337e-08,1.11956e-07,1.54571e-07,1.94544e-07,2.43749e-07,2.96403e-07,3.29184e-07,3.69453e-07,4.06481e-07,4.24106e-07,4.37246e-07,4.35763e-07,4.38067e-07,4.14157e-07,3.81272e-07,3.3402e-07,3.01858e-07,2.34905e-07,2.0322e-07,1.48285e-07,1.09064e-07,7.7334e-08
7.91992e-08,1.09372e-07,1.507e-07,1.90601e-07,2.4086e-07,2.88544e-07,3.25087e-07,3.64307e-07,4.0632e-07,4.15481e-07,4.27726e-07,4.35843e-07,4.34152e-07,4.09248e-07,3.76237e-07,3.27836e-07,2.97713e-07,2.32576e-07,2.00888e-07,1.47749e-07,1.06958e-07,7.63743e-08
7.74855e-08,1.07097e-07,1.46324e-07,1.88411e-07,2.37895e-07,2.86057e-07,3.19094e-07,3.60911e-07,4.00879e-07,4.09017e-07,4.24942e-07,4.2655e-07,4.27508e-07,4.05632e-07,3.76902e-07,3.20261e-07,2.92346e-07,2.29467e-07,1.96578e-07,1.4534e-07,1.05385e-07,7.49166e-08
7.65067e-08,1.05685e-07,1.45887e-07,1.86252e-07,2.34803e-07,2.84333e-07,3.20197e-07,3.58651e-07,3.94345e-07,4.12267e-07,4.24576e-07,4.24325e-07,4.24094e-07,4.01694e-07,3.69792e-07,3.14783e-07,2.87376e-07,2.27833e-07,1.92865e-07,1.43446e-07,1.04102e-07,7.3003e-08
7.44217e-08,1.04618e-07,1.45206e-07,1.82391e-07,2.29249e-07,2.76776e-07,3.08907e-07,3.51681e-07,3.88621e-07,4.06604e-07,4.14711e-07,4.19843e-07,4.16238e-07,3.96954e-07,3.65006e-07,3.13627e-07,2.85512e-07,2.20646e-07,1.90911e-07,1.39824e-07,1.0221e-07,7.18688e-08
7.32293e-08,1.01497e-07,1.41698e-07,1.80077e-07,2.29111e-07,2.76346e-07,3.09811e-07,3.468e-07,3.78272e-07,3.98959e-07,4.10165e-07,4.13835e-07,4.14331e-07,3.88858e-07,3.58328e-07,3.10023e-07,2.80798e-07,2.13115e-07,1.89033e-07,1.34839e-07,9.70004e-08,6.96391e-08
7.13781e-08,9.94745e-08,1.39673e-07,1.79035e-07,2.23781e-07,2.72791e-07,2.98998e-07,3.41263e-07,3.75448e-07,3.91401e-07,4.04531e-07,4.09621e-07,4.09827e-07,3.89391e-07,3.56907e-07,3.07305e-07,2.77554e-07,2.13496e-07,1.88277e-07,1.33455e-07,9.8825e-08,6.8864e-08
7.03312e-08,9.87939e-08,1.3727e-07,1.76036e-07,2.18402e-07,2.66653e-07,2.98723e-07,3.36142e-07,3.74963e-07,3.89175e-07,3.98818e-07,4.00558e-07,4.02641e-07,3.82344e-07,3.47629e-07,3.02466e-07,2.73064e-07,2.14028e-07,1.84578e-07,1.33399e-07,9.65728e-08,6.67791e-08
6.88487e-08,9.74386e-08,1.32968e-07,1.72618e-07,2.18455e-07,2.61463e-07,2.91556e-07,3.33971e-07,3.68765e-07,3.82094e-07,3.94345e-07,3.95671e-07,3.95744e-07,3.78465e-07,3.44798e-07,2.95769e-07,2.69733e-07,2.105e-07,1.79624e-07,1.29565e-07,9.48724e-08,6.57703e-08
6.73209e-08,9.46812e-08,1.34608e-07,1.68973e-07,2.1594e-07,2.62229e-07,2.91658e-07,3.26818e-07,3.66251e-07,3.79468e-07,3.94323e-07,3.94623e-07,3.96451e-07,3.7279e-07,3.37105e-07,2.94447e-07,2.66609e-07,2.05713e-07,1.77624e-07,1.308e-07,9.12928e-08,6.42132e-08
6.55399e-08,9.34533e-08,1.29556e-07,1.6926e-07,2.1302e-07,2.59073e-07,2.86143e-07,3.24185e-07,3.56005e-07,3.70749e-07,3.87925e-07,3.87209e-07,3.88547e-07,3.66461e-07,3.38335e-07,2.90206e-07,2.62639e-07,2.05227e-07,1.73768e-07,1.25685e-07,8.99727e-08,6.36628e-08
6.43583e-08,9.06981e-08,1.28908e-07,1.66679e-07,2.08432e-07,2.52218e-07,2.86358e-07,3.21216e-07,3.53553e-07,3.68964e-07,3.79236e-07,3.81651e-07,3.88132e-07,3.63761e-07,3.32595e-07,2.86273e-07,2.62041e-07,2.01666e-07,1.73075e-07,1.24573e-07,8.79957e-08,6.19538e-08
