-0.0102513,-0.0105474,-0.0107556,-0.0109002,-0.0109742,-0.0110045,-0.0109775,-0.0109092,-0.0108176,-0.0107055,-0.0105882,-0.0104697,-0.0103498,-0.0102312,-0.0101052,-0.00994935,-0.00977205,-0.00953973,-0.0092841,-0.00899621,-0.0086454,-0.00826562
-0.00986278,-0.0102085,-0.0104654,-0.010671,-0.0108102,-0.0108977,-0.0109158,-0.0108896,-0.0108425,-0.0107527,-0.0106536,-0.0105483,-0.0104243,-0.0102881,-0.0101304,-0.00994331,-0.00972104,-0.00945894,-0.00915731,-0.00880519,-0.00842526,-0.0079983
-0.00944854,-0.00982566,-0.0101414,-0.0103888,-0.0105695,-0.0106957,-0.0107709,-0.0107807,-0.0107591,-0.0106967,-0.0106171,-0.0105077,-0.0103828,-0.0102358,-0.0100642,-0.00984981,-0.00960441,-0.00930115,-0.00896237,-0.00858763,-0.00815746,-0.00770349
-0.00895837,-0.0093678,-0.00970881,-0.0099961,-0.0102204,-0.0103837,-0.0104907,-0.0105323,-0.0105354,-0.0104956,-0.0104274,-0.0103261,-0.0102064,-0.010048,-0.00986084,-0.00962678,-0.00935554,-0.00903435,-0.00867168,-0.00826638,-0.00781843,-0.00734324
-0.00859962,-0.00903475,-0.00940638,-0.00972593,-0.00998447,-0.0101812,-0.0103193,-0.01039,-0.0104183,-0.0103952,-0.010339,-0.010243,-0.0101223,-0.00995617,-0.00975409,-0.00950218,-0.00920986,-0.00886678,-0.00847898,-0.00804909,-0.00757886,-0.00708363
-0.00829329,-0.00875124,-0.00915413,-0.0094996,-0.00978962,-0.0100134,-0.0101779,-0.0102772,-0.0103249,-0.0103153,-0.0102718,-0.010177,-0.0100599,-0.00988396,-0.00967212,-0.00939793,-0.00909236,-0.00873381,-0.00832221,-0.00786836,-0.00738143,-0.00686676
-0.00793645,-0.00840915,-0.00882592,-0.00919455,-0.00950483,-0.0097548,-0.00994051,-0.0100609,-0.0101257,-0.0101323,-0.0100972,-0.0100098,-0.00988733,-0.00970841,-0.00948736,-0.00920722,-0.00888528,-0.00850886,-0.00808321,-0.00761929,-0.00711794,-0.00659601
-0.00763044,-0.00811648,-0.0085495,-0.00893558,-0.00926472,-0.00953526,-0.0097401,-0.00987988,-0.0099583,-0.00997798,-0.00995208,-0.0098684,-0.00974544,-0.0095621,-0.00933361,-0.00904397,-0.00871119,-0.00832257,-0.00788429,-0.0074085,-0.00689734,-0.00636758
-0.00734215,-0.00783744,-0.0082839,-0.00868501,-0.00903057,-0.00931727,-0.0095381,-0.00969632,-0.00978756,-0.00981907,-0.00979972,-0.00972005,-0.00959604,-0.00940962,-0.00917645,-0.00887792,-0.00853623,-0.008138,-0.00768895,-0.00720374,-0.0066867,-0.0061503
-0.00707796,-0.00758239,-0.00803939,-0.00845315,-0.00881293,-0.00911277,-0.00934861,-0.00952366,-0.00962458,-0.00966505,-0.00965376,-0.00957761,-0.00945357,-0.00926564,-0.00902509,-0.00871885,-0.00836981,-0.00796619,-0.0075074,-0.00701398,-0.00649165,-0.00595085
-0.00680995,-0.00731943,-0.00778278,-0.00820677,-0.00857449,-0.00888882,-0.00913524,-0.00931975,-0.00943402,-0.00948318,-0.00947783,-0.00940392,-0.00928018,-0.00908989,-0.00884798,-0.008538,-0.0081823,-0.00776995,-0.00730871,-0.00681263,-0.00628795,-0.00574753
-0.00657191,-0.00708595,-0.00755592,-0.00798943,-0.00836749,-0.00868756,-0.00894516,-0.00914526,-0.00926464,-0.00932504,-0.00932329,-0.00925241,-0.00913034,-0.00893703,-0.00869398,-0.00837831,-0.00801601,-0.00760035,-0.00713259,-0.00663519,-0.00610948,-0.00556517
-0.00632704,-0.00684173,-0.00731525,-0.00775148,-0.00813539,-0.00846445,-0.00873146,-0.00893643,-0.00906776,-0.00913333,-0.00913748,-0.00907102,-0.00894791,-0.00875425,-0.00850674,-0.00819162,-0.00782657,-0.00740671,-0.00694004,-0.00643932,-0.00591477,-0.00537448
-0.00610414,-0.00661915,-0.00709643,-0.00753788,-0.00792652,-0.00826471,-0.0085395,-0.00874906,-0.00888987,-0.00896077,-0.00897017,-0.00890489,-0.00878242,-0.00858966,-0.00833939,-0.00802245,-0.00765441,-0.00723163,-0.00676511,-0.00626474,-0.00574184,-0.00520283
-0.0058842,-0.00639929,-0.00687699,-0.00732036,-0.00771363,-0.00805465,-0.00833395,-0.00855333,-0.00869861,-0.00877688,-0.00878951,-0.00872764,-0.00860522,-0.00841263,-0.00816145,-0.00784401,-0.0074744,-0.00705114,-0.00658472,-0.00608542,-0.00556599,-0.00502958
-0.00569336,-0.00620995,-0.00668882,-0.00713576,-0.00753093,-0.00787774,-0.00816395,-0.00838795,-0.00854075,-0.00862213,-0.00863992,-0.00857941,-0.00845911,-0.00826683,-0.00801395,-0.00769391,-0.00732324,-0.00689762,-0.00643271,-0.00593322,-0.00541588,-0.00488101
-0.0055042,-0.00601988,-0.00650096,-0.00694645,-0.00734734,-0.00769547,-0.00798439,-0.00821545,-0.0083729,-0.00846075,-0.0084823,-0.0084245,-0.0083017,-0.00811131,-0.0078585,-0.00753812,-0.00716357,-0.00674192,-0.00627466,-0.00577771,-0.0052638,-0.00473409
-0.00531316,-0.00582303,-0.00630034,-0.00674942,-0.00715021,-0.00750006,-0.00779444,-0.00802618,-0.00818898,-0.00828111,-0.00830223,-0.0082489,-0.00813072,-0.00793918,-0.00768546,-0.00736694,-0.00699591,-0.00657244,-0.00611002,-0.00561474,-0.00510664,-0.00457981
-0.00513629,-0.00564289,-0.00611902,-0.00656553,-0.00696782,-0.00732101,-0.00761651,-0.007853,-0.00801773,-0.00811511,-0.00813926,-0.00808837,-0.00796839,-0.00778046,-0.00752525,-0.00720899,-0.00684012,-0.00641779,-0.00595769,-0.00546562,-0.00496136,-0.00444025
-0.00497704,-0.00548052,-0.00595476,-0.00640321,-0.0068058,-0.00716039,-0.00746147,-0.00769756,-0.00786741,-0.00796774,-0.00799372,-0.00794393,-0.00782675,-0.00763876,-0.00738565,-0.00706803,-0.00670148,-0.00627902,-0.00582061,-0.00533344,-0.0048315,-0.00431325
-0.00481359,-0.0053131,-0.00578485,-0.00622903,-0.00663335,-0.00698853,-0.00728796,-0.00752967,-0.00770086,-0.00780435,-0.00783327,-0.00778699,-0.00766883,-0.00748427,-0.00722978,-0.00691614,-0.00654898,-0.00613042,-0.00567611,-0.00519019,-0.00469431,-0.00418353
-0.00466648,-0.00516184,-0.00563146,-0.00607777,-0.00647923,-0.00683665,-0.00714164,-0.00737872,-0.00755721,-0.00765884,-0.00769126,-0.00764531,-0.0075312,-0.00734597,-0.00709429,-0.00677991,-0.0064142,-0.00599548,-0.00554692,-0.00506503,-0.00457402,-0.00406733
-0.00452389,-0.00501422,-0.00548167,-0.00592184,-0.00632635,-0.00668257,-0.00698353,-0.00723159,-0.00740559,-0.00751211,-0.00754657,-0.00750569,-0.0073881,-0.00720727,-0.00695457,-0.00664568,-0.00627866,-0.00586354,-0.00541814,-0.00493885,-0.0044532,-0.00395393
-0.00438706,-0.00487519,-0.00533752,-0.00577825,-0.00618025,-0.0065342,-0.00683925,-0.00708327,-0.00726455,-0.00737058,-0.00740583,-0.00736636,-0.00725464,-0.00707318,-0.00682169,-0.00651263,-0.00614945,-0.00573662,-0.0052943,-0.00481854,-0.00433812,-0.00384269
-0.00425198,-0.00473606,-0.00519617,-0.00563232,-0.00603414,-0.00639069,-0.00669337,-0.00694139,-0.00711782,-0.00722852,-0.00726665,-0.0072268,-0.00711691,-0.0069362,-0.00668921,-0.00638143,-0.0060212,-0.0056121,-0.00517286,-0.00470157,-0.00422841,-0.00373755
-0.00411107,-0.00458698,-0.00504215,-0.00547547,-0.00587373,-0.00622655,-0.0065294,-0.00677543,-0.00695606,-0.0070661,-0.007105,-0.00706885,-0.00695945,-0.0067818,-0.00653673,-0.00623272,-0.00587563,-0.0054716,-0.0050356,-0.00457333,-0.00410204,-0.00362056
-0.00400144,-0.00447262,-0.00492439,-0.00535353,-0.00575378,-0.00610438,-0.00640656,-0.00665547,-0.00683669,-0.00694584,-0.0069877,-0.00695468,-0.00684431,-0.00666879,-0.00642499,-0.00612404,-0.00576617,-0.00536627,-0.00493392,-0.00447391,-0.00400635,-0.00353204
-0.00387818,-0.00434371,-0.00479213,-0.00521954,-0.00561388,-0.00596598,-0.00626856,-0.0065137,-0.00669583,-0.00680731,-0.00684915,-0.00681542,-0.00670991,-0.00653405,-0.00629623,-0.00599606,-0.005645,-0.00524698,-0.00481677,-0.00436745,-0.00390259,-0.0034326
-0.00376484,-0.00422654,-0.00467062,-0.00509148,-0.00548577,-0.00583452,-0.00613436,-0.00638147,-0.00656398,-0.00667616,-0.00671974,-0.006689,-0.00658326,-0.00641247,-0.00617235,-0.0058768,-0.00552731,-0.00513427,-0.00471114,-0.00426056,-0.00380507,-0.00334172
-0.00366348,-0.00411926,-0.00456041,-0.00498118,-0.0053708,-0.00571754,-0.00601707,-0.00626214,-0.00644779,-0.0065605,-0.00660308,-0.00657397,-0.00647225,-0.00630165,-0.0060641,-0.00576984,-0.00542459,-0.00503578,-0.00461393,-0.00416921,-0.00371731,-0.00325911
-0.00355271,-0.00400425,-0.00444013,-0.00485359,-0.00524161,-0.00558724,-0.0058839,-0.00612993,-0.00631242,-0.00642569,-0.00647105,-0.00644334,-0.0063411,-0.00617423,-0.00593923,-0.0056489,-0.00530593,-0.00492185,-0.0045069,-0.00406683,-0.00362129,-0.0031699
-0.00344639,-0.00389111,-0.00432204,-0.00473274,-0.0051162,-0.00545932,-0.00575565,-0.00599812,-0.00618124,-0.00629409,-0.00634006,-0.00631324,-0.00621342,-0.00604818,-0.00581757,-0.00552944,-0.0051917,-0.00481158,-0.00440109,-0.00396913,-0.00352878,-0.00308331
-0.00334829,-0.00378784,-0.00421414,-0.00462094,-0.00500061,-0.00534141,-0.0056356,-0.00587723,-0.00605991,-0.00617318,-0.00621968,-0.00619371,-0.00609618,-0.00593273,-0.00570514,-0.00541991,-0.00508626,-0.00471011,-0.00430459,-0.00387793,-0.00344265,-0.00300374
-0.0032538,-0.00368781,-0.00410928,-0.00451188,-0.004888,-0.00522642,-0.00551812,-0.0057582,-0.0059402,-0.00605364,-0.00610069,-0.00607605,-0.00598015,-0.0058192,-0.00559451,-0.00531242,-0.00498239,-0.00461085,-0.00421035,-0.0037892,-0.00335933,-0.00292687
-0.00316585,-0.00359449,-0.00401129,-0.00441037,-0.00478211,-0.00511899,-0.00540917,-0.00564808,-0.00582846,-0.00594183,-0.00598924,-0.00596492,-0.0058716,-0.00571055,-0.00549126,-0.00521203,-0.0048861,-0.00451875,-0.00412128,-0.00370788,-0.00328112,-0.00285453
-0.00307521,-0.00349901,-0.00390972,-0.00430445,-0.00467286,-0.00500556,-0.00529258,-0.00553017,-0.00571039,-0.00582368,-0.00587099,-0.00584843,-0.00575629,-0.00559957,-0.00538142,-0.00510555,-0.00478319,-0.00442136,-0.00403018,-0.0036195,-0.0032013,-0.0027808
-0.0029877,-0.00340596,-0.00381251,-0.00420151,-0.00456579,-0.004895,-0.00518082,-0.00541568,-0.00559439,-0.00570691,-0.00575593,-0.00573387,-0.00564432,-0.00548948,-0.0052738,-0.00500178,-0.00468354,-0.00432654,-0.00394082,-0.00353682,-0.00312362,-0.00270949
-0.00290396,-0.00331593,-0.00371751,-0.00410147,-0.0044619,-0.00478755,-0.00507039,-0.00530354,-0.00548085,-0.00559336,-0.00564199,-0.00562132,-0.00553295,-0.00538082,-0.00516855,-0.00489991,-0.00458619,-0.00423409,-0.00385354,-0.00345533,-0.0030482,-0.00264009
-0.00282428,-0.00323047,-0.00362664,-0.0040062,-0.00436203,-0.00468497,-0.0049644,-0.00519674,-0.00537225,-0.00548412,-0.00553218,-0.0055131,-0.00542683,-0.00527538,-0.00506732,-0.00480211,-0.00449325,-0.0041459,-0.00377013,-0.00337733,-0.00297579,-0.00257452
-0.00274822,-0.0031487,-0.00353949,-0.00391366,-0.00426766,-0.00458633,-0.00486342,-0.00509221,-0.00526738,-0.00537809,-0.00542577,-0.00540928,-0.00532225,-0.00517536,-0.00496999,-0.00470811,-0.00440333,-0.00406095,-0.00368975,-0.00330235,-0.00290805,-0.00251159
-0.00266759,-0.00306187,-0.00344696,-0.00381643,-0.00416467,-0.00447957,-0.00475273,-0.00497961,-0.00515281,-0.0052634,-0.00531156,-0.00529443,-0.00521048,-0.00506618,-0.00486382,-0.00460608,-0.00430559,-0.00396803,-0.00360369,-0.0032229,-0.00283341,-0.00244505
-0.00259331,-0.00298145,-0.00336138,-0.00372605,-0.00406939,-0.00438042,-0.00465088,-0.00487505,-0.00504636,-0.00515644,-0.00520444,-0.00518827,-0.00510654,-0.00496423,-0.00476505,-0.00451103,-0.00421525,-0.0038828,-0.00352377,-0.00314866,-0.0027655,-0.00238349
-0.00252202,-0.00290406,-0.00327904,-0.00363786,-0.00397742,-0.00428364,-0.00455145,-0.00477342,-0.00494323,-0.00505268,-0.00509985,-0.00508494,-0.00500461,-0.00486471,-0.00466873,-0.00441867,-0.00412728,-0.00379961,-0.00344651,-0.00307682,-0.0026997,-0.00232361
-0.00245073,-0.0028269,-0.00319615,-0.0035504,-0.00388471,-0.00418756,-0.00445143,-0.00467093,-0.00483835,-0.0049473,-0.00499476,-0.00498032,-0.00490147,-0.00476441,-0.00457149,-0.00432537,-0.00403876,-0.00371613,-0.00336821,-0.00300495,-0.00263382,-0.00226445
-0.00238564,-0.00275629,-0.00312089,-0.00347076,-0.00380063,-0.00409991,-0.00436036,-0.0045773,-0.00474278,-0.00485163,-0.00489953,-0.00488493,-0.00480749,-0.0046749,-0.0044833,-0.00424111,-0.00395755,-0.00363989,-0.00329686,-0.00293988,-0.00257388,-0.00220984
-0.00231625,-0.00268043,-0.0030384,-0.00338235,-0.00370756,-0.00400206,-0.00425966,-0.00447329,-0.00463693,-0.00474365,-0.00479111,-0.00477784,-0.00470294,-0.00457058,-0.00438423,-0.00414582,-0.00386805,-0.00355587,-0.00321875,-0.00286742,-0.00250853,-0.00215164
-0.00225283,-0.00261143,-0.00296486,-0.00330366,-0.00362364,-0.00391364,-0.00416844,-0.00437978,-0.00454086,-0.00464702,-0.00469446,-0.00468157,-0.00460836,-0.0044782,-0.00429485,-0.00406047,-0.00378693,-0.00347983,-0.00314779,-0.00280226,-0.00244917,-0.00209757
-0.00218965,-0.00254235,-0.0028891,-0.00322235,-0.00353879,-0.0038243,-0.00407547,-0.00428401,-0.00444317,-0.00454813,-0.0045952,-0.00458286,-0.00451097,-0.00438421,-0.0042036,-0.00397333,-0.00370447,-0.00340245,-0.00307568,-0.00273624,-0.00238957,-0.00204441
-0.00212897,-0.00247498,-0.00281632,-0.00314445,-0.00345626,-0.00373852,-0.00398589,-0.0041902,-0.00434826,-0.00445183,-0.004498,-0.00448713,-0.00441743,-0.00429244,-0.00411468,-0.00388885,-0.0036242,-0.00332722,-0.00300699,-0.00267262,-0.00233234,-0.00199433
-0.00207104,-0.00241139,-0.0027482,-0.0030715,-0.00337804,-0.00365575,-0.00390005,-0.00410225,-0.00425747,-0.00436067,-0.00440654,-0.00439608,-0.00432786,-0.00420467,-0.00403037,-0.00380801,-0.00354803,-0.00325583,-0.00294058,-0.00261186,-0.00227732,-0.00194472
-0.00201258,-0.00234701,-0.00267756,-0.00299508,-0.00329758,-0.0035716,-0.00381182,-0.00401008,-0.00416434,-0.00426537,-0.0043109,-0.00430126,-0.00423459,-0.00411456,-0.00394278,-0.00372484,-0.00346908,-0.00318214,-0.00287289,-0.00255007,-0.00222157,-0.00189557
-0.00195729,-0.0022855,-0.00261112,-0.00292359,-0.00322118,-0.00349035,-0.00372795,-0.0039235,-0.00407481,-0.00417466,-0.0042203,-0.00421095,-0.00414622,-0.00402825,-0.00386004,-0.00364587,-0.00339398,-0.00311252,-0.00280778,-0.00249102,-0.00216803,-0.00184802
-0.00190514,-0.00222803,-0.00254887,-0.00285488,-0.00314873,-0.00341249,-0.0036472,-0.00384072,-0.00399021,-0.00408907,-0.00413369,-0.00412535,-0.00406149,-0.00394471,-0.00378023,-0.00356975,-0.003323,-0.00304575,-0.00274686,-0.00243461,-0.00211777,-0.00180297
-0.00184875,-0.00216614,-0.00248087,-0.00278246,-0.00307075,-0.00333126,-0.00356122,-0.00375152,-0.00389816,-0.00399596,-0.00404079,-0.00403241,-0.00397001,-0.00385734,-0.00369447,-0.00348832,-0.00324578,-0.00297419,-0.00268009,-0.00237474,-0.00206363,-0.00175489
-0.00179632,-0.00210776,-0.0024172,-0.00271348,-0.00299686,-0.00325295,-0.00347909,-0.00366655,-0.00381113,-0.00390752,-0.00395188,-0.00394402,-0.00388303,-0.00377261,-0.00361303,-0.00341084,-0.00317265,-0.00290611,-0.00261765,-0.00231802,-0.0020125,-0.00170986
-0.00174883,-0.00205492,-0.00235972,-0.00265091,-0.00293017,-0.00318221,-0.00340529,-0.00358995,-0.00373247,-0.00382789,-0.00387159,-0.00386461,-0.00380502,-0.00369666,-0.00353967,-0.00334067,-0.00310666,-0.00284449,-0.00256127,-0.00226666,-0.00196672,-0.00166901
-0.00169916,-0.00199972,-0.00229912,-0.00258602,-0.00285993,-0.00310808,-0.00332705,-0.00350876,-0.00364889,-0.003743,-0.003787,-0.0037794,-0.00372136,-0.00361618,-0.00346129,-0.00326668,-0.00303649,-0.00277975,-0.00250118,-0.00221301,-0.00191814,-0.00162632
-0.00165091,-0.00194579,-0.00223982,-0.00252091,-0.00279047,-0.00303405,-0.00324973,-0.00342833,-0.00356618,-0.00365887,-0.00370192,-0.00369548,-0.00363872,-0.0035349,-0.00338371,-0.00319302,-0.00296751,-0.00271554,-0.00244247,-0.00215889,-0.00187014,-0.00158453
-0.00160434,-0.00189356,-0.00218246,-0.00245826,-0.00272322,-0.00296254,-0.00317452,-0.00335027,-0.00348604,-0.00357729,-0.00361982,-0.0036138,-0.0035583,-0.00345674,-0.00330861,-0.00312155,-0.00290029,-0.00265322,-0.00238521,-0.0021072,-0.00182395,-0.00154398
-0.00156145,-0.00184553,-0.00212973,-0.00240085,-0.00266147,-0.00289704,-0.00310549,-0.00327857,-0.00341215,-0.00350215,-0.00354445,-0.00353872,-0.00348457,-0.00338497,-0.00323946,-0.0030558,-0.00283863,-0.00259606,-0.00233265,-0.00205971,-0.00178155,-0.00150673
-0.0015201,-0.0017992,-0.00207833,-0.00234473,-0.00260165,-0.00283263,-0.00303793,-0.00320916,-0.00334056,-0.00342958,-0.0034711,-0.00346541,-0.00341214,-0.00331507,-0.00317227,-0.00299199,-0.00277867,-0.00254033,-0.00228111,-0.00201329,-0.00174008,-0.00147031
-0.00147493,-0.00174848,-0.00202263,-0.002284,-0.00253552,-0.00276282,-0.00296447,-0.00313163,-0.0032609,-0.00334845,-0.00338955,-0.00338457,-0.0033329,-0.00323759,-0.00309754,-0.00292136,-0.00271215,-0.00247905,-0.00222546,-0.00196272,-0.00169527,-0.00143117
-0.00143315,-0.00170139,-0.00197033,-0.00222681,-0.00247382,-0.00269704,-0.00289508,-0.00305938,-0.00318662,-0.00327259,-0.00331321,-0.00330866,-0.0032583,-0.00316494,-0.00302779,-0.002855,-0.00265004,-0.00242143,-0.00217288,-0.00191538,-0.00165326,-0.00139453
-0.00139397,-0.00165711,-0.00192172,-0.00217333,-0.00241625,-0.00263543,-0.00283033,-0.002992,-0.00311704,-0.00320195,-0.00324171,-0.00323793,-0.00318892,-0.00309744,-0.00296276,-0.00279302,-0.00259194,-0.00236757,-0.00212387,-0.00187109,-0.00161424,-0.00136015
-0.00135485,-0.00161305,-0.00187233,-0.00211965,-0.00235791,-0.00257343,-0.00276466,-0.00292347,-0.00304657,-0.00312986,-0.00316948,-0.00316562,-0.00311763,-0.00302814,-0.00289631,-0.00273026,-0.00253315,-0.00231327,-0.00207407,-0.00182631,-0.00157426,-0.00132564
-0.00131881,-0.00157257,-0.00182754,-0.00207033,-0.00230429,-0.00251665,-0.00270452,-0.0028605,-0.00298197,-0.0030638,-0.00310309,-0.00309921,-0.00305267,-0.00296515,-0.00283549,-0.00267256,-0.00247894,-0.00226345,-0.00202842,-0.00178531,-0.00153789,-0.00129344
-0.00128243,-0.00153096,-0.00178109,-0.0020198,-0.00224971,-0.0024576,-0.00264228,-0.00279619,-0.00291484,-0.00299563,-0.00303442,-0.00303116,-0.00298547,-0.00289957,-0.00277294,-0.00261338,-0.00242354,-0.00221218,-0.00198166,-0.00174321,-0.00150074,-0.0012616
-0.00124612,-0.00148958,-0.00173483,-0.00196895,-0.00219461,-0.00239893,-0.00258017,-0.00273101,-0.00284808,-0.00292736,-0.00296551,-0.00296257,-0.0029179,-0.00283397,-0.00270983,-0.00255348,-0.00236746,-0.00216021,-0.00193455,-0.00170086,-0.0014633,-0.00122927
-0.00121356,-0.00145249,-0.00169304,-0.00192346,-0.00214522,-0.0023461,-0.00252442,-0.00267257,-0.00278785,-0.00286597,-0.00290354,-0.00290105,-0.00285738,-0.00277503,-0.00265308,-0.00249974,-0.00231719,-0.00211366,-0.00189243,-0.00166279,-0.00142973,-0.00120041
-0.00117809,-0.00141248,-0.00164835,-0.00187439,-0.00209155,-0.00228881,-0.00246349,-0.00260916,-0.0027224,-0.00279907,-0.0028363,-0.0028337,-0.00279138,-0.00271074,-0.00259176,-0.00244131,-0.00226281,-0.00206343,-0.00184654,-0.00162186,-0.00139361,-0.00116868
-0.00114553,-0.00137543,-0.00160668,-0.00182879,-0.00204168,-0.0022357,-0.00240701,-0.00254992,-0.00266153,-0.00273675,-0.00277355,-0.00277121,-0.00272971,-0.00265082,-0.00253431,-0.00238686,-0.00221214,-0.00201647,-0.00180413,-0.00158367,-0.00135982,-0.00113943
-0.00111503,-0.0013406,-0.00156805,-0.00178575,-0.00199519,-0.0021857,-0.00235423,-0.00249507,-0.00260418,-0.00267847,-0.00271447,-0.00271286,-0.00267206,-0.00259515,-0.00248066,-0.00233613,-0.00216444,-0.00197289,-0.00176391,-0.00154777,-0.00132826,-0.00111226
-0.00108338,-0.00130424,-0.00152684,-0.00174111,-0.00194604,-0.00213281,-0.00229841,-0.00243621,-0.00254345,-0.0026167,-0.00265246,-0.00265054,-0.00261101,-0.00253536,-0.00242339,-0.00228208,-0.00211393,-0.00192595,-0.00172205,-0.00151002,-0.00129507,-0.00108339
-0.00105249,-0.00126887,-0.00148708,-0.00169698,-0.00189817,-0.00208144,-0.00224391,-0.00237937,-0.00248463,-0.0025564,-0.00259168,-0.00259013,-0.00255154,-0.00247766,-0.00236822,-0.00222967,-0.00206513,-0.00188099,-0.00168093,-0.0014732,-0.00126275,-0.00105574
-0.00102344,-0.0012354,-0.00144936,-0.00165547,-0.00185263,-0.00203275,-0.00219207,-0.00232514,-0.0024286,-0.0024991,-0.00253387,-0.00253254,-0.00249487,-0.00242257,-0.00231548,-0.00217969,-0.00201843,-0.00183799,-0.00164198,-0.00143837,-0.00123214,-0.00102932
-0.000996628,-0.0012046,-0.00141462,-0.00161717,-0.00181076,-0.00198773,-0.00214429,-0.00227485,-0.00237675,-0.00244608,-0.00248049,-0.00247934,-0.00244219,-0.00237155,-0.00226636,-0.00213349,-0.00197506,-0.00179801,-0.00160602,-0.00140633,-0.00120373,-0.00100489
-0.000967793,-0.00117145,-0.0013771,-0.0015757,-0.00176548,-0.0019391,-0.00209263,-0.00222097,-0.00232074,-0.00238889,-0.00242272,-0.00242176,-0.00238581,-0.00231654,-0.00221386,-0.00208364,-0.00192877,-0.00175528,-0.00156704,-0.00137143,-0.00117336,-0.000978777
-0.000941058,-0.00114067,-0.0013422,-0.00153716,-0.0017233,-0.00189375,-0.00204443,-0.00217047,-0.00226844,-0.00233531,-0.00236874,-0.00236798,-0.00233288,-0.00226507,-0.00216458,-0.00203696,-0.00188526,-0.00171525,-0.00153085,-0.00133908,-0.00114499,-0.000954341
-0.000915388,-0.00111096,-0.00130862,-0.00149997,-0.0016826,-0.00184993,-0.00199786,-0.00212161,-0.00221789,-0.00228371,-0.00231659,-0.00231607,-0.00228171,-0.00221528,-0.0021169,-0.00199191,-0.00184321,-0.00167653,-0.00149576,-0.00130782,-0.0011176,-0.000930841
-0.000890009,-0.00108167,-0.00127532,-0.00146314,-0.00164228,-0.00180654,-0.00195165,-0.00207319,-0.00216768,-0.0022323,-0.00226476,-0.00226434,-0.00223088,-0.00216587,-0.00206961,-0.00194714,-0.0018015,-0.00163811,-0.00146104,-0.00127681,-0.00109042,-0.000907551
-0.000865948,-0.00105397,-0.00124383,-0.00142825,-0.00160397,-0.00176543,-0.00190799,-0.0020272,-0.00211993,-0.00218361,-0.00221565,-0.00221534,-0.00218266,-0.00211898,-0.00202463,-0.00190469,-0.00176191,-0.00160175,-0.00142812,-0.00124737,-0.00106464,-0.000885501
-0.000842275,-0.00102637,-0.00121239,-0.0013933,-0.00156581,-0.00172423,-0.001864,-0.0019812,-0.00207236,-0.00213471,-0.00216627,-0.00216631,-0.00213432,-0.00207193,-0.00197977,-0.001862,-0.00172226,-0.00156515,-0.00139517,-0.00121806,-0.00103904,-0.000863544
-0.000819106,-0.000999431,-0.0011819,-0.00135949,-0.0015287,-0.00168404,-0.0018213,-0.00193641,-0.00202588,-0.00208718,-0.00211834,-0.00211829,-0.00208719,-0.00202611,-0.00193587,-0.00182068,-0.00168367,-0.0015297,-0.00136304,-0.00118942,-0.00101404,-0.000842122
-0.000797349,-0.000973902,-0.00115296,-0.00132734,-0.00149346,-0.00164595,-0.00178058,-0.00189369,-0.00198163,-0.00204187,-0.00207249,-0.00207279,-0.00204233,-0.00198255,-0.00189396,-0.00178128,-0.00164685,-0.0014958,-0.00133258,-0.00116227,-0.000990264,-0.000821807
-0.000775361,-0.000948637,-0.00112405,-0.0012949,-0.0014579,-0.00160774,-0.00174004,-0.00185096,-0.00193717,-0.00199649,-0.00202676,-0.00202695,-0.00199734,-0.00193878,-0.00185227,-0.00174159,-0.00161001,-0.00146202,-0.00130183,-0.00113494,-0.000966514,-0.00080139
-0.000754251,-0.000923984,-0.00109589,-0.00126377,-0.00142367,-0.00157067,-0.00170019,-0.00180938,-0.00189433,-0.00195225,-0.00198217,-0.00198242,-0.00195368,-0.00189618,-0.00181166,-0.00170308,-0.0015742,-0.00142906,-0.00127217,-0.00110869,-0.000943553,-0.000781704
-0.000733095,-0.000899246,-0.00106778,-0.00123229,-0.0013891,-0.00153335,-0.00166054,-0.00176751,-0.00185071,-0.00190794,-0.00193717,-0.00193778,-0.00190947,-0.00185332,-0.00177052,-0.00166436,-0.00153814,-0.00139595,-0.00124221,-0.00108189,-0.000920264,-0.000761904
-0.000712829,-0.00087554,-0.00104072,-0.0012021,-0.00135588,-0.00149733,-0.00162217,-0.00172716,-0.00180889,-0.00186493,-0.0018939,-0.00189453,-0.00186694,-0.00181201,-0.00173094,-0.00162698,-0.00150332,-0.00136402,-0.0012135,-0.00105644,-0.000897977,-0.000742741
-0.000693772,-0.000853416,-0.00101535,-0.00117373,-0.00132461,-0.00146373,-0.00158636,-0.0016894,-0.00176949,-0.00182472,-0.0018533,-0.00185401,-0.00182705,-0.00177323,-0.00169387,-0.00159191,-0.00147077,-0.0013341,-0.00118649,-0.00103233,-0.000877076,-0.000724921
-0.000674827,-0.000831029,-0.000989872,-0.00114526,-0.0012934,-0.0014296,-0.00154987,-0.00165115,-0.00172997,-0.00178414,-0.00181226,-0.0018131,-0.00178676,-0.00173404,-0.0016563,-0.00155656,-0.00143778,-0.00130395,-0.00115922,-0.00100836,-0.000856027,-0.000706854
-0.000656356,-0.000809396,-0.000965071,-0.00111738,-0.00126274,-0.00139647,-0.00151453,-0.00161387,-0.00169118,-0.00174441,-0.00177218,-0.00177308,-0.00174729,-0.00169572,-0.00161978,-0.00152194,-0.00140562,-0.00127435,-0.00113272,-0.000984582,-0.000835512,-0.000689389
-0.000638659,-0.000788391,-0.00094112,-0.00109054,-0.00123315,-0.00136438,-0.00148013,-0.00157775,-0.00165374,-0.00170599,-0.00173322,-0.0017343,-0.00170913,-0.00165868,-0.00158419,-0.00148845,-0.0013744,-0.00124577,-0.00110691,-0.000961823,-0.000815573,-0.000672464
-0.00062124,-0.000768137,-0.00091784,-0.00106442,-0.00120424,-0.00133319,-0.00144683,-0.00154264,-0.00161717,-0.00166869,-0.00169544,-0.00169663,-0.00167211,-0.00162262,-0.00154972,-0.00145582,-0.00134413,-0.00121802,-0.00108187,-0.000939513,-0.000796239,-0.00065595
-0.000604412,-0.000748223,-0.000894928,-0.00103868,-0.00117597,-0.00130241,-0.00141389,-0.00150797,-0.00158124,-0.00163166,-0.00165814,-0.00165937,-0.00163539,-0.00158698,-0.00151565,-0.00142359,-0.00131419,-0.00119055,-0.0010572,-0.000917699,-0.000777298,-0.000639745
-0.000587966,-0.000728854,-0.000872705,-0.00101366,-0.00114837,-0.00127243,-0.0013819,-0.00147422,-0.00154616,-0.00159572,-0.00162173,-0.00162304,-0.00159963,-0.0015523,-0.00148244,-0.00139229,-0.00128501,-0.00116385,-0.00103306,-0.000896372,-0.000758792,-0.000623983
-0.000572185,-0.000710206,-0.000851284,-0.000989615,-0.00112176,-0.00124353,-0.00135101,-0.00144172,-0.00151226,-0.00156104,-0.00158657,-0.00158798,-0.00156512,-0.00151878,-0.00145038,-0.001362,-0.0012569,-0.00113815,-0.00100982,-0.000875916,-0.00074092,-0.000608759
-0.000556709,-0.000691907,-0.000830221,-0.000965853,-0.00109559,-0.00121502,-0.00132054,-0.00140954,-0.00147886,-0.00152674,-0.00155202,-0.00155339,-0.00153107,-0.00148569,-0.0014187,-0.00133217,-0.00122915,-0.0011127,-0.00098703,-0.00085566,-0.00072338,-0.000593879
-0.000541582,-0.000673974,-0.000809567,-0.000942625,-0.00106986,-0.00118707,-0.00129057,-0.00137795,-0.00144605,-0.00149309,-0.00151793,-0.00151937,-0.00149762,-0.00145318,-0.00138757,-0.00130279,-0.00120185,-0.00108782,-0.000964552,-0.000835801,-0.000706139,-0.000579215
-0.000527055,-0.000656722,-0.000789642,-0.000920189,-0.001045,-0.00116004,-0.00126168,-0.0013474,-0.00141436,-0.00146057,-0.00148502,-0.00148655,-0.00146528,-0.0014218,-0.00135746,-0.00127445,-0.00117547,-0.00106371,-0.000942875,-0.000816626,-0.000689531,-0.000565114
-0.000512959,-0.000640075,-0.000770394,-0.000898495,-0.00102101,-0.00113388,-0.00123366,-0.00131789,-0.00138357,-0.00142892,-0.00145314,-0.00145464,-0.00143388,-0.0013913,-0.00132831,-0.00124691,-0.00114997,-0.00104034,-0.000921857,-0.000798073,-0.000673439,-0.000551477
-0.000499121,-0.00062357,-0.000751381,-0.000876919,-0.000997095,-0.00110796,-0.00120584,-0.00128852,-0.00135301,-0.00139772,-0.00142133,-0.00142302,-0.00140271,-0.00136103,-0.00129936,-0.00121958,-0.00112458,-0.00101712,-0.000900921,-0.000779674,-0.000657482,-0.000537945
-0.000485829,-0.000607739,-0.000733003,-0.000856288,-0.000974191,-0.00108294,-0.001179,-0.00126024,-0.0013236,-0.00136744,-0.00139076,-0.00139244,-0.00137263,-0.00133183,-0.00127142,-0.00119329,-0.00110011,-0.000994797,-0.000880877,-0.000761908,-0.000642095,-0.000524864
-0.000473016,-0.000592512,-0.000715319,-0.00083609,-0.000951868,-0.00105869,-0.00115309,-0.00123283,-0.00129497,-0.00133817,-0.0013612,-0.00136284,-0.00134338,-0.00130353,-0.0012444,-0.00116773,-0.00107642,-0.000972998,-0.000861338,-0.000744641,-0.000627234,-0.000512349
-0.000460263,-0.00057731,-0.000697741,-0.000816377,-0.000929958,-0.00103471,-0.00112728,-0.00120558,-0.00126674,-0.00130906,-0.00133168,-0.00133348,-0.00131459,-0.00127539,-0.0012174,-0.00114242,-0.00105286,-0.000951674,-0.00084208,-0.000727737,-0.000612548,-0.000499895
-0.000447917,-0.000562479,-0.000680539,-0.000796822,-0.00090828,-0.00101111,-0.00110198,-0.00117882,-0.00123886,-0.0012805,-0.00130272,-0.00130455,-0.00128605,-0.00124775,-0.001191,-0.00111747,-0.0010297,-0.000930458,-0.000823076,-0.000710927,-0.000598069,-0.000487674
-0.000436136,-0.000548379,-0.000664169,-0.000778267,-0.00088766,-0.000988575,-0.00107788,-0.00115333,-0.00121229,-0.00125321,-0.00127509,-0.00127697,-0.00125889,-0.0012214,-0.0011658,-0.0010937,-0.00100762,-0.000910267,-0.000804998,-0.000695003,-0.000584318,-0.000476026
-0.000424472,-0.000534461,-0.000647964,-0.000759891,-0.000867221,-0.000966324,-0.00105393,-0.00112801,-0.00118594,-0.00122617,-0.00124772,-0.00124961,-0.00123195,-0.00119524,-0.00114071,-0.0010701,-0.00098575,-0.000890283,-0.000787019,-0.00067916,-0.000570641,-0.000464537
-0.000413411,-0.000521182,-0.000632461,-0.000742356,-0.000847668,-0.000945021,-0.00103101,-0.00110388,-0.00116071,-0.0012003,-0.00122149,-0.00122343,-0.00120617,-0.00117019,-0.00111676,-0.00104749,-0.000964832,-0.000871211,-0.000769876,-0.000664074,-0.000557562,-0.000453459
-0.000402513,-0.000508136,-0.000617237,-0.000724997,-0.000828428,-0.000923912,-0.00100842,-0.00107992,-0.00113576,-0.00117466,-0.00119564,-0.00119751,-0.00118066,-0.00114542,-0.00109306,-0.00102522,-0.000944126,-0.000852233,-0.000752919,-0.00064913,-0.000544735,-0.000442699
-0.000391873,-0.000495238,-0.000602175,-0.000707911,-0.000809368,-0.000903112,-0.000986145,-0.00105622,-0.00111114,-0.00114937,-0.00116991,-0.00117191,-0.0011554,-0.00112095,-0.00106963,-0.00100316,-0.000923547,-0.000833601,-0.00073616,-0.000634426,-0.000532074,-0.000432
-0.000381457,-0.000482724,-0.000587606,-0.000691294,-0.000790879,-0.000882903,-0.000964312,-0.00103318,-0.00108715,-0.00112472,-0.00114493,-0.00114694,-0.00113082,-0.0010971,-0.00104683,-0.000981657,-0.000903649,-0.000815426,-0.000719884,-0.000620101,-0.000519687,-0.000421573
-0.000371575,-0.000470759,-0.000573649,-0.000675442,-0.000773191,-0.000863546,-0.000943494,-0.00101114,-0.00106423,-0.0011011,-0.00112101,-0.00112306,-0.0011073,-0.00107422,-0.00102504,-0.000961084,-0.00088453,-0.000798038,-0.000704301,-0.000606382,-0.000507857,-0.000411661
-0.000361853,-0.000459066,-0.000559968,-0.000659842,-0.000755823,-0.000844508,-0.000923058,-0.000989539,-0.00104156,-0.00107789,-0.00109747,-0.00109958,-0.00108419,-0.00105178,-0.00100349,-0.000940822,-0.000865794,-0.000780928,-0.000688944,-0.000592898,-0.000496269,-0.000401897
-0.000352454,-0.000447722,-0.000546539,-0.000644716,-0.000738903,-0.000826008,-0.000903063,-0.000968425,-0.00101955,-0.00105524,-0.00107452,-0.0010766,-0.00106158,-0.00102983,-0.00098248,-0.000921094,-0.000847498,-0.000764197,-0.000674023,-0.000579793,-0.00048495,-0.000392351
-0.00034318,-0.000436477,-0.000533475,-0.00062965,-0.000722118,-0.000807652,-0.000883343,-0.000947466,-0.000997723,-0.00103277,-0.00105188,-0.0010539,-0.00103919,-0.00100811,-0.000961753,-0.000901534,-0.000829355,-0.000747642,-0.000659219,-0.000566791,-0.000473708,-0.000383076
-0.000334153,-0.000425606,-0.000520643,-0.000614971,-0.000705734,-0.000789692,-0.000864021,-0.000926971,-0.000976393,-0.00101087,-0.00102959,-0.00103165,-0.00101729,-0.000986906,-0.00094141,-0.000882385,-0.000811608,-0.000731483,-0.000644724,-0.000554088,-0.0004629,-0.000373892
-0.000325585,-0.000415126,-0.000508358,-0.000600985,-0.000690064,-0.000772508,-0.000845544,-0.000907345,-0.000955957,-0.000989803,-0.00100829,-0.00101037,-0.000996308,-0.000966504,-0.000921992,-0.000864063,-0.000794576,-0.000716018,-0.000630903,-0.000541937,-0.000452432,-0.000365144
-0.000317219,-0.000404964,-0.000496372,-0.000587332,-0.000674811,-0.000755804,-0.000827483,-0.000888243,-0.000936007,-0.000969321,-0.000987444,-0.000989554,-0.000975908,-0.000946568,-0.000902931,-0.000846152,-0.000778025,-0.000700932,-0.000617335,-0.0005301,-0.000442253,-0.000356607
-0.000308818,-0.000394729,-0.00048433,-0.000573534,-0.000659339,-0.000738813,-0.000809209,-0.000868875,-0.00091575,-0.000948503,-0.00096635,-0.000968482,-0.000955091,-0.000926442,-0.000883664,-0.000828001,-0.000761206,-0.000685609,-0.000603668,-0.000518092,-0.000431948,-0.000348003
-0.000301007,-0.000385255,-0.000473104,-0.000560724,-0.000644981,-0.000723018,-0.000792236,-0.000850923,-0.000896912,-0.000929188,-0.000946682,-0.000948859,-0.000935801,-0.000907717,-0.00086576,-0.000811142,-0.000745606,-0.000671423,-0.000590894,-0.00050697,-0.000422418,-0.00033996
-0.000293261,-0.000375759,-0.00046194,-0.000547828,-0.000630646,-0.000707288,-0.000775247,-0.000832852,-0.000878074,-0.000909772,-0.000927134,-0.000929231,-0.000916412,-0.000888944,-0.000847796,-0.000794232,-0.000729968,-0.00065711,-0.000578212,-0.0004958,-0.000412828,-0.000332023
-0.000285965,-0.0003669,-0.000451419,-0.000535836,-0.000617145,-0.000692424,-0.000759321,-0.000815909,-0.000860399,-0.000891636,-0.000908698,-0.000910793,-0.000898321,-0.000871277,-0.000830984,-0.00077843,-0.000715252,-0.000643764,-0.000566262,-0.000485354,-0.000403951,-0.000324538
-0.000278333,-0.000357532,-0.000440455,-0.000523181,-0.000602962,-0.000676953,-0.000742494,-0.000798114,-0.000841789,-0.000872473,-0.000889216,-0.000891369,-0.000879154,-0.000852718,-0.000813187,-0.0007616,-0.000699759,-0.000629717,-0.000553655,-0.000474335,-0.000394394,-0.00031664
-0.000271247,-0.000348864,-0.000430211,-0.00051145,-0.000589769,-0.000662393,-0.000726891,-0.000781454,-0.00082443,-0.000854605,-0.000871084,-0.000873298,-0.000861305,-0.000835377,-0.000796627,-0.00074608,-0.000685309,-0.000616563,-0.000541934,-0.000464069,-0.000385644,-0.000309302
-0.000264299,-0.00034035,-0.000420115,-0.000499805,-0.000576736,-0.000648054,-0.000711364,-0.000765047,-0.000807267,-0.000836899,-0.00085313,-0.000855336,-0.000843597,-0.000818266,-0.000780233,-0.000730603,-0.000671005,-0.000603569,-0.000530354,-0.000453897,-0.000376944,-0.00030209
-0.000257632,-0.000332123,-0.00041028,-0.000488648,-0.000564177,-0.000634167,-0.00069647,-0.000749214,-0.000790692,-0.000819857,-0.000835865,-0.000838026,-0.000826607,-0.000801656,-0.000764399,-0.000715736,-0.000657295,-0.000591028,-0.000519157,-0.00044414,-0.000368654,-0.000295159
-0.000250968,-0.000323975,-0.000400632,-0.000477423,-0.000551582,-0.000620353,-0.000681453,-0.000733292,-0.000774026,-0.000802657,-0.00081854,-0.000820647,-0.000809406,-0.000785082,-0.000748541,-0.000700822,-0.000643475,-0.000578458,-0.00050795,-0.000434319,-0.000360208,-0.000288202
-0.000244721,-0.000316303,-0.000391444,-0.000466923,-0.000539765,-0.000607311,-0.000667368,-0.000718359,-0.000758439,-0.000786639,-0.000802148,-0.000804324,-0.000793412,-0.000769496,-0.000733585,-0.000686785,-0.000630508,-0.000566683,-0.000497372,-0.000425127,-0.000352455,-0.000281642
-0.000238344,-0.000308423,-0.000382137,-0.000456166,-0.000527656,-0.000594012,-0.000652964,-0.000703016,-0.000742413,-0.000770102,-0.000785402,-0.000787597,-0.000776877,-0.000753481,-0.000718291,-0.000672392,-0.000617143,-0.000554586,-0.000486616,-0.000415702,-0.000344333,-0.000274947
-0.000232477,-0.000301227,-0.000373507,-0.000446282,-0.000516535,-0.000581751,-0.000639722,-0.000688943,-0.000727679,-0.000754957,-0.000770041,-0.00077221,-0.000761756,-0.000738715,-0.000704231,-0.000659163,-0.000604911,-0.000543425,-0.000476699,-0.000407039,-0.000336944,-0.000268798
-0.000226609,-0.000293982,-0.000364892,-0.000436265,-0.000505298,-0.000569383,-0.000626313,-0.000674695,-0.000712768,-0.000739572,-0.000754429,-0.000756592,-0.0007464,-0.000723849,-0.00068999,-0.000645803,-0.000592546,-0.000532166,-0.000466667,-0.000398278,-0.00032945,-0.000262598
-0.000220832,-0.000286796,-0.000356368,-0.000426465,-0.000494168,-0.000557117,-0.000613055,-0.000660526,-0.000698036,-0.000724402,-0.000738983,-0.000741188,-0.000731207,-0.000709098,-0.000675885,-0.000632505,-0.000580256,-0.000521012,-0.000456724,-0.000389636,-0.000322039,-0.000256452
-0.000215409,-0.00028005,-0.000348371,-0.000417161,-0.000483701,-0.000545548,-0.00060055,-0.000647282,-0.000684126,-0.000710053,-0.000724462,-0.000726654,-0.000716846,-0.000695198,-0.000662578,-0.000620022,-0.000568717,-0.000510558,-0.000447368,-0.000381449,-0.00031516,-0.000250703
-0.000209892,-0.000273285,-0.000340192,-0.000407764,-0.000473118,-0.000533864,-0.000587931,-0.000633894,-0.000670046,-0.000695593,-0.00070973,-0.000711914,-0.00070237,-0.000681067,-0.000649107,-0.000607317,-0.000557039,-0.000499877,-0.000437894,-0.000373182,-0.000308125,-0.000244912
-0.000204653,-0.000266707,-0.000332426,-0.000398755,-0.000462874,-0.000522562,-0.000575683,-0.000620792,-0.000656414,-0.000681491,-0.000695442,-0.000697648,-0.000688259,-0.000667467,-0.000636098,-0.000595066,-0.000545654,-0.000489596,-0.000428748,-0.000365221,-0.000301271,-0.000239257
-0.000199637,-0.000260494,-0.000324953,-0.000390084,-0.000453157,-0.000511815,-0.00056401,-0.000608447,-0.000643432,-0.000668113,-0.000681839,-0.000684055,-0.000674855,-0.000654455,-0.000623677,-0.000583344,-0.000534848,-0.000479816,-0.000420047,-0.000357593,-0.000294833,-0.000233915
-0.000194613,-0.000254256,-0.000317478,-0.000381393,-0.00044331,-0.000500965,-0.000552256,-0.000595885,-0.000630335,-0.000654628,-0.000668141,-0.0006703,-0.000661325,-0.000641349,-0.000611111,-0.000571603,-0.000523967,-0.000469907,-0.000411275,-0.000349984,-0.000288347,-0.000228557
-0.00018981,-0.00024827,-0.000310263,-0.000373086,-0.000433916,-0.000490607,-0.000540998,-0.00058391,-0.000617756,-0.000641682,-0.000655019,-0.000657145,-0.000648438,-0.00062872,-0.000599091,-0.000560331,-0.000513547,-0.000460453,-0.000402807,-0.000342645,-0.000282094,-0.000223399
-0.00018515,-0.000242444,-0.00030327,-0.000364972,-0.000424758,-0.000480415,-0.000529997,-0.000572121,-0.00060543,-0.000628979,-0.000642063,-0.000644286,-0.00063568,-0.000616407,-0.000587298,-0.000549224,-0.000503281,-0.000451164,-0.000394511,-0.000335448,-0.000275954,-0.000218343
-0.000180534,-0.000236711,-0.000296416,-0.000356922,-0.000415679,-0.000470358,-0.000519143,-0.000560604,-0.000593287,-0.000616447,-0.00062941,-0.000631561,-0.000623186,-0.000604257,-0.000575674,-0.000538322,-0.000493216,-0.000441997,-0.000386424,-0.000328365,-0.000269984,-0.000213373
-0.000176098,-0.000231149,-0.000289696,-0.000349114,-0.000406859,-0.000460614,-0.00050854,-0.000549299,-0.00058151,-0.000604237,-0.000616999,-0.000619163,-0.000610896,-0.000592414,-0.000564373,-0.00052763,-0.000483355,-0.000433074,-0.000378452,-0.000321455,-0.000264098,-0.000208552
-0.000171748,-0.000225663,-0.000283133,-0.000341531,-0.000398194,-0.000451017,-0.000498164,-0.000538228,-0.000569881,-0.000592315,-0.000604855,-0.000606993,-0.000598998,-0.000580737,-0.000553238,-0.000517208,-0.000473748,-0.000424333,-0.00037069,-0.000314701,-0.000258414,-0.000203839
-0.000167456,-0.000220321,-0.000276676,-0.000333967,-0.000389675,-0.000441547,-0.000487914,-0.000527313,-0.000558425,-0.000580448,-0.000592813,-0.000594962,-0.000587042,-0.000569221,-0.000542253,-0.000506852,-0.000464173,-0.0004157,-0.000363005,-0.000307991,-0.00025273,-0.000199192
-0.000163361,-0.000215181,-0.000270497,-0.000326793,-0.000381517,-0.000432514,-0.000478064,-0.000516812,-0.000547422,-0.000569127,-0.000581263,-0.000583432,-0.000575716,-0.000558216,-0.000531708,-0.000496965,-0.000455043,-0.000407408,-0.000355648,-0.000301625,-0.000247309,-0.000194741
-0.000159467,-0.000210242,-0.00026453,-0.000319849,-0.000373591,-0.000423771,-0.00046852,-0.000506642,-0.00053676,-0.000558106,-0.000570109,-0.000572285,-0.000564678,-0.000547523,-0.000521484,-0.000487359,-0.000446175,-0.000399379,-0.000348519,-0.000295451,-0.00024205,-0.000190423
-0.000155595,-0.00020541,-0.000258699,-0.000313045,-0.000365877,-0.000415227,-0.000459253,-0.000496704,-0.000526375,-0.000547406,-0.000559183,-0.000561349,-0.000553952,-0.000537108,-0.000511535,-0.000478027,-0.000437557,-0.000391532,-0.000341554,-0.000289403,-0.000236907,-0.000186219
-0.000151872,-0.000200691,-0.000253028,-0.000306413,-0.000358397,-0.000406903,-0.000450171,-0.000487047,-0.000516217,-0.000536918,-0.000548507,-0.000550709,-0.000543414,-0.000526894,-0.000501815,-0.000468829,-0.000429038,-0.000383893,-0.000334774,-0.000283517,-0.000231937,-0.000182117
-0.000148015,-0.000195842,-0.000247138,-0.000299537,-0.000350512,-0.000398142,-0.000440698,-0.000476931,-0.000505645,-0.000525952,-0.000537412,-0.000539535,-0.000532436,-0.000516222,-0.000491606,-0.000459265,-0.000420243,-0.000375904,-0.000327681,-0.00027736,-0.000226746,-0.000177871
-0.000144414,-0.000191359,-0.000241681,-0.000293089,-0.000343248,-0.000390062,-0.000431921,-0.00046756,-0.000495763,-0.000515778,-0.000527074,-0.000529177,-0.000522247,-0.000506333,-0.000482156,-0.000450416,-0.00041206,-0.00036845,-0.000321124,-0.000271659,-0.000221945,-0.000173929
-0.000140895,-0.000186835,-0.000236227,-0.000286746,-0.000336,-0.000382021,-0.000423148,-0.00045815,-0.000485937,-0.000505645,-0.000516731,-0.00051886,-0.000512047,-0.000496449,-0.000472724,-0.000441529,-0.000403878,-0.000361058,-0.000314509,-0.000265975,-0.000217124,-0.000170007
-0.000137527,-0.000182581,-0.000231053,-0.000280654,-0.000329064,-0.000374315,-0.000414786,-0.000449245,-0.000476535,-0.000495946,-0.000506922,-0.000509004,-0.00050232,-0.000487013,-0.000463698,-0.000433072,-0.000396094,-0.000354009,-0.000308252,-0.000260537,-0.000212573,-0.000166245
-0.000134227,-0.000178416,-0.000226013,-0.00027475,-0.000322337,-0.000366834,-0.000406623,-0.000440583,-0.000467402,-0.000486507,-0.000497288,-0.000499388,-0.000492844,-0.000477812,-0.000454945,-0.000424802,-0.000388481,-0.000347125,-0.000302183,-0.000255252,-0.000208105,-0.000162627
-0.000131032,-0.000174347,-0.000221076,-0.000268961,-0.000315756,-0.000359516,-0.000398665,-0.000432022,-0.000458452,-0.000477263,-0.00048788,-0.00048999,-0.000483546,-0.000468788,-0.000446341,-0.000416726,-0.000381017,-0.000340383,-0.000296193,-0.000250072,-0.000203742,-0.000159046
-0.000127915,-0.000170383,-0.000216234,-0.000263273,-0.000309256,-0.000352295,-0.000390805,-0.000423639,-0.000449619,-0.000468135,-0.000478614,-0.000480707,-0.00047442,-0.000459949,-0.000437876,-0.000408767,-0.000373696,-0.000333735,-0.000290304,-0.000244988,-0.000199428,-0.000155532
-0.000124813,-0.000166435,-0.000211431,-0.000257606,-0.000302817,-0.000345127,-0.000382982,-0.000415248,-0.000440825,-0.000459066,-0.000469358,-0.000471452,-0.000465279,-0.000451071,-0.00042941,-0.00040085,-0.000366375,-0.000327103,-0.000284437,-0.000239921,-0.000195194,-0.000152057
-0.000121789,-0.000162609,-0.000206753,-0.000252109,-0.000296525,-0.000338083,-0.000375371,-0.000407113,-0.000432275,-0.000450188,-0.000460353,-0.000462423,-0.000456368,-0.000442434,-0.000421167,-0.000393076,-0.000359221,-0.000320664,-0.000278723,-0.000234973,-0.000191019,-0.00014867
-0.000118969,-0.000159022,-0.000202404,-0.000246992,-0.000290612,-0.000331557,-0.000368216,-0.000399401,-0.000424212,-0.00044189,-0.000451914,-0.000453933,-0.000448012,-0.000434335,-0.000413419,-0.00038585,-0.000352528,-0.000314611,-0.000273356,-0.000230362,-0.000187153,-0.000145511
-0.00011611,-0.000155389,-0.000197917,-0.000241741,-0.00028465,-0.000324807,-0.00036092,-0.000391635,-0.000416042,-0.000433382,-0.000443294,-0.000445284,-0.000439492,-0.00042607,-0.000405519,-0.000378415,-0.000345706,-0.000308424,-0.000267912,-0.000225603,-0.000183173,-0.000142294
-0.000113286,-0.000151751,-0.000193485,-0.000236532,-0.000278679,-0.000318208,-0.000353646,-0.000383813,-0.000407853,-0.000424937,-0.000434672,-0.000436658,-0.000431012,-0.000417828,-0.000397652,-0.000371039,-0.000338897,-0.000302273,-0.000262455,-0.000220937,-0.000179217,-0.000139073
-0.000110635,-0.000148379,-0.00018936,-0.000231642,-0.000273101,-0.000312003,-0.000346868,-0.00037659,-0.000400221,-0.000417045,-0.000426653,-0.000428617,-0.000423071,-0.00041012,-0.000390327,-0.000364142,-0.000332544,-0.000296527,-0.000257425,-0.000216553,-0.000175542,-0.000136087
-0.000108075,-0.000145115,-0.000185313,-0.000226881,-0.000267635,-0.000305903,-0.000340206,-0.00036944,-0.000392723,-0.000409276,-0.000418788,-0.000420704,-0.000415265,-0.000402576,-0.000383109,-0.00035738,-0.00032633,-0.0002909,-0.000252395,-0.000212236,-0.00017194,-0.000133163
-0.000105496,-0.000141767,-0.000181249,-0.000222054,-0.000262117,-0.00029972,-0.000333467,-0.000362253,-0.000385126,-0.000401441,-0.000410733,-0.000412729,-0.000407389,-0.000394904,-0.000375769,-0.000350493,-0.000319969,-0.000285191,-0.000247369,-0.000207906,-0.000168271,-0.0001302
-0.000102936,-0.000138497,-0.000177246,-0.000217307,-0.000256691,-0.000293652,-0.000326842,-0.000355139,-0.000377661,-0.000393708,-0.000402879,-0.000404825,-0.000399622,-0.000387375,-0.000368567,-0.000343756,-0.000313778,-0.000279564,-0.000242416,-0.000203622,-0.000164696,-0.000127291
-0.000100568,-0.000135477,-0.000173505,-0.000212911,-0.000251593,-0.00028797,-0.000320632,-0.000348502,-0.00037066,-0.000386476,-0.000395517,-0.000397474,-0.000392312,-0.000380299,-0.000361841,-0.000337414,-0.000307938,-0.000274335,-0.000237764,-0.000199609,-0.000161346,-0.000124581
-9.81788e-05,-0.000132368,-0.00016971,-0.000208419,-0.000246462,-0.000282222,-0.00031433,-0.00034174,-0.000363557,-0.000379129,-0.000388008,-0.000389974,-0.000384921,-0.000373123,-0.000354969,-0.000330995,-0.000302035,-0.000268982,-0.000233053,-0.000195546,-0.000157945,-0.00012182
-9.58245e-05,-0.000129349,-0.000165996,-0.000203994,-0.000241385,-0.000276551,-0.000308139,-0.000335089,-0.000356551,-0.000371876,-0.000380642,-0.000382566,-0.000377643,-0.000366054,-0.000348233,-0.000324664,-0.000296196,-0.00026372,-0.000228406,-0.000191558,-0.000154598,-0.000119122
-9.36375e-05,-0.000126531,-0.000162564,-0.00019992,-0.000236669,-0.000271287,-0.000302363,-0.00032889,-0.000350035,-0.00036514,-0.000373807,-0.000375675,-0.000370877,-0.000359453,-0.000341932,-0.000318797,-0.000290767,-0.000258845,-0.00022411,-0.000187847,-0.000151505,-0.000116621
-9.14139e-05,-0.000123653,-0.000158972,-0.00019566,-0.000231802,-0.000265825,-0.000296401,-0.000322499,-0.000343288,-0.000358144,-0.000366659,-0.000368554,-0.00036383,-0.000352657,-0.000335447,-0.000312656,-0.000285161,-0.000253745,-0.000219621,-0.000183998,-0.000148279,-0.000114025
-8.92805e-05,-0.000120897,-0.000155571,-0.000191618,-0.000227151,-0.000260616,-0.000290699,-0.000316379,-0.000336835,-0.00035147,-0.000359857,-0.000361739,-0.000357104,-0.000346136,-0.000329223,-0.00030682,-0.000279792,-0.000248906,-0.000215349,-0.000180326,-0.000145213,-0.000111552
-8.7254e-05,-0.000118246,-0.000152312,-0.000187741,-0.000222686,-0.00025561,-0.000285193,-0.00031045,-0.000330624,-0.000345047,-0.000353276,-0.000355177,-0.000350627,-0.000339841,-0.000323211,-0.0003012,-0.000274614,-0.00024423,-0.00021122,-0.000176794,-0.000142258,-0.000109169
-8.52277e-05,-0.000115673,-0.000149076,-0.00018387,-0.000218238,-0.000250614,-0.000279769,-0.000304663,-0.000324477,-0.000338649,-0.000346804,-0.000348655,-0.000344197,-0.000333615,-0.000317278,-0.000295621,-0.000269479,-0.000239642,-0.000207155,-0.000173279,-0.000139359,-0.000106823
-8.32159e-05,-0.000113082,-0.000145903,-0.000180093,-0.000213875,-0.000245717,-0.000274399,-0.000298885,-0.000318411,-0.00033235,-0.000340406,-0.00034221,-0.000337861,-0.000327446,-0.000311376,-0.000290143,-0.000264419,-0.000235077,-0.000203164,-0.00016983,-0.000136482,-0.000104507
-8.12622e-05,-0.000110527,-0.000142738,-0.000176326,-0.000209531,-0.000240852,-0.000269046,-0.000293136,-0.000312346,-0.000326079,-0.000333988,-0.000335812,-0.000331533,-0.000321322,-0.000305556,-0.000284643,-0.000259361,-0.00023052,-0.000199166,-0.000166393,-0.000133611,-0.000102208
-7.93821e-05,-0.000108069,-0.000139671,-0.000172662,-0.000205309,-0.000236126,-0.000263834,-0.000287539,-0.00030644,-0.000319967,-0.000327773,-0.000329569,-0.000325371,-0.000315352,-0.000299857,-0.000279307,-0.000254472,-0.00022611,-0.000195247,-0.000163065,-0.000130838,-9.99822e-05
-7.75372e-05,-0.000105655,-0.000136702,-0.000169127,-0.000201212,-0.000231503,-0.000258777,-0.00028209,-0.000300706,-0.000314032,-0.000321696,-0.000323504,-0.000319382,-0.000309537,-0.000294297,-0.000274103,-0.000249692,-0.0002218,-0.000191463,-0.000159819,-0.000128138,-9.78168e-05
-7.57639e-05,-0.000103357,-0.00013385,-0.000165716,-0.000197274,-0.00022707,-0.000253942,-0.000276866,-0.000295174,-0.000308316,-0.000315895,-0.000317677,-0.000313635,-0.000303949,-0.000288977,-0.000269105,-0.000245102,-0.000217664,-0.00018783,-0.000156698,-0.000125532,-9.57285e-05
-7.40341e-05,-0.000101074,-0.000131024,-0.000162312,-0.000193349,-0.000222669,-0.000249072,-0.000271642,-0.000289699,-0.000302602,-0.000310057,-0.000311818,-0.000307861,-0.000298359,-0.000283647,-0.000264126,-0.000240496,-0.000213553,-0.000184189,-0.00015359,-0.000122977,-9.36782e-05
-7.23159e-05,-9.88379e-05,-0.000128217,-0.000158952,-0.000189461,-0.000218298,-0.000244279,-0.000266499,-0.000284226,-0.000296963,-0.000304297,-0.000306067,-0.000302176,-0.000292849,-0.000278381,-0.000259178,-0.000235975,-0.000209451,-0.000180605,-0.000150531,-0.000120407,-9.16369e-05
-7.06495e-05,-9.66565e-05,-0.000125508,-0.000155732,-0.000185722,-0.000214085,-0.000239639,-0.000261477,-0.000278966,-0.000291501,-0.000298717,-0.000300465,-0.00029666,-0.0002875,-0.000273285,-0.000254403,-0.000231582,-0.000205499,-0.00017712,-0.000147562,-0.000117938,-8.96814e-05
-6.90111e-05,-9.45293e-05,-0.000122844,-0.000152535,-0.000182009,-0.000209897,-0.000235051,-0.00025656,-0.000273758,-0.000286082,-0.00029321,-0.000294936,-0.000291198,-0.000282192,-0.000268225,-0.000249674,-0.000227242,-0.000201604,-0.000173707,-0.000144618,-0.000115521,-8.77164e-05
-6.74142e-05,-9.24309e-05,-0.000120221,-0.000149373,-0.000178361,-0.000205785,-0.000230526,-0.000251696,-0.000268611,-0.00028074,-0.000287773,-0.000289463,-0.00028582,-0.000276986,-0.000263244,-0.000245017,-0.000222962,-0.000197738,-0.000170332,-0.000141727,-0.000113121,-8.58235e-05
-6.58772e-05,-9.04176e-05,-0.000117714,-0.000146362,-0.000174864,-0.000201844,-0.000226177,-0.000247005,-0.000263674,-0.000275631,-0.000282538,-0.000284231,-0.000280641,-0.00027196,-0.000258461,-0.000240541,-0.000218835,-0.00019407,-0.000167074,-0.000138953,-0.000110826,-8.40002e-05
-6.43774e-05,-8.8433e-05,-0.00011521,-0.000143377,-0.00017138,-0.000197924,-0.000221864,-0.000242373,-0.000258747,-0.000270516,-0.000277339,-0.000279013,-0.000275485,-0.000266968,-0.000253705,-0.000236063,-0.000214754,-0.000190362,-0.000163855,-0.00013619,-0.000108544,-8.21906e-05
-6.29095e-05,-8.65083e-05,-0.000112786,-0.000140442,-0.000167982,-0.000194096,-0.000217639,-0.000237821,-0.000253943,-0.000265516,-0.000272253,-0.000273894,-0.000270452,-0.000262082,-0.000249051,-0.000231704,-0.000210752,-0.000186772,-0.000160693,-0.000133501,-0.000106327,-8.04161e-05
-6.14688e-05,-8.45981e-05,-0.000110431,-0.0001376,-0.00016468,-0.000190352,-0.000213519,-0.000233379,-0.000249253,-0.000260668,-0.000267262,-0.000268935,-0.000265532,-0.000257308,-0.000244494,-0.000227445,-0.000206837,-0.000183272,-0.00015762,-0.00013088,-0.000104155,-7.86944e-05
-6.00736e-05,-8.27561e-05,-0.000108104,-0.000134779,-0.000161411,-0.000186651,-0.000209467,-0.000229013,-0.000244609,-0.000255847,-0.000262355,-0.000264008,-0.000260667,-0.000252595,-0.000240012,-0.000223229,-0.000202975,-0.000179788,-0.000154575,-0.000128281,-0.000102012,-7.69916e-05
-5.86721e-05,-8.0918e-05,-0.000105796,-0.000132011,-0.000158168,-0.000183,-0.000205421,-0.00022465,-0.000240015,-0.000251067,-0.000257489,-0.000259099,-0.00025584,-0.0002479,-0.000235539,-0.000219062,-0.000199142,-0.00017636,-0.000151568,-0.000125709,-9.99041e-05,-7.53057e-05
-5.73239e-05,-7.91478e-05,-0.000103558,-0.000129318,-0.000155026,-0.00017944,-0.000201507,-0.000220406,-0.000235531,-0.000246405,-0.000252744,-0.000254327,-0.000251139,-0.000243336,-0.000231186,-0.000214996,-0.000195405,-0.000173003,-0.000148632,-0.00012322,-9.7841e-05,-7.36842e-05
-5.60185e-05,-7.74141e-05,-0.000101371,-0.000126691,-0.000151962,-0.000175971,-0.000197675,-0.000216261,-0.000231155,-0.000241855,-0.000248106,-0.000249662,-0.000246542,-0.000238893,-0.000226939,-0.000211023,-0.000191763,-0.000169733,-0.000145766,-0.000120781,-9.58412e-05,-7.21018e-05
-5.47571e-05,-7.57407e-05,-9.92653e-05,-0.000124147,-0.000148987,-0.000172603,-0.000193945,-0.000212229,-0.000226906,-0.000237435,-0.000243592,-0.000245121,-0.000242077,-0.000234552,-0.000222803,-0.000207158,-0.000188218,-0.000166549,-0.000142973,-0.000118416,-9.38932e-05,-7.05582e-05
-5.34911e-05,-7.40622e-05,-9.71425e-05,-0.000121561,-0.000145976,-0.000169198,-0.000190193,-0.000208187,-0.000222601,-0.000232979,-0.000239034,-0.00024057,-0.000237567,-0.000230182,-0.000218637,-0.000203259,-0.000184646,-0.000163351,-0.000140178,-0.000116029,-9.19322e-05,-6.90192e-05
-5.22892e-05,-7.24519e-05,-9.51339e-05,-0.000119113,-0.000143117,-0.000165941,-0.000186607,-0.000204311,-0.00021849,-0.000228716,-0.000234679,-0.000236203,-0.000233254,-0.000225992,-0.000214638,-0.000199528,-0.000181228,-0.000160284,-0.0001375,-0.000113755,-9.00713e-05,-6.75437e-05
-5.10757e-05,-7.08441e-05,-9.30827e-05,-0.000116641,-0.000140226,-0.000162673,-0.000182976,-0.000200397,-0.000214354,-0.000224404,-0.000230275,-0.000231775,-0.00022889,-0.000221762,-0.000210614,-0.000195758,-0.000177771,-0.000157191,-0.000134798,-0.000111455,-8.81838e-05,-6.60667e-05
-4.99329e-05,-6.93196e-05,-9.11382e-05,-0.000114277,-0.000137461,-0.000159544,-0.000179507,-0.000196657,-0.000210386,-0.000220272,-0.000226062,-0.000227542,-0.000224712,-0.000217714,-0.000206761,-0.000192155,-0.000174466,-0.000154237,-0.00013221,-0.00010926,-8.63889e-05,-6.46656e-05
-4.87831e-05,-6.77956e-05,-8.922e-05,-0.00011195,-0.000134734,-0.000156434,-0.000176081,-0.000192945,-0.000206458,-0.0002162,-0.000221885,-0.000223357,-0.000220578,-0.0002137,-0.000202942,-0.000188583,-0.000171196,-0.000151302,-0.000129646,-0.000107087,-8.46117e-05,-6.32774e-05
-4.76798e-05,-6.63214e-05,-8.73537e-05,-0.000109678,-0.000132067,-0.000153413,-0.000172734,-0.000189314,-0.000202611,-0.000212191,-0.000217804,-0.000219251,-0.000216534,-0.00020977,-0.000199199,-0.000185089,-0.000167989,-0.000148438,-0.000127153,-0.000104976,-8.28757e-05,-6.18969e-05
-4.65978e-05,-6.48734e-05,-8.55114e-05,-0.000107438,-0.00012945,-0.00015043,-0.000169427,-0.000185746,-0.000198835,-0.000208253,-0.000213777,-0.000215212,-0.000212552,-0.000205919,-0.000195525,-0.000181645,-0.000164838,-0.000145612,-0.000124697,-0.000102886,-8.11677e-05,-6.05406e-05
-4.55351e-05,-6.34493e-05,-8.37032e-05,-0.000105229,-0.000126856,-0.000147484,-0.000166167,-0.000182209,-0.000195069,-0.000204359,-0.000209793,-0.000211217,-0.000208595,-0.000202082,-0.000191867,-0.000178237,-0.000161724,-0.000142829,-0.000122249,-0.000100829,-7.949e-05,-5.92478e-05
-4.45032e-05,-6.20701e-05,-8.19444e-05,-0.000103101,-0.000124351,-0.000144628,-0.000162996,-0.000178769,-0.00019144,-0.000200566,-0.000205919,-0.00020732,-0.000204765,-0.000198364,-0.000188324,-0.00017492,-0.000158695,-0.000140105,-0.000119888,-9.88289e-05,-7.78546e-05,-5.79759e-05
-4.34799e-05,-6.06905e-05,-8.01903e-05,-0.000100952,-0.000121831,-0.00014176,-0.000159818,-0.00017534,-0.00018779,-0.000196774,-0.000202043,-0.000203428,-0.00020092,-0.000194632,-0.000184773,-0.00017161,-0.000155657,-0.000137399,-0.000117526,-9.68273e-05,-7.62244e-05,-5.6699e-05
-4.24875e-05,-5.93632e-05,-7.84967e-05,-9.88844e-05,-0.0001194,-0.000138989,-0.000156749,-0.000172011,-0.00018426,-0.000193093,-0.000198282,-0.000199652,-0.000197195,-0.000191021,-0.000181329,-0.000168394,-0.000152716,-0.000134767,-0.000115236,-9.48905e-05,-7.46482e-05,-5.54688e-05
-4.15213e-05,-5.80785e-05,-7.68529e-05,-9.68744e-05,-0.000117035,-0.000136289,-0.000153759,-0.000168775,-0.000180816,-0.00018951,-0.000194623,-0.000195976,-0.000193564,-0.000187496,-0.000177972,-0.000165267,-0.000149846,-0.000132206,-0.000113017,-9.30033e-05,-7.31178e-05,-5.42676e-05
-4.05784e-05,-5.67906e-05,-7.52126e-05,-9.48677e-05,-0.00011467,-0.000133595,-0.000150763,-0.000165528,-0.000177371,-0.000185923,-0.000190949,-0.00019229,-0.000189927,-0.000183976,-0.000174618,-0.00016213,-0.00014698,-0.000129645,-0.000110782,-9.11306e-05,-7.15847e-05,-5.30825e-05
-3.96703e-05,-5.55718e-05,-7.3637e-05,-9.29363e-05,-0.000112397,-0.000131006,-0.000147885,-0.000162404,-0.000174052,-0.000182466,-0.000187424,-0.00018874,-0.00018642,-0.000180571,-0.000171384,-0.000159109,-0.000144221,-0.000127182,-0.000108636,-8.93232e-05,-7.01209e-05,-5.1918e-05
-3.87472e-05,-5.43261e-05,-7.20579e-05,-9.10049e-05,-0.000110113,-0.000128394,-0.000144983,-0.000159255,-0.000170715,-0.000178988,-0.000183858,-0.00018516,-0.000182894,-0.000177154,-0.00016813,-0.000156067,-0.000141439,-0.000124699,-0.000106474,-8.74983e-05,-6.86411e-05,-5.07904e-05
-3.78675e-05,-5.31399e-05,-7.05352e-05,-8.914e-05,-0.000107911,-0.000125874,-0.000142182,-0.000156215,-0.000167488,-0.000175625,-0.000180423,-0.000181707,-0.00017948,-0.000173843,-0.00016497,-0.00015313,-0.000138747,-0.000122307,-0.000104394,-8.57444e-05,-6.72196e-05,-4.96898e-05
-3.70106e-05,-5.19715e-05,-6.90323e-05,-8.72996e-05,-0.000105737,-0.000123395,-0.000139423,-0.000153221,-0.000164297,-0.000172305,-0.000177027,-0.000178302,-0.000176114,-0.000170583,-0.000161874,-0.00015023,-0.000136103,-0.000119936,-0.000102339,-8.40138e-05,-6.58168e-05,-4.86387e-05
-3.61733e-05,-5.08194e-05,-6.75575e-05,-8.54853e-05,-0.000103593,-0.000120939,-0.000136693,-0.000150255,-0.000161145,-0.000169026,-0.000173664,-0.00017492,-0.000172781,-0.000167352,-0.000158794,-0.000147358,-0.000133478,-0.000117599,-0.00010031,-8.23079e-05,-6.44322e-05,-4.75372e-05
-3.53321e-05,-4.97081e-05,-6.61281e-05,-8.3722e-05,-0.000101512,-0.000118552,-0.000134036,-0.000147368,-0.000158078,-0.000165824,-0.000170388,-0.000171637,-0.000169536,-0.000164203,-0.000155799,-0.000144562,-0.00013093,-0.000115316,-9.83356e-05,-8.06493e-05,-6.30872e-05,-4.64979e-05
-3.45296e-05,-4.86152e-05,-6.47175e-05,-8.19926e-05,-9.94597e-05,-0.000116203,-0.00013142,-0.000144525,-0.00015506,-0.000162675,-0.000167167,-0.000168385,-0.000166334,-0.000161098,-0.000152848,-0.000141811,-0.000128414,-0.000113074,-9.63915e-05,-7.90128e-05,-6.17694e-05,-4.54779e-05
-3.37439e-05,-4.75353e-05,-6.33229e-05,-8.02695e-05,-9.74221e-05,-0.00011387,-0.000128823,-0.000141701,-0.00015205,-0.000159541,-0.000163958,-0.000165164,-0.000163152,-0.000158014,-0.000149909,-0.000139074,-0.000125912,-0.000110851,-9.44559e-05,-7.73906e-05,-6.04624e-05,-4.4471e-05
-3.29681e-05,-4.64871e-05,-6.1975e-05,-7.86097e-05,-9.54549e-05,-0.00011161,-0.000126308,-0.000138963,-0.000149139,-0.000156496,-0.000160854,-0.000162042,-0.000160069,-0.000155021,-0.000147066,-0.000136416,-0.000123487,-0.000108695,-9.25874e-05,-7.58266e-05,-5.91955e-05,-4.34862e-05
-3.22026e-05,-4.54459e-05,-6.06316e-05,-7.69532e-05,-9.34877e-05,-0.000109355,-0.000123789,-0.000136227,-0.000146226,-0.000153463,-0.00015774,-0.000158914,-0.000156982,-0.000152032,-0.000144216,-0.000133763,-0.000121068,-0.000106537,-9.07187e-05,-7.42561e-05,-5.79324e-05,-4.25264e-05
-3.14688e-05,-4.44446e-05,-5.93381e-05,-7.53555e-05,-9.15906e-05,-0.000107178,-0.000121361,-0.000133587,-0.000143417,-0.000150528,-0.000154737,-0.000155898,-0.000154004,-0.000149149,-0.000141464,-0.0001312,-0.00011873,-0.000104453,-8.89182e-05,-7.27509e-05,-5.67126e-05,-4.15642e-05
-3.07481e-05,-4.34591e-05,-5.80614e-05,-7.37783e-05,-8.97173e-05,-0.000105025,-0.000118956,-0.000130968,-0.000140629,-0.00014762,-0.000151762,-0.0001529,-0.00015105,-0.000146283,-0.000138744,-0.000128656,-0.000116416,-0.000102394,-8.71339e-05,-7.12532e-05,-5.55137e-05,-4.06716e-05
-3.00247e-05,-4.24879e-05,-5.68032e-05,-7.22208e-05,-8.78668e-05,-0.0001029,-0.000116583,-0.000128386,-0.000137877,-0.000144751,-0.00014882,-0.000149948,-0.000148131,-0.000143449,-0.000136049,-0.000126152,-0.000114125,-0.000100358,-8.53724e-05,-6.97806e-05,-5.43277e-05,-3.97651e-05
-2.9345e-05,-4.154e-05,-5.55749e-05,-7.0699e-05,-8.6057e-05,-0.000100817,-0.000114259,-0.000125851,-0.000135175,-0.000141933,-0.000145931,-0.000147045,-0.000145263,-0.000140673,-0.000133409,-0.000123688,-0.00011188,-9.83593e-05,-8.36453e-05,-6.83359e-05,-5.31694e-05,-3.88765e-05
-2.86664e-05,-4.06229e-05,-5.43749e-05,-6.92107e-05,-8.42812e-05,-9.87771e-05,-0.000111981,-0.000123372,-0.000132533,-0.000139176,-0.000143109,-0.000144203,-0.000142459,-0.00013795,-0.000130827,-0.000121283,-0.000109685,-9.64103e-05,-8.19568e-05,-6.69232e-05,-5.20414e-05,-3.80203e-05
-2.8004e-05,-3.97059e-05,-5.31924e-05,-6.77493e-05,-8.25376e-05,-9.67664e-05,-0.000109735,-0.000120926,-0.000129926,-0.000136452,-0.000140315,-0.000141399,-0.000139684,-0.000135266,-0.000128268,-0.000118901,-0.000107512,-9.44838e-05,-8.02895e-05,-6.55325e-05,-5.09233e-05,-3.71925e-05
-2.73596e-05,-3.88138e-05,-5.2031e-05,-6.63073e-05,-8.08262e-05,-9.47945e-05,-0.000107528,-0.00011851,-0.000127353,-0.000133763,-0.000137568,-0.00013863,-0.000136957,-0.000132618,-0.00012575,-0.000116554,-0.000105379,-9.25823e-05,-7.86541e-05,-6.41686e-05,-4.98277e-05,-3.63294e-05
-2.67184e-05,-3.79397e-05,-5.08969e-05,-6.48988e-05,-7.91428e-05,-9.2853e-05,-0.000105357,-0.000116145,-0.000124832,-0.00013113,-0.000134864,-0.000135914,-0.000134275,-0.000130021,-0.00012328,-0.000114254,-0.000103281,-9.07197e-05,-7.70475e-05,-6.28289e-05,-4.8755e-05,-3.54788e-05
-2.60933e-05,-3.70809e-05,-4.97764e-05,-6.35029e-05,-7.74765e-05,-9.0934e-05,-0.000103206,-0.000113801,-0.00012233,-0.000128518,-0.000132188,-0.000133221,-0.000131616,-0.000127441,-0.000120828,-0.000111972,-0.000101202,-8.88743e-05,-7.54545e-05,-6.15015e-05,-4.76943e-05,-3.47029e-05
-2.54718e-05,-3.62452e-05,-4.86854e-05,-6.21459e-05,-7.58569e-05,-8.90654e-05,-0.000101114,-0.000111515,-0.000119894,-0.000125969,-0.000129576,-0.000130596,-0.000129022,-0.000124929,-0.000118439,-0.000109747,-9.91787e-05,-8.70755e-05,-7.39055e-05,-6.02059e-05,-4.66643e-05,-3.39213e-05
-2.48986e-05,-3.54259e-05,-4.76167e-05,-6.08181e-05,-7.42671e-05,-8.72288e-05,-9.90585e-05,-0.00010927,-0.000117499,-0.000123469,-0.000127013,-0.000128018,-0.000126476,-0.000122461,-0.000116091,-0.00010756,-9.71885e-05,-8.53118e-05,-7.23821e-05,-5.89448e-05,-4.56508e-05,-3.31562e-05
-2.43239e-05,-3.4626e-05,-4.6564e-05,-5.95008e-05,-7.26948e-05,-8.54136e-05,-9.70235e-05,-0.000107049,-0.000115124,-0.000120987,-0.00012447,-0.000125455,-0.000123949,-0.000120012,-0.000113764,-0.000105398,-9.52141e-05,-8.35624e-05,-7.08761e-05,-5.76876e-05,-4.46546e-05,-3.23978e-05
-2.3736e-05,-3.38296e-05,-4.55278e-05,-5.82103e-05,-7.11474e-05,-8.36257e-05,-9.50174e-05,-0.00010486,-0.000112787,-0.000118544,-0.000121964,-0.000122937,-0.00012146,-0.0001176,-0.00011147,-0.000103262,-9.32736e-05,-8.18404e-05,-6.93938e-05,-5.64567e-05,-4.36716e-05,-3.16553e-05
-2.3181e-05,-3.30641e-05,-4.45242e-05,-5.6962e-05,-6.96488e-05,-8.18884e-05,-9.30736e-05,-0.000102737,-0.00011052,-0.000116174,-0.000119531,-0.000120489,-0.000119041,-0.000115258,-0.000109243,-0.000101192,-9.13915e-05,-8.01696e-05,-6.79551e-05,-5.52608e-05,-4.27212e-05,-3.09381e-05
-2.2649e-05,-3.23033e-05,-4.35289e-05,-5.57152e-05,-6.81567e-05,-8.01675e-05,-9.11365e-05,-0.000100616,-0.000108257,-0.000113806,-0.000117107,-0.000118048,-0.000116636,-0.000112926,-0.000107025,-9.91253e-05,-8.95109e-05,-7.85062e-05,-6.65253e-05,-5.40753e-05,-4.17751e-05,-3.02236e-05
-2.21039e-05,-3.15638e-05,-4.25577e-05,-5.45018e-05,-6.67028e-05,-7.84813e-05,-8.92467e-05,-9.85492e-05,-0.000106046,-0.00011149,-0.000114736,-0.000115666,-0.000114276,-0.00011064,-0.000104854,-9.71057e-05,-8.76743e-05,-7.68815e-05,-6.51262e-05,-5.29121e-05,-4.08523e-05,-2.95315e-05
-2.1574e-05,-3.08343e-05,-4.16013e-05,-5.33023e-05,-6.52589e-05,-7.68135e-05,-8.737e-05,-9.6502e-05,-0.000103856,-0.000109206,-0.000112386,-0.000113299,-0.000111942,-0.000108376,-0.000102705,-9.51082e-05,-8.58568e-05,-7.52703e-05,-6.37434e-05,-5.1766e-05,-3.99427e-05,-2.88447e-05
-2.10617e-05,-3.01232e-05,-4.06674e-05,-5.21312e-05,-6.3855e-05,-7.51867e-05,-8.55417e-05,-9.44986e-05,-0.000101721,-0.000106967,-0.00011009,-0.00011099,-0.00010966,-0.00010617,-0.000100608,-9.31549e-05,-8.40831e-05,-7.3697e-05,-6.23921e-05,-5.06451e-05,-3.90579e-05,-2.82099e-05
-2.05582e-05,-2.94241e-05,-3.97455e-05,-5.09761e-05,-6.24678e-05,-7.35761e-05,-8.37335e-05,-9.25191e-05,-9.95996e-05,-0.000104751,-0.000107817,-0.000108701,-0.000107403,-0.000103975,-9.85249e-05,-9.12222e-05,-8.23244e-05,-7.21412e-05,-6.10569e-05,-4.95412e-05,-3.818e-05,-2.75177e-05
-2.00705e-05,-2.87426e-05,-3.88495e-05,-4.98543e-05,-6.11166e-05,-7.20055e-05,-8.19698e-05,-9.05865e-05,-9.75365e-05,-0.000102589,-0.000105598,-0.000106465,-0.000105195,-0.000101839,-9.64959e-05,-8.93358e-05,-8.06106e-05,-7.0623e-05,-5.97564e-05,-4.84596e-05,-3.73285e-05,-2.68766e-05
-1.95864e-05,-2.80703e-05,-3.79631e-05,-4.87381e-05,-5.97754e-05,-7.04513e-05,-8.02201e-05,-8.86717e-05,-9.5484e-05,-0.000100443,-0.000103398,-0.000104252,-0.000103011,-9.97186e-05,-9.44829e-05,-8.7464e-05,-7.89086e-05,-6.91197e-05,-5.84659e-05,-4.73963e-05,-3.64838e-05,-2.62455e-05
-1.91179e-05,-2.742e-05,-3.71044e-05,-4.76614e-05,-5.84804e-05,-6.89469e-05,-7.85256e-05,-8.68159e-05,-9.34997e-05,-9.83619e-05,-0.000101261,-0.000102106,-0.000100885,-9.76623e-05,-9.25305e-05,-8.56499e-05,-7.72621e-05,-6.76613e-05,-5.72133e-05,-4.63628e-05,-3.56691e-05,-2.56359e-05
-1.86533e-05,-2.67686e-05,-3.62441e-05,-4.65784e-05,-5.71733e-05,-6.74297e-05,-7.68173e-05,-8.49436e-05,-9.14958e-05,-9.6267e-05,-9.91107e-05,-9.99377e-05,-9.87476e-05,-9.55893e-05,-9.05591e-05,-8.38181e-05,-7.55993e-05,-6.6193e-05,-5.59561e-05,-4.53239e-05,-3.4846e-05,-2.5022e-05
-1.82032e-05,-2.61409e-05,-3.54147e-05,-4.55349e-05,-5.59165e-05,-6.59678e-05,-7.51696e-05,-8.31361e-05,-8.95622e-05,-9.4244e-05,-9.70349e-05,-9.78426e-05,-9.66794e-05,-9.35865e-05,-8.86567e-05,-8.20499e-05,-7.39971e-05,-6.4775e-05,-5.47412e-05,-4.43207e-05,-3.40551e-05,-2.44317e-05
-1.77633e-05,-2.55219e-05,-3.45942e-05,-4.45034e-05,-5.467e-05,-6.45191e-05,-7.35371e-05,-8.13514e-05,-8.76472e-05,-9.22356e-05,-9.49757e-05,-9.57726e-05,-9.46329e-05,-9.16044e-05,-8.67713e-05,-8.03004e-05,-7.24065e-05,-6.33722e-05,-5.35402e-05,-4.33295e-05,-3.32731e-05,-2.3814e-05
-1.73283e-05,-2.49158e-05,-3.3793e-05,-4.34929e-05,-5.34491e-05,-6.30961e-05,-7.19364e-05,-7.95936e-05,-8.57661e-05,-9.02631e-05,-9.29486e-05,-9.37332e-05,-9.26205e-05,-8.96545e-05,-8.49253e-05,-7.8582e-05,-7.08467e-05,-6.19941e-05,-5.23634e-05,-4.23569e-05,-3.25089e-05,-2.3276e-05
-1.68867e-05,-2.43203e-05,-3.30034e-05,-4.24957e-05,-5.22459e-05,-6.16969e-05,-7.03556e-05,-7.78578e-05,-8.39118e-05,-8.83186e-05,-9.09515e-05,-9.17251e-05,-9.06344e-05,-8.77287e-05,-8.30952e-05,-7.68841e-05,-6.93077e-05,-6.06344e-05,-5.11991e-05,-4.13991e-05,-3.17549e-05,-2.27199e-05
-1.64942e-05,-2.37429e-05,-3.22386e-05,-4.15331e-05,-5.10822e-05,-6.03396e-05,-6.88238e-05,-7.61732e-05,-8.21115e-05,-8.64282e-05,-8.90149e-05,-8.97676e-05,-8.87009e-05,-8.58599e-05,-8.13246e-05,-7.52331e-05,-6.78097e-05,-5.93148e-05,-5.00697e-05,-4.0468e-05,-3.10253e-05,-2.21646e-05
-1.61e-05,-2.3168e-05,-3.14741e-05,-4.05668e-05,-4.99109e-05,-5.89779e-05,-6.7288e-05,-7.4488e-05,-8.03001e-05,-8.45388e-05,-8.70716e-05,-8.78106e-05,-8.67728e-05,-8.39899e-05,-7.95413e-05,-7.35815e-05,-6.63137e-05,-5.7994e-05,-4.89388e-05,-3.9543e-05,-3.0294e-05,-2.16364e-05
-1.56858e-05,-2.26075e-05,-3.07336e-05,-3.96279e-05,-4.87758e-05,-5.76497e-05,-6.57913e-05,-7.28488e-05,-7.85414e-05,-8.26912e-05,-8.51718e-05,-8.59017e-05,-8.48838e-05,-8.21612e-05,-7.78104e-05,-7.19766e-05,-6.48541e-05,-5.67064e-05,-4.78414e-05,-3.86352e-05,-2.95859e-05,-2.11113e-05
-1.52929e-05,-2.20563e-05,-2.9998e-05,-3.86988e-05,-4.765e-05,-5.63401e-05,-6.43092e-05,-7.12193e-05,-7.67955e-05,-8.08615e-05,-8.32931e-05,-8.40106e-05,-8.3014e-05,-8.03496e-05,-7.60881e-05,-7.03776e-05,-6.34075e-05,-5.54296e-05,-4.67506e-05,-3.77416e-05,-2.88823e-05,-2.05919e-05
-1.49124e-05,-2.15194e-05,-2.9285e-05,-3.77966e-05,-4.65572e-05,-5.50625e-05,-6.28669e-05,-6.9633e-05,-7.50964e-05,-7.9077e-05,-8.14614e-05,-8.21647e-05,-8.11906e-05,-7.85848e-05,-7.44134e-05,-6.8822e-05,-6.19987e-05,-5.41873e-05,-4.56909e-05,-3.68689e-05,-2.82002e-05,-2.00878e-05
-1.45378e-05,-2.09926e-05,-2.85818e-05,-3.69053e-05,-4.54759e-05,-5.3802e-05,-6.14409e-05,-6.80673e-05,-7.34155e-05,-7.73168e-05,-7.96514e-05,-8.03428e-05,-7.93907e-05,-7.684e-05,-7.27573e-05,-6.72862e-05,-6.06061e-05,-5.29603e-05,-4.46432e-05,-3.60114e-05,-2.75272e-05,-1.95914e-05
-1.41546e-05,-2.04814e-05,-2.78987e-05,-3.6038e-05,-4.44257e-05,-5.25782e-05,-6.00543e-05,-6.65401e-05,-7.17794e-05,-7.56023e-05,-7.78871e-05,-7.85677e-05,-7.76364e-05,-7.51389e-05,-7.11462e-05,-6.57898e-05,-5.92528e-05,-5.17646e-05,-4.36243e-05,-3.51753e-05,-2.68752e-05,-1.91097e-05
-1.38141e-05,-1.99713e-05,-2.72196e-05,-3.51778e-05,-4.33792e-05,-5.13519e-05,-5.867e-05,-6.50206e-05,-7.01471e-05,-7.38881e-05,-7.61282e-05,-7.67939e-05,-7.5885e-05,-7.34443e-05,-6.95352e-05,-6.42963e-05,-5.78978e-05,-5.05745e-05,-4.26089e-05,-3.43431e-05,-2.62229e-05,-1.86306e-05
-1.34635e-05,-1.94758e-05,-2.65579e-05,-3.43379e-05,-4.23588e-05,-5.01587e-05,-5.73198e-05,-6.35354e-05,-6.85532e-05,-7.22158e-05,-7.44095e-05,-7.50626e-05,-7.41746e-05,-7.17877e-05,-6.79634e-05,-6.2838e-05,-5.65774e-05,-4.94118e-05,-4.16181e-05,-3.35314e-05,-2.5589e-05,-1.81646e-05
-1.31202e-05,-1.89904e-05,-2.59092e-05,-3.35137e-05,-4.13569e-05,-4.89866e-05,-5.59931e-05,-6.20755e-05,-6.69863e-05,-7.05714e-05,-7.27194e-05,-7.336e-05,-7.24926e-05,-7.01586e-05,-6.64179e-05,-6.14043e-05,-5.52795e-05,-4.82692e-05,-4.06448e-05,-3.27345e-05,-2.49671e-05,-1.7708e-05
-1.27884e-05,-1.85183e-05,-2.52768e-05,-3.27103e-05,-4.03785e-05,-4.78423e-05,-5.4695e-05,-6.0654e-05,-6.54556e-05,-6.89677e-05,-7.10682e-05,-7.16972e-05,-7.08488e-05,-6.85677e-05,-6.49075e-05,-6.00054e-05,-5.40108e-05,-4.71559e-05,-3.96943e-05,-3.1957e-05,-2.43609e-05,-1.72648e-05
-1.24562e-05,-1.80513e-05,-2.46528e-05,-3.19142e-05,-3.94123e-05,-4.67106e-05,-5.34149e-05,-5.9237e-05,-6.39363e-05,-6.73742e-05,-6.94334e-05,-7.00467e-05,-6.92218e-05,-6.69889e-05,-6.34144e-05,-5.86169e-05,-5.27551e-05,-4.6049e-05,-3.87541e-05,-3.11892e-05,-2.37629e-05,-1.68234e-05
-1.21332e-05,-1.75921e-05,-2.40373e-05,-3.11325e-05,-3.84593e-05,-4.55935e-05,-5.21494e-05,-5.7844e-05,-6.24425e-05,-6.58018e-05,-6.78161e-05,-6.84199e-05,-6.76123e-05,-6.5432e-05,-6.19345e-05,-5.72461e-05,-5.15165e-05,-4.49586e-05,-3.7827e-05,-3.04301e-05,-2.31719e-05,-1.63929e-05
-1.18185e-05,-1.71465e-05,-2.34393e-05,-3.03709e-05,-3.75317e-05,-4.4506e-05,-5.09159e-05,-5.64857e-05,-6.0984e-05,-6.42711e-05,-6.62426e-05,-6.68311e-05,-6.60437e-05,-6.3913e-05,-6.04921e-05,-5.591e-05,-5.03102e-05,-4.38958e-05,-3.6924e-05,-2.96917e-05,-2.25975e-05,-1.59738e-05
-1.15094e-05,-1.67065e-05,-2.28494e-05,-2.96188e-05,-3.66147e-05,-4.3431e-05,-4.96976e-05,-5.5143e-05,-5.95408e-05,-6.27547e-05,-6.46829e-05,-6.52628e-05,-6.44933e-05,-6.24113e-05,-5.90698e-05,-5.459e-05,-4.91141e-05,-4.28465e-05,-3.60312e-05,-2.89637e-05,-2.20318e-05,-1.55601e-05
-1.12073e-05,-1.62771e-05,-2.22728e-05,-2.88834e-05,-3.57177e-05,-4.23787e-05,-4.8504e-05,-5.38275e-05,-5.81271e-05,-6.127e-05,-6.3156e-05,-6.37241e-05,-6.29731e-05,-6.09392e-05,-5.76738e-05,-5.32959e-05,-4.7944e-05,-4.18182e-05,-3.51573e-05,-2.82507e-05,-2.14781e-05,-1.51564e-05
-1.09117e-05,-1.58582e-05,-2.17088e-05,-2.8163e-05,-3.48396e-05,-4.13495e-05,-4.73342e-05,-5.25375e-05,-5.67393e-05,-5.98167e-05,-6.16601e-05,-6.22152e-05,-6.14826e-05,-5.94951e-05,-5.63057e-05,-5.20271e-05,-4.67969e-05,-4.08107e-05,-3.42997e-05,-2.75542e-05,-2.09368e-05,-1.47614e-05
-1.06233e-05,-1.54448e-05,-2.11549e-05,-2.74557e-05,-3.39761e-05,-4.03358e-05,-4.6182e-05,-5.1268e-05,-5.53757e-05,-5.83802e-05,-6.01823e-05,-6.07294e-05,-6.00132e-05,-5.80739e-05,-5.49576e-05,-5.0778e-05,-4.5667e-05,-3.98187e-05,-3.34594e-05,-2.68681e-05,-2.04039e-05,-1.43747e-05
-1.03578e-05,-1.50433e-05,-2.06136e-05,-2.67627e-05,-3.31291e-05,-3.93429e-05,-4.50584e-05,-5.00238e-05,-5.40376e-05,-5.69768e-05,-5.87366e-05,-5.92701e-05,-5.85755e-05,-5.66804e-05,-5.36347e-05,-4.95537e-05,-4.45609e-05,-3.88462e-05,-3.26336e-05,-2.6194e-05,-1.98853e-05,-1.39971e-05
-1.00624e-05,-1.46476e-05,-2.00789e-05,-2.60825e-05,-3.22955e-05,-3.8358e-05,-4.39412e-05,-4.87967e-05,-5.27178e-05,-5.55848e-05,-5.73097e-05,-5.78329e-05,-5.71507e-05,-5.53008e-05,-5.23292e-05,-4.83423e-05,-4.34671e-05,-3.78858e-05,-3.18191e-05,-2.55305e-05,-1.93712e-05,-1.36241e-05
-9.79054e-06,-1.42584e-05,-1.95558e-05,-2.54113e-05,-3.14763e-05,-3.73965e-05,-4.28467e-05,-4.75877e-05,-5.14179e-05,-5.42205e-05,-5.59042e-05,-5.64155e-05,-5.57523e-05,-5.3947e-05,-5.10446e-05,-4.71526e-05,-4.23923e-05,-3.69435e-05,-3.10197e-05,-2.48807e-05,-1.88672e-05,-1.32593e-05
-9.5251e-06,-1.38793e-05,-1.90443e-05,-2.47565e-05,-3.06751e-05,-3.64542e-05,-4.17757e-05,-4.64054e-05,-5.0146e-05,-5.28835e-05,-5.45285e-05,-5.50288e-05,-5.43822e-05,-5.26204e-05,-4.97872e-05,-4.59877e-05,-4.13403e-05,-3.60204e-05,-3.02371e-05,-2.42444e-05,-1.83754e-05,-1.29032e-05
-9.26542e-06,-1.35081e-05,-1.85432e-05,-2.41146e-05,-2.98892e-05,-3.55295e-05,-4.07242e-05,-4.52445e-05,-4.88968e-05,-5.15704e-05,-5.31772e-05,-5.36666e-05,-5.30363e-05,-5.13173e-05,-4.8552e-05,-4.48436e-05,-4.03072e-05,-3.51143e-05,-2.94692e-05,-2.36203e-05,-1.78934e-05,-1.25545e-05
-9.01133e-06,-1.31445e-05,-1.80522e-05,-2.34851e-05,-2.91182e-05,-3.46219e-05,-3.9692e-05,-4.41046e-05,-4.767e-05,-5.02804e-05,-5.18497e-05,-5.23284e-05,-5.17141e-05,-5.00371e-05,-4.73387e-05,-4.37199e-05,-3.92926e-05,-3.42246e-05,-2.87155e-05,-2.30081e-05,-1.7421e-05,-1.22132e-05
-8.7638e-06,-1.27888e-05,-1.75726e-05,-2.28695e-05,-2.83648e-05,-3.37364e-05,-3.86811e-05,-4.29884e-05,-4.64685e-05,-4.90176e-05,-5.05485e-05,-5.10187e-05,-5.04189e-05,-4.8784e-05,-4.61519e-05,-4.26204e-05,-3.82992e-05,-3.33544e-05,-2.79787e-05,-2.24115e-05,-1.69591e-05,-1.18801e-05
-8.51946e-06,-1.244e-05,-1.70995e-05,-2.22629e-05,-2.76199e-05,-3.28573e-05,-3.7684e-05,-4.18861e-05,-4.52819e-05,-4.7769e-05,-4.92647e-05,-4.97224e-05,-4.91392e-05,-4.75441e-05,-4.49763e-05,-4.15322e-05,-3.7318e-05,-3.24938e-05,-2.725e-05,-2.18187e-05,-1.65041e-05,-1.1552e-05
-8.28313e-06,-1.21003e-05,-1.66398e-05,-2.16734e-05,-2.68958e-05,-3.20016e-05,-3.67126e-05,-4.08117e-05,-4.41259e-05,-4.65516e-05,-4.80118e-05,-4.84612e-05,-4.78912e-05,-4.63368e-05,-4.38303e-05,-4.04722e-05,-3.63612e-05,-3.16573e-05,-2.654e-05,-2.12442e-05,-1.60608e-05,-1.12335e-05
-8.04887e-06,-1.17649e-05,-1.61855e-05,-2.10888e-05,-2.61793e-05,-3.11592e-05,-3.57504e-05,-3.97488e-05,-4.29804e-05,-4.53481e-05,-4.67726e-05,-4.72097e-05,-4.66565e-05,-4.51405e-05,-4.26988e-05,-3.94236e-05,-3.54155e-05,-3.08271e-05,-2.58399e-05,-2.06754e-05,-1.56241e-05,-1.09187e-05
-7.82123e-06,-1.1438e-05,-1.57424e-05,-2.05191e-05,-2.54799e-05,-3.03342e-05,-3.48105e-05,-3.87096e-05,-4.18611e-05,-4.41705e-05,-4.55601e-05,-4.59872e-05,-4.54486e-05,-4.39711e-05,-4.15909e-05,-3.8398e-05,-3.44903e-05,-3.00169e-05,-2.51548e-05,-2.01204e-05,-1.51974e-05,-1.06121e-05
-7.59862e-06,-1.11182e-05,-1.53085e-05,-1.9961e-05,-2.47942e-05,-2.95252e-05,-3.38886e-05,-3.769e-05,-4.07627e-05,-4.30148e-05,-4.43701e-05,-4.47872e-05,-4.42629e-05,-4.28233e-05,-4.05035e-05,-3.73915e-05,-3.35826e-05,-2.92222e-05,-2.4483e-05,-1.95764e-05,-1.47795e-05,-1.03122e-05
-7.38001e-06,-1.08064e-05,-1.48854e-05,-1.94156e-05,-2.41245e-05,-2.87369e-05,-3.29896e-05,-3.66928e-05,-3.96888e-05,-4.18855e-05,-4.32051e-05,-4.36135e-05,-4.31036e-05,-4.17003e-05,-3.9441e-05,-3.64079e-05,-3.26966e-05,-2.84441e-05,-2.3827e-05,-1.90444e-05,-1.4373e-05,-1.00201e-05
-7.16816e-06,-1.04989e-05,-1.44677e-05,-1.88785e-05,-2.34635e-05,-2.79541e-05,-3.20974e-05,-3.57083e-05,-3.86274e-05,-4.07676e-05,-4.2056e-05,-4.24536e-05,-4.19571e-05,-4.05912e-05,-3.83891e-05,-3.54347e-05,-3.18182e-05,-2.76781e-05,-2.31785e-05,-1.85208e-05,-1.39694e-05,-9.73177e-06
-6.96004e-06,-1.01991e-05,-1.40604e-05,-1.83536e-05,-2.28178e-05,-2.71913e-05,-3.12274e-05,-3.47455e-05,-3.75896e-05,-3.96753e-05,-4.09311e-05,-4.13191e-05,-4.0836e-05,-3.9506e-05,-3.73612e-05,-3.44836e-05,-3.09609e-05,-2.6928e-05,-2.25452e-05,-1.80087e-05,-1.35769e-05,-9.45098e-06
-6.75661e-06,-9.90593e-06,-1.36617e-05,-1.78396e-05,-2.21851e-05,-2.64438e-05,-3.03745e-05,-3.38013e-05,-3.65718e-05,-3.86038e-05,-3.98275e-05,-4.02061e-05,-3.97362e-05,-3.84414e-05,-3.63529e-05,-3.35507e-05,-3.01201e-05,-2.61926e-05,-2.19245e-05,-1.75071e-05,-1.31926e-05,-9.17638e-06
-6.55779e-06,-9.61916e-06,-1.32716e-05,-1.73362e-05,-2.15654e-05,-2.57111e-05,-2.95383e-05,-3.28754e-05,-3.55736e-05,-3.75529e-05,-3.8745e-05,-3.91143e-05,-3.86573e-05,-3.73972e-05,-3.53639e-05,-3.26358e-05,-2.92956e-05,-2.54717e-05,-2.13162e-05,-1.70158e-05,-1.28165e-05,-8.90789e-06
-6.36345e-06,-9.33867e-06,-1.28897e-05,-1.68434e-05,-2.09582e-05,-2.49931e-05,-2.87186e-05,-3.19676e-05,-3.45947e-05,-3.65222e-05,-3.76832e-05,-3.80433e-05,-3.75991e-05,-3.63729e-05,-3.43939e-05,-3.17385e-05,-2.84872e-05,-2.47649e-05,-2.07201e-05,-1.65345e-05,-1.24483e-05,-8.64537e-06
-6.17349e-06,-9.06432e-06,-1.25159e-05,-1.63607e-05,-2.03634e-05,-2.42894e-05,-2.7915e-05,-3.10774e-05,-3.36347e-05,-3.55112e-05,-3.66417e-05,-3.69928e-05,-3.6561e-05,-3.53682e-05,-3.34424e-05,-3.08585e-05,-2.76944e-05,-2.4072e-05,-2.01359e-05,-1.6063e-05,-1.20879e-05,-8.38868e-06
-5.97154e-06,-8.79772e-06,-1.21518e-05,-1.58901e-05,-1.97838e-05,-2.36027e-05,-2.713e-05,-3.0208e-05,-3.26997e-05,-3.45228e-05,-3.56241e-05,-3.59685e-05,-3.55474e-05,-3.43867e-05,-3.25136e-05,-2.99992e-05,-2.69218e-05,-2.3396e-05,-1.95674e-05,-1.56027e-05,-1.17371e-05,-8.13946e-06
-5.80655e-06,-8.53383e-06,-1.17926e-05,-1.54258e-05,-1.92105e-05,-2.29248e-05,-2.63561e-05,-2.935e-05,-3.17713e-05,-3.35486e-05,-3.46196e-05,-3.4953e-05,-3.45454e-05,-3.34173e-05,-3.15952e-05,-2.91502e-05,-2.61559e-05,-2.27278e-05,-1.9003e-05,-1.51496e-05,-1.13902e-05,-7.89255e-06
-5.6294e-06,-8.27746e-06,-1.14428e-05,-1.49733e-05,-1.86521e-05,-2.22635e-05,-2.56002e-05,-2.85121e-05,-3.08672e-05,-3.25962e-05,-3.36383e-05,-3.39631e-05,-3.35672e-05,-3.24706e-05,-3.06989e-05,-2.83214e-05,-2.54097e-05,-2.2076e-05,-1.8454e-05,-1.47072e-05,-1.10527e-05,-7.65291e-06
-5.45632e-06,-8.02682e-06,-1.11005e-05,-1.45303e-05,-1.81053e-05,-2.16156e-05,-2.48596e-05,-2.7691e-05,-2.99812e-05,-3.16627e-05,-3.26764e-05,-3.29926e-05,-3.26082e-05,-3.15424e-05,-2.98202e-05,-2.7509e-05,-2.46783e-05,-2.14374e-05,-1.79163e-05,-1.42741e-05,-1.07225e-05,-7.41869e-06
-5.28729e-06,-7.78189e-06,-1.07659e-05,-1.4097e-05,-1.75701e-05,-2.09814e-05,-2.41343e-05,-2.68868e-05,-2.91131e-05,-3.07481e-05,-3.17339e-05,-3.20417e-05,-3.16685e-05,-3.0633e-05,-2.89593e-05,-2.67131e-05,-2.39619e-05,-2.0812e-05,-1.73899e-05,-1.38503e-05,-1.03996e-05,-7.18987e-06
-5.12227e-06,-7.54258e-06,-1.04387e-05,-1.36732e-05,-1.70465e-05,-2.03606e-05,-2.34242e-05,-2.60991e-05,-2.82629e-05,-2.98522e-05,-3.08105e-05,-3.11101e-05,-3.07479e-05,-2.97421e-05,-2.81159e-05,-2.59335e-05,-2.32603e-05,-2.01996e-05,-1.68745e-05,-1.34357e-05,-1.00839e-05,-6.96638e-06
-4.96113e-06,-7.30876e-06,-1.01189e-05,-1.32587e-05,-1.65341e-05,-1.97529e-05,-2.27289e-05,-2.53278e-05,-2.74301e-05,-2.89746e-05,-2.99059e-05,-3.01974e-05,-2.9846e-05,-2.88693e-05,-2.72898e-05,-2.51699e-05,-2.25731e-05,-1.96e-05,-1.63701e-05,-1.303e-05,-9.77522e-06,-6.7481e-06
