0.000252963,0.000245252,0.000230489,0.000218986,0.000205299,0.000201359,0.000184448,0.000175069,0.000157314,0.000157757,0.000145455
0.000241549,0.000233226,0.000220828,0.00020742,0.000194347,0.000191017,0.000177766,0.000167577,0.000148126,0.000150639,0.000137726
0.000228689,0.000222748,0.000207347,0.000196441,0.000183659,0.000181478,0.000166939,0.000157246,0.00014143,0.000142207,0.000128092
0.000217964,0.000213175,0.000198209,0.000186207,0.000174868,0.000172769,0.000159775,0.000150935,0.000134806,0.000134995,0.000122197
0.000208005,0.000204073,0.000189021,0.000177447,0.000166831,0.000164648,0.000152439,0.000144297,0.000128864,0.000128575,0.000115836
0.000199197,0.000195821,0.000180806,0.000169917,0.000160033,0.000156638,0.000146477,0.00013877,0.000122915,0.000122846,0.000109659
0.000189874,0.000187261,0.000172637,0.000162103,0.000152919,0.000149736,0.000139264,0.000132522,0.000118467,0.000116796,0.000104484
0.000181043,0.000180131,0.000165224,0.000155517,0.000146866,0.000142651,0.000133561,0.000127131,0.000113665,0.000110465,0.000101122
0.000173352,0.000172048,0.000158581,0.000148732,0.00014096,0.000136651,0.000127814,0.000121943,0.000109299,0.000106317,9.47954e-05
0.000165392,0.000165494,0.000153352,0.000143123,0.000135388,0.000130696,0.000122841,0.000116418,0.00010529,0.000101598,9.04331e-05
0.000159538,0.000158128,0.000147417,0.000137854,0.000131274,0.000122954,0.000117759,0.000111792,0.000102381,9.75968e-05,8.62072e-05
0.000152824,0.000151297,0.000138515,0.000130373,0.000125705,0.000119932,0.000113139,0.000107584,9.5099e-05,9.26133e-05,8.23533e-05
0.000145266,0.000145829,0.000134569,0.000125322,0.000120844,0.000115491,0.000109033,0.00010311,9.366e-05,8.95127e-05,7.92164e-05
0.000139106,0.000140989,0.000129903,0.000120375,0.000116843,0.000110613,0.000104813,9.89495e-05,9.08381e-05,8.53717e-05,7.63027e-05
0.000133373,0.0001343,0.000124444,0.000115919,0.000112126,0.000105903,0.000101271,9.44962e-05,8.71238e-05,8.17374e-05,7.32301e-05
0.000128294,0.000128969,0.000119068,0.000111323,0.000108766,0.000100403,9.75819e-05,9.0198e-05,8.43629e-05,7.89306e-05,6.97218e-05
0.000121917,0.000124759,0.000115254,0.000107667,0.000103413,9.90732e-05,9.4119e-05,8.69766e-05,8.18928e-05,7.57613e-05,6.78034e-05
0.000118909,0.000119908,0.000109866,0.000102268,0.000100582,9.44938e-05,9.04814e-05,8.37082e-05,7.85155e-05,7.20948e-05,6.52084e-05
0.000111843,0.000114116,0.000107218,9.96873e-05,9.59435e-05,9.18666e-05,8.71892e-05,7.93726e-05,7.57141e-05,6.91447e-05,6.36436e-05
0.000110431,0.00011035,0.000101249,9.42505e-05,9.36386e-05,8.73036e-05,8.36334e-05,7.71125e-05,7.19842e-05,6.66017e-05,5.97763e-05
0.000103395,0.000105599,9.89073e-05,9.24649e-05,8.88077e-05,8.52001e-05,8.04226e-05,7.32082e-05,7.01644e-05,6.40629e-05,5.93306e-05
9.99884e-05,0.000102237,9.37248e-05,8.80937e-05,8.63155e-05,8.0367e-05,7.70445e-05,7.18538e-05,6.66613e-05,6.24709e-05,5.63839e-05
9.49485e-05,9.84237e-05,9.19622e-05,8.71608e-05,8.20499e-05,7.89176e-05,7.45465e-05,6.68719e-05,6.43813e-05,6.01219e-05,5.58034e-05
9.28046e-05,9.47634e-05,8.6723e-05,8.20721e-05,8.02491e-05,7.42493e-05,7.14481e-05,6.69419e-05,6.19343e-05,5.81142e-05,5.2793e-05
8.82946e-05,9.07385e-05,8.44239e-05,8.02693e-05,7.64138e-05,7.33763e-05,6.87439e-05,6.34881e-05,6.00513e-05,5.54602e-05,5.18165e-05
8.66372e-05,8.7377e-05,8.04786e-05,7.60927e-05,7.41015e-05,6.85695e-05,6.54246e-05,6.21757e-05,5.79771e-05,5.40836e-05,4.94984e-05
8.20668e-05,8.43469e-05,7.82336e-05,7.38605e-05,7.11605e-05,6.77272e-05,6.34253e-05,5.90276e-05,5.5804e-05,5.16127e-05,4.80169e-05
8.18345e-05,8.12771e-05,7.55826e-05,6.97164e-05,6.9165e-05,6.3896e-05,6.03015e-05,5.85256e-05,5.38127e-05,5.04426e-05,4.60373e-05
7.64897e-05,7.83974e-05,7.2401e-05,6.85481e-05,6.59217e-05,6.23544e-05,5.88808e-05,5.50591e-05,5.13697e-05,4.83748e-05,4.4775e-05
7.44205e-05,7.58694e-05,6.95591e-05,6.55805e-05,6.46796e-05,5.844e-05,5.65685e-05,5.42822e-05,5.06423e-05,4.70316e-05,4.25395e-05
7.03503e-05,7.29834e-05,6.67534e-05,6.46727e-05,6.19696e-05,5.87849e-05,5.48854e-05,5.20793e-05,4.78748e-05,4.52978e-05,4.15854e-05
6.92985e-05,7.02872e-05,6.49499e-05,6.10394e-05,5.89726e-05,5.69952e-05,5.2819e-05,5.09722e-05,4.67507e-05,4.37397e-05,3.99413e-05
6.6507e-05,6.78573e-05,6.25299e-05,5.90615e-05,5.7434e-05,5.40642e-05,5.10787e-05,4.92182e-05,4.48832e-05,4.22987e-05,3.83722e-05
6.40553e-05,6.53015e-05,6.0306e-05,5.68456e-05,5.55285e-05,5.27498e-05,4.95912e-05,4.78505e-05,4.35591e-05,4.11311e-05,3.65445e-05
6.18655e-05,6.34558e-05,5.82113e-05,5.49331e-05,5.36237e-05,5.07609e-05,4.7737e-05,4.64165e-05,4.1729e-05,3.95607e-05,3.61156e-05
6.03114e-05,6.11679e-05,5.59485e-05,5.3513e-05,5.17227e-05,4.9105e-05,4.58639e-05,4.53198e-05,4.01047e-05,3.82966e-05,3.44866e-05
5.79617e-05,5.92453e-05,5.48979e-05,5.13996e-05,5.00407e-05,4.80014e-05,4.4877e-05,4.33403e-05,3.95645e-05,3.69408e-05,3.39765e-05
5.643e-05,5.76131e-05,5.27606e-05,4.94649e-05,4.88143e-05,4.60074e-05,4.37655e-05,4.20495e-05,3.88284e-05,3.55576e-05,3.21035e-05
5.40222e-05,5.55374e-05,5.05482e-05,4.77577e-05,4.6602e-05,4.49723e-05,4.21578e-05,4.09115e-05,3.67189e-05,3.43778e-05,3.11981e-05
5.1985e-05,5.28026e-05,4.92208e-05,4.60684e-05,4.44432e-05,4.32254e-05,4.15235e-05,4.01882e-05,3.68146e-05,3.32491e-05,2.88258e-05
5.04097e-05,5.11076e-05,4.75861e-05,4.46003e-05,4.41904e-05,4.15694e-05,4.04779e-05,3.87617e-05,3.52002e-05,3.22435e-05,2.80921e-05
4.93636e-05,4.94423e-05,4.63351e-05,4.30066e-05,4.23726e-05,4.06589e-05,3.87679e-05,3.72521e-05,3.37588e-05,3.15108e-05,2.7495e-05
4.71402e-05,4.87865e-05,4.39658e-05,4.09397e-05,4.13379e-05,3.93038e-05,3.72408e-05,3.58662e-05,3.27865e-05,3.01948e-05,2.68229e-05
4.62795e-05,4.66888e-05,4.30139e-05,4.01535e-05,3.98283e-05,3.82121e-05,3.63453e-05,3.51158e-05,3.19475e-05,2.9207e-05,2.54698e-05
4.38616e-05,4.4912e-05,4.26309e-05,3.90169e-05,3.9018e-05,3.75614e-05,3.49156e-05,3.42168e-05,3.13544e-05,2.86106e-05,2.44056e-05
4.34744e-05,4.34102e-05,4.06916e-05,3.81343e-05,3.73045e-05,3.60256e-05,3.38996e-05,3.28004e-05,2.9595e-05,2.76008e-05,2.40544e-05
4.18291e-05,4.23809e-05,3.92275e-05,3.65526e-05,3.60213e-05,3.50628e-05,3.3004e-05,3.22168e-05,2.90153e-05,2.66606e-05,2.34046e-05
4.13439e-05,4.07341e-05,3.84042e-05,3.61868e-05,3.5115e-05,3.41937e-05,3.13939e-05,3.07594e-05,2.78719e-05,2.58798e-05,2.2489e-05
3.97114e-05,3.92649e-05,3.70953e-05,3.47718e-05,3.43143e-05,3.28024e-05,3.10817e-05,2.95404e-05,2.69602e-05,2.50972e-05,2.18965e-05
3.88326e-05,3.85093e-05,3.59249e-05,3.32912e-05,3.29999e-05,3.18621e-05,3.0143e-05,2.88268e-05,2.63713e-05,2.4262e-05,2.12563e-05
3.76032e-05,3.72066e-05,3.48106e-05,3.27154e-05,3.23218e-05,3.09644e-05,2.92578e-05,2.77098e-05,2.53221e-05,2.35162e-05,2.06717e-05
3.65902e-05,3.54052e-05,3.46765e-05,3.20148e-05,3.151e-05,3.04474e-05,2.84595e-05,2.71011e-05,2.45906e-05,2.30871e-05,2.00855e-05
3.58373e-05,3.54038e-05,3.26913e-05,3.10012e-05,3.04936e-05,2.95624e-05,2.7129e-05,2.60242e-05,2.3764e-05,2.20554e-05,1.96337e-05
3.48204e-05,3.3968e-05,3.23467e-05,3.01547e-05,2.98346e-05,2.87977e-05,2.67074e-05,2.54665e-05,2.33003e-05,2.15614e-05,1.88009e-05
3.3734e-05,3.29304e-05,3.12553e-05,2.92577e-05,2.88935e-05,2.77533e-05,2.59225e-05,2.47142e-05,2.26801e-05,2.08493e-05,1.83867e-05
3.26583e-05,3.21296e-05,3.08605e-05,2.84538e-05,2.80688e-05,2.68509e-05,2.51764e-05,2.39424e-05,2.20895e-05,2.0358e-05,1.80154e-05
3.19643e-05,3.08422e-05,2.97901e-05,2.7787e-05,2.74482e-05,2.62156e-05,2.45407e-05,2.32418e-05,2.14079e-05,1.97736e-05,1.74994e-05
3.09446e-05,3.04063e-05,2.87821e-05,2.68277e-05,2.68448e-05,2.56413e-05,2.38401e-05,2.25488e-05,2.07271e-05,1.9106e-05,1.69754e-05
3.01882e-05,2.93793e-05,2.7957e-05,2.61285e-05,2.59981e-05,2.48264e-05,2.31346e-05,2.19202e-05,2.0173e-05,1.86157e-05,1.65876e-05
2.95883e-05,2.85915e-05,2.72906e-05,2.55305e-05,2.52205e-05,2.41494e-05,2.2529e-05,2.12995e-05,1.96002e-05,1.82337e-05,1.62169e-05
2.87176e-05,2.78065e-05,2.65884e-05,2.48038e-05,2.44611e-05,2.35798e-05,2.15626e-05,2.06872e-05,1.91451e-05,1.76257e-05,1.57974e-05
2.76591e-05,2.70591e-05,2.57433e-05,2.40296e-05,2.4069e-05,2.2918e-05,2.13236e-05,2.00198e-05,1.8482e-05,1.71047e-05,1.53853e-05
2.70217e-05,2.62404e-05,2.50156e-05,2.33697e-05,2.33528e-05,2.21967e-05,2.06753e-05,1.95216e-05,1.80432e-05,1.66792e-05,1.50123e-05
2.61402e-05,2.55132e-05,2.45122e-05,2.26043e-05,2.27219e-05,2.15688e-05,2.00949e-05,1.89638e-05,1.7568e-05,1.62385e-05,1.46813e-05
2.55544e-05,2.47203e-05,2.36316e-05,2.21012e-05,2.21412e-05,2.09831e-05,1.9599e-05,1.84939e-05,1.7115e-05,1.58052e-05,1.43139e-05
2.47174e-05,2.4131e-05,2.30668e-05,2.15631e-05,2.1465e-05,2.04199e-05,1.90363e-05,1.7936e-05,1.66954e-05,1.53808e-05,1.39329e-05
2.40895e-05,2.33567e-05,2.23865e-05,2.09888e-05,2.102e-05,1.99184e-05,1.86074e-05,1.74694e-05,1.61638e-05,1.50162e-05,1.35941e-05
2.35715e-05,2.27259e-05,2.1906e-05,2.04027e-05,2.03953e-05,1.93891e-05,1.79999e-05,1.70513e-05,1.57517e-05,1.46434e-05,1.32567e-05
2.29542e-05,2.20532e-05,2.13145e-05,1.98887e-05,1.98927e-05,1.88803e-05,1.75795e-05,1.65768e-05,1.5312e-05,1.42838e-05,1.29465e-05
2.22099e-05,2.14439e-05,2.06634e-05,1.92574e-05,1.92764e-05,1.82966e-05,1.7021e-05,1.61425e-05,1.49331e-05,1.38334e-05,1.25369e-05
2.16283e-05,2.08746e-05,2.00155e-05,1.87347e-05,1.87543e-05,1.77515e-05,1.66252e-05,1.56492e-05,1.46087e-05,1.34249e-05,1.22371e-05
2.10683e-05,2.02695e-05,1.94504e-05,1.82279e-05,1.83014e-05,1.73484e-05,1.62319e-05,1.5174e-05,1.42211e-05,1.31264e-05,1.19095e-05
2.04157e-05,1.96836e-05,1.89302e-05,1.76649e-05,1.78572e-05,1.68896e-05,1.5836e-05,1.48426e-05,1.3806e-05,1.27676e-05,1.15894e-05
1.99588e-05,1.90633e-05,1.84822e-05,1.72895e-05,1.73755e-05,1.64012e-05,1.53274e-05,1.44464e-05,1.34418e-05,1.23881e-05,1.1323e-05
1.94249e-05,1.85067e-05,1.79231e-05,1.67956e-05,1.69413e-05,1.59539e-05,1.49441e-05,1.40866e-05,1.31153e-05,1.20466e-05,1.10687e-05
1.88422e-05,1.81146e-05,1.74186e-05,1.63185e-05,1.63959e-05,1.55669e-05,1.45851e-05,1.36875e-05,1.27559e-05,1.17139e-05,1.07635e-05
1.83856e-05,1.74749e-05,1.69165e-05,1.58664e-05,1.59897e-05,1.50656e-05,1.42108e-05,1.3344e-05,1.24126e-05,1.14133e-05,1.04157e-05
1.77714e-05,1.70375e-05,1.64819e-05,1.54201e-05,1.55235e-05,1.47155e-05,1.38112e-05,1.29934e-05,1.20994e-05,1.10858e-05,1.01675e-05
1.72393e-05,1.64893e-05,1.59773e-05,1.50559e-05,1.5124e-05,1.43206e-05,1.35331e-05,1.26688e-05,1.17857e-05,1.08273e-05,9.89395e-06
1.68548e-05,1.604e-05,1.559e-05,1.46293e-05,1.47154e-05,1.39385e-05,1.31067e-05,1.22907e-05,1.14715e-05,1.05104e-05,9.58984e-06
1.63743e-05,1.56349e-05,1.51576e-05,1.42307e-05,1.43509e-05,1.35706e-05,1.27745e-05,1.19467e-05,1.11833e-05,1.01892e-05,9.34323e-06
1.59724e-05,1.51524e-05,1.47492e-05,1.38892e-05,1.39271e-05,1.32138e-05,1.24224e-05,1.16396e-05,1.08556e-05,9.94338e-06,9.08393e-06
1.55676e-05,1.47769e-05,1.42749e-05,1.3535e-05,1.35734e-05,1.28582e-05,1.21235e-05,1.13542e-05,1.05768e-05,9.64138e-06,8.84538e-06
1.51643e-05,1.42813e-05,1.39593e-05,1.31312e-05,1.32052e-05,1.25137e-05,1.17639e-05,1.10874e-05,1.02608e-05,9.40859e-06,8.5773e-06
1.46961e-05,1.3952e-05,1.35665e-05,1.27656e-05,1.28637e-05,1.22043e-05,1.1471e-05,1.07845e-05,1.00265e-05,9.12787e-06,8.33859e-06
1.43251e-05,1.35354e-05,1.3188e-05,1.25044e-05,1.24654e-05,1.18799e-05,1.11711e-05,1.04819e-05,9.7561e-06,8.87791e-06,8.11597e-06
1.39154e-05,1.31599e-05,1.2849e-05,1.20885e-05,1.21509e-05,1.15596e-05,1.09117e-05,1.02375e-05,9.51228e-06,8.64729e-06,7.8859e-06
1.35688e-05,1.28025e-05,1.2474e-05,1.178e-05,1.18041e-05,1.12421e-05,1.05755e-05,9.94374e-06,9.2498e-06,8.40404e-06,7.65584e-06
1.32065e-05,1.25598e-05,1.21251e-05,1.14894e-05,1.14842e-05,1.09617e-05,1.03056e-05,9.6623e-06,8.97689e-06,8.13817e-06,7.48349e-06
1.28524e-05,1.20941e-05,1.187e-05,1.11908e-05,1.11532e-05,1.06558e-05,1.00388e-05,9.44749e-06,8.79385e-06,7.97926e-06,7.23711e-06
1.24967e-05,1.18643e-05,1.15114e-05,1.08546e-05,1.08711e-05,1.03772e-05,9.75789e-06,9.18928e-06,8.53602e-06,7.73348e-06,7.02968e-06
1.22026e-05,1.1491e-05,1.11959e-05,1.05837e-05,1.05821e-05,1.00983e-05,9.51755e-06,8.95988e-06,8.28114e-06,7.5072e-06,6.829e-06
1.18663e-05,1.11802e-05,1.08612e-05,1.03482e-05,1.02743e-05,9.82929e-06,9.24149e-06,8.68063e-06,8.04028e-06,7.298e-06,6.63829e-06
1.15491e-05,1.08777e-05,1.05753e-05,1.00364e-05,1.00066e-05,9.56299e-06,9.01345e-06,8.49172e-06,7.8524e-06,7.09101e-06,6.44511e-06
1.12455e-05,1.05649e-05,1.03096e-05,9.78229e-06,9.72002e-06,9.32767e-06,8.78109e-06,8.27958e-06,7.63195e-06,6.88864e-06,6.25391e-06
1.10126e-05,1.03117e-05,1.00422e-05,9.54604e-06,9.51335e-06,9.09438e-06,8.54029e-06,8.03394e-06,7.42175e-06,6.68483e-06,6.09415e-06
1.06983e-05,1.00504e-05,9.77718e-06,9.25253e-06,9.2368e-06,8.85305e-06,8.30495e-06,7.84127e-06,7.24027e-06,6.50679e-06,5.91108e-06
1.04117e-05,9.76404e-06,9.48972e-06,9.00502e-06,8.98907e-06,8.6093e-06,8.103e-06,7.64003e-06,7.02746e-06,6.31837e-06,5.72587e-06
1.01493e-05,9.56351e-06,9.22614e-06,8.77102e-06,8.7509e-06,8.3853e-06,7.87104e-06,7.43992e-06,6.84492e-06,6.14711e-06,5.58602e-06
9.89424e-06,9.29415e-06,9.02139e-06,8.57524e-06,8.50636e-06,8.13877e-06,7.68798e-06,7.24617e-06,6.65104e-06,5.96584e-06,5.42483e-06
9.60084e-06,9.04876e-06,8.79586e-06,8.36854e-06,8.25948e-06,7.92836e-06,7.4803e-06,7.02993e-06,6.46627e-06,5.8061e-06,5.27592e-06
9.38564e-06,8.76853e-06,8.58491e-06,8.15906e-06,8.05717e-06,7.73642e-06,7.28429e-06,6.87805e-06,6.28403e-06,5.63392e-06,5.10157e-06
9.12514e-06,8.58392e-06,8.34658e-06,7.91552e-06,7.84093e-06,7.54911e-06,7.08649e-06,6.65462e-06,6.10838e-06,5.46873e-06,4.99137e-06
8.88208e-06,8.29853e-06,8.11429e-06,7.71893e-06,7.66251e-06,7.3429e-06,6.89608e-06,6.52195e-06,5.99192e-06,5.32811e-06,4.82456e-06
8.657e-06,8.1447e-06,7.9036e-06,7.53513e-06,7.4512e-06,7.13978e-06,6.71383e-06,6.36408e-06,5.80955e-06,5.17828e-06,4.69145e-06
8.40766e-06,7.9023e-06,7.70696e-06,7.30961e-06,7.23732e-06,6.95583e-06,6.52115e-06,6.18069e-06,5.67178e-06,5.02769e-06,4.53797e-06
8.19908e-06,7.74601e-06,7.50709e-06,7.16752e-06,7.03888e-06,6.7954e-06,6.37552e-06,6.0228e-06,5.48769e-06,4.89539e-06,4.42241e-06
8.02269e-06,7.51916e-06,7.28438e-06,7.03128e-06,6.84647e-06,6.58253e-06,6.22875e-06,5.89288e-06,5.34824e-06,4.77338e-06,4.30367e-06
7.78182e-06,7.33668e-06,7.16098e-06,6.80032e-06,6.69803e-06,6.46222e-06,6.0389e-06,5.71027e-06,5.21052e-06,4.6458e-06,4.16566e-06
7.59528e-06,7.15522e-06,6.91692e-06,6.61947e-06,6.52689e-06,6.29294e-06,5.85651e-06,5.56742e-06,5.09218e-06,4.50825e-06,4.05938e-06
7.38962e-06,6.94182e-06,6.74837e-06,6.45852e-06,6.31888e-06,6.09313e-06,5.72861e-06,5.41671e-06,4.93338e-06,4.37662e-06,3.92981e-06
7.22636e-06,6.80029e-06,6.57359e-06,6.28207e-06,6.1974e-06,5.95302e-06,5.58657e-06,5.31506e-06,4.81029e-06,4.249e-06,3.83376e-06
7.02462e-06,6.60865e-06,6.41609e-06,6.13068e-06,6.01511e-06,5.77825e-06,5.42907e-06,5.19034e-06,4.68111e-06,4.13705e-06,3.71516e-06
6.85727e-06,6.43789e-06,6.30127e-06,6.02274e-06,5.87909e-06,5.64032e-06,5.29878e-06,5.03253e-06,4.56191e-06,4.03856e-06,3.6114e-06
6.67118e-06,6.32252e-06,6.14525e-06,5.85634e-06,5.7223e-06,5.50648e-06,5.14951e-06,4.90317e-06,4.43364e-06,3.92677e-06,3.51318e-06
6.45867e-06,6.12227e-06,5.97678e-06,5.69556e-06,5.5614e-06,5.37814e-06,5.03581e-06,4.74172e-06,4.32409e-06,3.80879e-06,3.39908e-06
6.3075e-06,5.9677e-06,5.80555e-06,5.58755e-06,5.45877e-06,5.2052e-06,4.89882e-06,4.6449e-06,4.20524e-06,3.70431e-06,3.32642e-06
6.11894e-06,5.82453e-06,5.70566e-06,5.41067e-06,5.28977e-06,5.10093e-06,4.7783e-06,4.59059e-06,4.10652e-06,3.6247e-06,3.22306e-06
5.99704e-06,5.65268e-06,5.52354e-06,5.2925e-06,5.17891e-06,4.95644e-06,4.67169e-06,4.41163e-06,3.99006e-06,3.51613e-06,3.12649e-06
5.87028e-06,5.51345e-06,5.40857e-06,5.1401e-06,5.0643e-06,4.84808e-06,4.53987e-06,4.33654e-06,3.90922e-06,3.42258e-06,3.03847e-06
5.70874e-06,5.3938e-06,5.27716e-06,5.05794e-06,4.90851e-06,4.72999e-06,4.42048e-06,4.22514e-06,3.78993e-06,3.3368e-06,2.9505e-06
5.5383e-06,5.21438e-06,5.16309e-06,4.89415e-06,4.80472e-06,4.64234e-06,4.33495e-06,4.1126e-06,3.73124e-06,3.25636e-06,2.87208e-06
5.42958e-06,5.12572e-06,5.00579e-06,4.82339e-06,4.65876e-06,4.49224e-06,4.23745e-06,4.0127e-06,3.59607e-06,3.16608e-06,2.79366e-06
5.26185e-06,4.99727e-06,4.87382e-06,4.65265e-06,4.57813e-06,4.39798e-06,4.10126e-06,3.89475e-06,3.51882e-06,3.0728e-06,2.7031e-06
5.18137e-06,4.87677e-06,4.72703e-06,4.5761e-06,4.4678e-06,4.28663e-06,4.01174e-06,3.78282e-06,3.42134e-06,3.00044e-06,2.64213e-06
5.02823e-06,4.76415e-06,4.64356e-06,4.43536e-06,4.36009e-06,4.1668e-06,3.9157e-06,3.71841e-06,3.35569e-06,2.93328e-06,2.56883e-06
4.91086e-06,4.65486e-06,4.53109e-06,4.33971e-06,4.24809e-06,4.08317e-06,3.81861e-06,3.60911e-06,3.26405e-06,2.86768e-06,2.48957e-06
4.78004e-06,4.51378e-06,4.44367e-06,4.22737e-06,4.1407e-06,3.98073e-06,3.74509e-06,3.55848e-06,3.18234e-06,2.78557e-06,2.44198e-06
4.65409e-06,4.42199e-06,4.30808e-06,4.1468e-06,4.05839e-06,3.87981e-06,3.64018e-06,3.44693e-06,3.10324e-06,2.71663e-06,2.36713e-06
4.5034e-06,4.31108e-06,4.24367e-06,4.04208e-06,3.94648e-06,3.80364e-06,3.57908e-06,3.37294e-06,3.03274e-06,2.66165e-06,2.29759e-06
4.41118e-06,4.19835e-06,4.12578e-06,3.96199e-06,3.85505e-06,3.7091e-06,3.47462e-06,3.29436e-06,2.96944e-06,2.58347e-06,2.25034e-06
4.29315e-06,4.09587e-06,4.01549e-06,3.85668e-06,3.77749e-06,3.63307e-06,3.37916e-06,3.19818e-06,2.89617e-06,2.52084e-06,2.17521e-06
4.22874e-06,4.00318e-06,3.9386e-06,3.76562e-06,3.69675e-06,3.53782e-06,3.32875e-06,3.13417e-06,2.83005e-06,2.45751e-06,2.13012e-06
4.10519e-06,3.91647e-06,3.82107e-06,3.68695e-06,3.5957e-06,3.45202e-06,3.23002e-06,3.08108e-06,2.75494e-06,2.40602e-06,2.07595e-06
4.03003e-06,3.83713e-06,3.73937e-06,3.59476e-06,3.5165e-06,3.36457e-06,3.14975e-06,2.98168e-06,2.68019e-06,2.33486e-06,2.01623e-06
3.94237e-06,3.7358e-06,3.65296e-06,3.50201e-06,3.41655e-06,3.28161e-06,3.08645e-06,2.92806e-06,2.61685e-06,2.28136e-06,1.96925e-06
3.84076e-06,3.63694e-06,3.56787e-06,3.41247e-06,3.33818e-06,3.20859e-06,3.0192e-06,2.85329e-06,2.56503e-06,2.21598e-06,1.92671e-06
3.72202e-06,3.55739e-06,3.51071e-06,3.34453e-06,3.26929e-06,3.14497e-06,2.94605e-06,2.80407e-06,2.50675e-06,2.16734e-06,1.88103e-06
3.61466e-06,3.45862e-06,3.40692e-06,3.26908e-06,3.19519e-06,3.07996e-06,2.8745e-06,2.69977e-06,2.4628e-06,2.12403e-06,1.8148e-06
3.57345e-06,3.38763e-06,3.3222e-06,3.19431e-06,3.1536e-06,3.00938e-06,2.81445e-06,2.6654e-06,2.41365e-06,2.07172e-06,1.78117e-06
3.47662e-06,3.32903e-06,3.25138e-06,3.14899e-06,3.05565e-06,2.9443e-06,2.76474e-06,2.57471e-06,2.33567e-06,2.02188e-06,1.73849e-06
3.40129e-06,3.25544e-06,3.1809e-06,3.04454e-06,2.99507e-06,2.86459e-06,2.68789e-06,2.54722e-06,2.28862e-06,1.97839e-06,1.69506e-06
3.33024e-06,3.17492e-06,3.09513e-06,2.99171e-06,2.92691e-06,2.80282e-06,2.63227e-06,2.46906e-06,2.22651e-06,1.92966e-06,1.65434e-06
3.24513e-06,3.10691e-06,3.03426e-06,2.92297e-06,2.87432e-06,2.74082e-06,2.56821e-06,2.42317e-06,2.18644e-06,1.88398e-06,1.61525e-06
3.1646e-06,3.03346e-06,2.95819e-06,2.86372e-06,2.8023e-06,2.6879e-06,2.51906e-06,2.36336e-06,2.1394e-06,1.84493e-06,1.56524e-06
3.07747e-06,2.96558e-06,2.89797e-06,2.78606e-06,2.72988e-06,2.63386e-06,2.46445e-06,2.29628e-06,2.09071e-06,1.80522e-06,1.52813e-06
3.02173e-06,2.89494e-06,2.84469e-06,2.72324e-06,2.69435e-06,2.5646e-06,2.4052e-06,2.2614e-06,2.03409e-06,1.76115e-06,1.49624e-06
2.96483e-06,2.82972e-06,2.76017e-06,2.67156e-06,2.62997e-06,2.50589e-06,2.35505e-06,2.19947e-06,1.99672e-06,1.71649e-06,1.46371e-06
2.88843e-06,2.76195e-06,2.69343e-06,2.62936e-06,2.56641e-06,2.45262e-06,2.30418e-06,2.16561e-06,1.96093e-06,1.6782e-06,1.43626e-06
2.81635e-06,2.71027e-06,2.6508e-06,2.56518e-06,2.51568e-06,2.39989e-06,2.256e-06,2.11068e-06,1.90784e-06,1.63951e-06,1.39925e-06
2.76323e-06,2.63688e-06,2.58351e-06,2.49349e-06,2.44708e-06,2.34365e-06,2.20514e-06,2.05787e-06,1.86867e-06,1.60333e-06,1.36283e-06
2.70876e-06,2.58067e-06,2.5278e-06,2.45882e-06,2.39407e-06,2.28978e-06,2.15815e-06,2.02441e-06,1.82569e-06,1.56522e-06,1.33492e-06
2.63965e-06,2.53046e-06,2.48635e-06,2.40871e-06,2.34436e-06,2.24018e-06,2.10875e-06,1.96738e-06,1.78186e-06,1.52783e-06,1.304e-06
2.59541e-06,2.4644e-06,2.42808e-06,2.34249e-06,2.29625e-06,2.19015e-06,2.06853e-06,1.92242e-06,1.74643e-06,1.49634e-06,1.26976e-06
2.52048e-06,2.41226e-06,2.37103e-06,2.30615e-06,2.2415e-06,2.14673e-06,2.02813e-06,1.8836e-06,1.70726e-06,1.46409e-06,1.24275e-06
2.47668e-06,2.36315e-06,2.31675e-06,2.25996e-06,2.20016e-06,2.10083e-06,1.98689e-06,1.83792e-06,1.67055e-06,1.43084e-06,1.2158e-06
2.43174e-06,2.32863e-06,2.26987e-06,2.19303e-06,2.15281e-06,2.05113e-06,1.94335e-06,1.80511e-06,1.63505e-06,1.39823e-06,1.19436e-06
2.37561e-06,2.27548e-06,2.21624e-06,2.14096e-06,2.11419e-06,2.00882e-06,1.90592e-06,1.76062e-06,1.59924e-06,1.37313e-06,1.15858e-06
2.3109e-06,2.22592e-06,2.16696e-06,2.10415e-06,2.06998e-06,1.96755e-06,1.86831e-06,1.72654e-06,1.56097e-06,1.34112e-06,1.13564e-06
2.26964e-06,2.18454e-06,2.11355e-06,2.06526e-06,2.02528e-06,1.91958e-06,1.82137e-06,1.69638e-06,1.52358e-06,1.31371e-06,1.11214e-06
2.21601e-06,2.1277e-06,2.07627e-06,2.02003e-06,1.97114e-06,1.8801e-06,1.7909e-06,1.64462e-06,1.49558e-06,1.28109e-06,1.08581e-06
2.18114e-06,2.08423e-06,2.03566e-06,1.97206e-06,1.93376e-06,1.83939e-06,1.7515e-06,1.61745e-06,1.46075e-06,1.25153e-06,1.05972e-06
2.12227e-06,2.0397e-06,1.98769e-06,1.9352e-06,1.89959e-06,1.80587e-06,1.71359e-06,1.57695e-06,1.43634e-06,1.22259e-06,1.03918e-06
2.08785e-06,2.00394e-06,1.94435e-06,1.89558e-06,1.86039e-06,1.7615e-06,1.67908e-06,1.53846e-06,1.40107e-06,1.20161e-06,1.01217e-06
2.0388e-06,1.95459e-06,1.90492e-06,1.85687e-06,1.82119e-06,1.72984e-06,1.64887e-06,1.50775e-06,1.36714e-06,1.1757e-06,9.90793e-07
1.99527e-06,1.91666e-06,1.86531e-06,1.81461e-06,1.78213e-06,1.68865e-06,1.60811e-06,1.47736e-06,1.33823e-06,1.14687e-06,9.69967e-07
1.95196e-06,1.8737e-06,1.82897e-06,1.77302e-06,1.75517e-06,1.65194e-06,1.57456e-06,1.44958e-06,1.31207e-06,1.11972e-06,9.50207e-07
1.91367e-06,1.83993e-06,1.79157e-06,1.74294e-06,1.70622e-06,1.61899e-06,1.54544e-06,1.41402e-06,1.28056e-06,1.09768e-06,9.28161e-07
1.87424e-06,1.80434e-06,1.7538e-06,1.70689e-06,1.67067e-06,1.58295e-06,1.51261e-06,1.38496e-06,1.25239e-06,1.07343e-06,9.07613e-07
1.83139e-06,1.76196e-06,1.71818e-06,1.67431e-06,1.63971e-06,1.55518e-06,1.49166e-06,1.35702e-06,1.22653e-06,1.05075e-06,8.86869e-07
1.80606e-06,1.7275e-06,1.67883e-06,1.63913e-06,1.59916e-06,1.51797e-06,1.44944e-06,1.32372e-06,1.19873e-06,1.02689e-06,8.68109e-07
1.76399e-06,1.6933e-06,1.64222e-06,1.60894e-06,1.58035e-06,1.48775e-06,1.42221e-06,1.29546e-06,1.17654e-06,1.00435e-06,8.50686e-07
1.73211e-06,1.66265e-06,1.60916e-06,1.57396e-06,1.54227e-06,1.4559e-06,1.39378e-06,1.27014e-06,1.14693e-06,9.8419e-07,8.30435e-07
1.69256e-06,1.62471e-06,1.57781e-06,1.54382e-06,1.5076e-06,1.42615e-06,1.36371e-06,1.24372e-06,1.12394e-06,9.59961e-07,8.13274e-07
1.65687e-06,1.59359e-06,1.5495e-06,1.51206e-06,1.48205e-06,1.39798e-06,1.34038e-06,1.21744e-06,1.09959e-06,9.41455e-07,7.94961e-07
1.61894e-06,1.56508e-06,1.51944e-06,1.47764e-06,1.45549e-06,1.36855e-06,1.3098e-06,1.18787e-06,1.07654e-06,9.20989e-07,7.75744e-07
1.5944e-06,1.53143e-06,1.48588e-06,1.45282e-06,1.42858e-06,1.34189e-06,1.28364e-06,1.16531e-06,1.0548e-06,9.00284e-07,7.60234e-07
1.55808e-06,1.50368e-06,1.45856e-06,1.42088e-06,1.39447e-06,1.31299e-06,1.2625e-06,1.14033e-06,1.03135e-06,8.81581e-07,7.42639e-07
1.52463e-06,1.47603e-06,1.43105e-06,1.39644e-06,1.37388e-06,1.28836e-06,1.23765e-06,1.11884e-06,1.01061e-06,8.62902e-07,7.28274e-07
1.4995e-06,1.44494e-06,1.40336e-06,1.37227e-06,1.34565e-06,1.2615e-06,1.21161e-06,1.09574e-06,9.88213e-07,8.45483e-07,7.1314e-07
1.46757e-06,1.41737e-06,1.37096e-06,1.34104e-06,1.31802e-06,1.23754e-06,1.18668e-06,1.07191e-06,9.68431e-07,8.25442e-07,6.97664e-07
1.44203e-06,1.39366e-06,1.34556e-06,1.31606e-06,1.29807e-06,1.21105e-06,1.16139e-06,1.0495e-06,9.4745e-07,8.07594e-07,6.82663e-07
1.41228e-06,1.3649e-06,1.32127e-06,1.29079e-06,1.26603e-06,1.1886e-06,1.13981e-06,1.02543e-06,9.26791e-07,7.91542e-07,6.67025e-07
1.38774e-06,1.33823e-06,1.29591e-06,1.26597e-06,1.23733e-06,1.16483e-06,1.11623e-06,1.00631e-06,9.05635e-07,7.73647e-07,6.53921e-07
1.35804e-06,1.31211e-06,1.27408e-06,1.24411e-06,1.21954e-06,1.14199e-06,1.09525e-06,9.85034e-07,8.88869e-07,7.57026e-07,6.40439e-07
1.33445e-06,1.28689e-06,1.24807e-06,1.21925e-06,1.1934e-06,1.12004e-06,1.07447e-06,9.63892e-07,8.70549e-07,7.41422e-07,6.25851e-07
1.30849e-06,1.26105e-06,1.22344e-06,1.19925e-06,1.17188e-06,1.09709e-06,1.05557e-06,9.45753e-07,8.52928e-07,7.25284e-07,6.13435e-07
1.28301e-06,1.23883e-06,1.19931e-06,1.1726e-06,1.15242e-06,1.0754e-06,1.03254e-06,9.25622e-07,8.3392e-07,7.10633e-07,6.00433e-07
1.26007e-06,1.21976e-06,1.17832e-06,1.15023e-06,1.13027e-06,1.05668e-06,1.01151e-06,9.07165e-07,8.1736e-07,6.96423e-07,5.87804e-07
1.23425e-06,1.19708e-06,1.156e-06,1.13026e-06,1.10794e-06,1.03416e-06,9.93396e-07,8.89966e-07,8.00339e-07,6.81326e-07,5.76284e-07
1.211e-06,1.17367e-06,1.13499e-06,1.10939e-06,1.08795e-06,1.01562e-06,9.74177e-07,8.70147e-07,7.83622e-07,6.67174e-07,5.62915e-07
1.18581e-06,1.15102e-06,1.11178e-06,1.08802e-06,1.06839e-06,9.96245e-07,9.55223e-07,8.53035e-07,7.68374e-07,6.52573e-07,5.514e-07
1.16996e-06,1.13005e-06,1.09441e-06,1.07012e-06,1.04918e-06,9.77225e-07,9.37614e-07,8.35295e-07,7.50947e-07,6.39714e-07,5.399e-07
1.14508e-06,1.11023e-06,1.0721e-06,1.04853e-06,1.02673e-06,9.60027e-07,9.18927e-07,8.19501e-07,7.37028e-07,6.26314e-07,5.29305e-07
1.1246e-06,1.09361e-06,1.05166e-06,1.0339e-06,1.00956e-06,9.4063e-07,9.02717e-07,8.02937e-07,7.20995e-07,6.14057e-07,5.18592e-07
1.10053e-06,1.07121e-06,1.03359e-06,1.01324e-06,9.91495e-07,9.23414e-07,8.86167e-07,7.8722e-07,7.0717e-07,6.00609e-07,5.07811e-07
1.08575e-06,1.0529e-06,1.01791e-06,9.94369e-07,9.74212e-07,9.10517e-07,8.7225e-07,7.73258e-07,6.94053e-07,5.89717e-07,4.98735e-07
1.0639e-06,1.03526e-06,9.99681e-07,9.76364e-07,9.57041e-07,8.92431e-07,8.5279e-07,7.56818e-07,6.80237e-07,5.76666e-07,4.8773e-07
1.04402e-06,1.01676e-06,9.83456e-07,9.6155e-07,9.38065e-07,8.75597e-07,8.37411e-07,7.41613e-07,6.65648e-07,5.65894e-07,4.78707e-07
1.02586e-06,9.9823e-07,9.66174e-07,9.42605e-07,9.22837e-07,8.60783e-07,8.21255e-07,7.28603e-07,6.52115e-07,5.53202e-07,4.68954e-07
1.0076e-06,9.80403e-07,9.48319e-07,9.27585e-07,9.06004e-07,8.45819e-07,8.07029e-07,7.14072e-07,6.40831e-07,5.42869e-07,4.60038e-07
9.89312e-07,9.62978e-07,9.30964e-07,9.11723e-07,8.90408e-07,8.28671e-07,7.91603e-07,6.99429e-07,6.28871e-07,5.32493e-07,4.50523e-07
9.71034e-07,9.47828e-07,9.14727e-07,8.96631e-07,8.74369e-07,8.17429e-07,7.78864e-07,6.89481e-07,6.16799e-07,5.21875e-07,4.41539e-07
9.56607e-07,9.34036e-07,9.02304e-07,8.81121e-07,8.61558e-07,8.02805e-07,7.63176e-07,6.75858e-07,6.03061e-07,5.10299e-07,4.31873e-07
9.38661e-07,9.16467e-07,8.84227e-07,8.66432e-07,8.43918e-07,7.90418e-07,7.51481e-07,6.62788e-07,5.9325e-07,5.02103e-07,4.24392e-07
9.2329e-07,9.02538e-07,8.72294e-07,8.50792e-07,8.29759e-07,7.73362e-07,7.37066e-07,6.49814e-07,5.79952e-07,4.91775e-07,4.15326e-07
9.08328e-07,8.86666e-07,8.52879e-07,8.36355e-07,8.16197e-07,7.60022e-07,7.23542e-07,6.37824e-07,5.69598e-07,4.81064e-07,4.07228e-07
8.9092e-07,8.72647e-07,8.41866e-07,8.23222e-07,8.01821e-07,7.50343e-07,7.1347e-07,6.25659e-07,5.59591e-07,4.7144e-07,3.99769e-07
8.72424e-07,8.58195e-07,8.26826e-07,8.08843e-07,7.88153e-07,7.34672e-07,6.98485e-07,6.14864e-07,5.49792e-07,4.63365e-07,3.92858e-07
8.56945e-07,8.4139e-07,8.16126e-07,7.97906e-07,7.74461e-07,7.22172e-07,6.87403e-07,6.0283e-07,5.39513e-07,4.55997e-07,3.85511e-07
8.44364e-07,8.31234e-07,8.00353e-07,7.82991e-07,7.62436e-07,7.13093e-07,6.74526e-07,5.91352e-07,5.30335e-07,4.46454e-07,3.76623e-07
8.29038e-07,8.13526e-07,7.86625e-07,7.69584e-07,7.49963e-07,7.01294e-07,6.61083e-07,5.8235e-07,5.19366e-07,4.37451e-07,3.70876e-07
8.16267e-07,8.00342e-07,7.75262e-07,7.596e-07,7.38039e-07,6.90129e-07,6.52604e-07,5.73351e-07,5.09799e-07,4.29765e-07,3.63814e-07
8.02531e-07,7.87544e-07,7.61119e-07,7.46264e-07,7.26785e-07,6.7876e-07,6.40888e-07,5.63783e-07,4.99938e-07,4.2195e-07,3.5716e-07
7.92326e-07,7.78657e-07,7.52871e-07,7.346e-07,7.13123e-07,6.69142e-07,6.28936e-07,5.53713e-07,4.91188e-07,4.13077e-07,3.51633e-07
7.78031e-07,7.63576e-07,7.37151e-07,7.2275e-07,7.01523e-07,6.56122e-07,6.19695e-07,5.42589e-07,4.8323e-07,4.06992e-07,3.44058e-07
7.58837e-07,7.49695e-07,7.2381e-07,7.11658e-07,6.88541e-07,6.44961e-07,6.11174e-07,5.33463e-07,4.74794e-07,3.99609e-07,3.38129e-07
7.55145e-07,7.39637e-07,7.19653e-07,6.99591e-07,6.77409e-07,6.37076e-07,5.97137e-07,5.25762e-07,4.66619e-07,3.92486e-07,3.3087e-07
7.38805e-07,7.26664e-07,7.02494e-07,6.89427e-07,6.68391e-07,6.24433e-07,5.90257e-07,5.14922e-07,4.58326e-07,3.85517e-07,3.25411e-07
7.29416e-07,7.18064e-07,6.94613e-07,6.79712e-07,6.62172e-07,6.15428e-07,5.81063e-07,5.06326e-07,4.51352e-07,3.78648e-07,3.20352e-07
7.14015e-07,6.98815e-07,6.80603e-07,6.69736e-07,6.47919e-07,6.05545e-07,5.71282e-07,4.99999e-07,4.43441e-07,3.73369e-07,3.1377e-07
6.99582e-07,6.94069e-07,6.70716e-07,6.60262e-07,6.37178e-07,5.97284e-07,5.61383e-07,4.91421e-07,4.34897e-07,3.66461e-07,3.08357e-07
6.9281e-07,6.82675e-07,6.64305e-07,6.49793e-07,6.26276e-07,5.90697e-07,5.52818e-07,4.83365e-07,4.28343e-07,3.60645e-07,3.03485e-07
6.81524e-07,6.75432e-07,6.54799e-07,6.41932e-07,6.17773e-07,5.80655e-07,5.42499e-07,4.76968e-07,4.19834e-07,3.53916e-07,2.97506e-07
6.71989e-07,6.62914e-07,6.43064e-07,6.30106e-07,6.09358e-07,5.71815e-07,5.36045e-07,4.67554e-07,4.14391e-07,3.47754e-07,2.9257e-07
6.6061e-07,6.49185e-07,6.34005e-07,6.20435e-07,6.01001e-07,5.61421e-07,5.28206e-07,4.60059e-07,4.07447e-07,3.41474e-07,2.87809e-07
6.49067e-07,6.44484e-07,6.26434e-07,6.14858e-07,5.90754e-07,5.5799e-07,5.19833e-07,4.53753e-07,4.02281e-07,3.36029e-07,2.83686e-07
6.39223e-07,6.3436e-07,6.15432e-07,6.0192e-07,5.80886e-07,5.49037e-07,5.12813e-07,4.45243e-07,3.94857e-07,3.30927e-07,2.76909e-07
6.32056e-07,6.2459e-07,6.05909e-07,5.95029e-07,5.74035e-07,5.38337e-07,5.03698e-07,4.41098e-07,3.88648e-07,3.25163e-07,2.7377e-07
6.17724e-07,6.14289e-07,5.98945e-07,5.86168e-07,5.64669e-07,5.34433e-07,4.95126e-07,4.33832e-07,3.81449e-07,3.20093e-07,2.69097e-07
6.09298e-07,6.05445e-07,5.88019e-07,5.7812e-07,5.56381e-07,5.24919e-07,4.88553e-07,4.25897e-07,3.76591e-07,3.14649e-07,2.64184e-07
5.99802e-07,5.9882e-07,5.789e-07,5.70036e-07,5.47544e-07,5.15437e-07,4.80641e-07,4.19525e-07,3.70639e-07,3.09738e-07,2.58779e-07
5.93748e-07,5.86971e-07,5.75413e-07,5.63767e-07,5.40877e-07,5.101e-07,4.73853e-07,4.14417e-07,3.64689e-07,3.06618e-07,2.5441e-07
5.80584e-07,5.8013e-07,5.64403e-07,5.54248e-07,5.3369e-07,5.0336e-07,4.68086e-07,4.06485e-07,3.59159e-07,2.99799e-07,2.50317e-07
5.74643e-07,5.72979e-07,5.56233e-07,5.44696e-07,5.2345e-07,4.96966e-07,4.59596e-07,4.00917e-07,3.53348e-07,2.95481e-07,2.4666e-07
5.65549e-07,5.63395e-07,5.49996e-07,5.39091e-07,5.16353e-07,4.89943e-07,4.52123e-07,3.95214e-07,3.47607e-07,2.90623e-07,2.42865e-07
5.55741e-07,5.53989e-07,5.41823e-07,5.28966e-07,5.10756e-07,4.80328e-07,4.47504e-07,3.89272e-07,3.42634e-07,2.8627e-07,2.38893e-07
5.45214e-07,5.47804e-07,5.32251e-07,5.24064e-07,5.00837e-07,4.75168e-07,4.41208e-07,3.83248e-07,3.37618e-07,2.81716e-07,2.33931e-07
5.41165e-07,5.41141e-07,5.25966e-07,5.1536e-07,4.93607e-07,4.68693e-07,4.32984e-07,3.79478e-07,3.33106e-07,2.77906e-07,2.30435e-07
5.2836e-07,5.3003e-07,5.19119e-07,5.0913e-07,4.8742e-07,4.63396e-07,4.2715e-07,3.72833e-07,3.27239e-07,2.72932e-07,2.27129e-07
5.24874e-07,5.24137e-07,5.12313e-07,5.03866e-07,4.81293e-07,4.55918e-07,4.22584e-07,3.67166e-07,3.24015e-07,2.68782e-07,2.23292e-07
5.14567e-07,5.14299e-07,5.04628e-07,4.95367e-07,4.74122e-07,4.52365e-07,4.15651e-07,3.63705e-07,3.1833e-07,2.64309e-07,2.19845e-07
5.0698e-07,5.09424e-07,4.96462e-07,4.86767e-07,4.67028e-07,4.45547e-07,4.09721e-07,3.57174e-07,3.13093e-07,2.60548e-07,2.15749e-07
4.99355e-07,5.03147e-07,4.89497e-07,4.80597e-07,4.60301e-07,4.35072e-07,4.03153e-07,3.48951e-07,3.0857e-07,2.5646e-07,2.12131e-07
4.95619e-07,4.91863e-07,4.81281e-07,4.75047e-07,4.55688e-07,4.29612e-07,3.97743e-07,3.46426e-07,3.03599e-07,2.5311e-07,2.09881e-07
4.79662e-07,4.84836e-07,4.74928e-07,4.68857e-07,4.472e-07,4.24854e-07,3.9345e-07,3.41918e-07,2.99083e-07,2.48703e-07,2.05864e-07
4.74945e-07,4.76954e-07,4.68983e-07,4.61844e-07,4.43331e-07,4.20769e-07,3.85866e-07,3.36389e-07,2.95453e-07,2.46437e-07,2.01838e-07
4.70384e-07,4.73027e-07,4.64025e-07,4.54201e-07,4.35635e-07,4.14438e-07,3.81838e-07,3.32668e-07,2.90348e-07,2.42492e-07,1.98624e-07
4.63666e-07,4.67638e-07,4.56769e-07,4.51131e-07,4.32272e-07,4.09245e-07,3.74662e-07,3.28734e-07,2.88614e-07,2.38027e-07,1.95604e-07
4.59512e-07,4.54456e-07,4.5196e-07,4.45329e-07,4.24108e-07,4.01782e-07,3.72114e-07,3.21992e-07,2.82701e-07,2.35094e-07,1.9406e-07
4.51313e-07,4.5762e-07,4.44976e-07,4.37173e-07,4.18699e-07,3.97732e-07,3.65205e-07,3.1839e-07,2.78291e-07,2.30586e-07,1.89385e-07
4.45016e-07,4.49322e-07,4.37981e-07,4.29801e-07,4.11926e-07,3.93308e-07,3.59862e-07,3.15e-07,2.74668e-07,2.26992e-07,1.86718e-07
4.37731e-07,4.41359e-07,4.31366e-07,4.25086e-07,4.07775e-07,3.88226e-07,3.56721e-07,3.10622e-07,2.70259e-07,2.24982e-07,1.84648e-07
4.33433e-07,4.38175e-07,4.28992e-07,4.20333e-07,4.0281e-07,3.81071e-07,3.50064e-07,3.04881e-07,2.67834e-07,2.20275e-07,1.81136e-07
4.26507e-07,4.28932e-07,4.23015e-07,4.16575e-07,3.96667e-07,3.79941e-07,3.4683e-07,3.01167e-07,2.62721e-07,2.18139e-07,1.78334e-07
4.1806e-07,4.25937e-07,4.1926e-07,4.09592e-07,3.9081e-07,3.73698e-07,3.3936e-07,2.9929e-07,2.6085e-07,2.14292e-07,1.75058e-07
4.1016e-07,4.18429e-07,4.11413e-07,4.04146e-07,3.83853e-07,3.729e-07,3.37205e-07,2.9374e-07,2.5672e-07,2.11076e-07,1.73162e-07
4.08991e-07,4.11635e-07,4.04154e-07,3.96916e-07,3.79729e-07,3.61516e-07,3.32637e-07,2.90725e-07,2.51832e-07,2.0928e-07,1.70103e-07
4.01125e-07,4.08678e-07,4.01407e-07,3.91426e-07,3.76536e-07,3.5865e-07,3.28064e-07,2.85113e-07,2.49049e-07,2.05162e-07,1.66333e-07
3.95687e-07,4.02645e-07,3.96779e-07,3.89117e-07,3.70409e-07,3.55454e-07,3.23037e-07,2.83764e-07,2.44786e-07,2.03408e-07,1.64793e-07
3.89624e-07,3.98464e-07,3.89534e-07,3.81668e-07,3.66393e-07,3.48941e-07,3.19257e-07,2.77798e-07,2.43065e-07,1.9908e-07,1.61813e-07
3.8426e-07,3.91503e-07,3.88148e-07,3.78311e-07,3.60543e-07,3.45962e-07,3.14789e-07,2.75174e-07,2.38677e-07,1.95697e-07,1.59239e-07
3.76816e-07,3.87612e-07,3.77844e-07,3.75871e-07,3.5709e-07,3.41252e-07,3.09698e-07,2.72485e-07,2.35481e-07,1.93065e-07,1.57298e-07
3.71251e-07,3.8241e-07,3.72399e-07,3.69287e-07,3.5154e-07,3.34884e-07,3.05547e-07,2.64826e-07,2.33162e-07,1.89641e-07,1.55317e-07
3.68127e-07,3.75161e-07,3.67992e-07,3.66295e-07,3.46124e-07,3.31598e-07,3.01709e-07,2.63777e-07,2.29039e-07,1.87197e-07,1.5293e-07
3.64499e-07,3.69656e-07,3.62272e-07,3.58249e-07,3.42571e-07,3.25119e-07,2.9866e-07,2.60947e-07,2.25893e-07,1.84781e-07,1.51725e-07
3.58864e-07,3.6334e-07,3.59069e-07,3.54729e-07,3.35516e-07,3.21528e-07,2.93739e-07,2.56751e-07,2.2368e-07,1.82799e-07,1.48464e-07
3.53256e-07,3.58064e-07,3.55031e-07,3.50189e-07,3.31638e-07,3.1858e-07,2.9e-07,2.53051e-07,2.20793e-07,1.80793e-07,1.45899e-07
3.46723e-07,3.56099e-07,3.49639e-07,3.45958e-07,3.28006e-07,3.15154e-07,2.87201e-07,2.51478e-07,2.16486e-07,1.78224e-07,1.4389e-07
3.40991e-07,3.49377e-07,3.4649e-07,3.41023e-07,3.22971e-07,3.09782e-07,2.81308e-07,2.46544e-07,2.14216e-07,1.75089e-07,1.41126e-07
3.37936e-07,3.42102e-07,3.40543e-07,3.33789e-07,3.204e-07,3.03596e-07,2.7839e-07,2.42601e-07,2.11197e-07,1.72185e-07,1.39109e-07
3.31582e-07,3.39571e-07,3.35507e-07,3.30987e-07,3.16576e-07,3.03055e-07,2.74632e-07,2.39231e-07,2.08824e-07,1.70429e-07,1.36311e-07
3.27779e-07,3.34752e-07,3.3249e-07,3.28693e-07,3.10477e-07,2.97698e-07,2.70552e-07,2.36339e-07,2.06273e-07,1.68005e-07,1.34855e-07
3.25126e-07,3.30995e-07,3.27644e-07,3.22013e-07,3.07175e-07,2.93466e-07,2.67081e-07,2.33801e-07,2.0285e-07,1.66399e-07,1.32975e-07
3.17556e-07,3.24566e-07,3.20973e-07,3.1643e-07,3.02566e-07,2.89043e-07,2.6262e-07,2.29496e-07,1.9988e-07,1.63121e-07,1.30365e-07
3.139e-07,3.21169e-07,3.20087e-07,3.15301e-07,2.98522e-07,2.86502e-07,2.6059e-07,2.28361e-07,1.96345e-07,1.61832e-07,1.29279e-07
3.10106e-07,3.17535e-07,3.12778e-07,3.09875e-07,2.95908e-07,2.82523e-07,2.55601e-07,2.23148e-07,1.95445e-07,1.5857e-07,1.26122e-07
3.05448e-07,3.14318e-07,3.10835e-07,3.07696e-07,2.92307e-07,2.77702e-07,2.53168e-07,2.22601e-07,1.91456e-07,1.56313e-07,1.25038e-07
2.98849e-07,3.08133e-07,3.05353e-07,3.04895e-07,2.86117e-07,2.75899e-07,2.5013e-07,2.18955e-07,1.90225e-07,1.53945e-07,1.23029e-07
2.97521e-07,3.03562e-07,3.02317e-07,3.01447e-07,2.83343e-07,2.72044e-07,2.46546e-07,2.16875e-07,1.87591e-07,1.51687e-07,1.21258e-07
2.92748e-07,2.99139e-07,2.96742e-07,2.9518e-07,2.80205e-07,2.68981e-07,2.43113e-07,2.13059e-07,1.85251e-07,1.49271e-07,1.18788e-07
2.91251e-07,2.94126e-07,2.93259e-07,2.92044e-07,2.74915e-07,2.637e-07,2.40901e-07,2.11963e-07,1.81607e-07,1.47597e-07,1.18904e-07
2.82774e-07,2.9158e-07,2.8991e-07,2.86422e-07,2.73189e-07,2.60916e-07,2.38143e-07,2.06707e-07,1.79674e-07,1.45391e-07,1.15489e-07
2.8025e-07,2.8849e-07,2.87169e-07,2.8236e-07,2.67924e-07,2.56367e-07,2.32998e-07,2.02873e-07,1.76133e-07,1.43659e-07,1.13751e-07
