0.000182553,0.000175219,0.000174329,0.00016316,0.000152978,0.000138179,0.000137228,0.000126272,0.000115378,0.000110032,9.97896e-05
0.000174929,0.000169872,0.000167268,0.000155723,0.000146994,0.000133675,0.000130829,0.00012019,0.000110853,0.000106189,9.61951e-05
0.000166771,0.000162701,0.000158639,0.000149319,0.000140612,0.000126959,0.000125339,0.000115835,0.000107014,0.000102196,9.16967e-05
0.000160357,0.000158038,0.000152125,0.000143226,0.000135915,0.000122756,0.000120794,0.000110977,0.000103278,9.80432e-05,8.81921e-05
0.000153915,0.000152935,0.000145899,0.000137022,0.000130575,0.000118193,0.000116718,0.000106891,9.94473e-05,9.40748e-05,8.45459e-05
0.000148258,0.000147943,0.000140542,0.000131205,0.000126051,0.000114219,0.000112791,0.000103363,9.5451e-05,9.01993e-05,8.10203e-05
0.000142085,0.000143337,0.000135003,0.000126036,0.000120896,0.000109807,0.00010916,9.96509e-05,9.20314e-05,8.66572e-05,7.79777e-05
0.000136244,0.00013855,0.000130211,0.000121759,0.000115756,0.000105748,0.000105418,9.61475e-05,8.89342e-05,8.29485e-05,7.62896e-05
0.000131313,0.000134097,0.000125597,0.000116477,0.000112303,0.000102239,0.00010245,9.31921e-05,8.50556e-05,8.01485e-05,7.21825e-05
0.000126634,0.000128879,0.000120953,0.000112307,0.000108801,9.8465e-05,9.94498e-05,8.96833e-05,8.15814e-05,7.71233e-05,6.95931e-05
0.000122196,0.000125475,0.000116742,0.000108847,0.00010491,9.36368e-05,9.59099e-05,8.71896e-05,7.91734e-05,7.48156e-05,6.62245e-05
0.000118028,0.0001205,0.000112227,0.000103315,0.000101471,9.23294e-05,9.36237e-05,8.48006e-05,7.36465e-05,7.10201e-05,6.48692e-05
0.000112237,0.000116396,0.000109522,9.96937e-05,9.78184e-05,8.95077e-05,8.9987e-05,8.12662e-05,7.35289e-05,6.92648e-05,6.19751e-05
0.000108242,0.000112502,0.000105182,9.70618e-05,9.50026e-05,8.64222e-05,8.82285e-05,7.86307e-05,7.081e-05,6.68156e-05,5.92754e-05
0.000104698,0.000107964,0.000101801,9.33919e-05,9.13421e-05,8.3377e-05,8.45323e-05,7.57677e-05,6.84164e-05,6.40034e-05,5.77897e-05
0.000100507,0.000104249,9.83769e-05,9.04089e-05,8.92964e-05,7.97359e-05,8.21847e-05,7.30509e-05,6.58054e-05,6.1895e-05,5.51472e-05
9.59651e-05,0.000101571,9.54196e-05,8.77017e-05,8.5483e-05,7.94537e-05,7.90174e-05,6.94141e-05,6.43958e-05,5.9151e-05,5.37444e-05
9.33063e-05,9.64665e-05,9.19174e-05,8.42568e-05,8.36086e-05,7.55319e-05,7.6766e-05,6.8231e-05,6.18626e-05,5.64307e-05,5.1998e-05
8.93913e-05,9.37008e-05,8.9046e-05,8.17458e-05,7.85821e-05,7.39531e-05,7.38223e-05,6.54688e-05,5.94868e-05,5.49589e-05,5.05807e-05
8.79755e-05,8.98108e-05,8.55292e-05,7.89629e-05,7.75212e-05,7.10681e-05,7.12761e-05,6.39504e-05,5.69321e-05,5.30372e-05,4.78209e-05
8.29161e-05,8.73307e-05,8.28399e-05,7.64773e-05,7.32191e-05,6.92033e-05,6.86788e-05,6.08364e-05,5.53681e-05,5.09818e-05,4.73693e-05
7.98407e-05,8.41353e-05,7.93281e-05,7.36678e-05,7.20259e-05,6.6111e-05,6.65786e-05,5.93519e-05,5.28234e-05,4.96023e-05,4.50569e-05
7.68775e-05,8.17021e-05,7.74001e-05,7.13316e-05,6.78973e-05,6.51366e-05,6.38088e-05,5.58249e-05,5.12033e-05,4.83537e-05,4.48625e-05
7.42632e-05,7.8341e-05,7.40549e-05,6.92759e-05,6.75747e-05,6.18621e-05,6.09683e-05,5.47801e-05,4.92272e-05,4.60525e-05,4.24526e-05
7.14613e-05,7.54666e-05,7.14704e-05,6.70769e-05,6.4206e-05,6.03171e-05,5.92348e-05,5.25559e-05,4.79044e-05,4.45737e-05,4.16914e-05
6.97323e-05,7.23213e-05,6.8476e-05,6.44402e-05,6.27018e-05,5.6671e-05,5.57174e-05,5.13671e-05,4.61066e-05,4.2566e-05,3.99771e-05
6.64783e-05,6.99078e-05,6.67614e-05,6.21562e-05,6.00281e-05,5.59536e-05,5.44359e-05,4.90978e-05,4.43228e-05,4.1045e-05,3.87093e-05
6.61767e-05,6.6613e-05,6.4602e-05,5.94895e-05,5.88593e-05,5.28875e-05,5.1016e-05,4.82404e-05,4.2737e-05,3.98606e-05,3.72847e-05
6.22458e-05,6.44697e-05,6.178e-05,5.79795e-05,5.62181e-05,5.15177e-05,4.95729e-05,4.57678e-05,4.0753e-05,3.85152e-05,3.60185e-05
6.00562e-05,6.22218e-05,5.94456e-05,5.58024e-05,5.5197e-05,4.88383e-05,4.74896e-05,4.48438e-05,4.01356e-05,3.72449e-05,3.44669e-05
5.76415e-05,6.05304e-05,5.71134e-05,5.48702e-05,5.29175e-05,4.91273e-05,4.64157e-05,4.29872e-05,3.80771e-05,3.64105e-05,3.33448e-05
5.68716e-05,5.77877e-05,5.56586e-05,5.19022e-05,5.03076e-05,4.73589e-05,4.45754e-05,4.22829e-05,3.70966e-05,3.50768e-05,3.2225e-05
5.45963e-05,5.54972e-05,5.35516e-05,5.00858e-05,4.92478e-05,4.49389e-05,4.24293e-05,4.06014e-05,3.54665e-05,3.39804e-05,3.08527e-05
5.27045e-05,5.32585e-05,5.15147e-05,4.84992e-05,4.75645e-05,4.39454e-05,4.10857e-05,3.93473e-05,3.41417e-05,3.30965e-05,2.92679e-05
5.10492e-05,5.18087e-05,5.01002e-05,4.63999e-05,4.60052e-05,4.21772e-05,3.92949e-05,3.81987e-05,3.305e-05,3.19787e-05,2.8952e-05
4.96618e-05,4.9545e-05,4.83907e-05,4.55385e-05,4.42127e-05,4.05489e-05,3.7464e-05,3.7299e-05,3.13719e-05,3.07318e-05,2.74347e-05
4.77726e-05,4.81525e-05,4.69304e-05,4.33841e-05,4.32929e-05,3.93952e-05,3.65827e-05,3.54025e-05,3.06667e-05,3.07498e-05,2.71511e-05
4.65057e-05,4.67441e-05,4.49265e-05,4.17032e-05,4.21841e-05,3.79104e-05,3.54447e-05,3.43753e-05,3.00077e-05,2.92563e-05,2.56281e-05
4.52498e-05,4.52703e-05,4.31162e-05,4.00079e-05,3.97386e-05,3.7251e-05,3.43458e-05,3.36118e-05,2.89154e-05,2.77665e-05,2.47385e-05
4.41028e-05,4.29475e-05,4.15696e-05,3.87324e-05,3.83137e-05,3.5996e-05,3.39464e-05,3.27166e-05,2.86963e-05,2.60633e-05,2.27922e-05
4.20076e-05,4.10268e-05,4.05531e-05,3.75462e-05,3.81158e-05,3.40443e-05,3.20969e-05,3.13389e-05,2.69974e-05,2.58648e-05,2.20781e-05
4.0721e-05,3.99392e-05,3.91497e-05,3.60518e-05,3.62373e-05,3.30728e-05,3.08525e-05,3.03067e-05,2.60543e-05,2.51924e-05,2.15346e-05
3.9272e-05,3.93623e-05,3.77885e-05,3.45528e-05,3.54333e-05,3.18274e-05,2.98572e-05,2.88406e-05,2.5405e-05,2.41963e-05,2.09103e-05
3.82138e-05,3.75375e-05,3.63869e-05,3.34797e-05,3.38676e-05,3.09117e-05,2.88728e-05,2.82196e-05,2.43589e-05,2.32342e-05,1.97615e-05
3.57194e-05,3.6151e-05,3.6099e-05,3.23403e-05,3.2981e-05,3.01218e-05,2.82059e-05,2.72445e-05,2.37191e-05,2.25943e-05,1.8883e-05
3.56439e-05,3.47048e-05,3.42797e-05,3.16585e-05,3.14158e-05,2.88089e-05,2.66335e-05,2.62604e-05,2.25053e-05,2.17281e-05,1.84524e-05
3.43637e-05,3.37899e-05,3.31386e-05,3.03449e-05,3.00658e-05,2.79346e-05,2.60872e-05,2.55734e-05,2.2175e-05,2.10651e-05,1.7901e-05
3.33926e-05,3.24369e-05,3.19473e-05,2.96156e-05,2.92261e-05,2.68684e-05,2.45874e-05,2.42711e-05,2.094e-05,2.01604e-05,1.71201e-05
3.23774e-05,3.15038e-05,3.07956e-05,2.85728e-05,2.85372e-05,2.59993e-05,2.41137e-05,2.31651e-05,2.0127e-05,1.93669e-05,1.65077e-05
3.17069e-05,3.05948e-05,2.97931e-05,2.74964e-05,2.7165e-05,2.51041e-05,2.34313e-05,2.27226e-05,1.96794e-05,1.87008e-05,1.58724e-05
3.04029e-05,2.93973e-05,2.89066e-05,2.7036e-05,2.66511e-05,2.44303e-05,2.26195e-05,2.15031e-05,1.87588e-05,1.80243e-05,1.53958e-05
2.95678e-05,2.83727e-05,2.79329e-05,2.60421e-05,2.54442e-05,2.35783e-05,2.16616e-05,2.10842e-05,1.83436e-05,1.7636e-05,1.49939e-05
2.89536e-05,2.81313e-05,2.67047e-05,2.50212e-05,2.45151e-05,2.29356e-05,2.10465e-05,2.00302e-05,1.77635e-05,1.66371e-05,1.45727e-05
2.78293e-05,2.65944e-05,2.62544e-05,2.43726e-05,2.39608e-05,2.2093e-05,2.04014e-05,1.94879e-05,1.70848e-05,1.61337e-05,1.38584e-05
2.68908e-05,2.57088e-05,2.51789e-05,2.35887e-05,2.31429e-05,2.14297e-05,1.97972e-05,1.88451e-05,1.65736e-05,1.5636e-05,1.35006e-05
2.57364e-05,2.49353e-05,2.48822e-05,2.25875e-05,2.24799e-05,2.07686e-05,1.94512e-05,1.81432e-05,1.61351e-05,1.49917e-05,1.31865e-05
2.5162e-05,2.39955e-05,2.38087e-05,2.22252e-05,2.18056e-05,1.99798e-05,1.85974e-05,1.76125e-05,1.55434e-05,1.46765e-05,1.26921e-05
2.46272e-05,2.34985e-05,2.29428e-05,2.15883e-05,2.1036e-05,1.94971e-05,1.79685e-05,1.69151e-05,1.49788e-05,1.40376e-05,1.22807e-05
2.37918e-05,2.27937e-05,2.21552e-05,2.09044e-05,2.03632e-05,1.88383e-05,1.74211e-05,1.6381e-05,1.44765e-05,1.36563e-05,1.19466e-05
2.2975e-05,2.21218e-05,2.14249e-05,2.02695e-05,1.96841e-05,1.81779e-05,1.68863e-05,1.58653e-05,1.40147e-05,1.3259e-05,1.16101e-05
2.22969e-05,2.16519e-05,2.07493e-05,1.98774e-05,1.89992e-05,1.77383e-05,1.6213e-05,1.53729e-05,1.35607e-05,1.28655e-05,1.13056e-05
2.1754e-05,2.0845e-05,2.01412e-05,1.92365e-05,1.85823e-05,1.72075e-05,1.5896e-05,1.48733e-05,1.31303e-05,1.23551e-05,1.09114e-05
2.10434e-05,2.02149e-05,1.95294e-05,1.85867e-05,1.79852e-05,1.66838e-05,1.54315e-05,1.4379e-05,1.27458e-05,1.20254e-05,1.06738e-05
2.02533e-05,1.96164e-05,1.91755e-05,1.79049e-05,1.74633e-05,1.62075e-05,1.50832e-05,1.39285e-05,1.23963e-05,1.1593e-05,1.04175e-05
1.97949e-05,1.90438e-05,1.83785e-05,1.75285e-05,1.69668e-05,1.5695e-05,1.45342e-05,1.35038e-05,1.19824e-05,1.13427e-05,1.01276e-05
1.90484e-05,1.85525e-05,1.7891e-05,1.72039e-05,1.6477e-05,1.53399e-05,1.42609e-05,1.31406e-05,1.17145e-05,1.10326e-05,9.87369e-06
1.86132e-05,1.80156e-05,1.72484e-05,1.65087e-05,1.60129e-05,1.47965e-05,1.37098e-05,1.27441e-05,1.12928e-05,1.06776e-05,9.58552e-06
1.80351e-05,1.75106e-05,1.6811e-05,1.61084e-05,1.54592e-05,1.43857e-05,1.3294e-05,1.23689e-05,1.09746e-05,1.03985e-05,9.33605e-06
1.76072e-05,1.70739e-05,1.64009e-05,1.56816e-05,1.49891e-05,1.40279e-05,1.29613e-05,1.19915e-05,1.07041e-05,1.00931e-05,9.07387e-06
1.70151e-05,1.64411e-05,1.58675e-05,1.5227e-05,1.46268e-05,1.36719e-05,1.26081e-05,1.16739e-05,1.03659e-05,9.80496e-06,8.86375e-06
1.65424e-05,1.59422e-05,1.53618e-05,1.48998e-05,1.42149e-05,1.33151e-05,1.23022e-05,1.1351e-05,1.01282e-05,9.52571e-06,8.62383e-06
1.61787e-05,1.55303e-05,1.49347e-05,1.44924e-05,1.38486e-05,1.28828e-05,1.19524e-05,1.10557e-05,9.80613e-06,9.25514e-06,8.35786e-06
1.57095e-05,1.50595e-05,1.44964e-05,1.40554e-05,1.34459e-05,1.25364e-05,1.16659e-05,1.06864e-05,9.58728e-06,8.96539e-06,8.16821e-06
1.52155e-05,1.47251e-05,1.40771e-05,1.36939e-05,1.3044e-05,1.22812e-05,1.13109e-05,1.04772e-05,9.32604e-06,8.77999e-06,7.95449e-06
1.48463e-05,1.42527e-05,1.37102e-05,1.33418e-05,1.27377e-05,1.18977e-05,1.09884e-05,1.01864e-05,9.10074e-06,8.53653e-06,7.74196e-06
1.43481e-05,1.38596e-05,1.33156e-05,1.29546e-05,1.23897e-05,1.15379e-05,1.07135e-05,9.88313e-06,8.84718e-06,8.30805e-06,7.51908e-06
1.40021e-05,1.34957e-05,1.29275e-05,1.26306e-05,1.20693e-05,1.12708e-05,1.04556e-05,9.59919e-06,8.61926e-06,8.09882e-06,7.3193e-06
1.36022e-05,1.31118e-05,1.2558e-05,1.22892e-05,1.17229e-05,1.09918e-05,1.02124e-05,9.39585e-06,8.40861e-06,7.86206e-06,7.11108e-06
1.32989e-05,1.27527e-05,1.22466e-05,1.19809e-05,1.13677e-05,1.06866e-05,9.9245e-06,9.12801e-06,8.20056e-06,7.67788e-06,6.9291e-06
1.28819e-05,1.23955e-05,1.18909e-05,1.16445e-05,1.10941e-05,1.0412e-05,9.67039e-06,8.89549e-06,7.9675e-06,7.45243e-06,6.74565e-06
1.25885e-05,1.20492e-05,1.15902e-05,1.13534e-05,1.08353e-05,1.01239e-05,9.41454e-06,8.6625e-06,7.77398e-06,7.26627e-06,6.55328e-06
1.22043e-05,1.1734e-05,1.12823e-05,1.10281e-05,1.05139e-05,9.87047e-06,9.18777e-06,8.43925e-06,7.58511e-06,7.08268e-06,6.3833e-06
1.18913e-05,1.14108e-05,1.0956e-05,1.07232e-05,1.0269e-05,9.62459e-06,8.97438e-06,8.24879e-06,7.40563e-06,6.88256e-06,6.21881e-06
1.15158e-05,1.11257e-05,1.06656e-05,1.04695e-05,9.99553e-06,9.37014e-06,8.7372e-06,8.04041e-06,7.19941e-06,6.71701e-06,6.07598e-06
1.12754e-05,1.08211e-05,1.04204e-05,1.01832e-05,9.74644e-06,9.1138e-06,8.49861e-06,7.82597e-06,7.02585e-06,6.54841e-06,5.88878e-06
1.09642e-05,1.05255e-05,1.00888e-05,9.872e-06,9.44073e-06,8.93098e-06,8.29611e-06,7.6348e-06,6.85173e-06,6.36053e-06,5.71079e-06
1.06288e-05,1.02191e-05,9.85019e-06,9.63138e-06,9.2053e-06,8.65958e-06,8.07763e-06,7.40496e-06,6.68842e-06,6.22102e-06,5.57939e-06
1.03949e-05,9.97245e-06,9.54779e-06,9.38461e-06,8.9619e-06,8.44343e-06,7.88674e-06,7.25242e-06,6.51125e-06,6.04011e-06,5.41973e-06
1.00696e-05,9.72096e-06,9.35967e-06,9.11065e-06,8.74215e-06,8.23388e-06,7.68286e-06,7.06363e-06,6.34031e-06,5.89148e-06,5.26484e-06
9.86518e-06,9.47882e-06,9.0711e-06,8.92635e-06,8.48171e-06,8.03913e-06,7.50549e-06,6.93201e-06,6.20951e-06,5.74019e-06,5.15392e-06
9.62936e-06,9.2213e-06,8.83308e-06,8.6482e-06,8.23486e-06,7.84586e-06,7.30039e-06,6.75168e-06,6.03333e-06,5.6012e-06,4.98519e-06
9.34721e-06,8.97206e-06,8.5928e-06,8.41209e-06,8.04747e-06,7.61739e-06,7.12382e-06,6.54147e-06,5.87136e-06,5.43964e-06,4.8635e-06
9.13425e-06,8.75268e-06,8.37973e-06,8.21845e-06,7.85194e-06,7.43994e-06,6.93882e-06,6.39671e-06,5.73659e-06,5.30023e-06,4.73777e-06
8.89339e-06,8.51506e-06,8.15692e-06,7.98478e-06,7.64425e-06,7.26548e-06,6.76555e-06,6.22829e-06,5.58646e-06,5.15179e-06,4.5959e-06
8.65888e-06,8.2487e-06,8.00609e-06,7.77203e-06,7.41751e-06,7.07263e-06,6.58421e-06,6.05526e-06,5.45841e-06,5.06024e-06,4.46891e-06
8.44788e-06,8.10373e-06,7.83057e-06,7.57841e-06,7.2211e-06,6.88559e-06,6.44724e-06,5.91463e-06,5.28887e-06,4.90864e-06,4.37298e-06
8.25894e-06,7.87316e-06,7.61352e-06,7.37864e-06,7.06031e-06,6.71845e-06,6.27457e-06,5.78411e-06,5.18143e-06,4.79395e-06,4.23882e-06
8.05235e-06,7.6755e-06,7.40339e-06,7.17102e-06,6.87966e-06,6.55567e-06,6.12442e-06,5.64062e-06,5.03255e-06,4.64608e-06,4.12402e-06
7.85877e-06,7.49592e-06,7.21709e-06,6.98041e-06,6.71771e-06,6.37723e-06,5.9924e-06,5.50506e-06,4.92156e-06,4.5468e-06,4.0145e-06
7.68688e-06,7.32914e-06,7.02734e-06,6.80204e-06,6.52542e-06,6.21784e-06,5.8533e-06,5.36689e-06,4.79185e-06,4.3814e-06,3.89991e-06
7.46964e-06,7.12859e-06,6.8659e-06,6.6419e-06,6.34443e-06,6.05761e-06,5.67755e-06,5.2123e-06,4.6607e-06,4.29375e-06,3.80513e-06
7.28948e-06,6.95677e-06,6.68639e-06,6.46853e-06,6.20097e-06,5.92468e-06,5.55601e-06,5.09813e-06,4.53712e-06,4.16931e-06,3.70493e-06
7.08011e-06,6.77187e-06,6.55976e-06,6.30031e-06,6.05143e-06,5.76099e-06,5.40336e-06,4.95639e-06,4.44432e-06,4.097e-06,3.59623e-06
6.93107e-06,6.59158e-06,6.35195e-06,6.13575e-06,5.87984e-06,5.64028e-06,5.26053e-06,4.85297e-06,4.31667e-06,3.96138e-06,3.49794e-06
6.77162e-06,6.43915e-06,6.21723e-06,5.99759e-06,5.74259e-06,5.4878e-06,5.15424e-06,4.71519e-06,4.21471e-06,3.87266e-06,3.4131e-06
6.58646e-06,6.28677e-06,6.07477e-06,5.83613e-06,5.60474e-06,5.36427e-06,5.05158e-06,4.57797e-06,4.11675e-06,3.77674e-06,3.32384e-06
6.48393e-06,6.1491e-06,5.92622e-06,5.67959e-06,5.46962e-06,5.22892e-06,4.9237e-06,4.49585e-06,4.00399e-06,3.68059e-06,3.23692e-06
6.31665e-06,6.00984e-06,5.78153e-06,5.5638e-06,5.32809e-06,5.10888e-06,4.80606e-06,4.41322e-06,3.90847e-06,3.56565e-06,3.16403e-06
6.18566e-06,5.82363e-06,5.63575e-06,5.41528e-06,5.19223e-06,4.99799e-06,4.66528e-06,4.29555e-06,3.81197e-06,3.49519e-06,3.06358e-06
5.99283e-06,5.68207e-06,5.53151e-06,5.28859e-06,5.0801e-06,4.86223e-06,4.54144e-06,4.17317e-06,3.71369e-06,3.41537e-06,2.98496e-06
5.88743e-06,5.58562e-06,5.40674e-06,5.14214e-06,4.93171e-06,4.75092e-06,4.44287e-06,4.06442e-06,3.62084e-06,3.3064e-06,2.90295e-06
5.70117e-06,5.44329e-06,5.24384e-06,5.01607e-06,4.83131e-06,4.64219e-06,4.33227e-06,3.94129e-06,3.53673e-06,3.22498e-06,2.82493e-06
5.59425e-06,5.3295e-06,5.19339e-06,4.90207e-06,4.71329e-06,4.51086e-06,4.22992e-06,3.87481e-06,3.45334e-06,3.15293e-06,2.76945e-06
5.4102e-06,5.17795e-06,5.01701e-06,4.76486e-06,4.56455e-06,4.40878e-06,4.16022e-06,3.78075e-06,3.33914e-06,3.05097e-06,2.70171e-06
5.33173e-06,5.06273e-06,4.89708e-06,4.64051e-06,4.47479e-06,4.28449e-06,4.04995e-06,3.68286e-06,3.26794e-06,2.9828e-06,2.61779e-06
5.18002e-06,4.93419e-06,4.77052e-06,4.53968e-06,4.36291e-06,4.22032e-06,3.94419e-06,3.58545e-06,3.19633e-06,2.90853e-06,2.54793e-06
5.05336e-06,4.83037e-06,4.66945e-06,4.4298e-06,4.27337e-06,4.08615e-06,3.82854e-06,3.49531e-06,3.10521e-06,2.83206e-06,2.48052e-06
4.92881e-06,4.67983e-06,4.56473e-06,4.34044e-06,4.17151e-06,4.00104e-06,3.74736e-06,3.41414e-06,3.02417e-06,2.78206e-06,2.43603e-06
4.83347e-06,4.59717e-06,4.465e-06,4.22533e-06,4.07925e-06,3.89295e-06,3.68165e-06,3.33975e-06,2.9618e-06,2.68762e-06,2.36513e-06
4.71158e-06,4.48111e-06,4.39422e-06,4.12339e-06,3.99364e-06,3.84107e-06,3.58972e-06,3.24451e-06,2.89731e-06,2.63629e-06,2.31596e-06
4.63059e-06,4.35401e-06,4.27398e-06,4.046e-06,3.89314e-06,3.7144e-06,3.50295e-06,3.1918e-06,2.81661e-06,2.57042e-06,2.25666e-06
4.48721e-06,4.23313e-06,4.18237e-06,3.94323e-06,3.7926e-06,3.67492e-06,3.40576e-06,3.10054e-06,2.76088e-06,2.50553e-06,2.19575e-06
4.42109e-06,4.17822e-06,4.09637e-06,3.85766e-06,3.72363e-06,3.54786e-06,3.35203e-06,3.04866e-06,2.68805e-06,2.43276e-06,2.14843e-06
4.29214e-06,4.09668e-06,4.0078e-06,3.74513e-06,3.6457e-06,3.48259e-06,3.23867e-06,2.95061e-06,2.62819e-06,2.40515e-06,2.09274e-06
4.21357e-06,4.00031e-06,3.88214e-06,3.67115e-06,3.55147e-06,3.38949e-06,3.18213e-06,2.90469e-06,2.55843e-06,2.33128e-06,2.03785e-06
4.05152e-06,3.88298e-06,3.79322e-06,3.5715e-06,3.48033e-06,3.33773e-06,3.11788e-06,2.81151e-06,2.51077e-06,2.27141e-06,1.99671e-06
4.02071e-06,3.78895e-06,3.71731e-06,3.50557e-06,3.37648e-06,3.24717e-06,3.04524e-06,2.76305e-06,2.4537e-06,2.21189e-06,1.94383e-06
3.91229e-06,3.70348e-06,3.63941e-06,3.42099e-06,3.30229e-06,3.19687e-06,2.96951e-06,2.69427e-06,2.40634e-06,2.16263e-06,1.89969e-06
3.81722e-06,3.6338e-06,3.56087e-06,3.33854e-06,3.21813e-06,3.11044e-06,2.89684e-06,2.63255e-06,2.33336e-06,2.09961e-06,1.85194e-06
3.72104e-06,3.53477e-06,3.45371e-06,3.25924e-06,3.16062e-06,3.03604e-06,2.85994e-06,2.57057e-06,2.29191e-06,2.05214e-06,1.81548e-06
3.63816e-06,3.4499e-06,3.39897e-06,3.17277e-06,3.07621e-06,2.96816e-06,2.77553e-06,2.50582e-06,2.23053e-06,2.01036e-06,1.7748e-06
3.53838e-06,3.37966e-06,3.31068e-06,3.11735e-06,3.03189e-06,2.90866e-06,2.70397e-06,2.44549e-06,2.181e-06,1.96644e-06,1.72068e-06
3.47563e-06,3.30608e-06,3.26672e-06,3.05863e-06,2.96815e-06,2.83583e-06,2.65028e-06,2.39625e-06,2.14847e-06,1.91304e-06,1.67468e-06
3.39215e-06,3.22603e-06,3.15601e-06,2.98177e-06,2.906e-06,2.78417e-06,2.59915e-06,2.34095e-06,2.08764e-06,1.86527e-06,1.64845e-06
3.31708e-06,3.16651e-06,3.10278e-06,2.91546e-06,2.83511e-06,2.69461e-06,2.5399e-06,2.28653e-06,2.03618e-06,1.82917e-06,1.60735e-06
3.23492e-06,3.08788e-06,3.02892e-06,2.86453e-06,2.77283e-06,2.64137e-06,2.47423e-06,2.24245e-06,1.99759e-06,1.78988e-06,1.57719e-06
3.14715e-06,3.01203e-06,2.95672e-06,2.79108e-06,2.70754e-06,2.59868e-06,2.41452e-06,2.18633e-06,1.95273e-06,1.74066e-06,1.53818e-06
3.10206e-06,2.94589e-06,2.88365e-06,2.73346e-06,2.64132e-06,2.53901e-06,2.36931e-06,2.14127e-06,1.89784e-06,1.70183e-06,1.50318e-06
3.01263e-06,2.88736e-06,2.85138e-06,2.66818e-06,2.59934e-06,2.47658e-06,2.31854e-06,2.08368e-06,1.86741e-06,1.66485e-06,1.4664e-06
2.94464e-06,2.82314e-06,2.78585e-06,2.6026e-06,2.52782e-06,2.43994e-06,2.24455e-06,2.0523e-06,1.82554e-06,1.62728e-06,1.43118e-06
2.88416e-06,2.75333e-06,2.71182e-06,2.5406e-06,2.46937e-06,2.36907e-06,2.21637e-06,2.00056e-06,1.78581e-06,1.58504e-06,1.39734e-06
2.82097e-06,2.70384e-06,2.6585e-06,2.48801e-06,2.44237e-06,2.327e-06,2.15988e-06,1.94932e-06,1.74977e-06,1.55152e-06,1.36262e-06
2.74995e-06,2.64265e-06,2.59828e-06,2.44174e-06,2.36655e-06,2.27322e-06,2.12354e-06,1.91345e-06,1.71819e-06,1.51055e-06,1.33277e-06
2.69655e-06,2.58099e-06,2.54626e-06,2.39371e-06,2.31976e-06,2.22275e-06,2.06643e-06,1.87115e-06,1.67365e-06,1.47854e-06,1.30479e-06
2.641e-06,2.5295e-06,2.48517e-06,2.33814e-06,2.25799e-06,2.17923e-06,2.02114e-06,1.84336e-06,1.63321e-06,1.44043e-06,1.27697e-06
2.5915e-06,2.47373e-06,2.44264e-06,2.27289e-06,2.23526e-06,2.13286e-06,1.97584e-06,1.78373e-06,1.60072e-06,1.41997e-06,1.24916e-06
2.51628e-06,2.42198e-06,2.39403e-06,2.23888e-06,2.17569e-06,2.07284e-06,1.9433e-06,1.76337e-06,1.5565e-06,1.38449e-06,1.2293e-06
2.44732e-06,2.36532e-06,2.31733e-06,2.18989e-06,2.12249e-06,2.04145e-06,1.89504e-06,1.71653e-06,1.53251e-06,1.35029e-06,1.19095e-06
2.40425e-06,2.30803e-06,2.28263e-06,2.14652e-06,2.08321e-06,2.00548e-06,1.84337e-06,1.68051e-06,1.49714e-06,1.31462e-06,1.16602e-06
2.35236e-06,2.25295e-06,2.2351e-06,2.1001e-06,2.04825e-06,1.94763e-06,1.81695e-06,1.64687e-06,1.4618e-06,1.28748e-06,1.14291e-06
2.29772e-06,2.21196e-06,2.18309e-06,2.05203e-06,1.98907e-06,1.91172e-06,1.772e-06,1.61165e-06,1.43765e-06,1.26271e-06,1.11834e-06
2.26875e-06,2.16258e-06,2.13949e-06,2.02764e-06,1.95389e-06,1.86113e-06,1.73159e-06,1.58019e-06,1.40559e-06,1.23258e-06,1.09661e-06
2.20869e-06,2.1142e-06,2.0991e-06,1.98382e-06,1.91166e-06,1.81558e-06,1.70056e-06,1.54377e-06,1.37389e-06,1.20497e-06,1.07043e-06
2.16629e-06,2.08488e-06,2.05803e-06,1.92351e-06,1.87623e-06,1.78191e-06,1.66195e-06,1.5107e-06,1.34597e-06,1.18556e-06,1.04961e-06
2.12214e-06,2.03258e-06,2.01757e-06,1.88858e-06,1.83413e-06,1.74591e-06,1.62831e-06,1.47941e-06,1.32016e-06,1.15339e-06,1.02221e-06
2.06912e-06,1.98689e-06,1.96927e-06,1.85148e-06,1.79196e-06,1.71498e-06,1.58748e-06,1.447e-06,1.29412e-06,1.12906e-06,9.99282e-07
2.02264e-06,1.94103e-06,1.92586e-06,1.81177e-06,1.76049e-06,1.68102e-06,1.56123e-06,1.41814e-06,1.26326e-06,1.10786e-06,9.78299e-07
1.97444e-06,1.90446e-06,1.88205e-06,1.77155e-06,1.72024e-06,1.65804e-06,1.52783e-06,1.3928e-06,1.24304e-06,1.08002e-06,9.5562e-07
1.93086e-06,1.85962e-06,1.83992e-06,1.73234e-06,1.68813e-06,1.62001e-06,1.49921e-06,1.36497e-06,1.20956e-06,1.05518e-06,9.37045e-07
1.89659e-06,1.82667e-06,1.79508e-06,1.70366e-06,1.64592e-06,1.58768e-06,1.46674e-06,1.33843e-06,1.18534e-06,1.02921e-06,9.15559e-07
1.855e-06,1.77929e-06,1.76005e-06,1.66213e-06,1.61287e-06,1.55223e-06,1.43737e-06,1.30736e-06,1.15871e-06,1.01565e-06,8.97758e-07
1.82259e-06,1.76761e-06,1.73495e-06,1.63146e-06,1.58251e-06,1.51297e-06,1.40536e-06,1.28655e-06,1.13192e-06,9.89864e-07,8.76672e-07
1.77304e-06,1.71851e-06,1.69375e-06,1.59913e-06,1.54866e-06,1.48647e-06,1.37193e-06,1.25559e-06,1.11136e-06,9.65505e-07,8.55742e-07
1.74884e-06,1.68712e-06,1.66164e-06,1.57013e-06,1.51463e-06,1.45623e-06,1.34488e-06,1.2291e-06,1.08844e-06,9.48464e-07,8.36008e-07
1.7046e-06,1.65098e-06,1.63271e-06,1.53642e-06,1.48192e-06,1.42747e-06,1.31713e-06,1.20883e-06,1.06881e-06,9.25725e-07,8.1919e-07
1.67026e-06,1.61775e-06,1.59423e-06,1.50577e-06,1.45398e-06,1.3954e-06,1.29042e-06,1.18127e-06,1.04428e-06,9.06077e-07,8.0123e-07
1.63259e-06,1.59066e-06,1.55505e-06,1.48228e-06,1.42587e-06,1.37042e-06,1.26267e-06,1.1579e-06,1.02412e-06,8.86357e-07,7.82965e-07
1.6031e-06,1.55383e-06,1.53069e-06,1.44818e-06,1.39672e-06,1.33842e-06,1.23857e-06,1.13283e-06,1.00109e-06,8.68577e-07,7.67592e-07
1.57347e-06,1.52481e-06,1.50146e-06,1.42013e-06,1.36875e-06,1.31347e-06,1.2115e-06,1.11196e-06,9.80419e-07,8.50571e-07,7.51471e-07
1.53753e-06,1.49516e-06,1.47092e-06,1.38738e-06,1.34711e-06,1.2858e-06,1.19345e-06,1.09345e-06,9.61723e-07,8.32568e-07,7.34583e-07
1.51033e-06,1.46509e-06,1.43782e-06,1.36197e-06,1.30394e-06,1.2614e-06,1.16385e-06,1.06596e-06,9.44506e-07,8.16763e-07,7.17751e-07
1.47618e-06,1.44388e-06,1.41017e-06,1.34384e-06,1.28302e-06,1.24171e-06,1.13635e-06,1.04468e-06,9.25778e-07,7.96467e-07,6.98838e-07
1.44957e-06,1.41006e-06,1.38176e-06,1.31357e-06,1.25693e-06,1.2135e-06,1.11629e-06,1.02451e-06,9.05384e-07,7.79914e-07,6.85899e-07
1.42184e-06,1.37985e-06,1.35344e-06,1.28636e-06,1.23155e-06,1.1881e-06,1.09398e-06,1.00732e-06,8.84691e-07,7.6536e-07,6.72755e-07
1.39117e-06,1.35376e-06,1.32885e-06,1.26224e-06,1.21064e-06,1.16399e-06,1.07361e-06,9.86118e-07,8.68059e-07,7.4721e-07,6.56812e-07
1.35848e-06,1.32911e-06,1.30159e-06,1.23681e-06,1.18928e-06,1.14113e-06,1.04855e-06,9.63439e-07,8.4981e-07,7.33745e-07,6.43431e-07
1.33924e-06,1.30426e-06,1.27151e-06,1.21836e-06,1.16294e-06,1.12051e-06,1.02885e-06,9.47728e-07,8.31091e-07,7.1654e-07,6.26549e-07
1.31107e-06,1.28248e-06,1.24967e-06,1.18955e-06,1.14015e-06,1.09617e-06,1.01046e-06,9.29217e-07,8.13046e-07,7.03087e-07,6.15165e-07
1.2873e-06,1.25412e-06,1.22611e-06,1.16839e-06,1.12092e-06,1.0762e-06,9.90243e-07,9.10792e-07,7.97599e-07,6.87263e-07,6.01917e-07
1.26177e-06,1.23108e-06,1.20418e-06,1.14814e-06,1.09784e-06,1.05603e-06,9.69754e-07,8.92135e-07,7.84305e-07,6.73499e-07,5.88416e-07
1.23776e-06,1.2072e-06,1.17711e-06,1.12556e-06,1.07562e-06,1.0364e-06,9.49714e-07,8.7484e-07,7.67641e-07,6.59322e-07,5.76819e-07
1.21368e-06,1.18542e-06,1.15368e-06,1.10657e-06,1.05249e-06,1.01506e-06,9.35538e-07,8.59922e-07,7.51742e-07,6.4409e-07,5.63344e-07
1.1926e-06,1.16259e-06,1.13519e-06,1.08404e-06,1.03446e-06,9.94779e-07,9.13261e-07,8.42247e-07,7.37195e-07,6.32902e-07,5.52512e-07
1.16922e-06,1.13948e-06,1.11137e-06,1.06461e-06,1.01359e-06,9.76102e-07,8.95759e-07,8.24927e-07,7.22511e-07,6.20532e-07,5.41408e-07
1.1493e-06,1.11907e-06,1.09186e-06,1.0474e-06,9.95798e-07,9.57315e-07,8.77938e-07,8.08982e-07,7.08285e-07,6.06114e-07,5.28713e-07
1.12764e-06,1.10274e-06,1.07117e-06,1.02498e-06,9.77385e-07,9.37807e-07,8.6225e-07,7.93493e-07,6.95091e-07,5.95175e-07,5.17945e-07
1.10737e-06,1.08087e-06,1.04905e-06,1.01029e-06,9.56936e-07,9.2181e-07,8.44422e-07,7.80116e-07,6.81382e-07,5.82775e-07,5.0518e-07
1.08401e-06,1.06128e-06,1.03124e-06,9.88211e-07,9.4074e-07,9.05183e-07,8.27546e-07,7.62087e-07,6.70803e-07,5.70391e-07,4.96541e-07
1.06716e-06,1.03788e-06,1.01002e-06,9.68682e-07,9.21607e-07,8.90377e-07,8.10909e-07,7.48367e-07,6.55934e-07,5.58648e-07,4.85151e-07
1.04144e-06,1.01947e-06,9.91044e-07,9.52267e-07,9.0586e-07,8.73359e-07,8.00237e-07,7.34592e-07,6.43731e-07,5.48556e-07,4.75968e-07
1.02417e-06,1.00325e-06,9.72964e-07,9.35863e-07,8.88109e-07,8.54568e-07,7.82563e-07,7.18975e-07,6.30105e-07,5.37153e-07,4.65144e-07
1.00794e-06,9.85566e-07,9.52853e-07,9.18515e-07,8.71781e-07,8.40283e-07,7.6739e-07,7.06361e-07,6.18542e-07,5.26872e-07,4.55529e-07
9.87817e-07,9.68131e-07,9.36494e-07,9.03176e-07,8.54926e-07,8.22199e-07,7.53529e-07,6.93627e-07,6.06465e-07,5.15659e-07,4.45668e-07
9.71817e-07,9.4917e-07,9.18754e-07,8.86715e-07,8.39754e-07,8.0832e-07,7.3967e-07,6.796e-07,5.95006e-07,5.06519e-07,4.36438e-07
9.52834e-07,9.38011e-07,9.02174e-07,8.7203e-07,8.26664e-07,7.93272e-07,7.2594e-07,6.67951e-07,5.84765e-07,4.9526e-07,4.26822e-07
9.36288e-07,9.16848e-07,8.86734e-07,8.55492e-07,8.10273e-07,7.79449e-07,7.11206e-07,6.53861e-07,5.72931e-07,4.8607e-07,4.18673e-07
9.17761e-07,9.03892e-07,8.71322e-07,8.40456e-07,7.95353e-07,7.64553e-07,6.9804e-07,6.41421e-07,5.61168e-07,4.75457e-07,4.10163e-07
9.02529e-07,8.86003e-07,8.55418e-07,8.26142e-07,7.81193e-07,7.51441e-07,6.87629e-07,6.3053e-07,5.51102e-07,4.66827e-07,4.02136e-07
8.87041e-07,8.7007e-07,8.40152e-07,8.11906e-07,7.68476e-07,7.37549e-07,6.74436e-07,6.18636e-07,5.40925e-07,4.57342e-07,3.93866e-07
8.72162e-07,8.5538e-07,8.25842e-07,7.98816e-07,7.53428e-07,7.25667e-07,6.62096e-07,6.07725e-07,5.31068e-07,4.48858e-07,3.85369e-07
8.5688e-07,8.40039e-07,8.10874e-07,7.8428e-07,7.40221e-07,7.12894e-07,6.4934e-07,5.9509e-07,5.22222e-07,4.40277e-07,3.77552e-07
8.43209e-07,8.28954e-07,7.96381e-07,7.70321e-07,7.26415e-07,6.98841e-07,6.38893e-07,5.85057e-07,5.1208e-07,4.32659e-07,3.71542e-07
8.27683e-07,8.11787e-07,7.79089e-07,7.57621e-07,7.1427e-07,6.88221e-07,6.28565e-07,5.74719e-07,5.02027e-07,4.24415e-07,3.61999e-07
8.13698e-07,7.96597e-07,7.68919e-07,7.44385e-07,7.01939e-07,6.75816e-07,6.15586e-07,5.62957e-07,4.94192e-07,4.15027e-07,3.55638e-07
7.97256e-07,7.84517e-07,7.53428e-07,7.33024e-07,6.88493e-07,6.6373e-07,6.05088e-07,5.52895e-07,4.83097e-07,4.08256e-07,3.48431e-07
7.85464e-07,7.73635e-07,7.41443e-07,7.185e-07,6.76029e-07,6.50784e-07,5.94042e-07,5.43449e-07,4.76222e-07,3.99679e-07,3.40627e-07
7.70629e-07,7.57859e-07,7.2722e-07,7.08099e-07,6.64905e-07,6.40577e-07,5.83103e-07,5.34557e-07,4.65677e-07,3.9326e-07,3.34094e-07
7.58924e-07,7.44059e-07,7.1703e-07,6.95435e-07,6.54323e-07,6.29408e-07,5.72127e-07,5.23625e-07,4.59144e-07,3.85623e-07,3.2769e-07
7.45996e-07,7.35179e-07,7.0427e-07,6.82499e-07,6.45305e-07,6.17883e-07,5.62569e-07,5.1439e-07,4.49574e-07,3.77917e-07,3.2167e-07
7.31339e-07,7.2269e-07,6.92322e-07,6.72674e-07,6.32346e-07,6.08225e-07,5.55021e-07,5.04599e-07,4.42713e-07,3.71745e-07,3.15781e-07
7.19735e-07,7.10255e-07,6.7873e-07,6.61264e-07,6.2172e-07,5.97971e-07,5.45048e-07,4.96193e-07,4.34941e-07,3.64329e-07,3.09314e-07
7.0858e-07,7.00985e-07,6.6733e-07,6.51958e-07,6.12584e-07,5.87621e-07,5.3465e-07,4.88427e-07,4.26226e-07,3.57883e-07,3.03547e-07
6.96824e-07,6.8777e-07,6.56114e-07,6.39485e-07,6.00973e-07,5.76804e-07,5.26274e-07,4.79412e-07,4.19216e-07,3.51072e-07,2.97329e-07
6.87919e-07,6.77846e-07,6.45445e-07,6.29035e-07,5.91265e-07,5.6828e-07,5.16452e-07,4.70843e-07,4.1043e-07,3.45473e-07,2.92316e-07
6.75073e-07,6.66355e-07,6.34685e-07,6.1942e-07,5.81921e-07,5.57727e-07,5.07107e-07,4.62288e-07,4.04173e-07,3.38833e-07,2.86697e-07
6.63829e-07,6.51452e-07,6.23415e-07,6.08404e-07,5.70454e-07,5.48289e-07,5.00356e-07,4.55032e-07,3.97789e-07,3.31586e-07,2.80828e-07
6.51171e-07,6.41387e-07,6.12866e-07,5.97589e-07,5.60947e-07,5.39431e-07,4.92341e-07,4.47231e-07,3.91e-07,3.26395e-07,2.75801e-07
6.38986e-07,6.31293e-07,6.05559e-07,5.89305e-07,5.52251e-07,5.2951e-07,4.85073e-07,4.39727e-07,3.8412e-07,3.20111e-07,2.71066e-07
6.30606e-07,6.22379e-07,5.92494e-07,5.78162e-07,5.42489e-07,5.19019e-07,4.75621e-07,4.32131e-07,3.77852e-07,3.15224e-07,2.65026e-07
6.2024e-07,6.1255e-07,5.8501e-07,5.69658e-07,5.34723e-07,5.13937e-07,4.66523e-07,4.23875e-07,3.71584e-07,3.08678e-07,2.60533e-07
6.11087e-07,6.03245e-07,5.74884e-07,5.58989e-07,5.26038e-07,5.03721e-07,4.58723e-07,4.17479e-07,3.64567e-07,3.04242e-07,2.55517e-07
5.9799e-07,5.95556e-07,5.63498e-07,5.50674e-07,5.17921e-07,4.9628e-07,4.51132e-07,4.09869e-07,3.587e-07,2.99302e-07,2.51224e-07
5.88035e-07,5.84715e-07,5.55084e-07,5.42104e-07,5.07919e-07,4.87804e-07,4.45611e-07,4.03872e-07,3.53113e-07,2.93246e-07,2.46457e-07
5.81365e-07,5.75882e-07,5.48683e-07,5.33353e-07,5.01557e-07,4.79948e-07,4.36766e-07,3.97323e-07,3.46096e-07,2.88138e-07,2.41931e-07
5.71315e-07,5.65044e-07,5.38464e-07,5.25154e-07,4.92011e-07,4.72893e-07,4.29587e-07,3.89225e-07,3.41613e-07,2.83443e-07,2.38177e-07
5.62899e-07,5.57773e-07,5.29987e-07,5.16374e-07,4.85074e-07,4.64098e-07,4.23573e-07,3.84284e-07,3.35705e-07,2.78922e-07,2.33744e-07
5.54078e-07,5.49924e-07,5.21565e-07,5.09073e-07,4.77993e-07,4.58022e-07,4.17385e-07,3.77394e-07,3.29548e-07,2.74268e-07,2.28661e-07
5.48081e-07,5.40665e-07,5.09868e-07,5.01253e-07,4.6973e-07,4.49724e-07,4.1137e-07,3.7037e-07,3.25104e-07,2.69425e-07,2.25359e-07
5.38485e-07,5.29613e-07,5.06186e-07,4.93784e-07,4.61205e-07,4.43825e-07,4.03336e-07,3.65265e-07,3.1849e-07,2.64195e-07,2.21147e-07
5.25692e-07,5.23684e-07,4.98252e-07,4.85634e-07,4.54973e-07,4.36496e-07,3.97738e-07,3.59769e-07,3.1383e-07,2.60526e-07,2.17423e-07
5.18771e-07,5.15811e-07,4.89388e-07,4.7786e-07,4.47423e-07,4.29695e-07,3.90789e-07,3.54608e-07,3.09005e-07,2.56291e-07,2.13583e-07
5.10992e-07,5.08785e-07,4.80143e-07,4.69812e-07,4.40546e-07,4.22771e-07,3.85073e-07,3.47014e-07,3.04314e-07,2.52059e-07,2.10307e-07
5.02515e-07,5.0025e-07,4.74148e-07,4.62997e-07,4.3306e-07,4.15593e-07,3.78668e-07,3.40829e-07,2.99494e-07,2.47696e-07,2.05644e-07
4.9543e-07,4.91195e-07,4.66445e-07,4.56758e-07,4.27302e-07,4.10656e-07,3.72321e-07,3.36065e-07,2.9414e-07,2.43267e-07,2.029e-07
4.85972e-07,4.82307e-07,4.57673e-07,4.50398e-07,4.19573e-07,4.05773e-07,3.68852e-07,3.31788e-07,2.88886e-07,2.3973e-07,1.99025e-07
4.79389e-07,4.75546e-07,4.52069e-07,4.427e-07,4.14208e-07,3.96808e-07,3.62072e-07,3.25382e-07,2.84503e-07,2.35172e-07,1.95995e-07
4.72619e-07,4.69521e-07,4.46777e-07,4.36836e-07,4.0706e-07,3.91872e-07,3.56057e-07,3.20816e-07,2.79638e-07,2.3128e-07,1.92474e-07
4.64248e-07,4.63503e-07,4.38967e-07,4.28744e-07,3.99396e-07,3.84498e-07,3.51961e-07,3.15793e-07,2.76184e-07,2.28086e-07,1.89022e-07
4.56574e-07,4.55828e-07,4.31549e-07,4.22376e-07,3.95572e-07,3.79485e-07,3.45407e-07,3.11168e-07,2.71163e-07,2.23939e-07,1.85522e-07
4.48242e-07,4.47489e-07,4.2529e-07,4.15255e-07,3.89732e-07,3.73553e-07,3.40301e-07,3.06034e-07,2.67626e-07,2.20181e-07,1.8329e-07
4.43519e-07,4.43298e-07,4.167e-07,4.10244e-07,3.83488e-07,3.67922e-07,3.34791e-07,3.01303e-07,2.62981e-07,2.17838e-07,1.80019e-07
4.37623e-07,4.36226e-07,4.09993e-07,4.0384e-07,3.78912e-07,3.6236e-07,3.30152e-07,2.94377e-07,2.5836e-07,2.14289e-07,1.77066e-07
4.28143e-07,4.29697e-07,4.04798e-07,3.9704e-07,3.71344e-07,3.56293e-07,3.25811e-07,2.92733e-07,2.55461e-07,2.0969e-07,1.73034e-07
4.24243e-07,4.23824e-07,4.00688e-07,3.8983e-07,3.6489e-07,3.50234e-07,3.19253e-07,2.86788e-07,2.51371e-07,2.06609e-07,1.70925e-07
4.16375e-07,4.14621e-07,3.9479e-07,3.84734e-07,3.59464e-07,3.4569e-07,3.13532e-07,2.83194e-07,2.4747e-07,2.03758e-07,1.68148e-07
4.08565e-07,4.09643e-07,3.87561e-07,3.77651e-07,3.54212e-07,3.40833e-07,3.09648e-07,2.79036e-07,2.43794e-07,2.00802e-07,1.65436e-07
4.02857e-07,4.03854e-07,3.80501e-07,3.7368e-07,3.51128e-07,3.35859e-07,3.0582e-07,2.74044e-07,2.40042e-07,1.97573e-07,1.62845e-07
3.99019e-07,3.98011e-07,3.75151e-07,3.68816e-07,3.45051e-07,3.30763e-07,3.01672e-07,2.70443e-07,2.3675e-07,1.93877e-07,1.59813e-07
3.9178e-07,3.92051e-07,3.70571e-07,3.63536e-07,3.40321e-07,3.26608e-07,2.95941e-07,2.65603e-07,2.327e-07,1.91105e-07,1.57195e-07
3.85488e-07,3.86333e-07,3.65852e-07,3.57012e-07,3.34175e-07,3.19035e-07,2.92404e-07,2.62888e-07,2.28815e-07,1.88158e-07,1.54706e-07
3.80172e-07,3.82131e-07,3.59614e-07,3.5147e-07,3.29699e-07,3.16523e-07,2.87955e-07,2.58981e-07,2.25546e-07,1.85579e-07,1.51687e-07
3.7582e-07,3.7489e-07,3.52683e-07,3.47893e-07,3.25095e-07,3.12036e-07,2.85086e-07,2.53446e-07,2.2266e-07,1.82513e-07,1.49707e-07
3.6884e-07,3.68702e-07,3.49331e-07,3.41579e-07,3.18758e-07,3.06782e-07,2.80731e-07,2.50784e-07,2.18878e-07,1.79472e-07,1.46942e-07
3.64876e-07,3.63722e-07,3.44458e-07,3.3784e-07,3.15148e-07,3.04146e-07,2.75442e-07,2.46374e-07,2.15686e-07,1.75709e-07,1.44637e-07
3.58089e-07,3.57244e-07,3.39441e-07,3.3165e-07,3.10395e-07,2.98301e-07,2.70897e-07,2.428e-07,2.13059e-07,1.73403e-07,1.42586e-07
3.51584e-07,3.54252e-07,3.3444e-07,3.26767e-07,3.08375e-07,2.93509e-07,2.67623e-07,2.39797e-07,2.08906e-07,1.71673e-07,1.39983e-07
3.43901e-07,3.47931e-07,3.303e-07,3.22878e-07,3.02896e-07,2.89978e-07,2.64475e-07,2.35528e-07,2.06064e-07,1.68591e-07,1.38187e-07
3.42222e-07,3.4288e-07,3.25737e-07,3.17134e-07,2.96726e-07,2.85109e-07,2.59573e-07,2.32286e-07,2.03194e-07,1.65866e-07,1.35435e-07
3.36327e-07,3.37087e-07,3.18989e-07,3.13211e-07,2.93582e-07,2.81123e-07,2.55096e-07,2.29166e-07,2.00308e-07,1.63279e-07,1.33265e-07
3.32561e-07,3.32925e-07,3.15424e-07,3.0874e-07,2.88427e-07,2.77597e-07,2.52616e-07,2.25285e-07,1.97957e-07,1.60974e-07,1.3146e-07
3.26023e-07,3.29042e-07,3.10278e-07,3.04345e-07,2.84811e-07,2.73162e-07,2.49961e-07,2.21367e-07,1.94169e-07,1.58448e-07,1.28737e-07
3.20688e-07,3.21879e-07,3.07266e-07,2.99725e-07,2.81001e-07,2.69614e-07,2.45616e-07,2.17777e-07,1.91173e-07,1.56309e-07,1.26611e-07
3.14885e-07,3.18821e-07,3.02293e-07,2.95537e-07,2.78171e-07,2.66356e-07,2.41893e-07,2.16024e-07,1.88553e-07,1.53336e-07,1.25056e-07
3.11613e-07,3.14987e-07,2.98359e-07,2.92124e-07,2.72114e-07,2.62322e-07,2.37938e-07,2.12299e-07,1.8479e-07,1.51139e-07,1.23179e-07
3.06665e-07,3.10284e-07,2.93965e-07,2.86783e-07,2.68274e-07,2.57817e-07,2.35315e-07,2.09528e-07,1.82991e-07,1.49204e-07,1.21092e-07
3.01943e-07,3.06454e-07,2.89318e-07,2.82503e-07,2.64805e-07,2.54442e-07,2.31875e-07,2.06054e-07,1.79829e-07,1.47077e-07,1.19024e-07
2.97893e-07,2.99652e-07,2.84515e-07,2.78876e-07,2.61394e-07,2.50226e-07,2.28226e-07,2.03486e-07,1.77791e-07,1.44236e-07,1.17382e-07
2.94864e-07,2.97054e-07,2.79665e-07,2.74045e-07,2.57706e-07,2.4658e-07,2.24491e-07,2.00252e-07,1.75175e-07,1.42043e-07,1.15402e-07
2.89778e-07,2.93074e-07,2.76622e-07,2.70203e-07,2.54514e-07,2.44431e-07,2.21068e-07,1.9803e-07,1.72925e-07,1.40291e-07,1.13162e-07
2.83782e-07,2.87475e-07,2.72463e-07,2.66384e-07,2.50894e-07,2.39694e-07,2.18358e-07,1.94781e-07,1.69558e-07,1.3815e-07,1.11356e-07
2.80467e-07,2.83957e-07,2.68898e-07,2.61912e-07,2.47549e-07,2.36536e-07,2.15335e-07,1.92325e-07,1.6772e-07,1.35762e-07,1.10067e-07
2.75788e-07,2.79367e-07,2.64099e-07,2.58461e-07,2.44946e-07,2.32445e-07,2.11532e-07,1.89206e-07,1.65259e-07,1.33655e-07,1.08064e-07
2.71228e-07,2.75782e-07,2.61079e-07,2.55337e-07,2.39548e-07,2.29779e-07,2.09321e-07,1.86331e-07,1.62825e-07,1.31886e-07,1.06175e-07
2.68912e-07,2.71655e-07,2.58589e-07,2.51627e-07,2.36621e-07,2.27429e-07,2.05894e-07,1.83165e-07,1.59862e-07,1.29994e-07,1.04444e-07
2.63532e-07,2.68179e-07,2.52896e-07,2.48535e-07,2.33555e-07,2.23013e-07,2.02976e-07,1.79638e-07,1.58046e-07,1.27937e-07,1.03066e-07
2.59882e-07,2.64862e-07,2.49873e-07,2.44512e-07,2.30445e-07,2.20266e-07,1.99745e-07,1.78546e-07,1.55818e-07,1.25898e-07,1.01266e-07
2.56654e-07,2.59476e-07,2.45544e-07,2.41497e-07,2.26902e-07,2.17204e-07,1.97255e-07,1.75565e-07,1.53388e-07,1.23978e-07,9.98363e-08
2.51586e-07,2.57159e-07,2.41514e-07,2.37335e-07,2.2442e-07,2.14565e-07,1.94794e-07,1.73522e-07,1.51378e-07,1.22821e-07,9.78749e-08
2.47047e-07,2.52085e-07,2.40337e-07,2.34844e-07,2.20586e-07,2.12251e-07,1.92481e-07,1.71814e-07,1.48939e-07,1.20058e-07,9.63016e-08
2.45062e-07,2.47933e-07,2.35171e-07,2.31087e-07,2.17606e-07,2.09665e-07,1.90168e-07,1.67932e-07,1.46242e-07,1.18684e-07,9.49926e-08
2.41109e-07,2.45353e-07,2.3212e-07,2.27873e-07,2.14028e-07,2.05816e-07,1.87132e-07,1.67026e-07,1.44462e-07,1.16433e-07,9.35557e-08
2.37457e-07,2.4018e-07,2.292e-07,2.24564e-07,2.10278e-07,2.03106e-07,1.84689e-07,1.64412e-07,1.42534e-07,1.1513e-07,9.20326e-08
2.34397e-07,2.38388e-07,2.26311e-07,2.21657e-07,2.08902e-07,2.00304e-07,1.81378e-07,1.6115e-07,1.41015e-07,1.13386e-07,9.08235e-08
2.30901e-07,2.33899e-07,2.23443e-07,2.18235e-07,2.04971e-07,1.96761e-07,1.78771e-07,1.58907e-07,1.38895e-07,1.11608e-07,8.91598e-08
