-0.00795978,-0.00827889,-0.00852366,-0.00870409,-0.00882436,-0.00890096,-0.00893324,-0.00893576,-0.00892422,-0.00890757,-0.0088967,-0.0088939,-0.008902,-0.00892095,-0.00893935,-0.0089343,-0.00890844,-0.00882744,-0.00870336,-0.00852848,-0.00826815,-0.00795604
-0.00763275,-0.00799226,-0.00827654,-0.00850655,-0.00868108,-0.00880636,-0.00887719,-0.00891459,-0.00893877,-0.00893863,-0.00893924,-0.00894265,-0.00894176,-0.00893645,-0.00891944,-0.00887774,-0.00880262,-0.00868611,-0.00851244,-0.00827725,-0.00798711,-0.00763088
-0.00728194,-0.00766157,-0.0079923,-0.00825738,-0.0084656,-0.00862365,-0.00873988,-0.00880882,-0.00885401,-0.00887269,-0.00888689,-0.00888181,-0.00887265,-0.0088507,-0.00881164,-0.00873801,-0.00863219,-0.00847121,-0.00825836,-0.00799533,-0.00765914,-0.00727785
-0.00687748,-0.0072826,-0.00763262,-0.00792948,-0.00817328,-0.00836365,-0.00850633,-0.00860092,-0.008665,-0.00869984,-0.00871946,-0.00871606,-0.00870417,-0.0086648,-0.00860311,-0.00850196,-0.00836443,-0.00817602,-0.00793332,-0.00763698,-0.00727974,-0.00687713
-0.00657927,-0.00700257,-0.00737557,-0.00769824,-0.0079694,-0.00818713,-0.00835503,-0.00847312,-0.00855624,-0.00860311,-0.00862947,-0.00862629,-0.00860819,-0.00855612,-0.00847481,-0.00835095,-0.00818784,-0.00797238,-0.00770199,-0.00737933,-0.00700019,-0.00657894
-0.00632268,-0.00676188,-0.00715668,-0.00749932,-0.0077948,-0.00803496,-0.00822354,-0.00836399,-0.00846117,-0.008518,-0.00855189,-0.00854599,-0.00852593,-0.00846063,-0.00836515,-0.00821771,-0.00803568,-0.00780012,-0.00750539,-0.00715938,-0.00676384,-0.00632586
-0.00602927,-0.006477,-0.00688173,-0.00724221,-0.0075533,-0.00781327,-0.00801953,-0.00817575,-0.00828614,-0.00835346,-0.00839101,-0.00838764,-0.0083588,-0.00828548,-0.00817587,-0.00801561,-0.00781368,-0.00755672,-0.00724441,-0.00688418,-0.00647461,-0.00602916
-0.00577852,-0.00623378,-0.00664924,-0.00702266,-0.00734805,-0.00762415,-0.00784563,-0.00801597,-0.00813674,-0.00821259,-0.00825468,-0.00825169,-0.00821815,-0.00813661,-0.00801499,-0.00784145,-0.0076246,-0.00735151,-0.00702457,-0.00665063,-0.00623096,-0.00577829
-0.00553901,-0.00599863,-0.00642185,-0.00680611,-0.00714335,-0.00743155,-0.00766519,-0.00784899,-0.00797941,-0.00806273,-0.00810767,-0.00810458,-0.00806669,-0.00797831,-0.00784836,-0.0076622,-0.00743255,-0.00714654,-0.00680693,-0.00642234,-0.00599674,-0.0055386
-0.00532342,-0.00578725,-0.00621639,-0.00660924,-0.00695708,-0.0072551,-0.0075,-0.0076964,-0.00783354,-0.00792243,-0.00797125,-0.00796852,-0.00792731,-0.00783389,-0.00769302,-0.007496,-0.00725576,-0.00696113,-0.00661008,-0.00621584,-0.00578475,-0.0053231
-0.00510574,-0.00557036,-0.00600241,-0.00640194,-0.00675467,-0.00706364,-0.0073165,-0.0075187,-0.00766575,-0.00775937,-0.0078112,-0.00780744,-0.00776275,-0.007664,-0.00751836,-0.00731372,-0.0070637,-0.00675709,-0.00640144,-0.00600262,-0.00556849,-0.00510724
-0.00491257,-0.00537771,-0.00581143,-0.00621735,-0.00657787,-0.00689023,-0.00715083,-0.00736533,-0.00751461,-0.00761608,-0.00766777,-0.00766477,-0.00761853,-0.00751389,-0.00736381,-0.00715095,-0.00689122,-0.00657912,-0.00621441,-0.0058133,-0.00537771,-0.00491398
-0.00471192,-0.00517396,-0.00560822,-0.00601362,-0.00637721,-0.00669571,-0.00696262,-0.0071797,-0.00733695,-0.00744117,-0.00749566,-0.00749346,-0.00744367,-0.0073359,-0.00717851,-0.00696253,-0.00669773,-0.00637857,-0.00601326,-0.00560699,-0.00517214,-0.00471258
-0.00453263,-0.00499192,-0.00542644,-0.00583487,-0.00620056,-0.00652519,-0.00679808,-0.00701671,-0.00718067,-0.00728722,-0.00734389,-0.00734051,-0.00728879,-0.00717897,-0.00701631,-0.00679526,-0.00652573,-0.00620103,-0.00583372,-0.00542643,-0.00499286,-0.00453504
-0.00435433,-0.0048099,-0.00524194,-0.00564958,-0.00601773,-0.00634342,-0.00661821,-0.00684391,-0.00700963,-0.00712069,-0.00717785,-0.00717523,-0.00712104,-0.00700849,-0.00684255,-0.00661848,-0.00634451,-0.00601752,-0.00564819,-0.00524101,-0.00481019,-0.00435595
-0.00420294,-0.00465645,-0.00508713,-0.00549577,-0.00586438,-0.00619286,-0.00647255,-0.00670059,-0.00687138,-0.00698337,-0.0070433,-0.00703956,-0.00698499,-0.00687014,-0.00670034,-0.00647138,-0.00619462,-0.00586358,-0.00549396,-0.00508541,-0.00465663,-0.00420427
-0.00405301,-0.00450244,-0.00493178,-0.00533725,-0.00570924,-0.00603836,-0.00631868,-0.00655159,-0.00672475,-0.00684055,-0.00690131,-0.00689829,-0.00683966,-0.0067239,-0.0065515,-0.00632109,-0.00603834,-0.0057083,-0.0053355,-0.00492842,-0.0045022,-0.00405566
-0.00390138,-0.00434358,-0.00476775,-0.0051742,-0.00554414,-0.0058728,-0.00615689,-0.00638875,-0.00656484,-0.00668266,-0.00674161,-0.00673993,-0.00668324,-0.00656467,-0.00638915,-0.00615686,-0.0058755,-0.00554275,-0.00517199,-0.00476585,-0.00434505,-0.00390199
-0.00376059,-0.00419688,-0.00461777,-0.00501963,-0.00538915,-0.00571947,-0.00600257,-0.00623768,-0.00641351,-0.00653425,-0.00659438,-0.00659272,-0.00653262,-0.00641447,-0.00623608,-0.00600391,-0.00572209,-0.00538895,-0.00501976,-0.00461636,-0.00419849,-0.00376189
-0.00363521,-0.00406605,-0.00448293,-0.00488461,-0.0052522,-0.00558273,-0.00586936,-0.00610277,-0.00628174,-0.00640315,-0.00646316,-0.00646062,-0.00640159,-0.00628124,-0.00610275,-0.00586749,-0.00558613,-0.00525179,-0.00488276,-0.00448354,-0.00406857,-0.0036353
-0.00350627,-0.00393088,-0.00434342,-0.00473921,-0.00510685,-0.00543612,-0.00572002,-0.00595694,-0.00613561,-0.00625829,-0.00631951,-0.00631816,-0.00625626,-0.00613683,-0.00595556,-0.0057219,-0.00543833,-0.00510604,-0.00474011,-0.00434216,-0.00393232,-0.00350705
-0.0033905,-0.00380901,-0.00421705,-0.00461226,-0.00497608,-0.00530513,-0.0055927,-0.00582491,-0.00600804,-0.00612803,-0.00619031,-0.0061878,-0.00612751,-0.00600637,-0.00582558,-0.00558948,-0.00530633,-0.00497343,-0.00461094,-0.00421694,-0.00381203,-0.0033917
-0.00328049,-0.00369185,-0.0040963,-0.0044845,-0.00484894,-0.00517648,-0.0054593,-0.0056986,-0.00587778,-0.00600048,-0.00606329,-0.00606288,-0.00599846,-0.00587824,-0.00569581,-0.00546257,-0.00517671,-0.00484581,-0.00448612,-0.00409525,-0.00369415,-0.00328159
-0.00317281,-0.00357949,-0.00397732,-0.00436355,-0.00472445,-0.00504855,-0.00533363,-0.0055685,-0.00575197,-0.00587319,-0.00593504,-0.00593447,-0.00587312,-0.00575171,-0.00556853,-0.00533418,-0.00505058,-0.00472117,-0.00436332,-0.00397544,-0.00358064,-0.00317248
-0.0030672,-0.00346837,-0.00386152,-0.00424195,-0.00460071,-0.004925,-0.00520669,-0.00544357,-0.00562238,-0.00574562,-0.00580926,-0.00580694,-0.00574558,-0.00562277,-0.00544203,-0.00520732,-0.00492514,-0.00459862,-0.00424349,-0.00386056,-0.00347131,-0.00306949
-0.00295892,-0.0033507,-0.00373756,-0.00411392,-0.00446772,-0.00478815,-0.00506851,-0.00530289,-0.00548347,-0.00560505,-0.00566751,-0.00566677,-0.00560474,-0.00548276,-0.0053025,-0.00506934,-0.0047887,-0.00446599,-0.00411338,-0.00373755,-0.003352,-0.00295841
-0.00287242,-0.00325814,-0.00363987,-0.00401088,-0.00436381,-0.00468123,-0.00495978,-0.00519483,-0.0053747,-0.0054951,-0.00555891,-0.00555893,-0.00549501,-0.0053738,-0.00519346,-0.00496184,-0.00468048,-0.00436075,-0.0040117,-0.00363864,-0.00325732,-0.00287135
-0.00277906,-0.00315765,-0.00353416,-0.00390153,-0.00424844,-0.00456543,-0.0048428,-0.00507438,-0.00525379,-0.00537451,-0.00543671,-0.00543562,-0.00537437,-0.00525141,-0.00507448,-0.00484264,-0.00456546,-0.00424757,-0.00390045,-0.00353616,-0.0031586,-0.00277732
-0.00269111,-0.00306421,-0.00343496,-0.00379539,-0.0041402,-0.00445263,-0.00472661,-0.00495814,-0.00513666,-0.00525731,-0.00532007,-0.0053196,-0.00525702,-0.00513687,-0.00495775,-0.00472867,-0.0044527,-0.00413825,-0.00379735,-0.00343358,-0.00306422,-0.00269046
-0.00261309,-0.00297888,-0.00334492,-0.0037031,-0.00404267,-0.00435203,-0.00462437,-0.00485342,-0.00503305,-0.00515279,-0.00521386,-0.00521388,-0.00515289,-0.0050326,-0.00485451,-0.00462595,-0.00435305,-0.00404184,-0.00370269,-0.00334407,-0.00297966,-0.00261126
-0.00252886,-0.00288888,-0.00324855,-0.00359919,-0.00393511,-0.00424207,-0.00451086,-0.00473922,-0.00491533,-0.00503489,-0.00509683,-0.0050966,-0.00503473,-0.00491563,-0.00473884,-0.00451265,-0.00424119,-0.00393428,-0.00360067,-0.00324736,-0.00288845,-0.00252756
-0.00244768,-0.00280008,-0.00315349,-0.00349941,-0.00383027,-0.00413342,-0.00440057,-0.00462496,-0.00480056,-0.00491849,-0.00497958,-0.0049794,-0.00491812,-0.00479981,-0.00462536,-0.00440067,-0.00413279,-0.00382941,-0.00349997,-0.00315356,-0.00280098,-0.00244622
-0.0023728,-0.00271877,-0.00306624,-0.00340708,-0.00373299,-0.00403268,-0.00429662,-0.00451923,-0.00469325,-0.0048106,-0.0048711,-0.00487059,-0.00481019,-0.00469244,-0.00451976,-0.0042969,-0.00403227,-0.00373225,-0.00340745,-0.00306633,-0.00271913,-0.00237139
-0.00230141,-0.00264064,-0.0029823,-0.0033179,-0.00363916,-0.00393543,-0.00419608,-0.00441617,-0.00458865,-0.00470514,-0.00476525,-0.00476472,-0.0047047,-0.00458818,-0.00441714,-0.00419643,-0.00393453,-0.00363853,-0.00331833,-0.00298259,-0.00264096,-0.00229999
-0.00223449,-0.00256735,-0.00290311,-0.00323375,-0.00354979,-0.0038429,-0.00410096,-0.00431935,-0.00448932,-0.00460485,-0.00466393,-0.00466323,-0.0046044,-0.00448737,-0.00431943,-0.0041008,-0.00384227,-0.00355012,-0.00323328,-0.00290429,-0.00256715,-0.00223231
-0.00216676,-0.00249352,-0.00282281,-0.00314817,-0.00345994,-0.00374832,-0.00400262,-0.00421859,-0.00438746,-0.00450192,-0.00456016,-0.00455969,-0.00450094,-0.00438636,-0.00421957,-0.0040031,-0.00374727,-0.00345955,-0.00314835,-0.00282295,-0.00249336,-0.00216504
-0.00210082,-0.00242151,-0.00274538,-0.00306436,-0.00337098,-0.00365511,-0.00390734,-0.00411963,-0.00428625,-0.00439924,-0.00445815,-0.00445718,-0.00439962,-0.00428616,-0.00412024,-0.00390685,-0.00365441,-0.00337105,-0.0030649,-0.00274593,-0.0024214,-0.00209986
-0.00203823,-0.00235193,-0.00267009,-0.0029833,-0.00328511,-0.00356482,-0.00381329,-0.00402311,-0.0041877,-0.00429976,-0.00435737,-0.00435684,-0.00429929,-0.00418744,-0.0040237,-0.00381297,-0.00356433,-0.00328511,-0.00298385,-0.00267038,-0.0023522,-0.0020367
-0.00197918,-0.00228636,-0.00259845,-0.00290636,-0.00320303,-0.00347895,-0.00372345,-0.00393164,-0.00409362,-0.00420443,-0.00426065,-0.00426071,-0.00420425,-0.00409231,-0.00393154,-0.00372329,-0.00347875,-0.00320366,-0.0029069,-0.0025987,-0.00228627,-0.00197764
-0.00192251,-0.00222414,-0.00253005,-0.00283199,-0.00312576,-0.00339669,-0.00363817,-0.00384243,-0.00400336,-0.00411216,-0.0041674,-0.00416877,-0.00411096,-0.00400214,-0.00384299,-0.00363751,-0.00339638,-0.0031254,-0.0028331,-0.00252998,-0.00222481,-0.00192117
-0.00186258,-0.00215713,-0.00245684,-0.00275338,-0.0030407,-0.00330743,-0.00354436,-0.00374585,-0.00390414,-0.00401194,-0.0040668,-0.00406691,-0.00401079,-0.00390363,-0.00374669,-0.00354438,-0.00330662,-0.0030403,-0.00275413,-0.00245744,-0.00215709,-0.0018613
-0.00180788,-0.00209599,-0.00239005,-0.0026811,-0.00296301,-0.00322526,-0.00345889,-0.00365711,-0.00381293,-0.00391951,-0.00397358,-0.00397365,-0.00391882,-0.00381269,-0.00365793,-0.00345859,-0.00322478,-0.00296295,-0.00268171,-0.00239052,-0.00209625,-0.00180685
-0.00175559,-0.00203752,-0.0023261,-0.00261092,-0.00288845,-0.00314539,-0.00337583,-0.0035713,-0.00372496,-0.00383021,-0.00388276,-0.00388326,-0.00382901,-0.00372446,-0.00357186,-0.00337569,-0.00314549,-0.00288795,-0.00261221,-0.00232607,-0.00203775,-0.00175424
-0.0017032,-0.00197902,-0.00226144,-0.0025412,-0.00281303,-0.00306601,-0.00329202,-0.00348438,-0.00363533,-0.00373929,-0.00379147,-0.00379167,-0.00373791,-0.00363517,-0.00348488,-0.00329189,-0.00306573,-0.0028127,-0.00254176,-0.00226165,-0.00197924,-0.00170216
-0.00165619,-0.00192613,-0.00220363,-0.00247858,-0.00274545,-0.0029944,-0.00321676,-0.00340611,-0.00355479,-0.00365768,-0.00370973,-0.00370915,-0.00365605,-0.00355637,-0.00340701,-0.00321722,-0.00299352,-0.00274508,-0.00247841,-0.00220421,-0.00192682,-0.001655
-0.00160519,-0.00186906,-0.00213966,-0.00240822,-0.00267014,-0.0029139,-0.00313256,-0.00331832,-0.00346448,-0.00356498,-0.00361594,-0.00361576,-0.00356425,-0.00346443,-0.00331907,-0.0031322,-0.00291364,-0.00266993,-0.00240878,-0.00214003,-0.00186915,-0.00160425
-0.00155951,-0.00181788,-0.00208365,-0.00234685,-0.00260334,-0.00284238,-0.00305781,-0.00324068,-0.00338416,-0.00348339,-0.00353369,-0.00353318,-0.00348257,-0.00338419,-0.00324101,-0.00305753,-0.00284243,-0.00260318,-0.00234663,-0.00208331,-0.00181793,-0.00155815
-0.00151352,-0.00176592,-0.00202504,-0.00228259,-0.00253486,-0.0027691,-0.00298044,-0.00316011,-0.00330108,-0.00339863,-0.00344801,-0.00344756,-0.00339748,-0.00330143,-0.00316042,-0.00298015,-0.00276925,-0.00253465,-0.00228298,-0.00202516,-0.00176584,-0.00151224
-0.00146972,-0.00171604,-0.00196962,-0.00222184,-0.00246914,-0.00269952,-0.00290681,-0.00308239,-0.00322152,-0.00331728,-0.00336534,-0.0033656,-0.00331686,-0.00322191,-0.00308299,-0.00290633,-0.00269901,-0.00246885,-0.00222309,-0.00197006,-0.0017166,-0.00146947
-0.00142834,-0.00166931,-0.00191816,-0.00216536,-0.00240741,-0.00263321,-0.00283703,-0.00300998,-0.00314622,-0.00324097,-0.00328821,-0.00328824,-0.00324028,-0.0031465,-0.00301026,-0.00283647,-0.00263311,-0.0024071,-0.00216582,-0.00191799,-0.00166979,-0.00142779
-0.00138624,-0.00162171,-0.00186451,-0.00210603,-0.00234359,-0.00256519,-0.00276477,-0.00293374,-0.00306841,-0.00316067,-0.0032071,-0.00320734,-0.00316021,-0.00306866,-0.00293445,-0.00276413,-0.0025645,-0.00234319,-0.00210732,-0.0018649,-0.00162221,-0.00138615
-0.00134719,-0.00157676,-0.00181469,-0.00205111,-0.0022838,-0.00250061,-0.00269708,-0.0028631,-0.00299469,-0.00308547,-0.00313153,-0.00313134,-0.00308541,-0.00299529,-0.00286382,-0.00269668,-0.00250041,-0.00228373,-0.0020518,-0.00181499,-0.00157724,-0.0013467
-0.0013098,-0.00153449,-0.00176754,-0.001998,-0.00222665,-0.00243825,-0.00263142,-0.00279491,-0.00292414,-0.00301361,-0.00305827,-0.00305847,-0.00301312,-0.0029238,-0.00279514,-0.00263093,-0.00243909,-0.00222627,-0.00199968,-0.0017669,-0.00153472,-0.00130912
-0.00126977,-0.00148941,-0.00171664,-0.00194266,-0.00216571,-0.00237364,-0.0025622,-0.00272221,-0.00284872,-0.00293645,-0.00298071,-0.00298064,-0.0029359,-0.00284947,-0.0027223,-0.0025617,-0.00237348,-0.00216553,-0.00194326,-0.00171655,-0.0014897,-0.00126924
-0.00123244,-0.00144681,-0.0016689,-0.00188974,-0.00210787,-0.00231135,-0.00249593,-0.00265285,-0.00277703,-0.00286299,-0.00290639,-0.00290629,-0.0028624,-0.00277759,-0.00265307,-0.0024957,-0.00231126,-0.00210775,-0.00189043,-0.00166885,-0.00144707,-0.00123202
-0.00119918,-0.00140879,-0.00162643,-0.00184242,-0.00205638,-0.00225571,-0.00243714,-0.00259112,-0.00271308,-0.00279764,-0.00284005,-0.00284032,-0.00279717,-0.00271387,-0.00259145,-0.00243671,-0.0022558,-0.00205612,-0.00184341,-0.0016264,-0.00140942,-0.00119885
-0.00116402,-0.00136873,-0.00158124,-0.00179297,-0.00200174,-0.00219718,-0.00237438,-0.00252516,-0.0026447,-0.00272752,-0.0027697,-0.00276918,-0.00272694,-0.00264586,-0.00252533,-0.00237418,-0.00219666,-0.00200158,-0.00179301,-0.00158157,-0.00136933,-0.00116374
-0.00113013,-0.00132994,-0.00153741,-0.00174384,-0.00194828,-0.00213919,-0.00231294,-0.00246059,-0.0025775,-0.00265877,-0.0026997,-0.0026997,-0.0026583,-0.00257827,-0.00246053,-0.0023126,-0.00213909,-0.00194814,-0.00174446,-0.00153711,-0.00133016,-0.00112989
-0.00109737,-0.00129233,-0.00149503,-0.00169652,-0.00189648,-0.00208321,-0.00225321,-0.00239787,-0.00251249,-0.00259204,-0.00263214,-0.00263212,-0.00259151,-0.00251315,-0.00239789,-0.00225293,-0.00208309,-0.00189638,-0.00169713,-0.00149469,-0.00129257,-0.00109711
-0.00106743,-0.00125802,-0.00145634,-0.00165346,-0.00184923,-0.00203221,-0.00219869,-0.00234059,-0.00245291,-0.00253093,-0.00257041,-0.00257034,-0.00253057,-0.00245366,-0.0023405,-0.00219835,-0.00203202,-0.00184916,-0.00165402,-0.001456,-0.00125829,-0.00106722
-0.00103878,-0.00122491,-0.00141873,-0.00161155,-0.00180356,-0.00198241,-0.00214554,-0.00228512,-0.00239525,-0.00247196,-0.00251044,-0.0025102,-0.00247094,-0.00239588,-0.00228497,-0.00214561,-0.00198254,-0.0018034,-0.00161199,-0.0014183,-0.00122495,-0.00103831
-0.00100727,-0.00118896,-0.00137818,-0.00156637,-0.00175339,-0.00192837,-0.002088,-0.00222388,-0.00233163,-0.00240672,-0.00244442,-0.0024444,-0.00240612,-0.00233242,-0.00222375,-0.00208773,-0.00192823,-0.00175342,-0.00156684,-0.00137761,-0.00118916,-0.00100702
-0.000978114,-0.00115543,-0.00134001,-0.00152372,-0.00170649,-0.00187755,-0.00203358,-0.00216658,-0.00227215,-0.00234547,-0.00238246,-0.00238244,-0.00234505,-0.0022728,-0.00216651,-0.00203331,-0.00187742,-0.00170645,-0.00152424,-0.00133954,-0.00115563,-0.000977965
-0.000950972,-0.00112408,-0.00130473,-0.00148406,-0.00166291,-0.00183006,-0.00198301,-0.00211333,-0.00221662,-0.00228861,-0.00232456,-0.0023249,-0.0022883,-0.00221757,-0.00211332,-0.00198271,-0.00183011,-0.00166277,-0.00148476,-0.00130419,-0.00112463,-0.000950966
-0.000924031,-0.00109313,-0.00126922,-0.00144465,-0.00161924,-0.00178295,-0.0019323,-0.0020598,-0.00216104,-0.00223133,-0.00226683,-0.00226684,-0.00223097,-0.00216165,-0.00205971,-0.00193206,-0.00178284,-0.00161926,-0.00144509,-0.00126873,-0.00109333,-0.000923924
-0.000899,-0.00106442,-0.00123665,-0.0014081,-0.00157871,-0.00173923,-0.00188531,-0.00201003,-0.00210945,-0.00217818,-0.00221305,-0.00221281,-0.00217792,-0.00211007,-0.00201,-0.001885,-0.00173879,-0.00157886,-0.00140845,-0.00123609,-0.00106459,-0.000898784
-0.000873941,-0.00103522,-0.00120337,-0.001371,-0.00153785,-0.00169433,-0.00183733,-0.00195979,-0.00205653,-0.00212401,-0.00215817,-0.00215819,-0.00212384,-0.00205727,-0.00195955,-0.00183734,-0.00169433,-0.00153795,-0.00137132,-0.00120286,-0.00103552,-0.000873829
-0.000849006,-0.0010063,-0.00117032,-0.00133393,-0.00149695,-0.00164999,-0.00178969,-0.00190926,-0.00200424,-0.00207012,-0.00210351,-0.00210349,-0.00206985,-0.00200479,-0.00190912,-0.00178956,-0.00164977,-0.00149685,-0.0013343,-0.00116988,-0.00100655,-0.000848934
-0.000826665,-0.000980347,-0.00114046,-0.00130072,-0.00146014,-0.00160997,-0.0017468,-0.00186377,-0.00195689,-0.00202144,-0.00205414,-0.00205426,-0.00202123,-0.00195738,-0.0018636,-0.00174657,-0.00160967,-0.00145994,-0.00130112,-0.00114018,-0.000980548,-0.000826625
-0.000802364,-0.0009525,-0.00110869,-0.00126506,-0.00142045,-0.00156687,-0.00170032,-0.00181481,-0.00190584,-0.00196891,-0.00200098,-0.00200085,-0.00196875,-0.00190625,-0.00181479,-0.00170018,-0.00156669,-0.00142043,-0.00126529,-0.00110838,-0.00095273,-0.00080231
-0.000780035,-0.000926692,-0.00107906,-0.0012319,-0.00138355,-0.00152684,-0.0016572,-0.00176902,-0.00185832,-0.00191991,-0.00195131,-0.00195119,-0.00191968,-0.00185852,-0.00176909,-0.00165699,-0.00152663,-0.00138358,-0.00123221,-0.00107883,-0.000926776,-0.00077993
-0.000759083,-0.000902403,-0.00105151,-0.00120066,-0.00134908,-0.00148917,-0.00161681,-0.00172648,-0.00181346,-0.00187395,-0.00190449,-0.00190472,-0.00187368,-0.00181402,-0.0017263,-0.00161665,-0.00148893,-0.00134923,-0.00120092,-0.00105108,-0.000902542,-0.000759103
-0.000737594,-0.000877362,-0.0010226,-0.0011686,-0.00131319,-0.00144991,-0.00157473,-0.00168168,-0.00176675,-0.00182604,-0.00185607,-0.00185598,-0.00182578,-0.00176717,-0.00168148,-0.00157449,-0.00144967,-0.00131301,-0.0011687,-0.00102229,-0.000877455,-0.00073738
-0.000716595,-0.000852989,-0.000994766,-0.00113707,-0.00127839,-0.00141191,-0.00153387,-0.00163848,-0.00172163,-0.00177946,-0.00180888,-0.00180884,-0.00177933,-0.00172207,-0.0016384,-0.00153368,-0.00141187,-0.0012784,-0.00113729,-0.000994372,-0.000853122,-0.000716584
-0.000696838,-0.000829892,-0.000968291,-0.00110733,-0.00124514,-0.00137576,-0.0014948,-0.00159713,-0.00167848,-0.00173502,-0.00176377,-0.00176375,-0.0017349,-0.00167888,-0.00159713,-0.0014947,-0.00137563,-0.00124524,-0.00110748,-0.000967944,-0.000830066,-0.00069673
-0.000678401,-0.000808541,-0.000943711,-0.00107965,-0.00121439,-0.00134211,-0.0014586,-0.00155857,-0.0016383,-0.00169359,-0.00172181,-0.00172178,-0.00169335,-0.00163859,-0.00155847,-0.00145845,-0.00134181,-0.00121429,-0.00107982,-0.000943521,-0.000808564,-0.00067829
-0.000658991,-0.000785915,-0.000917752,-0.00105036,-0.00118182,-0.00130655,-0.00142026,-0.00151806,-0.00159581,-0.0016499,-0.00167744,-0.00167742,-0.00164975,-0.00159614,-0.00151797,-0.00142017,-0.00130644,-0.00118186,-0.00105047,-0.000917464,-0.000786018,-0.000658944
-0.000640825,-0.000764801,-0.000893418,-0.00102294,-0.00115128,-0.00127314,-0.00138425,-0.00147986,-0.00155586,-0.00160865,-0.00163569,-0.00163565,-0.0016086,-0.00155615,-0.00147977,-0.00138414,-0.00127304,-0.00115135,-0.00102312,-0.000893217,-0.000764888,-0.000640766
-0.000623498,-0.000744524,-0.000870155,-0.000996673,-0.00112201,-0.0012411,-0.00134969,-0.00144318,-0.00151754,-0.00156924,-0.00159561,-0.00159564,-0.0015691,-0.00151775,-0.00144307,-0.00134963,-0.00124099,-0.00112208,-0.000996796,-0.00086995,-0.000744653,-0.000623436
-0.000606247,-0.000724448,-0.000846998,-0.000970558,-0.00109291,-0.00120925,-0.00131529,-0.00140667,-0.00147932,-0.00152981,-0.00155563,-0.00155562,-0.00152975,-0.00147952,-0.00140659,-0.00131523,-0.00120914,-0.00109296,-0.000970696,-0.000846846,-0.000724519,-0.000606198
-0.000590024,-0.00070555,-0.00082522,-0.000945977,-0.00106545,-0.00117924,-0.00128296,-0.0013722,-0.00144319,-0.00149268,-0.00151797,-0.00151794,-0.00149261,-0.00144345,-0.0013721,-0.00128283,-0.0011791,-0.0010656,-0.000946127,-0.000825056,-0.000705585,-0.000590003
-0.00057394,-0.000686696,-0.000803494,-0.000921367,-0.00103808,-0.00114923,-0.00125045,-0.00133779,-0.00140722,-0.00145545,-0.00148021,-0.00148026,-0.00145546,-0.00140734,-0.00133775,-0.00125035,-0.00114909,-0.00103813,-0.000921573,-0.000803417,-0.000686762,-0.000573906
-0.000558431,-0.000668575,-0.00078264,-0.000897804,-0.00101177,-0.00112027,-0.00121926,-0.00130465,-0.00137249,-0.00141968,-0.00144391,-0.00144383,-0.00141967,-0.0013726,-0.00130454,-0.00121921,-0.00112021,-0.0010118,-0.000897936,-0.0007825,-0.000668639,-0.000558402
-0.000543642,-0.000651152,-0.000762643,-0.000875193,-0.000986522,-0.00109256,-0.0011892,-0.00127272,-0.00133909,-0.00138523,-0.00140887,-0.00140892,-0.00138524,-0.00133925,-0.00127257,-0.00118928,-0.00109245,-0.000986437,-0.000875317,-0.000762544,-0.000651228,-0.000543543
-0.000528849,-0.000633977,-0.000742815,-0.000852559,-0.000961298,-0.00106494,-0.00115949,-0.00124101,-0.00130579,-0.00135097,-0.00137415,-0.00137408,-0.00135096,-0.00130597,-0.00124095,-0.00115938,-0.00106488,-0.000961361,-0.000852733,-0.000742591,-0.000634029,-0.000528782
-0.000514643,-0.00061737,-0.000723632,-0.000830953,-0.000937137,-0.00103838,-0.00113051,-0.00121041,-0.00127391,-0.00131784,-0.00134059,-0.00134046,-0.00131799,-0.00127388,-0.00121042,-0.00113062,-0.00103828,-0.000937123,-0.00083107,-0.000723604,-0.000617487,-0.000514635
-0.000500474,-0.000600749,-0.000704489,-0.000809194,-0.000912851,-0.00101172,-0.00110181,-0.00117969,-0.00124163,-0.00128477,-0.00130682,-0.00130687,-0.00128475,-0.00124169,-0.00117965,-0.00110179,-0.00101163,-0.000912863,-0.000809293,-0.000704281,-0.000600818,-0.000500493
-0.00048681,-0.000584735,-0.000686017,-0.000788262,-0.000889406,-0.000985918,-0.00107392,-0.00115,-0.00121055,-0.00125259,-0.00127429,-0.00127426,-0.00125267,-0.0012106,-0.00114996,-0.00107393,-0.000985855,-0.000889447,-0.000788431,-0.000685946,-0.000584832,-0.000486767
-0.000474033,-0.000569827,-0.000668751,-0.000768661,-0.000867462,-0.000961905,-0.00104797,-0.00112231,-0.00118138,-0.00122257,-0.0012438,-0.00124378,-0.00122265,-0.00118147,-0.00112226,-0.00104787,-0.000961841,-0.000867545,-0.000768834,-0.000668616,-0.000569904,-0.000474061
-0.00046138,-0.0005549,-0.000651576,-0.000749191,-0.000845733,-0.0009378,-0.00102183,-0.00109457,-0.00115243,-0.00119264,-0.00121339,-0.00121337,-0.0011927,-0.00115243,-0.00109449,-0.00102192,-0.000937799,-0.000845799,-0.000749321,-0.00065163,-0.000555038,-0.000461339
-0.000448933,-0.000540338,-0.000634761,-0.000729968,-0.000824256,-0.000914236,-0.000996338,-0.00106733,-0.00112381,-0.00116311,-0.00118345,-0.0011834,-0.00116316,-0.00112381,-0.00106735,-0.000996334,-0.000914209,-0.000824269,-0.000730238,-0.000634618,-0.000540449,-0.000448945
-0.000436955,-0.000526149,-0.000618426,-0.00071143,-0.000803498,-0.000891359,-0.000971487,-0.00104091,-0.00109614,-0.00113451,-0.00115432,-0.00115431,-0.00113457,-0.00109612,-0.00104086,-0.000971551,-0.000891295,-0.000803485,-0.000711613,-0.000618364,-0.000526273,-0.000436924
-0.000425355,-0.000512593,-0.000602775,-0.000693616,-0.000783442,-0.000869382,-0.000947671,-0.00101552,-0.00106944,-0.00110706,-0.00112637,-0.00112642,-0.00110712,-0.00106946,-0.0010155,-0.000947708,-0.000869334,-0.000783538,-0.000693793,-0.000602612,-0.000512701,-0.000425354
-0.000414035,-0.000499258,-0.00058732,-0.000676029,-0.000763842,-0.000847695,-0.000924144,-0.000990438,-0.00104318,-0.00107983,-0.00109882,-0.00109879,-0.00107993,-0.00104315,-0.000990441,-0.000924185,-0.000847644,-0.000763829,-0.000676239,-0.00058722,-0.000499388,-0.000413997
-0.000403093,-0.000486409,-0.000572474,-0.000659062,-0.000744843,-0.000826747,-0.000901506,-0.000966247,-0.00101779,-0.00105361,-0.00107211,-0.00107213,-0.00105368,-0.00101778,-0.000966251,-0.000901516,-0.000826691,-0.000744815,-0.000659231,-0.000572305,-0.000486523,-0.00040305
-0.000392523,-0.000473968,-0.000558077,-0.000642752,-0.000726515,-0.000806539,-0.000879608,-0.000942917,-0.000993202,-0.00102828,-0.0010463,-0.00104636,-0.00102831,-0.000993209,-0.00094287,-0.000879581,-0.000806491,-0.000726529,-0.000642818,-0.000558,-0.000474062,-0.00039247
-0.000382189,-0.00046179,-0.000543986,-0.000626631,-0.000708503,-0.000786632,-0.000858019,-0.000919853,-0.000969046,-0.00100328,-0.00102101,-0.00102097,-0.00100334,-0.00096902,-0.000919832,-0.00085802,-0.000786618,-0.000708459,-0.00062682,-0.000543869,-0.000461893,-0.000382155
-0.000371994,-0.000449766,-0.000530063,-0.000610825,-0.000690734,-0.000767036,-0.000836726,-0.000897131,-0.000945205,-0.000978672,-0.000995961,-0.000995932,-0.00097874,-0.00094517,-0.000897107,-0.000836736,-0.000766998,-0.00069076,-0.000610961,-0.000529975,-0.000449877,-0.000371962
-0.000362293,-0.000438303,-0.000516771,-0.000595689,-0.000673713,-0.00074827,-0.000816398,-0.000875371,-0.000922414,-0.000955109,-0.000972011,-0.000972,-0.000955178,-0.000922385,-0.000875362,-0.000816404,-0.000748232,-0.000673761,-0.000595826,-0.00051669,-0.000438411,-0.00036225
-0.000352853,-0.000427231,-0.000503909,-0.000581053,-0.000657315,-0.000730112,-0.000796673,-0.000854357,-0.00090027,-0.0009322,-0.000948824,-0.000948759,-0.000932313,-0.000900251,-0.000854322,-0.000796664,-0.000730121,-0.00065731,-0.000581173,-0.000503846,-0.000427321,-0.00035287
-0.000343563,-0.000416225,-0.000491206,-0.000566475,-0.000640947,-0.000712128,-0.000777118,-0.000833453,-0.000878306,-0.000909611,-0.000925698,-0.000925725,-0.000909637,-0.000878304,-0.000833442,-0.000777094,-0.000712094,-0.000640987,-0.00056658,-0.000491126,-0.000416333,-0.000343551
-0.000334684,-0.000405723,-0.00047898,-0.000552651,-0.000625371,-0.000694857,-0.000758335,-0.000813444,-0.000857296,-0.000887817,-0.000903604,-0.000903595,-0.000887884,-0.000857262,-0.000813418,-0.000758402,-0.000694836,-0.000625391,-0.000552714,-0.000478918,-0.0004058,-0.00033461
-0.000326124,-0.000395628,-0.000467243,-0.00053909,-0.000610197,-0.000678156,-0.000740277,-0.000794086,-0.000836895,-0.000866802,-0.000882276,-0.000882199,-0.000866793,-0.00083692,-0.000794098,-0.000740244,-0.000678188,-0.0006102,-0.00053923,-0.000467093,-0.000395657,-0.000326075
-0.000317562,-0.000385545,-0.000455554,-0.0005259,-0.000595337,-0.000661655,-0.000722252,-0.000774861,-0.000816774,-0.000845926,-0.000861019,-0.000861034,-0.000846032,-0.00081672,-0.000774832,-0.000722336,-0.000661627,-0.000595379,-0.000525964,-0.000455511,-0.000385636,-0.000317592
-0.000309274,-0.000375679,-0.00044412,-0.000512784,-0.000580629,-0.000645426,-0.000704633,-0.000756005,-0.000796941,-0.000825449,-0.000840181,-0.000840173,-0.000825488,-0.000796896,-0.000756014,-0.000704675,-0.000645392,-0.000580642,-0.00051288,-0.000444024,-0.00037577,-0.000309269
-0.000301416,-0.000366358,-0.000433332,-0.00050044,-0.000566735,-0.000630037,-0.000687957,-0.000738178,-0.000778177,-0.000806036,-0.00082045,-0.000820445,-0.000806098,-0.000778136,-0.000738178,-0.00068799,-0.000630037,-0.000566729,-0.000500536,-0.00043322,-0.000366472,-0.000301384
-0.000293576,-0.000357119,-0.000422567,-0.00048817,-0.000552931,-0.000614814,-0.000671356,-0.000720407,-0.00075952,-0.000786767,-0.00080085,-0.000800835,-0.000786806,-0.000759497,-0.000720403,-0.000671388,-0.000614799,-0.00055293,-0.000488235,-0.000422462,-0.000357195,-0.000293614
-0.000286216,-0.000348361,-0.000412347,-0.000476555,-0.000539825,-0.00060034,-0.000655576,-0.000703629,-0.000741795,-0.000768462,-0.000782224,-0.000782226,-0.000768503,-0.000741774,-0.000703561,-0.000655615,-0.000600342,-0.000539871,-0.00047661,-0.00041229,-0.000348407,-0.000286169
-0.000278905,-0.000339744,-0.000402315,-0.00046501,-0.000526893,-0.000585986,-0.000640024,-0.000686912,-0.00072425,-0.000750313,-0.000763838,-0.000763765,-0.000750371,-0.000724244,-0.000686892,-0.00064006,-0.000586025,-0.000526872,-0.000465097,-0.000402208,-0.000339782,-0.000278926
-0.000271732,-0.000331159,-0.00039234,-0.000453641,-0.000514068,-0.000571793,-0.000624653,-0.000670396,-0.000706904,-0.000732376,-0.000745527,-0.000745514,-0.000732405,-0.000706898,-0.000670387,-0.000624646,-0.000571773,-0.000514106,-0.000453707,-0.000392269,-0.00033125,-0.000271719
-0.000264749,-0.000322889,-0.000382724,-0.000442625,-0.000501692,-0.000558105,-0.000609663,-0.000654403,-0.000690105,-0.000714988,-0.000727849,-0.000727823,-0.000715008,-0.000690097,-0.000654429,-0.000609727,-0.000558087,-0.000501727,-0.000442716,-0.000382651,-0.000322945,-0.000264726
-0.000258121,-0.00031499,-0.00037356,-0.000432158,-0.000489893,-0.000545036,-0.000595434,-0.00063916,-0.000674105,-0.000698406,-0.000710977,-0.000710958,-0.000698431,-0.000674043,-0.000639235,-0.000595496,-0.000544975,-0.000489923,-0.000432223,-0.000373469,-0.000315048,-0.000258108
-0.000251613,-0.000307279,-0.000364585,-0.000421884,-0.000478339,-0.000532203,-0.000581504,-0.000624275,-0.000658344,-0.000682147,-0.000694428,-0.000694446,-0.000682187,-0.000658349,-0.000624258,-0.000581533,-0.000532189,-0.000478354,-0.000421929,-0.000364481,-0.00030734,-0.000251604
-0.000245275,-0.000299763,-0.000355718,-0.000411887,-0.000467054,-0.000519711,-0.000567829,-0.000609695,-0.000643009,-0.000666257,-0.00067828,-0.000678258,-0.000666294,-0.000642978,-0.000609645,-0.000567924,-0.000519687,-0.000467027,-0.000411921,-0.000355729,-0.000299799,-0.000245237
-0.000239046,-0.000292332,-0.000347162,-0.000401948,-0.000455886,-0.00050738,-0.00055442,-0.000595281,-0.000627862,-0.000650572,-0.000662399,-0.000662328,-0.000650623,-0.000627836,-0.000595298,-0.000554481,-0.000507354,-0.000455874,-0.000402027,-0.000347094,-0.000292336,-0.000239075
-0.000232956,-0.000285135,-0.000338707,-0.000392276,-0.000444996,-0.000495309,-0.00054128,-0.000581191,-0.00061306,-0.000635276,-0.000646784,-0.000646726,-0.000635296,-0.000613061,-0.000581213,-0.000541338,-0.000495289,-0.000444993,-0.000392346,-0.00033865,-0.000285168,-0.000232976
-0.000227198,-0.000278219,-0.000330668,-0.000383089,-0.000434623,-0.00048381,-0.000528766,-0.000567766,-0.000598949,-0.000620634,-0.000631932,-0.000631867,-0.000620682,-0.000598915,-0.00056784,-0.000528828,-0.000483757,-0.000434628,-0.000383156,-0.000330611,-0.000278253,-0.000227186
-0.000221585,-0.000271535,-0.000322836,-0.000374163,-0.000424581,-0.000472668,-0.000516582,-0.000554745,-0.000585231,-0.00060647,-0.000617452,-0.000617403,-0.000606527,-0.000585157,-0.000554769,-0.00051666,-0.000472618,-0.000424577,-0.000374181,-0.000322823,-0.000271558,-0.000221568
-0.000215905,-0.000264738,-0.000314916,-0.000365083,-0.000414318,-0.000461298,-0.000504222,-0.000541499,-0.000571272,-0.000592016,-0.000602762,-0.000602721,-0.000592057,-0.000571232,-0.000541532,-0.000504286,-0.000461265,-0.000414326,-0.000365117,-0.000314889,-0.000264756,-0.000215882
-0.000210641,-0.000258494,-0.000307577,-0.000356722,-0.00040488,-0.000450793,-0.0004928,-0.000529295,-0.00055835,-0.000578696,-0.000589148,-0.000589127,-0.000578715,-0.00055835,-0.000529291,-0.000492864,-0.000450797,-0.000404899,-0.000356686,-0.000307583,-0.000258513,-0.000210597
-0.000205417,-0.000252247,-0.000300291,-0.000348289,-0.000395442,-0.000440349,-0.000481391,-0.000517038,-0.000545475,-0.000565333,-0.000575638,-0.000575572,-0.000565346,-0.000545474,-0.000517063,-0.000481439,-0.000440339,-0.000395416,-0.000348353,-0.00030027,-0.000252237,-0.000205388
-0.000200511,-0.000246415,-0.000293443,-0.000340481,-0.000386603,-0.000430514,-0.000470736,-0.00050559,-0.000533404,-0.000552892,-0.000562958,-0.000562859,-0.000552925,-0.000533389,-0.00050563,-0.000470802,-0.00043052,-0.000386601,-0.000340515,-0.000293446,-0.00024645,-0.000200497
-0.000195342,-0.000240196,-0.00028625,-0.000332212,-0.000377274,-0.000420235,-0.000459453,-0.000493535,-0.000520701,-0.000539713,-0.000549513,-0.000549469,-0.000539729,-0.000520686,-0.000493546,-0.000459463,-0.000420181,-0.000377303,-0.000332244,-0.000286242,-0.000240195,-0.000195322
-0.000190545,-0.00023449,-0.000279596,-0.00032458,-0.00036865,-0.000410636,-0.000449052,-0.000482317,-0.000508917,-0.000527526,-0.0005371,-0.000537083,-0.000527519,-0.000508894,-0.000482355,-0.000449071,-0.000410596,-0.00036867,-0.000324594,-0.000279571,-0.000234507,-0.000190535
-0.000185831,-0.000228846,-0.000272991,-0.000316998,-0.000360092,-0.000401149,-0.000438676,-0.000471245,-0.000497244,-0.000515397,-0.000524773,-0.000524746,-0.000515399,-0.000497233,-0.000471266,-0.000438689,-0.000401094,-0.000360107,-0.000317028,-0.000272945,-0.000228843,-0.000185827
-0.000181327,-0.000223436,-0.000266604,-0.000309744,-0.000351922,-0.000392017,-0.000428779,-0.000460635,-0.00048603,-0.000503808,-0.000512998,-0.000512933,-0.000503831,-0.000485983,-0.000460614,-0.000428777,-0.000392042,-0.000351912,-0.000309753,-0.000266622,-0.000223479,-0.000181328
-0.000176794,-0.00021803,-0.000260292,-0.000302436,-0.000343677,-0.000382915,-0.000418788,-0.000449929,-0.000474752,-0.000492096,-0.000501146,-0.000501058,-0.000492109,-0.000474741,-0.000449943,-0.000418829,-0.000382916,-0.000343677,-0.000302467,-0.000260256,-0.000218005,-0.000176799
-0.000172581,-0.000212999,-0.000254329,-0.000295662,-0.000336029,-0.000374388,-0.000409491,-0.000439974,-0.000464274,-0.00048127,-0.000490043,-0.000489987,-0.000481289,-0.000464256,-0.000439952,-0.000409539,-0.00037441,-0.000336032,-0.000295633,-0.000254338,-0.000213015,-0.000172566
-0.000168234,-0.000207768,-0.000248263,-0.000288671,-0.000328133,-0.000365651,-0.000399943,-0.000429713,-0.000453476,-0.00047006,-0.000478662,-0.000478617,-0.000470081,-0.000453458,-0.000429717,-0.000399991,-0.000365626,-0.000328145,-0.000288675,-0.000248256,-0.000207765,-0.00016822
-0.000164262,-0.000203057,-0.000242681,-0.000282309,-0.000320952,-0.000357666,-0.000391237,-0.000420382,-0.00044362,-0.000459877,-0.000468299,-0.00046824,-0.000459919,-0.000443577,-0.000420387,-0.000391282,-0.00035765,-0.000320939,-0.000282307,-0.000242709,-0.000203034,-0.000164277
-0.000160269,-0.000198263,-0.000237063,-0.000275823,-0.000313659,-0.000349589,-0.000382392,-0.000410892,-0.000433623,-0.000449501,-0.00045774,-0.000457689,-0.000449555,-0.000433615,-0.000410902,-0.000382468,-0.00034957,-0.000313636,-0.000275849,-0.000237084,-0.000198213,-0.00016027
-0.000156337,-0.000193498,-0.000231527,-0.000269486,-0.000306453,-0.000341589,-0.000373673,-0.000401496,-0.000423774,-0.000439306,-0.000447327,-0.000447302,-0.000439345,-0.000423746,-0.000401544,-0.000373719,-0.000341565,-0.000306437,-0.000269463,-0.000231544,-0.00019346,-0.000156311
-0.000152658,-0.00018905,-0.000226343,-0.000263497,-0.000299704,-0.000334083,-0.000365491,-0.000392754,-0.00041452,-0.000429708,-0.00043759,-0.000437548,-0.000429735,-0.000414494,-0.00039275,-0.000365549,-0.000334084,-0.00029972,-0.000263489,-0.00022632,-0.000189074,-0.00015263
-0.000148863,-0.000184565,-0.000221019,-0.000257419,-0.000292844,-0.000326456,-0.000357178,-0.00038386,-0.000405104,-0.000419986,-0.000427664,-0.000427619,-0.000420018,-0.000405067,-0.00038383,-0.000357198,-0.00032648,-0.000292827,-0.000257409,-0.000221036,-0.000184557,-0.000148895
-0.000145301,-0.000180221,-0.000215978,-0.000251621,-0.000286259,-0.000319148,-0.000349197,-0.000375252,-0.000396077,-0.0004106,-0.000418122,-0.0004181,-0.000410623,-0.000396062,-0.000375282,-0.00034923,-0.000319143,-0.00028625,-0.00025159,-0.000215974,-0.000180196,-0.000145285
-0.00014188,-0.000176121,-0.000211152,-0.000246065,-0.000280019,-0.0003122,-0.000341601,-0.000367138,-0.00038749,-0.000401706,-0.000409056,-0.000409041,-0.000401721,-0.000387471,-0.000367141,-0.000341613,-0.000312182,-0.000280003,-0.000246064,-0.000211138,-0.000176112,-0.000141875
-0.000138446,-0.000171988,-0.000206301,-0.000240479,-0.000273692,-0.000305199,-0.000333946,-0.000358897,-0.000378834,-0.000392753,-0.000399942,-0.00039989,-0.000392755,-0.000378822,-0.000358908,-0.000333988,-0.000305193,-0.000273692,-0.000240502,-0.000206318,-0.000171997,-0.000138463
-0.000135165,-0.000168058,-0.000201644,-0.000235155,-0.000267681,-0.000298528,-0.000326635,-0.00035107,-0.000370554,-0.000384185,-0.000391239,-0.000391166,-0.000384234,-0.000370524,-0.000351071,-0.000326712,-0.000298516,-0.000267689,-0.000235148,-0.000201687,-0.000168044,-0.00013518
-0.000131973,-0.000164205,-0.000197107,-0.000229945,-0.000261808,-0.000291973,-0.000319507,-0.000343368,-0.000362445,-0.000375785,-0.000382649,-0.00038265,-0.000375805,-0.000362441,-0.000343389,-0.000319537,-0.000291946,-0.00026179,-0.00022991,-0.000197142,-0.000164161,-0.000131967
-0.000128812,-0.000160397,-0.000192669,-0.000224793,-0.00025599,-0.000285505,-0.000312476,-0.000335844,-0.000354474,-0.000367522,-0.000374281,-0.000374233,-0.000367569,-0.000354482,-0.000335828,-0.000312509,-0.000285516,-0.000255979,-0.000224808,-0.000192676,-0.000160391,-0.000128804
-0.000125765,-0.000156722,-0.000188321,-0.000219791,-0.000250361,-0.000279264,-0.000305634,-0.000328499,-0.000346759,-0.00035949,-0.000366097,-0.000366072,-0.000359511,-0.000346747,-0.000328512,-0.000305645,-0.000279249,-0.000250348,-0.000219798,-0.00018834,-0.000156687,-0.000125757
-0.000122783,-0.000153101,-0.000184079,-0.00021495,-0.000244844,-0.000273122,-0.000298951,-0.000321318,-0.000339165,-0.000351666,-0.000358123,-0.000358071,-0.000351714,-0.000339147,-0.000321313,-0.000298969,-0.000273147,-0.000244849,-0.000214931,-0.000184101,-0.000153114,-0.00012277
-0.000119833,-0.000149565,-0.000179913,-0.000210115,-0.00023942,-0.000267074,-0.000292365,-0.000314251,-0.000331703,-0.000343904,-0.000350226,-0.000350191,-0.000343907,-0.000331674,-0.000314239,-0.00029236,-0.000267089,-0.000239423,-0.000210125,-0.000179908,-0.000149551,-0.000119841
-0.00011701,-0.000146154,-0.000175914,-0.000205533,-0.000234223,-0.000261304,-0.000286034,-0.000307452,-0.000324541,-0.000336497,-0.000342655,-0.000342637,-0.000336511,-0.000324531,-0.000307448,-0.000286051,-0.000261314,-0.000234214,-0.000205523,-0.000175928,-0.00014615,-0.000117027
-0.000114339,-0.000142884,-0.000172065,-0.000201101,-0.000229197,-0.000255743,-0.000279928,-0.000300904,-0.000317631,-0.000329328,-0.000335381,-0.00033537,-0.000329347,-0.000317623,-0.0003009,-0.00027995,-0.000255737,-0.000229197,-0.000201085,-0.000172088,-0.000142866,-0.000114315
-0.000111671,-0.0001397,-0.0001683,-0.000196775,-0.000224313,-0.000250314,-0.000274003,-0.000294513,-0.000310909,-0.000322374,-0.000328269,-0.000328267,-0.00032239,-0.000310914,-0.000294543,-0.000274033,-0.000250322,-0.000224305,-0.000196758,-0.000168322,-0.000139657,-0.000111673
-0.000109114,-0.000136582,-0.00016466,-0.000192569,-0.000219579,-0.00024504,-0.000268225,-0.000288324,-0.000304367,-0.000315591,-0.000321346,-0.000321366,-0.00031559,-0.000304368,-0.000288353,-0.000268237,-0.00024499,-0.000219558,-0.00019256,-0.000164679,-0.000136569,-0.000109102
-0.000106437,-0.000133349,-0.000160846,-0.00018818,-0.000214582,-0.000239488,-0.000262183,-0.00028184,-0.000297544,-0.000308484,-0.000314149,-0.00031413,-0.000308498,-0.00029751,-0.000281843,-0.000262195,-0.000239484,-0.00021459,-0.000188161,-0.000160856,-0.000133335,-0.00010644
-0.000103948,-0.00013038,-0.000157319,-0.00018409,-0.00020999,-0.000234378,-0.000256596,-0.000275843,-0.000291192,-0.000301915,-0.000307463,-0.00030744,-0.00030194,-0.000291185,-0.000275846,-0.000256621,-0.000234375,-0.000209967,-0.000184107,-0.00015733,-0.000130355,-0.000103969
-0.000101518,-0.000127384,-0.000153807,-0.000180058,-0.00020543,-0.000229307,-0.000251041,-0.000269853,-0.000284896,-0.000295399,-0.000300801,-0.000300799,-0.000295404,-0.000284885,-0.000269882,-0.000251055,-0.000229294,-0.000205404,-0.000180036,-0.00015383,-0.000127373,-0.000101529
-9.91933e-05,-0.000124571,-0.000150467,-0.000176205,-0.000201066,-0.000224459,-0.000245758,-0.00026419,-0.00027889,-0.000289177,-0.0002945,-0.000294471,-0.000289186,-0.000278889,-0.000264185,-0.000245768,-0.000224468,-0.000201064,-0.000176194,-0.000150487,-0.00012456,-9.91819e-05
-9.68983e-05,-0.000121814,-0.00014723,-0.000172475,-0.00019684,-0.000219758,-0.000240607,-0.00025869,-0.000273065,-0.000283135,-0.000288327,-0.000288316,-0.000283143,-0.000273057,-0.000258681,-0.00024061,-0.00021976,-0.00019683,-0.000172474,-0.000147238,-0.000121804,-9.69344e-05
-9.46897e-05,-0.000119114,-0.000144057,-0.000168802,-0.000192708,-0.00021516,-0.000235591,-0.000253269,-0.000267367,-0.000277235,-0.000282307,-0.000282307,-0.000277224,-0.00026735,-0.000253277,-0.000235588,-0.000215153,-0.000192696,-0.000168803,-0.000144068,-0.000119116,-9.47093e-05
-9.25346e-05,-0.000116491,-0.000140931,-0.000165213,-0.00018863,-0.000210636,-0.00023065,-0.000247967,-0.000261759,-0.000271415,-0.000276396,-0.000276399,-0.000271431,-0.000261773,-0.000247982,-0.000230646,-0.000210645,-0.000188628,-0.000165209,-0.000140951,-0.000116464,-9.25296e-05
-9.03667e-05,-0.00011387,-0.000137834,-0.000161632,-0.000184594,-0.000206154,-0.000225736,-0.00024268,-0.000256185,-0.000265648,-0.00027051,-0.000270516,-0.000265646,-0.000256187,-0.000242696,-0.000225739,-0.000206147,-0.000184579,-0.000161632,-0.000137856,-0.000113864,-9.03746e-05
-8.82685e-05,-0.000111323,-0.000134834,-0.000158159,-0.00018066,-0.000201759,-0.000220971,-0.000237566,-0.000250783,-0.000260025,-0.000264797,-0.000264798,-0.000260023,-0.000250771,-0.000237564,-0.000220948,-0.000201768,-0.000180656,-0.000158158,-0.000134844,-0.000111308,-8.8281e-05
-8.63085e-05,-0.000108938,-0.000132029,-0.000154928,-0.000176973,-0.000197688,-0.0002165,-0.000232737,-0.000245703,-0.000254779,-0.000259452,-0.000259432,-0.00025476,-0.000245698,-0.00023275,-0.000216501,-0.00019768,-0.00017698,-0.000154903,-0.000132039,-0.00010894,-8.63284e-05
-8.43215e-05,-0.000106526,-0.000129149,-0.000151621,-0.000173252,-0.000193501,-0.000211953,-0.000227868,-0.000240564,-0.000249416,-0.000254012,-0.000253984,-0.00024942,-0.000240547,-0.000227868,-0.000211936,-0.000193526,-0.000173231,-0.000151609,-0.000129153,-0.000106515,-8.43473e-05
-8.23562e-05,-0.000104114,-0.000126311,-0.000148345,-0.000169543,-0.000189404,-0.000207433,-0.000222994,-0.000235443,-0.000244114,-0.000248596,-0.000248574,-0.00024412,-0.000235428,-0.000223017,-0.000207431,-0.000189396,-0.00016952,-0.00014832,-0.000126333,-0.000104107,-8.23635e-05
-8.05067e-05,-0.00010188,-0.000123667,-0.000145283,-0.000166074,-0.000185557,-0.000203225,-0.000218491,-0.000230673,-0.000239165,-0.000243566,-0.000243536,-0.000239169,-0.000230651,-0.00021851,-0.000203222,-0.000185547,-0.000166058,-0.000145291,-0.000123689,-0.000101874,-8.0532e-05
-7.87235e-05,-9.97076e-05,-0.000121063,-0.000142285,-0.000162689,-0.000181791,-0.000199102,-0.000214057,-0.000225999,-0.000234311,-0.000238643,-0.000238602,-0.000234315,-0.000225984,-0.000214083,-0.000199113,-0.000181797,-0.000162674,-0.000142271,-0.000121088,-9.96865e-05,-7.87423e-05
-7.69249e-05,-9.74846e-05,-0.000118455,-0.000139267,-0.000159265,-0.000177972,-0.000194942,-0.000209591,-0.000221268,-0.000229423,-0.000233624,-0.000233627,-0.00022943,-0.000221262,-0.000209597,-0.000194929,-0.000177965,-0.000159252,-0.000139255,-0.000118473,-9.74668e-05,-7.69255e-05
-7.51373e-05,-9.53178e-05,-0.000115895,-0.000136293,-0.000155912,-0.000174245,-0.000190863,-0.000205204,-0.000216647,-0.000224623,-0.000228747,-0.000228731,-0.000224634,-0.000216638,-0.000205209,-0.000190862,-0.000174251,-0.000155892,-0.000136299,-0.000115912,-9.53068e-05,-7.5148e-05
-7.34774e-05,-9.33001e-05,-0.000113492,-0.000133536,-0.00015276,-0.000170748,-0.000187044,-0.000201112,-0.000212314,-0.000220135,-0.000224174,-0.000224172,-0.000220125,-0.000212298,-0.000201115,-0.000187035,-0.000170752,-0.000152768,-0.000133522,-0.000113507,-9.32837e-05,-7.34943e-05
-7.18099e-05,-9.12444e-05,-0.000111071,-0.000130733,-0.000149604,-0.000167232,-0.000183189,-0.000196961,-0.000207942,-0.000215605,-0.000219546,-0.000219553,-0.000215594,-0.000207928,-0.00019696,-0.000183183,-0.000167235,-0.000149592,-0.000130726,-0.000111082,-9.1241e-05,-7.1818e-05
-7.01654e-05,-8.92392e-05,-0.000108692,-0.000127973,-0.000146481,-0.000163759,-0.0001794,-0.000192883,-0.000203634,-0.000211138,-0.000215008,-0.000215001,-0.000211137,-0.000203626,-0.00019289,-0.00017939,-0.00016376,-0.000146472,-0.000127968,-0.000108709,-8.92305e-05,-7.01768e-05
-6.86352e-05,-8.73657e-05,-0.000106493,-0.000125425,-0.000143581,-0.000160539,-0.000175873,-0.000189094,-0.000199638,-0.000206997,-0.000210805,-0.000210773,-0.000207004,-0.000199622,-0.000189094,-0.000175882,-0.000160535,-0.000143587,-0.000125424,-0.000106501,-8.7374e-05,-6.86575e-05
-6.70782e-05,-8.54561e-05,-0.000104204,-0.000122784,-0.000140603,-0.000157221,-0.00017225,-0.000185198,-0.000195521,-0.000202721,-0.000206435,-0.000206428,-0.000202725,-0.000195518,-0.000185208,-0.000172232,-0.000157223,-0.000140584,-0.000122777,-0.000104222,-8.54494e-05,-6.70863e-05
-6.55821e-05,-8.36274e-05,-0.000102032,-0.00012027,-0.000137757,-0.000154057,-0.00016879,-0.000181477,-0.000191589,-0.00019865,-0.000202286,-0.000202281,-0.000198648,-0.00019159,-0.000181486,-0.000168771,-0.000154058,-0.000137741,-0.000120262,-0.000102051,-8.36185e-05,-6.55905e-05
-6.41601e-05,-8.18666e-05,-9.99466e-05,-0.000117851,-0.000135024,-0.000151021,-0.000165455,-0.000177888,-0.000187813,-0.000194737,-0.000198281,-0.000198297,-0.00019473,-0.000187808,-0.000177905,-0.000165444,-0.00015101,-0.000134998,-0.000117839,-9.99619e-05,-8.1858e-05,-6.41589e-05
-6.2731e-05,-8.01485e-05,-9.78792e-05,-0.000115457,-0.000132304,-0.000147989,-0.000162167,-0.000174372,-0.000184079,-0.000190849,-0.000194349,-0.000194343,-0.00019085,-0.000184073,-0.000174365,-0.000162149,-0.000147994,-0.000132308,-0.000115455,-9.78895e-05,-8.01294e-05,-6.27403e-05
-6.13292e-05,-7.84323e-05,-9.58657e-05,-0.000113118,-0.000129648,-0.000145039,-0.000158939,-0.0001709,-0.000180426,-0.000187053,-0.000190493,-0.000190469,-0.000187056,-0.000180401,-0.000170881,-0.000158934,-0.000145044,-0.000129654,-0.000113127,-9.58691e-05,-7.84254e-05,-6.13519e-05
-5.99559e-05,-7.67341e-05,-9.38496e-05,-0.000110788,-0.000127008,-0.000142104,-0.000155723,-0.00016744,-0.000176772,-0.00018327,-0.000186625,-0.000186619,-0.00018327,-0.000176759,-0.000167444,-0.000155711,-0.000142096,-0.000127003,-0.000110797,-9.38543e-05,-7.67284e-05,-5.99708e-05
-5.86309e-05,-7.51039e-05,-9.18919e-05,-0.000108521,-0.000124448,-0.000139262,-0.000152599,-0.000164087,-0.000173228,-0.000179599,-0.000182892,-0.00018288,-0.000179597,-0.00017322,-0.000164091,-0.000152597,-0.000139259,-0.000124449,-0.000108521,-9.19098e-05,-7.50914e-05,-5.86376e-05
-5.7333e-05,-7.34956e-05,-9.00009e-05,-0.000106331,-0.00012196,-0.000136486,-0.000149572,-0.000160827,-0.000169791,-0.000176039,-0.000179251,-0.000179252,-0.000176032,-0.00016978,-0.000160828,-0.000149561,-0.000136485,-0.000121952,-0.000106325,-9.00119e-05,-7.34961e-05,-5.73409e-05
-5.60894e-05,-7.19702e-05,-8.81894e-05,-0.000104226,-0.000119579,-0.000133833,-0.00014669,-0.000157712,-0.000166493,-0.000172628,-0.000175788,-0.000175786,-0.000172629,-0.000166495,-0.00015772,-0.000146663,-0.000133838,-0.00011957,-0.000104225,-8.81984e-05,-7.19636e-05,-5.60924e-05
-5.48665e-05,-7.04524e-05,-8.639e-05,-0.000102132,-0.000117206,-0.000131202,-0.000143792,-0.00015461,-0.000163236,-0.000169231,-0.000172325,-0.000172316,-0.000169226,-0.000163217,-0.000154615,-0.000143783,-0.00013119,-0.000117209,-0.000102129,-8.63937e-05,-7.04642e-05,-5.48744e-05
-5.36608e-05,-6.89703e-05,-8.46094e-05,-0.000100069,-0.000114868,-0.000128603,-0.000140953,-0.000151562,-0.000159996,-0.000165888,-0.000168913,-0.00016892,-0.000165885,-0.000159999,-0.000151565,-0.000140935,-0.000128598,-0.000114859,-0.000100069,-8.46223e-05,-6.89606e-05,-5.36604e-05
-5.24917e-05,-6.75287e-05,-8.28992e-05,-9.80947e-05,-0.000112628,-0.000126107,-0.000138216,-0.000148613,-0.0001569,-0.000162672,-0.000165632,-0.000165637,-0.000162664,-0.000156894,-0.000148629,-0.000138203,-0.000126098,-0.00011261,-9.80804e-05,-8.29166e-05,-6.75241e-05,-5.25066e-05
-5.13358e-05,-6.61114e-05,-8.12086e-05,-9.61343e-05,-0.000110395,-0.000123623,-0.000135512,-0.000145712,-0.000153828,-0.000159479,-0.000162389,-0.000162392,-0.000159472,-0.000153814,-0.00014571,-0.000135495,-0.000123621,-0.000110392,-9.61276e-05,-8.12174e-05,-6.61121e-05,-5.13307e-05
-5.02102e-05,-6.47188e-05,-7.95466e-05,-9.41937e-05,-0.000108207,-0.000121188,-0.000132846,-0.000142851,-0.000150805,-0.000156341,-0.000159201,-0.000159193,-0.000156344,-0.000150801,-0.000142848,-0.000132837,-0.000121187,-0.000108197,-9.42033e-05,-7.95576e-05,-6.4715e-05,-5.02199e-05
-4.91302e-05,-6.3388e-05,-7.79648e-05,-9.23526e-05,-0.000106121,-0.000118866,-0.000130301,-0.000140115,-0.000147923,-0.000153361,-0.000156154,-0.00015615,-0.00015335,-0.000147913,-0.000140119,-0.000130301,-0.000118861,-0.000106124,-9.23567e-05,-7.79709e-05,-6.33867e-05,-4.91554e-05
-4.80692e-05,-6.20645e-05,-7.63782e-05,-9.05307e-05,-0.000104039,-0.000116558,-0.000127776,-0.000137404,-0.000145048,-0.000150376,-0.000153122,-0.000153119,-0.000150372,-0.000145045,-0.000137404,-0.000127761,-0.000116555,-0.000104031,-9.0529e-05,-7.63916e-05,-6.20624e-05,-4.80865e-05
-4.70355e-05,-6.0789e-05,-7.48463e-05,-8.87478e-05,-0.000102023,-0.000114312,-0.000125319,-0.000134762,-0.000142263,-0.000147479,-0.000150178,-0.00015017,-0.000147483,-0.000142258,-0.000134766,-0.000125307,-0.00011431,-0.000102018,-8.87463e-05,-7.48586e-05,-6.07833e-05,-4.70357e-05
-4.60154e-05,-5.95237e-05,-7.33591e-05,-8.70126e-05,-0.000100055,-0.000112119,-0.000122923,-0.000132189,-0.000139546,-0.000144672,-0.000147299,-0.00014731,-0.000144662,-0.00013954,-0.00013219,-0.000122911,-0.000112116,-0.000100054,-8.70145e-05,-7.33694e-05,-5.95307e-05,-4.60291e-05
-4.50324e-05,-5.83047e-05,-7.18898e-05,-8.53001e-05,-9.81152e-05,-0.000109958,-0.000120573,-0.000129664,-0.000136865,-0.000141894,-0.000144476,-0.000144488,-0.000141887,-0.00013687,-0.000129665,-0.000120551,-0.000109961,-9.81087e-05,-8.53055e-05,-7.18962e-05,-5.83e-05,-4.50322e-05
-4.40526e-05,-5.7093e-05,-7.0445e-05,-8.36263e-05,-9.62063e-05,-0.00010784,-0.000118247,-0.000127165,-0.000134237,-0.000139162,-0.000141698,-0.000141695,-0.000139155,-0.000134226,-0.000127164,-0.000118236,-0.00010784,-9.62081e-05,-8.3631e-05,-7.04492e-05,-5.70955e-05,-4.40442e-05
-4.31005e-05,-5.59172e-05,-6.90355e-05,-8.19904e-05,-9.43483e-05,-0.000105771,-0.00011599,-0.000124731,-0.000131667,-0.000136496,-0.000138989,-0.000138982,-0.000136492,-0.000131658,-0.000124731,-0.000115975,-0.000105767,-9.43447e-05,-8.19904e-05,-6.90455e-05,-5.59127e-05,-4.31065e-05
-4.2181e-05,-5.47697e-05,-6.76631e-05,-8.04009e-05,-9.25463e-05,-0.000103762,-0.00011379,-0.000122362,-0.000129172,-0.000133907,-0.000136353,-0.000136342,-0.000133905,-0.000129169,-0.000122369,-0.000113778,-0.000103758,-9.25378e-05,-8.03954e-05,-6.76761e-05,-5.47711e-05,-4.21874e-05
-4.12912e-05,-5.36662e-05,-6.63411e-05,-7.88636e-05,-9.0797e-05,-0.00010182,-0.000111659,-0.000120074,-0.000126762,-0.000131403,-0.000133802,-0.000133785,-0.000131403,-0.000126752,-0.000120078,-0.000111652,-0.000101813,-9.07881e-05,-7.88521e-05,-6.63529e-05,-5.3665e-05,-4.12862e-05
-4.04016e-05,-5.25507e-05,-6.50055e-05,-7.73038e-05,-8.90296e-05,-9.9852e-05,-0.000109515,-0.000117767,-0.000124317,-0.000128876,-0.000131225,-0.000131221,-0.000128874,-0.000124317,-0.000117772,-0.000109503,-9.98488e-05,-8.90273e-05,-7.73026e-05,-6.50154e-05,-5.25477e-05,-4.03995e-05
-3.95464e-05,-5.14881e-05,-6.37462e-05,-7.58279e-05,-8.73563e-05,-9.79863e-05,-0.00010748,-0.00011558,-0.000122003,-0.000126479,-0.000128783,-0.000128781,-0.000126477,-0.000122003,-0.000115577,-0.000107466,-9.79867e-05,-8.73516e-05,-7.58317e-05,-6.37499e-05,-5.14933e-05,-3.95513e-05
-3.86968e-05,-5.04274e-05,-6.24678e-05,-7.43491e-05,-8.56728e-05,-9.61161e-05,-0.000105424,-0.000113376,-0.000119681,-0.000124066,-0.000126326,-0.000126317,-0.00012406,-0.000119675,-0.000113375,-0.000105413,-9.61102e-05,-8.5668e-05,-7.4348e-05,-6.24743e-05,-5.04303e-05,-3.86979e-05
-3.78937e-05,-4.94193e-05,-6.12516e-05,-7.2933e-05,-8.40624e-05,-9.43277e-05,-0.000103466,-0.000111279,-0.000117461,-0.000121761,-0.000123981,-0.000123972,-0.000121758,-0.000117457,-0.000111277,-0.000103461,-9.43201e-05,-8.4066e-05,-7.29326e-05,-6.12606e-05,-4.94186e-05,-3.79032e-05
-3.70833e-05,-4.84215e-05,-6.00584e-05,-7.1543e-05,-8.24822e-05,-9.25617e-05,-0.000101543,-0.000109206,-0.000115276,-0.000119502,-0.000121671,-0.000121666,-0.00011949,-0.000115269,-0.000109208,-0.000101535,-9.25613e-05,-8.24809e-05,-7.15355e-05,-6.00606e-05,-4.84211e-05,-3.71038e-05
-3.6303e-05,-4.74416e-05,-5.88883e-05,-7.01785e-05,-8.09299e-05,-9.08392e-05,-9.96587e-05,-0.000107177,-0.000113132,-0.000117273,-0.000119409,-0.000119402,-0.00011727,-0.000113125,-0.000107177,-9.9648e-05,-9.08321e-05,-8.0931e-05,-7.01769e-05,-5.8895e-05,-4.74442e-05,-3.63064e-05
-3.55478e-05,-4.64944e-05,-5.77468e-05,-6.88502e-05,-7.94225e-05,-8.91572e-05,-9.78157e-05,-0.000105202,-0.000111052,-0.00011511,-0.000117205,-0.000117197,-0.00011511,-0.000111047,-0.000105206,-9.78084e-05,-8.91518e-05,-7.94186e-05,-6.88515e-05,-5.77517e-05,-4.64915e-05,-3.55237e-05
-3.47912e-05,-4.5551e-05,-5.66146e-05,-6.75291e-05,-7.79239e-05,-8.74887e-05,-9.59942e-05,-0.000103237,-0.000108971,-0.000112962,-0.000115015,-0.00011501,-0.000112956,-0.00010897,-0.000103238,-9.59829e-05,-8.74854e-05,-7.79235e-05,-6.7527e-05,-5.6622e-05,-4.55537e-05,-3.47953e-05
-3.40598e-05,-4.46419e-05,-5.55218e-05,-6.62609e-05,-7.64825e-05,-8.58782e-05,-9.42305e-05,-0.000101341,-0.000106979,-0.000110888,-0.000112902,-0.000112896,-0.000110886,-0.000106972,-0.000101346,-9.42188e-05,-8.58752e-05,-7.64691e-05,-6.62548e-05,-5.55291e-05,-4.46434e-05,-3.40705e-05
-3.33463e-05,-4.3737e-05,-5.44353e-05,-6.49918e-05,-7.50348e-05,-8.4271e-05,-9.24737e-05,-9.94582e-05,-0.000104983,-0.000108824,-0.000110801,-0.000110792,-0.00010882,-0.000104979,-9.9458e-05,-9.24673e-05,-8.42682e-05,-7.5032e-05,-6.49876e-05,-5.44423e-05,-4.37394e-05,-3.33486e-05
-3.26478e-05,-4.28656e-05,-5.33858e-05,-6.3767e-05,-7.36433e-05,-8.27199e-05,-9.07815e-05,-9.76359e-05,-0.000103062,-0.000106827,-0.000108766,-0.000108761,-0.000106826,-0.000103057,-9.76352e-05,-9.07704e-05,-8.27188e-05,-7.36385e-05,-6.37635e-05,-5.33916e-05,-4.28674e-05,-3.26518e-05
-3.19654e-05,-4.20224e-05,-5.23697e-05,-6.25797e-05,-7.22944e-05,-8.12167e-05,-8.91402e-05,-9.58742e-05,-0.000101196,-0.000104894,-0.000106801,-0.000106794,-0.000104894,-0.000101192,-9.58694e-05,-8.91316e-05,-8.1213e-05,-7.22875e-05,-6.25823e-05,-5.23725e-05,-4.20221e-05,-3.1977e-05
-3.13064e-05,-4.11787e-05,-5.13568e-05,-6.13942e-05,-7.09466e-05,-7.97191e-05,-8.74997e-05,-9.41136e-05,-9.93378e-05,-0.000102966,-0.000104834,-0.000104828,-0.000102965,-9.93358e-05,-9.41091e-05,-8.74938e-05,-7.97149e-05,-7.09441e-05,-6.13982e-05,-5.1364e-05,-4.11801e-05,-3.13061e-05
-3.06674e-05,-4.03757e-05,-5.03814e-05,-6.0259e-05,-6.96535e-05,-7.82789e-05,-8.59242e-05,-9.24215e-05,-9.75507e-05,-0.000101113,-0.00010295,-0.000102944,-0.000101109,-9.75458e-05,-9.24183e-05,-8.5919e-05,-7.82758e-05,-6.96508e-05,-6.02602e-05,-5.0391e-05,-4.03753e-05,-3.06405e-05
-3.00179e-05,-3.95611e-05,-4.9409e-05,-5.9124e-05,-6.83567e-05,-7.68362e-05,-8.43456e-05,-9.07235e-05,-9.57612e-05,-9.92561e-05,-0.000101055,-0.000101047,-9.92539e-05,-9.57584e-05,-9.07231e-05,-8.43405e-05,-7.68322e-05,-6.83557e-05,-5.91188e-05,-4.94136e-05,-3.95656e-05,-3.00169e-05
-2.94012e-05,-3.87851e-05,-4.84721e-05,-5.8029e-05,-6.71113e-05,-7.54481e-05,-8.28278e-05,-8.90937e-05,-9.40412e-05,-9.74718e-05,-9.92397e-05,-9.923e-05,-9.74671e-05,-9.40345e-05,-8.90879e-05,-8.28242e-05,-7.54406e-05,-6.71127e-05,-5.80273e-05,-4.84766e-05,-3.87884e-05,-2.94013e-05
-2.88041e-05,-3.80248e-05,-4.75527e-05,-5.69595e-05,-6.58933e-05,-7.4094e-05,-8.13456e-05,-8.74988e-05,-9.23542e-05,-9.57236e-05,-9.74604e-05,-9.74559e-05,-9.57216e-05,-9.23521e-05,-8.75018e-05,-8.13399e-05,-7.40867e-05,-6.58895e-05,-5.6955e-05,-4.7559e-05,-3.80287e-05,-2.88224e-05
-2.82175e-05,-3.72693e-05,-4.66428e-05,-5.5893e-05,-6.46801e-05,-7.27412e-05,-7.98683e-05,-8.59124e-05,-9.06779e-05,-9.39904e-05,-9.56887e-05,-9.56832e-05,-9.39849e-05,-9.06785e-05,-8.59107e-05,-7.98637e-05,-7.27347e-05,-6.46797e-05,-5.58907e-05,-4.66491e-05,-3.72723e-05,-2.82025e-05
-2.76193e-05,-3.65444e-05,-4.57659e-05,-5.48672e-05,-6.35143e-05,-7.14354e-05,-7.84429e-05,-8.43807e-05,-8.90644e-05,-9.23111e-05,-9.39832e-05,-9.39781e-05,-9.2311e-05,-8.90612e-05,-8.43808e-05,-7.8438e-05,-7.1434e-05,-6.35048e-05,-5.48661e-05,-4.57712e-05,-3.6543e-05,-2.76237e-05
-2.70609e-05,-3.58318e-05,-4.49034e-05,-5.38601e-05,-6.23633e-05,-7.01568e-05,-7.70457e-05,-8.28781e-05,-8.74788e-05,-9.06686e-05,-9.2308e-05,-9.22967e-05,-9.06602e-05,-8.74728e-05,-8.28769e-05,-7.70417e-05,-7.01564e-05,-6.23565e-05,-5.38578e-05,-4.49063e-05,-3.58325e-05,-2.70583e-05
-2.65155e-05,-3.51282e-05,-4.4049e-05,-5.28586e-05,-6.12256e-05,-6.88889e-05,-7.56597e-05,-8.13895e-05,-8.59044e-05,-8.90372e-05,-9.0645e-05,-9.06372e-05,-8.90322e-05,-8.59006e-05,-8.13871e-05,-7.56573e-05,-6.88858e-05,-6.12217e-05,-5.28573e-05,-4.40522e-05,-3.5129e-05,-2.65019e-05
-2.59688e-05,-3.44452e-05,-4.32265e-05,-5.18984e-05,-6.01339e-05,-6.76716e-05,-7.43288e-05,-7.99574e-05,-8.43923e-05,-8.74661e-05,-8.90536e-05,-8.90419e-05,-8.74683e-05,-8.43885e-05,-7.99557e-05,-7.43229e-05,-6.76669e-05,-6.01277e-05,-5.18976e-05,-4.32356e-05,-3.44484e-05,-2.59613e-05
-2.54307e-05,-3.37663e-05,-4.24044e-05,-5.0937e-05,-5.90351e-05,-6.64475e-05,-7.29901e-05,-7.85207e-05,-8.28759e-05,-8.58949e-05,-8.74463e-05,-8.74394e-05,-8.58904e-05,-8.28728e-05,-7.85174e-05,-7.29848e-05,-6.64446e-05,-5.90311e-05,-5.09345e-05,-4.24101e-05,-3.37686e-05,-2.54274e-05
-2.49184e-05,-3.31179e-05,-4.1619e-05,-5.00171e-05,-5.79862e-05,-6.52791e-05,-7.17118e-05,-7.71495e-05,-8.14292e-05,-8.43917e-05,-8.59198e-05,-8.59115e-05,-8.4392e-05,-8.14289e-05,-7.71446e-05,-7.17078e-05,-6.52763e-05,-5.79812e-05,-5.0016e-05,-4.16281e-05,-3.31171e-05,-2.48887e-05
-2.44147e-05,-3.24751e-05,-4.08417e-05,-4.91078e-05,-5.69491e-05,-6.41238e-05,-7.04467e-05,-7.57897e-05,-7.9995e-05,-8.29045e-05,-8.44044e-05,-8.43931e-05,-8.29049e-05,-7.99942e-05,-7.57867e-05,-7.04421e-05,-6.41235e-05,-5.6946e-05,-4.91062e-05,-4.08482e-05,-3.24793e-05,-2.441e-05
-2.3906e-05,-3.18452e-05,-4.00776e-05,-4.8212e-05,-5.59283e-05,-6.29842e-05,-6.92025e-05,-7.44535e-05,-7.85828e-05,-8.14426e-05,-8.29114e-05,-8.29075e-05,-8.14409e-05,-7.85789e-05,-7.44504e-05,-6.92007e-05,-6.29832e-05,-5.59238e-05,-4.82086e-05,-4.00852e-05,-3.18459e-05,-2.39138e-05
-2.34342e-05,-3.12308e-05,-3.93344e-05,-4.73379e-05,-5.49309e-05,-6.18748e-05,-6.79907e-05,-7.31503e-05,-7.72046e-05,-8.00141e-05,-8.14563e-05,-8.14527e-05,-8.00107e-05,-7.72019e-05,-7.31474e-05,-6.79865e-05,-6.1873e-05,-5.49281e-05,-4.7335e-05,-3.934e-05,-3.12321e-05,-2.3427e-05
-2.2964e-05,-3.0639e-05,-3.86076e-05,-4.64857e-05,-5.39617e-05,-6.07911e-05,-6.68058e-05,-7.18802e-05,-7.58631e-05,-7.86253e-05,-8.0042e-05,-8.0035e-05,-7.86221e-05,-7.58603e-05,-7.18786e-05,-6.68055e-05,-6.07927e-05,-5.39599e-05,-4.64847e-05,-3.8612e-05,-3.06378e-05,-2.2959e-05
-2.25026e-05,-3.00454e-05,-3.78945e-05,-4.56512e-05,-5.30052e-05,-5.97252e-05,-6.56424e-05,-7.0631e-05,-7.45457e-05,-7.72561e-05,-7.8647e-05,-7.86405e-05,-7.72501e-05,-7.45419e-05,-7.06252e-05,-6.56403e-05,-5.97246e-05,-5.30042e-05,-4.56458e-05,-3.78973e-05,-3.00468e-05,-2.25243e-05
-2.2053e-05,-2.94664e-05,-3.71899e-05,-4.48265e-05,-5.20694e-05,-5.86798e-05,-6.44989e-05,-6.93964e-05,-7.32448e-05,-7.59081e-05,-7.72761e-05,-7.72695e-05,-7.59038e-05,-7.32413e-05,-6.93965e-05,-6.44946e-05,-5.86804e-05,-5.20629e-05,-4.48246e-05,-3.71974e-05,-2.94678e-05,-2.20429e-05
-2.16085e-05,-2.89057e-05,-3.65128e-05,-4.40301e-05,-5.11544e-05,-5.76667e-05,-6.33893e-05,-6.82041e-05,-7.19855e-05,-7.46032e-05,-7.5946e-05,-7.59382e-05,-7.45989e-05,-7.19841e-05,-6.82015e-05,-6.3386e-05,-5.76635e-05,-5.11535e-05,-4.40268e-05,-3.65202e-05,-2.8905e-05,-2.15736e-05
-2.11709e-05,-2.83482e-05,-3.58328e-05,-4.32289e-05,-5.02442e-05,-5.6648e-05,-6.22753e-05,-6.70109e-05,-7.0724e-05,-7.32955e-05,-7.46158e-05,-7.46055e-05,-7.3292e-05,-7.07217e-05,-6.70076e-05,-6.22738e-05,-5.66458e-05,-5.02399e-05,-4.32268e-05,-3.58371e-05,-2.83461e-05,-2.11618e-05
-2.07329e-05,-2.78078e-05,-3.51722e-05,-4.24574e-05,-4.93641e-05,-5.56662e-05,-6.12019e-05,-6.58555e-05,-6.9508e-05,-7.20316e-05,-7.33255e-05,-7.33196e-05,-7.20275e-05,-6.95032e-05,-6.58526e-05,-6.11992e-05,-5.56646e-05,-4.93579e-05,-4.24558e-05,-3.51754e-05,-2.78098e-05,-2.07399e-05
-2.03412e-05,-2.72808e-05,-3.4532e-05,-4.17098e-05,-4.85065e-05,-5.47087e-05,-6.01553e-05,-6.47312e-05,-6.83218e-05,-7.08032e-05,-7.20774e-05,-7.20698e-05,-7.08004e-05,-6.83208e-05,-6.47291e-05,-6.01526e-05,-5.47054e-05,-4.85016e-05,-4.17033e-05,-3.45409e-05,-2.72814e-05,-2.03308e-05
-1.99435e-05,-2.67655e-05,-3.38973e-05,-4.09588e-05,-4.76539e-05,-5.37565e-05,-5.91165e-05,-6.36162e-05,-6.71404e-05,-6.95805e-05,-7.08306e-05,-7.08231e-05,-6.95765e-05,-6.71395e-05,-6.36131e-05,-5.91157e-05,-5.3755e-05,-4.76483e-05,-4.09574e-05,-3.39022e-05,-2.67627e-05,-1.99205e-05
-1.95318e-05,-2.62535e-05,-3.32789e-05,-4.02324e-05,-4.6822e-05,-5.28315e-05,-5.81024e-05,-6.2528e-05,-6.59931e-05,-6.83903e-05,-6.96188e-05,-6.96091e-05,-6.83845e-05,-6.59901e-05,-6.25229e-05,-5.81004e-05,-5.28294e-05,-4.68181e-05,-4.0228e-05,-3.32849e-05,-2.62529e-05,-1.95231e-05
-1.9149e-05,-2.57658e-05,-3.26788e-05,-3.9533e-05,-4.60186e-05,-5.1935e-05,-5.71251e-05,-6.14787e-05,-6.48837e-05,-6.72407e-05,-6.84482e-05,-6.84395e-05,-6.72344e-05,-6.48813e-05,-6.14723e-05,-5.71248e-05,-5.19363e-05,-4.60164e-05,-3.95269e-05,-3.26847e-05,-2.57645e-05,-1.91418e-05
-1.8786e-05,-2.52775e-05,-3.20881e-05,-3.88339e-05,-4.52258e-05,-5.10483e-05,-5.61535e-05,-6.04352e-05,-6.37841e-05,-6.61007e-05,-6.72853e-05,-6.72769e-05,-6.6096e-05,-6.37835e-05,-6.04307e-05,-5.61533e-05,-5.10487e-05,-4.52214e-05,-3.88337e-05,-3.20959e-05,-2.52787e-05,-1.87647e-05
-1.84027e-05,-2.47983e-05,-3.15036e-05,-3.8149e-05,-4.44421e-05,-5.0169e-05,-5.51955e-05,-5.94058e-05,-6.2697e-05,-6.49683e-05,-6.61384e-05,-6.61311e-05,-6.49672e-05,-6.26958e-05,-5.94006e-05,-5.51921e-05,-5.01687e-05,-4.44343e-05,-3.81425e-05,-3.15093e-05,-2.47987e-05,-1.8392e-05
-1.80354e-05,-2.43317e-05,-3.09355e-05,-3.74758e-05,-4.36683e-05,-4.93158e-05,-5.42564e-05,-5.84006e-05,-6.16344e-05,-6.38698e-05,-6.50169e-05,-6.50071e-05,-6.38668e-05,-6.16321e-05,-5.8395e-05,-5.42566e-05,-4.93121e-05,-4.36688e-05,-3.74719e-05,-3.09394e-05,-2.43321e-05,-1.80264e-05
-1.76802e-05,-2.38753e-05,-3.03791e-05,-3.682e-05,-4.29208e-05,-4.84807e-05,-5.33434e-05,-5.74177e-05,-6.06011e-05,-6.27978e-05,-6.39236e-05,-6.39152e-05,-6.27916e-05,-6.05989e-05,-5.74144e-05,-5.33427e-05,-4.84785e-05,-4.29164e-05,-3.68155e-05,-3.03816e-05,-2.38767e-05,-1.76992e-05
-1.73315e-05,-2.34297e-05,-2.98287e-05,-3.61732e-05,-4.21848e-05,-4.76537e-05,-5.24433e-05,-5.64513e-05,-5.9577e-05,-6.17382e-05,-6.28445e-05,-6.28378e-05,-6.17342e-05,-5.95738e-05,-5.64465e-05,-5.24449e-05,-4.76533e-05,-4.2178e-05,-3.61708e-05,-2.98347e-05,-2.34279e-05,-1.73197e-05
-1.6998e-05,-2.29967e-05,-2.92976e-05,-3.55498e-05,-4.14691e-05,-4.68548e-05,-5.15706e-05,-5.55139e-05,-5.85883e-05,-6.07129e-05,-6.17976e-05,-6.17887e-05,-6.07068e-05,-5.85857e-05,-5.55077e-05,-5.15726e-05,-4.6855e-05,-4.14641e-05,-3.55465e-05,-2.93021e-05,-2.29966e-05,-1.69841e-05
-1.66627e-05,-2.25648e-05,-2.87741e-05,-3.49289e-05,-4.07605e-05,-4.60626e-05,-5.07033e-05,-5.45825e-05,-5.76053e-05,-5.96933e-05,-6.07631e-05,-6.0755e-05,-5.96914e-05,-5.76058e-05,-5.4578e-05,-5.07063e-05,-4.60625e-05,-4.07536e-05,-3.49259e-05,-2.87772e-05,-2.25652e-05,-1.66496e-05
-1.63415e-05,-2.21515e-05,-2.82653e-05,-3.43326e-05,-4.00781e-05,-4.53019e-05,-4.98717e-05,-5.36884e-05,-5.66654e-05,-5.87141e-05,-5.97661e-05,-5.97617e-05,-5.87106e-05,-5.66595e-05,-5.36861e-05,-4.98719e-05,-4.53036e-05,-4.0073e-05,-3.43296e-05,-2.8269e-05,-2.21526e-05,-1.63301e-05
-1.60182e-05,-2.17312e-05,-2.77496e-05,-3.37221e-05,-3.93791e-05,-4.4523e-05,-4.90203e-05,-5.2774e-05,-5.56983e-05,-5.77156e-05,-5.87496e-05,-5.87399e-05,-5.77136e-05,-5.5696e-05,-5.27684e-05,-4.9022e-05,-4.45241e-05,-3.93757e-05,-3.37207e-05,-2.77555e-05,-2.17303e-05,-1.60055e-05
-1.57095e-05,-2.1336e-05,-2.72633e-05,-3.31517e-05,-3.87274e-05,-4.37925e-05,-4.82229e-05,-5.19174e-05,-5.47945e-05,-5.67815e-05,-5.77951e-05,-5.77893e-05,-5.67745e-05,-5.47917e-05,-5.19125e-05,-4.82253e-05,-4.37971e-05,-3.87235e-05,-3.31489e-05,-2.72694e-05,-2.13385e-05,-1.57016e-05
-1.54029e-05,-2.09401e-05,-2.67741e-05,-3.25757e-05,-3.80647e-05,-4.30571e-05,-4.74134e-05,-5.10526e-05,-5.3877e-05,-5.5831e-05,-5.68282e-05,-5.68208e-05,-5.5826e-05,-5.38754e-05,-5.10449e-05,-4.74173e-05,-4.30562e-05,-3.80599e-05,-3.25712e-05,-2.67816e-05,-2.09374e-05,-1.5359e-05
-1.51046e-05,-2.05506e-05,-2.62979e-05,-3.20139e-05,-3.74233e-05,-4.23351e-05,-4.66272e-05,-5.02054e-05,-5.29876e-05,-5.49049e-05,-5.5888e-05,-5.58774e-05,-5.49034e-05,-5.29867e-05,-5.02008e-05,-4.66307e-05,-4.23339e-05,-3.74165e-05,-3.20113e-05,-2.6304e-05,-2.05496e-05,-1.50901e-05
-1.47959e-05,-2.01719e-05,-2.58348e-05,-3.14621e-05,-3.6792e-05,-4.16334e-05,-4.58572e-05,-4.93797e-05,-5.21174e-05,-5.4002e-05,-5.49668e-05,-5.49622e-05,-5.40003e-05,-5.21125e-05,-4.93761e-05,-4.58602e-05,-4.16329e-05,-3.67866e-05,-3.14603e-05,-2.58384e-05,-2.01709e-05,-1.47952e-05
-1.45309e-05,-1.98092e-05,-2.5386e-05,-3.09357e-05,-3.61891e-05,-4.09584e-05,-4.51214e-05,-4.85865e-05,-5.12801e-05,-5.31343e-05,-5.40847e-05,-5.40771e-05,-5.31312e-05,-5.12765e-05,-4.85844e-05,-4.51224e-05,-4.09578e-05,-3.61816e-05,-3.09324e-05,-2.5388e-05,-1.98093e-05,-1.45162e-05
-1.4264e-05,-1.94471e-05,-2.49382e-05,-3.04051e-05,-3.55804e-05,-4.02821e-05,-4.43806e-05,-4.77925e-05,-5.04403e-05,-5.22687e-05,-5.32018e-05,-5.31913e-05,-5.22643e-05,-5.04417e-05,-4.77856e-05,-4.43838e-05,-4.02866e-05,-3.55775e-05,-3.04057e-05,-2.49443e-05,-1.94427e-05,-1.42366e-05
-1.39731e-05,-1.90807e-05,-2.44948e-05,-2.98804e-05,-3.4978e-05,-3.96082e-05,-4.36439e-05,-4.70012e-05,-4.96056e-05,-5.13987e-05,-5.23165e-05,-5.23079e-05,-5.13984e-05,-4.96041e-05,-4.69972e-05,-4.36456e-05,-3.96069e-05,-3.49723e-05,-2.98776e-05,-2.44985e-05,-1.90837e-05,-1.39584e-05
-1.37042e-05,-1.87354e-05,-2.40638e-05,-2.93717e-05,-3.43956e-05,-3.89581e-05,-4.29308e-05,-4.62365e-05,-4.87991e-05,-5.05644e-05,-5.14672e-05,-5.14603e-05,-5.0562e-05,-4.8799e-05,-4.62306e-05,-4.2933e-05,-3.89571e-05,-3.43895e-05,-2.93696e-05,-2.40715e-05,-1.87327e-05,-1.36924e-05
-1.34395e-05,-1.83884e-05,-2.36408e-05,-2.88706e-05,-3.38222e-05,-3.83133e-05,-4.22306e-05,-4.54809e-05,-4.80036e-05,-4.97388e-05,-5.0624e-05,-5.06187e-05,-4.97339e-05,-4.80017e-05,-4.5477e-05,-4.22285e-05,-3.83131e-05,-3.38157e-05,-2.8867e-05,-2.36441e-05,-1.83872e-05,-1.34271e-05
-1.31823e-05,-1.80568e-05,-2.32306e-05,-2.83813e-05,-3.32562e-05,-3.76882e-05,-4.15443e-05,-4.47465e-05,-4.72264e-05,-4.89345e-05,-4.98057e-05,-4.98008e-05,-4.89307e-05,-4.72266e-05,-4.47411e-05,-4.15475e-05,-3.76895e-05,-3.32575e-05,-2.83801e-05,-2.32336e-05,-1.80513e-05,-1.31691e-05
-1.29148e-05,-1.77302e-05,-2.28267e-05,-2.79042e-05,-3.27125e-05,-3.70757e-05,-4.08748e-05,-4.40292e-05,-4.64725e-05,-4.8153e-05,-4.9007e-05,-4.90031e-05,-4.81474e-05,-4.6469e-05,-4.40242e-05,-4.08808e-05,-3.70807e-05,-3.27082e-05,-2.79026e-05,-2.28302e-05,-1.77248e-05,-1.29211e-05
-1.26822e-05,-1.74049e-05,-2.24233e-05,-2.74314e-05,-3.217e-05,-3.64663e-05,-4.02103e-05,-4.33146e-05,-4.57149e-05,-4.73684e-05,-4.8209e-05,-4.82054e-05,-4.7364e-05,-4.57138e-05,-4.33096e-05,-4.02132e-05,-3.64664e-05,-3.21644e-05,-2.74276e-05,-2.24299e-05,-1.74031e-05,-1.26697e-05
-1.24424e-05,-1.70916e-05,-2.20346e-05,-2.69711e-05,-3.16428e-05,-3.58746e-05,-3.95636e-05,-4.26219e-05,-4.49846e-05,-4.66104e-05,-4.74418e-05,-4.74333e-05,-4.66084e-05,-4.49846e-05,-4.26151e-05,-3.95684e-05,-3.58779e-05,-3.16348e-05,-2.69678e-05,-2.20422e-05,-1.70888e-05,-1.2428e-05
-1.22076e-05,-1.67818e-05,-2.16559e-05,-2.65192e-05,-3.11232e-05,-3.52982e-05,-3.89311e-05,-4.19394e-05,-4.42673e-05,-4.58686e-05,-4.66831e-05,-4.66749e-05,-4.58611e-05,-4.42657e-05,-4.19329e-05,-3.89306e-05,-3.52991e-05,-3.11194e-05,-2.65153e-05,-2.16613e-05,-1.67795e-05,-1.21912e-05
-1.1977e-05,-1.64813e-05,-2.12803e-05,-2.60749e-05,-3.06105e-05,-3.47281e-05,-3.83049e-05,-4.12724e-05,-4.35603e-05,-4.51337e-05,-4.59371e-05,-4.59304e-05,-4.51283e-05,-4.35609e-05,-4.12644e-05,-3.83114e-05,-3.4726e-05,-3.06094e-05,-2.60726e-05,-2.12863e-05,-1.64761e-05,-1.19646e-05
-1.17459e-05,-1.61806e-05,-2.09108e-05,-2.56353e-05,-3.01106e-05,-3.41642e-05,-3.76906e-05,-4.06121e-05,-4.28628e-05,-4.44127e-05,-4.52027e-05,-4.51958e-05,-4.44105e-05,-4.28621e-05,-4.06059e-05,-3.76971e-05,-3.41687e-05,-3.0105e-05,-2.56361e-05,-2.09169e-05,-1.61783e-05,-1.17335e-05
-1.15255e-05,-1.58904e-05,-2.05526e-05,-2.52106e-05,-2.96206e-05,-3.36188e-05,-3.70915e-05,-3.99667e-05,-4.21848e-05,-4.37096e-05,-4.44857e-05,-4.44791e-05,-4.37024e-05,-4.21829e-05,-3.99624e-05,-3.70934e-05,-3.36206e-05,-2.96152e-05,-2.52085e-05,-2.05596e-05,-1.58894e-05,-1.15095e-05
-1.13104e-05,-1.56079e-05,-2.02007e-05,-2.47951e-05,-2.91445e-05,-3.3081e-05,-3.65053e-05,-3.93377e-05,-4.15227e-05,-4.30225e-05,-4.37873e-05,-4.37791e-05,-4.30172e-05,-4.15205e-05,-3.93344e-05,-3.65072e-05,-3.30836e-05,-2.91373e-05,-2.4793e-05,-2.02042e-05,-1.56058e-05,-1.13021e-05
-1.10929e-05,-1.53268e-05,-1.98502e-05,-2.43786e-05,-2.86639e-05,-3.25468e-05,-3.59189e-05,-3.87086e-05,-4.0856e-05,-4.23338e-05,-4.3084e-05,-4.30819e-05,-4.23294e-05,-4.08573e-05,-3.87039e-05,-3.59227e-05,-3.25483e-05,-2.86592e-05,-2.43751e-05,-1.98542e-05,-1.53231e-05,-1.10781e-05
-1.08842e-05,-1.50532e-05,-1.95084e-05,-2.39745e-05,-2.82005e-05,-3.20288e-05,-3.53521e-05,-3.81009e-05,-4.02152e-05,-4.16668e-05,-4.241e-05,-4.24016e-05,-4.16649e-05,-4.02146e-05,-3.80932e-05,-3.53564e-05,-3.20287e-05,-2.81941e-05,-2.39713e-05,-1.95152e-05,-1.50525e-05,-1.08707e-05
-1.06817e-05,-1.47892e-05,-1.91782e-05,-2.35813e-05,-2.77489e-05,-3.15242e-05,-3.48e-05,-3.75076e-05,-3.95894e-05,-4.10211e-05,-4.17496e-05,-4.17419e-05,-4.1019e-05,-3.95895e-05,-3.75014e-05,-3.48049e-05,-3.15254e-05,-2.77459e-05,-2.358e-05,-1.9184e-05,-1.47833e-05,-1.06653e-05
-1.04813e-05,-1.45189e-05,-1.88487e-05,-2.31882e-05,-2.72969e-05,-3.1016e-05,-3.42455e-05,-3.69104e-05,-3.89608e-05,-4.03672e-05,-4.10824e-05,-4.10798e-05,-4.03631e-05,-3.89616e-05,-3.69068e-05,-3.4249e-05,-3.10143e-05,-2.72902e-05,-2.31846e-05,-1.88549e-05,-1.45159e-05,-1.04661e-05
-1.03017e-05,-1.42675e-05,-1.85334e-05,-2.28113e-05,-2.68626e-05,-3.05303e-05,-3.37145e-05,-3.63405e-05,-3.83615e-05,-3.97451e-05,-4.04491e-05,-4.04424e-05,-3.97419e-05,-3.83638e-05,-3.63333e-05,-3.37191e-05,-3.05302e-05,-2.68563e-05,-2.28086e-05,-1.85364e-05,-1.42632e-05,-1.02762e-05
-1.00945e-05,-1.40124e-05,-1.82176e-05,-2.24384e-05,-2.64299e-05,-3.00492e-05,-3.31871e-05,-3.57748e-05,-3.7765e-05,-3.91257e-05,-3.98182e-05,-3.98162e-05,-3.91205e-05,-3.77667e-05,-3.57662e-05,-3.31934e-05,-3.00508e-05,-2.64291e-05,-2.24356e-05,-1.82222e-05,-1.40092e-05,-1.00807e-05
-9.90614e-06,-1.37638e-05,-1.79058e-05,-2.20654e-05,-2.60059e-05,-2.95703e-05,-3.26654e-05,-3.52135e-05,-3.71734e-05,-3.85129e-05,-3.91959e-05,-3.91886e-05,-3.85088e-05,-3.71737e-05,-3.52078e-05,-3.26685e-05,-2.95723e-05,-2.60002e-05,-2.20658e-05,-1.79108e-05,-1.37589e-05,-9.89773e-06
-9.72076e-06,-1.35188e-05,-1.76043e-05,-2.1706e-05,-2.55916e-05,-2.91075e-05,-3.21566e-05,-3.46701e-05,-3.66001e-05,-3.79196e-05,-3.85882e-05,-3.85877e-05,-3.79178e-05,-3.65989e-05,-3.46643e-05,-3.21643e-05,-2.91117e-05,-2.55911e-05,-2.17077e-05,-1.76086e-05,-1.35175e-05,-9.70912e-06
-9.53851e-06,-1.32783e-05,-1.73041e-05,-2.13489e-05,-2.51782e-05,-2.86458e-05,-3.16507e-05,-3.41252e-05,-3.60232e-05,-3.73221e-05,-3.79855e-05,-3.79808e-05,-3.73213e-05,-3.60234e-05,-3.4122e-05,-3.16529e-05,-2.8646e-05,-2.51741e-05,-2.13462e-05,-1.73078e-05,-1.32755e-05,-9.52422e-06
-9.36458e-06,-1.30447e-05,-1.70129e-05,-2.10019e-05,-2.47806e-05,-2.8198e-05,-3.11622e-05,-3.35981e-05,-3.54689e-05,-3.67488e-05,-3.74017e-05,-3.73923e-05,-3.67463e-05,-3.54704e-05,-3.35945e-05,-3.11624e-05,-2.81976e-05,-2.47742e-05,-2.09993e-05,-1.70173e-05,-1.30405e-05,-9.35021e-06
-9.18723e-06,-1.28152e-05,-1.67245e-05,-2.06584e-05,-2.43849e-05,-2.7758e-05,-3.0676e-05,-3.30789e-05,-3.49216e-05,-3.61809e-05,-3.68229e-05,-3.68184e-05,-3.61787e-05,-3.49214e-05,-3.30749e-05,-3.06798e-05,-2.77574e-05,-2.43808e-05,-2.0657e-05,-1.67288e-05,-1.28114e-05,-9.17123e-06
-9.01841e-06,-1.25873e-05,-1.64436e-05,-2.03215e-05,-2.39949e-05,-2.7321e-05,-3.02008e-05,-3.25689e-05,-3.43833e-05,-3.56213e-05,-3.62546e-05,-3.62488e-05,-3.56187e-05,-3.43821e-05,-3.25653e-05,-3.0203e-05,-2.7323e-05,-2.39925e-05,-2.03191e-05,-1.6449e-05,-1.25859e-05,-8.99879e-06
-8.85011e-06,-1.23652e-05,-1.61653e-05,-1.99903e-05,-2.36152e-05,-2.68891e-05,-2.97322e-05,-3.20662e-05,-3.3852e-05,-3.50693e-05,-3.56914e-05,-3.56886e-05,-3.50709e-05,-3.38516e-05,-3.20598e-05,-2.97337e-05,-2.68944e-05,-2.36118e-05,-1.99867e-05,-1.61677e-05,-1.2363e-05,-8.83686e-06
-8.68715e-06,-1.21503e-05,-1.58944e-05,-1.96682e-05,-2.32427e-05,-2.6477e-05,-2.92765e-05,-3.15761e-05,-3.33359e-05,-3.45383e-05,-3.51476e-05,-3.51431e-05,-3.45347e-05,-3.33355e-05,-3.15701e-05,-2.92787e-05,-2.64783e-05,-2.32385e-05,-1.96654e-05,-1.58984e-05,-1.21462e-05,-8.67256e-06
-8.52778e-06,-1.19391e-05,-1.56297e-05,-1.93555e-05,-2.28791e-05,-2.60685e-05,-2.88298e-05,-3.10952e-05,-3.28288e-05,-3.40127e-05,-3.46149e-05,-3.46117e-05,-3.40106e-05,-3.28305e-05,-3.10936e-05,-2.88325e-05,-2.60672e-05,-2.28751e-05,-1.93478e-05,-1.56347e-05,-1.19362e-05,-8.51143e-06
-8.36865e-06,-1.17259e-05,-1.53666e-05,-1.90352e-05,-2.25136e-05,-2.56585e-05,-2.83816e-05,-3.06161e-05,-3.23228e-05,-3.34865e-05,-3.40799e-05,-3.40751e-05,-3.34877e-05,-3.23227e-05,-3.06112e-05,-2.83834e-05,-2.5661e-05,-2.25106e-05,-1.90325e-05,-1.53698e-05,-1.17244e-05,-8.35747e-06
-8.22019e-06,-1.153e-05,-1.51188e-05,-1.8739e-05,-2.21718e-05,-2.52784e-05,-2.79649e-05,-3.01681e-05,-3.18504e-05,-3.2997e-05,-3.35807e-05,-3.35775e-05,-3.29956e-05,-3.18479e-05,-3.01639e-05,-2.79634e-05,-2.52783e-05,-2.21692e-05,-1.87364e-05,-1.51229e-05,-1.15256e-05,-8.20199e-06
-8.06781e-06,-1.13255e-05,-1.48656e-05,-1.84359e-05,-2.18215e-05,-2.48829e-05,-2.75305e-05,-2.97037e-05,-3.13622e-05,-3.24922e-05,-3.30659e-05,-3.30606e-05,-3.24904e-05,-3.13616e-05,-2.96977e-05,-2.75333e-05,-2.4886e-05,-2.18187e-05,-1.8432e-05,-1.4868e-05,-1.13217e-05,-8.05532e-06
-7.91714e-06,-1.11248e-05,-1.46116e-05,-1.81328e-05,-2.14719e-05,-2.44906e-05,-2.71023e-05,-2.92416e-05,-3.08738e-05,-3.19874e-05,-3.25518e-05,-3.25483e-05,-3.19861e-05,-3.08741e-05,-2.92364e-05,-2.71047e-05,-2.44933e-05,-2.14688e-05,-1.81295e-05,-1.4615e-05,-1.11227e-05,-7.90322e-06
-7.77326e-06,-1.09328e-05,-1.43707e-05,-1.78442e-05,-2.11414e-05,-2.4118e-05,-2.66934e-05,-2.8802e-05,-3.04115e-05,-3.15087e-05,-3.20649e-05,-3.20605e-05,-3.15039e-05,-3.04134e-05,-2.87992e-05,-2.66951e-05,-2.41169e-05,-2.11355e-05,-1.78425e-05,-1.43719e-05,-1.09299e-05,-7.75907e-06
-7.63281e-06,-1.0745e-05,-1.41362e-05,-1.75604e-05,-2.08159e-05,-2.37537e-05,-2.62944e-05,-2.83739e-05,-2.9959e-05,-3.10394e-05,-3.15882e-05,-3.15825e-05,-3.10391e-05,-2.99596e-05,-2.83695e-05,-2.62956e-05,-2.37554e-05,-2.081e-05,-1.75606e-05,-1.4138e-05,-1.07424e-05,-7.61489e-06
-7.49464e-06,-1.05633e-05,-1.39061e-05,-1.7287e-05,-2.04943e-05,-2.33947e-05,-2.59021e-05,-2.79519e-05,-2.95138e-05,-3.05783e-05,-3.11179e-05,-3.1115e-05,-3.05769e-05,-2.9515e-05,-2.7949e-05,-2.59034e-05,-2.33948e-05,-2.04914e-05,-1.72838e-05,-1.39085e-05,-1.056e-05,-7.47853e-06
-7.35338e-06,-1.03752e-05,-1.36731e-05,-1.70061e-05,-2.0173e-05,-2.30317e-05,-2.55042e-05,-2.75258e-05,-2.9064e-05,-3.01126e-05,-3.06436e-05,-3.0641e-05,-3.01129e-05,-2.9065e-05,-2.7521e-05,-2.55051e-05,-2.30333e-05,-2.01677e-05,-1.70041e-05,-1.36751e-05,-1.03732e-05,-7.34172e-06
-7.21324e-06,-1.02046e-05,-1.34509e-05,-1.67417e-05,-1.98665e-05,-2.26889e-05,-2.51296e-05,-2.7123e-05,-2.86424e-05,-2.96694e-05,-3.01969e-05,-3.01899e-05,-2.96708e-05,-2.86429e-05,-2.71169e-05,-2.51319e-05,-2.26915e-05,-1.98648e-05,-1.67412e-05,-1.34547e-05,-1.02002e-05,-7.21781e-06
-7.0905e-06,-1.00238e-05,-1.32298e-05,-1.64783e-05,-1.95596e-05,-2.23414e-05,-2.4749e-05,-2.67159e-05,-2.82114e-05,-2.92269e-05,-2.97433e-05,-2.97393e-05,-2.92268e-05,-2.82116e-05,-2.67115e-05,-2.47511e-05,-2.23426e-05,-1.95542e-05,-1.64709e-05,-1.32329e-05,-1.00167e-05,-7.07971e-06
-6.96257e-06,-9.85258e-06,-1.30104e-05,-1.621e-05,-1.92524e-05,-2.1997e-05,-2.43709e-05,-2.63104e-05,-2.77845e-05,-2.87836e-05,-2.92936e-05,-2.92882e-05,-2.87834e-05,-2.77834e-05,-2.63056e-05,-2.43723e-05,-2.19996e-05,-1.92477e-05,-1.62081e-05,-1.30095e-05,-9.84818e-06,-6.94397e-06
-6.83682e-06,-9.68182e-06,-1.27991e-05,-1.59561e-05,-1.89572e-05,-2.16669e-05,-2.40083e-05,-2.59209e-05,-2.73748e-05,-2.83608e-05,-2.88593e-05,-2.88568e-05,-2.83591e-05,-2.73742e-05,-2.59144e-05,-2.40108e-05,-2.16709e-05,-1.89536e-05,-1.59539e-05,-1.27986e-05,-9.67851e-06,-6.82634e-06
-6.71295e-06,-9.51907e-06,-1.25895e-05,-1.57065e-05,-1.86674e-05,-2.13403e-05,-2.3653e-05,-2.55387e-05,-2.69696e-05,-2.79405e-05,-2.84324e-05,-2.843e-05,-2.79392e-05,-2.69701e-05,-2.55328e-05,-2.36534e-05,-2.13438e-05,-1.86646e-05,-1.57025e-05,-1.25902e-05,-9.51447e-06,-6.70083e-06
-6.58891e-06,-9.35326e-06,-1.2382e-05,-1.54556e-05,-1.83787e-05,-2.10173e-05,-2.32958e-05,-2.51573e-05,-2.6567e-05,-2.75257e-05,-2.80085e-05,-2.80091e-05,-2.75243e-05,-2.6567e-05,-2.5154e-05,-2.33002e-05,-2.10199e-05,-1.83772e-05,-1.54532e-05,-1.23841e-05,-9.34963e-06,-6.57753e-06
-6.47431e-06,-9.19779e-06,-1.21822e-05,-1.52173e-05,-1.81034e-05,-2.07048e-05,-2.29545e-05,-2.47908e-05,-2.61833e-05,-2.71265e-05,-2.76041e-05,-2.75975e-05,-2.71229e-05,-2.6181e-05,-2.47885e-05,-2.29563e-05,-2.07067e-05,-1.80971e-05,-1.52133e-05,-1.21832e-05,-9.1908e-06,-6.45442e-06
