0.000101397,0.000100261,9.8111e-05,9.51772e-05,9.15977e-05,8.76045e-05,8.33275e-05,7.88698e-05,7.42963e-05,6.96183e-05,6.48228e-05
9.30562e-05,9.20231e-05,9.00628e-05,8.73575e-05,8.40689e-05,8.03782e-05,7.63893e-05,7.22119e-05,6.79004e-05,6.34646e-05,5.89157e-05
8.59672e-05,8.50075e-05,8.32061e-05,8.07052e-05,7.7672e-05,7.42326e-05,7.05032e-05,6.65599e-05,6.24691e-05,5.82455e-05,5.39287e-05
7.90127e-05,7.81459e-05,7.65149e-05,7.42281e-05,7.14377e-05,6.82581e-05,6.47797e-05,6.10771e-05,5.72158e-05,5.32159e-05,4.91223e-05
7.33592e-05,7.25619e-05,7.10665e-05,6.89583e-05,6.63684e-05,6.33983e-05,6.01304e-05,5.66287e-05,5.29627e-05,4.91579e-05,4.52604e-05
6.84417e-05,6.77069e-05,6.63233e-05,6.43783e-05,6.1959e-05,5.91773e-05,5.60889e-05,5.27656e-05,4.9278e-05,4.5658e-05,4.19431e-05
6.34318e-05,6.27578e-05,6.14928e-05,5.9705e-05,5.74708e-05,5.48733e-05,5.19838e-05,4.88559e-05,4.55573e-05,4.21287e-05,3.86103e-05
5.93383e-05,5.87154e-05,5.7543e-05,5.58856e-05,5.37984e-05,5.13545e-05,4.86191e-05,4.5649e-05,4.25059e-05,3.92386e-05,3.58852e-05
5.55378e-05,5.49615e-05,5.38747e-05,5.2336e-05,5.03857e-05,4.80877e-05,4.54997e-05,4.26834e-05,3.96936e-05,3.65855e-05,3.33964e-05
5.21955e-05,5.16601e-05,5.06477e-05,4.92111e-05,4.73788e-05,4.52078e-05,4.27502e-05,4.00693e-05,3.72163e-05,3.42498e-05,3.12086e-05
4.9014e-05,4.85159e-05,4.75736e-05,4.62324e-05,4.45118e-05,4.24649e-05,4.01339e-05,3.7587e-05,3.48712e-05,3.20471e-05,2.91556e-05
4.61829e-05,4.57184e-05,4.48364e-05,4.35781e-05,4.19555e-05,4.0018e-05,3.78014e-05,3.53735e-05,3.27837e-05,3.00879e-05,2.73334e-05
4.35387e-05,4.31028e-05,4.22773e-05,4.10953e-05,3.95614e-05,3.77253e-05,3.56191e-05,3.33064e-05,3.08367e-05,2.82668e-05,2.5641e-05
4.11188e-05,4.0709e-05,3.99325e-05,3.88182e-05,3.7366e-05,3.56226e-05,3.36184e-05,3.14132e-05,2.9057e-05,2.66053e-05,2.41061e-05
3.89004e-05,3.85132e-05,3.77813e-05,3.6726e-05,3.53479e-05,3.36884e-05,3.17796e-05,2.96733e-05,2.74248e-05,2.50838e-05,2.27003e-05
3.68675e-05,3.64999e-05,3.58075e-05,3.48059e-05,3.34943e-05,3.19131e-05,3.00915e-05,2.80776e-05,2.59305e-05,2.36942e-05,2.14195e-05
3.49854e-05,3.46434e-05,3.39819e-05,3.30257e-05,3.1777e-05,3.02664e-05,2.85273e-05,2.66026e-05,2.45507e-05,2.24133e-05,2.0242e-05
3.31714e-05,3.28403e-05,3.22164e-05,3.13056e-05,3.01172e-05,2.86743e-05,2.70154e-05,2.51766e-05,2.32168e-05,2.11777e-05,1.91054e-05
3.15322e-05,3.12168e-05,3.06203e-05,2.97493e-05,2.86143e-05,2.72339e-05,2.56481e-05,2.38894e-05,2.20143e-05,2.00665e-05,1.80861e-05
3.00172e-05,2.97162e-05,2.91469e-05,2.83123e-05,2.72261e-05,2.59044e-05,2.43861e-05,2.27021e-05,2.09069e-05,1.90443e-05,1.71505e-05
2.86062e-05,2.83174e-05,2.77707e-05,2.69697e-05,2.59284e-05,2.46604e-05,2.32054e-05,2.15928e-05,1.98727e-05,1.80905e-05,1.62767e-05
2.7311e-05,2.70355e-05,2.65093e-05,2.57427e-05,2.47429e-05,2.35273e-05,2.21275e-05,2.05841e-05,1.89312e-05,1.7223e-05,1.54862e-05
2.60632e-05,2.57933e-05,2.52912e-05,2.45518e-05,2.35935e-05,2.24232e-05,2.10837e-05,1.96022e-05,1.80214e-05,1.6384e-05,1.47178e-05
2.49344e-05,2.46775e-05,2.41959e-05,2.34837e-05,2.25558e-05,2.14344e-05,2.0147e-05,1.87217e-05,1.72066e-05,1.56347e-05,1.40348e-05
2.38659e-05,2.36134e-05,2.31502e-05,2.24668e-05,2.15754e-05,2.04947e-05,1.92575e-05,1.78899e-05,1.64331e-05,1.49215e-05,1.33859e-05
2.27914e-05,2.25534e-05,2.21061e-05,2.14484e-05,2.05928e-05,1.95558e-05,1.83676e-05,1.70575e-05,1.56599e-05,1.42131e-05,1.2738e-05
2.18942e-05,2.16633e-05,2.12339e-05,2.05961e-05,1.97742e-05,1.8772e-05,1.76253e-05,1.63649e-05,1.50189e-05,1.36224e-05,1.22007e-05
2.09815e-05,2.07586e-05,2.03439e-05,1.97345e-05,1.89367e-05,1.79747e-05,1.68719e-05,1.56589e-05,1.43639e-05,1.30229e-05,1.16547e-05
2.01432e-05,1.99272e-05,1.95281e-05,1.89382e-05,1.81714e-05,1.72447e-05,1.61821e-05,1.50151e-05,1.3768e-05,1.24746e-05,1.11574e-05
1.93792e-05,1.91772e-05,1.87882e-05,1.82174e-05,1.74765e-05,1.65831e-05,1.5558e-05,1.4432e-05,1.3228e-05,1.19813e-05,1.07058e-05
1.8608e-05,1.84067e-05,1.80347e-05,1.74861e-05,1.67724e-05,1.59119e-05,1.49246e-05,1.38405e-05,1.26815e-05,1.14779e-05,1.02519e-05
1.78804e-05,1.7689e-05,1.73271e-05,1.67997e-05,1.61106e-05,1.52825e-05,1.43323e-05,1.32864e-05,1.21689e-05,1.10089e-05,9.82471e-06
1.72137e-05,1.70289e-05,1.66791e-05,1.617e-05,1.55048e-05,1.4706e-05,1.37893e-05,1.27795e-05,1.17004e-05,1.05795e-05,9.43477e-06
1.65748e-05,1.63965e-05,1.60584e-05,1.55671e-05,1.49252e-05,1.41548e-05,1.32706e-05,1.22954e-05,1.12534e-05,1.01702e-05,9.06321e-06
1.59871e-05,1.58135e-05,1.54875e-05,1.50141e-05,1.43924e-05,1.36482e-05,1.27936e-05,1.18506e-05,1.08429e-05,9.79467e-06,8.72223e-06
1.5401e-05,1.52349e-05,1.49182e-05,1.44605e-05,1.3862e-05,1.31441e-05,1.23198e-05,1.14081e-05,1.04346e-05,9.42035e-06,8.38292e-06
1.48469e-05,1.46862e-05,1.43809e-05,1.39383e-05,1.3361e-05,1.26681e-05,1.18726e-05,1.09917e-05,1.00502e-05,9.06909e-06,8.06345e-06
1.43236e-05,1.41683e-05,1.38734e-05,1.34457e-05,1.28885e-05,1.22192e-05,1.14507e-05,1.05986e-05,9.68775e-06,8.73758e-06,7.76233e-06
1.38258e-05,1.36752e-05,1.339e-05,1.29771e-05,1.2439e-05,1.17925e-05,1.10497e-05,1.02251e-05,9.34351e-06,8.4227e-06,7.47646e-06
1.33536e-05,1.32085e-05,1.29325e-05,1.25335e-05,1.20137e-05,1.13891e-05,1.06702e-05,9.87221e-06,9.01824e-06,8.12473e-06,7.20574e-06
1.28904e-05,1.27499e-05,1.24842e-05,1.20982e-05,1.15966e-05,1.09928e-05,1.02985e-05,9.52619e-06,8.69932e-06,7.83361e-06,6.94056e-06
1.24527e-05,1.23169e-05,1.20603e-05,1.16874e-05,1.12028e-05,1.06192e-05,9.94767e-06,9.19993e-06,8.39882e-06,7.55892e-06,6.69037e-06
1.20352e-05,1.19038e-05,1.1656e-05,1.12955e-05,1.08275e-05,1.02633e-05,9.61332e-06,8.88912e-06,8.11267e-06,7.29737e-06,6.45189e-06
1.16325e-05,1.15054e-05,1.12661e-05,1.09181e-05,1.04657e-05,9.92017e-06,9.29124e-06,8.5898e-06,7.83709e-06,7.04545e-06,6.22174e-06
1.12526e-05,1.11301e-05,1.08995e-05,1.05633e-05,1.01253e-05,9.59745e-06,8.98812e-06,8.30844e-06,7.57785e-06,6.80919e-06,5.99726e-06
1.08756e-05,1.07567e-05,1.05337e-05,1.02089e-05,9.78661e-06,9.27639e-06,8.68697e-06,8.02851e-06,7.32059e-06,6.57352e-06,5.78959e-06
1.05218e-05,1.0407e-05,1.01914e-05,9.87776e-06,9.46926e-06,8.97589e-06,8.40491e-06,7.76669e-06,7.07962e-06,6.3535e-06,5.58746e-06
1.01797e-05,1.00685e-05,9.86063e-06,9.55772e-06,9.16268e-06,8.68566e-06,8.13229e-06,7.51362e-06,6.8468e-06,6.14095e-06,5.37518e-06
9.851e-06,9.7436e-06,9.54274e-06,9.25023e-06,8.86891e-06,8.4065e-06,7.87086e-06,7.27074e-06,6.62326e-06,5.93691e-06,5.22589e-06
9.53739e-06,9.4338e-06,9.23947e-06,8.95702e-06,8.58799e-06,8.14071e-06,7.62147e-06,7.03937e-06,6.41029e-06,5.7426e-06,5.05026e-06
9.23094e-06,9.13052e-06,8.94332e-06,8.67049e-06,8.31406e-06,7.88084e-06,7.37785e-06,6.81315e-06,6.2022e-06,5.5528e-06,4.87879e-06
8.93761e-06,8.84034e-06,8.65997e-06,8.39617e-06,8.0511e-06,7.63246e-06,7.14492e-06,6.59677e-06,6.00332e-06,5.37133e-06,4.68125e-06
8.66117e-06,8.56779e-06,8.39298e-06,8.13746e-06,7.80445e-06,7.39928e-06,6.92551e-06,6.39343e-06,5.81634e-06,5.20057e-06,4.52353e-06
8.37955e-06,8.2889e-06,8.12072e-06,7.87499e-06,7.55208e-06,7.16031e-06,6.70182e-06,6.18596e-06,5.62531e-06,5.02679e-06,4.36248e-06
8.11439e-06,8.02696e-06,7.86454e-06,7.62714e-06,7.31515e-06,6.93581e-06,6.49164e-06,5.99089e-06,5.4457e-06,4.86293e-06,4.21131e-06
7.86454e-06,7.78015e-06,7.62376e-06,7.39424e-06,7.09214e-06,6.72462e-06,6.29362e-06,5.80678e-06,5.27679e-06,4.70872e-06,4.0691e-06
7.61967e-06,7.538e-06,7.38616e-06,7.16558e-06,6.87333e-06,6.51677e-06,6.09931e-06,5.62692e-06,5.11117e-06,4.5578e-06,3.93054e-06
7.37706e-06,7.29848e-06,7.15243e-06,6.93862e-06,6.65642e-06,6.31242e-06,5.90724e-06,5.44866e-06,4.94694e-06,4.40857e-06,3.79368e-06
7.14648e-06,7.07061e-06,6.92979e-06,6.72332e-06,6.45051e-06,6.11752e-06,5.72456e-06,5.27915e-06,4.79106e-06,4.26657e-06,3.6641e-06
6.92959e-06,6.85617e-06,6.72054e-06,6.52109e-06,6.25714e-06,5.93435e-06,5.55258e-06,5.11994e-06,4.64469e-06,4.1332e-06,3.54291e-06
6.72121e-06,6.65032e-06,6.51914e-06,6.32643e-06,6.07009e-06,5.75909e-06,5.38761e-06,4.96671e-06,4.50384e-06,4.00554e-06,3.3689e-06
6.5044e-06,6.43631e-06,6.30978e-06,6.12382e-06,5.87722e-06,5.57487e-06,5.21577e-06,4.80715e-06,4.35703e-06,3.8715e-06,3.30698e-06
6.30256e-06,6.23692e-06,6.11487e-06,5.93536e-06,5.69694e-06,5.40414e-06,5.0559e-06,4.65876e-06,4.22057e-06,3.74733e-06,3.19611e-06
6.11182e-06,6.04852e-06,5.93136e-06,5.75781e-06,5.52681e-06,5.24288e-06,4.90471e-06,4.51791e-06,4.09184e-06,3.62991e-06,3.09179e-06
5.92087e-06,5.85985e-06,5.74625e-06,5.57891e-06,5.35609e-06,5.08134e-06,4.7534e-06,4.37811e-06,3.96259e-06,3.51275e-06,2.98852e-06
5.75262e-06,5.69328e-06,5.58353e-06,5.42147e-06,5.20486e-06,4.93816e-06,4.61881e-06,4.25371e-06,3.84859e-06,3.41011e-06,2.89837e-06
5.57131e-06,5.51485e-06,5.4087e-06,5.2522e-06,5.04442e-06,4.78559e-06,4.47633e-06,4.12166e-06,3.72635e-06,3.29731e-06,2.80096e-06
5.39802e-06,5.34345e-06,5.24117e-06,5.09045e-06,4.88895e-06,4.63882e-06,4.3388e-06,3.99339e-06,3.60892e-06,3.19147e-06,2.7087e-06
5.24161e-06,5.18967e-06,5.09036e-06,4.94473e-06,4.74941e-06,4.5072e-06,4.21526e-06,3.87836e-06,3.5034e-06,3.0959e-06,2.62661e-06
5.07705e-06,5.02615e-06,4.93102e-06,4.79035e-06,4.60189e-06,4.36663e-06,4.08387e-06,3.75686e-06,3.39175e-06,2.99429e-06,2.53935e-06
4.92523e-06,4.87563e-06,4.78438e-06,4.64818e-06,4.46614e-06,4.23762e-06,3.96268e-06,3.64483e-06,3.28902e-06,2.90132e-06,2.45973e-06
4.78479e-06,4.73626e-06,4.64843e-06,4.51719e-06,4.34006e-06,4.11857e-06,3.85094e-06,3.54079e-06,3.19374e-06,2.81565e-06,2.38655e-06
4.63601e-06,4.59094e-06,4.50477e-06,4.37787e-06,4.20731e-06,3.99266e-06,3.73327e-06,3.43157e-06,3.0932e-06,2.72387e-06,2.3094e-06
4.49395e-06,4.44989e-06,4.3674e-06,4.24467e-06,4.07988e-06,3.87169e-06,3.61979e-06,3.32651e-06,2.99673e-06,2.63656e-06,2.23496e-06
4.36126e-06,4.31872e-06,4.23907e-06,4.12042e-06,3.96094e-06,3.75885e-06,3.51403e-06,3.22841e-06,2.90677e-06,2.55517e-06,2.16601e-06
4.23983e-06,4.19889e-06,4.12154e-06,4.00677e-06,3.85212e-06,3.65557e-06,3.41725e-06,3.1386e-06,2.82439e-06,2.48088e-06,2.10325e-06
4.10974e-06,4.07007e-06,3.99577e-06,3.88478e-06,3.73523e-06,3.54475e-06,3.31334e-06,3.04229e-06,2.73614e-06,2.40096e-06,2.03519e-06
3.99044e-06,3.95212e-06,3.88035e-06,3.77297e-06,3.62809e-06,3.44311e-06,3.21805e-06,2.95393e-06,2.65518e-06,2.32787e-06,1.97299e-06
3.87542e-06,3.83837e-06,3.76905e-06,3.66513e-06,3.52473e-06,3.34504e-06,3.1261e-06,2.86868e-06,2.57712e-06,2.25742e-06,1.91284e-06
3.76419e-06,3.7284e-06,3.66139e-06,3.56083e-06,3.42471e-06,3.25016e-06,3.03713e-06,2.7862e-06,2.5016e-06,2.18932e-06,1.85449e-06
3.65903e-06,3.6243e-06,3.55964e-06,3.46213e-06,3.33009e-06,3.1603e-06,2.9527e-06,2.70794e-06,2.43008e-06,2.12508e-06,1.79901e-06
3.55536e-06,3.52184e-06,3.45941e-06,3.3651e-06,3.23687e-06,3.0717e-06,2.86999e-06,2.63113e-06,2.35971e-06,2.06158e-06,1.74433e-06
3.45393e-06,3.42156e-06,3.361e-06,3.26969e-06,3.14541e-06,2.98514e-06,2.78855e-06,2.55578e-06,2.29081e-06,1.99946e-06,1.6904e-06
3.36047e-06,3.32946e-06,3.27036e-06,3.18191e-06,3.06109e-06,2.90524e-06,2.71357e-06,2.4865e-06,2.2273e-06,1.94255e-06,1.64084e-06
3.26708e-06,3.23679e-06,3.18013e-06,3.09436e-06,2.97706e-06,2.82538e-06,2.6387e-06,2.41675e-06,2.16379e-06,1.88544e-06,1.59083e-06
3.17675e-06,3.14744e-06,3.09252e-06,3.00947e-06,2.89553e-06,2.74795e-06,2.56625e-06,2.34971e-06,2.1025e-06,1.83014e-06,1.54253e-06
3.08652e-06,3.05816e-06,3.00513e-06,2.92468e-06,2.8142e-06,2.6708e-06,2.49359e-06,2.28252e-06,2.0411e-06,1.77513e-06,1.49402e-06
3.00183e-06,2.97438e-06,2.92307e-06,2.84507e-06,2.73776e-06,2.59821e-06,2.42549e-06,2.21943e-06,1.98351e-06,1.72348e-06,1.44866e-06
2.92175e-06,2.89511e-06,2.84551e-06,2.76976e-06,2.66549e-06,2.52953e-06,2.36092e-06,2.15963e-06,1.92902e-06,1.67478e-06,1.40576e-06
2.84153e-06,2.81584e-06,2.76775e-06,2.6944e-06,2.59307e-06,2.4608e-06,2.2965e-06,2.09995e-06,1.87449e-06,1.62578e-06,1.36293e-06
2.76507e-06,2.7402e-06,2.69365e-06,2.62249e-06,2.52401e-06,2.39521e-06,2.2349e-06,2.04293e-06,1.82249e-06,1.57922e-06,1.32215e-06
2.69151e-06,2.6675e-06,2.62226e-06,2.55326e-06,2.45754e-06,2.3321e-06,2.17566e-06,1.98816e-06,1.7725e-06,1.53458e-06,1.28307e-06
2.61949e-06,2.59611e-06,2.55252e-06,2.48552e-06,2.3925e-06,2.27025e-06,2.11754e-06,1.93427e-06,1.7235e-06,1.49081e-06,1.24471e-06
2.54923e-06,2.52665e-06,2.48442e-06,2.41949e-06,2.32903e-06,2.20994e-06,2.06105e-06,1.88193e-06,1.67578e-06,1.44807e-06,1.20747e-06
2.48125e-06,2.4594e-06,2.41845e-06,2.35545e-06,2.26752e-06,2.15157e-06,2.00618e-06,1.83117e-06,1.62954e-06,1.40675e-06,1.17141e-06
2.41583e-06,2.39467e-06,2.35498e-06,2.29386e-06,2.20835e-06,2.09533e-06,1.95339e-06,1.78231e-06,1.58505e-06,1.36703e-06,1.13677e-06
2.35236e-06,2.33187e-06,2.29342e-06,2.23409e-06,2.1509e-06,2.04072e-06,1.90211e-06,1.73486e-06,1.54185e-06,1.32849e-06,1.1032e-06
2.29084e-06,2.27099e-06,2.23372e-06,2.17612e-06,2.09518e-06,1.98778e-06,1.85239e-06,1.68884e-06,1.49999e-06,1.29117e-06,1.07073e-06
2.2308e-06,2.21158e-06,2.17546e-06,2.11955e-06,2.04082e-06,1.93611e-06,1.80389e-06,1.64399e-06,1.45918e-06,1.25482e-06,1.03913e-06
2.17281e-06,2.1542e-06,2.11918e-06,2.06492e-06,1.98829e-06,1.88618e-06,1.75702e-06,1.60063e-06,1.41979e-06,1.21971e-06,1.00865e-06
2.11632e-06,2.09828e-06,2.06433e-06,2.01163e-06,1.93706e-06,1.83748e-06,1.7113e-06,1.55837e-06,1.38135e-06,1.18554e-06,9.79001e-07
2.06169e-06,2.04419e-06,2.01127e-06,1.96011e-06,1.88751e-06,1.79038e-06,1.66707e-06,1.51746e-06,1.34418e-06,1.15248e-06,9.50358e-07
2.0089e-06,1.99193e-06,1.96001e-06,1.91026e-06,1.83958e-06,1.74481e-06,1.6243e-06,1.47792e-06,1.30826e-06,1.12056e-06,9.227e-07
1.95746e-06,1.94106e-06,1.91008e-06,1.86178e-06,1.79292e-06,1.70044e-06,1.5826e-06,1.4394e-06,1.27329e-06,1.08949e-06,8.95857e-07
1.90749e-06,1.89156e-06,1.86148e-06,1.81453e-06,1.74747e-06,1.65718e-06,1.54201e-06,1.40187e-06,1.23922e-06,1.05927e-06,8.69741e-07
1.85892e-06,1.84347e-06,1.81429e-06,1.76867e-06,1.70334e-06,1.61522e-06,1.50263e-06,1.36548e-06,1.20621e-06,1.02998e-06,8.44469e-07
1.81158e-06,1.7966e-06,1.76827e-06,1.72393e-06,1.66028e-06,1.57428e-06,1.46418e-06,1.32998e-06,1.17403e-06,1.00149e-06,8.19903e-07
1.76593e-06,1.75137e-06,1.72388e-06,1.68076e-06,1.61874e-06,1.53478e-06,1.4271e-06,1.29574e-06,1.14299e-06,9.73998e-07,7.96224e-07
1.7214e-06,1.7073e-06,1.68062e-06,1.63872e-06,1.57824e-06,1.49626e-06,1.39094e-06,1.26236e-06,1.11275e-06,9.47216e-07,7.73186e-07
1.67814e-06,1.6645e-06,1.63856e-06,1.59778e-06,1.53891e-06,1.45883e-06,1.35583e-06,1.22995e-06,1.08338e-06,9.21243e-07,7.50859e-07
1.6359e-06,1.62264e-06,1.59748e-06,1.55784e-06,1.50043e-06,1.42221e-06,1.32147e-06,1.19823e-06,1.05467e-06,8.95866e-07,7.29093e-07
1.59535e-06,1.58251e-06,1.55804e-06,1.51949e-06,1.46351e-06,1.38707e-06,1.28851e-06,1.16779e-06,1.02712e-06,8.71526e-07,7.08226e-07
1.55566e-06,1.54316e-06,1.51941e-06,1.4819e-06,1.4273e-06,1.35264e-06,1.25617e-06,1.13798e-06,1.00015e-06,8.47724e-07,6.87829e-07
1.5175e-06,1.50534e-06,1.48226e-06,1.44575e-06,1.39251e-06,1.31953e-06,1.22509e-06,1.10929e-06,9.74216e-07,8.24825e-07,6.68248e-07
1.47982e-06,1.46806e-06,1.44565e-06,1.41015e-06,1.35817e-06,1.28687e-06,1.19444e-06,1.08103e-06,9.48672e-07,8.02325e-07,6.49032e-07
1.4432e-06,1.43178e-06,1.40998e-06,1.37541e-06,1.32472e-06,1.25504e-06,1.16459e-06,1.05352e-06,9.23821e-07,7.80457e-07,6.30353e-07
1.40792e-06,1.39685e-06,1.37565e-06,1.342e-06,1.29254e-06,1.2244e-06,1.13588e-06,1.02704e-06,8.99914e-07,7.5941e-07,6.1241e-07
1.37349e-06,1.36274e-06,1.34213e-06,1.30937e-06,1.26109e-06,1.19452e-06,1.10776e-06,1.00116e-06,8.76568e-07,7.38872e-07,5.94911e-07
1.33964e-06,1.32919e-06,1.30917e-06,1.27726e-06,1.23016e-06,1.16505e-06,1.08017e-06,9.75736e-07,8.53623e-07,7.18732e-07,5.77781e-07
1.30752e-06,1.29735e-06,1.27785e-06,1.24679e-06,1.20078e-06,1.13712e-06,1.05396e-06,9.51576e-07,8.31842e-07,6.99591e-07,5.6151e-07
1.27578e-06,1.26592e-06,1.24703e-06,1.21676e-06,1.17184e-06,1.10955e-06,1.0281e-06,9.27781e-07,8.10405e-07,6.80747e-07,5.45524e-07
1.24552e-06,1.23597e-06,1.21755e-06,1.18804e-06,1.14412e-06,1.08324e-06,1.00344e-06,9.05083e-07,7.89937e-07,6.62811e-07,5.30271e-07
1.21491e-06,1.20557e-06,1.1877e-06,1.15891e-06,1.11612e-06,1.05656e-06,9.78402e-07,8.82044e-07,7.69186e-07,6.44693e-07,5.14947e-07
1.1857e-06,1.17671e-06,1.15924e-06,1.13125e-06,1.08942e-06,1.03113e-06,9.54553e-07,8.60104e-07,7.4945e-07,6.2738e-07,5.00308e-07
1.15735e-06,1.14858e-06,1.13161e-06,1.10432e-06,1.06348e-06,1.00638e-06,9.31406e-07,8.38783e-07,7.30265e-07,6.1061e-07,4.8613e-07
1.1299e-06,1.12141e-06,1.10491e-06,1.07828e-06,1.03833e-06,9.82523e-07,9.08959e-07,8.1815e-07,7.1173e-07,5.94385e-07,4.72447e-07
1.1029e-06,1.09462e-06,1.0786e-06,1.05268e-06,1.01361e-06,9.5897e-07,8.86901e-07,7.9786e-07,6.93488e-07,5.78473e-07,4.59041e-07
1.07683e-06,1.06877e-06,1.05315e-06,1.02786e-06,9.89683e-07,9.36261e-07,8.6558e-07,7.78268e-07,6.759e-07,5.63136e-07,4.46082e-07
1.05083e-06,1.04302e-06,1.02782e-06,1.00316e-06,9.65914e-07,9.13572e-07,8.44354e-07,7.58766e-07,6.58381e-07,5.47872e-07,4.33267e-07
1.02631e-06,1.01874e-06,1.00396e-06,9.79877e-07,9.43439e-07,8.92201e-07,8.24311e-07,7.40367e-07,6.4187e-07,5.33472e-07,4.21156e-07
1.00219e-06,9.94813e-07,9.80395e-07,9.56952e-07,9.21342e-07,8.71157e-07,8.04585e-07,7.22262e-07,6.25626e-07,5.19341e-07,4.09293e-07
9.78411e-07,9.71223e-07,9.57225e-07,9.3433e-07,8.99509e-07,8.50365e-07,7.85136e-07,7.04385e-07,6.09619e-07,5.05416e-07,3.97626e-07
9.55709e-07,9.48729e-07,9.3509e-07,9.12755e-07,8.78717e-07,8.30569e-07,7.66585e-07,6.87347e-07,5.94352e-07,4.9214e-07,3.86508e-07
9.33729e-07,9.26926e-07,9.13608e-07,8.91753e-07,8.58359e-07,8.1123e-07,7.48403e-07,6.70688e-07,5.79491e-07,4.7928e-07,3.75781e-07
9.11505e-07,9.04893e-07,8.91955e-07,8.70701e-07,8.38135e-07,7.91935e-07,7.30419e-07,6.54159e-07,5.64656e-07,4.66372e-07,3.64977e-07
8.90665e-07,8.84223e-07,8.71646e-07,8.50851e-07,8.1899e-07,7.73714e-07,7.13364e-07,6.38519e-07,5.50659e-07,4.54221e-07,3.54844e-07
8.69893e-07,8.63639e-07,8.51402e-07,8.31103e-07,7.99897e-07,7.55551e-07,6.96356e-07,6.22932e-07,5.36712e-07,4.42155e-07,3.44795e-07
8.49883e-07,8.43833e-07,8.31888e-07,8.1205e-07,7.81511e-07,7.38061e-07,6.79962e-07,6.07902e-07,5.23317e-07,4.30551e-07,3.35125e-07
8.3046e-07,8.24545e-07,8.12929e-07,7.93536e-07,7.63703e-07,7.21062e-07,6.64052e-07,5.93311e-07,5.10277e-07,4.19304e-07,3.25757e-07
8.1154e-07,8.05771e-07,7.94446e-07,7.75533e-07,7.46256e-07,7.04471e-07,6.48513e-07,5.79134e-07,4.97633e-07,4.08362e-07,3.16681e-07
7.92866e-07,7.87256e-07,7.76223e-07,7.57742e-07,7.29113e-07,6.88118e-07,6.33241e-07,5.65101e-07,4.85112e-07,3.97562e-07,3.07738e-07
7.74782e-07,7.69344e-07,7.58582e-07,7.405e-07,7.1245e-07,6.72306e-07,6.18436e-07,5.51537e-07,4.73078e-07,3.87157e-07,2.99123e-07
7.56854e-07,7.51547e-07,7.41051e-07,7.23392e-07,6.95963e-07,6.56587e-07,6.03733e-07,5.38094e-07,4.61076e-07,3.76839e-07,2.90596e-07
7.39863e-07,7.34684e-07,7.24443e-07,7.07183e-07,6.80322e-07,6.41684e-07,5.89822e-07,5.2535e-07,4.49743e-07,3.67075e-07,2.82544e-07
7.23281e-07,7.18226e-07,7.08249e-07,6.91377e-07,6.65042e-07,6.27163e-07,5.76224e-07,5.12916e-07,4.38661e-07,3.57551e-07,2.74669e-07
7.07236e-07,7.02315e-07,6.92574e-07,6.76071e-07,6.50252e-07,6.13084e-07,5.63043e-07,5.00887e-07,4.2796e-07,3.4837e-07,2.67084e-07
6.91455e-07,6.86667e-07,6.77199e-07,6.61018e-07,6.35736e-07,5.99234e-07,5.50095e-07,4.89069e-07,4.17452e-07,3.39339e-07,2.59681e-07
6.75494e-07,6.70795e-07,6.61554e-07,6.45761e-07,6.20972e-07,5.85163e-07,5.36987e-07,4.77065e-07,4.06834e-07,3.30217e-07,2.52207e-07
6.60537e-07,6.5596e-07,6.46945e-07,6.31475e-07,6.07165e-07,5.72036e-07,5.24704e-07,4.65882e-07,3.96888e-07,3.21719e-07,2.45213e-07
6.45608e-07,6.41159e-07,6.32347e-07,6.17205e-07,5.93409e-07,5.58921e-07,5.12454e-07,4.54664e-07,3.86966e-07,3.13224e-07,2.3827e-07
6.31437e-07,6.27097e-07,6.18472e-07,6.03665e-07,5.80319e-07,5.46455e-07,5.00809e-07,4.44034e-07,3.77556e-07,3.05179e-07,2.31688e-07
6.17748e-07,6.13494e-07,6.05062e-07,5.90555e-07,5.67647e-07,5.34394e-07,4.89566e-07,4.33751e-07,3.68451e-07,2.97404e-07,2.25349e-07
6.04186e-07,6.00071e-07,5.91836e-07,5.77597e-07,5.55138e-07,5.22482e-07,4.7843e-07,4.23617e-07,3.59487e-07,2.89728e-07,2.19101e-07
5.91032e-07,5.86985e-07,5.78963e-07,5.65031e-07,5.42968e-07,5.10889e-07,4.67589e-07,4.13756e-07,3.50766e-07,2.82328e-07,2.13042e-07
5.78022e-07,5.74091e-07,5.6623e-07,5.52553e-07,5.30938e-07,4.99447e-07,4.56913e-07,4.04009e-07,3.42149e-07,2.75011e-07,2.07094e-07
5.65426e-07,5.61564e-07,5.53894e-07,5.40488e-07,5.19268e-07,4.88309e-07,4.46535e-07,3.94551e-07,3.33812e-07,2.67898e-07,2.01336e-07
5.53553e-07,5.49809e-07,5.42254e-07,5.29155e-07,5.08289e-07,4.77857e-07,4.36804e-07,3.85682e-07,3.26005e-07,2.6125e-07,1.95966e-07
5.41526e-07,5.37817e-07,5.30458e-07,5.17584e-07,4.97127e-07,4.67226e-07,4.26868e-07,3.76653e-07,3.1803e-07,2.54494e-07,1.90477e-07
5.29527e-07,5.25909e-07,5.1871e-07,5.0609e-07,4.86003e-07,4.56633e-07,4.17002e-07,3.67672e-07,3.10111e-07,2.47789e-07,1.85067e-07
5.18455e-07,5.14918e-07,5.07865e-07,4.9547e-07,4.75719e-07,4.46861e-07,4.07895e-07,3.59384e-07,3.02807e-07,2.41615e-07,1.80091e-07
5.07567e-07,5.04116e-07,4.9719e-07,4.85058e-07,4.65636e-07,4.37245e-07,3.98937e-07,3.51252e-07,2.95657e-07,2.35538e-07,1.75204e-07
4.96629e-07,4.93247e-07,4.86473e-07,4.74536e-07,4.55482e-07,4.27603e-07,3.89923e-07,3.43061e-07,2.88469e-07,2.29502e-07,1.70322e-07
4.85906e-07,4.82576e-07,4.75939e-07,4.64232e-07,4.45512e-07,4.18092e-07,3.81075e-07,3.3502e-07,2.81407e-07,2.23539e-07,1.65551e-07
4.75915e-07,4.72667e-07,4.66158e-07,4.54668e-07,4.36256e-07,4.09285e-07,3.72894e-07,3.27577e-07,2.7488e-07,2.18027e-07,1.61131e-07
4.65792e-07,4.62596e-07,4.56206e-07,4.44906e-07,4.26838e-07,4.00319e-07,3.64531e-07,3.2e-07,2.68221e-07,2.12429e-07,1.56661e-07
4.55889e-07,4.52757e-07,4.46492e-07,4.35395e-07,4.17618e-07,3.9154e-07,3.56359e-07,3.12588e-07,2.6174e-07,2.06978e-07,1.52308e-07
4.46717e-07,4.4364e-07,4.37481e-07,4.26575e-07,4.09075e-07,3.83415e-07,3.48804e-07,3.05728e-07,2.55749e-07,2.01948e-07,1.483e-07
4.37161e-07,4.34141e-07,4.28102e-07,4.17393e-07,4.002e-07,3.74971e-07,3.40937e-07,2.98611e-07,2.49507e-07,1.96708e-07,1.44123e-07
4.28125e-07,4.25159e-07,4.19229e-07,4.08703e-07,3.91793e-07,3.66972e-07,3.33496e-07,2.91872e-07,2.43615e-07,1.91772e-07,1.40201e-07
4.19475e-07,4.1656e-07,4.10736e-07,4.00378e-07,3.83752e-07,3.59318e-07,3.26381e-07,2.85438e-07,2.37992e-07,1.87065e-07,1.36468e-07
4.11026e-07,4.08188e-07,4.02451e-07,3.92277e-07,3.75888e-07,3.51838e-07,3.19431e-07,2.79145e-07,2.32524e-07,1.82484e-07,1.32846e-07
4.02584e-07,3.99785e-07,3.94149e-07,3.84135e-07,3.68022e-07,3.44352e-07,3.12465e-07,2.72838e-07,2.27008e-07,1.77894e-07,1.29216e-07
3.94217e-07,3.91463e-07,3.85943e-07,3.76086e-07,3.60227e-07,3.36949e-07,3.05588e-07,2.66633e-07,2.21586e-07,1.73368e-07,1.25646e-07
3.86118e-07,3.83417e-07,3.7797e-07,3.68286e-07,3.52686e-07,3.29777e-07,2.9893e-07,2.60617e-07,2.16347e-07,1.69001e-07,1.22202e-07
3.78309e-07,3.75644e-07,3.70294e-07,3.60756e-07,3.45422e-07,3.22863e-07,2.92509e-07,2.54815e-07,2.11309e-07,1.64808e-07,1.18907e-07
3.7086e-07,3.68218e-07,3.62955e-07,3.53568e-07,3.38463e-07,3.1626e-07,2.86376e-07,2.49285e-07,2.06511e-07,1.60818e-07,1.15777e-07
3.63381e-07,3.60806e-07,3.55626e-07,3.46372e-07,3.31503e-07,3.09637e-07,2.80231e-07,2.4373e-07,2.01688e-07,1.56821e-07,1.12635e-07
3.55993e-07,3.53454e-07,3.4836e-07,3.39272e-07,3.24629e-07,3.03121e-07,2.74168e-07,2.38283e-07,1.96942e-07,1.52889e-07,1.09549e-07
3.48908e-07,3.464e-07,3.41392e-07,3.32433e-07,3.18028e-07,2.96831e-07,2.6835e-07,2.33028e-07,1.92386e-07,1.49102e-07,1.06598e-07
3.41945e-07,3.39486e-07,3.34554e-07,3.25738e-07,3.11553e-07,2.90682e-07,2.62649e-07,2.27894e-07,1.87935e-07,1.45422e-07,1.03736e-07
3.35119e-07,3.32691e-07,3.27828e-07,3.19156e-07,3.05171e-07,2.84628e-07,2.57024e-07,2.22838e-07,1.83554e-07,1.41808e-07,1.00913e-07
3.28525e-07,3.26149e-07,3.21363e-07,3.128e-07,2.99047e-07,2.78801e-07,2.51635e-07,2.1798e-07,1.79356e-07,1.38333e-07,9.82081e-08
3.22031e-07,3.19673e-07,3.14955e-07,3.06548e-07,2.92984e-07,2.73072e-07,2.46312e-07,2.13206e-07,1.75211e-07,1.34921e-07,9.55591e-08
3.15685e-07,3.13376e-07,3.08723e-07,3.00447e-07,2.87077e-07,2.67462e-07,2.4112e-07,2.08544e-07,1.71182e-07,1.31601e-07,9.2986e-08
3.0955e-07,3.07272e-07,3.02706e-07,2.94523e-07,2.81379e-07,2.6204e-07,2.3611e-07,2.04035e-07,1.67302e-07,1.2841e-07,9.05182e-08
3.03519e-07,3.01268e-07,2.96769e-07,2.88715e-07,2.75749e-07,2.56712e-07,2.31163e-07,1.99608e-07,1.63481e-07,1.25272e-07,8.80907e-08
2.97461e-07,2.95248e-07,2.90816e-07,2.82884e-07,2.70109e-07,2.51358e-07,2.26217e-07,1.95159e-07,1.59643e-07,1.22117e-07,8.56562e-08
2.9165e-07,2.89468e-07,2.85101e-07,2.77293e-07,2.6471e-07,2.46235e-07,2.21477e-07,1.90909e-07,1.55978e-07,1.19109e-07,8.33447e-08
2.85996e-07,2.83845e-07,2.79531e-07,2.71841e-07,2.59443e-07,2.41234e-07,2.16853e-07,1.86771e-07,1.52413e-07,1.1619e-07,8.11019e-08
2.80517e-07,2.78393e-07,2.74145e-07,2.66564e-07,2.54346e-07,2.36402e-07,2.12388e-07,1.82773e-07,1.48976e-07,1.13377e-07,7.89427e-08
2.75026e-07,2.72933e-07,2.68747e-07,2.61276e-07,2.49229e-07,2.31562e-07,2.0791e-07,1.78765e-07,1.45531e-07,1.10564e-07,7.67801e-08
2.69784e-07,2.67716e-07,2.6358e-07,2.56224e-07,2.44357e-07,2.26941e-07,2.03641e-07,1.74943e-07,1.42263e-07,1.07898e-07,7.47437e-08
2.64498e-07,2.62466e-07,2.58396e-07,2.51136e-07,2.39437e-07,2.22283e-07,1.99338e-07,1.71097e-07,1.38947e-07,1.05193e-07,7.26746e-08
2.59479e-07,2.5748e-07,2.53463e-07,2.46308e-07,2.34769e-07,2.17864e-07,1.9526e-07,1.67457e-07,1.35822e-07,1.02651e-07,7.07394e-08
2.54498e-07,2.52521e-07,2.48565e-07,2.41505e-07,2.30136e-07,2.13473e-07,1.91206e-07,1.63832e-07,1.32721e-07,1.00126e-07,6.88154e-08
2.49721e-07,2.47771e-07,2.43875e-07,2.3691e-07,2.25699e-07,2.09271e-07,1.87335e-07,1.60378e-07,1.29766e-07,9.77323e-08,6.70051e-08
2.44932e-07,2.43006e-07,2.3917e-07,2.32298e-07,2.21244e-07,2.05056e-07,1.83444e-07,1.56909e-07,1.26794e-07,9.53167e-08,6.5166e-08
2.40278e-07,2.3838e-07,2.34583e-07,2.27819e-07,2.16925e-07,2.00963e-07,1.79672e-07,1.53544e-07,1.23926e-07,9.29944e-08,6.34057e-08
2.35788e-07,2.33906e-07,2.30166e-07,2.23492e-07,2.12744e-07,1.97016e-07,1.76031e-07,1.50304e-07,1.21158e-07,9.07545e-08,6.17145e-08
2.31287e-07,2.29434e-07,2.25744e-07,2.19158e-07,2.0856e-07,1.93054e-07,1.72381e-07,1.4705e-07,1.18382e-07,8.85094e-08,6.00214e-08
2.2693e-07,2.25084e-07,2.21462e-07,2.14965e-07,2.04514e-07,1.89227e-07,1.68857e-07,1.43915e-07,1.15709e-07,8.63509e-08,5.83945e-08
2.22698e-07,2.20893e-07,2.17302e-07,2.10899e-07,2.00585e-07,1.85515e-07,1.65439e-07,1.40877e-07,1.13122e-07,8.42685e-08,5.68298e-08
2.18496e-07,2.16712e-07,2.13173e-07,2.0685e-07,1.96684e-07,1.81824e-07,1.62044e-07,1.37857e-07,1.1055e-07,8.21948e-08,5.52714e-08
2.14468e-07,2.12709e-07,2.0922e-07,2.02981e-07,1.92951e-07,1.78297e-07,1.58804e-07,1.3498e-07,1.08104e-07,8.02292e-08,5.38046e-08
2.10422e-07,2.08679e-07,2.05237e-07,1.99081e-07,1.8919e-07,1.74743e-07,1.55532e-07,1.32074e-07,1.05636e-07,7.82446e-08,5.23146e-08
2.06543e-07,2.04826e-07,2.01431e-07,1.95351e-07,1.85594e-07,1.71343e-07,1.5241e-07,1.29303e-07,1.03288e-07,7.63616e-08,5.09087e-08
2.02693e-07,2.0099e-07,1.97643e-07,1.91645e-07,1.8202e-07,1.67969e-07,1.49308e-07,1.26553e-07,1.00952e-07,7.44886e-08,4.95179e-08
1.98943e-07,1.97263e-07,1.93962e-07,1.88043e-07,1.78545e-07,1.64688e-07,1.46295e-07,1.23885e-07,9.86912e-08,7.26796e-08,4.81688e-08
1.95298e-07,1.93634e-07,1.90377e-07,1.84538e-07,1.75164e-07,1.61499e-07,1.43367e-07,1.21294e-07,9.64984e-08,7.09316e-08,4.68709e-08
1.91705e-07,1.90064e-07,1.86853e-07,1.81086e-07,1.71838e-07,1.58357e-07,1.40485e-07,1.1874e-07,9.43387e-08,6.92047e-08,4.55943e-08
1.88179e-07,1.86554e-07,1.83386e-07,1.77694e-07,1.68568e-07,1.55271e-07,1.37655e-07,1.16237e-07,9.22252e-08,6.75202e-08,4.43487e-08
1.84761e-07,1.83153e-07,1.8003e-07,1.74409e-07,1.65404e-07,1.52286e-07,1.3492e-07,1.13818e-07,9.01841e-08,6.58962e-08,4.31526e-08
1.81365e-07,1.79775e-07,1.76693e-07,1.71145e-07,1.62257e-07,1.49319e-07,1.32199e-07,1.11416e-07,8.81575e-08,6.42846e-08,4.19639e-08
1.78068e-07,1.76448e-07,1.73456e-07,1.67978e-07,1.59206e-07,1.46442e-07,1.29563e-07,1.09088e-07,8.61942e-08,6.27261e-08,4.08175e-08
1.7484e-07,1.73232e-07,1.70285e-07,1.6488e-07,1.5622e-07,1.43629e-07,1.26986e-07,1.06816e-07,8.42835e-08,6.1211e-08,3.97003e-08
1.71655e-07,1.70115e-07,1.67158e-07,1.61818e-07,1.53272e-07,1.40849e-07,1.24443e-07,1.04572e-07,8.23961e-08,5.97148e-08,3.86099e-08
1.68553e-07,1.67028e-07,1.64112e-07,1.58839e-07,1.50403e-07,1.38148e-07,1.21971e-07,1.02396e-07,8.05667e-08,5.82697e-08,3.75543e-08
1.65514e-07,1.64004e-07,1.61129e-07,1.55918e-07,1.47593e-07,1.35501e-07,1.1955e-07,1.00262e-07,7.87749e-08,5.68517e-08,3.65196e-08
1.62532e-07,1.61035e-07,1.582e-07,1.53055e-07,1.44835e-07,1.32902e-07,1.17175e-07,9.81718e-08,7.70213e-08,5.54692e-08,3.55127e-08
1.59613e-07,1.58133e-07,1.55336e-07,1.50255e-07,1.42141e-07,1.30366e-07,1.14859e-07,9.61348e-08,7.53149e-08,5.41258e-08,3.45386e-08
1.56751e-07,1.55286e-07,1.52529e-07,1.4751e-07,1.39498e-07,1.27878e-07,1.12586e-07,9.4137e-08,7.36422e-08,5.28096e-08,3.35835e-08
1.53945e-07,1.52494e-07,1.49774e-07,1.44817e-07,1.36907e-07,1.25441e-07,1.10361e-07,9.21836e-08,7.20088e-08,5.1527e-08,3.26564e-08
1.51203e-07,1.49765e-07,1.47083e-07,1.42186e-07,1.34375e-07,1.2306e-07,1.08188e-07,9.02764e-08,7.04152e-08,5.02772e-08,3.17549e-08
1.48524e-07,1.47099e-07,1.44454e-07,1.39614e-07,1.31903e-07,1.20733e-07,1.06067e-07,8.84154e-08,6.8861e-08,4.90592e-08,3.08771e-08
1.45883e-07,1.44472e-07,1.41864e-07,1.37084e-07,1.29468e-07,1.18446e-07,1.03981e-07,8.65878e-08,6.73376e-08,4.78683e-08,3.00225e-08
1.433e-07,1.41901e-07,1.39329e-07,1.34607e-07,1.27086e-07,1.16207e-07,1.01941e-07,8.48008e-08,6.58491e-08,4.67062e-08,2.91897e-08
1.4078e-07,1.39391e-07,1.36856e-07,1.32188e-07,1.2476e-07,1.14021e-07,9.99497e-08,8.30573e-08,6.43974e-08,4.55734e-08,2.83786e-08
1.38294e-07,1.36811e-07,1.34419e-07,1.29808e-07,1.22472e-07,1.11873e-07,9.79933e-08,8.13464e-08,6.29748e-08,4.4465e-08,2.75878e-08
1.35864e-07,1.34501e-07,1.32036e-07,1.27477e-07,1.20233e-07,1.0977e-07,9.60797e-08,7.96733e-08,6.15845e-08,4.33839e-08,2.68168e-08
1.33477e-07,1.32125e-07,1.29696e-07,1.25191e-07,1.18035e-07,1.07707e-07,9.42034e-08,7.80348e-08,6.02252e-08,4.23281e-08,2.6067e-08
1.31146e-07,1.29801e-07,1.27403e-07,1.22952e-07,1.15884e-07,1.05689e-07,9.23687e-08,7.64328e-08,5.88971e-08,4.12974e-08,2.53361e-08
1.28819e-07,1.27518e-07,1.25155e-07,1.20756e-07,1.13775e-07,1.03709e-07,9.05703e-08,7.48637e-08,5.75978e-08,4.02924e-08,2.46247e-08
1.26579e-07,1.25291e-07,1.22962e-07,1.18613e-07,1.11716e-07,1.01778e-07,8.88151e-08,7.3334e-08,5.6332e-08,3.93134e-08,2.39331e-08
1.24377e-07,1.23098e-07,1.20801e-07,1.16503e-07,1.0969e-07,9.98796e-08,8.70919e-08,7.18329e-08,5.50909e-08,3.83553e-08,2.32588e-08
1.22233e-07,1.20961e-07,1.18699e-07,1.1445e-07,1.07717e-07,9.80304e-08,8.54136e-08,7.03715e-08,5.38835e-08,3.74238e-08,2.26048e-08
1.201e-07,1.18843e-07,1.16611e-07,1.12411e-07,1.05761e-07,9.61976e-08,8.37523e-08,6.89266e-08,5.26935e-08,3.65091e-08,2.19644e-08
1.18037e-07,1.1679e-07,1.14591e-07,1.10437e-07,1.03867e-07,9.44228e-08,8.21428e-08,6.75263e-08,5.15396e-08,3.56217e-08,2.13436e-08
1.15995e-07,1.14764e-07,1.12596e-07,1.08489e-07,1.01998e-07,9.26726e-08,8.05575e-08,6.61504e-08,5.04069e-08,3.47531e-08,2.07388e-08
1.1401e-07,1.12784e-07,1.10645e-07,1.06585e-07,1.00169e-07,9.09635e-08,7.9008e-08,6.4806e-08,4.93018e-08,3.39062e-08,2.01501e-08
1.12049e-07,1.10833e-07,1.08725e-07,1.0471e-07,9.83722e-08,8.92798e-08,7.74855e-08,6.34848e-08,4.82173e-08,3.30777e-08,1.95758e-08
1.10149e-07,1.08942e-07,1.06865e-07,1.02892e-07,9.66303e-08,8.76478e-08,7.60099e-08,6.2205e-08,4.71639e-08,3.22743e-08,1.90162e-08
1.08302e-07,1.06881e-07,1.05014e-07,1.0109e-07,9.48989e-08,8.6033e-08,7.45473e-08,6.09387e-08,4.61291e-08,3.1482e-08,1.84731e-08
1.06455e-07,1.05224e-07,1.03204e-07,9.93211e-08,9.32034e-08,8.44469e-08,7.31147e-08,5.97006e-08,4.5115e-08,3.07112e-08,1.79429e-08
1.04644e-07,1.03422e-07,1.01429e-07,9.75891e-08,9.1542e-08,8.28949e-08,7.17126e-08,5.84875e-08,4.41241e-08,2.99586e-08,1.7427e-08
1.02869e-07,1.01654e-07,9.96903e-08,9.58927e-08,8.99174e-08,8.13779e-08,7.0343e-08,5.73038e-08,4.31573e-08,2.92246e-08,1.69248e-08
1.01133e-07,9.99241e-08,9.79872e-08,9.42316e-08,8.83242e-08,7.98888e-08,6.89998e-08,5.61435e-08,4.22114e-08,2.85091e-08,1.64368e-08
9.94333e-08,9.82312e-08,9.63226e-08,9.26086e-08,8.67705e-08,7.84405e-08,6.76925e-08,5.50146e-08,4.12906e-08,2.78123e-08,1.59635e-08
9.77519e-08,9.65582e-08,9.46761e-08,9.10017e-08,8.52322e-08,7.70044e-08,6.63985e-08,5.39007e-08,4.0384e-08,2.71282e-08,1.5499e-08
9.61134e-08,9.49276e-08,9.30717e-08,8.94368e-08,8.37334e-08,7.56076e-08,6.51388e-08,5.28163e-08,3.95015e-08,2.64631e-08,1.50492e-08
9.45052e-08,9.3326e-08,9.14954e-08,8.78994e-08,8.22617e-08,7.42344e-08,6.39034e-08,5.17514e-08,3.86375e-08,2.58134e-08,1.46114e-08
9.293e-08,9.17582e-08,8.99545e-08,8.63953e-08,8.08222e-08,7.28919e-08,6.2695e-08,5.07133e-08,3.77946e-08,2.51807e-08,1.4186e-08
9.13805e-08,9.02163e-08,8.84359e-08,8.49175e-08,7.9408e-08,7.15746e-08,6.15102e-08,4.96932e-08,3.69691e-08,2.45617e-08,1.37709e-08
8.98562e-08,8.86981e-08,8.69429e-08,8.34602e-08,7.80141e-08,7.0276e-08,6.03425e-08,4.86916e-08,3.61584e-08,2.39557e-08,1.3367e-08
8.83706e-08,8.72196e-08,8.5489e-08,8.20422e-08,7.66576e-08,6.90148e-08,5.9208e-08,4.77182e-08,3.53705e-08,2.33671e-08,1.29747e-08
8.68977e-08,8.57524e-08,8.40453e-08,8.06356e-08,7.53125e-08,6.77616e-08,5.8084e-08,4.67545e-08,3.45938e-08,2.27887e-08,1.25917e-08
8.54638e-08,8.43257e-08,8.26416e-08,7.92677e-08,7.40037e-08,6.65446e-08,5.69913e-08,4.58183e-08,3.38388e-08,2.22268e-08,1.222e-08
8.40627e-08,8.29305e-08,8.12688e-08,7.79309e-08,7.27271e-08,6.53563e-08,5.59251e-08,4.49043e-08,3.31028e-08,2.16796e-08,1.18587e-08
8.26782e-08,8.15507e-08,7.99132e-08,7.66087e-08,7.1463e-08,6.41815e-08,5.4872e-08,4.40056e-08,3.23791e-08,2.11432e-08,1.15075e-08
8.13298e-08,8.02118e-08,7.85951e-08,7.53251e-08,7.02355e-08,6.30439e-08,5.38508e-08,4.31339e-08,3.1677e-08,2.06234e-08,1.11686e-08
7.99946e-08,7.88806e-08,7.72863e-08,7.40503e-08,6.90182e-08,6.19092e-08,5.28364e-08,4.22658e-08,3.09821e-08,2.01111e-08,1.08322e-08
7.8679e-08,7.75723e-08,7.59986e-08,7.27958e-08,6.78213e-08,6.07981e-08,5.18423e-08,4.14184e-08,3.03031e-08,1.96115e-08,1.05091e-08
7.74012e-08,7.63005e-08,7.47476e-08,7.15778e-08,6.66591e-08,5.97186e-08,5.08765e-08,4.05944e-08,2.96433e-08,1.91259e-08,1.01944e-08
7.61349e-08,7.50421e-08,7.35095e-08,7.03713e-08,6.55063e-08,5.86503e-08,4.99216e-08,3.97813e-08,2.89942e-08,1.86499e-08,9.88816e-09
7.49048e-08,7.3819e-08,7.23054e-08,6.91994e-08,6.43883e-08,5.76157e-08,4.89959e-08,3.89941e-08,2.83645e-08,1.81876e-08,9.59107e-09
7.36873e-08,7.26069e-08,7.11125e-08,6.80382e-08,6.3281e-08,5.65869e-08,4.80783e-08,3.8214e-08,2.77429e-08,1.77339e-08,9.30222e-09
7.24924e-08,7.14188e-08,6.99447e-08,6.6901e-08,6.21961e-08,5.55812e-08,4.71812e-08,3.74512e-08,2.71363e-08,1.7292e-08,9.02032e-09
7.13253e-08,7.02578e-08,6.88014e-08,6.57875e-08,6.11362e-08,5.45983e-08,4.63053e-08,3.67072e-08,2.65444e-08,1.68612e-08,8.74466e-09
7.01727e-08,6.91126e-08,6.7674e-08,6.46919e-08,6.00901e-08,5.36311e-08,4.54423e-08,3.59758e-08,2.59638e-08,1.64394e-08,8.4813e-09
6.90489e-08,6.79953e-08,6.65773e-08,6.36233e-08,5.90718e-08,5.26901e-08,4.46027e-08,3.52661e-08,2.53993e-08,1.60295e-08,8.22324e-09
6.79319e-08,6.68853e-08,6.54828e-08,6.25606e-08,5.80589e-08,5.17517e-08,4.37688e-08,3.45586e-08,2.48405e-08,1.56265e-08,7.9719e-09
6.6872e-08,6.58312e-08,6.44435e-08,6.15502e-08,5.70916e-08,5.0856e-08,4.29711e-08,3.3882e-08,2.43057e-08,1.52405e-08,7.73335e-09
6.57886e-08,6.47548e-08,6.3386e-08,6.05215e-08,5.61161e-08,4.99548e-08,4.21703e-08,3.3206e-08,2.37703e-08,1.4854e-08,7.49123e-09
6.47255e-08,6.36999e-08,6.23465e-08,5.9511e-08,5.51551e-08,4.90676e-08,4.13819e-08,3.25415e-08,2.32469e-08,1.44787e-08,7.26086e-09
6.37019e-08,6.26847e-08,6.13467e-08,5.85382e-08,5.42299e-08,4.82146e-08,4.06223e-08,3.19024e-08,2.27417e-08,1.41155e-08,7.0376e-09
6.26916e-08,6.16819e-08,6.03582e-08,5.75783e-08,5.33165e-08,4.73699e-08,3.98738e-08,3.1269e-08,2.22443e-08,1.37597e-08,6.82035e-09
6.16995e-08,6.06968e-08,5.93882e-08,5.66353e-08,5.24192e-08,4.65408e-08,3.91387e-08,3.06499e-08,2.17575e-08,1.34118e-08,6.60883e-09
6.07174e-08,5.9721e-08,5.84263e-08,5.57023e-08,5.15318e-08,4.57224e-08,3.84138e-08,3.00401e-08,2.12794e-08,1.30717e-08,6.40382e-09
5.97744e-08,5.87851e-08,5.75064e-08,5.48069e-08,5.06787e-08,4.49364e-08,3.77165e-08,2.94532e-08,2.08185e-08,1.27437e-08,6.20588e-09
5.88251e-08,5.78443e-08,5.65781e-08,5.3906e-08,4.98251e-08,4.41511e-08,3.70201e-08,2.88708e-08,2.03616e-08,1.24191e-08,6.01212e-09
5.78896e-08,5.69165e-08,5.56628e-08,5.30186e-08,4.89802e-08,4.33718e-08,3.63321e-08,2.82919e-08,1.99108e-08,1.21014e-08,5.8241e-09
5.69808e-08,5.60161e-08,5.47751e-08,5.21573e-08,4.81617e-08,4.26177e-08,3.56652e-08,2.77325e-08,1.94744e-08,1.17931e-08,5.64221e-09
5.60888e-08,5.51325e-08,5.39041e-08,5.1312e-08,4.73588e-08,4.18784e-08,3.50115e-08,2.71855e-08,1.90478e-08,1.14923e-08,5.46558e-09
5.52055e-08,5.4257e-08,5.3041e-08,5.0473e-08,4.6564e-08,4.11475e-08,3.4366e-08,2.66452e-08,1.86278e-08,1.11975e-08,5.29432e-09
5.4357e-08,5.34173e-08,5.22123e-08,4.96699e-08,4.58012e-08,4.04478e-08,3.37466e-08,2.61291e-08,1.82245e-08,1.09132e-08,5.12849e-09
