-0.0035175,-0.00348556,-0.00342422,-0.0033503,-0.00327278,-0.00320245,-0.00314107,-0.00308639,-0.00303044,-0.00296405,-0.00287699
-0.00351521,-0.00348215,-0.00342256,-0.00334892,-0.00326711,-0.00318871,-0.00311522,-0.00304404,-0.00296959,-0.00288134,-0.00277491
-0.00347845,-0.00344666,-0.00338746,-0.00331218,-0.00322838,-0.003145,-0.00306082,-0.00297699,-0.00288581,-0.00278194,-0.00265989
-0.00339748,-0.00336631,-0.00331097,-0.00323844,-0.00315352,-0.00306637,-0.0029755,-0.00288092,-0.00277687,-0.00265917,-0.00252546
-0.00335168,-0.00332148,-0.00326796,-0.00319594,-0.00310967,-0.00301821,-0.00292016,-0.00281567,-0.00269998,-0.00257082,-0.00242685
-0.00331347,-0.003285,-0.00323209,-0.00316063,-0.00307325,-0.0029774,-0.0028723,-0.00275937,-0.00263391,-0.00249576,-0.00234328
-0.00324462,-0.00321634,-0.00316558,-0.00309477,-0.00300673,-0.0029082,-0.00279865,-0.00267896,-0.00254589,-0.00240031,-0.00224249
-0.00318797,-0.00316008,-0.0031103,-0.00304013,-0.00295146,-0.00284987,-0.00273596,-0.00261051,-0.00247103,-0.00231974,-0.00215744
-0.00312863,-0.0031018,-0.00305255,-0.00298248,-0.00289316,-0.00278905,-0.00267121,-0.00254089,-0.00239645,-0.00224081,-0.00207553
-0.00307504,-0.00304889,-0.00299987,-0.00292984,-0.00283969,-0.00273316,-0.00261188,-0.00247712,-0.00232883,-0.00216964,-0.00200182
-0.00301326,-0.00298765,-0.00293876,-0.00286904,-0.00277781,-0.0026698,-0.00254591,-0.00240829,-0.00225672,-0.00209538,-0.0019268
-0.00295919,-0.0029338,-0.00288546,-0.00281453,-0.0027234,-0.00261334,-0.00248661,-0.00234593,-0.00219234,-0.00202897,-0.0018599
-0.00289494,-0.00287,-0.00282138,-0.00275074,-0.00265825,-0.00254676,-0.00241906,-0.00227664,-0.00212159,-0.00195799,-0.00178939
-0.00283908,-0.00281441,-0.00276532,-0.00269448,-0.00260112,-0.00248884,-0.00235946,-0.00221557,-0.0020595,-0.00189545,-0.00172724
-0.00277816,-0.00275352,-0.00270463,-0.00263303,-0.0025394,-0.00242586,-0.00229557,-0.00215085,-0.00199473,-0.00183128,-0.00166439
-0.00272943,-0.00270512,-0.00265573,-0.00258406,-0.00248886,-0.00237464,-0.00224325,-0.00209737,-0.0019409,-0.00177766,-0.00161191
-0.00267833,-0.00265361,-0.00260444,-0.00253106,-0.00243603,-0.00232074,-0.00218874,-0.00204233,-0.00188638,-0.00172357,-0.00155894
-0.00262167,-0.00259664,-0.00254724,-0.00247393,-0.00237818,-0.00226271,-0.00213053,-0.00198446,-0.00182862,-0.00166761,-0.00150501
-0.00256849,-0.00254377,-0.00249386,-0.00242017,-0.00232418,-0.00220824,-0.00207603,-0.0019302,-0.00177564,-0.001616,-0.00145531
-0.00252206,-0.00249731,-0.00244708,-0.00237299,-0.00227613,-0.00216069,-0.00202787,-0.00188264,-0.00172845,-0.00157012,-0.00141128
-0.00247037,-0.00244527,-0.00239499,-0.00232064,-0.00222406,-0.00210798,-0.00197591,-0.00183111,-0.00167864,-0.001522,-0.00136522
-0.00242435,-0.00239929,-0.00234834,-0.00227431,-0.0021773,-0.00206195,-0.00192991,-0.00178598,-0.00163426,-0.00147934,-0.00132443
-0.00237851,-0.00235298,-0.00230272,-0.00222821,-0.00213205,-0.00201568,-0.00188412,-0.00174076,-0.001591,-0.00143762,-0.00128468
-0.00233306,-0.00230749,-0.00225672,-0.00218228,-0.00208531,-0.00197026,-0.00183971,-0.00169732,-0.0015486,-0.00139731,-0.00124662
-0.00228715,-0.00226184,-0.00221077,-0.00213688,-0.00204068,-0.00192547,-0.00179538,-0.00165421,-0.00150773,-0.00135797,-0.00120916
-0.00223625,-0.00221034,-0.00216002,-0.00208583,-0.0019902,-0.00187635,-0.00174749,-0.00160841,-0.00146319,-0.00131603,-0.00116987
-0.00219684,-0.00217085,-0.00212061,-0.0020467,-0.00195164,-0.00183804,-0.00171005,-0.00157198,-0.00142846,-0.001283,-0.0011386
-0.00215285,-0.00212662,-0.00207685,-0.00200314,-0.00190832,-0.00179639,-0.00166899,-0.00153294,-0.00139087,-0.00124746,-0.00110536
-0.00210974,-0.00208395,-0.00203419,-0.00196102,-0.00186699,-0.00175548,-0.00162986,-0.00149483,-0.00135506,-0.00121358,-0.00107353
-0.00207142,-0.00204565,-0.00199636,-0.00192315,-0.00182991,-0.00171931,-0.00159504,-0.00146176,-0.00132291,-0.00118339,-0.00104527
-0.00202794,-0.0020025,-0.001953,-0.00188103,-0.00178862,-0.00167909,-0.00155621,-0.00142432,-0.00128807,-0.00115068,-0.00101472
-0.00198458,-0.0019594,-0.00191032,-0.00183893,-0.00174767,-0.00163965,-0.00151825,-0.00138849,-0.0012539,-0.00111882,-0.000985262
-0.00194431,-0.0019194,-0.0018707,-0.00180007,-0.00170965,-0.00160295,-0.00148308,-0.00135505,-0.00122243,-0.00108932,-0.000957855
-0.0019049,-0.00188022,-0.0018319,-0.0017621,-0.00167275,-0.0015673,-0.00144899,-0.00132277,-0.00119201,-0.001061,-0.000931547
-0.00186735,-0.0018425,-0.00179513,-0.00172592,-0.00163752,-0.00153359,-0.00141672,-0.00129235,-0.00116338,-0.00103427,-0.000906938
-0.00182855,-0.00180437,-0.00175694,-0.00168882,-0.00160159,-0.00149869,-0.00138388,-0.00126098,-0.00113428,-0.00100727,-0.000881891
-0.00178979,-0.00176593,-0.00171924,-0.00165186,-0.00156598,-0.00146474,-0.00135148,-0.00123053,-0.00110566,-0.000980725,-0.000857513
-0.00175186,-0.00172823,-0.00168227,-0.00161579,-0.00153117,-0.00143138,-0.00131985,-0.00120087,-0.00107813,-0.000955153,-0.000834057
-0.00171575,-0.00169207,-0.00164697,-0.00158142,-0.00149781,-0.00139955,-0.00128984,-0.00117262,-0.00105172,-0.000930852,-0.000811713
-0.00168055,-0.00165739,-0.00161289,-0.00154818,-0.00146589,-0.00136913,-0.00126076,-0.0011457,-0.00102675,-0.000907803,-0.000790725
-0.00164194,-0.00161924,-0.00157531,-0.00151175,-0.00143088,-0.00133574,-0.00122955,-0.00111628,-0.000999598,-0.000882757,-0.00076789
-0.00160647,-0.00158407,-0.00154091,-0.0014784,-0.00139877,-0.00130519,-0.00120083,-0.00108947,-0.000974677,-0.000859895,-0.000747024
-0.00157205,-0.00154992,-0.00150738,-0.00144587,-0.00136763,-0.00127559,-0.00117302,-0.00106343,-0.00095079,-0.000837965,-0.000726944
-0.00153675,-0.00151513,-0.0014734,-0.0014129,-0.00133603,-0.0012457,-0.00114493,-0.00103736,-0.000926735,-0.000815921,-0.000707051
-0.00150528,-0.00148383,-0.0014428,-0.00138336,-0.0013077,-0.00121872,-0.00111966,-0.00101404,-0.000905201,-0.000796276,-0.000688996
-0.00146928,-0.00144826,-0.00140812,-0.00134976,-0.00127566,-0.00118854,-0.00109135,-0.00098765,-0.000880873,-0.000774051,-0.000669159
-0.00143736,-0.00141696,-0.00137739,-0.00132011,-0.00124722,-0.00116178,-0.00106626,-0.00096437,-0.00085955,-0.000754637,-0.000651393
-0.00140443,-0.00138409,-0.00134539,-0.00128927,-0.00121782,-0.00113394,-0.00104037,-0.000940286,-0.000837605,-0.00073458,-0.000633554
-0.00137238,-0.00135263,-0.0013146,-0.00125961,-0.00118965,-0.00110727,-0.00101548,-0.000917339,-0.000816457,-0.000715423,-0.0006164
-0.0013424,-0.0013231,-0.00128578,-0.0012317,-0.00116303,-0.00108212,-0.000992096,-0.000895785,-0.000796764,-0.000697537,-0.000600117
-0.00131109,-0.00129198,-0.00125537,-0.00120259,-0.00113525,-0.00105605,-0.000967754,-0.0008733,-0.000776207,-0.000678907,-0.000583642
-0.00128128,-0.00126275,-0.00122703,-0.00117538,-0.00110924,-0.0010317,-0.000944913,-0.00085233,-0.000756824,-0.000661465,-0.000568042
-0.00125302,-0.00123471,-0.00119963,-0.00114883,-0.00108409,-0.00100798,-0.000923048,-0.000832001,-0.000738684,-0.000644915,-0.000553043
-0.00122253,-0.0012046,-0.00117028,-0.00112067,-0.00105729,-0.000982825,-0.000899653,-0.000810606,-0.000719051,-0.000627302,-0.000537488
-0.00119342,-0.00117581,-0.00114238,-0.0010937,-0.00103169,-0.000958781,-0.000877337,-0.000790278,-0.000700408,-0.000610529,-0.000522534
-0.0011675,-0.00115012,-0.0011175,-0.00106977,-0.00100907,-0.000937464,-0.000857606,-0.0007721,-0.000683951,-0.000595619,-0.000509259
-0.00113948,-0.00112271,-0.00109063,-0.00104406,-0.000984652,-0.000914604,-0.000836361,-0.000752688,-0.000666235,-0.000579752,-0.000495332
-0.00111212,-0.0010958,-0.00106429,-0.00101875,-0.000960615,-0.000892187,-0.000815544,-0.000733512,-0.000649026,-0.000564292,-0.000481481
-0.00108555,-0.0010694,-0.00103878,-0.000994174,-0.000937325,-0.000870368,-0.000795401,-0.000715114,-0.000632275,-0.000549285,-0.000468201
-0.00106137,-0.00104536,-0.00101537,-0.000971755,-0.000916104,-0.000850452,-0.000777022,-0.00069826,-0.000617016,-0.000535614,-0.000456091
-0.00103751,-0.00102189,-0.000992699,-0.000949987,-0.000895376,-0.000831166,-0.000759104,-0.000681899,-0.000602304,-0.000522468,-0.000444361
-0.00101123,-0.000996275,-0.000967502,-0.000925894,-0.000872609,-0.000809853,-0.000739478,-0.000663954,-0.000586007,-0.000507912,-0.000431631
-0.000986796,-0.000971985,-0.000943997,-0.000903291,-0.000851266,-0.000789863,-0.000720978,-0.000647313,-0.000570832,-0.000494353,-0.000419677
-0.00096379,-0.000949288,-0.000922105,-0.000882238,-0.000831359,-0.000771248,-0.000703881,-0.000631497,-0.000556712,-0.000481778,-0.000408567
-0.000940757,-0.000926709,-0.000899979,-0.000861104,-0.000811381,-0.000752583,-0.000686651,-0.000615795,-0.000542535,-0.000469151,-0.000397509
-0.000919389,-0.000905547,-0.000879408,-0.000841499,-0.00079267,-0.000735207,-0.000670653,-0.000601217,-0.000529361,-0.000457512,-0.000387164
-0.000897383,-0.000883965,-0.000858507,-0.00082128,-0.000773807,-0.000717534,-0.000654348,-0.000586424,-0.000516025,-0.000445528,-0.000376865
-0.000875578,-0.000862426,-0.000837633,-0.000801309,-0.000754862,-0.000699843,-0.000638068,-0.000571572,-0.000502762,-0.000433781,-0.000366474
-0.000855771,-0.000843026,-0.00081871,-0.000783246,-0.000737784,-0.000684,-0.000623407,-0.00055824,-0.000490788,-0.000423168,-0.000357189
-0.000834572,-0.000821945,-0.000798317,-0.000763679,-0.000719325,-0.000666733,-0.000607584,-0.000543893,-0.000477849,-0.000411672,-0.000347188
-0.000814663,-0.000802363,-0.000779256,-0.000745454,-0.000702087,-0.000650688,-0.000592779,-0.000530473,-0.000465811,-0.000401024,-0.000337918
-0.000795968,-0.000783941,-0.000761293,-0.000728264,-0.000685946,-0.000635573,-0.000578921,-0.000517779,-0.000454542,-0.000391095,-0.000329187
-0.000776293,-0.000764731,-0.00074258,-0.000710357,-0.000669042,-0.000619873,-0.000564443,-0.000504737,-0.000442825,-0.000380655,-0.000320164
-0.000757323,-0.000745898,-0.000724446,-0.000692975,-0.0006526,-0.000604585,-0.000550401,-0.000492026,-0.000431414,-0.000370588,-0.000311406
-0.000739104,-0.000728075,-0.000707001,-0.000676352,-0.00063692,-0.000590009,-0.000537037,-0.000479833,-0.0004205,-0.000361009,-0.000303088
-0.000722235,-0.000711374,-0.000690886,-0.000660813,-0.000622318,-0.000576386,-0.000524521,-0.000468541,-0.000410429,-0.000352106,-0.000295324
-0.000704301,-0.00069368,-0.00067373,-0.000644453,-0.000606856,-0.000562016,-0.000511323,-0.000456586,-0.000399774,-0.000342664,-0.000287176
-0.000687367,-0.000677023,-0.000657544,-0.000628998,-0.000592271,-0.000548469,-0.00049889,-0.000445322,-0.000389701,-0.000333815,-0.00027953
-0.000671207,-0.000661044,-0.000642062,-0.000614172,-0.000578302,-0.000535448,-0.000486957,-0.000434535,-0.000380048,-0.000325362,-0.000272179
-0.000654967,-0.000645084,-0.000626566,-0.000599336,-0.000564332,-0.000522454,-0.000474991,-0.000423764,-0.000370472,-0.000316946,-0.000264909
-0.000639631,-0.000630074,-0.000611905,-0.000585352,-0.000551138,-0.000510214,-0.000463815,-0.000413575,-0.000361451,-0.000308947,-0.000258056
-0.000624295,-0.0006149,-0.000597274,-0.000571317,-0.000537959,-0.000497956,-0.000452572,-0.00040345,-0.000352327,-0.00030106,-0.000251203
-0.000609536,-0.000600378,-0.000583159,-0.000557835,-0.000525214,-0.000486124,-0.000441733,-0.000393655,-0.000343702,-0.000293395,-0.000244623
-0.00059524,-0.000586352,-0.000569549,-0.000544837,-0.000512953,-0.000474735,-0.000431228,-0.000384243,-0.000335321,-0.000286106,-0.000238313
-0.00058105,-0.000572379,-0.000555941,-0.000531885,-0.00050073,-0.000463385,-0.000420925,-0.000374838,-0.00032695,-0.000278769,-0.00023201
-0.000567413,-0.000558831,-0.000542908,-0.000519372,-0.000488954,-0.000452433,-0.000410917,-0.000365864,-0.000318957,-0.000271775,-0.000225997
-0.000553622,-0.000545318,-0.000529716,-0.000506785,-0.000477104,-0.000441452,-0.00040083,-0.000356732,-0.000310834,-0.000264705,-0.00021994
-0.000540309,-0.000532176,-0.000517043,-0.000494562,-0.000465673,-0.000430814,-0.000391018,-0.000347981,-0.000303026,-0.000257883,-0.000214105
-0.00052779,-0.000519896,-0.000505062,-0.000483186,-0.000454889,-0.000420872,-0.00038198,-0.000339736,-0.000295728,-0.000251547,-0.000208643
-0.00051537,-0.000507573,-0.000493159,-0.000471846,-0.000444178,-0.000410935,-0.000372941,-0.000331609,-0.000288511,-0.000245262,-0.000203229
-0.000503049,-0.000495499,-0.000481412,-0.000460579,-0.000433599,-0.000401052,-0.000363903,-0.000323457,-0.000281353,-0.000238984,-0.000197923
-0.000491118,-0.000483739,-0.000470015,-0.000449671,-0.000423331,-0.00039153,-0.000355198,-0.000315644,-0.000274421,-0.000232953,-0.000192737
-0.000479601,-0.000472428,-0.000459009,-0.000439175,-0.000413469,-0.000382373,-0.000346821,-0.000308129,-0.000267758,-0.000227128,-0.000187785
-0.000468265,-0.000461221,-0.000448166,-0.000428787,-0.000403691,-0.000373323,-0.000338554,-0.000300664,-0.000261183,-0.00022144,-0.000182917
-0.000457269,-0.000450393,-0.000437683,-0.000418797,-0.000394236,-0.000364563,-0.000330577,-0.000293477,-0.000254836,-0.000215915,-0.000178208
-0.000446658,-0.000439954,-0.000427498,-0.000409134,-0.000385124,-0.000356084,-0.000322759,-0.000286511,-0.000248671,-0.000210589,-0.000173696
-0.000436232,-0.000429658,-0.000417538,-0.000399542,-0.000376104,-0.000347739,-0.000315142,-0.000279725,-0.000242654,-0.000205371,-0.000169217
-0.000425796,-0.000419461,-0.000407645,-0.000390083,-0.000367196,-0.00033944,-0.00030766,-0.000272954,-0.000236705,-0.000200185,-0.000164818
-0.000415954,-0.000409699,-0.000398199,-0.000381029,-0.000358708,-0.000331564,-0.000300477,-0.00026644,-0.000230957,-0.000195175,-0.000160623
-0.000406324,-0.000400229,-0.000389024,-0.00037226,-0.000350447,-0.000323963,-0.000293516,-0.000260176,-0.000225476,-0.000190443,-0.000156557
-0.000396759,-0.000390824,-0.000379863,-0.00036353,-0.000342246,-0.000316354,-0.000286543,-0.000253951,-0.000219946,-0.000185636,-0.000152494
-0.000387589,-0.00038177,-0.000371106,-0.000355181,-0.000334358,-0.000309076,-0.000279871,-0.000247934,-0.00021468,-0.00018113,-0.000148666
-0.000378705,-0.00037303,-0.000362596,-0.000347063,-0.000326672,-0.000301991,-0.000273424,-0.000242222,-0.000209538,-0.000176689,-0.000144917
-0.000370059,-0.000364382,-0.000354215,-0.00033902,-0.000319137,-0.000294969,-0.000267036,-0.000236468,-0.00020455,-0.000172401,-0.000141261
-0.000361262,-0.000355884,-0.000345919,-0.00033109,-0.000311701,-0.000288082,-0.000260757,-0.000230821,-0.0001996,-0.000168059,-0.000137631
-0.000353084,-0.00034781,-0.000338061,-0.000323597,-0.000304631,-0.000281517,-0.000254796,-0.000225493,-0.000194852,-0.000164057,-0.000134191
-0.000344871,-0.000339704,-0.000330257,-0.000316151,-0.000297608,-0.000275035,-0.000248849,-0.00022013,-0.0001902,-0.000160013,-0.000130811
-0.000337116,-0.00033203,-0.000322856,-0.000309043,-0.000290882,-0.000268808,-0.000243225,-0.000215118,-0.00018576,-0.000156163,-0.000127575
-0.000329488,-0.000324463,-0.000315491,-0.000302027,-0.000284282,-0.000262726,-0.000237663,-0.000210099,-0.000181422,-0.000152452,-0.000124417
-0.000321734,-0.000316984,-0.000308185,-0.000295005,-0.00027777,-0.000256638,-0.000232123,-0.000205063,-0.000176983,-0.000148658,-0.000121277
-0.000314384,-0.000309701,-0.000301132,-0.000288284,-0.000271405,-0.000250761,-0.000226767,-0.000200402,-0.000172849,-0.000145076,-0.000118217
-0.000307412,-0.000302732,-0.000294439,-0.000281809,-0.000265399,-0.000245143,-0.00022161,-0.000195811,-0.000168836,-0.000141618,-0.000115336
-0.000300348,-0.000295934,-0.00028777,-0.000275529,-0.000259356,-0.000239554,-0.000216626,-0.000191344,-0.00016492,-0.000138267,-0.000112498
-0.000293747,-0.000289305,-0.000281315,-0.000269327,-0.000253558,-0.000234224,-0.000211666,-0.000186912,-0.0001611,-0.000134939,-0.000109739
-0.000286957,-0.000282692,-0.000274893,-0.000263216,-0.000247791,-0.00022888,-0.000206789,-0.000182539,-0.000157306,-0.000131682,-0.000107001
-0.000280441,-0.000276234,-0.000268611,-0.000257227,-0.000242158,-0.000223674,-0.000202108,-0.000178316,-0.00015353,-0.000128508,-0.000104354
-0.000274146,-0.000270007,-0.00026269,-0.000251507,-0.000236801,-0.00021878,-0.000197584,-0.000174255,-0.00015007,-0.000125459,-0.000101793
-0.000268104,-0.000264121,-0.000256822,-0.000245936,-0.000231555,-0.000213808,-0.00019321,-0.000170401,-0.00014662,-0.000122475,-9.93379e-05
-0.000261874,-0.000258005,-0.000250902,-0.000240293,-0.000226249,-0.000208912,-0.000188715,-0.000166349,-0.000143067,-0.000119547,-9.68297e-05
-0.000256127,-0.000252371,-0.000245489,-0.000235088,-0.000221319,-0.000204345,-0.000184576,-0.000162651,-0.000139846,-0.000116795,-9.45299e-05
-0.000250373,-0.000246704,-0.000239969,-0.000229835,-0.000216391,-0.000199817,-0.000180434,-0.000158952,-0.000136612,-0.000114003,-9.22276e-05
-0.000245156,-0.000241465,-0.000234881,-0.000224938,-0.000211796,-0.000195586,-0.000176524,-0.000155526,-0.000133645,-0.000111466,-9.00492e-05
-0.000239439,-0.000235878,-0.000229432,-0.000219728,-0.000206899,-0.000191012,-0.000172446,-0.00015187,-0.000130412,-0.000108714,-8.77912e-05
-0.000234141,-0.000230673,-0.000224441,-0.000214971,-0.000202401,-0.000186875,-0.000168661,-0.000148419,-0.00012746,-0.000106222,-8.57115e-05
-0.000229023,-0.000225534,-0.000219434,-0.000210211,-0.000197882,-0.000182706,-0.000164843,-0.000145074,-0.000124538,-0.000103704,-8.36226e-05
-0.000223982,-0.000220673,-0.000214667,-0.000205599,-0.000193568,-0.000178736,-0.000161271,-0.000141837,-0.000121746,-0.000101294,-8.1615e-05
-0.000219008,-0.000215702,-0.000209809,-0.00020099,-0.000189258,-0.000174708,-0.000157633,-0.000138565,-0.000118908,-9.88881e-05,-7.9608e-05
-0.000214259,-0.000211059,-0.000205341,-0.000196714,-0.000185197,-0.000170974,-0.000154245,-0.000135636,-0.000116275,-9.66887e-05,-7.77426e-05
-0.000209434,-0.000206299,-0.000200728,-0.000192272,-0.000181041,-0.000167134,-0.000150713,-0.000132454,-0.00011354,-9.43505e-05,-7.58429e-05
-0.000205019,-0.000202024,-0.000196505,-0.000188258,-0.000177281,-0.000163612,-0.000147538,-0.000129632,-0.000111091,-9.2258e-05,-7.40879e-05
-0.000200531,-0.000197582,-0.000192184,-0.000184137,-0.000173399,-0.000160074,-0.000144313,-0.000126706,-0.000108583,-9.01063e-05,-7.23234e-05
-0.000196206,-0.000193185,-0.000188033,-0.000180099,-0.000169593,-0.000156506,-0.000141064,-0.00012388,-0.000106079,-8.79905e-05,-7.05941e-05
-0.000192016,-0.000189106,-0.000184045,-0.000176291,-0.00016598,-0.000153187,-0.000138067,-0.00012123,-0.000103774,-8.6046e-05,-6.89434e-05
-0.000187789,-0.000184908,-0.000180027,-0.000172383,-0.00016233,-0.000149817,-0.000135022,-0.000118469,-0.000101437,-8.39976e-05,-6.72776e-05
-0.000183704,-0.0001809,-0.000176085,-0.000168699,-0.000158837,-0.000146546,-0.000132047,-0.000115863,-9.9132e-05,-8.20981e-05,-6.57042e-05
-0.000179859,-0.000177111,-0.000172395,-0.000165143,-0.000155544,-0.000143535,-0.000129272,-0.00011337,-9.69955e-05,-8.0265e-05,-6.41951e-05
-0.000175958,-0.000173286,-0.000168659,-0.000161593,-0.000152159,-0.000140426,-0.000126471,-0.000110863,-9.48141e-05,-7.8424e-05,-6.26557e-05
-0.000172149,-0.000169571,-0.000165101,-0.000158159,-0.00014894,-0.000137457,-0.000123765,-0.000108436,-9.27263e-05,-7.66523e-05,-6.12179e-05
-0.000168558,-0.000166046,-0.000161548,-0.000154824,-0.000145781,-0.000134535,-0.000121139,-0.000106135,-9.06794e-05,-7.49401e-05,-5.98002e-05
-0.000164912,-0.000162453,-0.000158146,-0.000151521,-0.000142689,-0.000131642,-0.000118507,-0.000103704,-8.86651e-05,-7.32489e-05,-5.8398e-05
-0.000161359,-0.000159039,-0.000154773,-0.000148358,-0.00013968,-0.000128866,-0.000115993,-0.000101544,-8.67411e-05,-7.15884e-05,-5.70233e-05
-0.000157984,-0.000155612,-0.00015153,-0.000145191,-0.000136706,-0.000126126,-0.000113504,-9.94691e-05,-8.48423e-05,-6.99873e-05,-5.57121e-05
-0.000154595,-0.000152281,-0.000148349,-0.000142074,-0.000133803,-0.000123417,-0.000111047,-9.71827e-05,-8.29563e-05,-6.83874e-05,-5.43807e-05
-0.000151349,-0.000149112,-0.000145157,-0.000139109,-0.000130989,-0.000120833,-0.000108718,-9.50867e-05,-8.11473e-05,-6.68743e-05,-5.31542e-05
-0.000148285,-0.000145961,-0.000142178,-0.000136248,-0.000128301,-0.00011831,-0.00010646,-9.30702e-05,-7.93983e-05,-6.54058e-05,-5.1943e-05
-0.000145246,-0.000142985,-0.000139243,-0.000133443,-0.000125649,-0.000115897,-0.000104239,-9.11266e-05,-7.77138e-05,-6.39618e-05,-5.07713e-05
-0.000142322,-0.000140071,-0.000136368,-0.00013071,-0.000123111,-0.000113549,-0.000102083,-8.9217e-05,-7.60792e-05,-6.25768e-05,-4.96267e-05
-0.00013917,-0.000137002,-0.000133438,-0.000127857,-0.000120389,-0.000111038,-9.98126e-05,-8.7181e-05,-7.43356e-05,-6.11216e-05,-4.84286e-05
-0.000136208,-0.00013416,-0.000130644,-0.000125209,-0.000117919,-0.000108757,-9.77462e-05,-8.53525e-05,-7.27126e-05,-5.97811e-05,-4.73298e-05
-0.00013332,-0.000131368,-0.000127908,-0.000122616,-0.000115459,-0.000106434,-9.56967e-05,-8.35226e-05,-7.11414e-05,-5.84483e-05,-4.62369e-05
-0.000130613,-0.000128654,-0.000125269,-0.000120095,-0.000113085,-0.000104292,-9.37117e-05,-8.17612e-05,-6.96431e-05,-5.71589e-05,-4.52028e-05
-0.000127933,-0.000126017,-0.000122742,-0.000117681,-0.0001108,-0.000102181,-9.18044e-05,-8.00516e-05,-6.81644e-05,-5.59338e-05,-4.41897e-05
-0.00012534,-0.000123473,-0.00012026,-0.000115258,-0.000108559,-0.000100072,-8.99141e-05,-7.83883e-05,-6.67179e-05,-5.47094e-05,-4.32047e-05
-0.000122787,-0.000120951,-0.000117817,-0.000112922,-0.000106337,-9.80444e-05,-8.80618e-05,-7.65968e-05,-6.53098e-05,-5.35267e-05,-4.22393e-05
-0.000120248,-0.000118452,-0.000115357,-0.000110601,-0.000104128,-9.60006e-05,-8.62155e-05,-7.51374e-05,-6.39046e-05,-5.23563e-05,-4.12537e-05
-0.000117726,-0.000115988,-0.00011301,-0.000108323,-0.000101996,-9.40411e-05,-8.44188e-05,-7.35549e-05,-6.25183e-05,-5.11913e-05,-4.03178e-05
-0.000115429,-0.000113755,-0.000110747,-0.000106179,-9.99627e-05,-9.21642e-05,-8.27341e-05,-7.20263e-05,-6.12353e-05,-5.01268e-05,-3.94659e-05
-0.000113098,-0.000111389,-0.000108492,-0.000104034,-9.79478e-05,-9.02914e-05,-8.10175e-05,-7.05433e-05,-5.99632e-05,-4.90276e-05,-3.85452e-05
-0.000110696,-0.000109087,-0.000106239,-0.000101866,-9.59132e-05,-8.84298e-05,-7.93446e-05,-6.9015e-05,-5.86354e-05,-4.79337e-05,-3.76701e-05
-0.000108552,-0.000106938,-0.000104164,-9.98385e-05,-9.40249e-05,-8.6665e-05,-7.77429e-05,-6.76228e-05,-5.74508e-05,-4.69233e-05,-3.68499e-05
-0.000106376,-0.000104847,-0.000102102,-9.7877e-05,-9.21801e-05,-8.49508e-05,-7.61922e-05,-6.62476e-05,-5.62712e-05,-4.5944e-05,-3.60412e-05
-0.000104232,-0.000102663,-0.00010004,-9.5892e-05,-9.03009e-05,-8.32078e-05,-7.46225e-05,-6.48617e-05,-5.50776e-05,-4.49431e-05,-3.52243e-05
-0.000102104,-0.000100546,-9.80021e-05,-9.39396e-05,-8.84476e-05,-8.15053e-05,-7.30551e-05,-6.3511e-05,-5.39185e-05,-4.39503e-05,-3.44278e-05
-0.000100131,-9.86195e-05,-9.61008e-05,-9.21024e-05,-8.67336e-05,-7.99169e-05,-7.16222e-05,-6.22324e-05,-5.28036e-05,-4.30459e-05,-3.36855e-05
-9.81289e-05,-9.66009e-05,-9.41654e-05,-9.02645e-05,-8.49974e-05,-7.83016e-05,-7.01786e-05,-6.09566e-05,-5.16983e-05,-4.21119e-05,-3.29349e-05
-9.60793e-05,-9.46272e-05,-9.22614e-05,-8.84602e-05,-8.32728e-05,-7.67309e-05,-6.87491e-05,-5.967e-05,-5.05994e-05,-4.11979e-05,-3.21996e-05
-9.42719e-05,-9.28059e-05,-9.05176e-05,-8.67441e-05,-8.16797e-05,-7.52422e-05,-6.74089e-05,-5.85106e-05,-4.95951e-05,-4.03593e-05,-3.15139e-05
-9.23421e-05,-9.09797e-05,-8.86856e-05,-8.50122e-05,-8.00377e-05,-7.37286e-05,-6.60314e-05,-5.72889e-05,-4.85493e-05,-3.94775e-05,-3.08078e-05
-9.05252e-05,-8.92057e-05,-8.69323e-05,-8.33589e-05,-7.84672e-05,-7.22708e-05,-6.47184e-05,-5.61302e-05,-4.75565e-05,-3.86488e-05,-3.01344e-05
-8.87512e-05,-8.75096e-05,-8.52298e-05,-8.17422e-05,-7.69599e-05,-7.08826e-05,-6.34612e-05,-5.50027e-05,-4.6594e-05,-3.78546e-05,-2.94889e-05
-8.69925e-05,-8.5791e-05,-8.36036e-05,-8.01599e-05,-7.54611e-05,-6.94841e-05,-6.21909e-05,-5.39117e-05,-4.56404e-05,-3.70609e-05,-2.88503e-05
-8.53432e-05,-8.41079e-05,-8.20052e-05,-7.85911e-05,-7.40007e-05,-6.81439e-05,-6.09608e-05,-5.28351e-05,-4.46984e-05,-3.62815e-05,-2.82183e-05
-8.36265e-05,-8.24281e-05,-8.03712e-05,-7.70407e-05,-7.25272e-05,-6.67932e-05,-5.97549e-05,-5.17502e-05,-4.37728e-05,-3.55005e-05,-2.75994e-05
-8.19853e-05,-8.08333e-05,-7.87549e-05,-7.55403e-05,-7.11093e-05,-6.54721e-05,-5.85548e-05,-5.07026e-05,-4.28792e-05,-3.47717e-05,-2.69967e-05
-8.04025e-05,-7.9262e-05,-7.72588e-05,-7.40878e-05,-6.97308e-05,-6.41955e-05,-5.73974e-05,-4.96968e-05,-4.2005e-05,-3.40302e-05,-2.64091e-05
-7.88612e-05,-7.77288e-05,-7.58026e-05,-7.26784e-05,-6.8412e-05,-6.29696e-05,-5.62497e-05,-4.87299e-05,-4.11764e-05,-3.33335e-05,-2.58496e-05
-7.73349e-05,-7.62607e-05,-7.43511e-05,-7.12716e-05,-6.7097e-05,-6.17508e-05,-5.51937e-05,-4.77549e-05,-4.03306e-05,-3.26307e-05,-2.52909e-05
-7.58281e-05,-7.4794e-05,-7.29047e-05,-6.99028e-05,-6.57965e-05,-6.05531e-05,-5.41079e-05,-4.67979e-05,-3.95158e-05,-3.19672e-05,-2.47423e-05
-7.43743e-05,-7.33663e-05,-7.15092e-05,-6.85819e-05,-6.45563e-05,-5.93996e-05,-5.30687e-05,-4.58798e-05,-3.87414e-05,-3.13088e-05,-2.42147e-05
-7.29561e-05,-7.19376e-05,-7.01373e-05,-6.7267e-05,-6.32924e-05,-5.82528e-05,-5.20098e-05,-4.49668e-05,-3.79453e-05,-3.06525e-05,-2.3693e-05
-7.15377e-05,-7.05684e-05,-6.88003e-05,-6.59743e-05,-6.20869e-05,-5.71182e-05,-5.10072e-05,-4.40744e-05,-3.71736e-05,-3.00152e-05,-2.31781e-05
-7.01842e-05,-6.92313e-05,-6.75226e-05,-6.4714e-05,-6.0921e-05,-5.60432e-05,-5.00296e-05,-4.32199e-05,-3.6416e-05,-2.94049e-05,-2.26919e-05
-6.88547e-05,-6.79207e-05,-6.62386e-05,-6.35066e-05,-5.97609e-05,-5.49705e-05,-4.90542e-05,-4.23691e-05,-3.57048e-05,-2.88017e-05,-2.22045e-05
-6.75232e-05,-6.66384e-05,-6.49804e-05,-6.2312e-05,-5.86326e-05,-5.39304e-05,-4.80544e-05,-4.15425e-05,-3.49958e-05,-2.82091e-05,-2.1734e-05
-6.6261e-05,-6.53843e-05,-6.37632e-05,-6.11534e-05,-5.75382e-05,-5.29075e-05,-4.72009e-05,-4.07369e-05,-3.43093e-05,-2.76153e-05,-2.12836e-05
-6.4993e-05,-6.4151e-05,-6.25613e-05,-6.00021e-05,-5.64518e-05,-5.19032e-05,-4.62945e-05,-3.99385e-05,-3.36634e-05,-2.70693e-05,-2.08302e-05
-6.37522e-05,-6.29378e-05,-6.1371e-05,-5.88667e-05,-5.53842e-05,-5.0915e-05,-4.54683e-05,-3.91615e-05,-3.29422e-05,-2.65151e-05,-2.03753e-05
-6.25555e-05,-6.17556e-05,-6.02295e-05,-5.7762e-05,-5.4336e-05,-4.99668e-05,-4.44504e-05,-3.8401e-05,-3.23309e-05,-2.59915e-05,-1.99438e-05
-6.1393e-05,-6.06184e-05,-5.91037e-05,-5.66951e-05,-5.33154e-05,-4.90132e-05,-4.3653e-05,-3.76405e-05,-3.16569e-05,-2.54482e-05,-1.95215e-05
-6.02279e-05,-5.95088e-05,-5.80165e-05,-5.56504e-05,-5.23682e-05,-4.81224e-05,-4.28614e-05,-3.6974e-05,-3.10135e-05,-2.49445e-05,-1.91135e-05
-5.90959e-05,-5.83578e-05,-5.69381e-05,-5.46023e-05,-5.13545e-05,-4.719e-05,-4.20138e-05,-3.62225e-05,-3.04151e-05,-2.44225e-05,-1.86877e-05
-5.8019e-05,-5.72999e-05,-5.58885e-05,-5.35997e-05,-5.04298e-05,-4.63187e-05,-4.11404e-05,-3.55509e-05,-2.98172e-05,-2.39426e-05,-1.83131e-05
-5.69005e-05,-5.62303e-05,-5.48417e-05,-5.26027e-05,-4.94634e-05,-4.5454e-05,-4.04432e-05,-3.48566e-05,-2.92316e-05,-2.34711e-05,-1.79175e-05
-5.58444e-05,-5.51956e-05,-5.38356e-05,-5.16242e-05,-4.8562e-05,-4.45996e-05,-3.96874e-05,-3.41813e-05,-2.8652e-05,-2.29819e-05,-1.75393e-05
-5.48006e-05,-5.41797e-05,-5.2861e-05,-5.06753e-05,-4.76782e-05,-4.37659e-05,-3.90003e-05,-3.35088e-05,-2.80479e-05,-2.24955e-05,-1.71939e-05
-5.37923e-05,-5.31844e-05,-5.18909e-05,-4.97748e-05,-4.68195e-05,-4.29725e-05,-3.81073e-05,-3.29174e-05,-2.75485e-05,-2.20569e-05,-1.68271e-05
-5.27741e-05,-5.22142e-05,-5.09474e-05,-4.88651e-05,-4.59425e-05,-4.21737e-05,-3.75103e-05,-3.22488e-05,-2.70068e-05,-2.15991e-05,-1.64619e-05
-5.18136e-05,-5.12563e-05,-5.00067e-05,-4.7974e-05,-4.50885e-05,-4.13974e-05,-3.67775e-05,-3.16525e-05,-2.64585e-05,-2.11976e-05,-1.61253e-05
-5.087e-05,-5.03362e-05,-4.91096e-05,-4.71093e-05,-4.42612e-05,-4.06354e-05,-3.61034e-05,-3.10325e-05,-2.59611e-05,-2.07518e-05,-1.57834e-05
-4.99142e-05,-4.93991e-05,-4.82024e-05,-4.62454e-05,-4.34643e-05,-3.98826e-05,-3.53317e-05,-3.04697e-05,-2.54523e-05,-2.03488e-05,-1.54586e-05
-4.89778e-05,-4.85074e-05,-4.73335e-05,-4.54108e-05,-4.26748e-05,-3.91568e-05,-3.47924e-05,-2.98956e-05,-2.49995e-05,-1.99272e-05,-1.5142e-05
-4.81325e-05,-4.76349e-05,-4.64902e-05,-4.46107e-05,-4.19119e-05,-3.84488e-05,-3.40893e-05,-2.93455e-05,-2.45586e-05,-1.95577e-05,-1.48456e-05
-4.722e-05,-4.67761e-05,-4.56444e-05,-4.37939e-05,-4.11392e-05,-3.77381e-05,-3.34726e-05,-2.8788e-05,-2.3942e-05,-1.91689e-05,-1.44902e-05
-4.63757e-05,-4.5943e-05,-4.4831e-05,-4.30166e-05,-4.03872e-05,-3.70527e-05,-3.27984e-05,-2.82212e-05,-2.3523e-05,-1.88109e-05,-1.42266e-05
-4.55138e-05,-4.51012e-05,-4.40194e-05,-4.22382e-05,-3.96767e-05,-3.6375e-05,-3.22864e-05,-2.77232e-05,-2.30601e-05,-1.8395e-05,-1.39168e-05
-4.4688e-05,-4.43007e-05,-4.32413e-05,-4.14868e-05,-3.89691e-05,-3.57162e-05,-3.16935e-05,-2.72154e-05,-2.26143e-05,-1.80437e-05,-1.36234e-05
-4.38457e-05,-4.35159e-05,-4.24731e-05,-4.07294e-05,-3.82798e-05,-3.51065e-05,-3.11036e-05,-2.67089e-05,-2.22005e-05,-1.7679e-05,-1.33543e-05
-4.30822e-05,-4.27325e-05,-4.17065e-05,-4.00279e-05,-3.75864e-05,-3.44411e-05,-3.04054e-05,-2.61769e-05,-2.17551e-05,-1.73049e-05,-1.3071e-05
-4.23359e-05,-4.19792e-05,-4.09689e-05,-3.93198e-05,-3.69575e-05,-3.38362e-05,-2.99254e-05,-2.56734e-05,-2.14444e-05,-1.69408e-05,-1.28141e-05
-4.15237e-05,-4.12289e-05,-4.0247e-05,-3.86281e-05,-3.62626e-05,-3.32097e-05,-2.95328e-05,-2.52587e-05,-2.09773e-05,-1.66186e-05,-1.25569e-05
-4.07945e-05,-4.0497e-05,-3.95425e-05,-3.79421e-05,-3.56167e-05,-3.26082e-05,-2.88918e-05,-2.47926e-05,-2.05363e-05,-1.63386e-05,-1.22673e-05
-4.00505e-05,-3.97877e-05,-3.88389e-05,-3.72806e-05,-3.49923e-05,-3.2053e-05,-2.8194e-05,-2.43819e-05,-2.02616e-05,-1.59964e-05,-1.20361e-05
-3.93167e-05,-3.90761e-05,-3.81447e-05,-3.66194e-05,-3.43569e-05,-3.14541e-05,-2.7792e-05,-2.38739e-05,-1.98033e-05,-1.56574e-05,-1.1794e-05
-3.86287e-05,-3.83899e-05,-3.74836e-05,-3.59811e-05,-3.3801e-05,-3.09459e-05,-2.7303e-05,-2.34045e-05,-1.95076e-05,-1.53592e-05,-1.15636e-05
-3.79529e-05,-3.77072e-05,-3.68276e-05,-3.53554e-05,-3.31712e-05,-3.03934e-05,-2.68225e-05,-2.30554e-05,-1.91395e-05,-1.50576e-05,-1.13131e-05
-3.72344e-05,-3.70518e-05,-3.618e-05,-3.47368e-05,-3.25915e-05,-2.9813e-05,-2.62798e-05,-2.26225e-05,-1.86978e-05,-1.47334e-05,-1.11103e-05
-3.65387e-05,-3.64098e-05,-3.55639e-05,-3.41303e-05,-3.20535e-05,-2.92869e-05,-2.58654e-05,-2.22529e-05,-1.83466e-05,-1.44408e-05,-1.08437e-05
-3.59284e-05,-3.57773e-05,-3.49526e-05,-3.35459e-05,-3.14504e-05,-2.87822e-05,-2.54267e-05,-2.18389e-05,-1.80182e-05,-1.42799e-05,-1.06376e-05
-3.53139e-05,-3.51576e-05,-3.43266e-05,-3.29302e-05,-3.09952e-05,-2.83241e-05,-2.49518e-05,-2.14171e-05,-1.76048e-05,-1.39499e-05,-1.0455e-05
-3.45891e-05,-3.45571e-05,-3.37321e-05,-3.23967e-05,-3.03735e-05,-2.77393e-05,-2.44115e-05,-2.10157e-05,-1.73291e-05,-1.36795e-05,-1.02275e-05
-3.40369e-05,-3.39577e-05,-3.31499e-05,-3.18384e-05,-2.98958e-05,-2.72486e-05,-2.40175e-05,-2.06548e-05,-1.70424e-05,-1.3375e-05,-9.98901e-06
-3.34704e-05,-3.33557e-05,-3.25496e-05,-3.12854e-05,-2.93365e-05,-2.67469e-05,-2.35107e-05,-2.02232e-05,-1.6673e-05,-1.31084e-05,-9.81978e-06
-3.28444e-05,-3.27631e-05,-3.19877e-05,-3.07505e-05,-2.88078e-05,-2.63129e-05,-2.31735e-05,-1.99068e-05,-1.63263e-05,-1.28986e-05,-9.61742e-06
-3.22327e-05,-3.21821e-05,-3.14621e-05,-3.02262e-05,-2.83628e-05,-2.59398e-05,-2.26763e-05,-1.94932e-05,-1.607e-05,-1.26118e-05,-9.39359e-06
-3.1686e-05,-3.16532e-05,-3.09194e-05,-2.97077e-05,-2.78343e-05,-2.54243e-05,-2.23682e-05,-1.92057e-05,-1.57647e-05,-1.24193e-05,-9.20326e-06
-3.10816e-05,-3.11128e-05,-3.03845e-05,-2.91965e-05,-2.73559e-05,-2.49456e-05,-2.19924e-05,-1.88863e-05,-1.54891e-05,-1.21379e-05,-9.02655e-06
-3.05442e-05,-3.05656e-05,-2.9874e-05,-2.87112e-05,-2.6878e-05,-2.45196e-05,-2.15645e-05,-1.84948e-05,-1.51228e-05,-1.19034e-05,-8.86762e-06
-3.00159e-05,-3.00591e-05,-2.93656e-05,-2.82212e-05,-2.64367e-05,-2.40906e-05,-2.11981e-05,-1.81965e-05,-1.49367e-05,-1.16816e-05,-8.62285e-06
-2.95688e-05,-2.95481e-05,-2.88644e-05,-2.77415e-05,-2.60358e-05,-2.37425e-05,-2.08378e-05,-1.78449e-05,-1.46228e-05,-1.14544e-05,-8.53189e-06
-2.90218e-05,-2.9056e-05,-2.83735e-05,-2.72729e-05,-2.55314e-05,-2.32854e-05,-2.0474e-05,-1.75589e-05,-1.43555e-05,-1.12344e-05,-8.31606e-06
-2.8459e-05,-2.85349e-05,-2.79118e-05,-2.67879e-05,-2.50983e-05,-2.28837e-05,-2.00961e-05,-1.72207e-05,-1.41323e-05,-1.10146e-05,-8.17237e-06
-2.81309e-05,-2.80546e-05,-2.74271e-05,-2.64007e-05,-2.46588e-05,-2.24808e-05,-1.96888e-05,-1.69475e-05,-1.382e-05,-1.08301e-05,-7.97263e-06
-2.7498e-05,-2.76048e-05,-2.69683e-05,-2.59584e-05,-2.42434e-05,-2.20812e-05,-1.94709e-05,-1.66505e-05,-1.35427e-05,-1.06426e-05,-7.83204e-06
-2.70737e-05,-2.71408e-05,-2.65056e-05,-2.55274e-05,-2.39023e-05,-2.17385e-05,-1.89839e-05,-1.63031e-05,-1.33644e-05,-1.04145e-05,-7.69881e-06
-2.66243e-05,-2.66708e-05,-2.60636e-05,-2.51041e-05,-2.34414e-05,-2.13402e-05,-1.87621e-05,-1.60943e-05,-1.30568e-05,-1.01883e-05,-7.55788e-06
-2.61069e-05,-2.62678e-05,-2.56386e-05,-2.46906e-05,-2.30514e-05,-2.09348e-05,-1.83569e-05,-1.58108e-05,-1.28409e-05,-1.00175e-05,-7.37724e-06
-2.55205e-05,-2.57729e-05,-2.52336e-05,-2.42621e-05,-2.25987e-05,-2.05701e-05,-1.81693e-05,-1.56058e-05,-1.26488e-05,-9.79373e-06,-7.24579e-06
-2.51221e-05,-2.5327e-05,-2.47792e-05,-2.38657e-05,-2.22729e-05,-2.02459e-05,-1.77214e-05,-1.52108e-05,-1.23429e-05,-9.64909e-06,-7.08256e-06
-2.47842e-05,-2.49208e-05,-2.43464e-05,-2.34693e-05,-2.19327e-05,-1.99438e-05,-1.74654e-05,-1.49666e-05,-1.21163e-05,-9.43124e-06,-6.9113e-06
-2.4271e-05,-2.44805e-05,-2.39112e-05,-2.30962e-05,-2.15274e-05,-1.95739e-05,-1.7139e-05,-1.47218e-05,-1.18824e-05,-9.2392e-06,-6.77833e-06
-2.37967e-05,-2.40728e-05,-2.35313e-05,-2.27065e-05,-2.11861e-05,-1.92431e-05,-1.68417e-05,-1.4439e-05,-1.16782e-05,-9.08285e-06,-6.68052e-06
-2.3578e-05,-2.3705e-05,-2.31603e-05,-2.22845e-05,-2.07473e-05,-1.886e-05,-1.65395e-05,-1.42308e-05,-1.15622e-05,-8.93802e-06,-6.48464e-06
-2.29889e-05,-2.33104e-05,-2.2767e-05,-2.19329e-05,-2.04676e-05,-1.8624e-05,-1.6275e-05,-1.39823e-05,-1.12041e-05,-8.78064e-06,-6.41866e-06
-2.26573e-05,-2.29158e-05,-2.2438e-05,-2.158e-05,-2.02073e-05,-1.83431e-05,-1.5997e-05,-1.3736e-05,-1.1106e-05,-8.56834e-06,-6.2979e-06
-2.22676e-05,-2.25255e-05,-2.20329e-05,-2.12147e-05,-1.98403e-05,-1.80209e-05,-1.57116e-05,-1.35039e-05,-1.09077e-05,-8.43851e-06,-6.17253e-06
-2.18297e-05,-2.21338e-05,-2.16431e-05,-2.08629e-05,-1.95591e-05,-1.76416e-05,-1.5418e-05,-1.32666e-05,-1.06737e-05,-8.23994e-06,-6.02188e-06
-2.1432e-05,-2.17712e-05,-2.13121e-05,-2.05251e-05,-1.90836e-05,-1.72325e-05,-1.51187e-05,-1.29889e-05,-1.05083e-05,-8.0374e-06,-5.96353e-06
-2.10996e-05,-2.14444e-05,-2.09524e-05,-2.01875e-05,-1.88287e-05,-1.69641e-05,-1.48551e-05,-1.28424e-05,-1.03095e-05,-7.9756e-06,-5.83249e-06
-2.08275e-05,-2.10999e-05,-2.06143e-05,-1.98708e-05,-1.85468e-05,-1.67746e-05,-1.46525e-05,-1.25799e-05,-1.01462e-05,-7.80706e-06,-5.7311e-06
-2.03038e-05,-2.07376e-05,-2.0277e-05,-1.95405e-05,-1.82328e-05,-1.65001e-05,-1.44525e-05,-1.23797e-05,-9.93774e-06,-7.65728e-06,-5.56777e-06
-2.00692e-05,-2.03737e-05,-1.99159e-05,-1.92077e-05,-1.79297e-05,-1.62256e-05,-1.41849e-05,-1.21797e-05,-9.71064e-06,-7.49785e-06,-5.46195e-06
-1.98415e-05,-2.00286e-05,-1.96267e-05,-1.89125e-05,-1.7548e-05,-1.58868e-05,-1.39026e-05,-1.20128e-05,-9.58819e-06,-7.38625e-06,-5.37284e-06
-1.9398e-05,-1.97389e-05,-1.9296e-05,-1.8607e-05,-1.73234e-05,-1.56891e-05,-1.36754e-05,-1.17575e-05,-9.36487e-06,-7.21109e-06,-5.22614e-06
-1.89492e-05,-1.94195e-05,-1.89476e-05,-1.83091e-05,-1.71562e-05,-1.55065e-05,-1.3531e-05,-1.15222e-05,-9.23708e-06,-7.09613e-06,-5.14409e-06
-1.8661e-05,-1.9036e-05,-1.86237e-05,-1.80018e-05,-1.68102e-05,-1.5183e-05,-1.32114e-05,-1.13212e-05,-9.0454e-06,-6.97113e-06,-5.00971e-06
-1.8405e-05,-1.87492e-05,-1.83749e-05,-1.77166e-05,-1.64907e-05,-1.4972e-05,-1.30327e-05,-1.12255e-05,-8.90923e-06,-6.85874e-06,-4.92627e-06
-1.81283e-05,-1.84681e-05,-1.80182e-05,-1.74453e-05,-1.61346e-05,-1.45971e-05,-1.27705e-05,-1.0967e-05,-8.73854e-06,-6.69056e-06,-4.84914e-06
-1.77724e-05,-1.81649e-05,-1.77179e-05,-1.71523e-05,-1.59823e-05,-1.44119e-05,-1.25559e-05,-1.08078e-05,-8.55021e-06,-6.56995e-06,-4.80028e-06
-1.74523e-05,-1.7882e-05,-1.74495e-05,-1.68708e-05,-1.57765e-05,-1.42271e-05,-1.237e-05,-1.05743e-05,-8.39628e-06,-6.43776e-06,-4.66494e-06
-1.70781e-05,-1.75862e-05,-1.71713e-05,-1.65924e-05,-1.54639e-05,-1.39504e-05,-1.22159e-05,-1.04435e-05,-8.24539e-06,-6.2747e-06,-4.59248e-06
-1.68942e-05,-1.73453e-05,-1.69354e-05,-1.63387e-05,-1.52069e-05,-1.37005e-05,-1.19829e-05,-1.02928e-05,-8.0903e-06,-6.22911e-06,-4.50429e-06
-1.65573e-05,-1.7023e-05,-1.66394e-05,-1.60992e-05,-1.48796e-05,-1.33983e-05,-1.17875e-05,-1.01197e-05,-8.02819e-06,-6.14656e-06,-4.40164e-06
-1.62272e-05,-1.67659e-05,-1.63797e-05,-1.58319e-05,-1.47563e-05,-1.3333e-05,-1.15244e-05,-9.95835e-06,-7.84521e-06,-5.99432e-06,-4.27426e-06
-1.60837e-05,-1.65077e-05,-1.6165e-05,-1.55564e-05,-1.45767e-05,-1.31619e-05,-1.13237e-05,-9.71746e-06,-7.78944e-06,-5.83678e-06,-4.21938e-06
-1.56889e-05,-1.61274e-05,-1.58785e-05,-1.53061e-05,-1.42669e-05,-1.28789e-05,-1.11531e-05,-9.57192e-06,-7.55732e-06,-5.74352e-06,-4.12378e-06
-1.55157e-05,-1.59265e-05,-1.56105e-05,-1.51093e-05,-1.39806e-05,-1.26449e-05,-1.09668e-05,-9.44301e-06,-7.46198e-06,-5.63158e-06,-4.05939e-06
-1.52017e-05,-1.56559e-05,-1.53462e-05,-1.4845e-05,-1.38001e-05,-1.24167e-05,-1.07937e-05,-9.29858e-06,-7.30965e-06,-5.56022e-06,-3.98934e-06
-1.50214e-05,-1.5456e-05,-1.51294e-05,-1.46123e-05,-1.35938e-05,-1.21876e-05,-1.06272e-05,-9.14224e-06,-7.17859e-06,-5.44987e-06,-3.9135e-06
-1.46509e-05,-1.50989e-05,-1.48973e-05,-1.43746e-05,-1.3413e-05,-1.21201e-05,-1.04386e-05,-8.90724e-06,-7.0579e-06,-5.36551e-06,-3.84554e-06
-1.44838e-05,-1.49427e-05,-1.46574e-05,-1.4185e-05,-1.31714e-05,-1.18186e-05,-1.02849e-05,-8.87395e-06,-6.94246e-06,-5.27842e-06,-3.74411e-06
-1.42033e-05,-1.46743e-05,-1.44159e-05,-1.39439e-05,-1.29695e-05,-1.16534e-05,-1.01614e-05,-8.80411e-06,-6.79681e-06,-5.11641e-06,-3.68583e-06
-1.39598e-05,-1.44523e-05,-1.41509e-05,-1.37312e-05,-1.27895e-05,-1.1402e-05,-9.96736e-06,-8.55069e-06,-6.66601e-06,-4.99968e-06,-3.6364e-06
-1.37823e-05,-1.42339e-05,-1.39534e-05,-1.35121e-05,-1.2509e-05,-1.12398e-05,-9.76563e-06,-8.42765e-06,-6.57488e-06,-4.97679e-06,-3.53945e-06
-1.35693e-05,-1.39442e-05,-1.369e-05,-1.32872e-05,-1.23801e-05,-1.11181e-05,-9.60803e-06,-8.22926e-06,-6.44998e-06,-4.90575e-06,-3.481e-06
-1.32826e-05,-1.3744e-05,-1.34584e-05,-1.30901e-05,-1.21153e-05,-1.08672e-05,-9.40718e-06,-8.17329e-06,-6.34759e-06,-4.81306e-06,-3.42502e-06
-1.30028e-05,-1.3565e-05,-1.33213e-05,-1.2845e-05,-1.19548e-05,-1.07073e-05,-9.30798e-06,-8.03912e-06,-6.20769e-06,-4.72376e-06,-3.35403e-06
-1.28311e-05,-1.34054e-05,-1.31182e-05,-1.26791e-05,-1.176e-05,-1.049e-05,-9.11481e-06,-7.92244e-06,-6.16121e-06,-4.62324e-06,-3.27596e-06
-1.26637e-05,-1.31622e-05,-1.2914e-05,-1.24649e-05,-1.15771e-05,-1.03887e-05,-9.01567e-06,-7.86254e-06,-6.07604e-06,-4.59277e-06,-3.23238e-06
-1.24152e-05,-1.29363e-05,-1.27035e-05,-1.23133e-05,-1.14483e-05,-1.02921e-05,-8.83889e-06,-7.60163e-06,-5.93124e-06,-4.43974e-06,-3.16617e-06
-1.22308e-05,-1.2727e-05,-1.24599e-05,-1.20829e-05,-1.12088e-05,-1.00112e-05,-8.72072e-06,-7.50744e-06,-5.82874e-06,-4.41309e-06,-3.10838e-06
-1.19565e-05,-1.25271e-05,-1.22628e-05,-1.19052e-05,-1.1078e-05,-9.86327e-06,-8.59743e-06,-7.3641e-06,-5.73038e-06,-4.27266e-06,-3.0479e-06
-1.18467e-05,-1.23383e-05,-1.2018e-05,-1.17299e-05,-1.08711e-05,-9.77683e-06,-8.49458e-06,-7.26536e-06,-5.64545e-06,-4.23386e-06,-3.01776e-06
-1.14205e-05,-1.20769e-05,-1.1831e-05,-1.15752e-05,-1.06969e-05,-9.54933e-06,-8.26636e-06,-7.12904e-06,-5.52698e-06,-4.1714e-06,-2.91603e-06
-1.14581e-05,-1.19178e-05,-1.17051e-05,-1.1349e-05,-1.05359e-05,-9.41153e-06,-8.15531e-06,-6.9482e-06,-5.49511e-06,-4.10826e-06,-2.92215e-06
