3.58555e-06,3.44052e-06,3.27982e-06,3.12226e-06,3.00492e-06,2.87184e-06,2.72978e-06,2.62451e-06,2.53586e-06,2.46552e-06,2.4249e-06
3.3236e-06,3.16606e-06,3.03327e-06,2.90124e-06,2.78677e-06,2.67008e-06,2.52487e-06,2.44512e-06,2.35405e-06,2.28563e-06,2.23992e-06
3.11246e-06,2.9734e-06,2.82105e-06,2.69432e-06,2.59017e-06,2.47652e-06,2.36189e-06,2.26482e-06,2.19304e-06,2.1208e-06,2.07511e-06
2.88769e-06,2.75394e-06,2.62442e-06,2.51215e-06,2.41673e-06,2.31319e-06,2.19994e-06,2.11552e-06,2.04808e-06,1.97473e-06,1.92054e-06
2.70918e-06,2.58691e-06,2.46519e-06,2.3602e-06,2.2714e-06,2.17539e-06,2.06854e-06,1.98858e-06,1.92495e-06,1.85299e-06,1.79564e-06
2.56221e-06,2.44755e-06,2.32813e-06,2.23014e-06,2.15436e-06,2.05329e-06,1.95333e-06,1.88077e-06,1.81829e-06,1.74941e-06,1.6913e-06
2.40667e-06,2.30789e-06,2.20034e-06,2.10826e-06,2.02953e-06,1.94207e-06,1.84728e-06,1.77538e-06,1.71515e-06,1.64852e-06,1.58892e-06
2.27869e-06,2.18989e-06,2.08828e-06,2.00258e-06,1.92722e-06,1.84205e-06,1.75313e-06,1.68467e-06,1.62522e-06,1.5613e-06,1.50217e-06
2.16345e-06,2.08324e-06,1.98642e-06,1.90714e-06,1.83415e-06,1.75048e-06,1.66789e-06,1.60211e-06,1.54321e-06,1.48158e-06,1.42355e-06
2.06061e-06,1.98725e-06,1.89508e-06,1.82181e-06,1.75017e-06,1.667e-06,1.59056e-06,1.52661e-06,1.46849e-06,1.40944e-06,1.35259e-06
1.96548e-06,1.89792e-06,1.80946e-06,1.74101e-06,1.67118e-06,1.5911e-06,1.51882e-06,1.45772e-06,1.40041e-06,1.34205e-06,1.28729e-06
1.88192e-06,1.81758e-06,1.73225e-06,1.66763e-06,1.60047e-06,1.51951e-06,1.45308e-06,1.39539e-06,1.33748e-06,1.28036e-06,1.22776e-06
1.80062e-06,1.73982e-06,1.66063e-06,1.59844e-06,1.53232e-06,1.45592e-06,1.39146e-06,1.33469e-06,1.27978e-06,1.22266e-06,1.17187e-06
1.72656e-06,1.67e-06,1.59391e-06,1.53551e-06,1.47077e-06,1.398e-06,1.33492e-06,1.27986e-06,1.22598e-06,1.17033e-06,1.12127e-06
1.65941e-06,1.60383e-06,1.53265e-06,1.47498e-06,1.41276e-06,1.34251e-06,1.28188e-06,1.22824e-06,1.17569e-06,1.12077e-06,1.07336e-06
1.59821e-06,1.54458e-06,1.47573e-06,1.42091e-06,1.35785e-06,1.29389e-06,1.23337e-06,1.18168e-06,1.12888e-06,1.07721e-06,1.03041e-06
1.54035e-06,1.48974e-06,1.42232e-06,1.36951e-06,1.31145e-06,1.24625e-06,1.19013e-06,1.13803e-06,1.08582e-06,1.03412e-06,9.89634e-07
1.48352e-06,1.43231e-06,1.37252e-06,1.31903e-06,1.2622e-06,1.20137e-06,1.14385e-06,1.09437e-06,1.04508e-06,9.94422e-07,9.51488e-07
1.43242e-06,1.384e-06,1.32612e-06,1.27399e-06,1.21939e-06,1.16048e-06,1.10501e-06,1.05633e-06,1.00729e-06,9.5849e-07,9.16054e-07
1.38477e-06,1.33708e-06,1.28206e-06,1.2314e-06,1.17793e-06,1.12253e-06,1.06699e-06,1.02006e-06,9.71997e-07,9.24706e-07,8.83306e-07
1.33897e-06,1.29309e-06,1.24096e-06,1.19086e-06,1.13982e-06,1.08471e-06,1.03203e-06,9.84996e-07,9.37972e-07,8.92078e-07,8.51734e-07
1.29486e-06,1.25034e-06,1.20053e-06,1.15369e-06,1.10208e-06,1.05128e-06,9.97272e-07,9.51305e-07,9.05833e-07,8.61774e-07,8.2272e-07
1.257e-06,1.2119e-06,1.16597e-06,1.11774e-06,1.06965e-06,1.01714e-06,9.67768e-07,9.20615e-07,8.764e-07,8.32924e-07,7.93475e-07
1.2193e-06,1.17497e-06,1.13072e-06,1.08327e-06,1.03593e-06,9.8676e-07,9.36871e-07,8.92327e-07,8.4869e-07,8.06705e-07,7.69882e-07
1.18342e-06,1.14062e-06,1.09819e-06,1.05251e-06,1.00731e-06,9.58542e-07,9.08954e-07,8.64421e-07,8.22087e-07,7.80303e-07,7.42634e-07
1.14722e-06,1.10622e-06,1.06589e-06,1.02068e-06,9.76209e-07,9.27932e-07,8.82265e-07,8.37462e-07,7.96283e-07,7.55837e-07,7.20853e-07
1.11631e-06,1.07588e-06,1.03746e-06,9.93473e-07,9.49688e-07,9.01839e-07,8.58106e-07,8.13169e-07,7.73008e-07,7.33747e-07,6.99477e-07
1.08561e-06,1.04685e-06,1.00922e-06,9.66143e-07,9.23977e-07,8.77876e-07,8.34189e-07,7.90378e-07,7.51152e-07,7.12493e-07,6.79596e-07
1.05691e-06,1.0197e-06,9.82864e-07,9.41162e-07,8.98928e-07,8.53854e-07,8.11739e-07,7.68808e-07,7.29499e-07,6.92127e-07,6.59497e-07
1.02984e-06,9.9409e-07,9.58564e-07,9.17292e-07,8.76284e-07,8.31944e-07,7.91392e-07,7.48344e-07,7.10643e-07,6.73769e-07,6.43569e-07
1.00396e-06,9.69033e-07,9.33954e-07,8.94416e-07,8.53651e-07,8.10822e-07,7.70323e-07,7.2847e-07,6.90546e-07,6.55134e-07,6.24182e-07
9.78985e-07,9.45086e-07,9.107e-07,8.72142e-07,8.32204e-07,7.90783e-07,7.5099e-07,7.09317e-07,6.72371e-07,6.37717e-07,6.07931e-07
9.55656e-07,9.22737e-07,8.89014e-07,8.51432e-07,8.12261e-07,7.71737e-07,7.32556e-07,6.91609e-07,6.55187e-07,6.21477e-07,5.92469e-07
9.3352e-07,9.01512e-07,8.6847e-07,8.31785e-07,7.93344e-07,7.53654e-07,7.15004e-07,6.7474e-07,6.38847e-07,6.06048e-07,5.7785e-07
9.12597e-07,8.81354e-07,8.48968e-07,8.1304e-07,7.7557e-07,7.36531e-07,6.98182e-07,6.58655e-07,6.2351e-07,5.91483e-07,5.64052e-07
8.92241e-07,8.61814e-07,8.30067e-07,7.95074e-07,7.57876e-07,7.19796e-07,6.81876e-07,6.43236e-07,6.08366e-07,5.76968e-07,5.50462e-07
8.72371e-07,8.43027e-07,8.11608e-07,7.77309e-07,7.41077e-07,7.03504e-07,6.66185e-07,6.28107e-07,5.93984e-07,5.63539e-07,5.37392e-07
8.53314e-07,8.24771e-07,7.93877e-07,7.6031e-07,7.24774e-07,6.87752e-07,6.50989e-07,6.13608e-07,5.80048e-07,5.50316e-07,5.24915e-07
8.34905e-07,8.07011e-07,7.76718e-07,7.43901e-07,7.08973e-07,6.72455e-07,6.36245e-07,5.99634e-07,5.66625e-07,5.37697e-07,5.12919e-07
8.17277e-07,7.89901e-07,7.60218e-07,7.27893e-07,6.93682e-07,6.57816e-07,6.21952e-07,5.85864e-07,5.53552e-07,5.25193e-07,5.01305e-07
7.98795e-07,7.72179e-07,7.43119e-07,7.11609e-07,6.78147e-07,6.4264e-07,6.07388e-07,5.72316e-07,5.40489e-07,5.12824e-07,4.8948e-07
7.81111e-07,7.5519e-07,7.2658e-07,6.95745e-07,6.62923e-07,6.28015e-07,5.93325e-07,5.58952e-07,5.27842e-07,5.00755e-07,4.77905e-07
7.64652e-07,7.39294e-07,7.11137e-07,6.80928e-07,6.48648e-07,6.14234e-07,5.80029e-07,5.46488e-07,5.15946e-07,4.89441e-07,4.67244e-07
7.45875e-07,7.21151e-07,6.9365e-07,6.6414e-07,6.32631e-07,5.98816e-07,5.65342e-07,5.32576e-07,5.0273e-07,4.76887e-07,4.55091e-07
7.30246e-07,7.06035e-07,6.79189e-07,6.50086e-07,6.1918e-07,5.85794e-07,5.52924e-07,5.2084e-07,4.91333e-07,4.66547e-07,4.4502e-07
7.10306e-07,6.86721e-07,6.60338e-07,6.32174e-07,6.02005e-07,5.69424e-07,5.37259e-07,5.05866e-07,4.77534e-07,4.53053e-07,4.32355e-07
6.95041e-07,6.71988e-07,6.45943e-07,6.1819e-07,5.88456e-07,5.56455e-07,5.24872e-07,4.94409e-07,4.6667e-07,4.42709e-07,4.22363e-07
6.74086e-07,6.51531e-07,6.26426e-07,5.99499e-07,5.70736e-07,5.39504e-07,5.08899e-07,4.79236e-07,4.52097e-07,4.2894e-07,4.094e-07
6.5544e-07,6.33639e-07,6.08947e-07,5.82873e-07,5.54672e-07,5.24146e-07,4.94352e-07,4.65446e-07,4.39213e-07,4.16649e-07,3.9726e-07
6.36906e-07,6.1556e-07,5.91541e-07,5.65999e-07,5.38684e-07,5.08955e-07,4.79854e-07,4.51785e-07,4.26493e-07,4.0434e-07,3.85318e-07
6.17603e-07,5.96962e-07,5.73465e-07,5.48829e-07,5.22106e-07,4.93079e-07,4.6497e-07,4.37755e-07,4.12939e-07,3.91701e-07,3.7321e-07
5.98406e-07,5.78305e-07,5.55575e-07,5.31327e-07,5.05431e-07,4.77302e-07,4.49952e-07,4.2393e-07,3.99596e-07,3.79017e-07,3.6148e-07
5.79171e-07,5.59468e-07,5.37156e-07,5.14224e-07,4.88903e-07,4.61626e-07,4.35045e-07,4.0964e-07,3.86464e-07,3.66254e-07,3.49481e-07
5.59057e-07,5.40027e-07,5.18461e-07,4.95761e-07,4.71571e-07,4.45057e-07,4.19606e-07,3.95053e-07,3.72646e-07,3.53268e-07,3.36538e-07
5.39071e-07,5.20534e-07,4.99698e-07,4.77824e-07,4.54259e-07,4.28559e-07,4.0397e-07,3.80459e-07,3.58685e-07,3.40055e-07,3.23854e-07
5.1945e-07,5.01343e-07,4.8121e-07,4.60311e-07,4.37506e-07,4.12564e-07,3.88854e-07,3.66133e-07,3.45199e-07,3.27214e-07,3.11586e-07
4.99282e-07,4.81883e-07,4.6242e-07,4.41955e-07,4.20177e-07,3.96135e-07,3.7338e-07,3.51599e-07,3.31367e-07,3.14234e-07,2.984e-07
4.79209e-07,4.62305e-07,4.4337e-07,4.23658e-07,4.02699e-07,3.79685e-07,3.57816e-07,3.37001e-07,3.17543e-07,3.00833e-07,2.86302e-07
4.5931e-07,4.4291e-07,4.24693e-07,4.05832e-07,3.85536e-07,3.63395e-07,3.42481e-07,3.22593e-07,3.03863e-07,2.87791e-07,2.73668e-07
4.39908e-07,4.24055e-07,4.0637e-07,3.88385e-07,3.69269e-07,3.47907e-07,3.27853e-07,3.08192e-07,2.90844e-07,2.75288e-07,2.61542e-07
4.20656e-07,4.04941e-07,3.88493e-07,3.70667e-07,3.52292e-07,3.3204e-07,3.12908e-07,2.9525e-07,2.77122e-07,2.6236e-07,2.49594e-07
4.01157e-07,3.86263e-07,3.69935e-07,3.53277e-07,3.35414e-07,3.15898e-07,2.97665e-07,2.80365e-07,2.63871e-07,2.49629e-07,2.37049e-07
3.82361e-07,3.67945e-07,3.52228e-07,3.36279e-07,3.19159e-07,3.00518e-07,2.83176e-07,2.66732e-07,2.50914e-07,2.37278e-07,2.25215e-07
3.64264e-07,3.50191e-07,3.35144e-07,3.1989e-07,3.03543e-07,2.85695e-07,2.69161e-07,2.53445e-07,2.38246e-07,2.25356e-07,2.13894e-07
3.46364e-07,3.32847e-07,3.18278e-07,3.03668e-07,2.88027e-07,2.71033e-07,2.5535e-07,2.40502e-07,2.26046e-07,2.13553e-07,2.02487e-07
3.37189e-07,3.24187e-07,3.09398e-07,2.95002e-07,2.79238e-07,2.62881e-07,2.47792e-07,2.33369e-07,2.19506e-07,2.07549e-07,1.96758e-07
3.12968e-07,3.00288e-07,2.86699e-07,2.73433e-07,2.59497e-07,2.43819e-07,2.29519e-07,2.1571e-07,2.02929e-07,1.91528e-07,1.81387e-07
2.97003e-07,2.84667e-07,2.71656e-07,2.58832e-07,2.45155e-07,2.30477e-07,2.17021e-07,2.04408e-07,1.91761e-07,1.80844e-07,1.71215e-07
2.82191e-07,2.70144e-07,2.57675e-07,2.4516e-07,2.32552e-07,2.18389e-07,2.05592e-07,1.94166e-07,1.81509e-07,1.7105e-07,1.6204e-07
2.67712e-07,2.56084e-07,2.43969e-07,2.32145e-07,2.19618e-07,2.062e-07,1.94148e-07,1.82718e-07,1.71279e-07,1.61367e-07,1.52564e-07
2.54299e-07,2.42972e-07,2.31253e-07,2.1989e-07,2.079e-07,1.95102e-07,1.8365e-07,1.72741e-07,1.61914e-07,1.52401e-07,1.44044e-07
2.41876e-07,2.31003e-07,2.19694e-07,2.08354e-07,1.97256e-07,1.85026e-07,1.74287e-07,1.63849e-07,1.53211e-07,1.44166e-07,1.35954e-07
2.30016e-07,2.19253e-07,2.08074e-07,1.97703e-07,1.86628e-07,1.74974e-07,1.64458e-07,1.54522e-07,1.44972e-07,1.36117e-07,1.28713e-07
2.18982e-07,2.08459e-07,1.97776e-07,1.87513e-07,1.76832e-07,1.65603e-07,1.55641e-07,1.4631e-07,1.36888e-07,1.28641e-07,1.21421e-07
2.08957e-07,1.98661e-07,1.88266e-07,1.783e-07,1.67973e-07,1.57187e-07,1.47652e-07,1.38747e-07,1.29742e-07,1.21872e-07,1.15003e-07
1.99977e-07,1.89945e-07,1.79733e-07,1.70386e-07,1.60205e-07,1.49739e-07,1.406e-07,1.32081e-07,1.235e-07,1.15839e-07,1.09129e-07
1.91403e-07,1.81515e-07,1.7163e-07,1.62137e-07,1.52415e-07,1.42396e-07,1.33597e-07,1.25422e-07,1.17194e-07,1.10009e-07,1.03769e-07
1.83788e-07,1.74087e-07,1.64428e-07,1.5513e-07,1.4566e-07,1.35972e-07,1.27484e-07,1.19622e-07,1.11744e-07,1.04869e-07,9.89131e-08
1.76913e-07,1.67391e-07,1.57933e-07,1.48804e-07,1.39558e-07,1.30165e-07,1.21955e-07,1.14375e-07,1.06822e-07,1.00238e-07,9.45393e-08
1.70673e-07,1.61316e-07,1.52051e-07,1.43073e-07,1.34028e-07,1.24906e-07,1.1694e-07,1.09614e-07,1.02363e-07,9.60543e-08,9.06029e-08
1.65106e-07,1.55923e-07,1.46822e-07,1.37974e-07,1.29143e-07,1.20247e-07,1.12469e-07,1.05296e-07,9.84065e-08,9.23506e-08,8.71114e-08
1.60013e-07,1.5097e-07,1.42062e-07,1.33328e-07,1.2477e-07,1.15973e-07,1.08435e-07,1.01578e-07,9.47967e-08,8.89855e-08,8.39701e-08
1.5538e-07,1.46489e-07,1.37739e-07,1.29121e-07,1.20571e-07,1.12106e-07,1.04729e-07,9.80108e-08,9.15327e-08,8.59421e-08,8.1107e-08
1.51223e-07,1.42514e-07,1.33841e-07,1.25249e-07,1.16965e-07,1.08711e-07,1.01465e-07,9.49741e-08,8.86614e-08,8.32438e-08,7.87165e-08
1.47362e-07,1.38801e-07,1.30324e-07,1.21917e-07,1.13645e-07,1.05569e-07,9.84485e-08,9.19967e-08,8.59842e-08,8.07893e-08,7.62852e-08
1.43788e-07,1.35366e-07,1.27053e-07,1.18747e-07,1.10571e-07,1.02625e-07,9.57024e-08,8.94278e-08,8.35616e-08,7.85398e-08,7.41788e-08
1.40396e-07,1.32144e-07,1.23937e-07,1.1574e-07,1.07731e-07,9.99152e-08,9.30903e-08,8.69709e-08,8.12885e-08,7.64252e-08,7.22028e-08
1.37219e-07,1.29121e-07,1.21049e-07,1.12959e-07,1.05051e-07,9.74018e-08,9.07017e-08,8.46944e-08,7.9181e-08,7.44563e-08,7.03783e-08
1.34269e-07,1.26326e-07,1.18373e-07,1.10398e-07,1.02623e-07,9.50988e-08,8.84975e-08,8.25697e-08,7.72547e-08,7.26706e-08,6.87054e-08
1.31388e-07,1.23588e-07,1.15776e-07,1.079e-07,1.00229e-07,9.28466e-08,8.63733e-08,8.05979e-08,7.53836e-08,7.09166e-08,6.70764e-08
1.28614e-07,1.20956e-07,1.13266e-07,1.05504e-07,9.79601e-08,9.07075e-08,8.43401e-08,7.86802e-08,7.35964e-08,6.92576e-08,6.55319e-08
1.25912e-07,1.18409e-07,1.10851e-07,1.03202e-07,9.57759e-08,8.86543e-08,8.23876e-08,7.68665e-08,7.18902e-08,6.76564e-08,6.40357e-08
1.23305e-07,1.15947e-07,1.08507e-07,1.00978e-07,9.36824e-08,8.66835e-08,8.05169e-08,7.50433e-08,7.02468e-08,6.61249e-08,6.25921e-08
1.20733e-07,1.13516e-07,1.0621e-07,9.8793e-08,9.16286e-08,8.47365e-08,7.86829e-08,7.33528e-08,6.86299e-08,6.46158e-08,6.11819e-08
1.18234e-07,1.1116e-07,1.0397e-07,9.66722e-08,8.96228e-08,8.28666e-08,7.69066e-08,7.16809e-08,6.70795e-08,6.31536e-08,5.98203e-08
1.15798e-07,1.08853e-07,1.01795e-07,9.46296e-08,8.76818e-08,8.10461e-08,7.51936e-08,7.00744e-08,6.55759e-08,6.17351e-08,5.84901e-08
1.13388e-07,1.06582e-07,9.96397e-08,9.25874e-08,8.57702e-08,7.92612e-08,7.35118e-08,6.84905e-08,6.40859e-08,6.03417e-08,5.71891e-08
1.11024e-07,1.04349e-07,9.75337e-08,9.05951e-08,8.38992e-08,7.75036e-08,7.18523e-08,6.69371e-08,6.2638e-08,5.898e-08,5.59046e-08
1.08717e-07,1.02164e-07,9.54602e-08,8.86508e-08,8.20591e-08,7.57803e-08,7.02376e-08,6.54144e-08,6.12202e-08,5.76525e-08,5.46617e-08
1.0645e-07,1.00027e-07,9.34523e-08,8.67653e-08,8.02755e-08,7.4122e-08,6.86733e-08,6.39485e-08,5.98503e-08,5.63625e-08,5.34398e-08
1.04222e-07,9.79108e-08,9.14427e-08,8.48753e-08,7.85087e-08,7.24693e-08,6.7123e-08,6.25012e-08,5.85009e-08,5.50835e-08,5.2248e-08
1.02015e-07,9.58314e-08,8.94896e-08,8.30517e-08,7.67894e-08,7.08636e-08,6.56196e-08,6.10865e-08,5.71717e-08,5.3837e-08,5.10668e-08
9.98748e-08,9.38016e-08,8.75606e-08,8.12376e-08,7.51014e-08,6.93067e-08,6.41598e-08,5.97209e-08,5.58705e-08,5.26247e-08,4.99336e-08
9.77184e-08,9.17785e-08,8.56602e-08,7.94482e-08,7.34364e-08,6.77422e-08,6.26933e-08,5.83526e-08,5.46187e-08,5.14135e-08,4.87894e-08
9.55972e-08,8.97666e-08,8.37585e-08,7.76683e-08,7.17804e-08,6.61967e-08,6.12556e-08,5.69998e-08,5.33387e-08,5.02258e-08,4.76694e-08
9.35248e-08,8.7813e-08,8.192e-08,7.59496e-08,7.01851e-08,6.47117e-08,5.98624e-08,5.57041e-08,5.21147e-08,4.90713e-08,4.65689e-08
9.17372e-08,8.61098e-08,8.02883e-08,7.43904e-08,6.86827e-08,6.32724e-08,5.85184e-08,5.44688e-08,5.09761e-08,4.80299e-08,4.56168e-08
8.97605e-08,8.42227e-08,7.85192e-08,7.27532e-08,6.71416e-08,6.18298e-08,5.71757e-08,5.32202e-08,4.98118e-08,4.69239e-08,4.45603e-08
8.77636e-08,8.23519e-08,7.67453e-08,7.10905e-08,6.55937e-08,6.04236e-08,5.58651e-08,5.19854e-08,4.86436e-08,4.58215e-08,4.3534e-08
8.54991e-08,8.02166e-08,7.47649e-08,6.92767e-08,6.3969e-08,5.89436e-08,5.4497e-08,5.06804e-08,4.74084e-08,4.46164e-08,4.23736e-08
8.35204e-08,7.83568e-08,7.30234e-08,6.76501e-08,6.2473e-08,5.75531e-08,5.31968e-08,4.94737e-08,4.62674e-08,4.3539e-08,4.13406e-08
8.16111e-08,7.65491e-08,7.1331e-08,6.60865e-08,6.09996e-08,5.62407e-08,5.19717e-08,4.82761e-08,4.51817e-08,4.25031e-08,4.0342e-08
7.96987e-08,7.47494e-08,6.9639e-08,6.45065e-08,5.95452e-08,5.4854e-08,5.06862e-08,4.71302e-08,4.40659e-08,4.1454e-08,3.93506e-08
7.7836e-08,7.29858e-08,6.79964e-08,6.30063e-08,5.81359e-08,5.35423e-08,4.94856e-08,4.59992e-08,4.30032e-08,4.04388e-08,3.84082e-08
7.59717e-08,7.1232e-08,6.63341e-08,6.1445e-08,5.67101e-08,5.22426e-08,4.82701e-08,4.48687e-08,4.19289e-08,3.94287e-08,3.74288e-08
7.41244e-08,6.94891e-08,6.47108e-08,5.99194e-08,5.53169e-08,5.09461e-08,4.70575e-08,4.37324e-08,4.08801e-08,3.8432e-08,3.64817e-08
7.23274e-08,6.77928e-08,6.3128e-08,5.84708e-08,5.39409e-08,4.97392e-08,4.59293e-08,4.26247e-08,3.98767e-08,3.74758e-08,3.55477e-08
7.05401e-08,6.61096e-08,6.15508e-08,5.69788e-08,5.25968e-08,4.84427e-08,4.47403e-08,4.15647e-08,3.88385e-08,3.6503e-08,3.46368e-08
6.87595e-08,6.44332e-08,5.99823e-08,5.55328e-08,5.12557e-08,4.71952e-08,4.35816e-08,4.04946e-08,3.78302e-08,3.55409e-08,3.37233e-08
6.70476e-08,6.28102e-08,5.84772e-08,5.41624e-08,4.99686e-08,4.60065e-08,4.24923e-08,3.94653e-08,3.68699e-08,3.46304e-08,3.28441e-08
6.53353e-08,6.12096e-08,5.69688e-08,5.27432e-08,4.86861e-08,4.48241e-08,4.1387e-08,3.84454e-08,3.58917e-08,3.37012e-08,3.19976e-08
6.36788e-08,5.96475e-08,5.55334e-08,5.1438e-08,4.74859e-08,4.38056e-08,4.04377e-08,3.75033e-08,3.5039e-08,3.2858e-08,3.11366e-08
6.20047e-08,5.8063e-08,5.40493e-08,5.00188e-08,4.62355e-08,4.25556e-08,3.92831e-08,3.65028e-08,3.40547e-08,3.19428e-08,3.02666e-08
6.03532e-08,5.65242e-08,5.26057e-08,4.87097e-08,4.49746e-08,4.14008e-08,3.8219e-08,3.54935e-08,3.31085e-08,3.10683e-08,2.94347e-08
5.87484e-08,5.50161e-08,5.12005e-08,4.74117e-08,4.37791e-08,4.02954e-08,3.71875e-08,3.45354e-08,3.22152e-08,3.0218e-08,2.86135e-08
5.718e-08,5.35411e-08,4.98287e-08,4.61373e-08,4.25938e-08,3.92208e-08,3.61951e-08,3.35976e-08,3.1341e-08,2.93829e-08,2.78181e-08
5.56324e-08,5.2086e-08,4.84627e-08,4.488e-08,4.14349e-08,3.81472e-08,3.51954e-08,3.26725e-08,3.04665e-08,2.85604e-08,2.70269e-08
5.41213e-08,5.06685e-08,4.71539e-08,4.36727e-08,4.02977e-08,3.71389e-08,3.42782e-08,3.1787e-08,2.96488e-08,2.77785e-08,2.62678e-08
5.26202e-08,4.92608e-08,4.58402e-08,4.24549e-08,3.91981e-08,3.60813e-08,3.32847e-08,3.08882e-08,2.87953e-08,2.69784e-08,2.54957e-08
5.11869e-08,4.79144e-08,4.45889e-08,4.1299e-08,3.81334e-08,3.50945e-08,3.23747e-08,3.00405e-08,2.79984e-08,2.62263e-08,2.47747e-08
4.97648e-08,4.65828e-08,4.33479e-08,4.01607e-08,3.70837e-08,3.41173e-08,3.14776e-08,2.92012e-08,2.72079e-08,2.54818e-08,2.40465e-08
4.83713e-08,4.52717e-08,4.21349e-08,3.90304e-08,3.60392e-08,3.31668e-08,3.0591e-08,2.83739e-08,2.64322e-08,2.47261e-08,2.33423e-08
4.70287e-08,4.40127e-08,4.09643e-08,3.79502e-08,3.50426e-08,3.22473e-08,2.97331e-08,2.75771e-08,2.56848e-08,2.40252e-08,2.26534e-08
4.61321e-08,4.31621e-08,4.01373e-08,3.71335e-08,3.4225e-08,3.14116e-08,2.8958e-08,2.68963e-08,2.50675e-08,2.35005e-08,2.21881e-08
4.44156e-08,4.15634e-08,3.86898e-08,3.5846e-08,3.30968e-08,3.04548e-08,2.80736e-08,2.6028e-08,2.42259e-08,2.2638e-08,2.13246e-08
4.31767e-08,4.04015e-08,3.761e-08,3.48506e-08,3.218e-08,2.96026e-08,2.72813e-08,2.52954e-08,2.35401e-08,2.19952e-08,2.06943e-08
4.19576e-08,3.92574e-08,3.6548e-08,3.38698e-08,3.129e-08,2.87645e-08,2.65015e-08,2.45732e-08,2.28633e-08,2.13492e-08,2.00774e-08
4.07804e-08,3.81548e-08,3.55244e-08,3.29191e-08,3.03912e-08,2.7945e-08,2.57482e-08,2.38629e-08,2.21979e-08,2.07275e-08,1.94819e-08
3.96362e-08,3.70888e-08,3.45347e-08,3.19975e-08,2.95422e-08,2.71688e-08,2.50171e-08,2.31843e-08,2.15628e-08,2.01358e-08,1.88872e-08
3.85304e-08,3.60515e-08,3.3562e-08,3.11214e-08,2.87144e-08,2.63836e-08,2.43047e-08,2.25238e-08,2.09417e-08,1.95402e-08,1.83332e-08
3.74588e-08,3.50471e-08,3.26308e-08,3.02396e-08,2.79078e-08,2.5645e-08,2.36043e-08,2.18688e-08,2.03373e-08,1.89694e-08,1.77806e-08
3.64244e-08,3.40755e-08,3.17304e-08,2.94038e-08,2.71309e-08,2.49231e-08,2.29461e-08,2.12494e-08,1.97501e-08,1.84176e-08,1.7257e-08
3.54154e-08,3.3134e-08,3.08498e-08,2.85881e-08,2.63733e-08,2.422e-08,2.22844e-08,2.06384e-08,1.91824e-08,1.78823e-08,1.67327e-08
3.44557e-08,3.22334e-08,3.00141e-08,2.78101e-08,2.56508e-08,2.35487e-08,2.16711e-08,2.00597e-08,1.86403e-08,1.73734e-08,1.6248e-08
3.35354e-08,3.13701e-08,2.92111e-08,2.70622e-08,2.49534e-08,2.29044e-08,2.10593e-08,1.94995e-08,1.81161e-08,1.68725e-08,1.57703e-08
3.26468e-08,3.05393e-08,2.84383e-08,2.63424e-08,2.4283e-08,2.22831e-08,2.04824e-08,1.89612e-08,1.76131e-08,1.64107e-08,1.53155e-08
3.17968e-08,2.97425e-08,2.76942e-08,2.56512e-08,2.36377e-08,2.16753e-08,1.99157e-08,1.84399e-08,1.71288e-08,1.59667e-08,1.488e-08
3.09533e-08,2.89499e-08,2.69553e-08,2.49606e-08,2.29929e-08,2.10752e-08,1.936e-08,1.79199e-08,1.66444e-08,1.54868e-08,1.44429e-08
3.01616e-08,2.82113e-08,2.62615e-08,2.4328e-08,2.23916e-08,2.05072e-08,1.88361e-08,1.7435e-08,1.61926e-08,1.50759e-08,1.40373e-08
2.93983e-08,2.74935e-08,2.55958e-08,2.36895e-08,2.18021e-08,1.99642e-08,1.83262e-08,1.6957e-08,1.57488e-08,1.46623e-08,1.36439e-08
2.86728e-08,2.68153e-08,2.49607e-08,2.30958e-08,2.12461e-08,1.94459e-08,1.78432e-08,1.65076e-08,1.53302e-08,1.42739e-08,1.32718e-08
2.79821e-08,2.61657e-08,2.43549e-08,2.25282e-08,2.07133e-08,1.89515e-08,1.7385e-08,1.60784e-08,1.49311e-08,1.39023e-08,1.2917e-08
2.73221e-08,2.55457e-08,2.3774e-08,2.19831e-08,2.02029e-08,1.84692e-08,1.69336e-08,1.56631e-08,1.45453e-08,1.35395e-08,1.25755e-08
2.66837e-08,2.49479e-08,2.32148e-08,2.14593e-08,1.97089e-08,1.80099e-08,1.65076e-08,1.52697e-08,1.41784e-08,1.3201e-08,1.22493e-08
2.6068e-08,2.4371e-08,2.26721e-08,2.09489e-08,1.923e-08,1.75593e-08,1.60883e-08,1.4876e-08,1.38161e-08,1.28767e-08,1.19337e-08
2.54822e-08,2.38205e-08,2.21535e-08,2.04618e-08,1.87721e-08,1.71309e-08,1.56893e-08,1.45054e-08,1.34739e-08,1.2546e-08,1.16281e-08
2.49351e-08,2.33039e-08,2.16732e-08,2.00086e-08,1.83426e-08,1.67298e-08,1.53183e-08,1.41592e-08,1.31534e-08,1.22458e-08,1.135e-08
2.43977e-08,2.28011e-08,2.11961e-08,1.95609e-08,1.79228e-08,1.63355e-08,1.49482e-08,1.38149e-08,1.28379e-08,1.19553e-08,1.10741e-08
2.3876e-08,2.2311e-08,2.07367e-08,1.91264e-08,1.7513e-08,1.59506e-08,1.45905e-08,1.3486e-08,1.25303e-08,1.16726e-08,1.08091e-08
2.33918e-08,2.18544e-08,2.03074e-08,1.87236e-08,1.7133e-08,1.55946e-08,1.42584e-08,1.3179e-08,1.22469e-08,1.141e-08,1.05651e-08
2.29255e-08,2.14172e-08,1.98971e-08,1.83336e-08,1.67654e-08,1.52508e-08,1.39399e-08,1.28832e-08,1.19724e-08,1.11559e-08,1.03246e-08
2.2469e-08,2.0987e-08,1.94909e-08,1.79521e-08,1.64048e-08,1.49122e-08,1.36246e-08,1.25899e-08,1.17035e-08,1.09122e-08,1.00941e-08
2.20272e-08,2.05707e-08,1.90985e-08,1.75813e-08,1.60566e-08,1.45861e-08,1.33213e-08,1.23089e-08,1.14433e-08,1.06679e-08,9.86946e-09
2.16162e-08,2.01828e-08,1.87335e-08,1.72373e-08,1.57317e-08,1.42842e-08,1.30406e-08,1.20475e-08,1.12036e-08,1.04455e-08,9.66182e-09
2.12076e-08,1.97998e-08,1.8371e-08,1.68953e-08,1.54107e-08,1.39834e-08,1.27601e-08,1.17872e-08,1.09629e-08,1.02251e-08,9.45784e-09
2.08138e-08,1.94271e-08,1.80212e-08,1.6564e-08,1.50978e-08,1.36905e-08,1.24901e-08,1.15375e-08,1.07311e-08,1.00113e-08,9.26023e-09
2.04472e-08,1.90796e-08,1.76962e-08,1.62577e-08,1.48096e-08,1.34217e-08,1.22388e-08,1.13066e-08,1.05168e-08,9.81305e-09,9.08002e-09
2.0074e-08,1.87298e-08,1.73651e-08,1.59448e-08,1.45149e-08,1.31487e-08,1.19879e-08,1.10704e-08,1.02988e-08,9.61349e-09,8.8922e-09
1.97194e-08,1.83957e-08,1.70502e-08,1.56483e-08,1.42367e-08,1.28896e-08,1.1748e-08,1.0848e-08,1.00933e-08,9.4237e-09,8.71689e-09
1.9378e-08,1.80756e-08,1.67483e-08,1.53648e-08,1.3971e-08,1.26401e-08,1.15177e-08,1.06359e-08,9.89832e-09,9.24219e-09,8.55026e-09
1.90432e-08,1.77601e-08,1.64497e-08,1.50845e-08,1.37102e-08,1.23978e-08,1.12958e-08,1.0429e-08,9.70493e-09,9.06619e-09,8.38522e-09
1.87145e-08,1.745e-08,1.61574e-08,1.48118e-08,1.34579e-08,1.21618e-08,1.10747e-08,1.02268e-08,9.51921e-09,8.89053e-09,8.22529e-09
1.83896e-08,1.71434e-08,1.58705e-08,1.45415e-08,1.32039e-08,1.19275e-08,1.08596e-08,1.0026e-08,9.33202e-09,8.71947e-09,8.06778e-09
1.80725e-08,1.6845e-08,1.55909e-08,1.42782e-08,1.29585e-08,1.17015e-08,1.06504e-08,9.83278e-09,9.15322e-09,8.55375e-09,7.91435e-09
1.77642e-08,1.65546e-08,1.53178e-08,1.40233e-08,1.27214e-08,1.14814e-08,1.04478e-08,9.64433e-09,8.97902e-09,8.39045e-09,7.76526e-09
1.74649e-08,1.62725e-08,1.5054e-08,1.37762e-08,1.2492e-08,1.12707e-08,1.02531e-08,9.46501e-09,8.8109e-09,8.23379e-09,7.62159e-09
1.71673e-08,1.5992e-08,1.47906e-08,1.35311e-08,1.22652e-08,1.10602e-08,1.006e-08,9.28523e-09,8.64527e-09,8.08025e-09,7.47971e-09
1.68712e-08,1.57143e-08,1.4531e-08,1.32889e-08,1.20399e-08,1.08529e-08,9.86926e-09,9.10917e-09,8.48122e-09,7.92858e-09,7.33816e-09
1.65852e-08,1.5444e-08,1.42789e-08,1.30532e-08,1.18223e-08,1.06528e-08,9.68512e-09,8.93874e-09,8.32298e-09,7.77816e-09,7.20107e-09
1.62984e-08,1.5176e-08,1.40264e-08,1.28199e-08,1.16082e-08,1.04553e-08,9.50359e-09,8.77063e-09,8.16662e-09,7.63247e-09,7.06541e-09
1.60161e-08,1.49106e-08,1.3779e-08,1.25894e-08,1.13952e-08,1.02598e-08,9.32399e-09,8.60452e-09,8.01099e-09,7.48807e-09,6.93202e-09
1.57433e-08,1.46525e-08,1.35389e-08,1.23668e-08,1.11906e-08,1.00712e-08,9.15031e-09,8.44432e-09,7.86233e-09,7.34779e-09,6.80268e-09
1.54683e-08,1.43965e-08,1.32997e-08,1.21445e-08,1.09849e-08,9.8855e-09,8.97974e-09,8.28474e-09,7.71241e-09,7.20984e-09,6.67396e-09
1.51994e-08,1.41441e-08,1.30648e-08,1.19266e-08,1.07845e-08,9.70122e-09,8.8114e-09,8.12939e-09,7.5667e-09,7.07452e-09,6.54767e-09
1.49356e-08,1.38954e-08,1.28333e-08,1.1713e-08,1.0589e-08,9.51983e-09,8.64519e-09,7.97641e-09,7.42567e-09,6.93949e-09,6.42328e-09
1.46729e-08,1.36502e-08,1.26043e-08,1.15013e-08,1.0394e-08,9.34171e-09,8.48232e-09,7.82587e-09,7.28428e-09,6.80843e-09,6.30069e-09
1.44131e-08,1.3406e-08,1.23774e-08,1.12914e-08,1.02019e-08,9.16561e-09,8.32049e-09,7.67639e-09,7.14496e-09,6.67734e-09,6.17919e-09
1.4158e-08,1.31674e-08,1.21546e-08,1.10863e-08,1.00144e-08,8.99336e-09,8.16251e-09,7.53116e-09,7.00981e-09,6.54938e-09,6.06083e-09
1.39068e-08,1.29326e-08,1.19365e-08,1.0885e-08,9.8296e-09,8.82405e-09,8.00759e-09,7.38771e-09,6.87557e-09,6.42403e-09,5.94493e-09
1.36605e-08,1.27018e-08,1.17224e-08,1.06869e-08,9.6472e-09,8.6571e-09,7.85463e-09,7.24646e-09,6.74398e-09,6.30112e-09,5.83029e-09
1.34139e-08,1.24706e-08,1.15082e-08,1.04899e-08,9.46711e-09,8.49242e-09,7.70387e-09,7.10752e-09,6.61399e-09,6.17853e-09,5.71563e-09
1.31742e-08,1.22465e-08,1.13e-08,1.02982e-08,9.29066e-09,8.33118e-09,7.55544e-09,6.97065e-09,6.48664e-09,6.05929e-09,5.60515e-09
1.29353e-08,1.20228e-08,1.10928e-08,1.01076e-08,9.11697e-09,8.17185e-09,7.41021e-09,6.8368e-09,6.36158e-09,5.94141e-09,5.4946e-09
1.27018e-08,1.18049e-08,1.08905e-08,9.92142e-09,8.946e-09,8.01528e-09,7.2665e-09,6.70454e-09,6.23867e-09,5.82674e-09,5.38721e-09
1.24721e-08,1.15897e-08,1.06912e-08,9.73868e-09,8.77847e-09,7.86213e-09,7.12684e-09,6.57551e-09,6.11813e-09,5.71231e-09,5.28112e-09
1.22449e-08,1.13774e-08,1.04946e-08,9.55759e-09,8.61262e-09,7.70987e-09,6.98673e-09,6.4471e-09,5.99884e-09,5.60082e-09,5.17672e-09
1.20215e-08,1.11692e-08,1.03019e-08,9.38091e-09,8.4517e-09,7.56272e-09,6.85258e-09,6.32314e-09,5.88288e-09,5.49138e-09,5.07433e-09
1.18009e-08,1.0963e-08,1.01112e-08,9.20614e-09,8.29139e-09,7.41617e-09,6.71795e-09,6.19922e-09,5.76811e-09,5.38296e-09,4.97276e-09
1.15849e-08,1.07615e-08,9.92552e-09,9.03549e-09,8.13568e-09,7.27439e-09,6.58823e-09,6.07946e-09,5.65659e-09,5.27736e-09,4.87376e-09
1.13701e-08,1.05609e-08,9.73951e-09,8.86493e-09,7.97921e-09,7.13017e-09,6.45613e-09,5.95854e-09,5.54398e-09,5.17236e-09,4.77578e-09
1.11604e-08,1.03653e-08,9.55861e-09,8.69899e-09,7.82742e-09,6.99116e-09,6.32904e-09,5.84164e-09,5.43506e-09,5.06956e-09,4.67986e-09
1.09547e-08,1.01734e-08,9.38124e-09,8.53672e-09,7.6794e-09,6.85549e-09,6.20462e-09,5.72746e-09,5.32819e-09,4.96978e-09,4.586e-09
1.07508e-08,9.98372e-09,9.20618e-09,8.37561e-09,7.5314e-09,6.72e-09,6.08015e-09,5.61329e-09,5.22322e-09,4.87007e-09,4.49304e-09
1.05524e-08,9.79845e-09,9.03532e-09,8.21989e-09,7.39032e-09,6.59031e-09,5.96176e-09,5.50442e-09,5.12338e-09,4.77383e-09,4.40252e-09
1.03553e-08,9.61491e-09,8.86563e-09,8.0641e-09,7.24617e-09,6.45841e-09,5.8409e-09,5.39334e-09,5.01884e-09,4.67759e-09,4.3125e-09
1.01634e-08,9.43591e-09,8.7001e-09,7.91266e-09,7.10803e-09,6.33152e-09,5.72428e-09,5.28668e-09,4.92015e-09,4.58435e-09,4.22524e-09
9.9745e-09,9.26021e-09,8.53806e-09,7.7642e-09,6.97188e-09,6.20689e-09,5.61058e-09,5.18246e-09,4.82283e-09,4.49262e-09,4.13928e-09
9.7882e-09,9.08674e-09,8.37776e-09,7.61745e-09,6.83758e-09,6.08367e-09,5.49732e-09,5.07829e-09,4.72677e-09,4.40225e-09,4.05453e-09
9.60636e-09,8.91758e-09,8.22156e-09,7.4754e-09,6.70802e-09,5.96408e-09,5.38776e-09,4.97847e-09,4.63534e-09,4.31445e-09,3.9721e-09
9.42775e-09,8.75116e-09,8.06782e-09,7.33423e-09,6.57799e-09,5.84526e-09,5.27841e-09,4.87807e-09,4.54153e-09,4.2276e-09,3.89024e-09
9.25216e-09,8.58729e-09,7.91702e-09,7.1955e-09,6.45124e-09,5.72901e-09,5.17199e-09,4.7802e-09,4.45111e-09,4.1423e-09,3.8103e-09
9.08103e-09,8.42783e-09,7.77001e-09,7.06179e-09,6.32878e-09,5.61677e-09,5.06865e-09,4.6866e-09,4.36337e-09,4.05986e-09,3.73306e-09
8.91183e-09,8.27054e-09,7.62451e-09,6.92832e-09,6.20573e-09,5.50335e-09,4.96446e-09,4.59089e-09,4.276e-09,3.97758e-09,3.65616e-09
8.7478e-09,8.1181e-09,7.48372e-09,6.80044e-09,6.08897e-09,5.39487e-09,4.86547e-09,4.50094e-09,4.19491e-09,3.89845e-09,3.58219e-09
8.58639e-09,7.96744e-09,7.34496e-09,6.67273e-09,5.97127e-09,5.28778e-09,4.76658e-09,4.40962e-09,4.10881e-09,3.82001e-09,3.50807e-09
8.42832e-09,7.82032e-09,7.20897e-09,6.54806e-09,5.85744e-09,5.18307e-09,4.67053e-09,4.3218e-09,4.0276e-09,3.74376e-09,3.43673e-09
8.27322e-09,7.67575e-09,7.07461e-09,6.42295e-09,5.73855e-09,5.07269e-09,4.56755e-09,4.2286e-09,3.94149e-09,3.66733e-09,3.36613e-09
8.12375e-09,7.53647e-09,6.94692e-09,6.30844e-09,5.63754e-09,4.98075e-09,4.48474e-09,4.15212e-09,3.87127e-09,3.59601e-09,3.29805e-09
7.97517e-09,7.39869e-09,6.81813e-09,6.18887e-09,5.52447e-09,4.8742e-09,4.38585e-09,4.06355e-09,3.79222e-09,3.5231e-09,3.23112e-09
7.83115e-09,7.26431e-09,6.69531e-09,6.07891e-09,5.42617e-09,4.78649e-09,4.30588e-09,3.98906e-09,3.72077e-09,3.45445e-09,3.16564e-09
7.69017e-09,7.1329e-09,6.57277e-09,5.96394e-09,5.3168e-09,4.68427e-09,4.21113e-09,3.90342e-09,3.6405e-09,3.3847e-09,3.10166e-09
7.55234e-09,7.00514e-09,6.45537e-09,5.85918e-09,5.22513e-09,4.60172e-09,4.13535e-09,3.833e-09,3.57771e-09,3.3192e-09,3.03923e-09
7.41849e-09,6.87992e-09,6.33986e-09,5.75307e-09,5.12743e-09,4.51105e-09,4.05223e-09,3.75753e-09,3.50842e-09,3.25428e-09,2.9777e-09
7.28771e-09,6.75886e-09,6.22766e-09,5.6519e-09,5.03493e-09,4.4244e-09,3.97334e-09,3.68678e-09,3.44688e-09,3.19131e-09,2.91982e-09
7.15985e-09,6.63894e-09,6.11695e-09,5.54895e-09,4.93982e-09,4.33828e-09,3.89338e-09,3.61219e-09,3.37534e-09,3.12873e-09,2.86094e-09
7.0353e-09,6.52291e-09,6.00923e-09,5.45128e-09,4.85041e-09,4.25613e-09,3.81857e-09,3.5447e-09,3.31153e-09,3.06879e-09,2.8046e-09
6.91443e-09,6.41064e-09,5.90505e-09,5.35491e-09,4.7616e-09,4.17456e-09,3.74223e-09,3.47447e-09,3.24908e-09,3.00988e-09,2.74972e-09
6.79712e-09,6.30053e-09,5.80314e-09,5.26191e-09,4.67591e-09,4.09545e-09,3.66987e-09,3.40807e-09,3.18831e-09,2.95253e-09,2.69624e-09
6.68145e-09,6.19345e-09,5.70397e-09,5.17322e-09,4.59516e-09,4.01872e-09,3.6001e-09,3.34606e-09,3.13555e-09,2.89744e-09,2.64475e-09
6.56916e-09,6.08851e-09,5.60604e-09,5.08201e-09,4.51066e-09,3.94279e-09,3.52911e-09,3.27962e-09,3.07103e-09,2.84245e-09,2.59319e-09
6.46062e-09,5.9869e-09,5.5122e-09,4.996e-09,4.43232e-09,3.87096e-09,3.46412e-09,3.22149e-09,3.01526e-09,2.78948e-09,2.54385e-09
6.3541e-09,5.88743e-09,5.41986e-09,4.91145e-09,4.35471e-09,3.80008e-09,3.39658e-09,3.15921e-09,2.9603e-09,2.73785e-09,2.49583e-09
6.25158e-09,5.79171e-09,5.33074e-09,4.82989e-09,4.27892e-09,3.72962e-09,3.3323e-09,3.10075e-09,2.90707e-09,2.68787e-09,2.44921e-09
6.15129e-09,5.69833e-09,5.24411e-09,4.75235e-09,4.2097e-09,3.66347e-09,3.27313e-09,3.04783e-09,2.86315e-09,2.64004e-09,2.40412e-09
6.05455e-09,5.60773e-09,5.15987e-09,4.67196e-09,4.13506e-09,3.5978e-09,3.21148e-09,2.99034e-09,2.80522e-09,2.59183e-09,2.35951e-09
5.95805e-09,5.51757e-09,5.07576e-09,4.59614e-09,4.06464e-09,3.53243e-09,3.15075e-09,2.93468e-09,2.75549e-09,2.54547e-09,2.31682e-09
5.86713e-09,5.43259e-09,4.99723e-09,4.52495e-09,4.00239e-09,3.4782e-09,3.10021e-09,2.88645e-09,2.71025e-09,2.50182e-09,2.27569e-09
5.77701e-09,5.3476e-09,4.91801e-09,4.45174e-09,3.93201e-09,3.41084e-09,3.03877e-09,2.83207e-09,2.66207e-09,2.45802e-09,2.23512e-09
5.68943e-09,5.26733e-09,4.84266e-09,4.38449e-09,3.87201e-09,3.35291e-09,2.9871e-09,2.78748e-09,2.62614e-09,2.41585e-09,2.19565e-09
5.60506e-09,5.18685e-09,4.76775e-09,4.31398e-09,3.80636e-09,3.29496e-09,2.93217e-09,2.73507e-09,2.57309e-09,2.3743e-09,2.15765e-09
5.52334e-09,5.11108e-09,4.69703e-09,4.2495e-09,3.74668e-09,3.24065e-09,2.88187e-09,2.68965e-09,2.53126e-09,2.33478e-09,2.12085e-09
5.44386e-09,5.03616e-09,4.62767e-09,4.18647e-09,3.69294e-09,3.1963e-09,2.83939e-09,2.64721e-09,2.49233e-09,2.29668e-09,2.08586e-09
5.36523e-09,4.96234e-09,4.55864e-09,4.12117e-09,3.63044e-09,3.13466e-09,2.78498e-09,2.60023e-09,2.44981e-09,2.25789e-09,2.04989e-09
5.28888e-09,4.89012e-09,4.48933e-09,4.05546e-09,3.56214e-09,3.0658e-09,2.72049e-09,2.54486e-09,2.40433e-09,2.21944e-09,2.01588e-09
5.21559e-09,4.82195e-09,4.42783e-09,4.00306e-09,3.52271e-09,3.03674e-09,2.69701e-09,2.52092e-09,2.3735e-09,2.18653e-09,1.984e-09
5.14287e-09,4.75309e-09,4.36095e-09,3.93567e-09,3.45071e-09,2.96766e-09,2.62837e-09,2.4579e-09,2.31861e-09,2.14847e-09,1.95121e-09
5.07471e-09,4.69031e-09,4.3048e-09,3.89077e-09,3.42309e-09,2.94943e-09,2.61341e-09,2.43982e-09,2.30246e-09,2.11915e-09,1.92084e-09
5.00662e-09,4.6258e-09,4.24445e-09,3.83465e-09,3.36828e-09,2.897e-09,2.56651e-09,2.39993e-09,2.26624e-09,2.0858e-09,1.89129e-09
4.94085e-09,4.56483e-09,4.18735e-09,3.78491e-09,3.32543e-09,2.85428e-09,2.52993e-09,2.36847e-09,2.24382e-09,2.05533e-09,1.86263e-09
4.87631e-09,4.50367e-09,4.13046e-09,3.73154e-09,3.27553e-09,2.81253e-09,2.49208e-09,2.33248e-09,2.20052e-09,2.02439e-09,1.83396e-09
4.81328e-09,4.44472e-09,4.0751e-09,3.6792e-09,3.22787e-09,2.76903e-09,2.45004e-09,2.29209e-09,2.16806e-09,1.99389e-09,1.80645e-09
4.75221e-09,4.38743e-09,4.02267e-09,3.6326e-09,3.19007e-09,2.7402e-09,2.42055e-09,2.26241e-09,2.13931e-09,1.96537e-09,1.78023e-09
4.69299e-09,4.33131e-09,3.96987e-09,3.58344e-09,3.14038e-09,2.69116e-09,2.37877e-09,2.22696e-09,2.10745e-09,1.93664e-09,1.754e-09
4.63522e-09,4.27819e-09,3.91988e-09,3.5412e-09,3.10461e-09,2.6557e-09,2.34985e-09,2.20272e-09,2.09047e-09,1.91066e-09,1.72906e-09
4.57717e-09,4.22279e-09,3.86852e-09,3.49078e-09,3.05743e-09,2.61592e-09,2.31049e-09,2.16386e-09,2.04911e-09,1.88238e-09,1.70377e-09
4.52177e-09,4.17139e-09,3.81988e-09,3.44699e-09,3.01816e-09,2.58105e-09,2.27866e-09,2.13438e-09,2.02184e-09,1.85645e-09,1.68013e-09
4.46819e-09,4.12074e-09,3.77372e-09,3.40535e-09,2.98472e-09,2.55471e-09,2.253e-09,2.10711e-09,1.99685e-09,1.83213e-09,1.65696e-09
4.41463e-09,4.07061e-09,3.72639e-09,3.36125e-09,2.94115e-09,2.51202e-09,2.21627e-09,2.07651e-09,1.96822e-09,1.80622e-09,1.6343e-09
4.36313e-09,4.02354e-09,3.68261e-09,3.32513e-09,2.91189e-09,2.4844e-09,2.19577e-09,2.05692e-09,1.95736e-09,1.78427e-09,1.61205e-09
4.31182e-09,3.97436e-09,3.63707e-09,3.28108e-09,2.86981e-09,2.45002e-09,2.16077e-09,2.02316e-09,1.91923e-09,1.75953e-09,1.59101e-09
4.26135e-09,3.92706e-09,3.59303e-09,3.24083e-09,2.83416e-09,2.41798e-09,2.13236e-09,1.99642e-09,1.89463e-09,1.73594e-09,1.56953e-09
4.21301e-09,3.88178e-09,3.55117e-09,3.20365e-09,2.80548e-09,2.39665e-09,2.11107e-09,1.97323e-09,1.87297e-09,1.7144e-09,1.5492e-09
4.16447e-09,3.83553e-09,3.50817e-09,3.16329e-09,2.76426e-09,2.35485e-09,2.07422e-09,1.94502e-09,1.84542e-09,1.69119e-09,1.5286e-09
4.11751e-09,3.79247e-09,3.46853e-09,3.13168e-09,2.73934e-09,2.32997e-09,2.05663e-09,1.93264e-09,1.83644e-09,1.67202e-09,1.50947e-09
4.07041e-09,3.74796e-09,3.4267e-09,3.08928e-09,2.6986e-09,2.29688e-09,2.02223e-09,1.89637e-09,1.80027e-09,1.64875e-09,1.48911e-09
4.02448e-09,3.70505e-09,3.38704e-09,3.0536e-09,2.66636e-09,2.26912e-09,1.99701e-09,1.87322e-09,1.77809e-09,1.62808e-09,1.47066e-09
3.97905e-09,3.66282e-09,3.34786e-09,3.01788e-09,2.63463e-09,2.24151e-09,1.97156e-09,1.84989e-09,1.75652e-09,1.60816e-09,1.45274e-09
3.93479e-09,3.62153e-09,3.30964e-09,2.98353e-09,2.60424e-09,2.21485e-09,1.94785e-09,1.82751e-09,1.7354e-09,1.58822e-09,1.43359e-09
3.8922e-09,3.58207e-09,3.27351e-09,2.95373e-09,2.57979e-09,2.19045e-09,1.92838e-09,1.81207e-09,1.728e-09,1.57012e-09,1.41632e-09
3.84809e-09,3.54054e-09,3.23458e-09,2.91586e-09,2.54414e-09,2.16233e-09,1.90066e-09,1.7835e-09,1.69387e-09,1.54939e-09,1.39816e-09
3.8069e-09,3.50056e-09,3.19591e-09,2.87355e-09,2.49539e-09,2.11523e-09,1.85479e-09,1.74348e-09,1.65381e-09,1.52775e-09,1.38001e-09
3.76505e-09,3.46315e-09,3.16341e-09,2.85149e-09,2.48755e-09,2.113e-09,1.85721e-09,1.74219e-09,1.65454e-09,1.5131e-09,1.36439e-09
3.72242e-09,3.42314e-09,3.12692e-09,2.8183e-09,2.45807e-09,2.08717e-09,1.83333e-09,1.72076e-09,1.6349e-09,1.49422e-09,1.3471e-09
3.68288e-09,3.38657e-09,3.09326e-09,2.79084e-09,2.43606e-09,2.06472e-09,1.81579e-09,1.7069e-09,1.62887e-09,1.47752e-09,1.33115e-09
3.64265e-09,3.34898e-09,3.05887e-09,2.7571e-09,2.40523e-09,2.04284e-09,1.79246e-09,1.68274e-09,1.59792e-09,1.45909e-09,1.31478e-09
3.60397e-09,3.31234e-09,3.02502e-09,2.72636e-09,2.37692e-09,2.01668e-09,1.77038e-09,1.66191e-09,1.57892e-09,1.44164e-09,1.29884e-09
3.56345e-09,3.27478e-09,2.99101e-09,2.69561e-09,2.34994e-09,1.99296e-09,1.749e-09,1.64231e-09,1.56047e-09,1.42485e-09,1.28286e-09
3.52593e-09,3.24058e-09,2.95813e-09,2.66758e-09,2.32503e-09,1.97138e-09,1.72983e-09,1.62418e-09,1.54306e-09,1.40851e-09,1.26865e-09
3.4875e-09,3.20476e-09,2.92681e-09,2.64076e-09,2.30368e-09,1.94943e-09,1.71251e-09,1.61099e-09,1.53745e-09,1.39254e-09,1.25318e-09
3.44856e-09,3.16794e-09,2.89261e-09,2.60692e-09,2.27201e-09,1.92508e-09,1.68846e-09,1.5858e-09,1.50697e-09,1.37508e-09,1.23739e-09
3.41148e-09,3.13367e-09,2.86115e-09,2.5787e-09,2.24682e-09,1.90312e-09,1.66892e-09,1.56776e-09,1.48972e-09,1.35934e-09,1.22263e-09
3.37457e-09,3.09919e-09,2.82976e-09,2.55027e-09,2.22185e-09,1.88166e-09,1.65e-09,1.54994e-09,1.47241e-09,1.3434e-09,1.20888e-09
3.33787e-09,3.06507e-09,2.79889e-09,2.52242e-09,2.19692e-09,1.85994e-09,1.63015e-09,1.53135e-09,1.4555e-09,1.32732e-09,1.19312e-09
3.30293e-09,3.03319e-09,2.76978e-09,2.49868e-09,2.17821e-09,1.84107e-09,1.61555e-09,1.52006e-09,1.45147e-09,1.31313e-09,1.18006e-09
