-0.00353485,-0.00348379,-0.00342353,-0.00329486,-0.0031551,-0.00299363,-0.00281519,-0.00263324,-0.00245545,-0.0022851,-0.00212596
-0.003454,-0.00340627,-0.00334446,-0.00323007,-0.00309852,-0.00294054,-0.00276445,-0.00258378,-0.00240331,-0.00223078,-0.00206891
-0.00335242,-0.00330633,-0.00324908,-0.00314269,-0.00301579,-0.00286578,-0.0026933,-0.00251429,-0.00233541,-0.00216291,-0.00199817
-0.00322129,-0.00317841,-0.00312569,-0.00302692,-0.00290763,-0.00276261,-0.00259706,-0.0024222,-0.00224531,-0.00207528,-0.00191267
-0.00313329,-0.00309161,-0.00304226,-0.00294784,-0.00283295,-0.00269169,-0.00253015,-0.00235765,-0.00218261,-0.00201357,-0.00185149
-0.00306131,-0.00301929,-0.00297227,-0.00288058,-0.00276954,-0.00263141,-0.00247282,-0.00230208,-0.00212882,-0.00196041,-0.00179951
-0.00296429,-0.00292461,-0.00287925,-0.00279142,-0.00268277,-0.00254853,-0.00239452,-0.00222778,-0.00205771,-0.00189226,-0.00173297
-0.00288451,-0.00284591,-0.00280175,-0.00271596,-0.00260984,-0.00247856,-0.00232813,-0.00216423,-0.00199703,-0.00183414,-0.00167667
-0.00280711,-0.00276856,-0.00272541,-0.00264139,-0.00253727,-0.0024089,-0.0022615,-0.00210092,-0.00193707,-0.00177648,-0.00162149
-0.00273814,-0.00269958,-0.00265756,-0.00257401,-0.00247168,-0.00234545,-0.00220125,-0.00204345,-0.0018822,-0.00172419,-0.00157158
-0.00266472,-0.00262607,-0.0025773,-0.00250226,-0.00240122,-0.00227755,-0.00213589,-0.00198177,-0.00182429,-0.00166914,-0.00151952
-0.00259962,-0.00256193,-0.00251978,-0.00243858,-0.0023392,-0.00221752,-0.00207808,-0.00192678,-0.00177292,-0.00162075,-0.00147332
-0.00252772,-0.00249027,-0.00244873,-0.00236785,-0.00226996,-0.00215051,-0.00201415,-0.00186649,-0.00171568,-0.00156605,-0.00142269
-0.00246508,-0.00242725,-0.00237925,-0.00230635,-0.00220879,-0.00209145,-0.0019576,-0.00181289,-0.00166546,-0.00151944,-0.00137819
-0.00239923,-0.00236203,-0.00232054,-0.00224133,-0.00214552,-0.00202997,-0.00189893,-0.00175755,-0.00161351,-0.00147051,-0.00133302
-0.00234524,-0.00230789,-0.00226652,-0.00218766,-0.00209284,-0.0019791,-0.00185003,-0.00171182,-0.00157013,-0.0014301,-0.00129521
-0.00228957,-0.00225232,-0.00221726,-0.00213292,-0.00203958,-0.00192699,-0.00180052,-0.00166443,-0.00152644,-0.00138895,-0.00125718
-0.00222987,-0.00219264,-0.00215187,-0.00207471,-0.00198226,-0.00187214,-0.00174804,-0.00161522,-0.00148056,-0.00134638,-0.00121706
-0.00217387,-0.00213804,-0.00209674,-0.00202074,-0.00192927,-0.00182125,-0.00169973,-0.00156994,-0.00143793,-0.00130616,-0.00118077
-0.00212437,-0.00208863,-0.00204748,-0.0019723,-0.00188229,-0.00177601,-0.00165686,-0.00152958,-0.00140015,-0.00127152,-0.00114793
-0.00207033,-0.00203554,-0.00199462,-0.00192089,-0.00183207,-0.0017278,-0.00161106,-0.00148689,-0.00136044,-0.00123427,-0.00111407
-0.00202185,-0.00198666,-0.00194154,-0.00187458,-0.00178688,-0.00168487,-0.00157016,-0.00144875,-0.00132511,-0.00120237,-0.00108314
-0.001974,-0.00194079,-0.0018996,-0.0018291,-0.00174334,-0.00164291,-0.00153085,-0.00141182,-0.00129041,-0.00117014,-0.00105418
-0.00192634,-0.00189308,-0.00185403,-0.00178382,-0.00170027,-0.00160186,-0.00149167,-0.00137569,-0.00125727,-0.00113959,-0.00102551
-0.00187085,-0.00184798,-0.00180747,-0.00173981,-0.00165739,-0.00156106,-0.00145379,-0.0013408,-0.00122414,-0.00110923,-0.000997649
-0.00182744,-0.00179685,-0.00175772,-0.00169161,-0.00161132,-0.00151732,-0.00141282,-0.00130198,-0.00118933,-0.00107667,-0.000967532
-0.00178639,-0.00175679,-0.00171777,-0.00165364,-0.00157525,-0.00148315,-0.00138071,-0.00127214,-0.00116192,-0.00105141,-0.000944295
-0.00174129,-0.00171342,-0.0016745,-0.00161197,-0.00153557,-0.0014455,-0.00134602,-0.00123986,-0.0011319,-0.00102397,-0.000918621
-0.00169766,-0.00167127,-0.00163272,-0.00157241,-0.00149757,-0.00140994,-0.00131239,-0.00120927,-0.00110365,-0.000997691,-0.000894912
-0.00165848,-0.00163287,-0.00159548,-0.0015367,-0.00146362,-0.00137783,-0.00128271,-0.00118119,-0.00107866,-0.000974685,-0.00087342
-0.00161477,-0.00159149,-0.0015536,-0.00149728,-0.00142624,-0.0013428,-0.00124988,-0.0011518,-0.00105064,-0.000948976,-0.000850185
-0.00157181,-0.00155025,-0.00151288,-0.00145873,-0.00138947,-0.0013083,-0.00121788,-0.00112218,-0.00102374,-0.000924366,-0.000827215
-0.00153172,-0.00151186,-0.00147476,-0.00142282,-0.00135555,-0.00127637,-0.00118836,-0.00109497,-0.000998668,-0.000901392,-0.00080624
-0.00149279,-0.00147467,-0.00143779,-0.00138797,-0.00132264,-0.00124552,-0.00115986,-0.00106869,-0.000974551,-0.000879288,-0.000785988
-0.00145546,-0.00143945,-0.00140249,-0.00135478,-0.00129151,-0.00121631,-0.00113282,-0.00104392,-0.000951732,-0.000858379,-0.000766797
-0.001417,-0.00140326,-0.00136688,-0.0013215,-0.00125948,-0.00118654,-0.00110525,-0.00101878,-0.000928745,-0.000837069,-0.000747441
-0.00138081,-0.00136784,-0.00133157,-0.0012885,-0.00122853,-0.00115727,-0.00107825,-0.000993895,-0.000905925,-0.000816421,-0.000728345
-0.00134983,-0.00133334,-0.00129706,-0.00125632,-0.00119805,-0.0011291,-0.00105207,-0.000969885,-0.000883941,-0.000796249,-0.000709894
-0.00131577,-0.0013002,-0.00126425,-0.00122526,-0.00116916,-0.00110211,-0.00102704,-0.000947007,-0.000863006,-0.000776548,-0.000692511
-0.00128378,-0.00126869,-0.00123256,-0.00119614,-0.0011413,-0.00107643,-0.00100309,-0.000925018,-0.000843157,-0.000758315,-0.000675765
-0.00124904,-0.00123434,-0.00119874,-0.00116433,-0.00111135,-0.00104823,-0.000977303,-0.000901255,-0.000821295,-0.000738899,-0.000657627
-0.00121711,-0.001203,-0.00116763,-0.00113511,-0.0010839,-0.00102259,-0.000953676,-0.000879595,-0.000801441,-0.000720685,-0.000641074
-0.00118596,-0.00117255,-0.00113718,-0.001107,-0.0010572,-0.000997719,-0.000930854,-0.000858676,-0.000782187,-0.000703099,-0.000624885
-0.00115504,-0.00114195,-0.00110713,-0.00107857,-0.00103048,-0.000972775,-0.000907776,-0.000837461,-0.00076294,-0.000685473,-0.000609059
-0.00112689,-0.00111451,-0.00107975,-0.00105298,-0.00100626,-0.000950338,-0.000887327,-0.00081824,-0.00074548,-0.000670387,-0.000594518
-0.00108103,-0.00108374,-0.00104963,-0.00102448,-0.000979429,-0.000925201,-0.000863848,-0.000797268,-0.000726149,-0.000651892,-0.000578535
-0.00105225,-0.00105652,-0.00103281,-0.000999264,-0.000955509,-0.000903,-0.000843443,-0.000778441,-0.000708895,-0.000636096,-0.000564031
-0.00102325,-0.00102846,-0.000995168,-0.000972973,-0.000931108,-0.000880048,-0.000822137,-0.000758868,-0.000691239,-0.000619978,-0.000549672
-0.000995276,-0.0010014,-0.000958323,-0.000948373,-0.000907563,-0.000858186,-0.000801865,-0.000740424,-0.000674254,-0.000604671,-0.000535672
-0.000968979,-0.000976136,-0.000944428,-0.000924924,-0.000885364,-0.000837561,-0.000782986,-0.000722964,-0.000658296,-0.000590076,-0.000522545
-0.000941984,-0.000949936,-0.000907691,-0.000900624,-0.000862469,-0.000816187,-0.000763018,-0.000704822,-0.000641688,-0.000575082,-0.000508881
-0.000916913,-0.000925521,-0.000894657,-0.000877644,-0.000840921,-0.000795996,-0.000744462,-0.000687808,-0.000626218,-0.000561008,-0.000496069
-0.000892539,-0.000901907,-0.000871811,-0.000855846,-0.000820284,-0.000776791,-0.000726818,-0.000671588,-0.000611302,-0.000546554,-0.000483807
-0.000867049,-0.000877074,-0.000847685,-0.000832687,-0.000798433,-0.000756332,-0.000707799,-0.000654004,-0.000595421,-0.000533038,-0.000470796
-0.000842989,-0.000853253,-0.000824746,-0.000810616,-0.000777474,-0.000736819,-0.000689757,-0.000637485,-0.000580329,-0.000519368,-0.000458428
-0.000821479,-0.000832165,-0.000804324,-0.000791065,-0.000758822,-0.000719655,-0.000673755,-0.000622666,-0.000566934,-0.000507249,-0.000447442
-0.000798884,-0.000809712,-0.000782842,-0.000770055,-0.000739046,-0.000701065,-0.000656619,-0.000606936,-0.000552566,-0.000495012,-0.000435735
-0.00077674,-0.000787553,-0.000761681,-0.0007496,-0.000719795,-0.000682879,-0.000639837,-0.0005916,-0.000538528,-0.000481529,-0.000424199
-0.00075545,-0.000766263,-0.000741314,-0.000729718,-0.000701008,-0.000665386,-0.000623555,-0.000576662,-0.000524861,-0.000469214,-0.00041312
-0.000736099,-0.000746905,-0.000722847,-0.000711668,-0.000683903,-0.000649314,-0.000608742,-0.000563028,-0.000512439,-0.000457993,-0.00040297
-0.00071745,-0.000727971,-0.000704792,-0.000693891,-0.000667273,-0.000633806,-0.000594339,-0.000549705,-0.000500355,-0.00044701,-0.00039318
-0.000697056,-0.000707325,-0.000685291,-0.000674883,-0.00064908,-0.00061676,-0.00057848,-0.000535217,-0.0004871,-0.000435129,-0.000382363
-0.000678075,-0.00068805,-0.000666998,-0.000656868,-0.000631999,-0.000600784,-0.00056371,-0.000521606,-0.000474562,-0.000423929,-0.000372201
-0.000660355,-0.000670172,-0.000649944,-0.000640247,-0.000616062,-0.000585982,-0.000549855,-0.00050888,-0.000463129,-0.00041357,-0.000362899
-0.000643003,-0.000652142,-0.000632997,-0.000623362,-0.00060025,-0.000571018,-0.000536067,-0.000496163,-0.000451396,-0.000403015,-0.000353472
-0.000626608,-0.000635589,-0.000617063,-0.000607869,-0.000585481,-0.000557312,-0.000523284,-0.000484345,-0.000440607,-0.000393312,-0.000344466
-0.00061045,-0.000618581,-0.000601404,-0.000592086,-0.0005705,-0.000543106,-0.000510127,-0.000472306,-0.000429771,-0.000383536,-0.000335867
-0.000594159,-0.000601821,-0.000585551,-0.000576307,-0.000555527,-0.000529114,-0.00049715,-0.000460319,-0.000418792,-0.000373693,-0.000327097
-0.000579566,-0.000586666,-0.000571288,-0.000562147,-0.0005421,-0.000516449,-0.000485397,-0.00044948,-0.000408949,-0.000364764,-0.000319179
-0.000563843,-0.000570371,-0.000555952,-0.000546909,-0.000527628,-0.000502847,-0.000472721,-0.000437854,-0.000398308,-0.000355228,-0.000310545
-0.000549257,-0.000555223,-0.00054168,-0.000532729,-0.000514093,-0.000490193,-0.000460894,-0.000426979,-0.000388405,-0.000346304,-0.000302572
-0.000535616,-0.000541113,-0.000528282,-0.00051938,-0.000501469,-0.000478279,-0.000449835,-0.000416782,-0.000378993,-0.000337942,-0.000295129
-0.000521461,-0.000526232,-0.000514405,-0.000505567,-0.000488294,-0.000465845,-0.000438281,-0.000406202,-0.00036942,-0.00032922,-0.000287232
-0.000507726,-0.000511964,-0.00050089,-0.000492166,-0.000475525,-0.00045386,-0.000427107,-0.000395786,-0.000359997,-0.000320772,-0.000279682
-0.00049465,-0.000498304,-0.000488088,-0.000479368,-0.000463344,-0.000442389,-0.000416436,-0.000385933,-0.000351007,-0.000312651,-0.000272549
-0.000482626,-0.000485665,-0.000476147,-0.000467471,-0.000451986,-0.000431714,-0.000406434,-0.000376733,-0.00034261,-0.000305146,-0.000265805
-0.00046969,-0.000472272,-0.000463451,-0.000454872,-0.000440041,-0.000420419,-0.000395947,-0.000367033,-0.000333791,-0.000297223,-0.000258667
-0.000457766,-0.000459724,-0.000451578,-0.000443105,-0.000428799,-0.000409824,-0.000386059,-0.000357912,-0.000325463,-0.000289682,-0.000252088
-0.000446291,-0.000447708,-0.000440185,-0.000431772,-0.000418006,-0.00039965,-0.000376566,-0.000349159,-0.000317501,-0.000282555,-0.000245626
-0.000434751,-0.00043576,-0.000428806,-0.000420548,-0.000407257,-0.000389519,-0.000367117,-0.000340468,-0.000309528,-0.000275404,-0.000239296
-0.000423904,-0.000424463,-0.000418075,-0.000409943,-0.000397156,-0.000379951,-0.000358182,-0.000332138,-0.000302021,-0.000268642,-0.000233248
-0.000413059,-0.00041328,-0.000407344,-0.000399367,-0.000387015,-0.000370408,-0.00034927,-0.00032393,-0.00029449,-0.000261885,-0.000227308
-0.000402572,-0.000402395,-0.000396965,-0.000389123,-0.000377281,-0.000361188,-0.000340667,-0.000315994,-0.000287263,-0.000255377,-0.000221527
-0.000392488,-0.000392118,-0.000386955,-0.000379361,-0.000367984,-0.00035233,-0.000332401,-0.000308353,-0.000280301,-0.000249124,-0.000215955
-0.000382478,-0.00038185,-0.000376995,-0.000369654,-0.000358636,-0.000343545,-0.000324181,-0.000300706,-0.000273351,-0.00024288,-0.000210445
-0.000372785,-0.000371828,-0.000367402,-0.00036027,-0.000349665,-0.000335036,-0.000316253,-0.000293445,-0.000266682,-0.000236868,-0.00020515
-0.000362961,-0.000361882,-0.000357694,-0.000350883,-0.000340675,-0.000326536,-0.00030829,-0.000286052,-0.000259958,-0.000230832,-0.00019982
-0.000353448,-0.000352356,-0.000348344,-0.000341795,-0.000331991,-0.00031827,-0.000300554,-0.000279006,-0.000253448,-0.000224982,-0.000194584
-0.000344509,-0.000343359,-0.000339566,-0.000333272,-0.00032388,-0.000310576,-0.000293368,-0.000272283,-0.000247392,-0.000219509,-0.000189807
-0.000334995,-0.000334479,-0.000330852,-0.000324856,-0.00031574,-0.000302948,-0.000286217,-0.0002656,-0.000241353,-0.000214048,-0.00018492
-0.000326106,-0.00032569,-0.000322274,-0.00031657,-0.00030779,-0.000295365,-0.000279063,-0.00025904,-0.00023538,-0.000208709,-0.000180229
-0.000318191,-0.00031727,-0.000313981,-0.000308474,-0.000300049,-0.000288035,-0.000272242,-0.000252668,-0.000229547,-0.000203484,-0.000175632
-0.000309874,-0.000309016,-0.000305938,-0.000300795,-0.000292631,-0.000281012,-0.000265635,-0.000246578,-0.000223998,-0.000198472,-0.000171172
-0.000301769,-0.000301069,-0.00029813,-0.000293117,-0.000285296,-0.000274055,-0.000259117,-0.000240546,-0.000218483,-0.000193542,-0.00016684
-0.000293951,-0.000293339,-0.000290582,-0.00028573,-0.000278208,-0.000267357,-0.000252857,-0.000234736,-0.000213193,-0.000188776,-0.000162656
-0.000286262,-0.000285827,-0.000283197,-0.000278581,-0.000271457,-0.000260885,-0.000246728,-0.000229098,-0.000208051,-0.000184197,-0.000158577
-0.000278856,-0.000278539,-0.000276054,-0.000271631,-0.000264671,-0.000254455,-0.00024076,-0.000223466,-0.000202972,-0.000179634,-0.000154554
-0.000271608,-0.000271313,-0.000268913,-0.00026473,-0.000258013,-0.000248162,-0.000234826,-0.000218056,-0.000197982,-0.000175142,-0.000150596
-0.000264702,-0.000264371,-0.000262169,-0.000258124,-0.000251703,-0.000242107,-0.000229168,-0.000212823,-0.000193164,-0.000170834,-0.000146811
-0.000257919,-0.000257672,-0.000255582,-0.000251754,-0.000245566,-0.000236317,-0.000223688,-0.000207721,-0.000188546,-0.000166674,-0.000143153
-0.000251175,-0.000251071,-0.000249063,-0.00024547,-0.000239503,-0.000230514,-0.000218246,-0.000202687,-0.000183938,-0.000162535,-0.000139551
-0.000244756,-0.00024471,-0.000242845,-0.000239392,-0.000233694,-0.000224919,-0.000212991,-0.000197879,-0.000179557,-0.000158603,-0.000136013
-0.000238566,-0.000238583,-0.000236798,-0.00023355,-0.000227995,-0.000219605,-0.000208013,-0.000193145,-0.000175271,-0.000154761,-0.000132687
-0.000232488,-0.000232533,-0.000230933,-0.000227762,-0.000222425,-0.00021418,-0.000202951,-0.00018849,-0.000171029,-0.000150962,-0.000129352
-0.000226471,-0.000226552,-0.000224992,-0.000222049,-0.00021695,-0.000209014,-0.00019801,-0.000183931,-0.000166846,-0.000147225,-0.000126103
-0.000220828,-0.000220977,-0.000219496,-0.000216598,-0.00021171,-0.000204061,-0.000193352,-0.000179627,-0.000162903,-0.0001437,-0.000122978
-0.000215185,-0.000215389,-0.000214033,-0.000211275,-0.000206555,-0.000199085,-0.000188724,-0.000175343,-0.000158968,-0.000140188,-0.000119896
-0.000209733,-0.000210111,-0.000208834,-0.000206226,-0.000201726,-0.000194411,-0.000184333,-0.000171281,-0.000155284,-0.000136858,-0.000116971
-0.0002045,-0.000204844,-0.000203705,-0.000201205,-0.000196823,-0.000189824,-0.000180022,-0.00016717,-0.000151587,-0.000133557,-0.000114109
-0.000199309,-0.00019973,-0.000198556,-0.000196255,-0.000192053,-0.000185193,-0.000175608,-0.000163156,-0.000147912,-0.000130272,-0.000111207
-0.000194358,-0.000194739,-0.000193593,-0.000191419,-0.000187362,-0.000180764,-0.000171515,-0.000159278,-0.000144386,-0.000127119,-0.000108458
-0.000189582,-0.000189997,-0.000188993,-0.00018683,-0.000182941,-0.000176553,-0.000167491,-0.000155575,-0.000140959,-0.000124102,-0.000105816
-0.000184932,-0.000185229,-0.000184393,-0.000182394,-0.000178567,-0.000172431,-0.000163561,-0.000151957,-0.000137687,-0.000121149,-0.000103243
-0.000180315,-0.000180768,-0.000179877,-0.000177909,-0.00017435,-0.000168377,-0.000159776,-0.000148354,-0.000134455,-0.00011824,-0.000100697
-0.000175802,-0.000176254,-0.000175454,-0.000173631,-0.000170191,-0.000164371,-0.000155975,-0.000144804,-0.000131266,-0.000115376,-9.82224e-05
-0.000171425,-0.000171947,-0.000171151,-0.000169414,-0.000166114,-0.000160468,-0.000152334,-0.000141439,-0.000128147,-0.000112607,-9.57869e-05
-0.000167227,-0.000167758,-0.000167063,-0.000165426,-0.000162185,-0.000156704,-0.000148822,-0.00013821,-0.000125151,-0.000109938,-9.34738e-05
-0.000163188,-0.000163751,-0.000163084,-0.000161508,-0.000158417,-0.000153103,-0.000145387,-0.000134988,-0.000122233,-0.000107362,-9.12378e-05
-0.000159024,-0.000159618,-0.00015906,-0.000157547,-0.000154572,-0.000149425,-0.000141907,-0.000131786,-0.000119288,-0.00010472,-8.89169e-05
-0.00015516,-0.000155827,-0.000155214,-0.000153863,-0.000151063,-0.000145997,-0.000138672,-0.000128818,-0.00011656,-0.000102311,-8.67978e-05
-0.000151517,-0.000152097,-0.000151534,-0.000150172,-0.000147457,-0.000142533,-0.000135461,-0.000125782,-0.000113834,-9.9862e-05,-8.46973e-05
-0.000147884,-0.00014851,-0.000148055,-0.000146767,-0.000144115,-0.000139441,-0.00013248,-0.000123106,-0.00011129,-9.758e-05,-8.27219e-05
-0.000144165,-0.000144796,-0.000144367,-0.000143265,-0.00014061,-0.000136045,-0.000129281,-0.000120114,-0.000108603,-9.51888e-05,-8.06077e-05
-0.000140721,-0.000141359,-0.000140964,-0.000139872,-0.000137406,-0.000132887,-0.000126343,-0.000117315,-0.000106089,-9.29631e-05,-7.87013e-05
-0.000137294,-0.000137932,-0.000137571,-0.000136557,-0.000134216,-0.000129767,-0.0001234,-0.000114618,-0.000103607,-9.07355e-05,-7.67649e-05
-0.000134022,-0.00013465,-0.000134349,-0.000133367,-0.000131089,-0.000126879,-0.000120641,-0.000112014,-0.000101263,-8.86318e-05,-7.49305e-05
-0.000130785,-0.000131376,-0.000131075,-0.0001302,-0.000128031,-0.000123898,-0.000117819,-0.00010937,-9.88634e-05,-8.64962e-05,-7.30859e-05
-0.000127739,-0.000128314,-0.00012815,-0.000127255,-0.000125115,-0.000121131,-0.000115205,-0.000106984,-9.66598e-05,-8.4538e-05,-7.13716e-05
-0.000124596,-0.000125185,-0.000124976,-0.000124192,-0.00012217,-0.000118278,-0.000112489,-0.000104451,-9.43523e-05,-8.24899e-05,-6.96063e-05
-0.000121708,-0.000122314,-0.000122129,-0.000121397,-0.000119438,-0.000115663,-0.000110042,-0.000102154,-9.22461e-05,-8.06171e-05,-6.79693e-05
-0.000118835,-0.000119421,-0.000119275,-0.000118599,-0.000116678,-0.00011301,-0.000107531,-9.98172e-05,-9.01059e-05,-7.87349e-05,-6.63687e-05
-0.000116001,-0.000116622,-0.000116492,-0.000115805,-0.000113992,-0.000110359,-0.000105074,-9.75322e-05,-8.80229e-05,-7.68671e-05,-6.47441e-05
-0.000113382,-0.000113886,-0.000113828,-0.000113185,-0.00011145,-0.000107954,-0.000102752,-9.53591e-05,-8.6075e-05,-7.51144e-05,-6.32118e-05
-0.000110624,-0.000111149,-0.000111094,-0.000110492,-0.000108832,-0.00010547,-0.0001004,-9.31983e-05,-8.40643e-05,-7.33417e-05,-6.16873e-05
-0.000108073,-0.000108561,-0.000108535,-0.00010797,-0.000106383,-0.000103072,-9.81549e-05,-9.10862e-05,-8.21376e-05,-7.16361e-05,-6.023e-05
-0.000105563,-0.00010609,-0.0001061,-0.000105596,-0.000104011,-0.000100787,-9.60071e-05,-8.90556e-05,-8.03018e-05,-7.00165e-05,-5.87985e-05
-0.000103106,-0.000103633,-0.000103633,-0.000103158,-0.000101678,-9.84592e-05,-9.3862e-05,-8.70548e-05,-7.84771e-05,-6.83761e-05,-5.73929e-05
-0.000100676,-0.000101201,-0.000101228,-0.000100852,-9.93751e-05,-9.63714e-05,-9.17527e-05,-8.51362e-05,-7.67191e-05,-6.68224e-05,-5.60465e-05
-9.83836e-05,-9.89004e-05,-9.8984e-05,-9.85682e-05,-9.71491e-05,-9.4216e-05,-8.97303e-05,-8.32529e-05,-7.49671e-05,-6.52959e-05,-5.47428e-05
-9.60735e-05,-9.66168e-05,-9.66758e-05,-9.63112e-05,-9.49548e-05,-9.20776e-05,-8.77333e-05,-8.13636e-05,-7.33518e-05,-6.37813e-05,-5.34823e-05
-9.39419e-05,-9.43766e-05,-9.44607e-05,-9.41406e-05,-9.28633e-05,-9.00591e-05,-8.57827e-05,-7.9544e-05,-7.16349e-05,-6.23141e-05,-5.21522e-05
-9.17453e-05,-9.21943e-05,-9.23015e-05,-9.20001e-05,-9.07415e-05,-8.8021e-05,-8.38679e-05,-7.77829e-05,-6.99742e-05,-6.08188e-05,-5.09217e-05
-8.96539e-05,-9.00833e-05,-9.0202e-05,-8.9922e-05,-8.86983e-05,-8.61741e-05,-8.19883e-05,-7.60383e-05,-6.8348e-05,-5.94743e-05,-4.96578e-05
-8.75818e-05,-8.80565e-05,-8.81879e-05,-8.79236e-05,-8.6758e-05,-8.40511e-05,-8.01986e-05,-7.43588e-05,-6.68854e-05,-5.81244e-05,-4.85463e-05
-8.56372e-05,-8.60674e-05,-8.62139e-05,-8.60065e-05,-8.4895e-05,-8.23467e-05,-7.85093e-05,-7.27642e-05,-6.54364e-05,-5.68164e-05,-4.74436e-05
-8.37526e-05,-8.41203e-05,-8.43041e-05,-8.40804e-05,-8.30022e-05,-8.05397e-05,-7.6772e-05,-7.11905e-05,-6.39831e-05,-5.55406e-05,-4.63403e-05
-8.19259e-05,-8.22408e-05,-8.24963e-05,-8.22652e-05,-8.12003e-05,-7.88205e-05,-7.51526e-05,-6.96709e-05,-6.25794e-05,-5.43126e-05,-4.52637e-05
-7.99385e-05,-8.03083e-05,-8.05367e-05,-8.03629e-05,-7.93698e-05,-7.70151e-05,-7.34424e-05,-6.80533e-05,-6.11297e-05,-5.30139e-05,-4.41728e-05
-7.81294e-05,-7.85225e-05,-7.87199e-05,-7.86108e-05,-7.76112e-05,-7.53439e-05,-7.18284e-05,-6.65614e-05,-5.97677e-05,-5.18269e-05,-4.31533e-05
-7.63762e-05,-7.67191e-05,-7.69327e-05,-7.68304e-05,-7.5904e-05,-7.36809e-05,-7.0252e-05,-6.50875e-05,-5.84347e-05,-5.063e-05,-4.21533e-05
-7.46775e-05,-7.50306e-05,-7.52524e-05,-7.5152e-05,-7.42646e-05,-7.20875e-05,-6.87352e-05,-6.3685e-05,-5.7148e-05,-4.95057e-05,-4.11466e-05
-7.30222e-05,-7.33658e-05,-7.36132e-05,-7.35548e-05,-7.26744e-05,-7.05456e-05,-6.73042e-05,-6.23128e-05,-5.59026e-05,-4.84362e-05,-4.01991e-05
-7.14267e-05,-7.17666e-05,-7.19963e-05,-7.19362e-05,-7.10956e-05,-6.90197e-05,-6.59061e-05,-6.09819e-05,-5.46684e-05,-4.7318e-05,-3.92868e-05
-6.98544e-05,-7.01663e-05,-7.04084e-05,-7.03563e-05,-6.95591e-05,-6.75452e-05,-6.44517e-05,-5.96699e-05,-5.36009e-05,-4.62652e-05,-3.84186e-05
-6.82996e-05,-6.85691e-05,-6.88489e-05,-6.88063e-05,-6.80803e-05,-6.607e-05,-6.30501e-05,-5.83586e-05,-5.22821e-05,-4.5213e-05,-3.74406e-05
-6.67543e-05,-6.70675e-05,-6.73411e-05,-6.73201e-05,-6.6558e-05,-6.46569e-05,-6.16903e-05,-5.70737e-05,-5.11316e-05,-4.41933e-05,-3.65697e-05
-6.53162e-05,-6.56091e-05,-6.59112e-05,-6.58839e-05,-6.5123e-05,-6.33221e-05,-6.04212e-05,-5.5907e-05,-5.00502e-05,-4.32345e-05,-3.57936e-05
-6.38782e-05,-6.42176e-05,-6.44535e-05,-6.4451e-05,-6.37817e-05,-6.19214e-05,-5.91218e-05,-5.46843e-05,-4.89545e-05,-4.22312e-05,-3.49075e-05
-6.24187e-05,-6.27088e-05,-6.30268e-05,-6.305e-05,-6.23746e-05,-6.05866e-05,-5.78279e-05,-5.3473e-05,-4.78489e-05,-4.12982e-05,-3.40823e-05
-6.10845e-05,-6.13127e-05,-6.16814e-05,-6.17104e-05,-6.10374e-05,-5.93095e-05,-5.66507e-05,-5.23577e-05,-4.68194e-05,-4.03925e-05,-3.33127e-05
-5.97558e-05,-6.00598e-05,-6.03526e-05,-6.03927e-05,-5.97745e-05,-5.80679e-05,-5.5484e-05,-5.12549e-05,-4.58269e-05,-3.95158e-05,-3.25571e-05
-5.84549e-05,-5.86962e-05,-5.90358e-05,-5.91214e-05,-5.84756e-05,-5.68299e-05,-5.42806e-05,-5.01463e-05,-4.48131e-05,-3.86201e-05,-3.17868e-05
-5.71441e-05,-5.74086e-05,-5.77529e-05,-5.78134e-05,-5.72252e-05,-5.55947e-05,-5.31105e-05,-4.90528e-05,-4.38226e-05,-3.77046e-05,-3.10515e-05
-5.59033e-05,-5.61832e-05,-5.65231e-05,-5.65924e-05,-5.6051e-05,-5.44562e-05,-5.20125e-05,-4.80349e-05,-4.29022e-05,-3.6937e-05,-3.03557e-05
-5.47202e-05,-5.49567e-05,-5.53313e-05,-5.53923e-05,-5.48383e-05,-5.3291e-05,-5.09197e-05,-4.70086e-05,-4.19586e-05,-3.61141e-05,-2.96552e-05
-5.35162e-05,-5.37457e-05,-5.41044e-05,-5.4197e-05,-5.3656e-05,-5.21615e-05,-4.98311e-05,-4.59804e-05,-4.10362e-05,-3.52572e-05,-2.89503e-05
-5.23948e-05,-5.26274e-05,-5.30035e-05,-5.30773e-05,-5.25642e-05,-5.11136e-05,-4.88317e-05,-4.50526e-05,-4.01828e-05,-3.45493e-05,-2.83103e-05
-5.11776e-05,-5.14687e-05,-5.18392e-05,-5.19413e-05,-5.14354e-05,-5.00076e-05,-4.77936e-05,-4.40782e-05,-3.92947e-05,-3.38203e-05,-2.76582e-05
-5.0122e-05,-5.04407e-05,-5.07436e-05,-5.08575e-05,-5.03694e-05,-4.89737e-05,-4.67923e-05,-4.31533e-05,-3.84558e-05,-3.30286e-05,-2.70253e-05
-4.90836e-05,-4.93154e-05,-4.97243e-05,-4.98148e-05,-4.92363e-05,-4.7963e-05,-4.58311e-05,-4.22711e-05,-3.76471e-05,-3.23244e-05,-2.6413e-05
-4.80049e-05,-4.82501e-05,-4.86461e-05,-4.87779e-05,-4.83021e-05,-4.69911e-05,-4.48923e-05,-4.13805e-05,-3.68514e-05,-3.16207e-05,-2.58138e-05
-4.69792e-05,-4.7247e-05,-4.76412e-05,-4.77267e-05,-4.73913e-05,-4.60232e-05,-4.39731e-05,-4.05015e-05,-3.60644e-05,-3.09896e-05,-2.52267e-05
-4.59966e-05,-4.61349e-05,-4.66256e-05,-4.67401e-05,-4.62888e-05,-4.50532e-05,-4.3049e-05,-3.96532e-05,-3.52748e-05,-3.02436e-05,-2.46172e-05
-4.49132e-05,-4.52403e-05,-4.56446e-05,-4.57584e-05,-4.53432e-05,-4.41142e-05,-4.21473e-05,-3.88273e-05,-3.45259e-05,-2.95323e-05,-2.40792e-05
-4.40074e-05,-4.42706e-05,-4.46879e-05,-4.48051e-05,-4.44052e-05,-4.32058e-05,-4.12958e-05,-3.80152e-05,-3.37892e-05,-2.89353e-05,-2.35254e-05
-4.30898e-05,-4.33459e-05,-4.37661e-05,-4.38755e-05,-4.34915e-05,-4.23234e-05,-4.04553e-05,-3.72296e-05,-3.30843e-05,-2.83198e-05,-2.30043e-05
-4.21483e-05,-4.24443e-05,-4.28504e-05,-4.29744e-05,-4.25966e-05,-4.14782e-05,-3.9633e-05,-3.64667e-05,-3.23861e-05,-2.77105e-05,-2.24692e-05
-4.12581e-05,-4.15441e-05,-4.19474e-05,-4.21072e-05,-4.17184e-05,-4.06113e-05,-3.88021e-05,-3.57058e-05,-3.16972e-05,-2.71037e-05,-2.19558e-05
-4.03694e-05,-4.07848e-05,-4.10925e-05,-4.12186e-05,-4.08663e-05,-3.97924e-05,-3.80354e-05,-3.50123e-05,-3.10324e-05,-2.65245e-05,-2.14769e-05
-3.95071e-05,-3.98099e-05,-4.02559e-05,-4.03814e-05,-4.00283e-05,-3.898e-05,-3.72557e-05,-3.42389e-05,-3.03763e-05,-2.59519e-05,-2.10012e-05
-3.86843e-05,-3.8975e-05,-3.94062e-05,-3.95509e-05,-3.92009e-05,-3.81849e-05,-3.64944e-05,-3.35203e-05,-2.97309e-05,-2.53815e-05,-2.05091e-05
-3.78866e-05,-3.81733e-05,-3.8608e-05,-3.87295e-05,-3.83923e-05,-3.74249e-05,-3.57643e-05,-3.28518e-05,-2.91159e-05,-2.47807e-05,-2.00823e-05
-3.70536e-05,-3.73768e-05,-3.7817e-05,-3.79285e-05,-3.76158e-05,-3.66559e-05,-3.50382e-05,-3.21781e-05,-2.85061e-05,-2.43103e-05,-1.95988e-05
-3.62764e-05,-3.65989e-05,-3.70391e-05,-3.71675e-05,-3.68607e-05,-3.5922e-05,-3.43352e-05,-3.15455e-05,-2.79053e-05,-2.37916e-05,-1.91716e-05
-3.55471e-05,-3.58613e-05,-3.63081e-05,-3.6407e-05,-3.61063e-05,-3.52039e-05,-3.36468e-05,-3.0879e-05,-2.73261e-05,-2.32805e-05,-1.87379e-05
-3.4768e-05,-3.51195e-05,-3.55628e-05,-3.56936e-05,-3.53821e-05,-3.4494e-05,-3.29643e-05,-3.02466e-05,-2.67556e-05,-2.2782e-05,-1.82971e-05
-3.40017e-05,-3.43869e-05,-3.4826e-05,-3.49382e-05,-3.4672e-05,-3.38029e-05,-3.22793e-05,-2.95859e-05,-2.61971e-05,-2.22985e-05,-1.78919e-05
-3.3339e-05,-3.36655e-05,-3.41057e-05,-3.42293e-05,-3.39704e-05,-3.31318e-05,-3.16524e-05,-2.90388e-05,-2.56462e-05,-2.18224e-05,-1.74991e-05
-3.26502e-05,-3.2975e-05,-3.34266e-05,-3.35318e-05,-3.32908e-05,-3.24594e-05,-3.10194e-05,-2.84632e-05,-2.51283e-05,-2.13608e-05,-1.70964e-05
-3.19297e-05,-3.23063e-05,-3.27216e-05,-3.2891e-05,-3.26149e-05,-3.18365e-05,-3.04249e-05,-2.7839e-05,-2.46046e-05,-2.0912e-05,-1.67385e-05
-3.12841e-05,-3.16018e-05,-3.20713e-05,-3.22165e-05,-3.19719e-05,-3.11722e-05,-2.978e-05,-2.72983e-05,-2.408e-05,-2.04477e-05,-1.63215e-05
-3.06688e-05,-3.09838e-05,-3.14236e-05,-3.15574e-05,-3.13051e-05,-3.0555e-05,-2.91974e-05,-2.67322e-05,-2.35914e-05,-2.00279e-05,-1.59744e-05
-2.99798e-05,-3.03315e-05,-3.08039e-05,-3.08923e-05,-3.06754e-05,-2.99717e-05,-2.86304e-05,-2.62042e-05,-2.31031e-05,-1.95937e-05,-1.5615e-05
-2.94038e-05,-2.97328e-05,-3.01698e-05,-3.02569e-05,-3.00699e-05,-2.93615e-05,-2.80454e-05,-2.56308e-05,-2.26369e-05,-1.91871e-05,-1.52782e-05
-2.87454e-05,-2.91264e-05,-2.95996e-05,-2.96246e-05,-2.95801e-05,-2.87716e-05,-2.74661e-05,-2.51326e-05,-2.21576e-05,-1.87759e-05,-1.49088e-05
-2.81848e-05,-2.85404e-05,-2.89773e-05,-2.90702e-05,-2.88882e-05,-2.82186e-05,-2.69343e-05,-2.46587e-05,-2.17049e-05,-1.83806e-05,-1.45916e-05
-2.76189e-05,-2.79601e-05,-2.83999e-05,-2.85171e-05,-2.83402e-05,-2.7652e-05,-2.64206e-05,-2.41939e-05,-2.1244e-05,-1.79907e-05,-1.42855e-05
-2.70113e-05,-2.73653e-05,-2.7823e-05,-2.79116e-05,-2.77525e-05,-2.71184e-05,-2.58895e-05,-2.3702e-05,-2.0814e-05,-1.75301e-05,-1.39599e-05
-2.65065e-05,-2.68451e-05,-2.73128e-05,-2.74035e-05,-2.71785e-05,-2.65774e-05,-2.5384e-05,-2.3221e-05,-2.04106e-05,-1.72522e-05,-1.36519e-05
-2.58211e-05,-2.62799e-05,-2.6761e-05,-2.68317e-05,-2.66648e-05,-2.60641e-05,-2.4879e-05,-2.27245e-05,-1.99654e-05,-1.68776e-05,-1.33386e-05
-2.53283e-05,-2.57503e-05,-2.62288e-05,-2.63222e-05,-2.61313e-05,-2.55542e-05,-2.43925e-05,-2.22981e-05,-1.95696e-05,-1.65224e-05,-1.30851e-05
-2.48706e-05,-2.52797e-05,-2.57167e-05,-2.58072e-05,-2.56076e-05,-2.50642e-05,-2.39042e-05,-2.1848e-05,-1.91764e-05,-1.62059e-05,-1.27135e-05
-2.43734e-05,-2.47229e-05,-2.52275e-05,-2.52844e-05,-2.51137e-05,-2.45622e-05,-2.34393e-05,-2.13759e-05,-1.87695e-05,-1.58488e-05,-1.24895e-05
-2.38423e-05,-2.42364e-05,-2.46888e-05,-2.47969e-05,-2.46543e-05,-2.41067e-05,-2.29997e-05,-2.09753e-05,-1.84022e-05,-1.55221e-05,-1.2181e-05
-2.33381e-05,-2.37511e-05,-2.42122e-05,-2.43053e-05,-2.417e-05,-2.36271e-05,-2.25407e-05,-2.05955e-05,-1.79979e-05,-1.5171e-05,-1.19381e-05
-2.29745e-05,-2.32741e-05,-2.37446e-05,-2.38057e-05,-2.37084e-05,-2.31885e-05,-2.2111e-05,-2.01421e-05,-1.76503e-05,-1.48576e-05,-1.16508e-05
-2.2399e-05,-2.27943e-05,-2.32727e-05,-2.33638e-05,-2.31882e-05,-2.27425e-05,-2.16598e-05,-1.98113e-05,-1.73171e-05,-1.45911e-05,-1.13744e-05
-2.2054e-05,-2.23252e-05,-2.27981e-05,-2.28833e-05,-2.28152e-05,-2.22804e-05,-2.12491e-05,-1.93593e-05,-1.696e-05,-1.42721e-05,-1.11545e-05
-2.16067e-05,-2.19962e-05,-2.24199e-05,-2.24554e-05,-2.23362e-05,-2.18688e-05,-2.08578e-05,-1.89902e-05,-1.66057e-05,-1.39822e-05,-1.08911e-05
-2.1206e-05,-2.15259e-05,-2.19651e-05,-2.19662e-05,-2.19216e-05,-2.14972e-05,-2.04795e-05,-1.8562e-05,-1.62884e-05,-1.36916e-05,-1.06835e-05
-2.06911e-05,-2.10185e-05,-2.14765e-05,-2.15598e-05,-2.15047e-05,-2.10626e-05,-2.00858e-05,-1.82258e-05,-1.5962e-05,-1.34059e-05,-1.04161e-05
-2.021e-05,-2.06803e-05,-2.10902e-05,-2.11121e-05,-2.1009e-05,-2.07269e-05,-1.97306e-05,-1.78636e-05,-1.56369e-05,-1.31749e-05,-1.0231e-05
-1.98696e-05,-2.01621e-05,-2.06634e-05,-2.07233e-05,-2.06105e-05,-2.03035e-05,-1.93392e-05,-1.75226e-05,-1.535e-05,-1.28825e-05,-1.00128e-05
-1.94192e-05,-1.98286e-05,-2.02266e-05,-2.03908e-05,-2.02493e-05,-1.99068e-05,-1.8958e-05,-1.72136e-05,-1.50484e-05,-1.26261e-05,-9.77903e-06
-1.89761e-05,-1.94722e-05,-1.99207e-05,-1.99087e-05,-1.9822e-05,-1.95392e-05,-1.86371e-05,-1.6826e-05,-1.47344e-05,-1.23665e-05,-9.59162e-06
-1.86864e-05,-1.90528e-05,-1.95113e-05,-1.96106e-05,-1.9411e-05,-1.91146e-05,-1.81809e-05,-1.64874e-05,-1.44372e-05,-1.20858e-05,-9.37095e-06
-1.83306e-05,-1.86476e-05,-1.90763e-05,-1.9154e-05,-1.90633e-05,-1.87737e-05,-1.78422e-05,-1.62022e-05,-1.41432e-05,-1.18493e-05,-9.14479e-06
-1.79098e-05,-1.8307e-05,-1.87722e-05,-1.88186e-05,-1.867e-05,-1.84351e-05,-1.75546e-05,-1.5834e-05,-1.38474e-05,-1.16024e-05,-8.97794e-06
-1.75751e-05,-1.80007e-05,-1.83995e-05,-1.84333e-05,-1.83167e-05,-1.80563e-05,-1.72228e-05,-1.5553e-05,-1.36232e-05,-1.13731e-05,-8.7214e-06
-1.71976e-05,-1.75661e-05,-1.79923e-05,-1.79885e-05,-1.7977e-05,-1.7726e-05,-1.68518e-05,-1.52493e-05,-1.33367e-05,-1.11503e-05,-8.5613e-06
-1.68393e-05,-1.73229e-05,-1.77286e-05,-1.7736e-05,-1.76305e-05,-1.73724e-05,-1.65069e-05,-1.49841e-05,-1.30537e-05,-1.09254e-05,-8.41706e-06
-1.65248e-05,-1.69471e-05,-1.73215e-05,-1.73503e-05,-1.73522e-05,-1.70427e-05,-1.62092e-05,-1.47079e-05,-1.2808e-05,-1.06945e-05,-8.1842e-06
-1.62147e-05,-1.65526e-05,-1.70383e-05,-1.70149e-05,-1.69481e-05,-1.67333e-05,-1.58982e-05,-1.44129e-05,-1.25506e-05,-1.04709e-05,-8.01936e-06
-1.58147e-05,-1.62923e-05,-1.67096e-05,-1.67752e-05,-1.66879e-05,-1.64324e-05,-1.56525e-05,-1.40839e-05,-1.22904e-05,-1.02694e-05,-7.8364e-06
-1.55289e-05,-1.58801e-05,-1.63749e-05,-1.64042e-05,-1.63808e-05,-1.6137e-05,-1.53354e-05,-1.38424e-05,-1.20668e-05,-1.00464e-05,-7.68576e-06
-1.52409e-05,-1.56483e-05,-1.60173e-05,-1.60309e-05,-1.60407e-05,-1.58837e-05,-1.50066e-05,-1.35733e-05,-1.18184e-05,-9.87467e-06,-7.50901e-06
-1.48939e-05,-1.53121e-05,-1.57639e-05,-1.57166e-05,-1.57162e-05,-1.55358e-05,-1.47146e-05,-1.33003e-05,-1.15752e-05,-9.67688e-06,-7.34278e-06
-1.45757e-05,-1.50132e-05,-1.53727e-05,-1.54508e-05,-1.54369e-05,-1.52255e-05,-1.44898e-05,-1.30449e-05,-1.13736e-05,-9.46721e-06,-7.24854e-06
-1.4327e-05,-1.47188e-05,-1.51774e-05,-1.5215e-05,-1.51383e-05,-1.49469e-05,-1.41802e-05,-1.28097e-05,-1.1153e-05,-9.26467e-06,-7.05057e-06
-1.40696e-05,-1.4404e-05,-1.48298e-05,-1.48689e-05,-1.48515e-05,-1.46996e-05,-1.39162e-05,-1.25483e-05,-1.09151e-05,-9.10271e-06,-6.89867e-06
-1.37384e-05,-1.41378e-05,-1.45538e-05,-1.45467e-05,-1.44957e-05,-1.44107e-05,-1.36899e-05,-1.24003e-05,-1.07281e-05,-8.91306e-06,-6.73027e-06
-1.34549e-05,-1.3879e-05,-1.4315e-05,-1.43068e-05,-1.43427e-05,-1.41395e-05,-1.34042e-05,-1.21192e-05,-1.05458e-05,-8.75435e-06,-6.58538e-06
-1.31442e-05,-1.35456e-05,-1.40666e-05,-1.4064e-05,-1.40707e-05,-1.39075e-05,-1.31793e-05,-1.1821e-05,-1.03168e-05,-8.5315e-06,-6.4786e-06
-1.29596e-05,-1.33576e-05,-1.37092e-05,-1.37371e-05,-1.37779e-05,-1.36453e-05,-1.29341e-05,-1.16402e-05,-1.01088e-05,-8.38632e-06,-6.33358e-06
-1.27662e-05,-1.31606e-05,-1.35491e-05,-1.34949e-05,-1.34748e-05,-1.33681e-05,-1.26977e-05,-1.15224e-05,-9.92921e-06,-8.22858e-06,-6.17176e-06
-1.24159e-05,-1.28583e-05,-1.32423e-05,-1.32008e-05,-1.32649e-05,-1.31621e-05,-1.24372e-05,-1.11777e-05,-9.71231e-06,-8.06661e-06,-6.05627e-06
-1.21279e-05,-1.25989e-05,-1.30029e-05,-1.29079e-05,-1.29423e-05,-1.2919e-05,-1.22322e-05,-1.09874e-05,-9.57904e-06,-7.89663e-06,-5.94646e-06
-1.19063e-05,-1.22991e-05,-1.26899e-05,-1.27402e-05,-1.28023e-05,-1.26315e-05,-1.19507e-05,-1.07625e-05,-9.37608e-06,-7.74255e-06,-5.80895e-06
-1.16969e-05,-1.21795e-05,-1.25736e-05,-1.24876e-05,-1.25981e-05,-1.24441e-05,-1.17239e-05,-1.05573e-05,-9.14506e-06,-7.59978e-06,-5.70372e-06
-1.15256e-05,-1.19276e-05,-1.22478e-05,-1.22674e-05,-1.23216e-05,-1.2208e-05,-1.15574e-05,-1.03632e-05,-9.02652e-06,-7.44908e-06,-5.5376e-06
-1.12457e-05,-1.16487e-05,-1.20148e-05,-1.19893e-05,-1.20826e-05,-1.19905e-05,-1.12982e-05,-1.01884e-05,-8.8409e-06,-7.31081e-06,-5.44405e-06
-1.10213e-05,-1.14947e-05,-1.17997e-05,-1.1825e-05,-1.18686e-05,-1.17097e-05,-1.11186e-05,-9.91146e-06,-8.66053e-06,-7.20848e-06,-5.37144e-06
-1.07718e-05,-1.11696e-05,-1.1526e-05,-1.15627e-05,-1.15603e-05,-1.15438e-05,-1.08928e-05,-9.81072e-06,-8.4919e-06,-7.03298e-06,-5.18999e-06
-1.06022e-05,-1.10334e-05,-1.12747e-05,-1.13235e-05,-1.14035e-05,-1.13013e-05,-1.07086e-05,-9.58983e-06,-8.34623e-06,-6.89356e-06,-5.11013e-06
-1.04301e-05,-1.07907e-05,-1.11856e-05,-1.11662e-05,-1.11249e-05,-1.11357e-05,-1.05281e-05,-9.46654e-06,-8.19368e-06,-6.75134e-06,-4.98656e-06
-1.03056e-05,-1.0624e-05,-1.08703e-05,-1.09237e-05,-1.09623e-05,-1.08744e-05,-1.02731e-05,-9.2263e-06,-8.02599e-06,-6.61157e-06,-4.89051e-06
-1.00268e-05,-1.04623e-05,-1.07734e-05,-1.07411e-05,-1.0727e-05,-1.07364e-05,-1.01227e-05,-9.03844e-06,-7.92497e-06,-6.49443e-06,-4.82629e-06
-9.83705e-06,-1.00959e-05,-1.04795e-05,-1.04894e-05,-1.05192e-05,-1.06109e-05,-9.93675e-06,-8.93266e-06,-7.73917e-06,-6.374e-06,-4.72639e-06
-9.62445e-06,-1.00075e-05,-1.03131e-05,-1.02991e-05,-1.03598e-05,-1.03933e-05,-9.7898e-06,-8.68374e-06,-7.58786e-06,-6.24752e-06,-4.64346e-06
-9.41146e-06,-9.85045e-06,-1.01573e-05,-1.01407e-05,-1.01663e-05,-1.02083e-05,-9.5642e-06,-8.56553e-06,-7.44232e-06,-6.12956e-06,-4.52239e-06
-9.24312e-06,-9.62438e-06,-9.99125e-06,-9.90192e-06,-9.96322e-06,-9.96922e-06,-9.44323e-06,-8.39255e-06,-7.30245e-06,-6.00552e-06,-4.42039e-06
-9.05865e-06,-9.48381e-06,-9.77283e-06,-9.67887e-06,-9.77465e-06,-9.78195e-06,-9.22323e-06,-8.25679e-06,-7.19201e-06,-5.91516e-06,-4.31417e-06
-8.86738e-06,-9.26661e-06,-9.57769e-06,-9.57087e-06,-9.61297e-06,-9.63494e-06,-9.07262e-06,-8.1604e-06,-7.03186e-06,-5.75654e-06,-4.27446e-06
-8.7505e-06,-9.07946e-06,-9.37242e-06,-9.33861e-06,-9.42824e-06,-9.42709e-06,-8.91966e-06,-7.98473e-06,-6.90078e-06,-5.66596e-06,-4.14505e-06
-8.52555e-06,-8.85725e-06,-9.19149e-06,-9.30025e-06,-9.23318e-06,-9.29848e-06,-8.78569e-06,-7.82295e-06,-6.7987e-06,-5.55965e-06,-4.06498e-06
-8.30851e-06,-8.77376e-06,-9.00473e-06,-9.06309e-06,-9.05692e-06,-9.1517e-06,-8.61134e-06,-7.66154e-06,-6.66448e-06,-5.46928e-06,-3.96983e-06
-8.24295e-06,-8.50908e-06,-8.82104e-06,-8.84832e-06,-8.92916e-06,-8.92604e-06,-8.43799e-06,-7.50622e-06,-6.55029e-06,-5.35628e-06,-3.89836e-06
-8.01877e-06,-8.35798e-06,-8.7317e-06,-8.71714e-06,-8.76453e-06,-8.79856e-06,-8.21973e-06,-7.44552e-06,-6.43097e-06,-5.25163e-06,-3.81221e-06
-7.86969e-06,-8.30845e-06,-8.52223e-06,-8.51053e-06,-8.70454e-06,-8.64312e-06,-8.14431e-06,-7.25505e-06,-6.26059e-06,-5.12901e-06,-3.7902e-06
-7.72309e-06,-8.15085e-06,-8.42215e-06,-8.40015e-06,-8.4316e-06,-8.51003e-06,-8.0071e-06,-7.11037e-06,-6.10225e-06,-4.98863e-06,-3.68956e-06
-7.57328e-06,-7.89905e-06,-8.19047e-06,-8.17168e-06,-8.34271e-06,-8.33989e-06,-7.81841e-06,-7.00155e-06,-6.02705e-06,-4.95305e-06,-3.60641e-06
-7.54043e-06,-7.80876e-06,-8.07398e-06,-8.0429e-06,-8.11003e-06,-8.16185e-06,-7.66214e-06,-6.82564e-06,-5.94522e-06,-4.85278e-06,-3.53943e-06
-7.2693e-06,-7.67503e-06,-7.84871e-06,-7.96089e-06,-7.96532e-06,-7.99863e-06,-7.5815e-06,-6.74863e-06,-5.87402e-06,-4.80462e-06,-3.42426e-06
-7.16314e-06,-7.51224e-06,-7.77944e-06,-7.7535e-06,-7.81443e-06,-7.87876e-06,-7.45348e-06,-6.6213e-06,-5.7167e-06,-4.69978e-06,-3.36231e-06
-7.02926e-06,-7.36726e-06,-7.63539e-06,-7.63595e-06,-7.63951e-06,-7.73954e-06,-7.32498e-06,-6.52909e-06,-5.65041e-06,-4.60376e-06,-3.29177e-06
-6.8905e-06,-7.24972e-06,-7.5412e-06,-7.43315e-06,-7.52491e-06,-7.6435e-06,-7.14094e-06,-6.44183e-06,-5.55705e-06,-4.53758e-06,-3.2389e-06
-6.85118e-06,-7.11723e-06,-7.36288e-06,-7.40945e-06,-7.37234e-06,-7.45679e-06,-6.99042e-06,-6.28289e-06,-5.41226e-06,-4.42336e-06,-3.15583e-06
-6.69941e-06,-7.01171e-06,-7.2562e-06,-7.1877e-06,-7.33349e-06,-7.35048e-06,-6.8892e-06,-6.18517e-06,-5.31421e-06,-4.33725e-06,-3.09926e-06
-6.51841e-06,-6.76719e-06,-7.01599e-06,-7.0986e-06,-7.13724e-06,-7.23386e-06,-6.74135e-06,-6.08538e-06,-5.22805e-06,-4.25973e-06,-3.03537e-06
-6.46635e-06,-6.71397e-06,-6.9798e-06,-6.9497e-06,-7.02904e-06,-7.10549e-06,-6.65449e-06,-5.94172e-06,-5.12009e-06,-4.17087e-06,-2.98805e-06
-6.41016e-06,-6.56755e-06,-6.8021e-06,-6.77281e-06,-6.88906e-06,-7.00168e-06,-6.5553e-06,-5.84036e-06,-5.04863e-06,-4.10872e-06,-2.88395e-06
-6.19843e-06,-6.57655e-06,-6.72081e-06,-6.66735e-06,-6.79214e-06,-6.83383e-06,-6.4141e-06,-5.6899e-06,-4.9436e-06,-4.02173e-06,-2.88125e-06
-6.06239e-06,-6.36847e-06,-6.58854e-06,-6.58248e-06,-6.66942e-06,-6.70927e-06,-6.27878e-06,-5.64035e-06,-4.84531e-06,-3.94295e-06,-2.8233e-06
-5.94217e-06,-6.25887e-06,-6.52337e-06,-6.48797e-06,-6.55933e-06,-6.593e-06,-6.18391e-06,-5.56068e-06,-4.75067e-06,-3.87391e-06,-2.77258e-06
-5.79672e-06,-6.16618e-06,-6.35764e-06,-6.34587e-06,-6.40597e-06,-6.46149e-06,-6.09568e-06,-5.43269e-06,-4.66708e-06,-3.8299e-06,-2.70838e-06
-5.72197e-06,-6.05051e-06,-6.17337e-06,-6.12626e-06,-6.27878e-06,-6.3845e-06,-5.9345e-06,-5.36244e-06,-4.59957e-06,-3.73881e-06,-2.64789e-06
-5.61607e-06,-5.94752e-06,-6.09174e-06,-6.11421e-06,-6.15983e-06,-6.23994e-06,-5.90074e-06,-5.23999e-06,-4.48143e-06,-3.64953e-06,-2.58377e-06
-5.54928e-06,-5.7226e-06,-5.9577e-06,-5.95801e-06,-6.00118e-06,-6.2468e-06,-5.81467e-06,-5.1863e-06,-4.42402e-06,-3.58363e-06,-2.58322e-06
-5.48419e-06,-5.623e-06,-5.8944e-06,-5.90821e-06,-5.97806e-06,-6.0767e-06,-5.65068e-06,-5.07049e-06,-4.31719e-06,-3.51115e-06,-2.48738e-06
-5.31572e-06,-5.55938e-06,-5.72807e-06,-5.77895e-06,-5.81962e-06,-5.86028e-06,-5.54383e-06,-4.98092e-06,-4.27595e-06,-3.46195e-06,-2.43095e-06
-5.22496e-06,-5.5313e-06,-5.60895e-06,-5.63424e-06,-5.76496e-06,-5.81638e-06,-5.51702e-06,-4.83484e-06,-4.19843e-06,-3.37582e-06,-2.41204e-06
-5.17958e-06,-5.38662e-06,-5.55411e-06,-5.56612e-06,-5.70153e-06,-5.68642e-06,-5.36275e-06,-4.81965e-06,-4.13131e-06,-3.32176e-06,-2.36289e-06
-5.02819e-06,-5.25104e-06,-5.43927e-06,-5.45592e-06,-5.50246e-06,-5.64239e-06,-5.26139e-06,-4.69981e-06,-4.05189e-06,-3.3007e-06,-2.32759e-06
-4.97815e-06,-5.11789e-06,-5.36457e-06,-5.30115e-06,-5.43942e-06,-5.55783e-06,-5.24426e-06,-4.65406e-06,-4.00437e-06,-3.21121e-06,-2.24812e-06
