5.57423e-06,5.55767e-06,5.38872e-06,5.06816e-06,4.59741e-06,3.9829e-06,3.26591e-06,2.45268e-06,1.58029e-06,7.07624e-07,3.33277e-07
5.04871e-06,5.03954e-06,4.88929e-06,4.59696e-06,4.16978e-06,3.61095e-06,2.95012e-06,2.20243e-06,1.39992e-06,6.08502e-07,3.35201e-07
4.5836e-06,4.57062e-06,4.44387e-06,4.1793e-06,3.78566e-06,3.27329e-06,2.66657e-06,1.97582e-06,1.24487e-06,5.14098e-07,3.40623e-07
4.14071e-06,4.13467e-06,4.01898e-06,3.77815e-06,3.42117e-06,2.95626e-06,2.39717e-06,1.76458e-06,1.09444e-06,4.38011e-07,3.414e-07
3.78131e-06,3.7777e-06,3.67159e-06,3.45187e-06,3.1232e-06,2.69513e-06,2.17709e-06,1.59205e-06,9.7448e-07,3.76325e-07,3.40891e-07
3.47971e-06,3.47678e-06,3.37766e-06,3.1752e-06,2.87174e-06,2.47304e-06,1.99129e-06,1.44727e-06,8.75547e-07,3.26271e-07,3.39736e-07
3.18428e-06,3.18418e-06,3.09151e-06,2.90564e-06,2.62511e-06,2.25717e-06,1.80944e-06,1.30644e-06,7.78168e-07,2.80817e-07,3.37465e-07
2.93482e-06,2.93565e-06,2.84829e-06,2.67584e-06,2.41559e-06,2.07261e-06,1.65514e-06,1.18781e-06,6.97714e-07,2.43419e-07,3.34912e-07
2.7118e-06,2.7129e-06,2.63057e-06,2.4698e-06,2.22749e-06,1.90698e-06,1.51704e-06,1.08225e-06,6.2676e-07,2.11469e-07,3.32054e-07
2.51318e-06,2.51394e-06,2.43653e-06,2.28592e-06,2.05953e-06,1.759e-06,1.39409e-06,9.88612e-07,5.6439e-07,1.84248e-07,3.28945e-07
2.33184e-06,2.33218e-06,2.25932e-06,2.1178e-06,1.9055e-06,1.62379e-06,1.28195e-06,9.03397e-07,5.07928e-07,1.61563e-07,3.25501e-07
2.1707e-06,2.17057e-06,2.10176e-06,1.9682e-06,1.76855e-06,1.50331e-06,1.18236e-06,8.28149e-07,4.58013e-07,1.43377e-07,3.21916e-07
2.02124e-06,2.02066e-06,1.95579e-06,1.82946e-06,1.64148e-06,1.39192e-06,1.09066e-06,7.5841e-07,4.12665e-07,1.28656e-07,3.18296e-07
1.88731e-06,1.88636e-06,1.8252e-06,1.70521e-06,1.52738e-06,1.29204e-06,1.0085e-06,6.96411e-07,3.72103e-07,1.19775e-07,3.1413e-07
1.76436e-06,1.76316e-06,1.70496e-06,1.59095e-06,1.4227e-06,1.20018e-06,9.33232e-07,6.39671e-07,3.35212e-07,1.1403e-07,3.10289e-07
1.65459e-06,1.65303e-06,1.59769e-06,1.48915e-06,1.32913e-06,1.11824e-06,8.6617e-07,5.89374e-07,3.02637e-07,1.11312e-07,3.05833e-07
1.55378e-06,1.55233e-06,1.49899e-06,1.39526e-06,1.24346e-06,1.04362e-06,8.0465e-07,5.43143e-07,2.72941e-07,1.11985e-07,3.01638e-07
1.45722e-06,1.45548e-06,1.40492e-06,1.3056e-06,1.16086e-06,9.71161e-07,7.46034e-07,4.99045e-07,2.44602e-07,1.13697e-07,2.97084e-07
1.37103e-06,1.36936e-06,1.32073e-06,1.22561e-06,1.08746e-06,9.07115e-07,6.94067e-07,4.6003e-07,2.20238e-07,1.32072e-07,2.93459e-07
1.29299e-06,1.29118e-06,1.2444e-06,1.15307e-06,1.02089e-06,8.49167e-07,6.46965e-07,4.24815e-07,1.97944e-07,1.34213e-07,2.88832e-07
1.21946e-06,1.21767e-06,1.17252e-06,1.08493e-06,9.5854e-07,7.94743e-07,6.02898e-07,3.91905e-07,1.77696e-07,1.42501e-07,2.84876e-07
1.15447e-06,1.15213e-06,1.10943e-06,1.0252e-06,9.03168e-07,7.47273e-07,5.63979e-07,3.63595e-07,1.59603e-07,1.25775e-07,2.7962e-07
1.09122e-06,1.08915e-06,1.04646e-06,9.66596e-07,8.49782e-07,7.00199e-07,5.26053e-07,3.35443e-07,1.42609e-07,1.31375e-07,2.7672e-07
1.03497e-06,1.03242e-06,9.92257e-07,9.1436e-07,8.02555e-07,6.59439e-07,4.92824e-07,3.11056e-07,1.27523e-07,1.29536e-07,2.72079e-07
9.81442e-07,9.79179e-07,9.39315e-07,8.64778e-07,7.57273e-07,6.207e-07,4.61147e-07,2.88711e-07,1.14269e-07,1.34788e-07,2.68772e-07
9.27637e-07,9.25404e-07,8.87329e-07,8.15717e-07,7.12922e-07,5.82081e-07,4.30666e-07,2.65092e-07,1.00239e-07,1.31089e-07,2.65422e-07
8.8357e-07,8.81249e-07,8.44515e-07,7.7573e-07,6.76211e-07,5.50716e-07,4.05525e-07,2.46742e-07,8.92169e-08,1.23299e-07,2.62064e-07
8.38715e-07,8.3663e-07,8.00702e-07,7.34433e-07,6.39295e-07,5.19024e-07,3.8014e-07,2.28115e-07,7.86621e-08,1.24049e-07,2.58936e-07
7.97913e-07,7.95688e-07,7.61428e-07,6.97153e-07,6.05741e-07,4.90397e-07,3.56902e-07,2.11315e-07,6.97276e-08,1.35993e-07,2.5603e-07
7.60878e-07,7.5879e-07,7.26101e-07,6.63295e-07,5.76117e-07,4.64797e-07,3.3683e-07,1.96213e-07,6.21579e-08,1.29691e-07,2.53025e-07
7.23519e-07,7.21415e-07,6.8955e-07,6.29748e-07,5.45156e-07,4.38724e-07,3.15724e-07,1.81459e-07,5.48587e-08,1.34896e-07,2.50579e-07
6.88282e-07,6.86342e-07,6.55597e-07,5.98055e-07,5.16785e-07,4.14446e-07,2.96596e-07,1.67571e-07,4.89169e-08,1.29539e-07,2.48118e-07
6.55939e-07,6.54134e-07,6.24517e-07,5.69033e-07,4.9081e-07,3.92362e-07,2.79093e-07,1.55033e-07,4.45143e-08,1.29732e-07,2.45825e-07
6.25348e-07,6.23704e-07,5.95193e-07,5.4169e-07,4.66362e-07,3.71634e-07,2.62646e-07,1.43307e-07,4.14161e-08,1.3016e-07,2.43657e-07
5.96996e-07,5.95662e-07,5.67896e-07,5.16503e-07,4.43851e-07,3.52638e-07,2.47752e-07,1.32803e-07,3.96854e-08,1.27558e-07,2.4159e-07
5.6871e-07,5.67524e-07,5.41101e-07,4.91374e-07,4.21485e-07,3.33669e-07,2.32575e-07,1.22142e-07,3.90834e-08,1.31855e-07,2.39552e-07
5.42257e-07,5.41298e-07,5.15813e-07,4.67965e-07,4.00653e-07,3.16065e-07,2.18622e-07,1.12414e-07,3.96576e-08,1.32896e-07,2.37764e-07
5.17203e-07,5.16498e-07,4.91944e-07,4.45879e-07,3.81032e-07,2.99533e-07,2.05524e-07,1.03392e-07,4.09915e-08,1.34092e-07,2.35935e-07
4.93486e-07,4.93039e-07,4.69325e-07,4.24992e-07,3.62519e-07,2.83949e-07,1.93212e-07,9.49837e-08,4.27641e-08,1.35443e-07,2.34106e-07
4.71169e-07,4.70916e-07,4.48074e-07,4.05387e-07,3.45108e-07,2.69372e-07,1.81625e-07,8.71756e-08,4.46386e-08,1.36166e-07,2.32189e-07
4.49242e-07,4.49271e-07,4.27313e-07,3.86334e-07,3.28242e-07,2.55125e-07,1.70504e-07,7.98158e-08,4.75062e-08,1.37361e-07,2.30414e-07
4.28898e-07,4.29171e-07,4.07997e-07,3.68624e-07,3.12586e-07,2.41977e-07,1.60201e-07,7.30876e-08,5.00194e-08,1.38344e-07,2.28468e-07
4.09452e-07,4.10004e-07,3.8955e-07,3.5175e-07,2.97686e-07,2.29505e-07,1.5047e-07,6.69239e-08,5.25941e-08,1.39229e-07,2.26426e-07
3.91649e-07,3.92375e-07,3.72662e-07,3.36335e-07,2.84105e-07,2.18164e-07,1.41708e-07,6.14766e-08,5.48214e-08,1.39645e-07,2.24092e-07
3.74515e-07,3.75458e-07,3.5652e-07,3.21641e-07,2.71118e-07,2.07296e-07,1.33351e-07,5.64696e-08,5.72515e-08,1.39268e-07,2.22199e-07
3.58724e-07,3.60171e-07,3.41776e-07,3.08263e-07,2.59423e-07,1.9767e-07,1.26134e-07,5.26222e-08,5.90831e-08,1.40075e-07,2.19185e-07
3.43025e-07,3.44831e-07,3.27726e-07,2.94899e-07,2.47713e-07,1.87998e-07,1.18819e-07,4.88873e-08,6.13532e-08,1.40615e-07,2.17037e-07
3.30829e-07,3.32748e-07,3.15438e-07,2.84481e-07,2.38749e-07,1.8059e-07,1.13627e-07,4.64486e-08,6.23298e-08,1.39295e-07,2.13492e-07
3.18712e-07,3.20736e-07,3.03083e-07,2.74279e-07,2.29825e-07,1.73468e-07,1.08665e-07,4.48946e-08,6.35636e-08,1.38264e-07,2.09794e-07
3.07963e-07,3.10124e-07,2.93906e-07,2.65233e-07,2.22069e-07,1.67291e-07,1.04588e-07,4.38268e-08,6.45418e-08,1.3729e-07,2.06081e-07
2.98124e-07,3.00458e-07,2.83392e-07,2.56944e-07,2.14989e-07,1.61828e-07,1.0115e-07,4.35436e-08,6.52992e-08,1.35454e-07,2.02413e-07
2.89607e-07,2.91966e-07,2.76303e-07,2.49728e-07,2.09095e-07,1.57294e-07,9.85876e-08,4.34954e-08,6.58533e-08,1.33719e-07,1.99142e-07
2.82493e-07,2.84996e-07,2.69671e-07,2.43798e-07,2.04015e-07,1.53864e-07,9.69814e-08,4.46109e-08,6.59864e-08,1.33106e-07,1.94097e-07
2.75675e-07,2.78155e-07,2.63176e-07,2.38186e-07,1.99656e-07,1.50336e-07,9.55525e-08,4.55627e-08,6.60069e-08,1.28969e-07,1.89859e-07
2.70037e-07,2.72509e-07,2.57855e-07,2.33573e-07,1.95965e-07,1.48157e-07,9.50637e-08,4.74322e-08,6.58537e-08,1.26118e-07,1.84909e-07
2.65922e-07,2.68345e-07,2.53914e-07,2.30266e-07,1.93401e-07,1.46723e-07,9.52065e-08,4.91334e-08,6.54783e-08,1.22977e-07,1.79685e-07
2.62039e-07,2.64343e-07,2.50192e-07,2.27115e-07,1.91234e-07,1.45526e-07,9.55535e-08,5.07971e-08,6.46431e-08,1.17776e-07,1.74588e-07
2.58759e-07,2.60945e-07,2.47007e-07,2.24423e-07,1.89268e-07,1.44681e-07,9.6213e-08,5.26618e-08,6.37154e-08,1.15991e-07,1.68996e-07
2.56089e-07,2.58123e-07,2.44423e-07,2.22281e-07,1.87842e-07,1.44252e-07,9.69781e-08,5.43089e-08,6.26447e-08,1.1213e-07,1.6328e-07
2.54467e-07,2.5627e-07,2.42908e-07,2.2097e-07,1.87053e-07,1.44121e-07,9.80133e-08,5.57071e-08,6.12624e-08,1.0813e-07,1.57545e-07
2.53023e-07,2.54611e-07,2.4123e-07,2.1981e-07,1.86747e-07,1.44623e-07,9.9419e-08,5.69525e-08,5.9975e-08,1.03941e-07,1.51685e-07
2.50831e-07,2.5231e-07,2.39265e-07,2.18132e-07,1.85563e-07,1.44479e-07,1.00302e-07,5.89523e-08,5.83904e-08,9.94777e-08,1.45339e-07
2.49275e-07,2.5057e-07,2.37703e-07,2.16864e-07,1.84857e-07,1.4455e-07,1.01229e-07,6.01269e-08,5.66881e-08,9.49828e-08,1.39181e-07
2.4797e-07,2.49095e-07,2.36417e-07,2.15856e-07,1.84328e-07,1.44755e-07,1.02152e-07,6.11385e-08,5.49846e-08,9.03699e-08,1.3278e-07
2.46504e-07,2.47411e-07,2.34963e-07,2.14612e-07,1.83661e-07,1.44775e-07,1.0293e-07,6.20894e-08,5.30113e-08,8.57505e-08,1.26764e-07
2.39987e-07,2.41056e-07,2.28915e-07,2.09233e-07,1.7931e-07,1.41465e-07,1.00873e-07,6.15361e-08,5.30074e-08,8.43145e-08,1.24822e-07
2.43822e-07,2.44324e-07,2.32505e-07,2.12384e-07,1.82213e-07,1.44647e-07,1.04124e-07,6.36774e-08,4.90043e-08,7.6442e-08,1.14421e-07
2.41728e-07,2.4213e-07,2.30293e-07,2.10597e-07,1.81132e-07,1.44248e-07,1.04322e-07,6.37574e-08,4.70317e-08,7.17034e-08,1.08395e-07
2.40193e-07,2.40435e-07,2.28584e-07,2.0921e-07,1.80256e-07,1.43968e-07,1.04532e-07,6.36399e-08,4.49357e-08,6.71088e-08,1.0262e-07
2.37404e-07,2.3749e-07,2.26116e-07,2.06913e-07,1.78455e-07,1.42834e-07,1.04054e-07,6.39213e-08,4.29198e-08,6.25256e-08,9.66905e-08
2.34879e-07,2.34806e-07,2.2367e-07,2.04725e-07,1.76805e-07,1.4183e-07,1.03632e-07,6.35909e-08,4.08973e-08,5.8082e-08,9.10788e-08
2.32395e-07,2.3217e-07,2.21266e-07,2.02514e-07,1.75079e-07,1.40363e-07,1.02793e-07,6.3016e-08,3.84933e-08,5.37682e-08,8.59628e-08
2.28934e-07,2.28698e-07,2.1805e-07,1.99629e-07,1.72688e-07,1.39118e-07,1.02159e-07,6.28598e-08,3.67914e-08,4.95489e-08,8.05711e-08
2.25299e-07,2.24923e-07,2.14566e-07,1.9646e-07,1.70145e-07,1.37236e-07,1.00864e-07,6.20923e-08,3.48175e-08,4.55334e-08,7.56276e-08
2.21675e-07,2.21216e-07,2.11119e-07,1.93324e-07,1.67558e-07,1.35334e-07,9.95995e-08,6.12985e-08,3.29169e-08,4.1716e-08,7.10214e-08
2.18167e-07,2.17776e-07,2.07803e-07,1.90276e-07,1.64922e-07,1.33491e-07,9.83102e-08,6.04471e-08,3.10797e-08,3.80497e-08,6.68349e-08
2.13754e-07,2.13179e-07,2.03591e-07,1.8646e-07,1.61813e-07,1.30994e-07,9.65482e-08,5.9352e-08,2.93232e-08,3.4754e-08,6.27712e-08
2.09482e-07,2.08869e-07,1.99536e-07,1.82759e-07,1.58679e-07,1.28567e-07,9.47944e-08,5.82166e-08,2.76451e-08,3.16604e-08,5.91501e-08
2.0505e-07,2.04409e-07,1.95336e-07,1.78921e-07,1.55412e-07,1.26009e-07,9.29147e-08,5.69956e-08,2.60535e-08,2.88479e-08,5.58913e-08
2.00444e-07,1.99795e-07,1.90972e-07,1.74929e-07,1.51997e-07,1.23307e-07,9.09072e-08,5.56848e-08,2.45523e-08,2.63491e-08,5.29839e-08
1.95843e-07,1.95166e-07,1.86616e-07,1.70945e-07,1.48585e-07,1.20582e-07,8.88663e-08,5.43421e-08,2.31739e-08,2.41663e-08,5.0435e-08
1.91044e-07,1.90387e-07,1.82059e-07,1.66764e-07,1.44972e-07,1.17689e-07,8.66709e-08,5.29065e-08,2.18345e-08,2.23163e-08,4.82473e-08
1.86061e-07,1.8542e-07,1.7737e-07,1.6248e-07,1.41261e-07,1.14683e-07,8.43897e-08,5.14034e-08,2.06037e-08,2.08326e-08,4.63487e-08
1.81308e-07,1.80746e-07,1.7287e-07,1.5835e-07,1.37684e-07,1.11769e-07,8.22698e-08,4.99439e-08,1.94084e-08,1.96765e-08,4.47952e-08
1.76386e-07,1.75816e-07,1.68224e-07,1.54097e-07,1.33977e-07,1.08757e-07,7.98618e-08,4.84238e-08,1.84713e-08,1.87853e-08,4.34338e-08
1.71457e-07,1.70918e-07,1.63573e-07,1.49838e-07,1.30259e-07,1.05697e-07,7.75115e-08,4.68616e-08,1.74937e-08,1.81869e-08,4.23536e-08
1.6641e-07,1.65939e-07,1.58819e-07,1.45468e-07,1.2645e-07,1.02566e-07,7.50815e-08,4.52179e-08,1.65424e-08,1.78009e-08,4.14364e-08
1.6155e-07,1.6113e-07,1.54242e-07,1.41264e-07,1.22771e-07,9.95287e-08,7.273e-08,4.36418e-08,1.5707e-08,1.76244e-08,4.06606e-08
1.56879e-07,1.56492e-07,1.49841e-07,1.37224e-07,1.19235e-07,9.65949e-08,7.04549e-08,4.21097e-08,1.49442e-08,1.75629e-08,4.0025e-08
1.52105e-07,1.51837e-07,1.45394e-07,1.33133e-07,1.15636e-07,9.36126e-08,6.81375e-08,4.05449e-08,1.41862e-08,1.75947e-08,3.94607e-08
1.47535e-07,1.47331e-07,1.41097e-07,1.29187e-07,1.12169e-07,9.07254e-08,6.58925e-08,3.90291e-08,1.34915e-08,1.76859e-08,3.89695e-08
1.43186e-07,1.42987e-07,1.36952e-07,1.25367e-07,1.08811e-07,8.79298e-08,6.37441e-08,3.75473e-08,1.28389e-08,1.77953e-08,3.85053e-08
1.3886e-07,1.387e-07,1.32884e-07,1.21631e-07,1.05522e-07,8.51725e-08,6.15729e-08,3.60903e-08,1.22238e-08,1.79234e-08,3.80671e-08
1.34654e-07,1.34546e-07,1.28916e-07,1.17975e-07,1.02299e-07,8.24787e-08,5.94726e-08,3.46599e-08,1.16075e-08,1.80322e-08,3.76441e-08
1.30561e-07,1.30505e-07,1.25066e-07,1.14434e-07,9.91744e-08,7.98615e-08,5.74343e-08,3.32653e-08,1.10385e-08,1.81454e-08,3.72284e-08
1.26613e-07,1.26614e-07,1.21352e-07,1.11019e-07,9.61603e-08,7.73319e-08,5.54645e-08,3.19178e-08,1.05035e-08,1.82398e-08,3.68061e-08
1.22785e-07,1.22823e-07,1.17739e-07,1.07686e-07,9.32249e-08,7.48692e-08,5.35453e-08,3.06069e-08,1.00084e-08,1.83263e-08,3.63925e-08
1.19066e-07,1.1915e-07,1.14237e-07,1.04466e-07,9.03784e-08,7.24801e-08,5.16876e-08,2.93353e-08,9.53714e-09,1.83967e-08,3.59793e-08
1.15459e-07,1.15592e-07,1.10843e-07,1.0134e-07,8.76212e-08,7.01654e-08,4.98839e-08,2.81059e-08,9.10291e-09,1.84532e-08,3.55649e-08
1.11992e-07,1.12162e-07,1.0757e-07,9.83251e-08,8.49585e-08,6.79294e-08,4.81456e-08,2.69189e-08,8.70242e-09,1.84953e-08,3.51432e-08
1.08575e-07,1.08808e-07,1.04367e-07,9.53834e-08,8.23556e-08,6.57467e-08,4.64453e-08,2.57632e-08,8.34347e-09,1.853e-08,3.47377e-08
1.05315e-07,1.05574e-07,1.01278e-07,9.25314e-08,7.9842e-08,6.36375e-08,4.48072e-08,2.46485e-08,8.02283e-09,1.85488e-08,3.4319e-08
1.02142e-07,1.02457e-07,9.82975e-08,8.97837e-08,7.74182e-08,6.16059e-08,4.32219e-08,2.35813e-08,7.74157e-09,1.85498e-08,3.39105e-08
9.90772e-08,9.9408e-08,9.5388e-08,8.70995e-08,7.50489e-08,5.96182e-08,4.16811e-08,2.2527e-08,7.48554e-09,1.8551e-08,3.34858e-08
9.60692e-08,9.64464e-08,9.25554e-08,8.44902e-08,7.27462e-08,5.76876e-08,4.01843e-08,2.15273e-08,7.27868e-09,1.8537e-08,3.30676e-08
9.32081e-08,9.36073e-08,8.98385e-08,8.19864e-08,7.05341e-08,5.58362e-08,3.87482e-08,2.05602e-08,7.09238e-09,1.85092e-08,3.26465e-08
9.03409e-08,9.07921e-08,8.71516e-08,7.9512e-08,6.83599e-08,5.40216e-08,3.7349e-08,1.96275e-08,6.89292e-09,1.84581e-08,3.22401e-08
8.76305e-08,8.8137e-08,8.46061e-08,7.71801e-08,6.62889e-08,5.229e-08,3.60101e-08,1.87305e-08,6.75475e-09,1.84076e-08,3.18173e-08
8.50379e-08,8.5552e-08,8.21335e-08,7.48795e-08,6.42738e-08,5.06078e-08,3.47046e-08,1.7865e-08,6.66223e-09,1.83432e-08,3.13916e-08
8.25694e-08,8.31155e-08,7.97866e-08,7.2712e-08,6.2353e-08,4.89948e-08,3.34548e-08,1.70331e-08,6.62156e-09,1.82723e-08,3.0944e-08
8.01241e-08,8.06839e-08,7.74503e-08,7.05568e-08,6.04498e-08,4.74064e-08,3.22362e-08,1.62279e-08,6.56309e-09,1.81869e-08,3.0511e-08
7.7781e-08,7.83687e-08,7.52217e-08,6.85e-08,5.86289e-08,4.58877e-08,3.10633e-08,1.54571e-08,6.56038e-09,1.81227e-08,3.00794e-08
7.5502e-08,7.61082e-08,7.30501e-08,6.64932e-08,5.68655e-08,4.44166e-08,2.99359e-08,1.4718e-08,6.48594e-09,1.79907e-08,2.96452e-08
7.33161e-08,7.39486e-08,7.09682e-08,6.45566e-08,5.51689e-08,4.30018e-08,2.88492e-08,1.40183e-08,6.47929e-09,1.78812e-08,2.92108e-08
7.11823e-08,7.1824e-08,6.89274e-08,6.26813e-08,5.35062e-08,4.16194e-08,2.77868e-08,1.33347e-08,6.4762e-09,1.77629e-08,2.87696e-08
6.91186e-08,6.97748e-08,6.69527e-08,6.08587e-08,5.18939e-08,4.02868e-08,2.67718e-08,1.26675e-08,6.45725e-09,1.76217e-08,2.83333e-08
6.71461e-08,6.78209e-08,6.50614e-08,5.91112e-08,5.03517e-08,3.90042e-08,2.57901e-08,1.20374e-08,6.50429e-09,1.7518e-08,2.7894e-08
6.52432e-08,6.59222e-08,6.32341e-08,5.74194e-08,4.88618e-08,3.77679e-08,2.48525e-08,1.14373e-08,6.47337e-09,1.73428e-08,2.74587e-08
6.33675e-08,6.40497e-08,6.14265e-08,5.57483e-08,4.73948e-08,3.65553e-08,2.39408e-08,1.08566e-08,6.47579e-09,1.7174e-08,2.70136e-08
6.16105e-08,6.23069e-08,5.97373e-08,5.41883e-08,4.60133e-08,3.54156e-08,2.3078e-08,1.03093e-08,6.48332e-09,1.70128e-08,2.65781e-08
5.98952e-08,6.05774e-08,5.80736e-08,5.2617e-08,4.46636e-08,3.42973e-08,2.22301e-08,9.78021e-09,6.49068e-09,1.68308e-08,2.61395e-08
5.82798e-08,5.8976e-08,5.65132e-08,5.11945e-08,4.33695e-08,3.32327e-08,2.14201e-08,9.25012e-09,6.61127e-09,1.67442e-08,2.57542e-08
5.65961e-08,5.73144e-08,5.49118e-08,4.97414e-08,4.20821e-08,3.21654e-08,2.06333e-08,8.7684e-09,6.55181e-09,1.65186e-08,2.53017e-08
5.50943e-08,5.57681e-08,5.34087e-08,4.83281e-08,4.08598e-08,3.11574e-08,1.98798e-08,8.32214e-09,6.53335e-09,1.63152e-08,2.48391e-08
5.36005e-08,5.42684e-08,5.19529e-08,4.69818e-08,3.96792e-08,3.01857e-08,1.91558e-08,7.88437e-09,6.53753e-09,1.61238e-08,2.4409e-08
5.21687e-08,5.28255e-08,5.05579e-08,4.56896e-08,3.85385e-08,2.92635e-08,1.84709e-08,7.47604e-09,6.54621e-09,1.59277e-08,2.39922e-08
5.07587e-08,5.14096e-08,4.91829e-08,4.44117e-08,3.74272e-08,2.83525e-08,1.77962e-08,7.07973e-09,6.5441e-09,1.57242e-08,2.35403e-08
4.94386e-08,5.00748e-08,4.78894e-08,4.32101e-08,3.63637e-08,2.74909e-08,1.71604e-08,6.70294e-09,6.5604e-09,1.55348e-08,2.31338e-08
4.81112e-08,4.87314e-08,4.65803e-08,4.20065e-08,3.5314e-08,2.66254e-08,1.65346e-08,6.34272e-09,6.54319e-09,1.53254e-08,2.26932e-08
4.68823e-08,4.74869e-08,4.53737e-08,4.0891e-08,3.43279e-08,2.58266e-08,1.59507e-08,6.00454e-09,6.54029e-09,1.51251e-08,2.2285e-08
4.56787e-08,4.62675e-08,4.41864e-08,3.97866e-08,3.33696e-08,2.50372e-08,1.53768e-08,5.6845e-09,6.54015e-09,1.49263e-08,2.18621e-08
4.44916e-08,4.50543e-08,4.30084e-08,3.87035e-08,3.2414e-08,2.42732e-08,1.48259e-08,5.38402e-09,6.51985e-09,1.471e-08,2.14573e-08
4.3377e-08,4.39208e-08,4.19069e-08,3.76812e-08,3.15215e-08,2.35509e-08,1.43084e-08,5.10194e-09,6.50547e-09,1.45043e-08,2.1048e-08
4.21001e-08,4.26402e-08,4.06886e-08,3.65727e-08,3.05696e-08,2.27983e-08,1.37837e-08,4.83762e-09,6.42867e-09,1.4278e-08,2.06866e-08
4.12044e-08,4.17002e-08,3.97511e-08,3.5693e-08,2.97908e-08,2.21502e-08,1.3311e-08,4.58435e-09,6.4728e-09,1.40871e-08,2.02495e-08
4.01912e-08,4.06705e-08,3.87477e-08,3.47702e-08,2.89787e-08,2.15013e-08,1.28533e-08,4.35556e-09,6.44946e-09,1.38775e-08,1.98703e-08
3.91809e-08,3.96341e-08,3.77435e-08,3.38428e-08,2.81667e-08,2.08551e-08,1.24017e-08,4.12923e-09,6.42995e-09,1.36648e-08,1.94816e-08
3.82084e-08,3.86429e-08,3.6783e-08,3.29572e-08,2.73981e-08,2.02364e-08,1.19651e-08,3.92894e-09,6.40828e-09,1.34639e-08,1.90895e-08
3.72745e-08,3.76731e-08,3.58523e-08,3.20971e-08,2.66519e-08,1.96395e-08,1.15521e-08,3.74182e-09,6.37958e-09,1.32591e-08,1.87311e-08
3.63606e-08,3.67461e-08,3.49429e-08,3.12647e-08,2.59295e-08,1.90637e-08,1.11532e-08,3.57365e-09,6.35611e-09,1.30544e-08,1.83501e-08
3.54659e-08,3.58101e-08,3.40522e-08,3.04458e-08,2.52173e-08,1.85004e-08,1.07691e-08,3.41325e-09,6.32743e-09,1.28524e-08,1.79988e-08
3.4599e-08,3.49237e-08,3.3193e-08,2.96566e-08,2.45338e-08,1.79584e-08,1.04001e-08,3.27335e-09,6.29553e-09,1.26469e-08,1.76298e-08
3.37329e-08,3.40294e-08,3.23311e-08,2.88693e-08,2.38539e-08,1.74196e-08,1.00385e-08,3.14019e-09,6.265e-09,1.24498e-08,1.72889e-08
3.29214e-08,3.3201e-08,3.1529e-08,2.81299e-08,2.32156e-08,1.69179e-08,9.7007e-09,3.02887e-09,6.23416e-09,1.22545e-08,1.69451e-08
3.21327e-08,3.23805e-08,3.07371e-08,2.74109e-08,2.25943e-08,1.643e-08,9.37698e-09,2.91861e-09,6.20069e-09,1.20654e-08,1.66011e-08
3.13618e-08,3.15894e-08,2.99788e-08,2.67132e-08,2.19924e-08,1.59553e-08,9.0606e-09,2.82781e-09,6.16899e-09,1.18787e-08,1.62786e-08
3.05945e-08,3.08209e-08,2.92259e-08,2.60279e-08,2.14006e-08,1.54917e-08,8.75905e-09,2.74064e-09,6.13142e-09,1.16926e-08,1.59753e-08
2.98125e-08,3.00006e-08,2.84462e-08,2.53202e-08,2.07946e-08,1.50203e-08,8.44789e-09,2.67232e-09,6.10569e-09,1.1504e-08,1.56569e-08
2.90788e-08,2.92551e-08,2.77323e-08,2.46656e-08,2.02342e-08,1.45814e-08,8.15926e-09,2.60967e-09,6.07252e-09,1.13272e-08,1.5336e-08
2.83429e-08,2.85e-08,2.70102e-08,2.40093e-08,1.96694e-08,1.41438e-08,7.88133e-09,2.55532e-09,6.03446e-09,1.11492e-08,1.50392e-08
2.76456e-08,2.77863e-08,2.63255e-08,2.33861e-08,1.91392e-08,1.37314e-08,7.61661e-09,2.51122e-09,6.00185e-09,1.09744e-08,1.47513e-08
2.69674e-08,2.70931e-08,2.56615e-08,2.27834e-08,1.86228e-08,1.33343e-08,7.36112e-09,2.47953e-09,5.96294e-09,1.08062e-08,1.44567e-08
2.62973e-08,2.64107e-08,2.50091e-08,2.21916e-08,1.81143e-08,1.2942e-08,7.11565e-09,2.44259e-09,5.92901e-09,1.06415e-08,1.4194e-08
2.56384e-08,2.57424e-08,2.43665e-08,2.16107e-08,1.76179e-08,1.25598e-08,6.87074e-09,2.42171e-09,5.90043e-09,1.04813e-08,1.39282e-08
2.49819e-08,2.50691e-08,2.37329e-08,2.10306e-08,1.71264e-08,1.21803e-08,6.63316e-09,2.40363e-09,5.86292e-09,1.03207e-08,1.36517e-08
2.43338e-08,2.44035e-08,2.31012e-08,2.0466e-08,1.66438e-08,1.18104e-08,6.40146e-09,2.39045e-09,5.83459e-09,1.01629e-08,1.34156e-08
2.37339e-08,2.38137e-08,2.25265e-08,1.99406e-08,1.62009e-08,1.14703e-08,6.19285e-09,2.38163e-09,5.80112e-09,1.00152e-08,1.31667e-08
2.31075e-08,2.31676e-08,2.19226e-08,1.94042e-08,1.57367e-08,1.11158e-08,5.97268e-09,2.37453e-09,5.76295e-09,9.86703e-09,1.2925e-08
2.24861e-08,2.25445e-08,2.13248e-08,1.88612e-08,1.52819e-08,1.07643e-08,5.75518e-09,2.37072e-09,5.7319e-09,9.72433e-09,1.26746e-08
2.19117e-08,2.19651e-08,2.07715e-08,1.8366e-08,1.48602e-08,1.04435e-08,5.55637e-09,2.36985e-09,5.6983e-09,9.58316e-09,1.24352e-08
2.13367e-08,2.1394e-08,2.02287e-08,1.78713e-08,1.44457e-08,1.01269e-08,5.36464e-09,2.37172e-09,5.66513e-09,9.45114e-09,1.22347e-08
2.07624e-08,2.08114e-08,1.96761e-08,1.73781e-08,1.40237e-08,9.80568e-09,5.169e-09,2.37631e-09,5.63109e-09,9.3126e-09,1.20111e-08
2.01859e-08,2.02369e-08,1.91321e-08,1.68845e-08,1.36068e-08,9.49024e-09,4.9722e-09,2.38253e-09,5.60143e-09,9.17886e-09,1.17958e-08
1.96541e-08,1.97052e-08,1.86255e-08,1.64325e-08,1.32245e-08,9.19948e-09,4.80201e-09,2.38878e-09,5.57111e-09,9.05204e-09,1.16026e-08
1.911e-08,1.91593e-08,1.81104e-08,1.59662e-08,1.2831e-08,8.89948e-09,4.61998e-09,2.39543e-09,5.5359e-09,8.92883e-09,1.13957e-08
1.85697e-08,1.86229e-08,1.76005e-08,1.55081e-08,1.24447e-08,8.60552e-09,4.44277e-09,2.40389e-09,5.50373e-09,8.80354e-09,1.11974e-08
1.80772e-08,1.81417e-08,1.71355e-08,1.50894e-08,1.20931e-08,8.33747e-09,4.2811e-09,2.41019e-09,5.47033e-09,8.68635e-09,1.10027e-08
1.75531e-08,1.7613e-08,1.66439e-08,1.4649e-08,1.17197e-08,8.05482e-09,4.113e-09,2.41831e-09,5.43479e-09,8.56911e-09,1.08226e-08
1.70608e-08,1.71242e-08,1.61804e-08,1.42325e-08,1.13688e-08,7.78853e-09,3.95459e-09,2.42714e-09,5.40162e-09,8.45323e-09,1.06422e-08
1.65941e-08,1.66576e-08,1.57398e-08,1.38336e-08,1.10338e-08,7.53377e-09,3.80488e-09,2.43621e-09,5.37121e-09,8.34568e-09,1.04729e-08
1.61295e-08,1.61873e-08,1.5302e-08,1.34424e-08,1.07066e-08,7.28779e-09,3.65784e-09,2.44475e-09,5.3366e-09,8.22947e-09,1.03115e-08
1.56699e-08,1.57391e-08,1.487e-08,1.30523e-08,1.03767e-08,7.03905e-09,3.50508e-09,2.45344e-09,5.3073e-09,8.12303e-09,1.01345e-08
1.52122e-08,1.52849e-08,1.44409e-08,1.26694e-08,1.00529e-08,6.79311e-09,3.36344e-09,2.46106e-09,5.26821e-09,8.01347e-09,9.96268e-09
1.47715e-08,1.48492e-08,1.40258e-08,1.2295e-08,9.74236e-09,6.55516e-09,3.22867e-09,2.46814e-09,5.2342e-09,7.90715e-09,9.80276e-09
1.43469e-08,1.44278e-08,1.36289e-08,1.19376e-08,9.4396e-09,6.32696e-09,3.09656e-09,2.4758e-09,5.19843e-09,7.80459e-09,9.64366e-09
1.39449e-08,1.40293e-08,1.32492e-08,1.15973e-08,9.15568e-09,6.10925e-09,2.97445e-09,2.48206e-09,5.16216e-09,7.7004e-09,9.48902e-09
1.35448e-08,1.3628e-08,1.28682e-08,1.12565e-08,8.86893e-09,5.89523e-09,2.84799e-09,2.48751e-09,5.12213e-09,7.59874e-09,9.33201e-09
1.31456e-08,1.32361e-08,1.24968e-08,1.09218e-08,8.58705e-09,5.68095e-09,2.72654e-09,2.49362e-09,5.08785e-09,7.4998e-09,9.1847e-09
1.27643e-08,1.28605e-08,1.21395e-08,1.06004e-08,8.31619e-09,5.47654e-09,2.61231e-09,2.49731e-09,5.05071e-09,7.40243e-09,9.03761e-09
1.23982e-08,1.24907e-08,1.17938e-08,1.02875e-08,8.05553e-09,5.28079e-09,2.50101e-09,2.50245e-09,5.01512e-09,7.29975e-09,8.89622e-09
1.20336e-08,1.21315e-08,1.14512e-08,9.98058e-09,7.79817e-09,5.08669e-09,2.38989e-09,2.50592e-09,4.97267e-09,7.20374e-09,8.74586e-09
1.16917e-08,1.17911e-08,1.11268e-08,9.68972e-09,7.55304e-09,4.90243e-09,2.29307e-09,2.50715e-09,4.93267e-09,7.10414e-09,8.61167e-09
1.13537e-08,1.14552e-08,1.08088e-08,9.40541e-09,7.31615e-09,4.72291e-09,2.19549e-09,2.50922e-09,4.88918e-09,7.01103e-09,8.46497e-09
1.10276e-08,1.11307e-08,1.05008e-08,9.12679e-09,7.08565e-09,4.5491e-09,2.10262e-09,2.51074e-09,4.84773e-09,6.9159e-09,8.32975e-09
1.07171e-08,1.0821e-08,1.02071e-08,8.8615e-09,6.85973e-09,4.38332e-09,2.01701e-09,2.51082e-09,4.8082e-09,6.82116e-09,8.19476e-09
1.0412e-08,1.05104e-08,9.91459e-09,8.59975e-09,6.64275e-09,4.21953e-09,1.93181e-09,2.5113e-09,4.7657e-09,6.72688e-09,8.06529e-09
1.01063e-08,1.02115e-08,9.62641e-09,8.34012e-09,6.42627e-09,4.0574e-09,1.84797e-09,2.50921e-09,4.72229e-09,6.63251e-09,7.92586e-09
9.82132e-09,9.92355e-09,9.35405e-09,8.09422e-09,6.22182e-09,3.90405e-09,1.77381e-09,2.50907e-09,4.68129e-09,6.53725e-09,7.79728e-09
9.54168e-09,9.64477e-09,9.08951e-09,7.85695e-09,6.02423e-09,3.75574e-09,1.70267e-09,2.50616e-09,4.63394e-09,6.44641e-09,7.66328e-09
9.27512e-09,9.37928e-09,8.83605e-09,7.6291e-09,5.83537e-09,3.61473e-09,1.63742e-09,2.50156e-09,4.58954e-09,6.35694e-09,7.53855e-09
9.01049e-09,9.11466e-09,8.58372e-09,7.40108e-09,5.64518e-09,3.47573e-09,1.57294e-09,2.49766e-09,4.54319e-09,6.26346e-09,7.41063e-09
8.76134e-09,8.8656e-09,8.34532e-09,7.18732e-09,5.46806e-09,3.34492e-09,1.51748e-09,2.49231e-09,4.49801e-09,6.17326e-09,7.28695e-09
8.51058e-09,8.61331e-09,8.10586e-09,6.97203e-09,5.2882e-09,3.21285e-09,1.45881e-09,2.4869e-09,4.45099e-09,6.0832e-09,7.16196e-09
8.27761e-09,8.37884e-09,7.88244e-09,6.77063e-09,5.12299e-09,3.09164e-09,1.40937e-09,2.47898e-09,4.40424e-09,5.99466e-09,7.04197e-09
8.0456e-09,8.14635e-09,7.66064e-09,6.56974e-09,4.95815e-09,2.96977e-09,1.36031e-09,2.47146e-09,4.35669e-09,5.90591e-09,6.92046e-09
7.82966e-09,7.93022e-09,7.45347e-09,6.38419e-09,4.80167e-09,2.85806e-09,1.31893e-09,2.46396e-09,4.31153e-09,5.81678e-09,6.80446e-09
7.61194e-09,7.70954e-09,7.24443e-09,6.19778e-09,4.64674e-09,2.74547e-09,1.277e-09,2.45645e-09,4.26241e-09,5.73217e-09,6.68461e-09
7.40333e-09,7.5006e-09,7.04418e-09,6.01725e-09,4.49858e-09,2.63822e-09,1.2432e-09,2.44652e-09,4.21503e-09,5.63735e-09,6.56945e-09
7.20438e-09,7.3004e-09,6.85303e-09,5.84701e-09,4.35816e-09,2.5365e-09,1.20995e-09,2.43556e-09,4.16552e-09,5.56049e-09,6.45684e-09
7.00466e-09,7.09917e-09,6.66183e-09,5.67386e-09,4.21519e-09,2.43431e-09,1.17747e-09,2.42424e-09,4.11809e-09,5.4735e-09,6.34122e-09
6.81611e-09,6.90944e-09,6.48041e-09,5.5109e-09,4.08133e-09,2.33883e-09,1.1501e-09,2.4131e-09,4.07001e-09,5.3897e-09,6.23419e-09
6.6378e-09,6.72743e-09,6.30789e-09,5.35523e-09,3.95341e-09,2.24903e-09,1.12608e-09,2.40091e-09,4.02247e-09,5.30738e-09,6.11636e-09
6.45959e-09,6.54711e-09,6.13453e-09,5.20043e-09,3.82679e-09,2.15893e-09,1.10408e-09,2.38708e-09,3.97273e-09,5.22416e-09,6.01101e-09
6.29411e-09,6.37822e-09,5.97369e-09,5.05563e-09,3.70952e-09,2.07745e-09,1.087e-09,2.3738e-09,3.92609e-09,5.14179e-09,5.90641e-09
6.12373e-09,6.20679e-09,5.80984e-09,4.9095e-09,3.58903e-09,1.99258e-09,1.06813e-09,2.36145e-09,3.87606e-09,5.06076e-09,5.79896e-09
5.96889e-09,6.04667e-09,5.65672e-09,4.77233e-09,3.47761e-09,1.91599e-09,1.05436e-09,2.345e-09,3.82749e-09,4.98096e-09,5.69479e-09
5.80952e-09,5.88783e-09,5.50557e-09,4.63681e-09,3.36706e-09,1.83922e-09,1.04111e-09,2.33303e-09,3.77769e-09,4.90215e-09,5.58848e-09
5.66174e-09,5.73526e-09,5.36054e-09,4.50706e-09,3.26176e-09,1.76761e-09,1.02996e-09,2.3149e-09,3.73171e-09,4.82342e-09,5.49048e-09
5.51625e-09,5.59005e-09,5.22088e-09,4.38248e-09,3.16067e-09,1.69973e-09,1.0228e-09,2.30111e-09,3.68538e-09,4.74662e-09,5.38995e-09
5.37617e-09,5.4461e-09,5.08385e-09,4.2603e-09,3.06227e-09,1.63411e-09,1.01528e-09,2.28075e-09,3.63692e-09,4.66999e-09,5.29259e-09
5.23785e-09,5.3066e-09,4.95106e-09,4.1415e-09,2.96671e-09,1.57088e-09,1.00817e-09,2.26635e-09,3.5886e-09,4.59318e-09,5.19331e-09
5.10799e-09,5.17367e-09,4.82456e-09,4.02864e-09,2.87591e-09,1.51126e-09,1.00539e-09,2.25252e-09,3.54258e-09,4.5209e-09,5.10143e-09
4.97804e-09,5.04199e-09,4.69863e-09,3.91689e-09,2.78649e-09,1.45309e-09,1.0002e-09,2.23317e-09,3.49487e-09,4.44677e-09,5.00621e-09
4.85449e-09,4.91597e-09,4.57849e-09,3.80975e-09,2.70084e-09,1.39767e-09,9.97312e-10,2.21905e-09,3.44888e-09,4.37447e-09,4.91329e-09
4.73451e-09,4.79429e-09,4.46256e-09,3.70747e-09,2.61922e-09,1.34669e-09,9.96227e-10,2.1977e-09,3.40151e-09,4.30248e-09,4.8237e-09
4.61753e-09,4.67422e-09,4.34856e-09,3.60568e-09,2.53877e-09,1.29623e-09,9.90783e-10,2.17817e-09,3.35527e-09,4.23167e-09,4.73422e-09
4.50501e-09,4.55928e-09,4.23916e-09,3.50894e-09,2.46229e-09,1.24908e-09,9.88219e-10,2.16027e-09,3.30894e-09,4.16113e-09,4.64382e-09
4.39447e-09,4.44686e-09,4.13227e-09,3.4147e-09,2.38768e-09,1.20513e-09,9.91652e-10,2.14265e-09,3.26129e-09,4.0924e-09,4.5588e-09
4.28787e-09,4.33704e-09,4.02818e-09,3.32313e-09,2.31549e-09,1.16188e-09,9.90872e-10,2.12454e-09,3.22006e-09,4.02531e-09,4.46774e-09
4.18457e-09,4.23203e-09,3.92872e-09,3.23491e-09,2.24699e-09,1.12217e-09,9.91543e-10,2.10677e-09,3.17581e-09,3.95713e-09,4.38833e-09
4.08304e-09,4.12895e-09,3.8303e-09,3.14886e-09,2.17943e-09,1.08208e-09,9.876e-10,2.09062e-09,3.13061e-09,3.89228e-09,4.30695e-09
3.98543e-09,4.02892e-09,3.73539e-09,3.06525e-09,2.11503e-09,1.04658e-09,9.91694e-10,2.073e-09,3.0888e-09,3.82712e-09,4.2243e-09
3.89024e-09,3.93146e-09,3.64297e-09,2.98446e-09,2.05263e-09,1.01393e-09,9.93481e-10,2.05359e-09,3.04417e-09,3.76475e-09,4.14583e-09
3.79755e-09,3.83704e-09,3.55384e-09,2.90658e-09,1.99183e-09,9.81964e-10,9.97505e-10,2.03314e-09,3.0012e-09,3.69945e-09,4.06538e-09
3.70719e-09,3.74455e-09,3.46648e-09,2.82993e-09,1.93421e-09,9.52408e-10,9.96291e-10,2.01515e-09,2.95947e-09,3.6362e-09,3.99076e-09
3.619e-09,3.65478e-09,3.38127e-09,2.75602e-09,1.8777e-09,9.2444e-10,9.97606e-10,1.99802e-09,2.91774e-09,3.57858e-09,3.91538e-09
3.53286e-09,3.56748e-09,3.29793e-09,2.6843e-09,1.82317e-09,8.98781e-10,9.98306e-10,1.97629e-09,2.87618e-09,3.52036e-09,3.83869e-09
3.44969e-09,3.48192e-09,3.21874e-09,2.61445e-09,1.77087e-09,8.72846e-10,1.00161e-09,1.96022e-09,2.83553e-09,3.45811e-09,3.77522e-09
3.36819e-09,3.39888e-09,3.13983e-09,2.5468e-09,1.71896e-09,8.50142e-10,1.0024e-09,1.94111e-09,2.79551e-09,3.40014e-09,3.6987e-09
3.28852e-09,3.31654e-09,3.06326e-09,2.48121e-09,1.67048e-09,8.30031e-10,1.00325e-09,1.92026e-09,2.75599e-09,3.34529e-09,3.62944e-09
3.21054e-09,3.23831e-09,2.988e-09,2.41626e-09,1.62255e-09,8.09265e-10,1.00578e-09,1.91287e-09,2.71797e-09,3.29016e-09,3.56081e-09
3.13412e-09,3.16084e-09,2.91582e-09,2.35398e-09,1.57693e-09,7.90161e-10,1.00562e-09,1.88686e-09,2.68107e-09,3.23694e-09,3.49282e-09
3.05994e-09,3.08531e-09,2.8446e-09,2.29375e-09,1.5324e-09,7.75743e-10,1.00825e-09,1.86414e-09,2.64055e-09,3.18094e-09,3.42985e-09
2.98724e-09,3.01141e-09,2.77539e-09,2.23388e-09,1.48729e-09,7.59289e-10,1.00949e-09,1.85112e-09,2.60511e-09,3.1252e-09,3.36522e-09
2.9162e-09,2.93948e-09,2.70675e-09,2.1761e-09,1.44662e-09,7.47995e-10,1.0106e-09,1.8402e-09,2.56788e-09,3.07662e-09,3.29702e-09
2.84619e-09,2.86832e-09,2.64141e-09,2.12041e-09,1.40597e-09,7.32728e-10,1.00936e-09,1.8124e-09,2.5296e-09,3.02582e-09,3.24061e-09
2.77794e-09,2.79899e-09,2.57627e-09,2.06428e-09,1.36778e-09,7.25379e-10,1.01412e-09,1.79677e-09,2.50069e-09,2.97343e-09,3.18317e-09
2.71104e-09,2.73109e-09,2.5134e-09,2.01056e-09,1.32888e-09,7.07758e-10,1.00826e-09,1.77659e-09,2.459e-09,2.93065e-09,3.12574e-09
2.64546e-09,2.66512e-09,2.45089e-09,1.95983e-09,1.29037e-09,6.99493e-10,1.01092e-09,1.76312e-09,2.42423e-09,2.87648e-09,3.06555e-09
2.58121e-09,2.59995e-09,2.39067e-09,1.9079e-09,1.25556e-09,6.90199e-10,1.01111e-09,1.74442e-09,2.39211e-09,2.83498e-09,3.00641e-09
2.51963e-09,2.53675e-09,2.33102e-09,1.85862e-09,1.2208e-09,6.81136e-10,1.00914e-09,1.7303e-09,2.35867e-09,2.78747e-09,2.95314e-09
2.4564e-09,2.4737e-09,2.27428e-09,1.81018e-09,1.18863e-09,6.69142e-10,1.01237e-09,1.70596e-09,2.32839e-09,2.74462e-09,2.90774e-09
2.39594e-09,2.41212e-09,2.21542e-09,1.76151e-09,1.15374e-09,6.68995e-10,1.01015e-09,1.69707e-09,2.29306e-09,2.70073e-09,2.84198e-09
2.33594e-09,2.3517e-09,2.16039e-09,1.7149e-09,1.1203e-09,6.57811e-10,1.00842e-09,1.67162e-09,2.26007e-09,2.65215e-09,2.79475e-09
2.27722e-09,2.29316e-09,2.1047e-09,1.66956e-09,1.09032e-09,6.5422e-10,1.0104e-09,1.66957e-09,2.23201e-09,2.61093e-09,2.74528e-09
2.21998e-09,2.23519e-09,2.05211e-09,1.62475e-09,1.06006e-09,6.45475e-10,1.00038e-09,1.63651e-09,2.19858e-09,2.56848e-09,2.69632e-09
2.16363e-09,2.17869e-09,1.99912e-09,1.58119e-09,1.03261e-09,6.47496e-10,1.00748e-09,1.62442e-09,2.17873e-09,2.53308e-09,2.65417e-09
2.10768e-09,2.12237e-09,1.9471e-09,1.53713e-09,1.00233e-09,6.4622e-10,1.00695e-09,1.61486e-09,2.13936e-09,2.49176e-09,2.60791e-09
2.05312e-09,2.06794e-09,1.89634e-09,1.49645e-09,9.7247e-10,6.40376e-10,1.01062e-09,1.59457e-09,2.11193e-09,2.44616e-09,2.56325e-09
1.99896e-09,2.0143e-09,1.84676e-09,1.45584e-09,9.4736e-10,6.3786e-10,1.00441e-09,1.5883e-09,2.08237e-09,2.41303e-09,2.51603e-09
1.94655e-09,1.96109e-09,1.79798e-09,1.4153e-09,9.21779e-10,6.332e-10,1.00599e-09,1.56227e-09,2.05248e-09,2.37463e-09,2.46855e-09
1.89477e-09,1.90942e-09,1.75009e-09,1.37608e-09,8.97775e-10,6.27986e-10,1.00229e-09,1.5521e-09,2.03393e-09,2.34386e-09,2.42698e-09
1.84352e-09,1.85841e-09,1.70286e-09,1.33784e-09,8.71009e-10,6.29943e-10,9.99425e-10,1.54391e-09,1.99712e-09,2.30136e-09,2.39209e-09
1.79384e-09,1.80868e-09,1.65635e-09,1.29999e-09,8.44591e-10,6.27017e-10,1.00056e-09,1.52968e-09,1.97389e-09,2.2592e-09,2.34583e-09
1.74429e-09,1.75939e-09,1.61161e-09,1.2635e-09,8.22751e-10,6.24895e-10,9.99079e-10,1.50935e-09,1.94811e-09,2.231e-09,2.30527e-09
1.69559e-09,1.71127e-09,1.56699e-09,1.22666e-09,8.00435e-10,6.24517e-10,9.96444e-10,1.49553e-09,1.92287e-09,2.19958e-09,2.26583e-09
1.64819e-09,1.66388e-09,1.52347e-09,1.19102e-09,7.81563e-10,6.18812e-10,9.92514e-10,1.47518e-09,1.90481e-09,2.16675e-09,2.23157e-09
1.60145e-09,1.61758e-09,1.4806e-09,1.15498e-09,7.57696e-10,6.19308e-10,9.82999e-10,1.47006e-09,1.87368e-09,2.13292e-09,2.19074e-09
1.55623e-09,1.57237e-09,1.44049e-09,1.12303e-09,7.34515e-10,6.22962e-10,9.90469e-10,1.45386e-09,1.84262e-09,2.08341e-09,2.16315e-09
1.51112e-09,1.52763e-09,1.39575e-09,1.08979e-09,7.15866e-10,6.22375e-10,9.86948e-10,1.43386e-09,1.81234e-09,2.06249e-09,2.12492e-09
1.46696e-09,1.48345e-09,1.3565e-09,1.05646e-09,6.97799e-10,6.18881e-10,9.78198e-10,1.42218e-09,1.79173e-09,2.03325e-09,2.08921e-09
1.42391e-09,1.44054e-09,1.31776e-09,1.02494e-09,6.80156e-10,6.1814e-10,9.78284e-10,1.4038e-09,1.77711e-09,2.00875e-09,2.05789e-09
1.38099e-09,1.3986e-09,1.27871e-09,9.94046e-10,6.59184e-10,6.11769e-10,9.76234e-10,1.40062e-09,1.75726e-09,1.98062e-09,2.01503e-09
1.33897e-09,1.35705e-09,1.24104e-09,9.63622e-10,6.3692e-10,6.0936e-10,9.75307e-10,1.3932e-09,1.73403e-09,1.94533e-09,1.98578e-09
1.29831e-09,1.31706e-09,1.20409e-09,9.34031e-10,6.22925e-10,6.12914e-10,9.70725e-10,1.37588e-09,1.71217e-09,1.92062e-09,1.95089e-09
1.25878e-09,1.27763e-09,1.16761e-09,9.0461e-10,6.07592e-10,6.15351e-10,9.63081e-10,1.36473e-09,1.68928e-09,1.89361e-09,1.92225e-09
1.21998e-09,1.23911e-09,1.13203e-09,8.77154e-10,5.91713e-10,6.107e-10,9.5552e-10,1.34995e-09,1.66404e-09,1.86539e-09,1.88627e-09
1.18159e-09,1.20113e-09,1.09715e-09,8.4933e-10,5.79935e-10,6.12426e-10,9.5545e-10,1.33807e-09,1.64201e-09,1.83701e-09,1.86116e-09
1.1442e-09,1.16429e-09,1.06299e-09,8.19675e-10,5.58436e-10,6.12318e-10,9.53371e-10,1.32948e-09,1.62242e-09,1.80478e-09,1.83156e-09
1.1083e-09,1.12836e-09,1.03039e-09,7.96565e-10,5.50287e-10,6.12479e-10,9.48242e-10,1.31e-09,1.60154e-09,1.78342e-09,1.80584e-09
1.07302e-09,1.09269e-09,9.98952e-10,7.70641e-10,5.37073e-10,6.15774e-10,9.41321e-10,1.28828e-09,1.58022e-09,1.75748e-09,1.76661e-09
1.03813e-09,1.05983e-09,9.67217e-10,7.4692e-10,5.23951e-10,6.11859e-10,9.38238e-10,1.27917e-09,1.5645e-09,1.73396e-09,1.75283e-09
1.00392e-09,1.02563e-09,9.35675e-10,7.2279e-10,5.13549e-10,6.09458e-10,9.32864e-10,1.27376e-09,1.54021e-09,1.70747e-09,1.72426e-09
9.71139e-10,9.94283e-10,9.05747e-10,6.99938e-10,4.98076e-10,6.0878e-10,9.29886e-10,1.27025e-09,1.51977e-09,1.67775e-09,1.69907e-09
9.3879e-10,9.6239e-10,8.76996e-10,6.77061e-10,4.90341e-10,6.04586e-10,9.26604e-10,1.24697e-09,1.50095e-09,1.6702e-09,1.67021e-09
9.08249e-10,9.32206e-10,8.48779e-10,6.53341e-10,4.79013e-10,6.10193e-10,9.19633e-10,1.24232e-09,1.4834e-09,1.63687e-09,1.64341e-09
8.78153e-10,9.00523e-10,8.21901e-10,6.33882e-10,4.70269e-10,6.06275e-10,9.20021e-10,1.22423e-09,1.46127e-09,1.61061e-09,1.61517e-09
8.49152e-10,8.72427e-10,7.93999e-10,6.13002e-10,4.61764e-10,6.15044e-10,9.18558e-10,1.21774e-09,1.44474e-09,1.58888e-09,1.60313e-09
8.20821e-10,8.44527e-10,7.6864e-10,5.91124e-10,4.49963e-10,6.09115e-10,9.0617e-10,1.20637e-09,1.42575e-09,1.55903e-09,1.5691e-09
7.93429e-10,8.17558e-10,7.44096e-10,5.74046e-10,4.45008e-10,5.99573e-10,8.98417e-10,1.19404e-09,1.40934e-09,1.54288e-09,1.54263e-09
7.66692e-10,7.91462e-10,7.19138e-10,5.56798e-10,4.4059e-10,6.06723e-10,9.01937e-10,1.17222e-09,1.39156e-09,1.51698e-09,1.52623e-09
7.41586e-10,7.65763e-10,6.9619e-10,5.39735e-10,4.35937e-10,6.01363e-10,8.90891e-10,1.17158e-09,1.37237e-09,1.49359e-09,1.49956e-09
7.17067e-10,7.40813e-10,6.73164e-10,5.23335e-10,4.24503e-10,6.05966e-10,8.86217e-10,1.15032e-09,1.35273e-09,1.48109e-09,1.4799e-09
6.92567e-10,7.1616e-10,6.52018e-10,5.05917e-10,4.16316e-10,6.05836e-10,8.89252e-10,1.14979e-09,1.34291e-09,1.44982e-09,1.44913e-09
