6.64937e-06,6.52381e-06,6.32669e-06,6.08046e-06,5.78135e-06,5.43793e-06,5.08348e-06,4.71122e-06,4.33612e-06,3.96064e-06,3.58825e-06
6.17465e-06,6.05608e-06,5.86724e-06,5.62847e-06,5.34237e-06,5.01245e-06,4.67489e-06,4.31955e-06,3.96283e-06,3.60766e-06,3.25651e-06
5.74559e-06,5.63308e-06,5.4521e-06,5.22616e-06,4.94896e-06,4.63487e-06,4.30983e-06,3.97259e-06,3.63249e-06,3.29575e-06,2.96424e-06
5.337e-06,5.2324e-06,5.05972e-06,4.83781e-06,4.57436e-06,4.27531e-06,3.96476e-06,3.64312e-06,3.32103e-06,3.00148e-06,2.69002e-06
4.99352e-06,4.89455e-06,4.72935e-06,4.51562e-06,4.26333e-06,3.97802e-06,3.68016e-06,3.37294e-06,3.0658e-06,2.76187e-06,2.46745e-06
4.69643e-06,4.60319e-06,4.44378e-06,4.23798e-06,3.99474e-06,3.72424e-06,3.43653e-06,3.1423e-06,2.84887e-06,2.55963e-06,2.27985e-06
4.40546e-06,4.31506e-06,4.16415e-06,3.96666e-06,3.73581e-06,3.47514e-06,3.20063e-06,2.91964e-06,2.63897e-06,2.36347e-06,2.09955e-06
4.15189e-06,4.06471e-06,3.92073e-06,3.73105e-06,3.51008e-06,3.26063e-06,2.99686e-06,2.72783e-06,2.45922e-06,2.19659e-06,1.94629e-06
3.92014e-06,3.8358e-06,3.69864e-06,3.51651e-06,3.30474e-06,3.06595e-06,2.81239e-06,2.55466e-06,2.29758e-06,2.04692e-06,1.80935e-06
3.70918e-06,3.62742e-06,3.49679e-06,3.32193e-06,3.1187e-06,2.89e-06,2.64607e-06,2.39873e-06,2.15263e-06,1.91315e-06,1.68725e-06
3.51226e-06,3.43329e-06,3.30898e-06,3.1409e-06,2.94574e-06,2.72663e-06,2.49199e-06,2.25502e-06,2.01958e-06,1.79056e-06,1.57588e-06
3.33339e-06,3.2571e-06,3.1389e-06,2.97743e-06,2.78925e-06,2.57918e-06,2.35372e-06,2.12576e-06,1.90054e-06,1.68116e-06,1.4766e-06
3.16382e-06,3.09037e-06,2.97755e-06,2.82221e-06,2.64174e-06,2.44007e-06,2.22314e-06,2.00453e-06,1.78887e-06,1.57937e-06,1.38456e-06
3.00859e-06,2.93809e-06,2.8304e-06,2.68089e-06,2.50727e-06,2.31334e-06,2.10497e-06,1.89465e-06,1.68812e-06,1.48762e-06,1.30186e-06
2.86338e-06,2.79541e-06,2.69253e-06,2.54873e-06,2.38177e-06,2.19517e-06,1.99498e-06,1.79268e-06,1.59469e-06,1.40301e-06,1.22578e-06
2.7309e-06,2.6658e-06,2.56691e-06,2.42832e-06,2.2681e-06,2.08816e-06,1.89548e-06,1.70069e-06,1.51063e-06,1.32692e-06,1.15766e-06
2.60671e-06,2.54426e-06,2.44981e-06,2.31613e-06,2.16079e-06,1.98785e-06,1.80266e-06,1.61485e-06,1.43239e-06,1.25668e-06,1.09478e-06
2.4872e-06,2.42696e-06,2.33528e-06,2.20722e-06,2.05814e-06,1.89099e-06,1.71305e-06,1.53265e-06,1.35726e-06,1.18926e-06,1.03469e-06
2.37855e-06,2.32058e-06,2.23178e-06,2.1086e-06,1.96504e-06,1.80368e-06,1.63234e-06,1.45862e-06,1.28992e-06,1.12896e-06,9.81036e-07
2.27782e-06,2.2222e-06,2.13595e-06,2.01731e-06,1.87877e-06,1.72315e-06,1.55776e-06,1.39037e-06,1.22784e-06,1.07356e-06,9.31913e-07
2.18176e-06,2.12819e-06,2.0445e-06,1.93025e-06,1.79645e-06,1.64594e-06,1.4867e-06,1.32548e-06,1.16916e-06,1.02108e-06,8.85459e-07
2.09372e-06,2.04298e-06,1.96155e-06,1.851e-06,1.72128e-06,1.57574e-06,1.42219e-06,1.26661e-06,1.11618e-06,9.73688e-07,8.43741e-07
2.00926e-06,1.95993e-06,1.88123e-06,1.77436e-06,1.64921e-06,1.50832e-06,1.35995e-06,1.21004e-06,1.06517e-06,9.28159e-07,8.03554e-07
1.93264e-06,1.88488e-06,1.8082e-06,1.70507e-06,1.58349e-06,1.44719e-06,1.30339e-06,1.15898e-06,1.01883e-06,8.87217e-07,7.6754e-07
1.85777e-06,1.81218e-06,1.73767e-06,1.63785e-06,1.52033e-06,1.38841e-06,1.24952e-06,1.10951e-06,9.7473e-07,8.48017e-07,7.33139e-07
1.78496e-06,1.74005e-06,1.66785e-06,1.57129e-06,1.45732e-06,1.32963e-06,1.19574e-06,1.06081e-06,9.30748e-07,8.08914e-07,6.98676e-07
1.72259e-06,1.67909e-06,1.6083e-06,1.51532e-06,1.40418e-06,1.28002e-06,1.15032e-06,1.0199e-06,8.94229e-07,7.76383e-07,6.70246e-07
1.65942e-06,1.61683e-06,1.54892e-06,1.45791e-06,1.35051e-06,1.23036e-06,1.10494e-06,9.78375e-07,8.56824e-07,7.43463e-07,6.41386e-07
1.60083e-06,1.56007e-06,1.49329e-06,1.40544e-06,1.30082e-06,1.18415e-06,1.06239e-06,9.40263e-07,8.22939e-07,7.13401e-07,6.15029e-07
1.54784e-06,1.50769e-06,1.44279e-06,1.35731e-06,1.25547e-06,1.14204e-06,1.02405e-06,9.0565e-07,7.91746e-07,6.86098e-07,5.91183e-07
1.49337e-06,1.45482e-06,1.39159e-06,1.30867e-06,1.20977e-06,1.0997e-06,9.85219e-07,8.70633e-07,7.60817e-07,6.58632e-07,5.67276e-07
1.44252e-06,1.40467e-06,1.34359e-06,1.26266e-06,1.16663e-06,1.05977e-06,9.48913e-07,8.37752e-07,7.31424e-07,6.32895e-07,5.4489e-07
1.39521e-06,1.35833e-06,1.29888e-06,1.22014e-06,1.12672e-06,1.02287e-06,9.15235e-07,8.07477e-07,7.04509e-07,6.09263e-07,5.24386e-07
1.35028e-06,1.31432e-06,1.25642e-06,1.17979e-06,1.08887e-06,9.87916e-07,8.83368e-07,7.78872e-07,6.79108e-07,5.86984e-07,5.05115e-07
1.3083e-06,1.27305e-06,1.21681e-06,1.14206e-06,1.05364e-06,9.55432e-07,8.53896e-07,7.52337e-07,6.55542e-07,5.66312e-07,4.87341e-07
1.26675e-06,1.23253e-06,1.1776e-06,1.10485e-06,1.01873e-06,9.23267e-07,8.24452e-07,7.26005e-07,6.32357e-07,5.4605e-07,4.69827e-07
1.22736e-06,1.19398e-06,1.14042e-06,1.06959e-06,9.85705e-07,8.92883e-07,7.96877e-07,7.01441e-07,6.10515e-07,5.27004e-07,4.53465e-07
1.18988e-06,1.1573e-06,1.10509e-06,1.03607e-06,9.54385e-07,8.64096e-07,7.70723e-07,6.78088e-07,5.89881e-07,5.09009e-07,4.38058e-07
1.15412e-06,1.12235e-06,1.07141e-06,1.00413e-06,9.24566e-07,8.36691e-07,7.45865e-07,6.55917e-07,5.70321e-07,4.9183e-07,4.23438e-07
1.12017e-06,1.08906e-06,1.0394e-06,9.73782e-07,8.96293e-07,8.10671e-07,7.22351e-07,6.34966e-07,5.51828e-07,4.75893e-07,4.0978e-07
1.08631e-06,1.05599e-06,1.00761e-06,9.43639e-07,8.68178e-07,7.84973e-07,6.98979e-07,6.14182e-07,5.33571e-07,4.60016e-07,3.96234e-07
1.05435e-06,1.02473e-06,9.77572e-07,9.152e-07,8.41661e-07,7.60686e-07,6.7702e-07,5.94628e-07,5.16382e-07,4.45111e-07,3.83557e-07
1.02375e-06,9.94832e-07,9.48814e-07,8.88019e-07,8.16387e-07,7.37558e-07,6.56089e-07,5.76041e-07,5.00029e-07,4.30984e-07,3.71543e-07
9.93639e-07,9.65375e-07,9.20554e-07,8.61264e-07,7.91476e-07,7.14742e-07,6.35501e-07,5.57699e-07,4.83983e-07,4.17051e-07,3.59678e-07
9.65724e-07,9.38116e-07,8.944e-07,8.36513e-07,7.68512e-07,6.93805e-07,6.16545e-07,5.40907e-07,4.69291e-07,4.04316e-07,3.48964e-07
9.3655e-07,9.09552e-07,8.67029e-07,8.1064e-07,7.44408e-07,6.71674e-07,5.96631e-07,5.23135e-07,4.5373e-07,3.90895e-07,3.3741e-07
9.09871e-07,8.83588e-07,8.42112e-07,7.87097e-07,7.22599e-07,6.51785e-07,5.78709e-07,5.07233e-07,4.39833e-07,3.78958e-07,3.27306e-07
8.82568e-07,8.56752e-07,8.16512e-07,7.62892e-07,6.99917e-07,6.31015e-07,5.60068e-07,4.90598e-07,4.25258e-07,3.66298e-07,3.16401e-07
8.56366e-07,8.31199e-07,7.91954e-07,7.39714e-07,6.78523e-07,6.1144e-07,5.42272e-07,4.74794e-07,4.11515e-07,3.54433e-07,3.06238e-07
8.31078e-07,8.06411e-07,7.6823e-07,7.17302e-07,6.57698e-07,5.924e-07,5.25113e-07,4.59503e-07,3.98151e-07,3.42881e-07,2.96385e-07
8.05646e-07,7.81687e-07,7.4457e-07,6.94901e-07,6.36929e-07,5.73391e-07,5.07946e-07,4.4424e-07,3.84829e-07,3.31387e-07,2.86433e-07
7.81086e-07,7.57531e-07,7.21349e-07,6.73099e-07,6.16645e-07,5.54828e-07,4.91256e-07,4.29355e-07,3.71789e-07,3.20053e-07,2.76768e-07
7.57384e-07,7.34229e-07,6.99118e-07,6.52152e-07,5.97151e-07,5.37013e-07,4.75142e-07,4.15014e-07,3.59096e-07,3.09193e-07,2.67275e-07
7.3272e-07,7.10143e-07,6.76351e-07,6.30399e-07,5.76728e-07,5.18281e-07,4.58481e-07,4.00162e-07,3.46239e-07,2.97947e-07,2.57592e-07
7.08793e-07,6.86879e-07,6.53853e-07,6.09174e-07,5.57354e-07,5.00492e-07,4.42251e-07,3.85757e-07,3.33612e-07,2.87048e-07,2.48155e-07
6.85966e-07,6.64609e-07,6.32568e-07,5.88991e-07,5.38667e-07,4.83289e-07,4.26749e-07,3.71915e-07,3.21467e-07,2.76476e-07,2.38936e-07
6.63016e-07,6.42128e-07,6.11031e-07,5.68597e-07,5.19746e-07,4.66019e-07,4.11101e-07,3.57937e-07,3.09267e-07,2.65844e-07,2.29793e-07
6.40046e-07,6.19663e-07,5.89521e-07,5.48326e-07,5.00828e-07,4.48682e-07,3.95432e-07,3.4402e-07,2.96964e-07,2.55218e-07,2.2043e-07
6.17693e-07,5.97775e-07,5.68545e-07,5.28478e-07,4.8246e-07,4.31786e-07,3.8021e-07,3.30423e-07,2.85023e-07,2.44822e-07,2.11344e-07
5.96794e-07,5.76871e-07,5.48965e-07,5.09808e-07,4.64692e-07,4.15359e-07,3.65605e-07,3.17312e-07,2.73524e-07,2.34704e-07,2.02449e-07
5.75544e-07,5.56291e-07,5.28418e-07,4.90802e-07,4.47534e-07,3.99689e-07,3.51168e-07,3.04403e-07,2.62009e-07,2.24697e-07,1.93704e-07
5.53271e-07,5.34794e-07,5.08154e-07,4.71343e-07,4.2939e-07,3.83053e-07,3.36171e-07,2.91089e-07,2.50362e-07,2.14568e-07,1.8481e-07
5.32432e-07,5.14439e-07,4.88666e-07,4.52864e-07,4.12247e-07,3.67307e-07,3.21954e-07,2.78401e-07,2.39164e-07,2.04778e-07,1.76203e-07
5.12412e-07,4.94974e-07,4.69938e-07,4.35123e-07,3.95762e-07,3.52185e-07,3.0829e-07,2.66219e-07,2.28435e-07,1.95351e-07,1.67877e-07
4.9242e-07,4.75367e-07,4.51166e-07,4.17368e-07,3.79268e-07,3.37023e-07,2.94594e-07,2.53966e-07,2.17572e-07,1.85859e-07,1.59541e-07
4.77714e-07,4.61234e-07,4.37478e-07,4.04724e-07,3.67461e-07,3.26314e-07,2.85353e-07,2.4604e-07,2.107e-07,1.80185e-07,1.547e-07
4.55353e-07,4.3889e-07,4.1632e-07,3.84191e-07,3.48656e-07,3.0871e-07,2.68865e-07,2.31026e-07,1.97292e-07,1.6802e-07,1.43773e-07
4.36501e-07,4.20804e-07,3.98752e-07,3.6776e-07,3.33156e-07,2.94718e-07,2.56385e-07,2.19862e-07,1.8739e-07,1.59348e-07,1.36139e-07
4.19571e-07,4.04362e-07,3.82812e-07,3.52843e-07,3.19261e-07,2.82149e-07,2.44877e-07,2.09514e-07,1.78157e-07,1.51132e-07,1.28922e-07
4.02084e-07,3.873e-07,3.66578e-07,3.37283e-07,3.04851e-07,2.68776e-07,2.32998e-07,1.99008e-07,1.68936e-07,1.43113e-07,1.21791e-07
3.85985e-07,3.71619e-07,3.51357e-07,3.23011e-07,2.91668e-07,2.56566e-07,2.2203e-07,1.89233e-07,1.60295e-07,1.35501e-07,1.15063e-07
3.71137e-07,3.56988e-07,3.37748e-07,3.09856e-07,2.78876e-07,2.45116e-07,2.1199e-07,1.80151e-07,1.52327e-07,1.28459e-07,1.08756e-07
3.55369e-07,3.41923e-07,3.22973e-07,2.96271e-07,2.66469e-07,2.33867e-07,2.01614e-07,1.71107e-07,1.44184e-07,1.21345e-07,1.0256e-07
3.40769e-07,3.27681e-07,3.0913e-07,2.83197e-07,2.5459e-07,2.22931e-07,1.91789e-07,1.6243e-07,1.36643e-07,1.1472e-07,9.67297e-08
3.27195e-07,3.14509e-07,2.96444e-07,2.71271e-07,2.43524e-07,2.12882e-07,1.82792e-07,1.54484e-07,1.29651e-07,1.08585e-07,9.1321e-08
3.14602e-07,3.02563e-07,2.85178e-07,2.60489e-07,2.33448e-07,2.03848e-07,1.74806e-07,1.47317e-07,1.23292e-07,1.03042e-07,8.63826e-08
3.02114e-07,2.90201e-07,2.73039e-07,2.49314e-07,2.23184e-07,1.94476e-07,1.66371e-07,1.40041e-07,1.1699e-07,9.75057e-08,8.15792e-08
2.90578e-07,2.79035e-07,2.62292e-07,2.3926e-07,2.13887e-07,1.86102e-07,1.58932e-07,1.33534e-07,1.11314e-07,9.25606e-08,7.72412e-08
2.7971e-07,2.68524e-07,2.52181e-07,2.29819e-07,2.05172e-07,1.78276e-07,1.52004e-07,1.27499e-07,1.06071e-07,8.80081e-08,7.32751e-08
2.69443e-07,2.58603e-07,2.42647e-07,2.20936e-07,1.96988e-07,1.70954e-07,1.45547e-07,1.21903e-07,1.01233e-07,8.38283e-08,6.96432e-08
2.5993e-07,2.49439e-07,2.33836e-07,2.12772e-07,1.89453e-07,1.64239e-07,1.39642e-07,1.16804e-07,9.68449e-08,8.00528e-08,6.63827e-08
2.50835e-07,2.40707e-07,2.25476e-07,2.04945e-07,1.82346e-07,1.57906e-07,1.34091e-07,1.12056e-07,9.27784e-08,7.65839e-08,6.33947e-08
2.42201e-07,2.32316e-07,2.17435e-07,1.97552e-07,1.7554e-07,1.51913e-07,1.28902e-07,1.07625e-07,8.90235e-08,7.33981e-08,6.06847e-08
2.34384e-07,2.24816e-07,2.10284e-07,1.90964e-07,1.69438e-07,1.46616e-07,1.24259e-07,1.0372e-07,8.56976e-08,7.06024e-08,5.83218e-08
2.2678e-07,2.17466e-07,2.03264e-07,1.84486e-07,1.63627e-07,1.41456e-07,1.19859e-07,9.99834e-08,8.25947e-08,6.80032e-08,5.61323e-08
2.19622e-07,2.1057e-07,1.96733e-07,1.78421e-07,1.58164e-07,1.36669e-07,1.15774e-07,9.65513e-08,7.97401e-08,6.56371e-08,5.41629e-08
2.12645e-07,2.03846e-07,1.90287e-07,1.72578e-07,1.52859e-07,1.32055e-07,1.11837e-07,9.32687e-08,7.70281e-08,6.34088e-08,5.23687e-08
2.0618e-07,1.97619e-07,1.84382e-07,1.67174e-07,1.47992e-07,1.27829e-07,1.08246e-07,9.02847e-08,7.4577e-08,6.14078e-08,5.07006e-08
2.00158e-07,1.91836e-07,1.78901e-07,1.62185e-07,1.43492e-07,1.23935e-07,1.04945e-07,8.75472e-08,7.23365e-08,5.95871e-08,4.92225e-08
1.94227e-07,1.86108e-07,1.73496e-07,1.57233e-07,1.39069e-07,1.2011e-07,1.01717e-07,8.48806e-08,7.01644e-08,5.78315e-08,4.7801e-08
1.88615e-07,1.80703e-07,1.684e-07,1.52585e-07,1.34914e-07,1.16522e-07,9.86922e-08,8.23823e-08,6.81308e-08,5.61929e-08,4.64791e-08
1.83282e-07,1.75561e-07,1.63552e-07,1.48179e-07,1.30975e-07,1.13125e-07,9.58337e-08,8.00229e-08,6.62132e-08,5.46486e-08,4.52404e-08
1.78084e-07,1.70566e-07,1.58859e-07,1.4391e-07,1.27168e-07,1.0984e-07,9.30619e-08,7.77337e-08,6.43533e-08,5.31528e-08,4.40338e-08
1.73044e-07,1.65718e-07,1.54311e-07,1.39746e-07,1.23485e-07,1.06656e-07,9.03784e-08,7.55196e-08,6.25539e-08,5.17063e-08,4.28659e-08
1.68185e-07,1.61022e-07,1.49901e-07,1.35746e-07,1.19918e-07,1.03583e-07,8.77946e-08,7.33821e-08,6.08169e-08,5.0308e-08,4.17396e-08
1.63513e-07,1.56523e-07,1.45686e-07,1.31911e-07,1.16515e-07,1.00646e-07,8.53194e-08,7.13355e-08,5.91531e-08,4.89675e-08,4.06585e-08
1.58975e-07,1.52155e-07,1.41595e-07,1.28194e-07,1.13219e-07,9.77981e-08,8.29194e-08,6.93492e-08,5.75374e-08,4.7666e-08,3.96074e-08
1.54588e-07,1.47929e-07,1.37638e-07,1.24597e-07,1.10031e-07,9.50478e-08,8.06006e-08,6.74325e-08,5.59777e-08,4.64075e-08,3.8593e-08
1.50338e-07,1.43839e-07,1.33814e-07,1.21122e-07,1.06955e-07,9.2391e-08,7.83616e-08,6.55792e-08,5.44677e-08,4.51906e-08,3.76081e-08
1.46242e-07,1.39898e-07,1.30128e-07,1.17776e-07,1.03992e-07,8.98343e-08,7.62029e-08,6.37941e-08,5.30149e-08,4.40169e-08,3.66604e-08
1.42239e-07,1.3605e-07,1.26532e-07,1.14513e-07,1.01103e-07,8.73394e-08,7.40991e-08,6.20531e-08,5.15942e-08,4.28704e-08,3.57314e-08
1.38374e-07,1.32336e-07,1.23061e-07,1.11364e-07,9.83157e-08,8.49337e-08,7.20683e-08,6.03736e-08,5.02256e-08,4.17626e-08,3.48343e-08
1.3464e-07,1.2875e-07,1.19713e-07,1.08331e-07,9.56319e-08,8.26133e-08,7.01104e-08,5.87509e-08,4.89015e-08,4.06912e-08,3.39646e-08
1.30992e-07,1.25245e-07,1.1644e-07,1.05358e-07,9.30031e-08,8.035e-08,6.81971e-08,5.71664e-08,4.76124e-08,3.96477e-08,3.3122e-08
1.27433e-07,1.21827e-07,1.13252e-07,1.02469e-07,9.0446e-08,7.8139e-08,6.63335e-08,5.56239e-08,4.63496e-08,3.86253e-08,3.22883e-08
1.24016e-07,1.18545e-07,1.10189e-07,9.96947e-08,8.79884e-08,7.60189e-08,6.45427e-08,5.41396e-08,4.51386e-08,3.76428e-08,3.14873e-08
1.20696e-07,1.15357e-07,1.07205e-07,9.69741e-08,8.55898e-08,7.39599e-08,6.28138e-08,5.27185e-08,4.39866e-08,3.6713e-08,3.07384e-08
1.17481e-07,1.12272e-07,1.04326e-07,9.43643e-08,8.32806e-08,7.19694e-08,6.11329e-08,5.13281e-08,4.2849e-08,3.57885e-08,2.99853e-08
1.14338e-07,1.09259e-07,1.01515e-07,9.18264e-08,8.10343e-08,7.00294e-08,5.94929e-08,4.99649e-08,4.17389e-08,3.48838e-08,2.9249e-08
1.11261e-07,1.06306e-07,9.87759e-08,8.93519e-08,7.88416e-08,6.81266e-08,5.78762e-08,4.86122e-08,4.06186e-08,3.39658e-08,2.84924e-08
1.08272e-07,1.03437e-07,9.61002e-08,8.69324e-08,7.66984e-08,6.62763e-08,5.63122e-08,4.73153e-08,3.95557e-08,3.30981e-08,2.77824e-08
1.05414e-07,1.00684e-07,9.35435e-08,8.46222e-08,7.46603e-08,6.45123e-08,5.48232e-08,4.60765e-08,3.85344e-08,3.22639e-08,2.71007e-08
1.02587e-07,9.79853e-08,9.1019e-08,8.23267e-08,7.26264e-08,6.27669e-08,5.33438e-08,4.485e-08,3.75336e-08,3.14441e-08,2.6427e-08
9.98779e-08,9.53981e-08,8.86206e-08,8.01438e-08,7.07055e-08,6.11038e-08,5.19345e-08,4.36788e-08,3.65663e-08,3.06543e-08,2.57746e-08
9.72047e-08,9.28381e-08,8.62367e-08,7.79815e-08,6.87957e-08,5.94529e-08,5.05393e-08,4.25157e-08,3.56138e-08,2.98723e-08,2.51367e-08
9.46128e-08,9.03374e-08,8.38929e-08,7.58815e-08,6.69196e-08,5.784e-08,4.9175e-08,4.13851e-08,3.46857e-08,2.91073e-08,2.45069e-08
9.21237e-08,8.79346e-08,8.16645e-08,7.38683e-08,6.51457e-08,5.63078e-08,4.78802e-08,4.03037e-08,3.37877e-08,2.83689e-08,2.38993e-08
8.96555e-08,8.55878e-08,7.9474e-08,7.18731e-08,6.33757e-08,5.47794e-08,4.65882e-08,3.9232e-08,3.29095e-08,2.76447e-08,2.33022e-08
8.72414e-08,8.32688e-08,7.73076e-08,6.9911e-08,6.16418e-08,5.32841e-08,4.53247e-08,3.81788e-08,3.20426e-08,2.69299e-08,2.27093e-08
8.49512e-08,8.10736e-08,7.52624e-08,6.80581e-08,5.99998e-08,5.18678e-08,4.41253e-08,3.71821e-08,3.12169e-08,2.62464e-08,2.21407e-08
8.26852e-08,7.89029e-08,7.32368e-08,6.62263e-08,5.83815e-08,5.04681e-08,4.2941e-08,3.61901e-08,3.04009e-08,2.5572e-08,2.15828e-08
8.05633e-08,7.68577e-08,7.13331e-08,6.45535e-08,5.68783e-08,4.91665e-08,4.18263e-08,3.52545e-08,2.96204e-08,2.49183e-08,2.10446e-08
7.83433e-08,7.47488e-08,6.93581e-08,6.27286e-08,5.52662e-08,4.77803e-08,4.06572e-08,3.42892e-08,2.88258e-08,2.42617e-08,2.05001e-08
7.62497e-08,7.27237e-08,6.74832e-08,6.09953e-08,5.37631e-08,4.64861e-08,3.95707e-08,3.33737e-08,2.80655e-08,2.36333e-08,1.99716e-08
7.42113e-08,7.07652e-08,6.56566e-08,5.93438e-08,5.23034e-08,4.52251e-08,3.84998e-08,3.24798e-08,2.73235e-08,2.30162e-08,1.94559e-08
7.22223e-08,6.88665e-08,6.38905e-08,5.77571e-08,5.08822e-08,4.39965e-08,3.746e-08,3.16129e-08,2.66019e-08,2.24136e-08,1.89535e-08
7.02717e-08,6.6997e-08,6.21435e-08,5.61737e-08,4.94877e-08,4.2792e-08,3.64384e-08,3.07578e-08,2.58934e-08,2.18234e-08,1.84605e-08
6.83957e-08,6.52008e-08,6.04709e-08,5.46872e-08,4.81606e-08,4.16392e-08,3.54583e-08,2.99366e-08,2.52108e-08,2.12484e-08,1.79801e-08
6.65335e-08,6.34085e-08,5.87988e-08,5.3143e-08,4.68057e-08,4.04795e-08,3.44782e-08,2.91183e-08,2.45259e-08,2.06806e-08,1.75023e-08
6.47704e-08,6.17172e-08,5.72211e-08,5.17114e-08,4.55415e-08,3.93879e-08,3.35525e-08,2.83415e-08,2.38777e-08,2.0138e-08,1.70476e-08
6.30303e-08,6.00491e-08,5.56683e-08,5.03039e-08,4.42985e-08,3.83173e-08,3.26427e-08,2.7578e-08,2.32394e-08,1.96023e-08,1.65983e-08
6.13112e-08,5.83991e-08,5.41267e-08,4.89068e-08,4.30614e-08,3.72481e-08,3.17386e-08,2.68235e-08,2.26095e-08,1.90746e-08,1.61539e-08
5.96722e-08,5.6826e-08,5.26597e-08,4.75759e-08,4.18837e-08,3.6233e-08,3.08792e-08,2.61017e-08,2.20063e-08,1.85684e-08,1.57266e-08
5.81155e-08,5.53282e-08,5.12333e-08,4.62432e-08,4.07209e-08,3.52578e-08,3.00824e-08,2.54623e-08,2.14974e-08,1.81537e-08,1.53884e-08
5.64744e-08,5.37581e-08,4.97977e-08,4.4982e-08,3.95906e-08,3.42561e-08,2.92041e-08,2.4697e-08,2.08309e-08,1.75801e-08,1.48936e-08
5.49661e-08,5.23105e-08,4.84469e-08,4.37561e-08,3.85097e-08,3.33212e-08,2.84119e-08,2.40319e-08,2.02732e-08,1.71113e-08,1.44975e-08
5.34739e-08,5.08752e-08,4.71063e-08,4.2551e-08,3.74364e-08,3.23941e-08,2.76267e-08,2.33718e-08,1.97219e-08,1.6647e-08,1.4105e-08
5.20128e-08,4.94776e-08,4.5804e-08,4.13569e-08,3.63932e-08,3.1498e-08,2.68683e-08,2.27361e-08,1.91886e-08,1.61982e-08,1.37264e-08
5.06048e-08,4.8127e-08,4.45475e-08,4.02194e-08,3.53818e-08,3.06279e-08,2.61307e-08,2.21209e-08,1.867e-08,1.57605e-08,1.33526e-08
4.92384e-08,4.6815e-08,4.3314e-08,3.90943e-08,3.44013e-08,2.97936e-08,2.54186e-08,2.15172e-08,1.81662e-08,1.5337e-08,1.29954e-08
4.78907e-08,4.55221e-08,4.21117e-08,3.80107e-08,3.34409e-08,2.89562e-08,2.47142e-08,2.09293e-08,1.76719e-08,1.49215e-08,1.26436e-08
4.65899e-08,4.42762e-08,4.09488e-08,3.69513e-08,3.25078e-08,2.81527e-08,2.40368e-08,2.03612e-08,1.7196e-08,1.45199e-08,1.23013e-08
4.53034e-08,4.30425e-08,3.97979e-08,3.59084e-08,3.15868e-08,2.73614e-08,2.33682e-08,1.98006e-08,1.67258e-08,1.4124e-08,1.1966e-08
4.40852e-08,4.18746e-08,3.87082e-08,3.4918e-08,3.07159e-08,2.661e-08,2.2734e-08,1.92693e-08,1.62791e-08,1.37472e-08,1.16464e-08
4.28976e-08,4.07335e-08,3.76444e-08,3.39522e-08,2.98642e-08,2.58799e-08,2.21165e-08,1.87515e-08,1.58453e-08,1.33827e-08,1.13343e-08
4.17495e-08,3.96319e-08,3.6616e-08,3.30183e-08,2.90432e-08,2.51739e-08,2.15186e-08,1.82537e-08,1.54273e-08,1.30284e-08,1.1034e-08
4.0627e-08,3.85547e-08,3.56108e-08,3.21052e-08,2.82397e-08,2.44839e-08,2.09389e-08,1.77658e-08,1.50171e-08,1.26842e-08,1.07439e-08
3.94916e-08,3.74678e-08,3.45975e-08,3.11879e-08,2.7433e-08,2.37912e-08,2.0355e-08,1.7277e-08,1.46082e-08,1.23409e-08,1.04518e-08
3.84335e-08,3.64534e-08,3.36467e-08,3.03213e-08,2.66775e-08,2.31521e-08,1.98104e-08,1.68186e-08,1.42255e-08,1.20186e-08,1.0178e-08
3.73787e-08,3.54438e-08,3.27098e-08,2.9474e-08,2.59288e-08,2.25001e-08,1.92679e-08,1.63673e-08,1.38472e-08,1.17008e-08,9.90896e-09
3.63805e-08,3.44875e-08,3.18168e-08,2.86643e-08,2.52178e-08,2.18903e-08,1.87545e-08,1.59391e-08,1.34888e-08,1.14001e-08,9.6529e-09
3.54166e-08,3.35639e-08,3.09562e-08,2.78832e-08,2.4533e-08,2.13017e-08,1.82597e-08,1.55263e-08,1.31435e-08,1.11097e-08,9.40704e-09
3.4478e-08,3.26642e-08,3.01165e-08,2.71221e-08,2.38653e-08,2.07311e-08,1.77813e-08,1.51265e-08,1.28076e-08,1.08292e-08,9.16931e-09
3.35649e-08,3.17894e-08,2.93025e-08,2.63828e-08,2.32178e-08,2.01763e-08,1.7314e-08,1.47377e-08,1.24839e-08,1.05561e-08,8.93905e-09
3.26658e-08,3.09316e-08,2.85017e-08,2.56569e-08,2.2583e-08,1.96327e-08,1.68576e-08,1.43576e-08,1.21674e-08,1.02916e-08,8.71444e-09
3.17951e-08,3.00977e-08,2.77258e-08,2.49548e-08,2.19676e-08,1.91063e-08,1.64163e-08,1.399e-08,1.18606e-08,1.00353e-08,8.4985e-09
3.09865e-08,2.93237e-08,2.70053e-08,2.43011e-08,2.13949e-08,1.86161e-08,1.60073e-08,1.36478e-08,1.15764e-08,9.79795e-09,8.2994e-09
3.01681e-08,2.85422e-08,2.62784e-08,2.36421e-08,2.0821e-08,1.81247e-08,1.5593e-08,1.33046e-08,1.12907e-08,9.55887e-09,8.09677e-09
2.93611e-08,2.77711e-08,2.55622e-08,2.29938e-08,2.02544e-08,1.76408e-08,1.51877e-08,1.29677e-08,1.1011e-08,9.32659e-09,7.90169e-09
2.86165e-08,2.70603e-08,2.49005e-08,2.23951e-08,1.97316e-08,1.71935e-08,1.48131e-08,1.26559e-08,1.07525e-08,9.11177e-09,7.72019e-09
2.78916e-08,2.6366e-08,2.42566e-08,2.18126e-08,1.92224e-08,1.67583e-08,1.44508e-08,1.23547e-08,1.05022e-08,8.90251e-09,7.54626e-09
2.71676e-08,2.56766e-08,2.36152e-08,2.12315e-08,1.87163e-08,1.63265e-08,1.40887e-08,1.20557e-08,1.02539e-08,8.69538e-09,7.37192e-09
2.64616e-08,2.50027e-08,2.29902e-08,2.06675e-08,1.82244e-08,1.5906e-08,1.3737e-08,1.17647e-08,1.00126e-08,8.49609e-09,7.20459e-09
2.58091e-08,2.43803e-08,2.24121e-08,2.0146e-08,1.77691e-08,1.5518e-08,1.34118e-08,1.14946e-08,9.78936e-09,8.31073e-09,7.0469e-09
2.51499e-08,2.37529e-08,2.18301e-08,1.96204e-08,1.73114e-08,1.51277e-08,1.30848e-08,1.12251e-08,9.56522e-09,8.1255e-09,6.89197e-09
2.45093e-08,2.31425e-08,2.12653e-08,1.9111e-08,1.68681e-08,1.47485e-08,1.27688e-08,1.09623e-08,9.34857e-09,7.94582e-09,6.74441e-09
2.39223e-08,2.25828e-08,2.07472e-08,1.86431e-08,1.64613e-08,1.44004e-08,1.24784e-08,1.07207e-08,9.1499e-09,7.7813e-09,6.60769e-09
2.33148e-08,2.20056e-08,2.0213e-08,1.81624e-08,1.60423e-08,1.40436e-08,1.21792e-08,1.04739e-08,8.94476e-09,7.61154e-09,6.46574e-09
2.27431e-08,2.14619e-08,1.97103e-08,1.77099e-08,1.56485e-08,1.37072e-08,1.18977e-08,1.02406e-08,8.75202e-09,7.45204e-09,6.33278e-09
2.21986e-08,2.09448e-08,1.9233e-08,1.72796e-08,1.52737e-08,1.33877e-08,1.16303e-08,1.00183e-08,8.56833e-09,7.29956e-09,6.20583e-09
2.16676e-08,2.04405e-08,1.8766e-08,1.68621e-08,1.49092e-08,1.30761e-08,1.13688e-08,9.80177e-09,8.38982e-09,7.15158e-09,6.08278e-09
2.11434e-08,1.99421e-08,1.83073e-08,1.64493e-08,1.45508e-08,1.27687e-08,1.11115e-08,9.58851e-09,8.21346e-09,7.00638e-09,5.96044e-09
2.06276e-08,1.9453e-08,1.78568e-08,1.60448e-08,1.41986e-08,1.24681e-08,1.08588e-08,9.37863e-09,8.03931e-09,6.86271e-09,5.84104e-09
2.0131e-08,1.89817e-08,1.74228e-08,1.56557e-08,1.38596e-08,1.21781e-08,1.06156e-08,9.17611e-09,7.87225e-09,6.72327e-09,5.72587e-09
1.96532e-08,1.85291e-08,1.70062e-08,1.52819e-08,1.3534e-08,1.18998e-08,1.03814e-08,8.98167e-09,7.71035e-09,6.58961e-09,5.61356e-09
1.91987e-08,1.8098e-08,1.66093e-08,1.49267e-08,1.3225e-08,1.16346e-08,1.01576e-08,8.79522e-09,7.5558e-09,6.46133e-09,5.50606e-09
1.87454e-08,1.76687e-08,1.62153e-08,1.45737e-08,1.29177e-08,1.13707e-08,9.93595e-09,8.60984e-09,7.40252e-09,6.33413e-09,5.39971e-09
1.83002e-08,1.72476e-08,1.58289e-08,1.42277e-08,1.26154e-08,1.11121e-08,9.71764e-09,8.42721e-09,7.25085e-09,6.20753e-09,5.29451e-09
1.78725e-08,1.68425e-08,1.54578e-08,1.38957e-08,1.23263e-08,1.08637e-08,9.50778e-09,8.25098e-09,7.10451e-09,6.08597e-09,5.19311e-09
1.74553e-08,1.64484e-08,1.50952e-08,1.35726e-08,1.20436e-08,1.06213e-08,9.30226e-09,8.07984e-09,6.96138e-09,5.96678e-09,5.09288e-09
1.7045e-08,1.60599e-08,1.47397e-08,1.32548e-08,1.17664e-08,1.03823e-08,9.09989e-09,7.91006e-09,6.82023e-09,5.84885e-09,4.99417e-09
1.66533e-08,1.56897e-08,1.44001e-08,1.2952e-08,1.15017e-08,1.01547e-08,8.90677e-09,7.74756e-09,6.68427e-09,5.73573e-09,4.89863e-09
1.62668e-08,1.53246e-08,1.40654e-08,1.26531e-08,1.12405e-08,9.92999e-09,8.71496e-09,7.58671e-09,6.54981e-09,5.62302e-09,4.80333e-09
1.58901e-08,1.4969e-08,1.37395e-08,1.23625e-08,1.09861e-08,9.71069e-09,8.52893e-09,7.42954e-09,6.41854e-09,5.51264e-09,4.71205e-09
1.55269e-08,1.46256e-08,1.34247e-08,1.20815e-08,1.07398e-08,9.49882e-09,8.3486e-09,7.27798e-09,6.29019e-09,5.40524e-09,4.62051e-09
1.51676e-08,1.42861e-08,1.31139e-08,1.18043e-08,1.0497e-08,9.28921e-09,8.16988e-09,7.12674e-09,6.16366e-09,5.29839e-09,4.53073e-09
1.48104e-08,1.39489e-08,1.28051e-08,1.15289e-08,1.02559e-08,9.081e-09,7.99205e-09,6.97656e-09,6.03773e-09,5.19285e-09,4.44115e-09
1.44677e-08,1.36255e-08,1.25094e-08,1.12647e-08,1.00246e-08,8.88107e-09,7.82116e-09,6.83117e-09,5.91579e-09,5.09021e-09,4.35466e-09
1.41339e-08,1.33102e-08,1.2221e-08,1.10071e-08,9.79887e-09,8.68588e-09,7.65378e-09,6.6897e-09,5.79646e-09,4.98994e-09,4.26917e-09
1.38107e-08,1.30051e-08,1.19418e-08,1.07575e-08,9.57999e-09,8.4966e-09,7.49177e-09,6.55158e-09,5.68031e-09,4.89141e-09,4.18607e-09
1.3488e-08,1.27006e-08,1.16623e-08,1.05085e-08,9.36104e-09,8.30714e-09,7.32964e-09,6.41441e-09,5.56401e-09,4.7932e-09,4.10261e-09
1.31801e-08,1.24098e-08,1.13955e-08,1.02699e-08,9.15159e-09,8.12602e-09,7.17432e-09,6.28217e-09,5.45215e-09,4.69871e-09,4.02177e-09
1.28696e-08,1.21168e-08,1.11274e-08,1.00304e-08,8.94128e-09,7.9438e-09,7.01808e-09,6.14922e-09,5.3396e-09,4.60308e-09,3.94092e-09
1.25748e-08,1.18386e-08,1.08721e-08,9.80253e-09,8.74097e-09,7.76997e-09,6.86885e-09,6.02195e-09,5.23187e-09,4.51133e-09,3.86355e-09
1.22818e-08,1.15619e-08,1.06187e-08,9.5757e-09,8.54179e-09,7.59742e-09,6.72052e-09,5.89553e-09,5.12432e-09,4.42031e-09,3.78485e-09
1.20013e-08,1.1297e-08,1.03757e-08,9.35843e-09,8.35057e-09,7.43144e-09,6.57788e-09,5.77346e-09,5.02065e-09,4.33196e-09,3.7103e-09
1.17213e-08,1.10328e-08,1.01336e-08,9.14175e-09,8.16018e-09,7.26614e-09,6.43545e-09,5.65195e-09,4.91706e-09,4.24396e-09,3.63425e-09
1.14492e-08,1.07759e-08,9.89768e-09,8.93065e-09,7.97436e-09,7.10492e-09,6.29651e-09,5.53315e-09,4.8159e-09,4.15787e-09,3.56043e-09
1.11857e-08,1.05273e-08,9.66992e-09,8.7261e-09,7.79521e-09,6.94878e-09,6.162e-09,5.41748e-09,4.71747e-09,4.07341e-09,3.4886e-09
1.09213e-08,1.02774e-08,9.44041e-09,8.5212e-09,7.61413e-09,6.79183e-09,6.02665e-09,5.30193e-09,4.61859e-09,3.98914e-09,3.41673e-09
1.06669e-08,1.00372e-08,9.21996e-09,8.32373e-09,7.44028e-09,6.64064e-09,5.89615e-09,5.18991e-09,4.52286e-09,3.90726e-09,3.34561e-09
1.04199e-08,9.80405e-09,9.00577e-09,8.13197e-09,7.27106e-09,6.49363e-09,5.76898e-09,5.08088e-09,4.42944e-09,3.82714e-09,3.27706e-09
1.01748e-08,9.57238e-09,8.79318e-09,7.94121e-09,7.10336e-09,6.34752e-09,5.64291e-09,4.97241e-09,4.33667e-09,3.74765e-09,3.20892e-09
9.93994e-09,9.35073e-09,8.58968e-09,7.75844e-09,6.94303e-09,6.20722e-09,5.52167e-09,4.86786e-09,4.24695e-09,3.67059e-09,3.14363e-09
9.70367e-09,9.12741e-09,8.3845e-09,7.5747e-09,6.78039e-09,6.06624e-09,5.3996e-09,4.76302e-09,4.1568e-09,3.59354e-09,3.0768e-09
9.4774e-09,8.91366e-09,8.188e-09,7.39854e-09,6.62504e-09,5.93077e-09,5.28233e-09,4.66194e-09,4.06998e-09,3.5189e-09,3.01195e-09
9.25298e-09,8.70166e-09,7.99334e-09,7.22376e-09,6.47056e-09,5.7967e-09,5.1661e-09,4.56173e-09,3.98369e-09,3.44499e-09,2.9472e-09
9.03477e-09,8.49546e-09,7.80374e-09,7.05345e-09,6.32085e-09,5.66568e-09,5.05265e-09,4.46381e-09,3.89954e-09,3.37219e-09,2.88789e-09
8.82253e-09,8.29503e-09,7.61975e-09,6.8876e-09,6.17497e-09,5.5381e-09,4.94222e-09,4.36832e-09,3.81711e-09,3.30128e-09,2.82402e-09
8.61319e-09,8.09714e-09,7.43747e-09,6.72446e-09,6.03074e-09,5.4126e-09,4.83307e-09,4.27418e-09,3.73563e-09,3.23094e-09,2.76394e-09
8.40815e-09,7.90334e-09,7.25922e-09,6.56428e-09,5.88943e-09,5.28932e-09,4.72606e-09,4.18153e-09,3.65597e-09,3.16231e-09,2.70498e-09
8.20965e-09,7.71566e-09,7.0866e-09,6.40926e-09,5.752e-09,5.16999e-09,4.62228e-09,4.09166e-09,3.57826e-09,3.09525e-09,2.6459e-09
8.01282e-09,7.52963e-09,6.91533e-09,6.25508e-09,5.6167e-09,5.05121e-09,4.51923e-09,4.00253e-09,3.50138e-09,3.02858e-09,2.58878e-09
7.82208e-09,7.34947e-09,6.74993e-09,6.10546e-09,5.48517e-09,4.93591e-09,4.4194e-09,3.91591e-09,3.4261e-09,2.96438e-09,2.53258e-09
7.6357e-09,7.17312e-09,6.58719e-09,5.95981e-09,5.35608e-09,4.82365e-09,4.32136e-09,3.83099e-09,3.35231e-09,2.89998e-09,2.47658e-09
7.45204e-09,6.99945e-09,6.42738e-09,5.81599e-09,5.22931e-09,4.71275e-09,4.22493e-09,3.74735e-09,3.28001e-09,2.83753e-09,2.42302e-09
7.27336e-09,6.83002e-09,6.27056e-09,5.67594e-09,5.10402e-09,4.60439e-09,4.13064e-09,3.66575e-09,3.2094e-09,2.77619e-09,2.37039e-09
7.09876e-09,6.66542e-09,6.11981e-09,5.53907e-09,4.98478e-09,4.49912e-09,4.03901e-09,3.58584e-09,3.14011e-09,2.71578e-09,2.31845e-09
6.92749e-09,6.50315e-09,5.96994e-09,5.40421e-09,4.86468e-09,4.39456e-09,3.94858e-09,3.50748e-09,3.07188e-09,2.65643e-09,2.26907e-09
6.76081e-09,6.34577e-09,5.82546e-09,5.27376e-09,4.75081e-09,4.29437e-09,3.86063e-09,3.43072e-09,3.00501e-09,2.59913e-09,2.21864e-09
6.59711e-09,6.19035e-09,5.68132e-09,5.14562e-09,4.63412e-09,4.19505e-09,3.77397e-09,3.35576e-09,2.93993e-09,2.54376e-09,2.16808e-09
6.43768e-09,6.04023e-09,5.54399e-09,5.02006e-09,4.52703e-09,4.09845e-09,3.68987e-09,3.28211e-09,2.87561e-09,2.48759e-09,2.1193e-09
6.28185e-09,5.89279e-09,5.40808e-09,4.89737e-09,4.41856e-09,4.00377e-09,3.60736e-09,3.21024e-09,2.81342e-09,2.43211e-09,2.07199e-09
6.13005e-09,5.7495e-09,5.27687e-09,4.77728e-09,4.31356e-09,3.91096e-09,3.52721e-09,3.1402e-09,2.75169e-09,2.37974e-09,2.02841e-09
5.98098e-09,5.60816e-09,5.14583e-09,4.66065e-09,4.20965e-09,3.82091e-09,3.44794e-09,3.07127e-09,2.69179e-09,2.32753e-09,1.98254e-09
5.8358e-09,5.47083e-09,5.01949e-09,4.54688e-09,4.10731e-09,3.73299e-09,3.37101e-09,3.00409e-09,2.6333e-09,2.27677e-09,1.93725e-09
5.69432e-09,5.33691e-09,4.89587e-09,4.43489e-09,4.01044e-09,3.64656e-09,3.29582e-09,2.93876e-09,2.57555e-09,2.22617e-09,1.89423e-09
5.55597e-09,5.20611e-09,4.77525e-09,4.32587e-09,3.91428e-09,3.56231e-09,3.22232e-09,2.87456e-09,2.52065e-09,2.17818e-09,1.85116e-09
5.42129e-09,5.0791e-09,4.65927e-09,4.21881e-09,3.82106e-09,3.47949e-09,3.15103e-09,2.8118e-09,2.465e-09,2.13098e-09,1.81078e-09
5.28934e-09,4.95383e-09,4.54271e-09,4.11562e-09,3.72872e-09,3.39975e-09,3.08053e-09,2.75062e-09,2.41156e-09,2.08488e-09,1.77327e-09
5.16106e-09,4.83246e-09,4.43118e-09,4.01515e-09,3.6375e-09,3.32212e-09,3.01241e-09,2.69094e-09,2.35928e-09,2.03903e-09,1.73312e-09
5.03577e-09,4.71398e-09,4.32178e-09,3.91583e-09,3.55282e-09,3.24537e-09,2.94555e-09,2.6327e-09,2.30837e-09,1.9952e-09,1.69213e-09
4.91401e-09,4.59889e-09,4.21535e-09,3.81939e-09,3.46745e-09,3.17093e-09,2.88068e-09,2.57613e-09,2.25971e-09,1.95145e-09,1.65561e-09
4.7954e-09,4.48692e-09,4.11394e-09,3.7247e-09,3.38507e-09,3.0976e-09,2.81781e-09,2.52044e-09,2.20934e-09,1.91041e-09,1.61876e-09
4.67962e-09,4.377e-09,4.01097e-09,3.63423e-09,3.30425e-09,3.02792e-09,2.75573e-09,2.46694e-09,2.16322e-09,1.86846e-09,1.58059e-09
4.56625e-09,4.26989e-09,3.9121e-09,3.54461e-09,3.22502e-09,2.9585e-09,2.69518e-09,2.41402e-09,2.1163e-09,1.82858e-09,1.54871e-09
4.45706e-09,4.16694e-09,3.81737e-09,3.45745e-09,3.15463e-09,2.89284e-09,2.63707e-09,2.36257e-09,2.07171e-09,1.78965e-09,1.51499e-09
4.34983e-09,4.06506e-09,3.72343e-09,3.37349e-09,3.07414e-09,2.82621e-09,2.57965e-09,2.31267e-09,2.02851e-09,1.75154e-09,1.48238e-09
4.24631e-09,3.96786e-09,3.63558e-09,3.29008e-09,3.00262e-09,2.76159e-09,2.52478e-09,2.26425e-09,1.98494e-09,1.71483e-09,1.45014e-09
4.14452e-09,3.87088e-09,3.54451e-09,3.21102e-09,2.93084e-09,2.70055e-09,2.46988e-09,2.21663e-09,1.94403e-09,1.67936e-09,1.41733e-09
4.04681e-09,3.77826e-09,3.45925e-09,3.13363e-09,2.86262e-09,2.64072e-09,2.4176e-09,2.17134e-09,1.90481e-09,1.64382e-09,1.38876e-09
3.95122e-09,3.68886e-09,3.37676e-09,3.05719e-09,2.80426e-09,2.58355e-09,2.36671e-09,2.12606e-09,1.86532e-09,1.60982e-09,1.35707e-09
3.85787e-09,3.59996e-09,3.29467e-09,2.98404e-09,2.73072e-09,2.52496e-09,2.31644e-09,2.08224e-09,1.82655e-09,1.57652e-09,1.33095e-09
3.76687e-09,3.51271e-09,3.21287e-09,2.91033e-09,2.66138e-09,2.46628e-09,2.26735e-09,2.03929e-09,1.78724e-09,1.54626e-09,1.30351e-09
3.67989e-09,3.43173e-09,3.14035e-09,2.84441e-09,2.60264e-09,2.41651e-09,2.22127e-09,1.99838e-09,1.7526e-09,1.51333e-09,1.27594e-09
3.59344e-09,3.34768e-09,3.05849e-09,2.77478e-09,2.5387e-09,2.36142e-09,2.17368e-09,1.9585e-09,1.71671e-09,1.48464e-09,1.25041e-09
3.51246e-09,3.27443e-09,2.99444e-09,2.70885e-09,2.49837e-09,2.31457e-09,2.13129e-09,1.92013e-09,1.68453e-09,1.45612e-09,1.2224e-09
3.43179e-09,3.19704e-09,2.92378e-09,2.64646e-09,2.43306e-09,2.26332e-09,2.08773e-09,1.88148e-09,1.65142e-09,1.42495e-09,1.19967e-09
3.35472e-09,3.12551e-09,2.8602e-09,2.58308e-09,2.38024e-09,2.21416e-09,2.04687e-09,1.84569e-09,1.61644e-09,1.39767e-09,1.17572e-09
3.27879e-09,3.05322e-09,2.79148e-09,2.52674e-09,2.32143e-09,2.1702e-09,2.0056e-09,1.80925e-09,1.58493e-09,1.36915e-09,1.15271e-09
3.2056e-09,2.98366e-09,2.72706e-09,2.46699e-09,2.27454e-09,2.12392e-09,1.96573e-09,1.77311e-09,1.55301e-09,1.34506e-09,1.1299e-09
3.13496e-09,2.91809e-09,2.66686e-09,2.40996e-09,2.23713e-09,2.08241e-09,1.92788e-09,1.74105e-09,1.52592e-09,1.31823e-09,1.10674e-09
3.06573e-09,2.85186e-09,2.6057e-09,2.3562e-09,2.17675e-09,2.03764e-09,1.89012e-09,1.70793e-09,1.49875e-09,1.29242e-09,1.08734e-09
3.00011e-09,2.79108e-09,2.55285e-09,2.30154e-09,2.13244e-09,1.99469e-09,1.85532e-09,1.67583e-09,1.46824e-09,1.26897e-09,1.06678e-09
2.93422e-09,2.72726e-09,2.49169e-09,2.25196e-09,2.08453e-09,1.95607e-09,1.81881e-09,1.6454e-09,1.44081e-09,1.24638e-09,1.04605e-09
2.8718e-09,2.66882e-09,2.43779e-09,2.20288e-09,2.03993e-09,1.91772e-09,1.78486e-09,1.61545e-09,1.41426e-09,1.22378e-09,1.02645e-09
2.81171e-09,2.61319e-09,2.3861e-09,2.1527e-09,2.01075e-09,1.88231e-09,1.75237e-09,1.58627e-09,1.38745e-09,1.20301e-09,1.0083e-09
2.75248e-09,2.55643e-09,2.33407e-09,2.10797e-09,1.95707e-09,1.84356e-09,1.71979e-09,1.55755e-09,1.36194e-09,1.18422e-09,9.90062e-10
2.697e-09,2.50599e-09,2.29247e-09,2.06283e-09,1.91954e-09,1.80719e-09,1.69029e-09,1.52966e-09,1.33542e-09,1.1592e-09,9.76722e-10
2.6406e-09,2.45158e-09,2.23863e-09,2.02069e-09,1.87918e-09,1.77423e-09,1.65855e-09,1.50453e-09,1.31256e-09,1.13634e-09,9.56839e-10
2.58683e-09,2.40155e-09,2.19201e-09,1.97812e-09,1.8414e-09,1.74072e-09,1.6289e-09,1.47664e-09,1.28755e-09,1.12006e-09,9.40659e-10
2.53545e-09,2.35321e-09,2.1487e-09,1.93518e-09,1.81902e-09,1.71082e-09,1.60086e-09,1.45328e-09,1.2692e-09,1.10057e-09,9.24207e-10
2.4844e-09,2.30413e-09,2.10238e-09,1.89582e-09,1.76867e-09,1.67632e-09,1.57217e-09,1.42751e-09,1.24681e-09,1.08194e-09,9.05856e-10
2.43713e-09,2.26209e-09,2.06769e-09,1.85758e-09,1.73071e-09,1.64554e-09,1.54742e-09,1.4014e-09,1.22159e-09,1.06346e-09,8.91278e-10
2.38828e-09,2.2137e-09,2.01931e-09,1.81988e-09,1.70107e-09,1.61563e-09,1.51883e-09,1.38104e-09,1.20446e-09,1.04907e-09,8.75899e-10
2.34226e-09,2.17059e-09,1.97961e-09,1.78354e-09,1.66859e-09,1.58744e-09,1.49323e-09,1.35645e-09,1.18459e-09,1.029e-09,8.61338e-10
2.2975e-09,2.12864e-09,1.94125e-09,1.7483e-09,1.63734e-09,1.55886e-09,1.46807e-09,1.33434e-09,1.16811e-09,1.01121e-09,8.47428e-10
2.25406e-09,2.08785e-09,1.90385e-09,1.71403e-09,1.60675e-09,1.53153e-09,1.44377e-09,1.31111e-09,1.14476e-09,9.94773e-10,8.33631e-10
2.21327e-09,2.05037e-09,1.87454e-09,1.6783e-09,1.57981e-09,1.50272e-09,1.42145e-09,1.291e-09,1.12711e-09,9.79721e-10,8.19912e-10
2.17087e-09,2.0098e-09,1.83225e-09,1.64849e-09,1.54805e-09,1.47876e-09,1.39655e-09,1.26993e-09,1.10825e-09,9.63876e-10,8.06838e-10
2.1298e-09,1.96727e-09,1.78607e-09,1.61661e-09,1.50652e-09,1.45068e-09,1.37175e-09,1.24855e-09,1.09082e-09,9.52177e-10,7.95645e-10
2.0927e-09,1.93655e-09,1.76512e-09,1.58701e-09,1.49299e-09,1.42918e-09,1.35208e-09,1.23032e-09,1.07185e-09,9.35234e-10,7.81474e-10
2.05429e-09,1.90053e-09,1.73224e-09,1.5569e-09,1.46581e-09,1.40465e-09,1.32996e-09,1.2101e-09,1.05541e-09,9.18771e-10,7.68996e-10
2.01898e-09,1.86929e-09,1.70802e-09,1.5252e-09,1.44277e-09,1.37839e-09,1.31077e-09,1.19074e-09,1.03831e-09,9.0421e-10,7.56961e-10
1.9821e-09,1.83425e-09,1.67064e-09,1.50138e-09,1.41712e-09,1.35831e-09,1.28858e-09,1.17537e-09,1.02419e-09,8.91034e-10,7.43547e-10
1.94712e-09,1.79884e-09,1.64011e-09,1.47259e-09,1.38981e-09,1.33584e-09,1.2683e-09,1.15296e-09,1.00805e-09,8.76947e-10,7.33543e-10
1.91252e-09,1.76795e-09,1.61061e-09,1.44558e-09,1.36542e-09,1.31386e-09,1.24817e-09,1.13534e-09,9.89511e-10,8.63318e-10,7.21981e-10
1.88e-09,1.7384e-09,1.58259e-09,1.42054e-09,1.34089e-09,1.29274e-09,1.22914e-09,1.11747e-09,9.71243e-10,8.47833e-10,7.07553e-10
1.8482e-09,1.70963e-09,1.56209e-09,1.3911e-09,1.32166e-09,1.26951e-09,1.21143e-09,1.10145e-09,9.56676e-10,8.35266e-10,6.9927e-10
1.81471e-09,1.67623e-09,1.52662e-09,1.36877e-09,1.29576e-09,1.25043e-09,1.19117e-09,1.08275e-09,9.45011e-10,8.21877e-10,6.89071e-10
1.78357e-09,1.64708e-09,1.49991e-09,1.34426e-09,1.27364e-09,1.23086e-09,1.17268e-09,1.06712e-09,9.27987e-10,8.08243e-10,6.78456e-10
1.75295e-09,1.61876e-09,1.47378e-09,1.32036e-09,1.25181e-09,1.2103e-09,1.15465e-09,1.04721e-09,9.12632e-10,7.96889e-10,6.67862e-10
1.72298e-09,1.58905e-09,1.4479e-09,1.29676e-09,1.23027e-09,1.19149e-09,1.13635e-09,1.03539e-09,8.99277e-10,7.85194e-10,6.57553e-10
1.69552e-09,1.56651e-09,1.43065e-09,1.27095e-09,1.21302e-09,1.16886e-09,1.12151e-09,1.01857e-09,8.89707e-10,7.74163e-10,6.47599e-10
