0.0179401,0.0177542,0.0174682,0.017364,0.0168331,0.0164504,0.0158347,0.0146861,0.0141271,0.0133241,0.0122518
0.0167409,0.0167001,0.0165707,0.0164025,0.0158082,0.0154454,0.014704,0.0137718,0.0132688,0.0125237,0.0114239
0.0157389,0.0156827,0.0153741,0.0153823,0.0146902,0.0144869,0.0137282,0.0130621,0.0123265,0.0116453,0.0107604
0.0146914,0.0146417,0.0144675,0.0144531,0.0138626,0.0135007,0.0128867,0.0121081,0.0114941,0.0108632,0.00990849
0.0138322,0.0137787,0.0136267,0.0136252,0.0130588,0.0127069,0.0121276,0.0113923,0.0107925,0.0101858,0.00927878
0.013021,0.0130521,0.0129999,0.0129403,0.0123249,0.0120046,0.0114539,0.010777,0.0102023,0.00958872,0.00878703
0.012298,0.0122433,0.0121345,0.0121241,0.0116225,0.0113042,0.0107926,0.0101377,0.0095618,0.00898555,0.00817429
0.0116101,0.0115735,0.011436,0.0114329,0.0109864,0.0107002,0.0101842,0.00960367,0.00901227,0.00843097,0.00766149
0.0109846,0.0109398,0.0108629,0.0108483,0.0103866,0.0101164,0.00966289,0.00906433,0.00852497,0.00795778,0.00725286
0.010421,0.0104584,0.0103334,0.0102317,0.00986581,0.0095741,0.00918476,0.00854275,0.00804468,0.00752384,0.0068828
0.00994087,0.00980581,0.00977883,0.00982084,0.00934234,0.00911033,0.00869132,0.00817317,0.00765542,0.00711812,0.00642496
0.00929908,0.00940731,0.00934461,0.00917556,0.00889401,0.00866431,0.00834421,0.00770432,0.00723413,0.00669498,0.00620002
0.00884599,0.0088855,0.00885314,0.00881374,0.00842137,0.00824477,0.00782277,0.00734285,0.00690566,0.0063184,0.00576522
0.0084611,0.00843286,0.00842639,0.00838666,0.00804199,0.0078013,0.00749125,0.00703776,0.00657704,0.00600497,0.00549365
0.00803663,0.00805788,0.00800834,0.00796511,0.00761519,0.00742135,0.00708355,0.00665069,0.0062106,0.00566667,0.00518388
0.00770283,0.0076519,0.00762372,0.00764073,0.00728324,0.00710779,0.00675422,0.00634379,0.00592272,0.00539761,0.00487659
0.00732988,0.00724596,0.00737516,0.00725267,0.00688319,0.00670876,0.0064398,0.00603249,0.00560962,0.00514418,0.00468908
0.00691869,0.00691082,0.00695377,0.00688852,0.00659868,0.00639018,0.00615134,0.00578542,0.00537521,0.00485897,0.00441507
0.00660146,0.00662673,0.00664295,0.00660658,0.00625313,0.00617098,0.00585508,0.00552071,0.00508363,0.0046442,0.00423695
0.00628526,0.00640174,0.00636569,0.0063425,0.00604781,0.00589197,0.00565315,0.00531138,0.00490634,0.00441208,0.00402836
0.00600995,0.00605027,0.00607831,0.0060365,0.00570298,0.00562958,0.00533531,0.0050465,0.00463589,0.00421369,0.0038334
0.00575954,0.00581301,0.00580317,0.00577463,0.00551022,0.00535404,0.00515708,0.00483955,0.00448566,0.00400161,0.00365632
0.00550907,0.005639,0.00554654,0.00550722,0.00523655,0.00520891,0.00487388,0.00458123,0.00420125,0.00380379,0.00351367
0.00525785,0.00531791,0.00533099,0.005257,0.00501234,0.00489229,0.00471007,0.00439536,0.00405337,0.00363688,0.00330551
0.00504288,0.00511206,0.00511127,0.00508245,0.00477005,0.00473695,0.00447713,0.00421973,0.00386238,0.00348295,0.00318753
0.00482315,0.00490315,0.00489282,0.00486598,0.00461208,0.0045079,0.00432153,0.00404429,0.00370819,0.00331077,0.00301216
0.00460382,0.00468687,0.00471663,0.00463403,0.00439172,0.00434226,0.00413653,0.00388966,0.0035393,0.00318868,0.00290183
0.00443858,0.00454112,0.00449619,0.00449489,0.00425207,0.00414411,0.00400057,0.00373725,0.00342236,0.00304597,0.00274805
0.00424325,0.00429152,0.00434461,0.00427955,0.0040266,0.00400595,0.00378372,0.00357809,0.00325432,0.00291174,0.00263293
0.00401592,0.00411071,0.00412118,0.00411125,0.00388572,0.00380599,0.0036695,0.00342055,0.003138,0.00280003,0.00250938
0.00384962,0.00397398,0.00400195,0.00394832,0.00372119,0.00368891,0.00348209,0.00330352,0.00299536,0.00268592,0.00243379
0.00369584,0.00384113,0.00385501,0.00379734,0.00356772,0.0035427,0.00337935,0.00317878,0.00287026,0.00255583,0.0023258
0.00354822,0.00370078,0.00368254,0.00365776,0.00344056,0.00340459,0.00323901,0.00305227,0.00275819,0.00245349,0.00222074
0.00341774,0.00353139,0.00354886,0.00350587,0.00330435,0.00327941,0.00310855,0.0029413,0.00264237,0.00235082,0.00213386
0.00324568,0.00345094,0.00340323,0.00340472,0.00318491,0.00315618,0.00300963,0.00282423,0.00256567,0.00228243,0.00204986
0.00313073,0.00329687,0.00330453,0.00325608,0.0030475,0.00304662,0.00290626,0.00271068,0.00243948,0.00219174,0.00195282
0.00303938,0.0031565,0.00316783,0.00316168,0.00292501,0.00294947,0.00280764,0.002625,0.00235307,0.00208805,0.00190539
0.00291499,0.00301849,0.0030575,0.00303252,0.00282364,0.00283615,0.00267791,0.00253678,0.0022621,0.00199165,0.0018181
0.00277647,0.00295196,0.00291574,0.00292659,0.00272469,0.00270772,0.0025616,0.00243022,0.002185,0.0019487,0.00173118
0.00264176,0.00281801,0.0028302,0.00280405,0.00262488,0.00260937,0.00246811,0.00234393,0.00209664,0.00185754,0.00169094
0.00255708,0.0027049,0.00271129,0.00269954,0.00251439,0.00254346,0.00239843,0.00224937,0.00201605,0.00178891,0.0016183
0.00247978,0.00261982,0.00262455,0.00260976,0.00242954,0.00243991,0.00227978,0.00217008,0.00195851,0.00172053,0.0015384
0.00235125,0.00253141,0.00253041,0.00251453,0.0023274,0.00235315,0.00226993,0.00209279,0.00186885,0.00165392,0.00150756
0.00228337,0.00241527,0.00244303,0.00242785,0.00226867,0.0022812,0.00215339,0.0020243,0.00180762,0.00161283,0.00144254
0.00212303,0.00229829,0.00235941,0.00235263,0.00215591,0.00221209,0.00210659,0.00197944,0.00171812,0.0015531,0.00139835
0.00213183,0.00225136,0.0022744,0.00225788,0.00209245,0.00212504,0.00201187,0.0018838,0.00166927,0.00150353,0.00133538
0.00202069,0.00218089,0.00218924,0.00217737,0.00201258,0.00204141,0.00198029,0.00183443,0.00161697,0.00144234,0.00128582
0.00197058,0.00209177,0.00211525,0.00212146,0.00193247,0.00198372,0.00185851,0.00176446,0.00157347,0.00140617,0.00123351
0.00192094,0.00205553,0.00204693,0.00203584,0.00191174,0.00191304,0.00180809,0.00169341,0.00151667,0.00135682,0.00118456
0.00184506,0.00196969,0.00199814,0.00197403,0.00184836,0.00185337,0.00175632,0.00165626,0.00147803,0.00131054,0.00115216
0.00179015,0.00189988,0.00190459,0.00189692,0.00177663,0.00178131,0.00170616,0.00157558,0.0014204,0.00126816,0.00110237
0.00173976,0.00185268,0.00184812,0.00185541,0.0017153,0.00173179,0.00162374,0.00153085,0.00136887,0.00121769,0.00106388
0.0016799,0.00178345,0.0017964,0.00178308,0.00166402,0.00167668,0.00159008,0.00147685,0.00130544,0.00119888,0.00103921
0.00161361,0.00171899,0.0017263,0.00171731,0.00160132,0.00162294,0.00151712,0.00143713,0.00128947,0.00114715,0.000986271
0.00155651,0.00165345,0.00166893,0.00166369,0.00154472,0.00156589,0.00148572,0.00139245,0.00124757,0.00111439,0.000963597
0.00149701,0.00160349,0.00161876,0.00161639,0.00149938,0.00152615,0.00145238,0.00135007,0.00119832,0.0010889,0.000935065
0.0014262,0.00153876,0.00156348,0.00156044,0.00145687,0.00147539,0.00139988,0.00130714,0.00116665,0.00104565,0.000897628
0.00141355,0.00150653,0.00151479,0.00150277,0.0014079,0.00142619,0.00135233,0.00126721,0.00112699,0.00101159,0.000862761
0.00136731,0.00145189,0.00146653,0.00146134,0.00136489,0.00138425,0.00130885,0.00122679,0.00109221,0.00098081,0.000841304
0.00132157,0.00140234,0.00142259,0.00141821,0.00132067,0.00134245,0.0012517,0.00117863,0.0010547,0.000951206,0.000808114
0.00127915,0.00134755,0.00138431,0.00139126,0.00126528,0.00130289,0.00123762,0.00115683,0.00102979,0.000924974,0.000794549
0.00124618,0.00132362,0.00134151,0.00132939,0.00124795,0.00126262,0.0011934,0.00112354,0.000997938,0.000890479,0.000757529
0.00120769,0.00127835,0.0012931,0.00128617,0.00120954,0.00122269,0.00115682,0.00108301,0.000966051,0.000868003,0.000738906
0.00116414,0.00123786,0.00125758,0.00125367,0.00117387,0.00119249,0.00112607,0.00105233,0.000933348,0.00084295,0.00071662
0.00113866,0.00119303,0.00121307,0.00120093,0.00114147,0.00115301,0.00108555,0.00101648,0.000909208,0.000820303,0.000696586
0.00109023,0.00115714,0.00117638,0.00117134,0.00109355,0.00111532,0.0010585,0.000985227,0.000892342,0.000792884,0.000668856
0.00107568,0.00113649,0.00114395,0.00113334,0.00108067,0.00108725,0.00101946,0.000961671,0.000843194,0.000766547,0.000649023
0.00103825,0.00109191,0.00110794,0.00110797,0.00104774,0.00105507,0.000997855,0.000926536,0.000826356,0.00074528,0.000633217
0.00100849,0.00106681,0.00107082,0.00107174,0.00103365,0.00102096,0.000973175,0.000893856,0.00080532,0.000728725,0.000615861
0.000980124,0.00102737,0.00104072,0.00103328,0.000995109,0.00099307,0.000938458,0.000875648,0.000785757,0.000704603,0.000596545
0.000959142,0.000990335,0.0010119,0.00100183,0.000955964,0.000956393,0.000911997,0.000849833,0.000770331,0.000683852,0.000573383
0.000926338,0.000964879,0.000986683,0.000985353,0.000934478,0.000935805,0.000875752,0.000827571,0.000752527,0.000662199,0.000558516
0.000903733,0.000942689,0.000954824,0.000938197,0.000909233,0.000910351,0.000864665,0.000801175,0.000718439,0.000645094,0.000541826
0.000876694,0.000913211,0.0009241,0.000920529,0.000893818,0.00088666,0.000837097,0.000780063,0.000698389,0.000624858,0.000522922
0.000849835,0.000885158,0.000900269,0.000890171,0.000866413,0.000857578,0.000815189,0.000758678,0.000680304,0.000608432,0.000512432
0.000820512,0.000859091,0.000874218,0.000868709,0.000843485,0.000834316,0.000795967,0.000732295,0.000658348,0.000589603,0.000495712
0.000809842,0.00083471,0.000844128,0.000842122,0.000819069,0.000809353,0.000767201,0.00071399,0.000643785,0.000571428,0.000478196
0.00078103,0.000813153,0.000821446,0.000811669,0.000799547,0.000786716,0.000745176,0.000695859,0.000626214,0.000557001,0.000467153
0.00076216,0.000784968,0.000801203,0.000797365,0.00078235,0.000763164,0.000727784,0.000675657,0.000610268,0.000541261,0.000452404
0.000739439,0.000763481,0.000777903,0.00077235,0.000758315,0.000741736,0.000707926,0.00065757,0.000592685,0.000522015,0.000437709
0.000722261,0.000744914,0.000756881,0.00074712,0.000739088,0.000720484,0.000686342,0.000644535,0.000578296,0.000506929,0.000422844
0.000698044,0.000718549,0.000734737,0.0007273,0.000722058,0.000703438,0.000673152,0.000620118,0.00055891,0.00049353,0.000413947
0.000680054,0.000701344,0.000712768,0.000705758,0.000703856,0.000686474,0.000650111,0.000604942,0.000543002,0.000477626,0.000399363
0.000662389,0.000680771,0.00069257,0.000690551,0.000679369,0.000663706,0.000634355,0.000585226,0.00052842,0.000465399,0.000387895
0.000641292,0.000660411,0.000676258,0.000665318,0.000664625,0.000649217,0.000615036,0.000573305,0.000515164,0.000452809,0.000377121
0.000623195,0.000640587,0.000657605,0.000652525,0.000648546,0.000626829,0.000601969,0.000556771,0.000501714,0.000440253,0.000370618
0.000608951,0.000619454,0.000639332,0.000632669,0.00062399,0.000614107,0.000583808,0.000538994,0.000484718,0.00042768,0.000354281
0.000589989,0.000609537,0.000618195,0.000613449,0.000614511,0.000591514,0.000567746,0.000524437,0.00047541,0.000415479,0.000346071
0.000568552,0.000586478,0.000598056,0.000590019,0.000598233,0.00058133,0.000551283,0.00050939,0.000461235,0.000401378,0.000334721
0.000557844,0.000579498,0.000583724,0.000582952,0.000589286,0.000558888,0.000538315,0.000498275,0.000452695,0.000394647,0.000328005
0.000534188,0.000555026,0.000568093,0.000565431,0.000568229,0.000549586,0.000520644,0.00048705,0.000433751,0.000384914,0.000318925
0.000522335,0.000539609,0.000553711,0.000551758,0.000552351,0.000530361,0.000510928,0.000469608,0.00042508,0.000367577,0.000306554
0.000506876,0.000524902,0.000537962,0.000533893,0.000537977,0.000519727,0.000494363,0.000460244,0.000413783,0.000359731,0.000299264
0.000497455,0.000510755,0.000523884,0.000521426,0.000525049,0.000503442,0.000483903,0.000447016,0.000402228,0.000348073,0.000290824
0.000483772,0.000491283,0.000508102,0.000504671,0.000511271,0.000493916,0.000470252,0.000432064,0.00038972,0.000340174,0.000281986
0.00047149,0.00047631,0.000495545,0.000489266,0.000498188,0.000477989,0.00045812,0.000422143,0.000382534,0.000328211,0.000272488
0.000453738,0.00046505,0.000481032,0.000475837,0.000487769,0.000466392,0.000445567,0.000408519,0.000371925,0.000322256,0.000265218
0.000443357,0.000453247,0.000468245,0.000468052,0.000470894,0.000452413,0.000434116,0.000399614,0.000362245,0.000310055,0.000256511
0.000430486,0.000445188,0.000454617,0.000452453,0.000458131,0.000443701,0.000421961,0.000387305,0.000350762,0.000301549,0.000251887
0.000418663,0.000435445,0.000442175,0.000440959,0.000447793,0.000427521,0.000410594,0.000378948,0.000343659,0.000293079,0.000243911
0.000407065,0.000418245,0.00043099,0.00042882,0.000435932,0.000420208,0.000398899,0.000368602,0.000332817,0.000285662,0.000236846
0.000399206,0.000405672,0.000420665,0.000419456,0.000424618,0.000404824,0.00038967,0.000359828,0.000327014,0.000279148,0.000230475
0.000380185,0.000393724,0.000409164,0.000404012,0.000412554,0.000402484,0.000377088,0.000349155,0.000314619,0.000271237,0.000225037
0.000374502,0.000386379,0.000398323,0.000394859,0.000402497,0.000382447,0.000368417,0.000342354,0.000309568,0.000263748,0.000218134
0.000364099,0.000375142,0.000387089,0.00038411,0.000393842,0.000378211,0.000359489,0.0003323,0.000298248,0.000256353,0.000213175
0.000357692,0.000361853,0.000377542,0.000375391,0.000384446,0.000367754,0.000350413,0.000322962,0.000292314,0.000249302,0.000205856
0.000345366,0.000352188,0.000369874,0.00036438,0.000372719,0.00035942,0.00034206,0.000315076,0.000284143,0.0002429,0.000201494
0.000338993,0.000347299,0.000357192,0.000359732,0.000362352,0.00035299,0.000330202,0.000309153,0.000277559,0.000234871,0.000196018
0.00032234,0.000339407,0.000348821,0.000346881,0.000352324,0.000342624,0.000322181,0.000300718,0.000271744,0.00022997,0.000192257
0.000316794,0.000329508,0.000337398,0.000338229,0.000345393,0.000333103,0.000315535,0.000291008,0.000262795,0.00022449,0.000185103
0.000310006,0.000318847,0.000329039,0.00033034,0.000337454,0.000323286,0.000308487,0.000283165,0.00025607,0.000217309,0.000181135
0.000297364,0.000309121,0.00032372,0.000321728,0.000327646,0.0003148,0.000300106,0.000277296,0.000248087,0.000211325,0.000176419
0.000295701,0.000302822,0.000316641,0.000312591,0.000322263,0.00030527,0.000294013,0.000269694,0.000243314,0.000207463,0.00017113
0.000287834,0.000292068,0.000308532,0.000308005,0.000314066,0.000298601,0.000285665,0.000263787,0.000236454,0.000202757,0.000165515
0.000277804,0.000286197,0.000300928,0.000298925,0.000303468,0.000290998,0.000279124,0.000257011,0.000229954,0.000197765,0.000162271
0.000270878,0.000280149,0.000291721,0.000290184,0.000296549,0.000286187,0.000270742,0.000251923,0.000224564,0.000189822,0.000158968
0.000263505,0.000273725,0.000283727,0.000283932,0.000287928,0.000277615,0.000264176,0.000245644,0.000218641,0.000185196,0.000155661
0.000258713,0.000267104,0.000279709,0.000278888,0.000283689,0.000271242,0.000259069,0.000238065,0.000213281,0.00018354,0.000148726
0.000251615,0.000258396,0.000271548,0.000269127,0.000274634,0.000266442,0.000251509,0.000231515,0.000208249,0.000176429,0.000146298
0.000248824,0.000250769,0.000265761,0.000264268,0.000270339,0.000257879,0.00024547,0.000226777,0.000203716,0.000171781,0.000142435
0.000237965,0.000246148,0.000258628,0.00025483,0.000263761,0.000252302,0.000239962,0.000219576,0.00019961,0.000170127,0.000138016
0.000232341,0.000236031,0.000249023,0.000253524,0.000256783,0.000246227,0.000232011,0.000216394,0.000194421,0.000164309,0.000136104
0.000228743,0.000231894,0.000245802,0.000246056,0.000250776,0.000242953,0.000227303,0.000210138,0.000188117,0.000159986,0.000130998
0.000221161,0.00022801,0.000242274,0.000238903,0.000242628,0.000234646,0.000223906,0.000204417,0.000184757,0.000154865,0.00012892
0.000216037,0.000222598,0.000234498,0.000234736,0.000236697,0.000229716,0.000218076,0.000199631,0.000179334,0.000149628,0.00012547
0.00021048,0.000216417,0.00022874,0.000230035,0.000230692,0.000222605,0.000211732,0.000194245,0.000176362,0.000146581,0.000121102
0.000204228,0.000215008,0.00022062,0.000222039,0.000226058,0.000217219,0.000206557,0.000190204,0.000171595,0.000143895,0.00011938
0.00019952,0.000208122,0.000217905,0.000216628,0.000222479,0.000212019,0.000202278,0.000185362,0.000168024,0.000140285,0.00011602
0.000195036,0.000202132,0.000211844,0.000211374,0.000216036,0.000207264,0.000197845,0.000180661,0.000163488,0.000135764,0.000112889
0.000191511,0.000195269,0.000205207,0.000208781,0.000210848,0.000203082,0.000193453,0.000175897,0.000159879,0.000133735,0.000108537
0.000188015,0.000191321,0.000201546,0.000202387,0.000205006,0.000199067,0.00018881,0.000172944,0.000155366,0.000130149,0.000106983
0.000181793,0.000189215,0.000197045,0.000196947,0.000200476,0.000193922,0.000183937,0.000167873,0.000151944,0.000125636,0.000104121
0.000177896,0.000182808,0.000193124,0.000192609,0.000196867,0.000188792,0.000179698,0.000163959,0.000148342,0.000124349,0.000102244
0.000173989,0.000178489,0.000189371,0.000189461,0.000190261,0.000185624,0.000175374,0.000161202,0.000145035,0.00011922,9.8934e-05
0.000169951,0.000174888,0.000185776,0.00018329,0.000187243,0.000179856,0.000172421,0.000156174,0.000141481,0.000117843,9.73993e-05
0.000165478,0.000172056,0.000181423,0.000180508,0.000183269,0.000175762,0.000167582,0.000153098,0.000138093,0.000114423,9.41934e-05
0.000161939,0.000166163,0.000176577,0.000176037,0.000177622,0.000172945,0.000162246,0.000149589,0.000134947,0.000111842,9.23892e-05
0.000158759,0.000161199,0.000171901,0.000172291,0.000173203,0.000168996,0.000159452,0.000145913,0.000131791,0.000109418,8.94926e-05
0.000155545,0.000160197,0.000166956,0.000167898,0.00017109,0.000164476,0.000156248,0.000141885,0.000128636,0.000107394,8.66518e-05
0.000151402,0.000155647,0.000163192,0.000165374,0.000164782,0.000160268,0.000151703,0.000140021,0.00012588,0.000102608,8.59349e-05
0.000146234,0.000150889,0.000159848,0.000162465,0.000162229,0.000157385,0.000149887,0.000135208,0.000121985,0.000100698,8.24205e-05
0.000143802,0.00014724,0.000158034,0.000158219,0.000158233,0.000152306,0.000146941,0.000132388,0.000119907,9.90656e-05,8.04932e-05
0.000139511,0.000144843,0.000154195,0.00015536,0.000154212,0.000149009,0.000142889,0.000129177,0.000116548,9.54437e-05,7.9259e-05
0.000136995,0.000141146,0.000150651,0.000150335,0.000151681,0.000146148,0.000138739,0.000126598,0.000114318,9.41032e-05,7.73322e-05
0.000132716,0.000138162,0.000145507,0.000147037,0.000148074,0.00014277,0.000136154,0.000123392,0.00011298,9.16493e-05,7.55114e-05
0.000131467,0.000134475,0.000144128,0.000144493,0.000145743,0.00013883,0.000134339,0.000120117,0.000108895,8.98655e-05,7.30048e-05
0.000128593,0.000133519,0.000142348,0.000142088,0.000141682,0.000137328,0.000129542,0.000118616,0.00010613,8.81206e-05,7.15565e-05
0.000124093,0.00012903,0.000137993,0.00013723,0.000137485,0.00013362,0.000126883,0.000114543,0.000103602,8.47434e-05,7.00305e-05
0.0001233,0.000125247,0.000134344,0.000134202,0.000134333,0.000131266,0.000123352,0.000113031,0.000101274,8.31475e-05,6.82845e-05
0.000120156,0.000123906,0.000130969,0.000130925,0.00013234,0.000127609,0.000121101,0.000109322,9.91308e-05,8.18541e-05,6.61898e-05
0.000117503,0.000121566,0.000127774,0.000128495,0.000128977,0.00012394,0.000119029,0.000106852,9.775e-05,7.98491e-05,6.47892e-05
0.00011544,0.000117505,0.000125955,0.000126294,0.000127254,0.000122212,0.000115845,0.000105087,9.52385e-05,7.80798e-05,6.33681e-05
0.000112347,0.000115911,0.000123624,0.000123709,0.000124253,0.000119378,0.000113619,0.000102192,9.25804e-05,7.65043e-05,6.17281e-05
0.000110947,0.000113732,0.000120494,0.000121134,0.000120727,0.000116233,0.00011115,0.000100106,9.05263e-05,7.40914e-05,6.00882e-05
0.000108337,0.000110084,0.000118002,0.000118673,0.000118451,0.000114485,0.000108954,9.82758e-05,8.85315e-05,7.33009e-05,5.86932e-05
0.000104835,0.000107222,0.000114774,0.000115832,0.000115619,0.000111188,0.000106609,9.511e-05,8.62336e-05,7.06068e-05,5.6943e-05
0.000103538,0.000107539,0.000112344,0.000111365,0.000111747,0.000108839,0.000103537,9.3771e-05,8.45393e-05,7.01457e-05,5.63005e-05
0.000100722,0.000103549,0.000108327,0.000110475,0.000109883,0.000106056,0.00010134,9.06459e-05,8.29525e-05,6.7297e-05,5.40953e-05
9.90423e-05,0.000101467,0.000106274,0.000107171,0.000107013,0.000104047,9.91577e-05,8.88184e-05,8.09563e-05,6.60814e-05,5.25247e-05
9.65235e-05,9.93162e-05,0.000104649,0.000105295,0.000104131,0.000102549,9.65513e-05,8.7488e-05,7.88692e-05,6.36989e-05,5.18498e-05
9.49109e-05,9.8788e-05,0.000100645,0.000101924,0.000102335,9.99219e-05,9.49529e-05,8.48762e-05,7.71678e-05,6.31978e-05,5.00117e-05
9.20507e-05,9.45497e-05,0.000100119,0.000101461,0.000100332,9.7632e-05,9.28051e-05,8.31766e-05,7.58701e-05,6.1714e-05,4.92238e-05
9.05106e-05,9.22831e-05,9.69986e-05,9.89709e-05,9.77901e-05,9.50682e-05,9.05894e-05,8.12792e-05,7.38849e-05,5.96882e-05,4.78908e-05
8.74786e-05,9.15319e-05,9.5151e-05,9.65465e-05,9.67089e-05,9.33682e-05,8.8749e-05,7.91698e-05,7.21575e-05,5.86498e-05,4.69722e-05
8.53646e-05,8.8936e-05,9.33397e-05,9.53646e-05,9.50222e-05,9.08124e-05,8.64233e-05,7.74168e-05,7.11729e-05,5.75589e-05,4.59217e-05
8.40427e-05,8.66668e-05,9.13687e-05,9.28473e-05,9.18396e-05,8.91988e-05,8.46188e-05,7.56363e-05,6.91836e-05,5.60653e-05,4.45111e-05
8.2267e-05,8.4942e-05,8.99268e-05,8.98467e-05,8.91495e-05,8.76218e-05,8.2494e-05,7.4309e-05,6.7597e-05,5.48737e-05,4.38742e-05
8.08537e-05,8.32174e-05,8.74219e-05,8.90096e-05,8.81681e-05,8.46252e-05,8.12455e-05,7.2272e-05,6.65756e-05,5.32894e-05,4.22215e-05
7.88865e-05,8.15851e-05,8.56646e-05,8.73967e-05,8.58526e-05,8.35307e-05,7.87772e-05,7.10166e-05,6.48028e-05,5.21152e-05,4.14215e-05
7.74e-05,8.01455e-05,8.36687e-05,8.54868e-05,8.42625e-05,8.15837e-05,7.76312e-05,6.8898e-05,6.31516e-05,5.17615e-05,4.01374e-05
7.50316e-05,7.78957e-05,8.20934e-05,8.36648e-05,8.20394e-05,7.94643e-05,7.63531e-05,6.70485e-05,6.16188e-05,4.98733e-05,3.91453e-05
7.29302e-05,7.52164e-05,8.02158e-05,8.13923e-05,8.04177e-05,7.88032e-05,7.36392e-05,6.68184e-05,5.99628e-05,4.84667e-05,3.86484e-05
7.1759e-05,7.43003e-05,7.90457e-05,7.97357e-05,7.8409e-05,7.67818e-05,7.24242e-05,6.48176e-05,5.88735e-05,4.72775e-05,3.72554e-05
7.03771e-05,7.33045e-05,7.60431e-05,7.79796e-05,7.65586e-05,7.4727e-05,7.08471e-05,6.28324e-05,5.79427e-05,4.66249e-05,3.64192e-05
6.90183e-05,7.12446e-05,7.50882e-05,7.64692e-05,7.55697e-05,7.29443e-05,6.92498e-05,6.15057e-05,5.65788e-05,4.5754e-05,3.55851e-05
6.69511e-05,7.05522e-05,7.3854e-05,7.43353e-05,7.40872e-05,7.14192e-05,6.81869e-05,6.03321e-05,5.5548e-05,4.43183e-05,3.46939e-05
6.6303e-05,6.8417e-05,7.21067e-05,7.32951e-05,7.14254e-05,6.98614e-05,6.65312e-05,5.8947e-05,5.38418e-05,4.31709e-05,3.38233e-05
6.4771e-05,6.70598e-05,7.04973e-05,7.17572e-05,7.03423e-05,6.87263e-05,6.51587e-05,5.7678e-05,5.29869e-05,4.25442e-05,3.31095e-05
6.35897e-05,6.53435e-05,6.90181e-05,6.99626e-05,6.84477e-05,6.72188e-05,6.3688e-05,5.63783e-05,5.14985e-05,4.15839e-05,3.19741e-05
6.13949e-05,6.37475e-05,6.74238e-05,6.84287e-05,6.75748e-05,6.54473e-05,6.17422e-05,5.48627e-05,5.06362e-05,4.06273e-05,3.15491e-05
6.07496e-05,6.21339e-05,6.57688e-05,6.68108e-05,6.57173e-05,6.45652e-05,6.09353e-05,5.41887e-05,4.94956e-05,3.92847e-05,3.06748e-05
5.88653e-05,6.10685e-05,6.45952e-05,6.56364e-05,6.46629e-05,6.34675e-05,5.92665e-05,5.24763e-05,4.78743e-05,3.84531e-05,2.97642e-05
5.75918e-05,6.00811e-05,6.24069e-05,6.48195e-05,6.40343e-05,6.13841e-05,5.81688e-05,5.16606e-05,4.76098e-05,3.75439e-05,2.90978e-05
5.64338e-05,5.87646e-05,6.13171e-05,6.29255e-05,6.16478e-05,5.99784e-05,5.69448e-05,5.03512e-05,4.68555e-05,3.67914e-05,2.84291e-05
5.56239e-05,5.71645e-05,6.06451e-05,6.17961e-05,6.16066e-05,5.86673e-05,5.56457e-05,4.92882e-05,4.50458e-05,3.62261e-05,2.77721e-05
5.41278e-05,5.57955e-05,5.91897e-05,6.07862e-05,5.95513e-05,5.75159e-05,5.47549e-05,4.81629e-05,4.41544e-05,3.53953e-05,2.71245e-05
5.30796e-05,5.48414e-05,5.78124e-05,5.89497e-05,5.79327e-05,5.62153e-05,5.31853e-05,4.70969e-05,4.32592e-05,3.44654e-05,2.64388e-05
5.14874e-05,5.35102e-05,5.65949e-05,5.77448e-05,5.63105e-05,5.54159e-05,5.20381e-05,4.61483e-05,4.2507e-05,3.35197e-05,2.5903e-05
5.12666e-05,5.2845e-05,5.50037e-05,5.67522e-05,5.51373e-05,5.41007e-05,5.08492e-05,4.52755e-05,4.14289e-05,3.26249e-05,2.50639e-05
4.93807e-05,5.13933e-05,5.38323e-05,5.47526e-05,5.40362e-05,5.29381e-05,4.9587e-05,4.38796e-05,4.07186e-05,3.20411e-05,2.43835e-05
4.87794e-05,5.04527e-05,5.31144e-05,5.41471e-05,5.28859e-05,5.1931e-05,4.88125e-05,4.31004e-05,3.96764e-05,3.11626e-05,2.39857e-05
4.74741e-05,4.90881e-05,5.1722e-05,5.29761e-05,5.21326e-05,5.09687e-05,4.78547e-05,4.21774e-05,3.89245e-05,3.06956e-05,2.35307e-05
4.63236e-05,4.8218e-05,5.0763e-05,5.21574e-05,5.10121e-05,4.98467e-05,4.64899e-05,4.11143e-05,3.79096e-05,2.97677e-05,2.28128e-05
4.53994e-05,4.7208e-05,4.9549e-05,5.09505e-05,4.98619e-05,4.86191e-05,4.61153e-05,4.04957e-05,3.73199e-05,2.93523e-05,2.22089e-05
4.44587e-05,4.59783e-05,4.88343e-05,4.98798e-05,4.86321e-05,4.77653e-05,4.47974e-05,3.99767e-05,3.65688e-05,2.86488e-05,2.19848e-05
4.36971e-05,4.47893e-05,4.78659e-05,4.86611e-05,4.74603e-05,4.72183e-05,4.35942e-05,3.8855e-05,3.56335e-05,2.80217e-05,2.12802e-05
4.30537e-05,4.43219e-05,4.70591e-05,4.77394e-05,4.65932e-05,4.52556e-05,4.27913e-05,3.77678e-05,3.47954e-05,2.75465e-05,2.05557e-05
4.18675e-05,4.33456e-05,4.50817e-05,4.68009e-05,4.57955e-05,4.46567e-05,4.17782e-05,3.68291e-05,3.42404e-05,2.68154e-05,2.01084e-05
4.09145e-05,4.25606e-05,4.43245e-05,4.58309e-05,4.48955e-05,4.37989e-05,4.11264e-05,3.58856e-05,3.36934e-05,2.59579e-05,1.96707e-05
4.00184e-05,4.17381e-05,4.40597e-05,4.48873e-05,4.39364e-05,4.30087e-05,4.02033e-05,3.52346e-05,3.26733e-05,2.55817e-05,1.91791e-05
3.92154e-05,4.08124e-05,4.28466e-05,4.39484e-05,4.28047e-05,4.18858e-05,3.93148e-05,3.44601e-05,3.21749e-05,2.46856e-05,1.88222e-05
3.83871e-05,3.98134e-05,4.22088e-05,4.34351e-05,4.21588e-05,4.13694e-05,3.83243e-05,3.37207e-05,3.12248e-05,2.4359e-05,1.83176e-05
3.77747e-05,3.86485e-05,4.12788e-05,4.22578e-05,4.08254e-05,4.0389e-05,3.79114e-05,3.33309e-05,3.07301e-05,2.38055e-05,1.79659e-05
3.66692e-05,3.84401e-05,4.07166e-05,4.15076e-05,4.01527e-05,3.98908e-05,3.68746e-05,3.22993e-05,3.01807e-05,2.33398e-05,1.74395e-05
3.6069e-05,3.76462e-05,3.96435e-05,4.05287e-05,3.95395e-05,3.85766e-05,3.61392e-05,3.16891e-05,2.96589e-05,2.28167e-05,1.71046e-05
3.49882e-05,3.665e-05,3.89849e-05,3.97737e-05,3.87382e-05,3.77554e-05,3.54379e-05,3.09453e-05,2.86587e-05,2.25069e-05,1.6707e-05
3.44886e-05,3.59229e-05,3.82229e-05,3.92508e-05,3.80644e-05,3.71579e-05,3.4836e-05,3.03786e-05,2.86321e-05,2.16567e-05,1.61984e-05
3.3883e-05,3.55071e-05,3.73086e-05,3.84266e-05,3.75336e-05,3.62921e-05,3.38155e-05,2.98823e-05,2.76266e-05,2.12545e-05,1.5846e-05
3.34825e-05,3.51637e-05,3.63415e-05,3.75967e-05,3.66408e-05,3.56494e-05,3.30541e-05,2.91358e-05,2.69555e-05,2.08122e-05,1.56426e-05
3.20953e-05,3.3943e-05,3.55113e-05,3.66097e-05,3.56412e-05,3.46585e-05,3.22327e-05,2.83817e-05,2.67214e-05,2.02573e-05,1.53601e-05
3.19006e-05,3.33501e-05,3.48283e-05,3.60655e-05,3.50528e-05,3.41877e-05,3.19208e-05,2.79743e-05,2.61658e-05,2.00029e-05,1.48535e-05
3.1474e-05,3.25314e-05,3.40405e-05,3.54644e-05,3.41344e-05,3.39457e-05,3.0998e-05,2.74021e-05,2.52691e-05,1.96827e-05,1.45762e-05
3.07384e-05,3.19697e-05,3.3462e-05,3.45264e-05,3.34674e-05,3.29414e-05,3.05247e-05,2.66269e-05,2.48388e-05,1.90755e-05,1.42217e-05
3.02008e-05,3.16446e-05,3.29969e-05,3.35823e-05,3.26413e-05,3.22509e-05,2.98806e-05,2.58352e-05,2.44914e-05,1.86259e-05,1.37607e-05
2.94304e-05,3.08944e-05,3.24748e-05,3.31998e-05,3.21386e-05,3.12852e-05,2.90932e-05,2.56e-05,2.40452e-05,1.82962e-05,1.36368e-05
2.87707e-05,3.02656e-05,3.16624e-05,3.24991e-05,3.16637e-05,3.0925e-05,2.8463e-05,2.47613e-05,2.34599e-05,1.77471e-05,1.33305e-05
2.85014e-05,2.93571e-05,3.08384e-05,3.17702e-05,3.09077e-05,3.06035e-05,2.80992e-05,2.46091e-05,2.3107e-05,1.74388e-05,1.29399e-05
2.79014e-05,2.87787e-05,2.99918e-05,3.15038e-05,3.02289e-05,2.96627e-05,2.76024e-05,2.40621e-05,2.24412e-05,1.7341e-05,1.27274e-05
2.71586e-05,2.86385e-05,2.94171e-05,3.08702e-05,3.00316e-05,2.94581e-05,2.69679e-05,2.36187e-05,2.19256e-05,1.67824e-05,1.22865e-05
2.67162e-05,2.82907e-05,2.90045e-05,3.03016e-05,2.93753e-05,2.83565e-05,2.6271e-05,2.28113e-05,2.15937e-05,1.64117e-05,1.1924e-05
2.68333e-05,2.69798e-05,2.83214e-05,2.93826e-05,2.84171e-05,2.79639e-05,2.56842e-05,2.23934e-05,2.11649e-05,1.61832e-05,1.19442e-05
2.59976e-05,2.71689e-05,2.81686e-05,2.89873e-05,2.82299e-05,2.75946e-05,2.51278e-05,2.19943e-05,2.05942e-05,1.58138e-05,1.16671e-05
2.53674e-05,2.63235e-05,2.71909e-05,2.83371e-05,2.75507e-05,2.68748e-05,2.47087e-05,2.15209e-05,2.02751e-05,1.54869e-05,1.12341e-05
2.46664e-05,2.62078e-05,2.71545e-05,2.80903e-05,2.69463e-05,2.64068e-05,2.40944e-05,2.1191e-05,1.97839e-05,1.51357e-05,1.11655e-05
2.4628e-05,2.55156e-05,2.67072e-05,2.74345e-05,2.639e-05,2.59123e-05,2.3805e-05,2.07648e-05,1.95115e-05,1.48091e-05,1.0807e-05
2.40256e-05,2.49194e-05,2.55174e-05,2.68409e-05,2.59724e-05,2.5414e-05,2.3362e-05,2.00588e-05,1.90524e-05,1.4448e-05,1.05558e-05
2.34315e-05,2.44633e-05,2.53038e-05,2.66465e-05,2.54977e-05,2.49706e-05,2.2688e-05,1.99678e-05,1.85937e-05,1.42445e-05,1.03424e-05
2.30077e-05,2.37154e-05,2.48239e-05,2.56987e-05,2.5e-05,2.40921e-05,2.23435e-05,1.93875e-05,1.84071e-05,1.38087e-05,1.0141e-05
2.2682e-05,2.37524e-05,2.45473e-05,2.54264e-05,2.4674e-05,2.38631e-05,2.20086e-05,1.91257e-05,1.80331e-05,1.34642e-05,9.87521e-06
2.21917e-05,2.34781e-05,2.38548e-05,2.48972e-05,2.40906e-05,2.34409e-05,2.14936e-05,1.87295e-05,1.7518e-05,1.34548e-05,9.63453e-06
2.1993e-05,2.27272e-05,2.32371e-05,2.45081e-05,2.33546e-05,2.28288e-05,2.12294e-05,1.83086e-05,1.7456e-05,1.30816e-05,9.48671e-06
2.15064e-05,2.23207e-05,2.30341e-05,2.38506e-05,2.32648e-05,2.26405e-05,2.06545e-05,1.77988e-05,1.70229e-05,1.28064e-05,9.30576e-06
2.12425e-05,2.18357e-05,2.27247e-05,2.36252e-05,2.25568e-05,2.21817e-05,2.03442e-05,1.75319e-05,1.65713e-05,1.25277e-05,9.11031e-06
2.11449e-05,2.14542e-05,2.21091e-05,2.29895e-05,2.20916e-05,2.17551e-05,2.00035e-05,1.73106e-05,1.63873e-05,1.23109e-05,8.96933e-06
2.05418e-05,2.10973e-05,2.17935e-05,2.24501e-05,2.16324e-05,2.13241e-05,1.97741e-05,1.69842e-05,1.57967e-05,1.19729e-05,8.69092e-06
2.02789e-05,2.06772e-05,2.12673e-05,2.22285e-05,2.10076e-05,2.09335e-05,1.91157e-05,1.64963e-05,1.56972e-05,1.18747e-05,8.55142e-06
1.96702e-05,2.03814e-05,2.0831e-05,2.18731e-05,2.11737e-05,2.0601e-05,1.88009e-05,1.62133e-05,1.53207e-05,1.14767e-05,8.2305e-06
1.91133e-05,1.99042e-05,2.04202e-05,2.14148e-05,2.06803e-05,2.01786e-05,1.83316e-05,1.58211e-05,1.4986e-05,1.13108e-05,8.14595e-06
1.90039e-05,1.97429e-05,2.01549e-05,2.1055e-05,2.01674e-05,1.97265e-05,1.81279e-05,1.5678e-05,1.46609e-05,1.11434e-05,8.0472e-06
1.8685e-05,1.94697e-05,1.95726e-05,2.0616e-05,2.0025e-05,1.94633e-05,1.76073e-05,1.51896e-05,1.43758e-05,1.07588e-05,7.80423e-06
1.8304e-05,1.89402e-05,1.96783e-05,2.03293e-05,1.97084e-05,1.92315e-05,1.71328e-05,1.4825e-05,1.40694e-05,1.069e-05,7.678e-06
1.80163e-05,1.8681e-05,1.90713e-05,1.99366e-05,1.9097e-05,1.84866e-05,1.69102e-05,1.47896e-05,1.37809e-05,1.04387e-05,7.58621e-06
1.76051e-05,1.84717e-05,1.85013e-05,1.97222e-05,1.88984e-05,1.8711e-05,1.66264e-05,1.4392e-05,1.36042e-05,1.02424e-05,7.35602e-06
1.71541e-05,1.79257e-05,1.84132e-05,1.92131e-05,1.84908e-05,1.81418e-05,1.62601e-05,1.39642e-05,1.33843e-05,1.00408e-05,7.20484e-06
1.72863e-05,1.76685e-05,1.80764e-05,1.89347e-05,1.83176e-05,1.76195e-05,1.60047e-05,1.38928e-05,1.30074e-05,9.77306e-06,7.03839e-06
1.67368e-05,1.73749e-05,1.74985e-05,1.84695e-05,1.78852e-05,1.7308e-05,1.54964e-05,1.35397e-05,1.28719e-05,9.81549e-06,6.81252e-06
1.65819e-05,1.71589e-05,1.73292e-05,1.80378e-05,1.7615e-05,1.71137e-05,1.52832e-05,1.31468e-05,1.27304e-05,9.55856e-06,6.71805e-06
1.62805e-05,1.68665e-05,1.70584e-05,1.77937e-05,1.71705e-05,1.68465e-05,1.52582e-05,1.30151e-05,1.23623e-05,9.13726e-06,6.66988e-06
1.61029e-05,1.66111e-05,1.6908e-05,1.7526e-05,1.68135e-05,1.64191e-05,1.47748e-05,1.28051e-05,1.20781e-05,9.09256e-06,6.48121e-06
1.57593e-05,1.62291e-05,1.62406e-05,1.72507e-05,1.64657e-05,1.61435e-05,1.46763e-05,1.23387e-05,1.19051e-05,8.87238e-06,6.45743e-06
1.55364e-05,1.58873e-05,1.6179e-05,1.71057e-05,1.63683e-05,1.57602e-05,1.43928e-05,1.23617e-05,1.16629e-05,8.78805e-06,6.28176e-06
1.5229e-05,1.56378e-05,1.59207e-05,1.68129e-05,1.5971e-05,1.55676e-05,1.41665e-05,1.21444e-05,1.14968e-05,8.63347e-06,6.13629e-06
1.50657e-05,1.55388e-05,1.56208e-05,1.63587e-05,1.58163e-05,1.546e-05,1.39734e-05,1.16377e-05,1.12463e-05,8.37114e-06,5.99829e-06
1.43171e-05,1.52051e-05,1.54036e-05,1.61583e-05,1.55784e-05,1.47142e-05,1.34201e-05,1.15051e-05,1.10321e-05,8.18101e-06,5.83975e-06
1.44714e-05,1.49168e-05,1.50539e-05,1.57388e-05,1.51736e-05,1.46732e-05,1.33965e-05,1.14086e-05,1.09872e-05,7.95921e-06,5.83379e-06
1.41069e-05,1.47809e-05,1.47493e-05,1.55562e-05,1.48185e-05,1.47802e-05,1.31349e-05,1.10623e-05,1.05267e-05,7.91054e-06,5.64177e-06
1.38758e-05,1.43638e-05,1.43135e-05,1.53451e-05,1.45607e-05,1.42391e-05,1.2997e-05,1.09956e-05,1.04289e-05,7.89627e-06,5.56796e-06
1.37849e-05,1.41394e-05,1.44164e-05,1.50154e-05,1.43375e-05,1.42691e-05,1.26485e-05,1.06015e-05,1.03884e-05,7.61467e-06,5.46318e-06
1.35468e-05,1.40078e-05,1.43382e-05,1.46123e-05,1.41441e-05,1.37053e-05,1.23613e-05,1.04606e-05,1.01451e-05,7.49425e-06,5.40274e-06
1.32572e-05,1.36586e-05,1.39083e-05,1.4268e-05,1.38544e-05,1.37186e-05,1.22069e-05,1.02918e-05,9.89738e-06,7.5207e-06,5.25943e-06
1.30961e-05,1.33992e-05,1.36406e-05,1.41718e-05,1.3644e-05,1.33377e-05,1.19552e-05,1.00553e-05,9.71663e-06,7.17435e-06,5.15958e-06
1.28393e-05,1.32083e-05,1.35206e-05,1.41711e-05,1.35031e-05,1.30822e-05,1.16402e-05,9.94014e-06,9.3372e-06,7.14711e-06,4.99029e-06
1.2582e-05,1.31773e-05,1.30437e-05,1.38044e-05,1.3226e-05,1.27035e-05,1.14768e-05,9.81243e-06,9.38452e-06,6.81053e-06,4.9542e-06
1.26694e-05,1.2946e-05,1.29754e-05,1.39471e-05,1.28839e-05,1.24358e-05,1.1281e-05,9.71555e-06,9.07972e-06,6.76465e-06,4.87792e-06
1.2235e-05,1.26925e-05,1.26664e-05,1.33883e-05,1.25167e-05,1.22727e-05,1.11527e-05,9.35568e-06,9.04909e-06,6.6691e-06,4.73085e-06
1.22524e-05,1.2569e-05,1.27834e-05,1.32064e-05,1.26315e-05,1.21431e-05,1.08882e-05,9.16958e-06,8.84551e-06,6.49293e-06,4.70009e-06
1.19552e-05,1.23735e-05,1.23857e-05,1.31026e-05,1.22813e-05,1.18996e-05,1.059e-05,9.17645e-06,8.61463e-06,6.40815e-06,4.61942e-06
1.16632e-05,1.20865e-05,1.22012e-05,1.26141e-05,1.20074e-05,1.17323e-05,1.068e-05,8.80235e-06,8.44677e-06,6.29841e-06,4.5502e-06
1.15777e-05,1.20177e-05,1.19115e-05,1.24235e-05,1.19915e-05,1.16312e-05,1.03458e-05,8.91181e-06,8.3952e-06,6.19249e-06,4.46506e-06
1.14015e-05,1.1936e-05,1.17608e-05,1.25222e-05,1.16152e-05,1.1398e-05,1.00656e-05,8.68572e-06,8.09977e-06,6.15171e-06,4.31056e-06
1.11088e-05,1.17921e-05,1.13564e-05,1.18909e-05,1.15569e-05,1.12827e-05,9.9733e-06,8.1887e-06,8.1054e-06,5.94669e-06,4.16939e-06
1.09514e-05,1.15838e-05,1.1266e-05,1.19396e-05,1.15048e-05,1.0991e-05,9.78239e-06,8.25661e-06,7.81342e-06,5.94955e-06,4.18827e-06
1.09056e-05,1.12701e-05,1.13109e-05,1.1771e-05,1.11681e-05,1.08352e-05,9.56007e-06,8.15166e-06,7.71541e-06,5.7894e-06,4.10421e-06
1.07472e-05,1.11638e-05,1.10689e-05,1.1646e-05,1.1185e-05,1.05459e-05,9.57035e-06,7.98996e-06,7.56827e-06,5.70761e-06,4.01794e-06
1.0675e-05,1.08512e-05,1.09239e-05,1.1516e-05,1.09276e-05,1.0426e-05,9.28181e-06,7.8215e-06,7.47111e-06,5.58351e-06,3.97565e-06
1.04538e-05,1.09713e-05,1.06822e-05,1.11745e-05,1.08378e-05,1.0379e-05,9.04436e-06,7.68912e-06,7.36119e-06,5.58018e-06,3.88648e-06
1.04044e-05,1.0656e-05,1.03613e-05,1.09434e-05,1.05068e-05,1.00551e-05,8.94058e-06,7.55078e-06,7.21522e-06,5.35763e-06,3.86616e-06
1.02788e-05,1.03268e-05,1.0507e-05,1.07654e-05,1.00926e-05,1.00235e-05,8.84319e-06,7.52201e-06,6.98102e-06,5.32258e-06,3.74419e-06
1.02054e-05,1.04484e-05,1.00129e-05,1.0668e-05,1.00349e-05,9.78373e-06,8.69728e-06,7.51582e-06,7.02371e-06,5.11782e-06,3.80477e-06
9.93586e-06,1.01211e-05,9.94207e-06,1.03899e-05,9.89262e-06,9.56529e-06,8.44649e-06,7.26569e-06,6.91585e-06,4.98247e-06,3.62375e-06
9.66166e-06,1.00093e-05,9.7911e-06,1.03302e-05,9.79047e-06,9.32097e-06,8.3158e-06,7.11565e-06,6.7382e-06,4.99341e-06,3.63417e-06
9.58268e-06,9.86747e-06,9.80872e-06,1.01205e-05,9.52907e-06,9.16187e-06,8.18975e-06,7.0783e-06,6.61449e-06,4.80409e-06,3.52646e-06
9.50045e-06,9.62695e-06,9.51375e-06,1.00373e-05,9.67274e-06,9.10525e-06,8.07505e-06,6.8817e-06,6.54115e-06,4.83957e-06,3.424e-06
9.38384e-06,9.79874e-06,9.39617e-06,9.82322e-06,9.41309e-06,8.97096e-06,8.03955e-06,6.78169e-06,6.38834e-06,4.76861e-06,3.30989e-06
