0.0361845,0.0357056,0.0349297,0.0338762,0.0320739,0.0306752,0.0284114,0.0265981,0.0246918,0.0226228,0.0203449
0.0337798,0.0332912,0.0329855,0.0314673,0.0302399,0.0281192,0.0263874,0.0246505,0.0225027,0.0205947,0.0187656
0.0313926,0.031009,0.0304147,0.0291711,0.0279634,0.0266599,0.0245686,0.0227205,0.0209852,0.0191356,0.0170731
0.0293247,0.0288023,0.0286649,0.0272583,0.0260446,0.0245032,0.022812,0.0210345,0.0192641,0.0175398,0.0157003
0.0275122,0.0270078,0.0268247,0.0255452,0.0243895,0.0228951,0.0212447,0.0195759,0.0178769,0.0162327,0.0145058
0.0258856,0.0253924,0.0252125,0.02398,0.0230812,0.021528,0.0198368,0.0183555,0.016593,0.0150611,0.013452
0.0242974,0.0238881,0.0236743,0.0225326,0.0214952,0.0201216,0.0185985,0.0170837,0.0155478,0.0140462,0.0124994
0.0229644,0.0225402,0.0223267,0.0211971,0.0202516,0.0189403,0.0174995,0.0160318,0.014591,0.0131556,0.011667
0.0215992,0.0212687,0.0210208,0.0199926,0.019057,0.0177926,0.0163783,0.0150194,0.0136237,0.0122658,0.0108773
0.020403,0.0201626,0.0199186,0.0190073,0.0180656,0.0168153,0.0154928,0.0141228,0.0128257,0.011491,0.0101417
0.0194424,0.0190568,0.0188312,0.0179603,0.017021,0.0160202,0.0145538,0.0132681,0.0120861,0.010729,0.0094835
0.0181716,0.018146,0.0177905,0.0168985,0.0161128,0.0148986,0.0137845,0.0125075,0.0113228,0.0102331,0.00896053
0.0173369,0.0172099,0.0168245,0.0160791,0.0151737,0.014166,0.0129268,0.0118221,0.0106969,0.00956093,0.00845464
0.0165584,0.0161503,0.0159918,0.0153306,0.0144376,0.013428,0.012226,0.0111624,0.0101176,0.0089295,0.00780004
0.0155627,0.0154503,0.0152216,0.0144798,0.0136777,0.0126942,0.0115901,0.0105598,0.00955506,0.00848844,0.0074211
0.0149216,0.014751,0.0144739,0.0138269,0.0129257,0.0121601,0.0109275,0.00998365,0.0089829,0.00799132,0.00700909
0.014031,0.0138695,0.0138442,0.0130273,0.0123492,0.0113265,0.0104902,0.00947778,0.00861806,0.00768109,0.0066452
0.0134378,0.0132194,0.0131974,0.0125378,0.0116511,0.0108294,0.00985284,0.00901022,0.00809317,0.00717706,0.00626858
0.0128567,0.0125479,0.0125328,0.0119486,0.0111537,0.0102725,0.00941839,0.00860588,0.00764233,0.00686724,0.00592316
0.0123253,0.0120669,0.0119163,0.0114831,0.0106424,0.00990856,0.00889574,0.00817627,0.00721827,0.00643466,0.00554431
0.0116775,0.0114481,0.0114402,0.0108866,0.0101215,0.00932238,0.00852653,0.00778916,0.00687831,0.00617516,0.00529654
0.0112144,0.0109352,0.0108999,0.0103913,0.00971343,0.00897458,0.00813414,0.00733366,0.00655154,0.00576963,0.00493618
0.0106005,0.0105398,0.0104055,0.00985314,0.00927256,0.0085454,0.00778619,0.00702608,0.00622934,0.0055911,0.00473439
0.0101969,0.00998445,0.0100098,0.00942134,0.00882985,0.00816384,0.00746791,0.00666923,0.00592686,0.00527121,0.00450668
0.00977925,0.00956356,0.0095373,0.00904299,0.00839505,0.00772987,0.00705585,0.00640014,0.00560217,0.00503401,0.00427942
0.0093575,0.00916582,0.00905521,0.00860438,0.00805799,0.00742149,0.00676779,0.00606917,0.00537964,0.0047856,0.004063
0.00892103,0.00876585,0.00875045,0.00819613,0.00766941,0.00706719,0.0064452,0.00584399,0.00512901,0.00457281,0.00386519
0.00861361,0.00842826,0.00833288,0.00792048,0.00743504,0.00682984,0.00619793,0.00554804,0.0048566,0.00436645,0.00364008
0.00821119,0.00795175,0.00807448,0.00757209,0.00702312,0.0065049,0.00589864,0.00533673,0.00464716,0.00415432,0.00350484
0.0078684,0.0076987,0.00772986,0.00726708,0.00672849,0.00621326,0.00576399,0.00508376,0.00449732,0.00396295,0.00334683
0.00747234,0.00734301,0.00734899,0.00690175,0.00641991,0.0059622,0.00541135,0.00487269,0.00427791,0.00375447,0.00317673
0.00722383,0.00708937,0.00703131,0.00666166,0.00616344,0.0057193,0.00516889,0.00469023,0.00403135,0.00358699,0.00302025
0.00694692,0.0067659,0.00679436,0.00637027,0.00592297,0.00550227,0.00498285,0.00447548,0.00388007,0.00342618,0.00287698
0.00665047,0.00643337,0.00652813,0.00609261,0.00566658,0.00531914,0.00480594,0.00432173,0.00373141,0.00324953,0.00275147
0.00636853,0.00631098,0.00621971,0.00587743,0.0054656,0.0050591,0.00458716,0.00409391,0.00355505,0.00312135,0.00262114
0.00612616,0.00592466,0.00597012,0.00558973,0.00522423,0.00490317,0.00440609,0.00399389,0.00340292,0.00298489,0.00254211
0.0059357,0.00576474,0.00574396,0.005382,0.00500025,0.0046469,0.00422653,0.00379283,0.00325108,0.00285203,0.00240363
0.00570796,0.00552892,0.00549957,0.00518815,0.00480389,0.0044907,0.00407633,0.00364703,0.00314624,0.00273157,0.00227603
0.00537717,0.00537654,0.00529322,0.00495397,0.00462132,0.00430151,0.00392063,0.00350435,0.00298698,0.00261915,0.00217629
0.00525606,0.00512824,0.00511555,0.00481186,0.00440346,0.00412088,0.00371044,0.00337891,0.00285788,0.00251484,0.00206667
0.00505563,0.00485307,0.0049041,0.00458923,0.00425214,0.00398167,0.00360693,0.00322979,0.00277703,0.00239967,0.00200017
0.00479164,0.00473322,0.00474484,0.0044084,0.0040958,0.00384059,0.00346422,0.00312854,0.00267094,0.00228612,0.00189929
0.00464565,0.0045532,0.00457907,0.00423534,0.00394421,0.00373834,0.00331468,0.00300906,0.0025431,0.00221237,0.00183478
0.0044739,0.00437605,0.00433895,0.00410119,0.00378109,0.00356587,0.00321158,0.00287639,0.00246054,0.00210826,0.00174679
0.00438293,0.00415767,0.00419057,0.00391477,0.00365184,0.0034697,0.00310565,0.0027761,0.00238071,0.00201011,0.00167954
0.00415197,0.00407069,0.00405314,0.00377704,0.00352149,0.00327707,0.00297329,0.00268127,0.00225419,0.00196291,0.00163291
0.00396959,0.00392548,0.00395716,0.00363935,0.00340849,0.00319786,0.00285905,0.00259646,0.00215401,0.00186538,0.00155683
0.00387906,0.00378696,0.00380446,0.00351264,0.00329359,0.00306766,0.00274963,0.00247042,0.00208818,0.00178093,0.00149014
0.00372326,0.00364688,0.0036444,0.00337273,0.00317097,0.0029452,0.00265588,0.00237568,0.00202647,0.00172784,0.00141769
0.00353966,0.00353816,0.00348262,0.00327644,0.00306761,0.00284562,0.00255354,0.00229635,0.00195311,0.00166545,0.00137138
0.00343282,0.00338839,0.00338439,0.00313589,0.0029243,0.00273654,0.00245741,0.00223347,0.00186465,0.00159448,0.00131434
0.00329164,0.00330483,0.00323673,0.00300154,0.00282908,0.00262983,0.00238134,0.00213919,0.00184841,0.00151956,0.00124804
0.00320488,0.00323132,0.00312618,0.0028973,0.00273299,0.00254311,0.0022712,0.00205568,0.00173299,0.00148704,0.00122358
0.00308452,0.00307107,0.00308012,0.0028012,0.00264294,0.00246099,0.00218845,0.00197526,0.00168233,0.00141047,0.00116773
0.00299221,0.00296196,0.00291739,0.00273085,0.00254913,0.00235894,0.00212654,0.00191129,0.00161665,0.0013615,0.00112574
0.00291747,0.00288283,0.00280772,0.00262837,0.00245731,0.00226301,0.00205139,0.00185951,0.00155788,0.00131123,0.00107926
0.00279381,0.00274393,0.00270099,0.00254864,0.00236949,0.00220417,0.00198192,0.00178171,0.00150489,0.00126399,0.00104041
0.00268973,0.00266595,0.00264863,0.00244556,0.00230053,0.00212556,0.00190644,0.00171479,0.00144638,0.00122233,0.00100822
0.00259653,0.00257789,0.00253216,0.00235605,0.00221797,0.00205326,0.00184411,0.00165466,0.0013981,0.00117438,0.000962781
0.00251072,0.002503,0.00246558,0.00227362,0.00214968,0.00197127,0.00176893,0.0016045,0.00134969,0.00113678,0.000925742
0.00241451,0.00243654,0.00234817,0.00221298,0.00206449,0.00191976,0.00173141,0.00153873,0.00132197,0.00108861,0.000892723
0.00234274,0.00231484,0.00229384,0.00212963,0.00200551,0.00187145,0.00167851,0.00149826,0.00125093,0.00105533,0.000867799
0.002269,0.00225593,0.00220138,0.00205302,0.00193644,0.00178795,0.00160104,0.00143717,0.00121627,0.001017,0.000827904
0.00219913,0.00218622,0.00212421,0.0019851,0.00187645,0.00172479,0.00154534,0.00139392,0.00117709,0.000978185,0.000796261
0.00212614,0.00211273,0.00206874,0.00192155,0.00181661,0.00166122,0.00149935,0.0013397,0.0011332,0.000942185,0.000771259
0.00204586,0.00205289,0.00200451,0.00185534,0.00174675,0.00161023,0.00144484,0.00130761,0.00109976,0.000906355,0.000738714
0.00200233,0.00196447,0.00193999,0.00178764,0.00170258,0.00156915,0.00140479,0.00125419,0.00105173,0.000888731,0.000717915
0.00191821,0.00191729,0.00185944,0.00172949,0.00164345,0.00151022,0.00134446,0.00120626,0.00102786,0.000856267,0.00069
0.00184175,0.00186577,0.00179719,0.00168844,0.00158561,0.00144952,0.00130094,0.00115874,0.000999644,0.000825384,0.000663025
0.00180036,0.0017933,0.00173687,0.00163405,0.00154618,0.00140982,0.00126075,0.00112565,0.00095732,0.000798339,0.000643286
0.00174217,0.00174058,0.00168061,0.00158976,0.00148622,0.00135726,0.00122192,0.00110049,0.000927704,0.000765925,0.000622119
0.00168725,0.00166972,0.001645,0.00153982,0.00146089,0.00133249,0.00117197,0.00106383,0.000897531,0.00073906,0.000600449
0.0016282,0.00163067,0.00159016,0.00149544,0.00140916,0.00127578,0.00113386,0.00102124,0.000857714,0.000713748,0.000581128
0.00159895,0.0015818,0.00151517,0.00143153,0.00136649,0.00125101,0.00109839,0.000990442,0.000830932,0.000708328,0.000557855
0.00153445,0.00152253,0.00148111,0.00138614,0.00131299,0.00119294,0.00108182,0.000954151,0.000806372,0.00067196,0.000538621
0.0014825,0.00147468,0.00143223,0.00134773,0.00128388,0.00116044,0.001035,0.000929435,0.000783264,0.000653194,0.000523521
0.00143861,0.00143029,0.00138488,0.00130633,0.0012388,0.00112782,0.00100432,0.00090087,0.000754771,0.000629716,0.000501105
0.00139108,0.00138871,0.00134107,0.00125858,0.00119329,0.00109937,0.000972937,0.000862821,0.000733496,0.000608477,0.000485061
0.00134038,0.00134536,0.00130267,0.00123675,0.0011576,0.00105806,0.000939355,0.00084136,0.000705088,0.000590146,0.000468504
0.00130965,0.00131276,0.00126386,0.00119129,0.00112569,0.00102366,0.000916347,0.000816271,0.00069023,0.000570098,0.000455674
0.00126803,0.00126685,0.00123111,0.00115227,0.00109829,0.000992812,0.000882711,0.000792043,0.000666995,0.000552373,0.00043853
0.00122973,0.00122975,0.00118527,0.00111207,0.00105809,0.000965228,0.000858803,0.000765182,0.000648131,0.000538717,0.000422756
0.00121108,0.00118863,0.00115818,0.00107946,0.00102917,0.000945654,0.000833204,0.000745843,0.000629809,0.00051559,0.000409087
0.0011613,0.00115417,0.00112663,0.00104427,0.00099442,0.000903373,0.000817429,0.000713122,0.000607914,0.000503978,0.000398863
0.00112842,0.00111768,0.00108953,0.00101215,0.000971208,0.000885991,0.000784763,0.000701162,0.000589387,0.000488884,0.000381668
0.00109132,0.00109308,0.00105655,0.00099304,0.000937203,0.000854626,0.000766954,0.000669211,0.000571579,0.000467602,0.000371017
0.00106529,0.00105768,0.00101723,0.000959838,0.000915476,0.000828454,0.00073772,0.000656062,0.000555572,0.000456893,0.000355879
0.00102559,0.00103021,0.000996777,0.000937571,0.000883472,0.000806166,0.000721094,0.00063467,0.000536202,0.000439711,0.000346758
0.00100462,0.000997312,0.000955872,0.000892168,0.000860033,0.000788837,0.000695041,0.000611614,0.000520642,0.000430539,0.00033262
0.0009696,0.000970455,0.000939175,0.000875798,0.000838812,0.000761379,0.000676103,0.00059366,0.000494159,0.000413722,0.00032266
0.000949057,0.000937122,0.00090842,0.000848194,0.000822381,0.00074206,0.000652837,0.000577041,0.000484759,0.000407385,0.000310335
0.000913184,0.000912592,0.000881948,0.000826205,0.00078742,0.000715572,0.000637207,0.00056233,0.000474671,0.000390821,0.000303758
0.000891513,0.000890894,0.000859416,0.000807994,0.000763188,0.000694815,0.000623765,0.000540935,0.000458823,0.000381499,0.000292664
0.000862998,0.00086168,0.000833712,0.000784224,0.000743405,0.000676663,0.000602061,0.000528441,0.00044498,0.00037167,0.000283982
0.000829309,0.00084599,0.0008066,0.000757053,0.000718998,0.000654616,0.00058438,0.000513697,0.000432981,0.000354698,0.000275729
0.000804306,0.000819911,0.000783262,0.000723447,0.000697681,0.000630404,0.000565544,0.000495829,0.000417594,0.00034617,0.000264885
0.000793347,0.000793253,0.000765786,0.000703154,0.000680293,0.00062178,0.000544528,0.000485768,0.00040457,0.000334835,0.000256766
0.000764839,0.000772084,0.000747313,0.000693854,0.000659224,0.000598283,0.000536506,0.00046951,0.000391846,0.000327763,0.000249085
0.00074367,0.000748428,0.000723056,0.000677947,0.000639776,0.00058742,0.000524306,0.000454718,0.000384275,0.000312703,0.000242463
0.000722987,0.000734392,0.000706601,0.000652728,0.000622029,0.000569965,0.000505876,0.000440453,0.00037079,0.00030465,0.000232789
0.000700581,0.000713446,0.000683243,0.000636271,0.000606594,0.000557851,0.000493903,0.000428608,0.000362495,0.000295027,0.000226891
0.000685266,0.000689527,0.000670236,0.000617027,0.000587458,0.000536424,0.000476815,0.000415597,0.000349687,0.000287931,0.000220601
0.000668371,0.000665243,0.000646701,0.000595007,0.000572033,0.000533375,0.000461802,0.000410169,0.000344988,0.000279766,0.000212561
0.000642917,0.000652407,0.000633282,0.000579112,0.00056108,0.000502265,0.000451358,0.000395334,0.000328399,0.000270803,0.000204311
0.000630131,0.000629254,0.000611872,0.000564697,0.000545164,0.000496978,0.000442118,0.000382153,0.000320006,0.000262552,0.00019935
0.000613595,0.000622262,0.000600064,0.000553621,0.000525304,0.000483427,0.000427221,0.000370458,0.000311144,0.000258109,0.00019419
0.000589442,0.000595345,0.000580453,0.000537538,0.000517155,0.000474911,0.000416984,0.000359111,0.000303621,0.000248999,0.000188916
0.000582483,0.000585973,0.000562909,0.000528397,0.000495274,0.000458684,0.000406265,0.000349591,0.000295507,0.000239384,0.000182129
0.000567449,0.000567088,0.00055292,0.000503021,0.000491397,0.00044752,0.000396093,0.000341661,0.000284353,0.000231875,0.000179935
0.00054546,0.000554744,0.000536195,0.000496364,0.000471958,0.000434024,0.00038072,0.000333669,0.000277179,0.000228321,0.000169855
0.000529976,0.000538762,0.00052457,0.000484742,0.000461714,0.000423893,0.000372566,0.000322301,0.000268571,0.000220115,0.000165762
0.00051484,0.000519241,0.000510924,0.000475891,0.000444811,0.000406916,0.000365718,0.000317858,0.000264037,0.000214622,0.000160433
0.000494884,0.000514519,0.000497004,0.000454527,0.000437398,0.000397779,0.000354698,0.000303934,0.000254619,0.000210923,0.000154692
0.000490772,0.000498282,0.000478131,0.000446057,0.000419813,0.000392463,0.000338702,0.00029487,0.000247701,0.000204277,0.000150047
0.00047452,0.000480488,0.000471434,0.000430052,0.000412611,0.000383131,0.000331224,0.000288232,0.000241887,0.000196678,0.000144627
0.000461348,0.000468028,0.000459933,0.000426093,0.000405595,0.000366625,0.000324776,0.000285156,0.000234614,0.00019162,0.000140583
0.000451026,0.000461232,0.000446269,0.000414488,0.000392077,0.000361601,0.000317462,0.000271894,0.000227294,0.00018338,0.000135876
0.000440322,0.000441903,0.000437511,0.000407213,0.000380267,0.000353452,0.000309505,0.00026866,0.000223841,0.000183611,0.00013445
0.000433695,0.000438659,0.000426817,0.000390418,0.000367175,0.000345477,0.000301784,0.000257655,0.000215602,0.000172767,0.000130805
0.000411346,0.000423821,0.000413609,0.000383171,0.000360509,0.000334286,0.000293755,0.000251486,0.000208614,0.000171576,0.000127125
0.000411129,0.000414591,0.00040622,0.00036986,0.000356265,0.000325088,0.000283168,0.000248485,0.000204232,0.000165946,0.000123076
0.000399534,0.000401896,0.000394552,0.000366257,0.000342103,0.000319597,0.000280804,0.000240565,0.000197326,0.000162259,0.00012088
0.000385312,0.000392837,0.000382652,0.00035866,0.000334815,0.000310431,0.00027324,0.000233538,0.000193805,0.000156379,0.000114295
0.000364313,0.000382331,0.000375647,0.000346801,0.00032622,0.000303399,0.000263578,0.000227487,0.000185814,0.000152211,0.000113269
0.000361623,0.000375618,0.000363364,0.000340691,0.000322392,0.000290911,0.000257333,0.000220449,0.000182048,0.00014734,0.000107296
0.000356799,0.000365836,0.000354145,0.000329118,0.000304077,0.000287692,0.000245753,0.000212058,0.00017836,0.000147234,0.000106072
0.000349635,0.000352123,0.000350116,0.00031842,0.000303871,0.000278013,0.0002422,0.000207676,0.000171627,0.000139184,0.00010295
0.000337751,0.000347371,0.000341307,0.000314908,0.00029442,0.000271087,0.000236698,0.000203334,0.000168297,0.000138936,0.000101196
0.000325818,0.000335361,0.000334033,0.000304957,0.000287583,0.000265509,0.000230946,0.000196576,0.000162321,0.000132162,9.72273e-05
0.000323318,0.000325757,0.000325866,0.000300576,0.000276064,0.000260649,0.000223046,0.000192096,0.000157956,0.000131278,9.6412e-05
0.000311084,0.000314689,0.000312568,0.000289005,0.000273832,0.000253715,0.000221299,0.000189452,0.000155753,0.00012634,9.15309e-05
0.000305663,0.000311656,0.000309026,0.000283747,0.000265139,0.000246715,0.000215776,0.000184603,0.000150887,0.000122656,9.10687e-05
0.000298979,0.000305683,0.000305517,0.000273933,0.000258497,0.000239795,0.000207433,0.000177858,0.000147318,0.000116996,8.65414e-05
0.000288558,0.000296974,0.000292068,0.000275437,0.00025317,0.000234081,0.000203659,0.000174197,0.000142441,0.000118381,8.52288e-05
0.000283103,0.000291661,0.000285944,0.000260773,0.00024755,0.000230072,0.000199065,0.000169109,0.000139817,0.000112314,8.16304e-05
0.000274659,0.000284082,0.000276564,0.000262303,0.000243387,0.000219554,0.000193836,0.000166947,0.000136213,0.00011158,7.87247e-05
0.000270679,0.000273942,0.000269959,0.000254694,0.000235147,0.000213987,0.0001886,0.000164068,0.000131271,0.000106513,7.65494e-05
0.000263969,0.000265847,0.00026632,0.000250236,0.000229607,0.000212407,0.000186351,0.000157366,0.00012716,0.000104905,7.56969e-05
0.000255752,0.000257912,0.00026133,0.00024134,0.000223306,0.000206683,0.000179793,0.000155752,0.000123565,0.000101406,7.38324e-05
0.000246906,0.000255718,0.000252679,0.000234999,0.000220701,0.000200936,0.000175562,0.00014889,0.0001206,9.83754e-05,7.15566e-05
0.00024229,0.000249949,0.000248258,0.000231278,0.000212937,0.000197102,0.000169047,0.000146825,0.000120301,9.58907e-05,6.95255e-05
0.00023715,0.000245624,0.00024184,0.000222473,0.000208331,0.00019618,0.000165725,0.000142192,0.000114837,9.49576e-05,6.71058e-05
0.000228896,0.000237969,0.000234291,0.000219728,0.000201552,0.000189382,0.000159676,0.000138455,0.000112939,9.14628e-05,6.62e-05
0.000226166,0.000230345,0.000230342,0.000213721,0.000199195,0.000182955,0.000159924,0.000135133,0.00010877,8.89145e-05,6.38637e-05
0.000221843,0.000224071,0.000226603,0.000210625,0.000194779,0.000177969,0.000153208,0.000134466,0.000106815,8.54607e-05,6.23204e-05
0.000212512,0.000217634,0.000220929,0.000207129,0.000188872,0.000176394,0.000150766,0.000130769,0.000103934,8.57844e-05,6.00217e-05
0.000204757,0.000213912,0.000213905,0.000204981,0.000186223,0.000169826,0.000148866,0.000125836,0.000100837,8.15247e-05,5.8965e-05
0.000205783,0.000211639,0.000209355,0.000196702,0.000180039,0.000167088,0.000142734,0.00012369,9.97176e-05,7.93633e-05,5.67614e-05
0.000198569,0.000204595,0.000203843,0.000191305,0.000176965,0.000161796,0.000140157,0.000120798,9.73662e-05,7.79644e-05,5.49828e-05
0.000195468,0.000199163,0.000201942,0.000186431,0.00017116,0.000158666,0.000137129,0.000116796,9.41067e-05,7.5609e-05,5.41792e-05
0.000191372,0.000196052,0.000196526,0.000182253,0.000168898,0.000155602,0.000132288,0.000115554,9.17229e-05,7.39524e-05,5.21223e-05
0.000185776,0.0001891,0.000189861,0.000181375,0.000165992,0.000150566,0.000131611,0.00011226,8.87882e-05,7.15484e-05,5.00683e-05
0.000180888,0.000186165,0.000187222,0.000176591,0.000161173,0.000148966,0.000128452,0.000109131,8.71543e-05,6.96156e-05,4.92911e-05
0.000175155,0.000181149,0.000182723,0.000172717,0.000157768,0.000145639,0.000125272,0.000107586,8.45257e-05,6.86493e-05,4.76165e-05
0.000170911,0.000176828,0.000178479,0.000169266,0.000153646,0.000142346,0.000121324,0.000104915,8.27265e-05,6.66937e-05,4.65237e-05
0.000167537,0.000173145,0.00017435,0.000164104,0.000150391,0.000138866,0.000117346,0.00010239,8.1467e-05,6.47837e-05,4.51593e-05
0.0001658,0.000169066,0.000170403,0.000158509,0.000147205,0.000134409,0.000115038,0.00010014,8.03205e-05,6.29951e-05,4.39012e-05
0.00016147,0.000164859,0.000168103,0.000153618,0.000141578,0.000131639,0.000110643,9.58306e-05,7.71816e-05,6.19518e-05,4.31177e-05
0.000158676,0.000160718,0.000163421,0.000151609,0.000138974,0.000128609,0.000109358,9.35515e-05,7.52963e-05,6.01389e-05,4.22472e-05
0.000153514,0.000156718,0.000157448,0.000150228,0.000136328,0.000126246,0.000107444,9.1833e-05,7.32379e-05,5.85581e-05,4.06694e-05
0.000152693,0.000154179,0.000155023,0.000145255,0.000133626,0.000123175,0.000104968,9.00888e-05,7.23864e-05,5.7257e-05,3.98887e-05
0.000144383,0.000150155,0.000152179,0.0001441,0.000130813,0.000120035,0.000102434,8.83422e-05,6.94574e-05,5.55921e-05,3.82796e-05
0.000143859,0.000146453,0.000148694,0.000140333,0.000128818,0.000117585,9.97845e-05,8.53655e-05,6.82702e-05,5.40315e-05,3.75008e-05
0.000139713,0.000144655,0.000145073,0.000136922,0.000125158,0.000115358,9.76762e-05,8.3678e-05,6.65921e-05,5.22794e-05,3.63483e-05
0.000137289,0.000141058,0.000143439,0.000136708,0.000121544,0.000112592,9.49854e-05,8.06139e-05,6.41666e-05,5.14203e-05,3.56546e-05
0.000133412,0.000136982,0.000139666,0.000131683,0.000118941,0.00010953,9.27856e-05,8.011e-05,6.2919e-05,5.00988e-05,3.48209e-05
0.000131123,0.000134289,0.000136029,0.000127897,0.000116306,0.000108093,9.12562e-05,7.7631e-05,6.06238e-05,4.81736e-05,3.33893e-05
0.000128467,0.000131771,0.000132588,0.000125999,0.00011512,0.000105542,8.88529e-05,7.57772e-05,6.00741e-05,4.74263e-05,3.27965e-05
0.000125666,0.000127523,0.000129931,0.000122662,0.000111206,0.000102948,8.62466e-05,7.40471e-05,5.8489e-05,4.63906e-05,3.21056e-05
0.000122361,0.00012735,0.000128244,0.000120264,0.000108008,0.00010055,8.46145e-05,7.27346e-05,5.74458e-05,4.53008e-05,3.08822e-05
0.000118245,0.000123237,0.000123236,0.000117237,0.000105994,9.96748e-05,8.23474e-05,7.11069e-05,5.58929e-05,4.45559e-05,3.01645e-05
0.000116421,0.000118266,0.000120459,0.000115238,0.000104829,9.71842e-05,8.08986e-05,6.90185e-05,5.45005e-05,4.28326e-05,2.94867e-05
0.000112939,0.000116167,0.000116868,0.000113335,0.000101712,9.394e-05,7.92903e-05,6.74762e-05,5.34525e-05,4.23725e-05,2.8725e-05
0.000110934,0.000114429,0.000116036,0.000110912,9.9818e-05,9.21999e-05,7.72777e-05,6.65693e-05,5.18542e-05,4.10475e-05,2.7919e-05
0.000108792,0.00011213,0.000113918,0.00010762,9.74148e-05,9.01044e-05,7.5222e-05,6.41301e-05,5.07806e-05,3.98265e-05,2.71055e-05
0.00010601,0.000109205,0.000111412,0.000104824,9.53549e-05,8.85692e-05,7.40185e-05,6.29776e-05,4.95113e-05,3.89052e-05,2.63417e-05
0.000103288,0.000107777,0.000108236,0.000102946,9.36171e-05,8.62763e-05,7.17971e-05,6.20143e-05,4.80199e-05,3.73407e-05,2.59653e-05
0.000100698,0.000104594,0.000106054,0.000100339,9.16165e-05,8.40043e-05,7.0692e-05,6.05078e-05,4.72911e-05,3.68301e-05,2.51441e-05
9.93662e-05,0.000103143,0.000104531,9.76286e-05,8.97162e-05,8.19525e-05,6.86759e-05,5.78746e-05,4.6123e-05,3.56335e-05,2.46669e-05
9.72134e-05,9.97358e-05,0.000101634,9.72957e-05,8.75873e-05,8.11076e-05,6.72965e-05,5.70401e-05,4.50752e-05,3.48717e-05,2.3894e-05
9.46565e-05,9.71713e-05,9.87361e-05,9.42847e-05,8.53553e-05,7.9094e-05,6.54837e-05,5.59566e-05,4.38002e-05,3.41967e-05,2.31202e-05
9.20748e-05,9.4588e-05,9.7605e-05,9.22271e-05,8.34922e-05,7.7307e-05,6.43448e-05,5.4728e-05,4.29541e-05,3.32237e-05,2.27671e-05
9.07933e-05,9.34812e-05,9.448e-05,9.08966e-05,8.23235e-05,7.57661e-05,6.29587e-05,5.31637e-05,4.13287e-05,3.22656e-05,2.19625e-05
8.90738e-05,9.17778e-05,9.22678e-05,8.97652e-05,8.02632e-05,7.35546e-05,6.10715e-05,5.2091e-05,4.10192e-05,3.18327e-05,2.14857e-05
8.6502e-05,8.98055e-05,9.03806e-05,8.66117e-05,7.80161e-05,7.22001e-05,6.03021e-05,5.04732e-05,4.0171e-05,3.06819e-05,2.06473e-05
8.40066e-05,8.83103e-05,8.8655e-05,8.54687e-05,7.67512e-05,7.08602e-05,5.84945e-05,5.00463e-05,3.88077e-05,3.00516e-05,1.99493e-05
8.24784e-05,8.47718e-05,8.67549e-05,8.32214e-05,7.51402e-05,6.97545e-05,5.79451e-05,4.8803e-05,3.80643e-05,2.90214e-05,1.99463e-05
8.01893e-05,8.31636e-05,8.55571e-05,8.14587e-05,7.30917e-05,6.75238e-05,5.57473e-05,4.7384e-05,3.68294e-05,2.88435e-05,1.90941e-05
7.96628e-05,8.24911e-05,8.30578e-05,7.92151e-05,7.08404e-05,6.56874e-05,5.43554e-05,4.61832e-05,3.62042e-05,2.78223e-05,1.91655e-05
7.84307e-05,7.93706e-05,8.20778e-05,7.70194e-05,7.04864e-05,6.49536e-05,5.32882e-05,4.42932e-05,3.52813e-05,2.76156e-05,1.84851e-05
7.51505e-05,7.70206e-05,7.91083e-05,7.61347e-05,6.84173e-05,6.33925e-05,5.22762e-05,4.43932e-05,3.42302e-05,2.63189e-05,1.78676e-05
7.46272e-05,7.6321e-05,7.84791e-05,7.44196e-05,6.64122e-05,6.23498e-05,5.10677e-05,4.31838e-05,3.35204e-05,2.58323e-05,1.71517e-05
7.16635e-05,7.31188e-05,7.60119e-05,7.25506e-05,6.54625e-05,6.08714e-05,5.01149e-05,4.19613e-05,3.30871e-05,2.53102e-05,1.6938e-05
7.05592e-05,7.29247e-05,7.38898e-05,7.16582e-05,6.5028e-05,5.95977e-05,4.89998e-05,4.1702e-05,3.20992e-05,2.46829e-05,1.64801e-05
6.7884e-05,7.046e-05,7.19035e-05,7.00121e-05,6.31924e-05,5.82201e-05,4.7479e-05,4.0098e-05,3.1401e-05,2.44276e-05,1.58785e-05
6.74125e-05,6.9767e-05,7.18356e-05,6.84879e-05,6.1788e-05,5.65746e-05,4.64007e-05,3.91875e-05,3.04542e-05,2.3393e-05,1.53364e-05
6.56915e-05,6.83237e-05,6.87202e-05,6.68612e-05,6.06161e-05,5.60575e-05,4.60721e-05,3.83619e-05,2.92508e-05,2.2751e-05,1.51165e-05
6.4205e-05,6.69261e-05,6.82476e-05,6.60931e-05,5.87046e-05,5.34238e-05,4.4774e-05,3.76046e-05,2.90975e-05,2.20765e-05,1.4885e-05
6.40174e-05,6.48441e-05,6.60821e-05,6.41747e-05,5.72381e-05,5.29006e-05,4.37677e-05,3.60443e-05,2.81236e-05,2.15348e-05,1.46218e-05
6.1839e-05,6.36794e-05,6.4749e-05,6.27985e-05,5.67589e-05,5.20687e-05,4.26859e-05,3.56285e-05,2.76541e-05,2.12203e-05,1.38938e-05
5.98506e-05,6.21766e-05,6.32087e-05,6.10993e-05,5.51196e-05,5.0677e-05,4.16985e-05,3.46213e-05,2.67016e-05,2.06126e-05,1.35608e-05
5.80161e-05,6.09845e-05,6.20426e-05,6.05214e-05,5.38284e-05,4.96288e-05,4.04812e-05,3.36174e-05,2.65226e-05,2.00819e-05,1.32041e-05
5.69304e-05,5.94302e-05,6.03538e-05,5.8429e-05,5.3518e-05,4.84291e-05,3.9895e-05,3.30821e-05,2.55611e-05,1.9104e-05,1.30796e-05
5.55151e-05,5.77722e-05,5.92685e-05,5.76475e-05,5.20374e-05,4.7646e-05,3.85413e-05,3.26448e-05,2.4716e-05,1.91338e-05,1.27398e-05
5.51869e-05,5.66618e-05,5.78563e-05,5.63225e-05,5.13244e-05,4.66231e-05,3.81587e-05,3.20134e-05,2.46463e-05,1.85647e-05,1.22727e-05
5.2651e-05,5.60548e-05,5.64908e-05,5.52829e-05,4.94372e-05,4.5574e-05,3.71985e-05,3.10593e-05,2.35935e-05,1.81449e-05,1.18509e-05
5.11805e-05,5.46076e-05,5.55085e-05,5.36673e-05,4.76503e-05,4.36646e-05,3.55192e-05,3.08349e-05,2.38706e-05,1.75714e-05,1.14741e-05
5.09427e-05,5.33483e-05,5.42043e-05,5.28899e-05,4.6801e-05,4.41148e-05,3.54297e-05,3.01073e-05,2.22314e-05,1.71857e-05,1.12541e-05
4.97696e-05,5.27284e-05,5.23601e-05,5.23269e-05,4.5569e-05,4.28721e-05,3.4686e-05,2.85419e-05,2.18386e-05,1.66297e-05,1.10421e-05
4.83413e-05,5.04688e-05,5.22572e-05,5.01715e-05,4.47259e-05,4.20363e-05,3.41071e-05,2.78795e-05,2.156e-05,1.63983e-05,1.07779e-05
4.75115e-05,4.9337e-05,5.06732e-05,4.91644e-05,4.39565e-05,4.10893e-05,3.34223e-05,2.74381e-05,2.07719e-05,1.58817e-05,1.0525e-05
4.68512e-05,4.85805e-05,5.00176e-05,4.89356e-05,4.33272e-05,4.00453e-05,3.21874e-05,2.68317e-05,2.07037e-05,1.56785e-05,1.01521e-05
4.54867e-05,4.69336e-05,4.81141e-05,4.7288e-05,4.25395e-05,3.94872e-05,3.18328e-05,2.60934e-05,2.0139e-05,1.49684e-05,1.00439e-05
4.44339e-05,4.61632e-05,4.69446e-05,4.73559e-05,4.13046e-05,3.87322e-05,3.13278e-05,2.56645e-05,1.93545e-05,1.48535e-05,1.00041e-05
4.30951e-05,4.46721e-05,4.61304e-05,4.59296e-05,4.04506e-05,3.75101e-05,3.0415e-05,2.47576e-05,1.90152e-05,1.43912e-05,9.3734e-06
4.16172e-05,4.47308e-05,4.49858e-05,4.45174e-05,3.97048e-05,3.69244e-05,2.96261e-05,2.43497e-05,1.84465e-05,1.39302e-05,9.04707e-06
4.15996e-05,4.32419e-05,4.49216e-05,4.35389e-05,3.88473e-05,3.61265e-05,2.93641e-05,2.36296e-05,1.80475e-05,1.34597e-05,8.76159e-06
3.94865e-05,4.27458e-05,4.31416e-05,4.30974e-05,3.86054e-05,3.52538e-05,2.89495e-05,2.29551e-05,1.78464e-05,1.32387e-05,8.79063e-06
3.99429e-05,4.11532e-05,4.22436e-05,4.22408e-05,3.76539e-05,3.52787e-05,2.83074e-05,2.27815e-05,1.7274e-05,1.2795e-05,8.48667e-06
3.84546e-05,4.02001e-05,4.1759e-05,4.05312e-05,3.64685e-05,3.37707e-05,2.69644e-05,2.25999e-05,1.65809e-05,1.27335e-05,8.08179e-06
3.72395e-05,3.97962e-05,4.12243e-05,4.03978e-05,3.60513e-05,3.28785e-05,2.68628e-05,2.17127e-05,1.64201e-05,1.21436e-05,7.84375e-06
3.63602e-05,3.83664e-05,3.96919e-05,3.95994e-05,3.42944e-05,3.2572e-05,2.59029e-05,2.11911e-05,1.57607e-05,1.19457e-05,7.68365e-06
3.5445e-05,3.78059e-05,3.86826e-05,3.8471e-05,3.40866e-05,3.15319e-05,2.56002e-05,2.09386e-05,1.56454e-05,1.14688e-05,7.67885e-06
3.48782e-05,3.6658e-05,3.75038e-05,3.80165e-05,3.37305e-05,3.13582e-05,2.51673e-05,2.0447e-05,1.52796e-05,1.13888e-05,7.34531e-06
3.38209e-05,3.52499e-05,3.71604e-05,3.67304e-05,3.25281e-05,3.04496e-05,2.45788e-05,1.984e-05,1.47654e-05,1.08175e-05,7.27123e-06
3.26123e-05,3.48549e-05,3.61582e-05,3.6309e-05,3.20723e-05,2.99262e-05,2.36281e-05,1.92415e-05,1.45675e-05,1.07975e-05,6.91305e-06
3.27817e-05,3.43623e-05,3.55218e-05,3.47382e-05,3.1372e-05,2.91005e-05,2.32265e-05,1.86947e-05,1.3842e-05,1.00394e-05,6.8412e-06
3.09823e-05,3.30135e-05,3.52229e-05,3.50944e-05,3.07848e-05,2.82881e-05,2.31731e-05,1.84041e-05,1.36963e-05,1.00268e-05,6.61003e-06
3.05914e-05,3.2661e-05,3.36227e-05,3.41584e-05,2.99638e-05,2.77802e-05,2.21277e-05,1.80252e-05,1.36202e-05,9.72272e-06,6.53129e-06
3.03462e-05,3.22671e-05,3.26396e-05,3.33823e-05,2.94519e-05,2.75867e-05,2.1916e-05,1.77253e-05,1.29926e-05,9.577e-06,6.337e-06
2.92353e-05,3.06091e-05,3.27889e-05,3.20468e-05,2.84723e-05,2.68376e-05,2.1307e-05,1.72047e-05,1.28436e-05,9.4466e-06,6.0419e-06
2.86946e-05,3.05618e-05,3.19355e-05,3.23469e-05,2.78954e-05,2.64889e-05,2.09883e-05,1.65948e-05,1.26089e-05,8.855e-06,5.93267e-06
2.69594e-05,2.94931e-05,3.07945e-05,3.18558e-05,2.79224e-05,2.57522e-05,2.06002e-05,1.65694e-05,1.22049e-05,8.58909e-06,5.92839e-06
2.66838e-05,2.88216e-05,3.0471e-05,2.99597e-05,2.69555e-05,2.48844e-05,1.99529e-05,1.6196e-05,1.19458e-05,8.74228e-06,5.71063e-06
2.68602e-05,2.89006e-05,2.98656e-05,2.95913e-05,2.6492e-05,2.37457e-05,1.92958e-05,1.50855e-05,1.12807e-05,8.23118e-06,5.55505e-06
2.5469e-05,2.77366e-05,2.90641e-05,2.9302e-05,2.59713e-05,2.40057e-05,1.90747e-05,1.4961e-05,1.09561e-05,8.03669e-06,5.33591e-06
2.47923e-05,2.67941e-05,2.84093e-05,2.86408e-05,2.51573e-05,2.38674e-05,1.87331e-05,1.46939e-05,1.08197e-05,7.91833e-06,4.98053e-06
2.36489e-05,2.69238e-05,2.79773e-05,2.79448e-05,2.4861e-05,2.32435e-05,1.81241e-05,1.45008e-05,1.04654e-05,7.53766e-06,5.16413e-06
2.38084e-05,2.56823e-05,2.69396e-05,2.7503e-05,2.40809e-05,2.25046e-05,1.80227e-05,1.42643e-05,1.0521e-05,7.34732e-06,4.97044e-06
2.31777e-05,2.51127e-05,2.65669e-05,2.69805e-05,2.34013e-05,2.17367e-05,1.75581e-05,1.37052e-05,1.0155e-05,7.18388e-06,4.59631e-06
2.24611e-05,2.34541e-05,2.61532e-05,2.61385e-05,2.30108e-05,2.15183e-05,1.67851e-05,1.34175e-05,9.72159e-06,7.05099e-06,4.73105e-06
2.10554e-05,2.44641e-05,2.55753e-05,2.60028e-05,2.2636e-05,2.09973e-05,1.63142e-05,1.25661e-05,9.32001e-06,6.80146e-06,4.50535e-06
2.1491e-05,2.32816e-05,2.39903e-05,2.50586e-05,2.20749e-05,2.07525e-05,1.63208e-05,1.31737e-05,9.32456e-06,6.63938e-06,4.37408e-06
2.15192e-05,2.32047e-05,2.39856e-05,2.48287e-05,2.15013e-05,2.03532e-05,1.64949e-05,1.29154e-05,9.13438e-06,6.65488e-06,4.20047e-06
2.03653e-05,2.18005e-05,2.3472e-05,2.41157e-05,2.09543e-05,1.9814e-05,1.55702e-05,1.22936e-05,9.09371e-06,6.3143e-06,4.04631e-06
1.97366e-05,2.22255e-05,2.33157e-05,2.33302e-05,2.04983e-05,1.96829e-05,1.52599e-05,1.18271e-05,8.32951e-06,6.14745e-06,3.90457e-06
1.92461e-05,2.17477e-05,2.24333e-05,2.31314e-05,1.99599e-05,1.89631e-05,1.51855e-05,1.13523e-05,8.27631e-06,6.04773e-06,3.72274e-06
1.87402e-05,2.04741e-05,2.19871e-05,2.25263e-05,1.9785e-05,1.8432e-05,1.49224e-05,1.14492e-05,8.25513e-06,5.7705e-06,3.77497e-06
1.87928e-05,2.01867e-05,2.12948e-05,2.18442e-05,1.94338e-05,1.79085e-05,1.44563e-05,1.10368e-05,8.20826e-06,5.52694e-06,3.78948e-06
1.72219e-05,1.9449e-05,2.11455e-05,2.16795e-05,1.91226e-05,1.81363e-05,1.41081e-05,1.0787e-05,7.93337e-06,5.53702e-06,3.49734e-06
1.72456e-05,1.90614e-05,2.02572e-05,2.13981e-05,1.88372e-05,1.78332e-05,1.38e-05,1.05675e-05,7.62132e-06,5.27743e-06,3.38679e-06
1.7009e-05,1.86107e-05,2.02273e-05,2.09523e-05,1.82247e-05,1.69139e-05,1.31471e-05,1.00806e-05,7.16816e-06,5.1663e-06,3.29827e-06
1.70279e-05,1.82348e-05,1.9258e-05,2.04114e-05,1.81459e-05,1.65597e-05,1.30678e-05,1.00098e-05,7.17747e-06,4.97395e-06,3.21977e-06
1.61792e-05,1.73373e-05,1.89681e-05,1.95925e-05,1.72232e-05,1.60151e-05,1.28936e-05,9.83156e-06,6.87809e-06,4.9322e-06,3.21535e-06
1.57554e-05,1.68204e-05,1.85899e-05,1.9155e-05,1.69731e-05,1.5671e-05,1.24474e-05,9.60659e-06,6.9744e-06,4.68168e-06,3.03751e-06
1.52865e-05,1.65727e-05,1.80288e-05,1.93663e-05,1.65454e-05,1.55712e-05,1.21637e-05,9.26373e-06,6.771e-06,4.59542e-06,2.86463e-06
1.49952e-05,1.64519e-05,1.78129e-05,1.83164e-05,1.63385e-05,1.51734e-05,1.24185e-05,8.96079e-06,6.59282e-06,4.46864e-06,2.74503e-06
1.45949e-05,1.56802e-05,1.72025e-05,1.84195e-05,1.56773e-05,1.48313e-05,1.15707e-05,9.07702e-06,6.37363e-06,4.40133e-06,2.67024e-06
1.44682e-05,1.52558e-05,1.62651e-05,1.77012e-05,1.56396e-05,1.465e-05,1.16403e-05,8.65898e-06,6.21968e-06,4.29251e-06,2.64412e-06
1.35478e-05,1.52135e-05,1.64549e-05,1.74687e-05,1.58448e-05,1.43121e-05,1.11065e-05,8.43841e-06,5.96795e-06,3.99771e-06,2.52226e-06
1.34575e-05,1.51692e-05,1.55718e-05,1.69058e-05,1.48369e-05,1.38238e-05,1.12033e-05,7.98843e-06,5.75074e-06,4.00988e-06,2.40191e-06
1.30772e-05,1.43668e-05,1.53824e-05,1.64003e-05,1.50783e-05,1.35984e-05,1.0579e-05,7.95709e-06,5.26266e-06,3.7984e-06,2.41197e-06
1.26474e-05,1.37254e-05,1.55083e-05,1.63788e-05,1.38171e-05,1.30395e-05,1.03492e-05,7.73422e-06,5.52932e-06,3.76822e-06,2.26793e-06
1.21355e-05,1.36141e-05,1.50516e-05,1.60829e-05,1.39419e-05,1.27978e-05,1.0384e-05,7.80243e-06,5.48385e-06,3.66109e-06,2.25413e-06
1.20454e-05,1.33774e-05,1.483e-05,1.55037e-05,1.32953e-05,1.25275e-05,9.80328e-06,7.52138e-06,5.07747e-06,3.61583e-06,2.1836e-06
1.17044e-05,1.29444e-05,1.42868e-05,1.5351e-05,1.33449e-05,1.25284e-05,9.58927e-06,7.03523e-06,5.0719e-06,3.45937e-06,2.07139e-06
1.12241e-05,1.23076e-05,1.42386e-05,1.50432e-05,1.30867e-05,1.20664e-05,9.55057e-06,6.99167e-06,4.83979e-06,3.26994e-06,2.0717e-06
1.09945e-05,1.2094e-05,1.38037e-05,1.4655e-05,1.27708e-05,1.18059e-05,9.21037e-06,6.99028e-06,4.70993e-06,3.19781e-06,2.00238e-06
1.05927e-05,1.16664e-05,1.33699e-05,1.40111e-05,1.24958e-05,1.17576e-05,8.84657e-06,6.83957e-06,4.54295e-06,3.25765e-06,1.97737e-06
1.01085e-05,1.14498e-05,1.2974e-05,1.41427e-05,1.20837e-05,1.12725e-05,8.87009e-06,6.63376e-06,4.3607e-06,2.98004e-06,1.87487e-06
1.02913e-05,1.139e-05,1.24972e-05,1.38794e-05,1.15457e-05,1.10765e-05,9.07228e-06,6.39232e-06,4.31652e-06,3.07344e-06,1.7284e-06
9.51376e-06,1.10721e-05,1.23221e-05,1.3793e-05,1.15736e-05,1.09102e-05,8.44554e-06,6.21621e-06,4.16733e-06,2.86608e-06,1.7035e-06
9.67111e-06,1.05022e-05,1.20015e-05,1.31972e-05,1.13812e-05,1.04426e-05,8.35065e-06,6.11595e-06,4.07057e-06,2.69636e-06,1.68195e-06
9.25845e-06,1.05612e-05,1.17779e-05,1.30056e-05,1.11249e-05,1.04721e-05,8.13342e-06,6.01946e-06,3.98674e-06,2.74569e-06,1.67296e-06
8.88612e-06,1.05646e-05,1.18004e-05,1.26767e-05,1.04948e-05,1.02002e-05,7.86978e-06,5.65452e-06,3.83296e-06,2.58654e-06,1.5449e-06
8.68376e-06,9.73544e-06,1.12542e-05,1.23221e-05,1.06575e-05,1.00284e-05,7.74658e-06,5.80377e-06,3.60474e-06,2.54283e-06,1.44115e-06
8.19546e-06,9.65046e-06,1.09995e-05,1.2089e-05,1.04767e-05,9.70632e-06,7.8156e-06,5.42876e-06,3.70833e-06,2.33158e-06,1.41421e-06
8.03701e-06,9.54084e-06,1.07488e-05,1.17905e-05,1.02296e-05,9.33272e-06,7.40633e-06,5.39827e-06,3.4733e-06,2.33622e-06,1.37463e-06
7.82921e-06,8.92894e-06,1.0437e-05,1.15571e-05,9.92372e-06,9.17863e-06,7.30712e-06,5.30568e-06,3.66028e-06,2.19566e-06,1.40331e-06
7.55491e-06,8.87908e-06,1.0293e-05,1.11451e-05,9.7042e-06,8.85949e-06,7.11284e-06,5.04798e-06,3.4227e-06,2.12506e-06,1.35732e-06
7.57132e-06,8.51381e-06,1.00475e-05,1.09979e-05,9.47355e-06,8.82921e-06,6.97393e-06,5.02804e-06,3.31322e-06,2.07903e-06,1.26191e-06
7.58337e-06,8.10007e-06,9.8671e-06,1.09847e-05,9.3639e-06,8.76216e-06,6.65062e-06,4.89378e-06,3.26575e-06,1.95186e-06,1.28831e-06
7.25199e-06,7.74434e-06,9.65839e-06,1.02399e-05,9.12406e-06,8.47038e-06,6.56511e-06,4.56372e-06,3.02691e-06,1.95356e-06,1.18134e-06
7.1726e-06,8.06696e-06,9.01714e-06,1.02492e-05,8.92597e-06,8.60441e-06,6.69439e-06,4.66528e-06,3.02644e-06,1.96557e-06,1.25783e-06
