-0.00393349,-0.0039001,-0.00383898,-0.0037602,-0.00368716,-0.00361729,-0.00356765,-0.00352571,-0.00348442,-0.00343085,-0.00335593
-0.0039445,-0.00390903,-0.00384845,-0.00376843,-0.00368706,-0.00360959,-0.00354388,-0.00348088,-0.00341617,-0.00333731,-0.00323628
-0.0039188,-0.00388458,-0.00382125,-0.00374066,-0.00365525,-0.00356895,-0.00349057,-0.00341286,-0.00332647,-0.00322775,-0.00310478
-0.00383881,-0.00380498,-0.0037427,-0.00366497,-0.00357855,-0.00348773,-0.00339987,-0.00330667,-0.00320543,-0.00308781,-0.0029486
-0.00379543,-0.00376214,-0.00370074,-0.00362339,-0.00353431,-0.00343868,-0.00334098,-0.0032353,-0.00311929,-0.00298639,-0.00283324
-0.00375969,-0.00372824,-0.00366957,-0.00359083,-0.00349922,-0.00339798,-0.0032902,-0.00317515,-0.00304469,-0.00289893,-0.00273513
-0.00368716,-0.00365612,-0.00359724,-0.00352074,-0.0034279,-0.00332426,-0.00321029,-0.00308482,-0.0029456,-0.00278991,-0.00261723
-0.00362612,-0.00359652,-0.00353904,-0.00346245,-0.00336849,-0.00326127,-0.00314098,-0.00300784,-0.00285976,-0.00269606,-0.00251663
-0.00356454,-0.00353604,-0.00347914,-0.00340265,-0.00330788,-0.00319692,-0.00307107,-0.00293128,-0.00277593,-0.00260556,-0.00242125
-0.00350651,-0.00347912,-0.00342274,-0.00334552,-0.00324972,-0.0031362,-0.00300402,-0.00285875,-0.00269782,-0.00252223,-0.00233415
-0.00343819,-0.00341198,-0.00335568,-0.003279,-0.00318192,-0.00306511,-0.00293042,-0.00278089,-0.00261422,-0.00243589,-0.00224495
-0.00337944,-0.00335274,-0.00329693,-0.00321996,-0.0031223,-0.0030022,-0.0028646,-0.00271013,-0.00254109,-0.00235835,-0.00216546
-0.00330992,-0.00328467,-0.00322892,-0.0031508,-0.00305156,-0.00292997,-0.00278924,-0.00263263,-0.00246072,-0.00227644,-0.00208369
-0.00324752,-0.00322259,-0.00316675,-0.00308853,-0.00298776,-0.00286415,-0.00272141,-0.00256187,-0.00238774,-0.00220296,-0.00200925
-0.00318144,-0.00315606,-0.0031009,-0.00302152,-0.00292023,-0.00279457,-0.00265021,-0.00248901,-0.00231404,-0.00212857,-0.00193552
-0.00312617,-0.00310192,-0.00304604,-0.00296598,-0.00286252,-0.00273557,-0.00258943,-0.00242634,-0.0022495,-0.00206543,-0.00187183
-0.00306875,-0.00304405,-0.00298769,-0.00290635,-0.00280224,-0.00267395,-0.00252626,-0.00236274,-0.00218666,-0.00200067,-0.00180912
-0.00300534,-0.00297907,-0.00292428,-0.002842,-0.00273629,-0.00260758,-0.00245919,-0.00229529,-0.00211879,-0.00193465,-0.00174654
-0.00294648,-0.0029209,-0.00286537,-0.00278154,-0.00267662,-0.0025461,-0.00239719,-0.00223239,-0.00205705,-0.00187401,-0.00168524
-0.00289437,-0.00286804,-0.00281309,-0.00272889,-0.00262181,-0.00249106,-0.00234185,-0.00217611,-0.00200115,-0.00181945,-0.00163229
-0.00283703,-0.00281023,-0.00275452,-0.00266955,-0.00256301,-0.00243141,-0.00228154,-0.00211704,-0.00194327,-0.00176308,-0.00157785
-0.00278643,-0.00275827,-0.00270216,-0.00261877,-0.00250906,-0.00237852,-0.00222891,-0.00206436,-0.00189125,-0.00171338,-0.00152957
-0.00273499,-0.00270576,-0.00264976,-0.00256545,-0.00245716,-0.00232508,-0.0021752,-0.00201135,-0.00184023,-0.0016633,-0.00147798
-0.00268462,-0.00265458,-0.00259883,-0.00251391,-0.00240378,-0.00227349,-0.00212389,-0.0019615,-0.00179128,-0.00161649,-0.00143726
-0.00263471,-0.00260453,-0.00254828,-0.00246398,-0.00235463,-0.00222295,-0.00207345,-0.00191154,-0.00174277,-0.00156991,-0.00138921
-0.00257584,-0.00254604,-0.00248993,-0.00240532,-0.00229621,-0.00216587,-0.00201795,-0.00185759,-0.00169089,-0.00152066,-0.00134721
-0.00253359,-0.00250282,-0.0024466,-0.00236226,-0.00225222,-0.00212294,-0.00197504,-0.00181619,-0.00165108,-0.00148229,-0.00131062
-0.00248289,-0.00245306,-0.0023967,-0.00231281,-0.00220375,-0.0020743,-0.00192827,-0.00176955,-0.00160653,-0.00144013,-0.00127193
-0.00243624,-0.00240604,-0.00234956,-0.00226531,-0.00215664,-0.00202852,-0.00188242,-0.0017265,-0.00156504,-0.00140069,-0.00123462
-0.00239295,-0.00236335,-0.00230705,-0.00222258,-0.00211486,-0.00198712,-0.00184264,-0.00168867,-0.00152793,-0.00136577,-0.00120643
-0.00234508,-0.00231551,-0.00225899,-0.00217542,-0.00206807,-0.00194157,-0.00179788,-0.001645,-0.00148734,-0.00132728,-0.00116657
-0.00229667,-0.00226762,-0.0022114,-0.00212858,-0.00202211,-0.00189655,-0.00175508,-0.00160357,-0.00144789,-0.00129029,-0.00113292
-0.00225241,-0.00222337,-0.0021674,-0.0020853,-0.00197971,-0.00185509,-0.00171516,-0.00156534,-0.00141184,-0.00125635,-0.00110164
-0.00220848,-0.00217984,-0.00212422,-0.00204257,-0.0019379,-0.00181445,-0.00167624,-0.00152824,-0.00137674,-0.00122345,-0.00107153
-0.0021672,-0.0021389,-0.0020834,-0.00200305,-0.00189914,-0.00177668,-0.00164001,-0.00149334,-0.00134413,-0.00119304,-0.00104373
-0.0021239,-0.00209563,-0.00204093,-0.0019607,-0.00185769,-0.00173708,-0.00160159,-0.00145782,-0.0013102,-0.00116048,-0.00101469
-0.00208078,-0.00205319,-0.00199855,-0.00191927,-0.00181765,-0.00169847,-0.00156482,-0.00142269,-0.00127768,-0.0011309,-0.000987048
-0.00203861,-0.00201137,-0.00195723,-0.00187875,-0.0017785,-0.00166062,-0.00152892,-0.00138871,-0.00124591,-0.00110141,-0.000960256
-0.00199796,-0.00197124,-0.0019175,-0.00183999,-0.00174094,-0.00162438,-0.00149438,-0.0013563,-0.00121549,-0.00107354,-0.000934952
-0.00195903,-0.00193214,-0.00187939,-0.00180245,-0.00170464,-0.00159009,-0.00146177,-0.00132528,-0.00118624,-0.00104711,-0.000911096
-0.00191619,-0.00188965,-0.0018376,-0.0017619,-0.00166545,-0.00155235,-0.00142612,-0.00129233,-0.0011559,-0.00101822,-0.000885181
-0.00187626,-0.00185032,-0.00179893,-0.00172408,-0.00162908,-0.00151763,-0.00139333,-0.00126161,-0.00112743,-0.000991979,-0.000861424
-0.00183739,-0.00181175,-0.00176095,-0.00168739,-0.00159385,-0.00148386,-0.0013615,-0.00123195,-0.0010999,-0.000966753,-0.000838687
-0.00179822,-0.00177301,-0.001723,-0.00165024,-0.00155817,-0.00145002,-0.00132958,-0.0012023,-0.00107236,-0.000941511,-0.000815736
-0.00176215,-0.00173736,-0.00168853,-0.00161637,-0.00152576,-0.00141901,-0.00130077,-0.00117552,-0.00104716,-0.000918612,-0.00079452
-0.00172226,-0.00169776,-0.00164931,-0.00157894,-0.00148971,-0.00138505,-0.00126856,-0.00114544,-0.00101998,-0.000893155,-0.000772392
-0.00168608,-0.00166191,-0.0016143,-0.00154483,-0.0014574,-0.00135424,-0.00123967,-0.00111873,-0.000995518,-0.00087069,-0.000751996
-0.00164922,-0.00162538,-0.0015785,-0.00151047,-0.00142397,-0.00132296,-0.00121032,-0.0010917,-0.000970111,-0.000847965,-0.000731589
-0.00161299,-0.00158983,-0.00154346,-0.00147693,-0.00139207,-0.00129259,-0.0011821,-0.00106531,-0.000946221,-0.000826079,-0.000711912
-0.0015788,-0.00155596,-0.00151059,-0.00144478,-0.00136177,-0.00126367,-0.00115526,-0.00104037,-0.000923681,-0.000805423,-0.000693321
-0.00154333,-0.00152076,-0.00147609,-0.00141201,-0.00133013,-0.00123404,-0.00112765,-0.00101494,-0.000900142,-0.000784197,-0.000674407
-0.00150945,-0.00148746,-0.00144393,-0.00138046,-0.00129999,-0.00120592,-0.00110129,-0.000990636,-0.000878116,-0.000764271,-0.000656624
-0.00147736,-0.00145574,-0.00141261,-0.00135041,-0.0012715,-0.00117909,-0.00107627,-0.000967655,-0.000857013,-0.000745353,-0.000639978
-0.00144273,-0.00142135,-0.00137922,-0.00131827,-0.00124085,-0.00115024,-0.00104963,-0.000943273,-0.00083461,-0.000725228,-0.000621637
-0.00140961,-0.00138863,-0.00134743,-0.00128759,-0.00121178,-0.00112285,-0.00102431,-0.000919947,-0.000813497,-0.000706191,-0.000604686
-0.00137982,-0.00135886,-0.00131875,-0.00126009,-0.00118559,-0.00109844,-0.00100147,-0.000898987,-0.000794247,-0.000689108,-0.00058931
-0.00134799,-0.00132765,-0.00128838,-0.00123057,-0.00115786,-0.0010721,-0.000977446,-0.000876842,-0.000774324,-0.000671061,-0.000572921
-0.00131658,-0.00129678,-0.00125788,-0.00120157,-0.00113022,-0.00104635,-0.00095344,-0.000855019,-0.000754527,-0.000653369,-0.000557667
-0.00128609,-0.0012665,-0.00122865,-0.00117343,-0.00110352,-0.00102133,-0.000930516,-0.000833928,-0.000735403,-0.000636323,-0.000542543
-0.0012581,-0.00123876,-0.00120166,-0.00114753,-0.00107897,-0.000998348,-0.00090939,-0.000814517,-0.000717872,-0.000620671,-0.000528652
-0.00123073,-0.00121162,-0.00117551,-0.00112242,-0.00105504,-0.000975947,-0.000888637,-0.000795868,-0.000700574,-0.000605604,-0.000515197
-0.00120046,-0.00118195,-0.00114648,-0.00109458,-0.00102902,-0.000951526,-0.000866129,-0.000775148,-0.000682282,-0.000589004,-0.000500634
-0.00117221,-0.00115404,-0.00111938,-0.00106857,-0.00100432,-0.000928559,-0.000845046,-0.000755905,-0.000664889,-0.000573666,-0.000487058
-0.00114578,-0.00112772,-0.00109407,-0.00104442,-0.000981477,-0.000907367,-0.000825375,-0.000737992,-0.000648571,-0.000559402,-0.000474347
-0.00111891,-0.00110144,-0.0010683,-0.0010196,-0.000958083,-0.000885412,-0.000805346,-0.000719764,-0.000632326,-0.000544845,-0.000461629
-0.00109419,-0.00107691,-0.0010445,-0.000997095,-0.000936727,-0.000865434,-0.000787074,-0.000703191,-0.00061741,-0.000531702,-0.000449904
-0.00106879,-0.00105208,-0.00102028,-0.000973608,-0.000914829,-0.000845136,-0.000768213,-0.000686015,-0.000602027,-0.000517997,-0.000438017
-0.00104334,-0.00102685,-0.000995939,-0.000950354,-0.000892682,-0.00082452,-0.000749449,-0.000668975,-0.000586629,-0.000504542,-0.000426143
-0.00102041,-0.00100432,-0.000974001,-0.000929364,-0.000872819,-0.000806176,-0.000732415,-0.000653654,-0.000572808,-0.000492512,-0.000415475
-0.000995536,-0.000979877,-0.000950293,-0.000906648,-0.000851415,-0.000786115,-0.000714182,-0.000636999,-0.000557999,-0.000479371,-0.000404058
-0.000972386,-0.000957059,-0.000928106,-0.000885508,-0.000831442,-0.000767502,-0.000697076,-0.00062153,-0.000544264,-0.000467205,-0.000393439
-0.000950613,-0.00093554,-0.000907394,-0.000865655,-0.0008128,-0.000750081,-0.000681291,-0.000607187,-0.00053125,-0.000455851,-0.000383532
-0.000927619,-0.000913076,-0.000885287,-0.000844508,-0.00079302,-0.00073188,-0.000664248,-0.000591905,-0.000517701,-0.000443893,-0.000373067
-0.000905243,-0.000890966,-0.000863973,-0.000824211,-0.00077379,-0.00071396,-0.000647945,-0.000577101,-0.000504496,-0.000432325,-0.000362981
-0.000883926,-0.000870002,-0.000843637,-0.000804802,-0.000755513,-0.000697002,-0.000632391,-0.00056306,-0.000491965,-0.000421318,-0.000353402
-0.000864277,-0.000850522,-0.000824805,-0.000786789,-0.000738646,-0.000681332,-0.000618093,-0.000550119,-0.000480433,-0.000411137,-0.000344561
-0.00084301,-0.000829763,-0.000804591,-0.000767469,-0.000720392,-0.000664424,-0.000602558,-0.000536131,-0.000467965,-0.000400257,-0.000335156
-0.000823143,-0.000810257,-0.000785663,-0.000749418,-0.000703396,-0.000648665,-0.000588134,-0.00052311,-0.000456384,-0.000390115,-0.000326358
-0.000804006,-0.000791415,-0.00076738,-0.000731962,-0.000686971,-0.000633434,-0.000574201,-0.00051056,-0.000445217,-0.000380328,-0.000317892
-0.00078497,-0.000772712,-0.000749229,-0.00071465,-0.000670686,-0.000618363,-0.000560389,-0.00049813,-0.000434176,-0.000370664,-0.000309532
-0.000766906,-0.000755018,-0.000732055,-0.000698238,-0.000655291,-0.000604075,-0.000547253,-0.000486338,-0.000423733,-0.000361507,-0.000301649
-0.000748886,-0.00073716,-0.000714838,-0.000681819,-0.000639783,-0.000589767,-0.000534224,-0.000474578,-0.000413265,-0.000352414,-0.000293763
-0.000731291,-0.000719929,-0.000698019,-0.000665804,-0.000624752,-0.000575821,-0.000521489,-0.000463122,-0.00040309,-0.000343509,-0.000286103
-0.000714519,-0.000703491,-0.000681973,-0.000650523,-0.000610428,-0.000562604,-0.000509344,-0.000452296,-0.000393479,-0.000335121,-0.000278859
-0.000697749,-0.000686963,-0.000666101,-0.00063535,-0.00059614,-0.000549353,-0.000497283,-0.000441382,-0.000383811,-0.000326701,-0.00027166
-0.000681499,-0.00067102,-0.00065058,-0.000620563,-0.000582159,-0.00053649,-0.00048557,-0.000430839,-0.000374469,-0.000318581,-0.000264664
-0.00066511,-0.00065484,-0.000634953,-0.000605639,-0.000568201,-0.000523539,-0.000473714,-0.000420251,-0.00036509,-0.0003104,-0.000257637
-0.000649303,-0.000639315,-0.000619888,-0.000591292,-0.000554724,-0.000511067,-0.000462361,-0.000410027,-0.000356042,-0.000302526,-0.000250894
-0.000634485,-0.000624799,-0.000605776,-0.000577894,-0.00054212,-0.000499399,-0.000451657,-0.000400429,-0.000347608,-0.000295171,-0.000244608
-0.000619583,-0.000610075,-0.000591556,-0.000564261,-0.000529352,-0.000487592,-0.00044096,-0.000390817,-0.000339049,-0.000287754,-0.000238232
-0.000605041,-0.000595726,-0.000577624,-0.000551023,-0.000516901,-0.000476108,-0.000430491,-0.000381447,-0.000330752,-0.000280566,-0.000232103
-0.000590874,-0.000581823,-0.000564186,-0.000538197,-0.000504857,-0.000464985,-0.000420345,-0.000372365,-0.000322742,-0.000273576,-0.000226146
-0.000577157,-0.000568362,-0.000551133,-0.000525747,-0.000493217,-0.000454197,-0.000410464,-0.000363515,-0.000314972,-0.000266814,-0.000220405
-0.000563636,-0.000555008,-0.000538252,-0.000513468,-0.000481637,-0.000443537,-0.000400803,-0.000354839,-0.000307286,-0.000260171,-0.000214729
-0.0005505,-0.000542076,-0.000525693,-0.000501491,-0.000470421,-0.000433165,-0.000391344,-0.000346387,-0.000299832,-0.000253692,-0.000209247
-0.000537755,-0.000529569,-0.000513587,-0.000489973,-0.000459574,-0.000423144,-0.00038223,-0.000338211,-0.000292651,-0.000247459,-0.00020393
-0.000525254,-0.000517243,-0.000501641,-0.000478584,-0.000448921,-0.000413294,-0.000373269,-0.000330196,-0.000285582,-0.00024134,-0.000198739
-0.000512937,-0.000505161,-0.000489944,-0.000467425,-0.000438419,-0.000403613,-0.000364479,-0.000322335,-0.000278656,-0.000235357,-0.000193654
-0.000501062,-0.000493465,-0.000478592,-0.000456643,-0.000428314,-0.000394268,-0.000355979,-0.000314735,-0.000271979,-0.000229589,-0.000188757
-0.000489531,-0.00048216,-0.000467661,-0.000446211,-0.000418479,-0.00038523,-0.000347754,-0.000307366,-0.000265509,-0.000223984,-0.000184019
-0.000478146,-0.000470941,-0.00045677,-0.000435837,-0.000408784,-0.000376269,-0.000339591,-0.000300089,-0.000259121,-0.000218467,-0.00017935
-0.000467138,-0.000460102,-0.000446322,-0.000425856,-0.000399412,-0.000367617,-0.000331723,-0.000293061,-0.000252937,-0.000213146,-0.000174856
-0.000456536,-0.00044961,-0.000436099,-0.00041617,-0.000390337,-0.000359267,-0.000324121,-0.000286273,-0.000246987,-0.000207999,-0.000170527
-0.00044593,-0.000439275,-0.000426114,-0.000406579,-0.000381357,-0.000350959,-0.000316594,-0.00027956,-0.00024108,-0.000202909,-0.000166208
-0.000435564,-0.000429044,-0.000416186,-0.000397166,-0.000372522,-0.000342804,-0.000309184,-0.000272936,-0.000235292,-0.000197938,-0.000162017
-0.000425698,-0.000419312,-0.000406775,-0.000388179,-0.0003641,-0.000335032,-0.000302108,-0.000266637,-0.000229774,-0.000193182,-0.000158022
-0.00041587,-0.000409676,-0.000397421,-0.000379298,-0.000355762,-0.00032733,-0.00029515,-0.00026041,-0.000224308,-0.000188495,-0.000154071
-0.000406506,-0.000400455,-0.000388498,-0.000370793,-0.000347787,-0.000319974,-0.000288442,-0.000254441,-0.000219095,-0.000184012,-0.000150296
-0.000397282,-0.000391351,-0.000379673,-0.000362391,-0.000339898,-0.000312719,-0.000281874,-0.000248575,-0.000213951,-0.000179588,-0.000146589
-0.00038814,-0.000382353,-0.000370949,-0.0003541,-0.00033211,-0.000305527,-0.000275347,-0.000242765,-0.000208887,-0.000175244,-0.000142938
-0.000379216,-0.000373623,-0.000362502,-0.000346014,-0.000324548,-0.000298559,-0.000269026,-0.000237128,-0.000203956,-0.000171012,-0.000139382
-0.00037073,-0.000365236,-0.000354395,-0.000338296,-0.000317275,-0.000291908,-0.000262967,-0.000231739,-0.000199245,-0.000166984,-0.000135987
-0.000362346,-0.000357019,-0.000346424,-0.000330703,-0.000310181,-0.000285316,-0.000257014,-0.000226442,-0.000194611,-0.000163022,-0.00013267
-0.000354197,-0.000348982,-0.000338686,-0.000323329,-0.000303283,-0.000278925,-0.000251191,-0.000221252,-0.000190102,-0.000159148,-0.000129441
-0.00034617,-0.000341072,-0.000330972,-0.000315993,-0.000296394,-0.000272617,-0.000245504,-0.000216184,-0.00018565,-0.000155333,-0.000126257
-0.0003383,-0.000333328,-0.000323489,-0.00030885,-0.000289676,-0.00026643,-0.0002399,-0.00021119,-0.000181311,-0.000151634,-0.000123171
-0.000330744,-0.000325908,-0.000316296,-0.000302003,-0.000283234,-0.000260541,-0.000234544,-0.000206442,-0.000177166,-0.000148097,-0.000120188
-0.000323418,-0.000318676,-0.000309314,-0.000295346,-0.000277003,-0.000254755,-0.00022929,-0.000201782,-0.000173107,-0.000144631,-0.000117311
-0.000315971,-0.000311383,-0.000302227,-0.00028858,-0.000270682,-0.000248922,-0.000224024,-0.00019709,-0.000169027,-0.000141137,-0.000114397
-0.000309064,-0.000304546,-0.000295638,-0.000282324,-0.000264804,-0.000243476,-0.000219106,-0.000192712,-0.000165221,-0.000137909,-0.000111707
-0.000302155,-0.000297752,-0.000289047,-0.000276032,-0.000258923,-0.000238074,-0.000214223,-0.000188368,-0.000161426,-0.000134643,-0.000109007
-0.000295699,-0.000291381,-0.000282873,-0.000270147,-0.000253348,-0.000232991,-0.000209587,-0.000184277,-0.00015788,-0.000131647,-0.000106491
-0.00028886,-0.00028469,-0.000276365,-0.000263937,-0.000247567,-0.000227613,-0.000204775,-0.000179984,-0.000154131,-0.000128454,-0.000103842
-0.000282477,-0.000278413,-0.000270296,-0.000258174,-0.000242164,-0.00022262,-0.000200252,-0.00017597,-0.000150639,-0.00012549,-0.000101382
-0.000276196,-0.000272245,-0.000264307,-0.000252453,-0.0002368,-0.000217693,-0.000195803,-0.000172014,-0.000147206,-0.000122568,-9.89366e-05
-0.000270164,-0.000266285,-0.00025854,-0.000246965,-0.000231671,-0.000212957,-0.000191503,-0.000168206,-0.000143905,-0.000119752,-9.66132e-05
-0.000264108,-0.000260324,-0.000252749,-0.000241443,-0.000226498,-0.000208223,-0.000187213,-0.000164394,-0.000140587,-0.000116924,-9.42817e-05
-0.000258409,-0.000254717,-0.000247335,-0.000236282,-0.000221638,-0.000203747,-0.000183172,-0.000160808,-0.000137483,-0.000114305,-9.21069e-05
-0.000252565,-0.000248993,-0.000241771,-0.000230977,-0.000216689,-0.000199175,-0.000179041,-0.000157147,-0.000134301,-0.000111597,-8.98638e-05
-0.000247224,-0.000243721,-0.000236666,-0.000226113,-0.000212111,-0.000194967,-0.000175218,-0.000153774,-0.000131373,-0.000109115,-8.78178e-05
-0.000241794,-0.000238396,-0.000231506,-0.000221186,-0.000207508,-0.000190719,-0.000171394,-0.000150384,-0.000128433,-0.000106626,-8.57519e-05
-0.000236455,-0.00023311,-0.000226405,-0.000216328,-0.000202923,-0.000186519,-0.000167606,-0.000147013,-0.000125515,-0.000104156,-8.37132e-05
-0.000231421,-0.000228167,-0.000221595,-0.000211744,-0.000198651,-0.000182573,-0.000164034,-0.000143847,-0.000122769,-0.000101823,-8.18029e-05
-0.000226336,-0.000223144,-0.000216731,-0.000207127,-0.000194313,-0.000178559,-0.000160433,-0.00014066,-0.000120008,-9.94878e-05,-7.98691e-05
-0.000221396,-0.000218293,-0.000212042,-0.00020263,-0.000190091,-0.000174711,-0.000156944,-0.000137564,-0.000117329,-9.72231e-05,-7.80024e-05
-0.000216727,-0.000213675,-0.000207567,-0.00019837,-0.000186089,-0.000171027,-0.000153618,-0.000134627,-0.000114781,-9.50789e-05,-7.62248e-05
-0.000212019,-0.000209037,-0.000203073,-0.000194064,-0.000182077,-0.000167317,-0.000150268,-0.00013166,-0.000112221,-9.29046e-05,-7.44548e-05
-0.000207488,-0.000204583,-0.00019876,-0.000189967,-0.00017822,-0.000163768,-0.000147058,-0.000128835,-0.000109776,-9.08307e-05,-7.27449e-05
-0.00020303,-0.000200229,-0.000194526,-0.000185919,-0.000174445,-0.000160295,-0.000143918,-0.000126059,-0.000107372,-8.88185e-05,-7.10805e-05
-0.000198692,-0.000195941,-0.000190355,-0.000181973,-0.000170735,-0.000156856,-0.000140833,-0.000123328,-0.000105012,-8.68353e-05,-6.94495e-05
-0.000194451,-0.000191765,-0.000186309,-0.000178108,-0.000167103,-0.000153544,-0.00013783,-0.000120669,-0.000102714,-8.48788e-05,-6.78517e-05
-0.000190313,-0.000187674,-0.000182363,-0.000174343,-0.000163567,-0.000150278,-0.000134902,-0.000118069,-0.000100476,-8.2992e-05,-6.63115e-05
-0.000186197,-0.000183638,-0.000178424,-0.000170598,-0.000160074,-0.000147059,-0.000131992,-0.000115505,-9.82595e-05,-8.11235e-05,-6.47674e-05
-0.00018228,-0.000179771,-0.000174687,-0.000167023,-0.000156724,-0.000143974,-0.000129223,-0.000113052,-9.61386e-05,-7.93414e-05,-6.33113e-05
-0.000178486,-0.000176028,-0.000171076,-0.00016356,-0.000153484,-0.000141019,-0.000126526,-0.000110668,-9.40878e-05,-7.75993e-05,-6.18929e-05
-0.000174768,-0.000172369,-0.000167545,-0.000160196,-0.000150318,-0.000138098,-0.000123898,-0.000108363,-9.20974e-05,-7.59362e-05,-6.05216e-05
-0.000171177,-0.000168822,-0.000164084,-0.000156907,-0.000147235,-0.000135248,-0.000121328,-0.000106105,-9.0143e-05,-7.43001e-05,-5.91745e-05
-0.000167418,-0.000165123,-0.000160494,-0.000153476,-0.000144024,-0.000132305,-0.00011868,-0.000103753,-8.81204e-05,-7.25859e-05,-5.77763e-05
-0.000163919,-0.000161693,-0.000157157,-0.000150301,-0.000141042,-0.000129553,-0.000116208,-0.000101577,-8.62363e-05,-7.10131e-05,-5.64953e-05
-0.000160445,-0.000158261,-0.000153847,-0.000147135,-0.000138067,-0.00012683,-0.000113743,-9.93979e-05,-8.43656e-05,-6.94309e-05,-5.52057e-05
-0.000157126,-0.000155003,-0.000150681,-0.000144108,-0.000135242,-0.000124231,-0.000111395,-9.73249e-05,-8.2582e-05,-6.79355e-05,-5.39871e-05
-0.000153919,-0.000151822,-0.000147606,-0.000141166,-0.000132488,-0.000121703,-0.000109126,-9.53179e-05,-8.08517e-05,-6.64844e-05,-5.28011e-05
-0.000150768,-0.000148717,-0.000144588,-0.000138303,-0.000129792,-0.000119221,-0.000106878,-9.33457e-05,-7.9155e-05,-6.50565e-05,-5.16423e-05
-0.000147656,-0.000145651,-0.000141628,-0.00013547,-0.000127142,-0.000116777,-0.000104682,-9.14144e-05,-7.74964e-05,-6.36729e-05,-5.05008e-05
-0.000144566,-0.000142625,-0.000138678,-0.000132656,-0.000124505,-0.000114355,-0.000102503,-8.94865e-05,-7.58358e-05,-6.22781e-05,-4.93787e-05
-0.000141569,-0.000139669,-0.0001358,-0.000129919,-0.000121938,-0.000111996,-0.00010038,-8.76169e-05,-7.42244e-05,-6.09289e-05,-4.82699e-05
-0.000138759,-0.000136899,-0.00013313,-0.000127362,-0.000119525,-0.00010978,-9.83848e-05,-8.5855e-05,-7.27157e-05,-5.96606e-05,-4.72491e-05
-0.000135898,-0.000134086,-0.000130384,-0.000124747,-0.00011709,-0.000107535,-9.63641e-05,-8.40712e-05,-7.11756e-05,-5.83802e-05,-4.61991e-05
-0.000133048,-0.000131281,-0.000127671,-0.000122153,-0.000114654,-0.000105294,-9.43483e-05,-8.23008e-05,-6.96553e-05,-5.71005e-05,-4.51603e-05
-0.000130405,-0.000128665,-0.000125137,-0.000119733,-0.00011239,-0.000103212,-9.24772e-05,-8.06492e-05,-6.82433e-05,-5.59127e-05,-4.41982e-05
-0.00012779,-0.000126102,-0.000122658,-0.000117359,-0.000110157,-0.00010117,-9.06305e-05,-7.90291e-05,-6.685e-05,-5.47457e-05,-4.3249e-05
-0.000125166,-0.000123512,-0.000120139,-0.00011496,-0.000107915,-9.90933e-05,-8.87679e-05,-7.73884e-05,-6.54382e-05,-5.35791e-05,-4.22948e-05
-0.000122585,-0.000120973,-0.000117671,-0.000112601,-0.00010571,-9.70668e-05,-8.69377e-05,-7.57828e-05,-6.40606e-05,-5.24226e-05,-4.13618e-05
-0.000120174,-0.000118593,-0.000115367,-0.000110404,-0.00010364,-9.51806e-05,-8.52349e-05,-7.42755e-05,-6.27741e-05,-5.13464e-05,-4.04851e-05
-0.000117727,-0.00011619,-0.000113028,-0.000108172,-0.000101555,-9.3253e-05,-8.34976e-05,-7.27519e-05,-6.14643e-05,-5.02565e-05,-3.9602e-05
-0.000115328,-0.000113819,-0.000110734,-0.000105978,-9.94913e-05,-9.1357e-05,-8.17996e-05,-7.12593e-05,-6.01834e-05,-4.91847e-05,-3.87357e-05
-0.000113106,-0.000111629,-0.000108612,-0.000103944,-9.75913e-05,-8.96043e-05,-8.022e-05,-6.98712e-05,-5.89953e-05,-4.81914e-05,-3.79358e-05
-0.000110794,-0.000109348,-0.000106402,-0.000101837,-9.56057e-05,-8.77909e-05,-7.85889e-05,-6.84344e-05,-5.77619e-05,-4.71657e-05,-3.71003e-05
-0.000108597,-0.000107182,-0.000104299,-9.98291e-05,-9.37226e-05,-8.60598e-05,-7.70314e-05,-6.70654e-05,-5.65887e-05,-4.61877e-05,-3.63093e-05
-0.000106476,-0.000105103,-0.000102279,-9.79036e-05,-9.19117e-05,-8.43903e-05,-7.55304e-05,-6.5749e-05,-5.54616e-05,-4.52521e-05,-3.55501e-05
-0.000104393,-0.000103046,-0.000100273,-9.59908e-05,-9.01246e-05,-8.27482e-05,-7.40612e-05,-6.44568e-05,-5.43535e-05,-4.43257e-05,-3.48043e-05
-0.000102336,-0.000101026,-9.83001e-05,-9.41081e-05,-8.83788e-05,-8.11243e-05,-7.26004e-05,-6.31783e-05,-5.32594e-05,-4.34146e-05,-3.40686e-05
-0.000100293,-9.90006e-05,-9.63506e-05,-9.22422e-05,-8.66129e-05,-7.95145e-05,-7.11547e-05,-6.19026e-05,-5.21695e-05,-4.25077e-05,-3.33367e-05
-9.83042e-05,-9.70426e-05,-9.4456e-05,-9.04268e-05,-8.4909e-05,-7.7955e-05,-6.97447e-05,-6.06702e-05,-5.11145e-05,-4.16265e-05,-3.26241e-05
-9.63785e-05,-9.51484e-05,-9.26115e-05,-8.8669e-05,-8.32602e-05,-7.64348e-05,-6.83783e-05,-5.94678e-05,-5.00876e-05,-4.07759e-05,-3.19378e-05
-9.45347e-05,-9.33257e-05,-9.08497e-05,-8.69842e-05,-8.16782e-05,-7.49835e-05,-6.70743e-05,-5.83216e-05,-4.91098e-05,-3.9961e-05,-3.12807e-05
-9.26988e-05,-9.15168e-05,-8.90863e-05,-8.53003e-05,-8.01026e-05,-7.35294e-05,-6.57728e-05,-5.71796e-05,-4.81302e-05,-3.91462e-05,-3.06281e-05
-9.08771e-05,-8.97229e-05,-8.73514e-05,-8.36413e-05,-7.85435e-05,-7.21004e-05,-6.44848e-05,-5.60493e-05,-4.71679e-05,-3.83486e-05,-2.99788e-05
-8.91327e-05,-8.79983e-05,-8.56789e-05,-8.20439e-05,-7.70398e-05,-7.07219e-05,-6.32442e-05,-5.49636e-05,-4.62397e-05,-3.75725e-05,-2.93569e-05
-8.74009e-05,-8.63002e-05,-8.4017e-05,-8.04598e-05,-7.5562e-05,-6.93582e-05,-6.20188e-05,-5.38882e-05,-4.53206e-05,-3.68157e-05,-2.87458e-05
-8.57027e-05,-8.46236e-05,-8.23934e-05,-7.89029e-05,-7.41058e-05,-6.80181e-05,-6.08156e-05,-5.28347e-05,-4.44197e-05,-3.60673e-05,-2.81458e-05
-8.40832e-05,-8.30183e-05,-8.08387e-05,-7.74199e-05,-7.27108e-05,-6.67375e-05,-5.96631e-05,-5.18252e-05,-4.35608e-05,-3.53467e-05,-2.75686e-05
-8.24652e-05,-8.14257e-05,-7.92933e-05,-7.594e-05,-7.13213e-05,-6.54698e-05,-5.85199e-05,-5.08171e-05,-4.27018e-05,-3.46419e-05,-2.69977e-05
-8.08893e-05,-7.98749e-05,-7.77906e-05,-7.45008e-05,-6.99673e-05,-6.42261e-05,-5.74056e-05,-4.98429e-05,-4.18671e-05,-3.39498e-05,-2.64432e-05
-7.9362e-05,-7.8366e-05,-7.63214e-05,-7.31015e-05,-6.86558e-05,-6.30164e-05,-5.63178e-05,-4.88906e-05,-4.10581e-05,-3.32776e-05,-2.59053e-05
-7.78504e-05,-7.68766e-05,-7.48735e-05,-7.17175e-05,-6.73571e-05,-6.18229e-05,-5.52492e-05,-4.7954e-05,-4.02597e-05,-3.2619e-05,-2.53733e-05
-7.6359e-05,-7.54047e-05,-7.34458e-05,-7.03504e-05,-6.60773e-05,-6.06461e-05,-5.41905e-05,-4.70265e-05,-3.94696e-05,-3.19619e-05,-2.48497e-05
-7.49112e-05,-7.39806e-05,-7.20539e-05,-6.90243e-05,-6.48362e-05,-5.9499e-05,-5.31645e-05,-4.6128e-05,-3.87032e-05,-3.13284e-05,-2.43411e-05
-7.35002e-05,-7.25935e-05,-7.07077e-05,-6.77339e-05,-6.36248e-05,-5.83848e-05,-5.21644e-05,-4.52508e-05,-3.79563e-05,-3.07093e-05,-2.38473e-05
-7.21339e-05,-7.12447e-05,-6.93999e-05,-6.6486e-05,-6.24498e-05,-5.73061e-05,-5.11977e-05,-4.44038e-05,-3.72347e-05,-3.0112e-05,-2.33682e-05
-7.07574e-05,-6.98846e-05,-6.80824e-05,-6.5225e-05,-6.12665e-05,-5.62217e-05,-5.02206e-05,-4.3549e-05,-3.65097e-05,-2.95118e-05,-2.28885e-05
-6.945e-05,-6.85976e-05,-6.6829e-05,-6.40267e-05,-6.01447e-05,-5.51902e-05,-4.92915e-05,-4.2733e-05,-3.58149e-05,-2.89426e-05,-2.24319e-05
-6.81328e-05,-6.72946e-05,-6.55641e-05,-6.28172e-05,-5.90088e-05,-5.41447e-05,-4.83556e-05,-4.19175e-05,-3.51202e-05,-2.83646e-05,-2.19707e-05
-6.68741e-05,-6.60571e-05,-6.43599e-05,-6.1667e-05,-5.79278e-05,-5.31535e-05,-4.74654e-05,-4.11392e-05,-3.44567e-05,-2.78178e-05,-2.15338e-05
-6.5635e-05,-6.48332e-05,-6.31693e-05,-6.0532e-05,-5.68593e-05,-5.21695e-05,-4.65856e-05,-4.03667e-05,-3.38008e-05,-2.72763e-05,-2.11016e-05
-6.44268e-05,-6.36425e-05,-6.20114e-05,-5.94231e-05,-5.5822e-05,-5.12155e-05,-4.57283e-05,-3.96186e-05,-3.31646e-05,-2.67521e-05,-2.06813e-05
-6.32395e-05,-6.24716e-05,-6.08749e-05,-5.83349e-05,-5.48001e-05,-5.02776e-05,-4.48873e-05,-3.88828e-05,-3.25381e-05,-2.62349e-05,-2.02709e-05
-6.20701e-05,-6.13154e-05,-5.97516e-05,-5.72619e-05,-5.37929e-05,-4.93525e-05,-4.40528e-05,-3.81524e-05,-3.192e-05,-2.57244e-05,-1.98629e-05
-6.09377e-05,-6.01988e-05,-5.86717e-05,-5.62268e-05,-5.28173e-05,-4.84576e-05,-4.325e-05,-3.74502e-05,-3.13222e-05,-2.52339e-05,-1.94706e-05
-5.98033e-05,-5.90807e-05,-5.758e-05,-5.51851e-05,-5.18448e-05,-4.75602e-05,-4.24469e-05,-3.67484e-05,-3.07273e-05,-2.47425e-05,-1.90795e-05
-5.87136e-05,-5.80041e-05,-5.65334e-05,-5.41837e-05,-5.09039e-05,-4.66968e-05,-4.16714e-05,-3.60711e-05,-3.01516e-05,-2.4267e-05,-1.87028e-05
-5.76559e-05,-5.6961e-05,-5.55163e-05,-5.32121e-05,-4.99956e-05,-4.58582e-05,-4.09213e-05,-3.54146e-05,-2.95942e-05,-2.38109e-05,-1.83385e-05
-5.65978e-05,-5.59186e-05,-5.45063e-05,-5.22439e-05,-4.90831e-05,-4.50231e-05,-4.01704e-05,-3.47582e-05,-2.90374e-05,-2.33513e-05,-1.79743e-05
-5.55874e-05,-5.492e-05,-5.35355e-05,-5.13145e-05,-4.82139e-05,-4.42213e-05,-3.94499e-05,-3.41314e-05,-2.85067e-05,-2.29135e-05,-1.76253e-05
-5.45659e-05,-5.39155e-05,-5.25578e-05,-5.03809e-05,-4.73332e-05,-4.34143e-05,-3.8728e-05,-3.34977e-05,-2.79684e-05,-2.24724e-05,-1.72744e-05
-5.35898e-05,-5.2953e-05,-5.16183e-05,-4.94849e-05,-4.6495e-05,-4.26419e-05,-3.8034e-05,-3.28935e-05,-2.74562e-05,-2.20496e-05,-1.69398e-05
-5.26293e-05,-5.20044e-05,-5.06989e-05,-4.86001e-05,-4.56631e-05,-4.18807e-05,-3.73515e-05,-3.22969e-05,-2.69501e-05,-2.16342e-05,-1.66092e-05
-5.16766e-05,-5.10666e-05,-4.97856e-05,-4.77287e-05,-4.48464e-05,-4.11287e-05,-3.66758e-05,-3.17071e-05,-2.64503e-05,-2.12242e-05,-1.62848e-05
-5.07585e-05,-5.01606e-05,-4.8905e-05,-4.68869e-05,-4.40542e-05,-4.03992e-05,-3.60221e-05,-3.11364e-05,-2.59683e-05,-2.08285e-05,-1.59691e-05
-4.98549e-05,-4.92697e-05,-4.80366e-05,-4.6059e-05,-4.32754e-05,-3.96849e-05,-3.53835e-05,-3.05777e-05,-2.54942e-05,-2.04383e-05,-1.56616e-05
-4.89601e-05,-4.83844e-05,-4.71793e-05,-4.52352e-05,-4.2504e-05,-3.89758e-05,-3.47466e-05,-3.00221e-05,-2.50238e-05,-2.00518e-05,-1.53567e-05
-4.80997e-05,-4.75345e-05,-4.63518e-05,-4.44446e-05,-4.17624e-05,-3.8294e-05,-3.41368e-05,-2.9492e-05,-2.4572e-05,-1.96837e-05,-1.50627e-05
-4.72368e-05,-4.66843e-05,-4.55235e-05,-4.36528e-05,-4.10168e-05,-3.76107e-05,-3.3523e-05,-2.89553e-05,-2.41196e-05,-1.93102e-05,-1.47683e-05
-4.64118e-05,-4.58693e-05,-4.47307e-05,-4.28944e-05,-4.0305e-05,-3.69553e-05,-3.29349e-05,-2.84426e-05,-2.36851e-05,-1.89564e-05,-1.4488e-05
-4.55959e-05,-4.50635e-05,-4.39489e-05,-4.2146e-05,-3.96e-05,-3.63104e-05,-3.23569e-05,-2.79381e-05,-2.32581e-05,-1.86045e-05,-1.42096e-05
-4.47908e-05,-4.42695e-05,-4.3175e-05,-4.14041e-05,-3.89068e-05,-3.56716e-05,-3.17855e-05,-2.74392e-05,-2.28365e-05,-1.82598e-05,-1.3936e-05
-4.40045e-05,-4.34954e-05,-4.2422e-05,-4.06843e-05,-3.82295e-05,-3.5053e-05,-3.12311e-05,-2.69545e-05,-2.24259e-05,-1.79221e-05,-1.3671e-05
-4.32428e-05,-4.27414e-05,-4.16877e-05,-3.99807e-05,-3.75693e-05,-3.4443e-05,-3.06842e-05,-2.64792e-05,-2.2026e-05,-1.75947e-05,-1.34119e-05
-4.24856e-05,-4.1999e-05,-4.09606e-05,-3.92887e-05,-3.69203e-05,-3.38468e-05,-3.01509e-05,-2.60136e-05,-2.16306e-05,-1.72705e-05,-1.31576e-05
-4.17478e-05,-4.12677e-05,-4.02531e-05,-3.86099e-05,-3.62824e-05,-3.32603e-05,-2.96239e-05,-2.55554e-05,-2.12428e-05,-1.69551e-05,-1.29066e-05
-4.10247e-05,-4.05555e-05,-3.95599e-05,-3.7946e-05,-3.56572e-05,-3.26904e-05,-2.91154e-05,-2.51112e-05,-2.0865e-05,-1.6645e-05,-1.26646e-05
-4.0308e-05,-3.985e-05,-3.88722e-05,-3.72872e-05,-3.50405e-05,-3.21192e-05,-2.86023e-05,-2.46648e-05,-2.04904e-05,-1.63392e-05,-1.24228e-05
-3.96159e-05,-3.91627e-05,-3.82059e-05,-3.66485e-05,-3.44398e-05,-3.1568e-05,-2.81081e-05,-2.42337e-05,-2.01276e-05,-1.60421e-05,-1.2187e-05
-3.89364e-05,-3.84968e-05,-3.75537e-05,-3.60269e-05,-3.38554e-05,-3.10292e-05,-2.7625e-05,-2.38149e-05,-1.97731e-05,-1.57532e-05,-1.19609e-05
-3.82657e-05,-3.7831e-05,-3.69087e-05,-3.54074e-05,-3.32751e-05,-3.04974e-05,-2.71491e-05,-2.33989e-05,-1.94218e-05,-1.54654e-05,-1.17367e-05
-3.76098e-05,-3.71828e-05,-3.62765e-05,-3.48044e-05,-3.27071e-05,-2.99765e-05,-2.6683e-05,-2.29944e-05,-1.90794e-05,-1.51862e-05,-1.1515e-05
-3.6973e-05,-3.65577e-05,-3.56669e-05,-3.42214e-05,-3.21588e-05,-2.9473e-05,-2.62322e-05,-2.25994e-05,-1.87481e-05,-1.49145e-05,-1.13014e-05
-3.63469e-05,-3.59354e-05,-3.5063e-05,-3.36406e-05,-3.1615e-05,-2.89743e-05,-2.57836e-05,-2.22102e-05,-1.84185e-05,-1.46472e-05,-1.10929e-05
-3.57274e-05,-3.53252e-05,-3.4467e-05,-3.30726e-05,-3.10812e-05,-2.84803e-05,-2.53422e-05,-2.18262e-05,-1.80955e-05,-1.43836e-05,-1.08845e-05
-3.51183e-05,-3.47261e-05,-3.38832e-05,-3.2514e-05,-3.05561e-05,-2.79996e-05,-2.49128e-05,-2.14506e-05,-1.77794e-05,-1.41258e-05,-1.06816e-05
-3.4529e-05,-3.41414e-05,-3.33152e-05,-3.19676e-05,-3.00436e-05,-2.75292e-05,-2.44921e-05,-2.10871e-05,-1.7471e-05,-1.38728e-05,-1.0484e-05
-3.39425e-05,-3.35644e-05,-3.27536e-05,-3.14312e-05,-2.95404e-05,-2.70663e-05,-2.40762e-05,-2.07235e-05,-1.71657e-05,-1.36254e-05,-1.02893e-05
-3.33767e-05,-3.3006e-05,-3.22085e-05,-3.09105e-05,-2.90496e-05,-2.66172e-05,-2.36736e-05,-2.03728e-05,-1.68709e-05,-1.33844e-05,-1.01006e-05
-3.28171e-05,-3.24527e-05,-3.16703e-05,-3.03957e-05,-2.85658e-05,-2.61684e-05,-2.32738e-05,-2.00258e-05,-1.65778e-05,-1.31479e-05,-9.91504e-06
-3.22754e-05,-3.19184e-05,-3.11525e-05,-2.98951e-05,-2.80962e-05,-2.57413e-05,-2.28917e-05,-1.96912e-05,-1.62961e-05,-1.29156e-05,-9.73542e-06
-3.17252e-05,-3.1376e-05,-3.06221e-05,-2.93894e-05,-2.76222e-05,-2.53053e-05,-2.25003e-05,-1.93513e-05,-1.60105e-05,-1.26847e-05,-9.55228e-06
-3.12063e-05,-3.08637e-05,-3.01233e-05,-2.89133e-05,-2.71736e-05,-2.48921e-05,-2.21292e-05,-1.903e-05,-1.57401e-05,-1.24647e-05,-9.37908e-06
-3.06847e-05,-3.03453e-05,-2.96194e-05,-2.84327e-05,-2.67216e-05,-2.4478e-05,-2.17596e-05,-1.8707e-05,-1.54689e-05,-1.2244e-05,-9.20719e-06
-3.01757e-05,-2.9848e-05,-2.91316e-05,-2.79625e-05,-2.62817e-05,-2.40718e-05,-2.1395e-05,-1.83927e-05,-1.52038e-05,-1.2028e-05,-9.03918e-06
-2.96781e-05,-2.93521e-05,-2.86517e-05,-2.75021e-05,-2.58488e-05,-2.36768e-05,-2.10423e-05,-1.8084e-05,-1.49438e-05,-1.18174e-05,-8.87303e-06
-2.91939e-05,-2.888e-05,-2.81889e-05,-2.70619e-05,-2.54342e-05,-2.32955e-05,-2.07013e-05,-1.77873e-05,-1.46935e-05,-1.16145e-05,-8.71512e-06
-2.87168e-05,-2.84042e-05,-2.77281e-05,-2.66173e-05,-2.50173e-05,-2.29133e-05,-2.03591e-05,-1.74901e-05,-1.44438e-05,-1.14116e-05,-8.55945e-06
-2.8241e-05,-2.79332e-05,-2.727e-05,-2.61782e-05,-2.46058e-05,-2.25331e-05,-2.00221e-05,-1.71956e-05,-1.41973e-05,-1.12096e-05,-8.40209e-06
-2.77785e-05,-2.74768e-05,-2.68237e-05,-2.57529e-05,-2.42061e-05,-2.21694e-05,-1.9696e-05,-1.69119e-05,-1.39577e-05,-1.10157e-05,-8.24935e-06
-2.7325e-05,-2.70274e-05,-2.63867e-05,-2.53323e-05,-2.38108e-05,-2.18049e-05,-1.93698e-05,-1.66325e-05,-1.37202e-05,-1.08235e-05,-8.10087e-06
-2.68775e-05,-2.65878e-05,-2.59571e-05,-2.49232e-05,-2.34263e-05,-2.14569e-05,-1.90591e-05,-1.63571e-05,-1.34896e-05,-1.06364e-05,-7.95468e-06
-2.64451e-05,-2.61621e-05,-2.55445e-05,-2.45249e-05,-2.30505e-05,-2.11069e-05,-1.87448e-05,-1.6086e-05,-1.32642e-05,-1.04553e-05,-7.81129e-06
-2.60156e-05,-2.5735e-05,-2.51269e-05,-2.41268e-05,-2.26769e-05,-2.07644e-05,-1.84382e-05,-1.58203e-05,-1.30412e-05,-1.02728e-05,-7.67183e-06
-2.55973e-05,-2.53226e-05,-2.47233e-05,-2.37411e-05,-2.2315e-05,-2.04291e-05,-1.8139e-05,-1.55618e-05,-1.28237e-05,-1.0098e-05,-7.53586e-06
-2.51852e-05,-2.49145e-05,-2.4327e-05,-2.33611e-05,-2.19572e-05,-2.01035e-05,-1.78479e-05,-1.5311e-05,-1.26104e-05,-9.92443e-06,-7.40045e-06
-2.47804e-05,-2.45152e-05,-2.39379e-05,-2.29887e-05,-2.16075e-05,-1.97817e-05,-1.75606e-05,-1.50579e-05,-1.24013e-05,-9.75389e-06,-7.2695e-06
-2.43817e-05,-2.41218e-05,-2.35573e-05,-2.26206e-05,-2.12637e-05,-1.94639e-05,-1.72768e-05,-1.48109e-05,-1.21934e-05,-9.58758e-06,-7.14006e-06
-2.39944e-05,-2.37369e-05,-2.31808e-05,-2.22612e-05,-2.09242e-05,-1.91562e-05,-1.69993e-05,-1.45711e-05,-1.1993e-05,-9.42356e-06,-7.01273e-06
-2.36144e-05,-2.33636e-05,-2.28149e-05,-2.19123e-05,-2.0597e-05,-1.88521e-05,-1.67272e-05,-1.43376e-05,-1.17967e-05,-9.26524e-06,-6.88899e-06
-2.32335e-05,-2.29864e-05,-2.24496e-05,-2.15599e-05,-2.02661e-05,-1.85503e-05,-1.64598e-05,-1.41024e-05,-1.15989e-05,-9.10584e-06,-6.76538e-06
-2.28654e-05,-2.26246e-05,-2.20945e-05,-2.12206e-05,-1.99468e-05,-1.82579e-05,-1.61972e-05,-1.38752e-05,-1.14091e-05,-8.95177e-06,-6.64671e-06
-2.25072e-05,-2.22689e-05,-2.17508e-05,-2.08911e-05,-1.9637e-05,-1.79705e-05,-1.5942e-05,-1.36531e-05,-1.12229e-05,-8.80227e-06,-6.52956e-06
-2.21487e-05,-2.19162e-05,-2.14041e-05,-2.05578e-05,-1.93252e-05,-1.76855e-05,-1.56877e-05,-1.34322e-05,-1.10372e-05,-8.65173e-06,-6.41452e-06
-2.18038e-05,-2.15771e-05,-2.10731e-05,-2.02404e-05,-1.90257e-05,-1.7409e-05,-1.54383e-05,-1.32161e-05,-1.08585e-05,-8.5082e-06,-6.30557e-06
-2.14613e-05,-2.12374e-05,-2.07416e-05,-1.99249e-05,-1.87275e-05,-1.71399e-05,-1.51977e-05,-1.30055e-05,-1.06816e-05,-8.36436e-06,-6.19294e-06
-2.11216e-05,-2.09012e-05,-2.04149e-05,-1.96112e-05,-1.84343e-05,-1.68692e-05,-1.49559e-05,-1.2796e-05,-1.05075e-05,-8.22306e-06,-6.08314e-06
-2.07935e-05,-2.05769e-05,-2.01002e-05,-1.93082e-05,-1.81503e-05,-1.66064e-05,-1.47218e-05,-1.25915e-05,-1.03373e-05,-8.08622e-06,-5.97746e-06
-2.04676e-05,-2.02518e-05,-1.97841e-05,-1.90055e-05,-1.78656e-05,-1.63459e-05,-1.44898e-05,-1.23941e-05,-1.01676e-05,-7.94967e-06,-5.87265e-06
-2.01513e-05,-1.99396e-05,-1.94778e-05,-1.87139e-05,-1.75904e-05,-1.60905e-05,-1.42624e-05,-1.22018e-05,-1.00038e-05,-7.81865e-06,-5.77194e-06
-1.98352e-05,-1.96293e-05,-1.91752e-05,-1.8422e-05,-1.73174e-05,-1.5843e-05,-1.40417e-05,-1.20047e-05,-9.8424e-06,-7.68675e-06,-5.66982e-06
-1.95265e-05,-1.93246e-05,-1.88788e-05,-1.81382e-05,-1.70487e-05,-1.55978e-05,-1.38215e-05,-1.18149e-05,-9.68282e-06,-7.55878e-06,-5.57155e-06
-1.92233e-05,-1.90246e-05,-1.85856e-05,-1.78568e-05,-1.67864e-05,-1.53559e-05,-1.36051e-05,-1.16276e-05,-9.52659e-06,-7.43296e-06,-5.47459e-06
-1.89271e-05,-1.87322e-05,-1.83011e-05,-1.75836e-05,-1.65298e-05,-1.51208e-05,-1.33954e-05,-1.14456e-05,-9.37452e-06,-7.31043e-06,-5.37979e-06
-1.86388e-05,-1.8448e-05,-1.80217e-05,-1.73186e-05,-1.62783e-05,-1.48876e-05,-1.31873e-05,-1.12672e-05,-9.22465e-06,-7.19112e-06,-5.28776e-06
-1.8348e-05,-1.816e-05,-1.77422e-05,-1.70486e-05,-1.60266e-05,-1.46586e-05,-1.29829e-05,-1.1088e-05,-9.07544e-06,-7.06977e-06,-5.19555e-06
-1.80754e-05,-1.78899e-05,-1.74812e-05,-1.67957e-05,-1.5789e-05,-1.44468e-05,-1.27947e-05,-1.09224e-05,-8.93596e-06,-6.95647e-06,-5.10819e-06
-1.77963e-05,-1.76155e-05,-1.72123e-05,-1.65385e-05,-1.55465e-05,-1.42185e-05,-1.25904e-05,-1.07484e-05,-8.79034e-06,-6.84164e-06,-5.01997e-06
-1.75191e-05,-1.73404e-05,-1.69439e-05,-1.62827e-05,-1.53062e-05,-1.39976e-05,-1.23929e-05,-1.05772e-05,-8.64874e-06,-6.72693e-06,-4.93168e-06
-1.72566e-05,-1.70806e-05,-1.66895e-05,-1.60387e-05,-1.50771e-05,-1.37848e-05,-1.22022e-05,-1.04142e-05,-8.51267e-06,-6.61793e-06,-4.84793e-06
-1.69946e-05,-1.68233e-05,-1.64399e-05,-1.57967e-05,-1.48516e-05,-1.35796e-05,-1.20198e-05,-1.02539e-05,-8.37847e-06,-6.5094e-06,-4.76511e-06
-1.67414e-05,-1.65712e-05,-1.61941e-05,-1.55629e-05,-1.46288e-05,-1.33772e-05,-1.18389e-05,-1.00967e-05,-8.24749e-06,-6.40464e-06,-4.68382e-06
-1.64839e-05,-1.63171e-05,-1.5947e-05,-1.53245e-05,-1.44062e-05,-1.31715e-05,-1.16554e-05,-9.93872e-06,-8.11592e-06,-6.29902e-06,-4.60321e-06
-1.62406e-05,-1.60779e-05,-1.57094e-05,-1.5101e-05,-1.4194e-05,-1.29775e-05,-1.14824e-05,-9.78923e-06,-7.99097e-06,-6.199e-06,-4.52683e-06
-1.59964e-05,-1.58349e-05,-1.54743e-05,-1.48738e-05,-1.39814e-05,-1.27775e-05,-1.1305e-05,-9.63782e-06,-7.86416e-06,-6.09748e-06,-4.45006e-06
-1.57502e-05,-1.55913e-05,-1.52397e-05,-1.46466e-05,-1.37686e-05,-1.25863e-05,-1.11342e-05,-9.48766e-06,-7.73966e-06,-5.99732e-06,-4.3726e-06
-1.55167e-05,-1.53607e-05,-1.50133e-05,-1.44291e-05,-1.35644e-05,-1.23987e-05,-1.09666e-05,-9.34341e-06,-7.61891e-06,-5.90019e-06,-4.29882e-06
-1.52859e-05,-1.51311e-05,-1.47907e-05,-1.42166e-05,-1.33633e-05,-1.22145e-05,-1.08035e-05,-9.20141e-06,-7.49987e-06,-5.80602e-06,-4.22694e-06
-1.50554e-05,-1.49044e-05,-1.45689e-05,-1.40044e-05,-1.31634e-05,-1.20316e-05,-1.06392e-05,-9.05968e-06,-7.3819e-06,-5.71142e-06,-4.15354e-06
-1.48361e-05,-1.46868e-05,-1.43578e-05,-1.38008e-05,-1.2973e-05,-1.1854e-05,-1.04799e-05,-8.9241e-06,-7.2696e-06,-5.62119e-06,-4.08596e-06
