0.0869651,0.0958725,0.104078,0.112278,0.120424,0.126823,0.133113,0.137888,0.14196,0.144337,0.145066,0.145478,0.144452,0.141452,0.137783,0.132795,0.127357,0.11997,0.112614,0.104142,0.095767,0.0866088
0.0798341,0.0884643,0.0967542,0.104644,0.112111,0.118184,0.124354,0.128788,0.132838,0.134667,0.135523,0.135909,0.135022,0.132288,0.128613,0.12445,0.118338,0.11146,0.104666,0.0964432,0.0885884,0.0799626
0.0737755,0.0818141,0.089606,0.0968176,0.10403,0.110122,0.116249,0.119942,0.123394,0.126325,0.126871,0.126806,0.125895,0.123381,0.120103,0.115471,0.11038,0.103781,0.0971503,0.0891299,0.0817809,0.0734657
0.0678616,0.0755817,0.083082,0.090033,0.0967983,0.102505,0.10818,0.112173,0.115611,0.117849,0.118757,0.118781,0.117892,0.115505,0.112206,0.108004,0.102796,0.0965348,0.090181,0.0827558,0.0755877,0.0677791
0.0629122,0.0702219,0.0774127,0.0840583,0.0905487,0.0959424,0.101373,0.105249,0.108552,0.110695,0.111601,0.111589,0.110749,0.108446,0.105278,0.101243,0.0962252,0.0902883,0.0841926,0.0771067,0.0702527,0.0628142
0.0586231,0.0654618,0.0724917,0.0788498,0.0850411,0.0900912,0.0953634,0.0990705,0.102246,0.104312,0.105131,0.105124,0.104379,0.102271,0.0991401,0.0953555,0.0903174,0.0847569,0.0788774,0.0721513,0.0655555,0.0583972
0.0544579,0.0610834,0.0676279,0.0737235,0.0796686,0.0845894,0.0895275,0.0931906,0.0961985,0.0981676,0.0990805,0.0990045,0.0982386,0.0961232,0.0932329,0.0894833,0.0848478,0.0794223,0.0738191,0.0673838,0.0610919,0.0543612
0.0508472,0.0572361,0.0634527,0.0692697,0.0748737,0.0797527,0.0845443,0.0879564,0.0908082,0.0927811,0.0935639,0.0934395,0.0928483,0.0908059,0.0879624,0.0844891,0.0798946,0.0748524,0.0693126,0.0632025,0.057218,0.0507037
0.047496,0.0535316,0.059504,0.0651046,0.0705535,0.0750934,0.0795606,0.0830395,0.085764,0.0875667,0.0884512,0.0883755,0.0876665,0.0857031,0.0830371,0.0795951,0.0753093,0.0703452,0.0651744,0.0593088,0.0535123,0.0474263
0.044519,0.0502932,0.0560401,0.0614286,0.0666392,0.0708202,0.0753671,0.0785026,0.0811771,0.0829345,0.0837734,0.0838505,0.083001,0.0811339,0.0785334,0.0753,0.0710757,0.066361,0.061354,0.055843,0.0502214,0.0444248
0.0417457,0.0472383,0.0527609,0.0578617,0.0628899,0.0670866,0.0711383,0.074474,0.076931,0.0785755,0.0795192,0.079428,0.0787362,0.0768929,0.0744072,0.0711515,0.0673508,0.0627246,0.0578564,0.0525391,0.0472657,0.0417719
0.0393217,0.0445713,0.0497515,0.0547206,0.059633,0.0634778,0.0674098,0.0707432,0.0732049,0.0743601,0.0755068,0.075528,0.0747925,0.0730446,0.0707584,0.0676673,0.0637635,0.0594144,0.0547987,0.0496765,0.0445733,0.0393622
0.0368836,0.0418574,0.0469167,0.0516617,0.0563186,0.0600967,0.0640177,0.0669516,0.0692517,0.0708317,0.0715869,0.0714872,0.0709283,0.0691187,0.0670253,0.0640802,0.0603274,0.056108,0.0516996,0.0468221,0.0419135,0.0368325
0.0347018,0.0395713,0.0444152,0.0489188,0.0534794,0.0571875,0.0606791,0.063744,0.0659044,0.0674445,0.0680937,0.0681553,0.0675549,0.0658998,0.0636182,0.0607121,0.0572716,0.0532228,0.048861,0.0442683,0.039472,0.0347159
0.0327315,0.0372839,0.0419645,0.0462819,0.0505723,0.0541951,0.0576456,0.0605288,0.0626126,0.0640467,0.0648426,0.064741,0.0642327,0.0625113,0.0604605,0.0577546,0.054315,0.0504605,0.0463361,0.0418495,0.0372921,0.0327294
0.0308827,0.0353367,0.0397797,0.0438469,0.0481306,0.0515992,0.0549749,0.0576487,0.0597454,0.0610947,0.0618192,0.0617577,0.0611883,0.0596543,0.0575961,0.0549317,0.0517639,0.047948,0.0439047,0.0396659,0.0352572,0.0309607
0.0293439,0.033422,0.0377932,0.0417151,0.0457768,0.0491539,0.052322,0.0550542,0.0568923,0.0582099,0.0591161,0.0589371,0.058329,0.0568442,0.0549913,0.0524215,0.049232,0.0456158,0.041843,0.0375895,0.0335036,0.0293869
0.0276253,0.0317712,0.035827,0.0395679,0.0435463,0.0468817,0.0498963,0.0523629,0.0543304,0.055585,0.0562563,0.0562669,0.0557327,0.0543696,0.0523544,0.0499188,0.0469035,0.0433444,0.0395695,0.0357379,0.031648,0.027686
0.0261148,0.0301281,0.0340879,0.0377398,0.041453,0.0445845,0.0475513,0.0499627,0.0516498,0.0531539,0.0537571,0.0536232,0.0532117,0.051623,0.0498985,0.0475635,0.0446447,0.0413136,0.0377397,0.0339632,0.0300521,0.0262174
0.0247257,0.0285212,0.0323384,0.0359881,0.0395483,0.0425389,0.0454048,0.0476897,0.0494996,0.0508493,0.0513439,0.0513419,0.050945,0.049455,0.0477425,0.0453495,0.0425608,0.0394062,0.0359383,0.0323514,0.028454,0.0247769
0.0234965,0.027175,0.0308277,0.0342311,0.0376625,0.0405921,0.0433312,0.0456009,0.047171,0.0485924,0.0491331,0.0490254,0.0486458,0.04714,0.0455407,0.0433668,0.0406393,0.0375673,0.0342338,0.0307334,0.0271226,0.0235788
0.0223635,0.0258252,0.0293715,0.0326595,0.0359916,0.0388557,0.0414103,0.0436911,0.0452875,0.0465647,0.0469986,0.0470069,0.0465552,0.0453518,0.0435853,0.041371,0.0388375,0.0357887,0.0326123,0.0292844,0.0257404,0.0224159
0.0213461,0.0245208,0.027974,0.0312351,0.034304,0.0370612,0.0396087,0.0418414,0.0432649,0.0445998,0.045113,0.0450233,0.0446391,0.0432304,0.0416778,0.0396899,0.0371256,0.0343106,0.0313155,0.0278929,0.0245832,0.0213525
0.0203159,0.0234399,0.0266941,0.0297344,0.032773,0.0355609,0.0379625,0.0400581,0.0415163,0.0426625,0.0431898,0.0431044,0.0426724,0.0416467,0.039994,0.0379584,0.0355325,0.0326602,0.0297352,0.0266024,0.0233777,0.02032
0.0192812,0.0222897,0.0254425,0.028385,0.0313785,0.0339939,0.0362392,0.0383782,0.039773,0.0409504,0.0413976,0.0413321,0.0409756,0.0397291,0.0381723,0.0363304,0.0339575,0.0313189,0.0284452,0.0252923,0.022248,0.0192941
0.0183573,0.0211921,0.0242579,0.0271246,0.029888,0.0324961,0.0347554,0.0367082,0.0380662,0.0391043,0.0396467,0.0395955,0.0391773,0.0380494,0.0366214,0.0347564,0.0324759,0.0299041,0.0271476,0.0241754,0.0212435,0.0183187
0.0174836,0.0202912,0.0232065,0.0259616,0.0286996,0.0311562,0.0333146,0.0352678,0.0365479,0.0375672,0.0380465,0.0379815,0.037612,0.0365751,0.0351507,0.0333716,0.0311421,0.0287221,0.0259518,0.0231033,0.0203437,0.0175293
0.0166822,0.0192505,0.0221381,0.0248942,0.027363,0.0298585,0.0319673,0.0337536,0.0350893,0.0360032,0.0365471,0.0364808,0.0360806,0.0350544,0.0337283,0.0319729,0.0297935,0.0274946,0.0249078,0.0220588,0.0193462,0.016597
0.0158768,0.0184872,0.0212005,0.0237865,0.0263097,0.0286503,0.0306241,0.0324884,0.0336502,0.0346564,0.0351303,0.0350481,0.0347211,0.0336754,0.0323537,0.0307148,0.0286346,0.0263359,0.0237688,0.021091,0.0185386,0.0159273
0.0152212,0.0176594,0.0202909,0.0228571,0.0252317,0.0275519,0.0294563,0.0311138,0.0323913,0.0333125,0.0337275,0.0337233,0.0333738,0.0324043,0.0311153,0.0294618,0.027487,0.0252371,0.0228116,0.020236,0.0177097,0.0151795
0.0145239,0.0169141,0.01944,0.0218506,0.0242681,0.0263902,0.0282269,0.029984,0.0311406,0.0320666,0.0324126,0.0325077,0.0320739,0.0311027,0.0298892,0.0282705,0.0263927,0.0241804,0.0218601,0.0193749,0.0169382,0.0145108
0.0138638,0.0161317,0.0185967,0.0209603,0.0231698,0.0253095,0.027162,0.0286811,0.0299419,0.0307832,0.0312207,0.0311407,0.030776,0.0299232,0.0287048,0.0272107,0.025276,0.023171,0.0209142,0.0185754,0.0162054,0.0138192
0.0132459,0.0154236,0.0178179,0.0201018,0.0222455,0.0243236,0.0260711,0.0276142,0.0287721,0.0295865,0.0300074,0.0299651,0.0296486,0.0287738,0.02761,0.0261166,0.0242883,0.0222577,0.0200865,0.0177725,0.0154934,0.0132298
0.0126621,0.0147738,0.0170787,0.0192942,0.0214016,0.023368,0.0250755,0.0265813,0.0277333,0.0285414,0.0288914,0.0289131,0.0285267,0.0277029,0.0265822,0.0251383,0.0233301,0.0213737,0.019283,0.0170359,0.0148557,0.0126213
0.0121598,0.0141543,0.0164046,0.0185511,0.020563,0.0225124,0.0241288,0.0255216,0.026669,0.0274259,0.0277943,0.0277907,0.0274918,0.0266626,0.0255913,0.0241159,0.0224742,0.0205719,0.0185348,0.0163817,0.0142067,0.0120864
0.0116044,0.0135839,0.015765,0.0177664,0.019779,0.0216582,0.0232669,0.0246007,0.025727,0.0264869,0.0268067,0.0267793,0.0264528,0.0257219,0.0246493,0.0232964,0.0216101,0.0197836,0.0177943,0.0157463,0.0136754,0.0115902
0.0111438,0.0130657,0.0150919,0.0171099,0.0189592,0.0208228,0.0223256,0.0236997,0.024718,0.0254403,0.0258088,0.025798,0.0255609,0.0247336,0.0236936,0.0223704,0.0208041,0.0190487,0.017092,0.0150304,0.0130824,0.0111067
0.0106704,0.012521,0.0144938,0.0164485,0.0182832,0.0200411,0.0215032,0.0228418,0.023846,0.0245382,0.0248798,0.0248689,0.0246345,0.0238769,0.0228429,0.0215607,0.0200292,0.01831,0.0164228,0.0144198,0.0125634,0.0106372
0.0102625,0.0120099,0.0139837,0.0158143,0.0175911,0.0193183,0.0207808,0.0220071,0.0229733,0.0236732,0.0240151,0.0239991,0.0237323,0.0230006,0.0220076,0.0207483,0.0193027,0.0176171,0.0157928,0.0139271,0.0120307,0.0101979
0.00983706,0.0115298,0.0134248,0.0152307,0.0169101,0.0185956,0.0201264,0.0212741,0.0221793,0.0227862,0.0232463,0.0231102,0.0228363,0.022238,0.0211875,0.0200674,0.0185833,0.0168884,0.0151337,0.0133977,0.0116152,0.00979836
0.00940016,0.0110566,0.0128812,0.0146429,0.0163048,0.0179296,0.0192776,0.0204821,0.0213823,0.0220002,0.0223225,0.022306,0.0220514,0.0214066,0.0204371,0.0192915,0.017886,0.0163017,0.014602,0.0128175,0.0111179,0.00938761
0.0090315,0.0106269,0.0123896,0.0140901,0.0156875,0.0172626,0.0185773,0.0197764,0.0206346,0.0212587,0.0215902,0.0215731,0.0212917,0.0206285,0.0197335,0.0186194,0.0172284,0.0157452,0.0140623,0.0123595,0.0106948,0.00900364
0.00865685,0.0102083,0.0119334,0.0136077,0.0151193,0.0166676,0.0179334,0.0190644,0.0199188,0.0205431,0.0208136,0.020784,0.0205614,0.0200114,0.0190279,0.0179601,0.0166407,0.0151287,0.0135672,0.0118758,0.0102591,0.00865986
0.0083243,0.00982007,0.011462,0.0130803,0.0146018,0.0160388,0.0172965,0.0183845,0.0192206,0.0198051,0.0200983,0.0201007,0.0198395,0.0192346,0.0183752,0.0173197,0.0160328,0.0146125,0.013055,0.0114235,0.00987897,0.00828807
0.00798117,0.00944695,0.0110325,0.0126446,0.0141394,0.0155093,0.0167106,0.0177891,0.0186023,0.0191466,0.0194202,0.0194978,0.0191643,0.0186407,0.0178092,0.0167522,0.0155048,0.0140947,0.0125834,0.0110032,0.00954494,0.00799136
0.00767897,0.0091031,0.0106286,0.0121482,0.0135339,0.0149405,0.0161254,0.0171384,0.0179108,0.0184621,0.0187696,0.0187516,0.0184669,0.0179196,0.017129,0.0161472,0.0149096,0.0135816,0.0120913,0.0105876,0.00913608,0.00765328
0.00737619,0.008768,0.0102349,0.0117342,0.013113,0.0144101,0.0155856,0.0165613,0.0172819,0.017869,0.0182044,0.0181819,0.0178787,0.0173369,0.0165452,0.0155664,0.0144356,0.013101,0.0116648,0.0102185,0.00880606,0.00734932
0.00711659,0.00843003,0.00984151,0.0112725,0.0125909,0.0139065,0.0150206,0.0159712,0.0167149,0.0172289,0.017498,0.0175114,0.0172616,0.016715,0.0159649,0.0150496,0.0139107,0.0126234,0.0112481,0.00981702,0.00847755,0.00705922
0.00681588,0.0081299,0.00952935,0.0108713,0.0121362,0.0134579,0.0145187,0.0154773,0.0161669,0.0166495,0.0169316,0.0169314,0.0166963,0.0161892,0.0155004,0.0145635,0.0133844,0.0122253,0.0108906,0.00946172,0.00815033,0.00682632
0.00657508,0.0078439,0.00918858,0.0105268,0.0117538,0.0129735,0.0140307,0.0149784,0.0156609,0.0161334,0.0164285,0.0164269,0.0161594,0.0156122,0.014982,0.0140925,0.0129588,0.0118263,0.0104946,0.00915782,0.00787183,0.0065532
0.00631147,0.00755699,0.00884877,0.0101235,0.0113118,0.0125713,0.0135582,0.014461,0.0151025,0.0155968,0.0158401,0.0158301,0.0156019,0.0151508,0.0144671,0.0135897,0.0124941,0.0114009,0.0101237,0.00879325,0.00757297,0.00629727
0.00609285,0.00727356,0.00856232,0.00977148,0.0109328,0.012118,0.0131422,0.0140041,0.0146202,0.0150733,0.0153901,0.0153565,0.015116,0.0145995,0.0139864,0.0131204,0.012099,0.0110168,0.00976676,0.00852139,0.00730189,0.00608102
0.00586546,0.00701082,0.00824445,0.00945909,0.0105599,0.0117049,0.0127127,0.0134769,0.0141591,0.0146024,0.0148613,0.0148352,0.0146084,0.0141754,0.0135064,0.0127117,0.0116982,0.0106424,0.00945461,0.00819766,0.00702664,0.00585026
0.00564638,0.0067552,0.00793704,0.00912021,0.0102083,0.0113094,0.012268,0.0130883,0.0136798,0.0141097,0.0143745,0.0143691,0.0141556,0.0136885,0.0130608,0.0122789,0.0113161,0.0102778,0.0091067,0.00790291,0.00678039,0.00561709
0.00542737,0.00651675,0.00764972,0.00880608,0.00986657,0.0109484,0.011844,0.0126444,0.0132264,0.0136377,0.0138835,0.0138925,0.0136698,0.0132295,0.0126528,0.011876,0.0109205,0.00991803,0.00877955,0.00762221,0.00654008,0.00542213
0.00523731,0.0063008,0.00738301,0.00853347,0.00955264,0.0106128,0.0114901,0.0122489,0.0128263,0.0132161,0.0134703,0.013482,0.0132475,0.0128362,0.012277,0.0115174,0.010563,0.00961553,0.00848839,0.00736818,0.00633386,0.00525012
0.00504428,0.00606605,0.00712342,0.00824042,0.00923625,0.0102394,0.0110845,0.0118468,0.0124005,0.0128075,0.0130355,0.0130436,0.0128188,0.0124037,0.0118643,0.011128,0.0102231,0.00929869,0.00820041,0.00711421,0.00609638,0.00504107
0.00486272,0.00585088,0.00689389,0.0079529,0.0089198,0.00989597,0.0107417,0.0114856,0.012002,0.0123813,0.0126309,0.0126293,0.012433,0.0120095,0.0114633,0.0107598,0.00990422,0.00896947,0.00792481,0.00685736,0.00586655,0.00485698
0.00468745,0.00564796,0.00665276,0.00768168,0.00862454,0.00958191,0.0103932,0.0111001,0.0116265,0.0120018,0.0122197,0.0122183,0.012015,0.0116331,0.0110957,0.010412,0.00956989,0.0086733,0.00765537,0.00663133,0.00565889,0.00467953
0.00452422,0.00545039,0.00643704,0.00742643,0.00834177,0.009286,0.0100669,0.0107342,0.0112687,0.0116449,0.011856,0.0118487,0.0116368,0.0112739,0.0107558,0.0100886,0.00926098,0.0083975,0.00740619,0.0064115,0.00547637,0.00451807
0.00438666,0.00526789,0.00623258,0.00718705,0.00809341,0.00898866,0.00976359,0.010409,0.0109214,0.0112773,0.011478,0.0114773,0.0112939,0.0109227,0.0104134,0.00976655,0.00898903,0.00811178,0.00716692,0.00621027,0.00529559,0.00435122
0.00421625,0.00508625,0.00601199,0.00695513,0.00782192,0.00868955,0.00944981,0.0101187,0.0105727,0.0109191,0.0111371,0.0111318,0.0109451,0.0105734,0.0100775,0.00946636,0.00869114,0.00785357,0.00692032,0.00598908,0.00508805,0.00420089
0.00406419,0.00491546,0.00580402,0.00672326,0.00756676,0.00841969,0.00914863,0.00977643,0.0102508,0.0105821,0.0107848,0.0107817,0.0105986,0.0102545,0.00977669,0.00916247,0.00840764,0.00760736,0.00669713,0.00578926,0.00491905,0.00405743
0.00392177,0.00475782,0.00562014,0.00651408,0.00733314,0.00817022,0.00887354,0.00948364,0.00993869,0.010259,0.0104605,0.0104609,0.0102778,0.00994856,0.00949161,0.00889018,0.00814115,0.00736872,0.00647369,0.00560109,0.00476464,0.00393002
0.00379624,0.00459725,0.00543163,0.00631285,0.0070908,0.00789534,0.00859747,0.00920254,0.00963245,0.00995415,0.0101363,0.0101446,0.00996656,0.00964057,0.00919504,0.00860872,0.0078968,0.00713241,0.00627522,0.00542225,0.00458434,0.00378126
0.00366362,0.00443656,0.00525068,0.00609786,0.0068857,0.00767147,0.00835166,0.00892004,0.00934675,0.00966074,0.00984822,0.00983498,0.00967481,0.00937151,0.00890356,0.00833248,0.00765168,0.00690787,0.0060699,0.00524326,0.00444159,0.00365095
0.00353518,0.00428856,0.00509554,0.00590975,0.00666149,0.00742555,0.00808833,0.00864488,0.00906281,0.0093655,0.00954886,0.00954649,0.00937489,0.00907155,0.00863697,0.00809086,0.00741579,0.0066811,0.00588166,0.00507039,0.00428223,0.00354366
0.00341266,0.00414964,0.00492654,0.00571313,0.00644976,0.00719693,0.00783348,0.00836016,0.00880051,0.00909276,0.00926717,0.00924726,0.00908811,0.0088054,0.00837284,0.00782569,0.00717945,0.00648926,0.00570087,0.00491404,0.00415145,0.00340753
0.00330662,0.00400731,0.00477618,0.00553827,0.00625478,0.00697056,0.00760829,0.00811798,0.00854158,0.00881447,0.00900614,0.00899265,0.00884804,0.00856223,0.00813455,0.00758093,0.00696715,0.00629919,0.00553799,0.004761,0.0040148,0.00330216
0.00319253,0.00388665,0.00461217,0.00536453,0.00605835,0.00676139,0.00737227,0.00788595,0.00828393,0.00855654,0.00871504,0.00871081,0.00855535,0.00829329,0.0078863,0.00737311,0.0067529,0.00609664,0.00534109,0.00460896,0.00388612,0.00318678
0.00308562,0.00375939,0.00445609,0.00519471,0.00587929,0.00656425,0.00714521,0.00765185,0.00803385,0.00829609,0.00845095,0.0084578,0.00831113,0.00804005,0.00764823,0.00715161,0.00653795,0.0058966,0.00517267,0.00445353,0.00376389,0.00307726
0.00299293,0.00363817,0.00432289,0.00503582,0.00569707,0.0063632,0.00693676,0.00744035,0.00780998,0.00806472,0.00821023,0.00821273,0.00808277,0.00780003,0.00742001,0.00694491,0.0063483,0.00572041,0.00501096,0.00432782,0.00363887,0.0029757
0.00288378,0.00352206,0.00418137,0.00488126,0.0055314,0.00615815,0.00672932,0.00719546,0.00756573,0.00781641,0.00798768,0.00798161,0.00783487,0.00757202,0.00720053,0.00673017,0.00615731,0.00554952,0.0048563,0.00417697,0.00352139,0.00287726
0.00278706,0.00341118,0.00405445,0.00472405,0.00536759,0.00598378,0.00653239,0.0069897,0.00737062,0.00759251,0.0077403,0.0077464,0.00761162,0.00736088,0.00698293,0.00653393,0.00597397,0.00539317,0.00471474,0.00405238,0.00339902,0.00278567
0.00270285,0.0033018,0.00392558,0.00459627,0.00519448,0.00580587,0.00634017,0.00678747,0.0071374,0.00737856,0.00751538,0.00752383,0.00739371,0.00713329,0.00679237,0.00634813,0.00580368,0.00521492,0.00456848,0.00392203,0.00329655,0.00269367
0.00261312,0.00319511,0.00380173,0.00444267,0.00503768,0.00563286,0.00614107,0.00657594,0.00693232,0.00718171,0.00731179,0.00730052,0.00717129,0.00693794,0.00659658,0.0061598,0.00562659,0.00505869,0.00442986,0.00380128,0.00320423,0.00261145
0.00252912,0.0030938,0.00368247,0.00431135,0.00490011,0.00546685,0.00597314,0.00639353,0.0067438,0.00695973,0.00709242,0.0071022,0.00697175,0.00674954,0.00639144,0.00597499,0.00545453,0.00491009,0.00428778,0.00368537,0.00308618,0.00252109
0.00244806,0.00299608,0.00357605,0.00417217,0.00474785,0.00530392,0.00579728,0.00621477,0.00654784,0.00676666,0.00689699,0.00689226,0.00676883,0.00653762,0.00621554,0.00579674,0.0052898,0.00476407,0.00415862,0.00357554,0.00299289,0.00244299
0.00237027,0.00290012,0.00346309,0.00405934,0.00460574,0.00515818,0.00564774,0.00602791,0.00635919,0.00657067,0.00670369,0.0066923,0.00657994,0.00635803,0.0060411,0.00563007,0.00514944,0.00462753,0.00403196,0.00346107,0.0028935,0.00236786
0.00229296,0.00281188,0.00335889,0.0039355,0.00447094,0.00500139,0.00546989,0.00586531,0.00618324,0.00638148,0.00651421,0.00651067,0.00639766,0.00616966,0.00587344,0.00546891,0.00499498,0.00448521,0.00391282,0.00335792,0.00280477,0.00228722
0.00222323,0.00272825,0.00325396,0.00381984,0.00434161,0.00485134,0.00530984,0.00570693,0.00601453,0.00619993,0.0063339,0.00632461,0.00621693,0.00600308,0.00569247,0.00532316,0.00485187,0.00436065,0.0037975,0.00325797,0.00272059,0.00222051
0.00215187,0.0026411,0.00315346,0.00370721,0.00421442,0.00471636,0.00516362,0.00553531,0.00584525,0.00603255,0.00615977,0.00615152,0.00604806,0.00583365,0.00554266,0.00516455,0.00471018,0.00423074,0.003687,0.00315957,0.00263574,0.00214732
0.00208586,0.00256261,0.00305946,0.00358749,0.0040931,0.00458464,0.00502082,0.00538155,0.00568521,0.00586795,0.00597837,0.00598639,0.00588385,0.00566985,0.00538658,0.00502026,0.00457471,0.00409918,0.00357916,0.00306483,0.00255524,0.0020828
0.0020193,0.00248005,0.00297362,0.00348948,0.00398294,0.00445877,0.00487851,0.00521929,0.00552529,0.00569932,0.00582417,0.00582798,0.00572711,0.00551676,0.00524513,0.00487405,0.00444723,0.0039821,0.00346865,0.00296893,0.00248369,0.00201253
0.00195994,0.00240816,0.00288404,0.00339232,0.00386288,0.00431807,0.00474058,0.00509144,0.00538163,0.00554883,0.00565189,0.00565172,0.00555714,0.00536878,0.00508677,0.00474144,0.00431868,0.0038745,0.00337169,0.00288782,0.00240164,0.00194935
0.00189534,0.00234047,0.00279331,0.00328948,0.00375225,0.00421124,0.00462231,0.00494378,0.00521641,0.00539982,0.00551814,0.00550163,0.00541241,0.00520447,0.00496604,0.00461631,0.00420137,0.00375958,0.00327219,0.00280009,0.00233138,0.0018909
0.00183663,0.00226976,0.0027151,0.00319762,0.00365392,0.00408159,0.00448349,0.00481074,0.00507825,0.00524271,0.00534898,0.00534503,0.00525325,0.00507087,0.00480566,0.00448966,0.00408352,0.00364849,0.00318827,0.00271309,0.00226042,0.00182802
0.00178204,0.00219811,0.00263533,0.0031007,0.00354577,0.0039705,0.00435199,0.00467721,0.0049389,0.00510119,0.00520541,0.00520388,0.00511747,0.00492454,0.00468578,0.00435766,0.00396318,0.00354845,0.00308466,0.00263663,0.00219303,0.00177404
0.00172424,0.00213511,0.00256424,0.00300979,0.00345117,0.00385572,0.00422659,0.00456233,0.00480444,0.00496476,0.00506851,0.00506864,0.00497756,0.00480079,0.00455056,0.00424479,0.00385647,0.00344575,0.00300594,0.00256409,0.00212891,0.00172249
0.00167428,0.00206656,0.0024855,0.00292629,0.00335272,0.00376417,0.00412453,0.00441871,0.00467832,0.00482952,0.00494677,0.00492458,0.00484545,0.00466612,0.00442627,0.00412048,0.00375201,0.00335735,0.00290539,0.00248456,0.00206756,0.0016748
0.00162436,0.00200869,0.00241372,0.0028379,0.00325954,0.00364764,0.00401452,0.00430625,0.0045596,0.00469844,0.0047936,0.00479296,0.00470908,0.00454226,0.00430398,0.00401058,0.0036384,0.00326264,0.00283237,0.00241605,0.00200322,0.0016172
0.00157318,0.00194831,0.00234492,0.00276261,0.00316391,0.00354701,0.0038964,0.00418281,0.0044258,0.00457263,0.00467244,0.0046671,0.00458203,0.0044163,0.00419511,0.00389873,0.00354141,0.00316772,0.00274848,0.00234529,0.00194611,0.00156493
0.00152844,0.00188841,0.00227336,0.00269055,0.00308186,0.00345417,0.00379254,0.0040782,0.0043105,0.00444625,0.00454496,0.00454683,0.00447002,0.00430606,0.00408271,0.00380017,0.00345091,0.00308117,0.00267013,0.00227543,0.00188927,0.00151829
0.00147957,0.00183478,0.00220703,0.00260943,0.00299386,0.00335584,0.00368962,0.00396226,0.0041973,0.00433393,0.004425,0.00442268,0.00434557,0.00418573,0.00397274,0.00369407,0.00334907,0.00299444,0.00259662,0.00221275,0.00183426,0.0014743
0.00143317,0.00178433,0.00215253,0.0025407,0.00290795,0.00326333,0.00359566,0.00386141,0.00409222,0.00422112,0.00431028,0.00430041,0.00422904,0.00407546,0.00386256,0.00359029,0.00326545,0.00291474,0.00252579,0.00214672,0.00177594,0.00143464
0.00139114,0.00173173,0.00209106,0.00247127,0.00283066,0.0031801,0.003499,0.00376563,0.00397639,0.00410584,0.00420044,0.00420321,0.00411834,0.00397238,0.00376229,0.00349793,0.00318254,0.0028322,0.00245577,0.00209125,0.0017268,0.0013899
0.00135361,0.00168015,0.00203539,0.00240511,0.00274854,0.00308087,0.00340004,0.00366069,0.00388018,0.00401019,0.00408919,0.00407991,0.00400532,0.0038685,0.00365923,0.00340292,0.00309346,0.00276155,0.00238639,0.00203172,0.00167815,0.00135084
0.00131113,0.00163288,0.00197245,0.00233286,0.00268045,0.00300498,0.00331041,0.00356511,0.00377211,0.00389655,0.00397952,0.00397774,0.00390622,0.00376391,0.00356293,0.00331222,0.00300228,0.00267891,0.00231836,0.00197346,0.00162918,0.00130755
0.00127273,0.00159066,0.00191963,0.0022663,0.00260936,0.00292717,0.00322247,0.00347445,0.00367238,0.00379805,0.00387179,0.00387303,0.00380035,0.00366679,0.00346872,0.00322938,0.0029308,0.00260865,0.00225733,0.00191746,0.00158288,0.00126905
0.0012366,0.00154084,0.00187147,0.00220465,0.00254071,0.00285242,0.00313595,0.00338782,0.00358127,0.00369948,0.00378343,0.00377911,0.00370955,0.00357141,0.00338755,0.0031378,0.0028406,0.00253996,0.00219954,0.00186799,0.00153799,0.00123575
0.00119975,0.00149609,0.00181191,0.00214625,0.00246986,0.00277237,0.00305248,0.00329306,0.00348287,0.00359736,0.00367506,0.00367833,0.0036133,0.00347905,0.00329531,0.0030559,0.00277764,0.00247124,0.00213775,0.00181386,0.00149087,0.00119658
0.0011676,0.00145334,0.00176132,0.00209084,0.00240344,0.00270514,0.00298168,0.00320837,0.00339484,0.0035065,0.00359001,0.00358572,0.00352141,0.00338809,0.00320878,0.00298104,0.00269809,0.00240335,0.00207842,0.00176301,0.00145514,0.00116107
0.00113261,0.0014156,0.00171507,0.00203182,0.00234022,0.0026307,0.00289515,0.00311715,0.00331649,0.0034266,0.00349128,0.00349233,0.00343314,0.00330911,0.00312856,0.00290058,0.00262743,0.00233915,0.00202197,0.00171744,0.00140735,0.0011309
0.00109967,0.00137474,0.00167191,0.00198415,0.00228062,0.00255831,0.00282297,0.00304179,0.00322411,0.00333423,0.00341583,0.00340619,0.00334583,0.00321591,0.00304218,0.00282698,0.0025604,0.00228074,0.00196743,0.00167101,0.00137548,0.00109938
0.00106759,0.00133624,0.00162185,0.00192776,0.00221629,0.00248885,0.00275349,0.00296636,0.00313965,0.0032523,0.00331163,0.00331489,0.00324924,0.00313917,0.00296076,0.00275554,0.00249676,0.00221954,0.00191483,0.00162209,0.00133669,0.00106372
0.00103696,0.00130011,0.00157483,0.00187221,0.00215797,0.00242504,0.00267663,0.00288755,0.00306947,0.00316491,0.00323518,0.00323177,0.00316893,0.00305982,0.00289328,0.002684,0.00243319,0.0021661,0.00186407,0.0015784,0.00129754,0.0010378
0.00100818,0.00126212,0.00153561,0.0018227,0.00210391,0.00236479,0.0026113,0.00282399,0.0029827,0.00308268,0.00315455,0.00314706,0.00309001,0.00298394,0.00281812,0.00261277,0.00237137,0.00210579,0.00182109,0.00153432,0.00126195,0.00100523
0.000978958,0.0012284,0.00149538,0.00177316,0.00205504,0.00231357,0.00254901,0.00275001,0.00290969,0.00301008,0.00307701,0.00307336,0.00301696,0.00291693,0.00274777,0.00255579,0.00231074,0.00204942,0.00176902,0.00149785,0.00122496,0.000975813
0.00095438,0.00119223,0.00145746,0.00173432,0.0019973,0.00224464,0.00248438,0.00267945,0.00284086,0.00294016,0.00300422,0.00299412,0.00294828,0.00283463,0.00267627,0.00248218,0.00224489,0.00199996,0.00172192,0.00145722,0.00119195,0.000952426
0.000925932,0.00116261,0.00141235,0.00168066,0.00194704,0.0021907,0.00241844,0.00260498,0.00276561,0.00286613,0.00292275,0.0029211,0.00286959,0.00276689,0.00261043,0.00242245,0.00219423,0.00194803,0.00167555,0.00141858,0.00116049,0.000927222
0.00089961,0.00112825,0.0013778,0.00164306,0.00189188,0.00213393,0.00235837,0.00254818,0.00269776,0.00279656,0.00285155,0.00284252,0.00279674,0.00269698,0.00254198,0.00236275,0.00213714,0.00189475,0.00163409,0.0013741,0.0011312,0.000899947
0.000873848,0.00110191,0.0013411,0.00160347,0.00184576,0.00208442,0.002301,0.00248459,0.00263189,0.00272561,0.00278119,0.00278732,0.00273624,0.00262814,0.00248402,0.00230536,0.0020787,0.00184258,0.0015887,0.00134076,0.00110126,0.000874116
0.000850054,0.00107015,0.00131098,0.00156087,0.00180084,0.00202321,0.00224534,0.00242654,0.00256961,0.00266421,0.00271121,0.00271147,0.00266156,0.00256515,0.0024249,0.00224026,0.00203569,0.0018062,0.00155757,0.00130306,0.00107171,0.000854261
0.000828352,0.00104243,0.00126814,0.00151337,0.00175578,0.00198157,0.00218713,0.00235744,0.00250113,0.00259669,0.00264863,0.00265365,0.00259714,0.00250759,0.00237184,0.00219181,0.00197877,0.00175547,0.00151036,0.00127191,0.00104099,0.000826343
0.000805995,0.00101358,0.00124445,0.00148122,0.00170964,0.00192492,0.00213164,0.00230552,0.00244412,0.00253529,0.00259129,0.00258013,0.00253168,0.00244013,0.00231197,0.0021294,0.00193102,0.00171808,0.0014729,0.00123982,0.00101413,0.000805648
0.000781496,0.000986953,0.00120703,0.00144155,0.00166669,0.00188569,0.00208444,0.00224997,0.00238331,0.00246702,0.0025236,0.00252323,0.0024771,0.00238625,0.00224538,0.00208162,0.00187696,0.00166501,0.00143124,0.00120761,0.000985597,0.000784074
0.000761265,0.000962901,0.00117887,0.00140347,0.0016285,0.0018367,0.00202612,0.0021924,0.00232653,0.00241369,0.00245908,0.00245962,0.00241317,0.00232141,0.00219614,0.00202635,0.00183298,0.00162972,0.00139886,0.00117592,0.000960471,0.000761896
0.000741897,0.000935667,0.00114083,0.00137025,0.00158596,0.0017851,0.00197814,0.00213292,0.00226943,0.00234875,0.00240129,0.00240241,0.00235611,0.00226844,0.00214514,0.00197822,0.00179143,0.00158392,0.00136342,0.00114647,0.000937601,0.0007384
0.000720823,0.000912957,0.00111567,0.00132965,0.00154852,0.00174187,0.00192627,0.00209084,0.0022134,0.00229099,0.00234373,0.00234119,0.00229461,0.0022141,0.00208713,0.00193228,0.0017454,0.00154453,0.00132683,0.00111458,0.000907849,0.000719684
0.000700815,0.000887716,0.0010851,0.00130086,0.00150736,0.00170212,0.00188671,0.00203312,0.00216677,0.0022347,0.00228864,0.00228931,0.00224265,0.00216261,0.0020345,0.00188169,0.00170616,0.00150286,0.0012935,0.00108478,0.000890177,0.000699391
0.000684246,0.000863393,0.00105953,0.00127178,0.00147024,0.00165234,0.00183886,0.00198956,0.00211675,0.00218742,0.00223361,0.002228,0.00218697,0.00211632,0.00198615,0.00183666,0.00166262,0.00147177,0.00126446,0.00105787,0.000864711,0.000682012
0.00066605,0.000844726,0.00103109,0.00123401,0.0014361,0.00162229,0.00178905,0.00193376,0.00206971,0.00214417,0.0021801,0.00217927,0.00214735,0.00205582,0.00193929,0.00179074,0.00161893,0.00143108,0.00122712,0.00103412,0.00084204,0.000664685
0.000646115,0.000819154,0.00100606,0.00120212,0.00139981,0.00157463,0.00174589,0.0019,0.00201218,0.00208384,0.00212836,0.00212316,0.00208641,0.00201908,0.00188946,0.0017506,0.0015869,0.00139661,0.00119956,0.00100623,0.000818827,0.000645149
0.000629611,0.000801085,0.000979084,0.0011728,0.00136828,0.00154323,0.00170533,0.00185143,0.00196955,0.00203227,0.00207877,0.00207779,0.00203461,0.00196424,0.00184515,0.00170448,0.00154646,0.00136731,0.00117132,0.000980082,0.00080024,0.000631152
0.000612514,0.000776766,0.000959088,0.00114681,0.00133587,0.00150226,0.0016677,0.00180859,0.00191714,0.00198969,0.00202824,0.00202568,0.00198568,0.00192327,0.00180346,0.00167092,0.00150634,0.00133032,0.00114188,0.000955509,0.000776006,0.00061371
0.000596451,0.000762173,0.000930365,0.00111313,0.00130491,0.00147095,0.00162359,0.00175535,0.00187787,0.00194402,0.00198213,0.00198137,0.0019454,0.00186978,0.00176411,0.00162797,0.00146827,0.00130282,0.00111472,0.000931598,0.000756583,0.000597812
0.00058194,0.000739395,0.000910021,0.00109291,0.00126611,0.00143024,0.00158953,0.00172218,0.00183158,0.00190322,0.00193546,0.0019308,0.00189716,0.00182916,0.00171666,0.00159427,0.00143357,0.00126998,0.0010847,0.000907053,0.000737889,0.000581308
0.000565347,0.000718525,0.000884409,0.001067,0.0012363,0.00139912,0.00155498,0.00167996,0.00178758,0.00185392,0.00188973,0.00188726,0.00185927,0.00178659,0.0016816,0.0015552,0.00140006,0.00123266,0.00106489,0.000883225,0.000721182,0.000565828
0.000550362,0.000701333,0.000863174,0.00103701,0.00120725,0.00136534,0.00151393,0.00164407,0.00174291,0.00181292,0.0018469,0.00184244,0.00181265,0.00174547,0.00164012,0.00151944,0.00136699,0.00120609,0.00103545,0.000860906,0.000700842,0.000552275
0.000537264,0.00068549,0.000838406,0.00100912,0.0011791,0.00133388,0.00147839,0.00160887,0.00170626,0.00177071,0.00180029,0.00180627,0.00177378,0.00171009,0.00160048,0.00148609,0.00133396,0.00117592,0.00101068,0.000841235,0.000683835,0.000536512
0.00052263,0.000667838,0.000823788,0.000989412,0.00115054,0.00130067,0.001447,0.00157095,0.00166587,0.0017337,0.00176341,0.00176195,0.00173,0.00166864,0.00156256,0.0014472,0.00130522,0.00114917,0.000986804,0.000822718,0.000667759,0.000522202
0.000509372,0.00065061,0.000801177,0.000964638,0.00112472,0.00127138,0.00141203,0.00153208,0.00162907,0.00168303,0.00172547,0.00172403,0.00169271,0.00162959,0.00152538,0.00141382,0.00127435,0.00112233,0.00096287,0.000802982,0.000650239,0.000509983
0.000497147,0.000635666,0.000785637,0.000944277,0.00109703,0.00124141,0.00138251,0.00149951,0.00158834,0.00165216,0.00168539,0.00168499,0.00165159,0.00158902,0.00149504,0.00138281,0.00124423,0.00109799,0.000937489,0.000781127,0.000633706,0.000498317
0.000481539,0.00061753,0.000760694,0.000917454,0.00107422,0.00121437,0.00134625,0.00146156,0.00155417,0.00161035,0.00164502,0.00164382,0.00161389,0.00155856,0.0014616,0.00134709,0.00121325,0.00106837,0.00091745,0.000763438,0.000617315,0.000483443
0.000471333,0.000604144,0.000746246,0.000897396,0.0010469,0.00118195,0.00131802,0.00143398,0.00152,0.00157427,0.00160832,0.00160916,0.00157407,0.00151835,0.00142496,0.00131769,0.00118736,0.00104809,0.000896228,0.000741995,0.000603047,0.000472246
0.000458404,0.000586543,0.000725318,0.00087711,0.00102446,0.00115531,0.0012877,0.00139635,0.00148583,0.00154072,0.00157136,0.00157407,0.00154568,0.00149112,0.00139411,0.00128847,0.00115876,0.00101844,0.000872167,0.000725157,0.000588205,0.000460349
0.000445332,0.000573681,0.000709775,0.000855182,0.00100228,0.00113287,0.00125649,0.00136526,0.00145071,0.00150337,0.00153892,0.0015406,0.0015095,0.00145673,0.00136158,0.00125859,0.00113171,0.000991461,0.000849887,0.000708594,0.00057383,0.000448973
0.000434515,0.000557774,0.000690152,0.000834421,0.000976524,0.00110507,0.0012264,0.00133476,0.00141787,0.00146877,0.00150259,0.00150407,0.00147566,0.00142289,0.00133055,0.00123069,0.00110509,0.00096897,0.000831619,0.000691941,0.000560802,0.000435288
0.000425796,0.000546054,0.000675861,0.000815908,0.000951296,0.00107638,0.00120135,0.00130497,0.00138795,0.00144,0.00147401,0.00146837,0.0014421,0.00139188,0.00130117,0.00119973,0.00108354,0.00095205,0.000814091,0.000677551,0.000548407,0.000427363
0.000413558,0.000531962,0.000661287,0.000796537,0.000932951,0.00105521,0.00117303,0.00127372,0.00135578,0.00141169,0.00143714,0.00143729,0.00140853,0.00135705,0.0012726,0.00117441,0.00105703,0.000931223,0.000794229,0.000660706,0.000533162,0.000416421
0.000404131,0.000519923,0.000644235,0.000778445,0.00090956,0.00103145,0.00114809,0.00124871,0.00132553,0.00137815,0.00141015,0.00140558,0.00138016,0.00132807,0.00124688,0.00115213,0.00103037,0.000909255,0.000777087,0.000644585,0.000518693,0.000406237
0.000393889,0.000505555,0.000629146,0.000760574,0.000889141,0.00100684,0.00112531,0.00122105,0.00129523,0.0013471,0.0013742,0.00137604,0.00134863,0.00129767,0.00121843,0.00112091,0.00100723,0.000886943,0.000759379,0.000627098,0.000507508,0.000394521
0.000383476,0.000495456,0.000614769,0.000742866,0.000870251,0.000986761,0.00109678,0.00119258,0.00126654,0.00132028,0.00134319,0.00134542,0.0013199,0.00126713,0.0011928,0.00109887,0.000982651,0.000869012,0.00074159,0.000611889,0.000493474,0.000385696
0.000374132,0.000482039,0.000599264,0.000725929,0.00084914,0.00096086,0.00107157,0.00116521,0.00123747,0.00129097,0.00131567,0.00131579,0.0012908,0.00124045,0.001164,0.00107197,0.000963265,0.000846342,0.000722245,0.000598307,0.000483957,0.000375302
0.0003661,0.000470332,0.000586145,0.000709575,0.000828185,0.00094353,0.00105075,0.00114129,0.00121121,0.00126332,0.00128934,0.00128625,0.00126545,0.00121347,0.00113662,0.00105164,0.000942378,0.000827927,0.000704822,0.000584144,0.000472218,0.000367866
0.00035583,0.000458297,0.000571857,0.00069246,0.00080756,0.000918852,0.00102573,0.00111691,0.00118814,0.00123434,0.00126447,0.00125661,0.00123671,0.00118926,0.00111319,0.00102354,0.000922482,0.000810575,0.000690164,0.000571467,0.000462277,0.000357948
0.000346287,0.000446577,0.000555915,0.000675374,0.000794678,0.000896835,0.000998081,0.00109066,0.0011629,0.00120805,0.00123501,0.00122996,0.00120719,0.00116604,0.00109244,0.00100263,0.000902678,0.00079148,0.000674138,0.000559062,0.00045147,0.000350008
0.000337944,0.000439433,0.000546252,0.000661159,0.000775679,0.000880612,0.000979819,0.00106738,0.00113398,0.00118013,0.00120648,0.00120749,0.00118345,0.00113537,0.00106668,0.000983455,0.000879833,0.000773875,0.000658031,0.000545676,0.000437717,0.000341611
0.000328968,0.000427655,0.00053425,0.000646898,0.000758486,0.000859906,0.000958245,0.00104406,0.00111068,0.00115692,0.00117958,0.00117806,0.00115629,0.00111218,0.00104283,0.00095989,0.000862091,0.000756284,0.000643792,0.000534236,0.000428712,0.000332633
0.000321768,0.000417669,0.00052049,0.000630901,0.000741091,0.000839548,0.000937585,0.0010217,0.00108817,0.00112872,0.00115654,0.00115363,0.00113156,0.00108769,0.0010197,0.00093946,0.000841804,0.000740193,0.000629315,0.000520881,0.000419462,0.00032419
0.000315274,0.00040844,0.000510218,0.00061821,0.000724955,0.00082272,0.000920528,0.00099736,0.00106229,0.00110709,0.00113023,0.00112941,0.00110816,0.0010645,0.000997881,0.000918192,0.00082349,0.000723155,0.000615797,0.000508318,0.000408939,0.000316172
0.000307132,0.000397038,0.000497314,0.000604584,0.000708524,0.000802927,0.000899391,0.000976888,0.00104031,0.00108283,0.00110595,0.00110606,0.00108239,0.00104441,0.000974391,0.000897601,0.000807741,0.000706461,0.000598699,0.000496961,0.0004002,0.00030826
0.0003001,0.000389291,0.000484465,0.000588953,0.000695039,0.000785571,0.00087669,0.000954592,0.00101951,0.00105851,0.00108454,0.00108253,0.00106191,0.00102051,0.000957438,0.000877449,0.000788249,0.000692001,0.000585717,0.000484661,0.000390327,0.000301142
0.000292218,0.000379121,0.000474675,0.000575799,0.000677882,0.000768353,0.000859855,0.000935981,0.000998184,0.00103862,0.00106289,0.00105898,0.00103632,0.00100153,0.000935517,0.000858761,0.000771668,0.000677861,0.00057358,0.000474995,0.000381637,0.000294521
0.000285706,0.000370002,0.000464411,0.000564742,0.000661913,0.000751518,0.000842125,0.00091763,0.000975747,0.00101701,0.0010399,0.00103505,0.00101432,0.000979229,0.000916182,0.000838575,0.000755076,0.000662116,0.000561678,0.000464817,0.000373325,0.000286636
0.000278287,0.000362664,0.000454556,0.00055169,0.000648655,0.000736038,0.000823579,0.000896834,0.000955186,0.000995867,0.00101763,0.00101394,0.000993833,0.000956763,0.00089631,0.000823057,0.000738049,0.000648389,0.000549046,0.000453687,0.000363153,0.000280834
0.000271818,0.00035477,0.000445082,0.000540821,0.000636339,0.000720954,0.000808188,0.00087931,0.000936515,0.000971814,0.000995549,0.000995583,0.000971581,0.000937254,0.00087769,0.000806272,0.00072209,0.000634135,0.000538145,0.000444133,0.000356583,0.000274271
0.000265057,0.000347555,0.000434781,0.000528571,0.000621301,0.000705639,0.000790525,0.000859965,0.000916483,0.000955303,0.000974566,0.000974445,0.000954678,0.00091686,0.000856987,0.000791476,0.000704447,0.000620516,0.000525662,0.000432823,0.000347102,0.000267082
0.000258713,0.000338494,0.000424059,0.000515939,0.000606924,0.000690064,0.000772051,0.000842011,0.000896738,0.000931725,0.000954096,0.000952763,0.00093495,0.000898019,0.000839218,0.000774374,0.000691623,0.000605755,0.000515082,0.000423765,0.00033986,0.000260595
0.00025187,0.000329956,0.000414395,0.000504775,0.0005948,0.000676606,0.000754933,0.000825451,0.000877193,0.000914011,0.000933157,0.000934083,0.000915472,0.000881741,0.00082158,0.000758301,0.000677039,0.000592246,0.000503216,0.000413859,0.000332141,0.000254484
0.00024715,0.000324522,0.000405091,0.000494362,0.000581703,0.000661738,0.000741079,0.000806018,0.000861596,0.000893649,0.000916099,0.000916427,0.000897553,0.00086352,0.000802601,0.00074294,0.000662725,0.000580505,0.000492381,0.000405644,0.000325038,0.000248333
0.000240915,0.000314235,0.000396678,0.000483545,0.000568666,0.000646657,0.000723729,0.000790926,0.000841477,0.000879094,0.000897825,0.000893832,0.000876619,0.000844453,0.000789796,0.000724642,0.000647779,0.000568077,0.000481662,0.000396125,0.00031772,0.000243276
0.000235096,0.000308848,0.000388645,0.000473093,0.0005572,0.000633277,0.000707785,0.000773693,0.000823705,0.000860378,0.000880395,0.000876079,0.00085973,0.000826548,0.00077148,0.000708909,0.000634076,0.000555864,0.000470646,0.000387788,0.000310014,0.000236775
0.000230017,0.000301453,0.000379295,0.000463178,0.000544092,0.000619859,0.000695166,0.00075817,0.00080905,0.000842088,0.000859808,0.000859398,0.000840731,0.000810449,0.000754928,0.000696733,0.000621383,0.000545033,0.000460115,0.000378329,0.000303177,0.000232161
0.000225297,0.000294599,0.000370565,0.000452857,0.00053204,0.000606853,0.000678687,0.000741045,0.000790547,0.000825245,0.000843658,0.000840036,0.000825515,0.000792618,0.000741813,0.000681486,0.000608746,0.000533033,0.000450432,0.000369989,0.000296118,0.000226138
0.000219448,0.000287735,0.000363076,0.000442867,0.000521998,0.000594208,0.000665693,0.000726499,0.000774636,0.000807787,0.000826103,0.000824558,0.000807826,0.00077671,0.000725318,0.00066651,0.000595099,0.000520875,0.000440735,0.000362238,0.000289469,0.000220907
0.000213832,0.000281515,0.000355674,0.000432763,0.000512338,0.000582629,0.000651788,0.000713607,0.000757576,0.000790275,0.000808402,0.000809905,0.000790692,0.000761291,0.000709776,0.000653533,0.000582996,0.000509457,0.00043083,0.000354691,0.000283098,0.000215971
0.000209581,0.00027547,0.000347329,0.000424469,0.000500178,0.000568782,0.000639314,0.000697032,0.000742982,0.000775622,0.000793794,0.000790506,0.000775507,0.000746822,0.00069542,0.000639281,0.000570909,0.000499165,0.000422394,0.000346447,0.000277081,0.000210416
0.000204666,0.00026909,0.000339929,0.000415729,0.00049021,0.000557345,0.000626356,0.000682188,0.000728324,0.000760497,0.000777433,0.000775265,0.000759603,0.00073081,0.000682079,0.000626032,0.000559978,0.000488561,0.000413253,0.00033875,0.000270916,0.000205624
0.000200441,0.000263269,0.000333119,0.000406621,0.000479031,0.000546444,0.000612349,0.000670484,0.000714108,0.000745043,0.000763359,0.000759341,0.000745867,0.000715796,0.000670433,0.000613455,0.000548578,0.000479232,0.000405731,0.000332313,0.000265229,0.000201872
0.000195785,0.000257863,0.000325363,0.000399013,0.000469482,0.000535361,0.000602133,0.000656447,0.000698553,0.00073096,0.000746199,0.000745971,0.000730606,0.000701625,0.000655607,0.000602277,0.000536204,0.000469425,0.000397892,0.00032424,0.000259087,0.00019681
0.000190097,0.0002525,0.000319309,0.000390114,0.000459512,0.000525432,0.000587301,0.000643075,0.000682924,0.000716888,0.000730735,0.000732159,0.000716119,0.000687377,0.000642169,0.000589816,0.000526,0.000460004,0.000387439,0.000318709,0.000252245,0.000192908
0.00018621,0.000245812,0.000311353,0.000381717,0.000450198,0.000513964,0.000576288,0.000630522,0.000670765,0.000702228,0.000716026,0.000716634,0.000702245,0.000674794,0.000629018,0.000577876,0.00051456,0.000449333,0.000379398,0.00031056,0.000247655,0.00018786
0.000182606,0.00024093,0.000305161,0.000373942,0.000441471,0.000503528,0.000564163,0.000615862,0.000658221,0.000686365,0.000703884,0.000700541,0.000687073,0.000661478,0.000616369,0.000565324,0.000504855,0.000440357,0.000371773,0.000304463,0.000242751,0.000183379
0.000178297,0.000235562,0.000298597,0.000365884,0.000431774,0.000492731,0.000552953,0.000604729,0.000644433,0.000673953,0.000689527,0.000687253,0.000673834,0.000647062,0.000604304,0.000554203,0.000493919,0.000431132,0.000364005,0.00029756,0.000236943,0.000179465
0.000174185,0.000230587,0.000292262,0.00035715,0.000422983,0.000483145,0.000543083,0.000592739,0.000632312,0.000660656,0.000675573,0.000674919,0.000661693,0.000634901,0.000591778,0.000542035,0.000483037,0.000422423,0.000356157,0.000291473,0.000231485,0.000175876
0.000169597,0.000225661,0.000286549,0.000351097,0.000415297,0.000473753,0.000531345,0.00058132,0.000618851,0.000646948,0.000663466,0.000660586,0.000647585,0.000621982,0.000580441,0.000532515,0.000474329,0.000413488,0.000349395,0.000285584,0.000227068,0.000171795
0.000165818,0.000220018,0.000280502,0.000343683,0.000405765,0.000464184,0.000520883,0.000570395,0.00060792,0.000636367,0.000650596,0.000646877,0.000635659,0.000610057,0.000568692,0.000521112,0.000464259,0.000405012,0.00034228,0.000279608,0.000222288,0.00016795
0.000161682,0.000216023,0.000274398,0.000336658,0.000398029,0.00045481,0.000509785,0.000559742,0.000596312,0.000621579,0.000638591,0.000634647,0.000623143,0.000597105,0.000556439,0.000511129,0.000455748,0.000397405,0.0003354,0.000273969,0.000217471,0.000164363
0.000159078,0.000211042,0.000268608,0.000329784,0.000389609,0.00044508,0.000500891,0.000547024,0.000583778,0.000611218,0.000625405,0.00062273,0.000609917,0.00058653,0.000547256,0.000500657,0.000446705,0.000388941,0.000327566,0.000267969,0.000212327,0.000160654
0.000155111,0.00020652,0.000263336,0.000322794,0.000381821,0.000436673,0.000490093,0.000536499,0.00057239,0.000598735,0.000613314,0.000610612,0.000598842,0.000574158,0.000535649,0.000490775,0.000437118,0.000381254,0.00032106,0.000262315,0.000208321,0.000156606
0.000151385,0.000202315,0.000258028,0.000316234,0.000374836,0.000428393,0.00047933,0.000526415,0.000562646,0.000586794,0.00060132,0.000599185,0.000587526,0.000563383,0.00052517,0.000481396,0.000428367,0.000373958,0.000313782,0.000256418,0.000203522,0.000153508
0.000148555,0.000197702,0.000252021,0.000309817,0.00036647,0.000419142,0.000471373,0.000514642,0.000550899,0.000576239,0.000590041,0.000586063,0.000576466,0.000553023,0.000514177,0.000471913,0.000420964,0.00036623,0.000307997,0.000250892,0.000199335,0.000149749
0.000145678,0.000193751,0.000246507,0.000303942,0.000358956,0.000411139,0.000462868,0.000504931,0.000539808,0.000565238,0.00057787,0.000575109,0.000564862,0.000543396,0.000504544,0.000462691,0.000411961,0.000358233,0.00030232,0.000246082,0.000195916,0.000146013
0.000142086,0.000189095,0.000241652,0.000297505,0.000352165,0.000402292,0.000452846,0.00049578,0.000529947,0.000554303,0.000567872,0.000564781,0.000553695,0.000531403,0.000496079,0.000453388,0.000403625,0.000351988,0.000295632,0.000240782,0.000190728,0.000143483
0.000139135,0.000185239,0.0002369,0.000290958,0.000345273,0.000395012,0.000444315,0.000486627,0.000519636,0.000544357,0.000557775,0.000552667,0.000542444,0.000521746,0.000486305,0.000444185,0.000395931,0.000345128,0.000289753,0.000236347,0.000186546,0.00014073
0.000135806,0.000181516,0.000232175,0.000285359,0.000338849,0.000386734,0.000435638,0.000476436,0.000509177,0.000533184,0.000546223,0.000543492,0.00053211,0.000512239,0.000476313,0.000435341,0.000388255,0.000337484,0.000283389,0.000231269,0.000182776,0.000136791
0.00013263,0.000177753,0.000227517,0.00028002,0.000331294,0.000380316,0.000426917,0.000467686,0.000499607,0.000522519,0.000534875,0.000533042,0.000522423,0.000501384,0.000467195,0.00042816,0.000380932,0.000331474,0.000278178,0.000226911,0.00017894,0.000134553
0.000129802,0.000173939,0.000222679,0.000273962,0.0003249,0.000372683,0.000419084,0.000459108,0.000490056,0.00051411,0.00052525,0.000523203,0.000513239,0.000491774,0.000458059,0.00042051,0.000372597,0.000324353,0.000273065,0.000221615,0.000175338,0.000131085
0.000127163,0.000170319,0.000218124,0.000268938,0.000318357,0.000365193,0.000410199,0.000450739,0.00048103,0.000502527,0.00051612,0.000512729,0.000503428,0.000483063,0.000449555,0.000411789,0.00036646,0.000318875,0.000267974,0.00021763,0.000172049,0.000128171
0.000124163,0.00016706,0.000213631,0.000262971,0.000312478,0.000357706,0.00040367,0.000441253,0.000471283,0.000493972,0.000506045,0.000504184,0.000494075,0.000473971,0.000440009,0.000402896,0.000358616,0.000311581,0.000261571,0.000212873,0.000168124,0.0001254
0.000121767,0.00016329,0.000209694,0.000258169,0.000306226,0.000351346,0.000395804,0.000433304,0.000462749,0.000485094,0.000496371,0.000493734,0.000484755,0.000464314,0.000432922,0.000395427,0.000351735,0.00030589,0.000256891,0.000208182,0.000164639,0.000123207
0.000118905,0.000159756,0.000205292,0.000252783,0.000300194,0.000344128,0.000387428,0.000424889,0.000453447,0.000475081,0.000486875,0.000485095,0.000476293,0.000455664,0.000423931,0.000387779,0.000345085,0.000299869,0.000251633,0.00020439,0.000161036,0.000120009
0.000116463,0.000156364,0.000201073,0.000248509,0.000294542,0.000337401,0.000380723,0.000416567,0.000445672,0.00046648,0.000478326,0.000475989,0.00046652,0.000447677,0.000416336,0.000380268,0.000338843,0.000293737,0.000246684,0.000200187,0.000158007,0.000117584
0.00011365,0.000153105,0.00019683,0.000243151,0.000288723,0.000330649,0.000373041,0.000409689,0.000436608,0.000457663,0.000469632,0.000467237,0.000457416,0.000438722,0.000408008,0.000372854,0.000332395,0.000288606,0.000241545,0.000196559,0.000154799,0.000114982
0.000111222,0.000149862,0.000193095,0.000238555,0.000283286,0.000325206,0.000365936,0.000401903,0.000428706,0.000449088,0.000460308,0.000457795,0.000449477,0.000430925,0.000400943,0.000366334,0.00032626,0.000282618,0.000237189,0.000192393,0.000151536,0.00011295
0.00010894,0.00014728,0.000189302,0.00023387,0.000277814,0.000318228,0.000359721,0.000393279,0.000421047,0.000440777,0.000452097,0.000450146,0.00043997,0.000423486,0.000393061,0.000358924,0.000319373,0.000276933,0.000232316,0.000188665,0.000148216,0.000110039
0.000106986,0.000144077,0.000185486,0.000229084,0.000272299,0.000312907,0.000352393,0.000386228,0.000413279,0.000433297,0.000443354,0.000440985,0.000432786,0.000415884,0.000385918,0.000352182,0.000313308,0.000271822,0.000227773,0.000184638,0.000145216,0.000107797
0.000104645,0.000141374,0.000181423,0.00022439,0.000267175,0.000306081,0.000345789,0.000379121,0.000405664,0.000424914,0.000436053,0.000432777,0.000424955,0.00040811,0.000378506,0.000345832,0.000307707,0.000266429,0.000223732,0.000181078,0.000142581,0.00010525
0.000102287,0.00013833,0.000177871,0.000220275,0.000262031,0.000300497,0.000339148,0.000371764,0.000398502,0.000416929,0.000427877,0.000424563,0.000416684,0.000400601,0.000371515,0.000339063,0.000302079,0.000261695,0.000218841,0.000177335,0.000139427,0.00010349
0.000100044,0.000135605,0.00017445,0.000215709,0.000256766,0.000294772,0.000333049,0.00036498,0.000390057,0.000409438,0.000419937,0.000416805,0.000409141,0.000392238,0.000364574,0.000332714,0.000296183,0.000256416,0.000214909,0.000174003,0.00013666,0.000101234
9.77325e-05,0.000132783,0.000171128,0.000211785,0.000252177,0.000289693,0.000326688,0.00035885,0.000382798,0.00040247,0.000412355,0.000409465,0.000401387,0.000384585,0.000357955,0.000327337,0.000290484,0.000251584,0.000210964,0.000170244,0.000133426,9.92905e-05
9.57849e-05,0.000129929,0.000167581,0.000207674,0.000247149,0.000284009,0.000320598,0.000351963,0.000375946,0.000395213,0.000405223,0.0004028,0.000395024,0.000377461,0.000351249,0.000320306,0.000284631,0.00024651,0.00020698,0.000166819,0.000131222,9.68383e-05
9.38211e-05,0.000127316,0.000164491,0.000204054,0.000242714,0.00027954,0.000314669,0.00034575,0.000369729,0.000388302,0.000397713,0.00039527,0.000387902,0.000371018,0.000345782,0.000313954,0.000280493,0.000242303,0.000202579,0.000164202,0.000128704,9.51765e-05
9.16693e-05,0.000124821,0.000161075,0.000199738,0.00023789,0.000273244,0.000309259,0.000339171,0.000362406,0.000380852,0.000390098,0.000387446,0.000379517,0.000364718,0.000338563,0.00030827,0.000273837,0.000237135,0.000198792,0.000160723,0.000125759,9.27566e-05
8.98098e-05,0.000122098,0.000158246,0.00019607,0.000233551,0.000268253,0.000303054,0.000333559,0.000356001,0.000373713,0.000382877,0.000381349,0.000373292,0.000357763,0.000332387,0.000303149,0.000269251,0.000232641,0.000195067,0.000157243,0.000123353,9.09901e-05
8.79513e-05,0.000119974,0.000155274,0.00019243,0.000228925,0.000264075,0.00029826,0.00032722,0.000349393,0.000367705,0.000375787,0.000374853,0.000366995,0.000350716,0.000325966,0.00029758,0.000264708,0.000228567,0.000191487,0.000154491,0.000120985,8.88771e-05
8.62316e-05,0.000117458,0.000152327,0.000188848,0.000224798,0.000258782,0.000292434,0.000320696,0.000343264,0.000361001,0.000369006,0.000367177,0.000360401,0.000345021,0.000320907,0.000292372,0.00025966,0.000224433,0.000187817,0.000151382,0.000118404,8.74602e-05
8.42638e-05,0.000115314,0.000148793,0.000184997,0.000220734,0.000253857,0.000287116,0.000315365,0.000337668,0.000353745,0.000363021,0.000360286,0.000352926,0.000338786,0.000315203,0.000287629,0.000254829,0.00022039,0.000184369,0.000148749,0.0001161,8.54312e-05
8.25422e-05,0.000112821,0.000145924,0.000181342,0.000216674,0.000248654,0.000282023,0.000309861,0.000330658,0.000346952,0.000356443,0.000354433,0.000346808,0.000333052,0.000309188,0.000282123,0.000250119,0.000215635,0.000180719,0.000145531,0.000113511,8.35155e-05
8.07634e-05,0.000110676,0.000143099,0.000178281,0.000212667,0.000244568,0.000276141,0.000303968,0.000325307,0.0003413,0.000349747,0.000347607,0.000340641,0.000326805,0.000303637,0.000276329,0.000245142,0.000212031,0.000177431,0.000142811,0.000111698,8.14645e-05
7.9148e-05,0.000108589,0.000140872,0.000175196,0.000208357,0.000240471,0.000270977,0.000298319,0.000319989,0.000334988,0.000343154,0.000341073,0.00033477,0.000321534,0.000298692,0.000272014,0.000241036,0.00020859,0.000174451,0.000140111,0.000109104,8.0027e-05
7.7604e-05,0.000106383,0.000137945,0.000171615,0.000204792,0.000235553,0.000266215,0.000292305,0.000313447,0.000328888,0.000337437,0.000335552,0.000328628,0.000314984,0.000292883,0.000267078,0.000236209,0.000204296,0.000170926,0.000137153,0.000107022,7.8424e-05
7.60342e-05,0.000104409,0.000135591,0.000168026,0.000200705,0.000231486,0.000261889,0.000287696,0.000308463,0.000322877,0.000330937,0.000329406,0.00032203,0.000309526,0.000287603,0.000262436,0.000232205,0.000200374,0.000167146,0.0001347,0.000105088,7.68475e-05
7.44726e-05,0.000102083,0.000133046,0.000165091,0.000196952,0.000226742,0.000257461,0.000281709,0.000302916,0.000316766,0.000324994,0.000323499,0.000317142,0.000304452,0.000283168,0.000256983,0.0002282,0.000197066,0.000164404,0.000132124,0.000102911,7.50509e-05
7.28552e-05,0.000100052,0.000130398,0.000162173,0.000193597,0.000223615,0.000252037,0.00027756,0.000297863,0.000312227,0.000320276,0.000317523,0.00031192,0.000298589,0.000277406,0.000252353,0.000223918,0.000193065,0.000161812,0.000129935,0.000100805,7.39569e-05
7.13709e-05,9.79586e-05,0.00012756,0.000159073,0.000190145,0.000219186,0.0002477,0.000272834,0.00029222,0.000307074,0.000314649,0.00031195,0.000307034,0.000293172,0.000272904,0.000248146,0.000220155,0.000189813,0.000158775,0.000127306,9.89047e-05,7.21903e-05
7.00297e-05,9.62748e-05,0.000124941,0.000156231,0.000186493,0.000215521,0.000243713,0.00026748,0.000286918,0.000301235,0.000308514,0.000306429,0.000300231,0.00028821,0.000267546,0.000243578,0.000215596,0.000186095,0.000155647,0.000124998,9.68747e-05,7.05974e-05
6.84709e-05,9.4165e-05,0.000123171,0.000153074,0.000183206,0.000210819,0.000238977,0.000262838,0.000281996,0.000295731,0.000303456,0.000301759,0.000295154,0.000282709,0.000262406,0.000239078,0.000212036,0.00018282,0.000152367,0.000122487,9.49918e-05,6.94192e-05
6.72794e-05,9.2446e-05,0.000120809,0.00015067,0.000179538,0.000207755,0.000235045,0.000257878,0.000276518,0.000290851,0.000298509,0.000297143,0.000290692,0.000278162,0.000258005,0.000234277,0.000208828,0.000179364,0.000149838,0.00012014,9.30506e-05,6.80438e-05
6.59829e-05,9.08931e-05,0.000118475,0.000147569,0.000176668,0.000203857,0.000231082,0.000252992,0.000272027,0.000285799,0.000292818,0.00029149,0.000284902,0.000273829,0.000253791,0.000231625,0.000204939,0.000176119,0.000147284,0.000117742,9.14895e-05,6.63517e-05
6.43319e-05,8.88531e-05,0.000116014,0.000144957,0.000173453,0.000200176,0.000227337,0.000249359,0.000267406,0.000280616,0.00028826,0.00028574,0.00027981,0.000268068,0.000249109,0.000227229,0.000201415,0.000172976,0.000144164,0.000115247,8.96131e-05,6.50048e-05
6.29301e-05,8.70249e-05,0.000113954,0.00014215,0.000170197,0.00019689,0.000222614,0.000245129,0.000262589,0.000276375,0.00028274,0.00028081,0.000275168,0.000263616,0.000244916,0.000222428,0.000197289,0.000169384,0.000141977,0.000113173,8.76925e-05,6.36388e-05
6.19209e-05,8.56232e-05,0.000111971,0.000139451,0.000166982,0.000193009,0.000219027,0.000240412,0.000257325,0.000271018,0.000278317,0.0002761,0.000270807,0.000259137,0.000240836,0.000218348,0.000194304,0.000166635,0.000138984,0.0001112,8.60109e-05,6.27499e-05
6.037e-05,8.37984e-05,0.000109631,0.000136942,0.000164304,0.000189211,0.00021485,0.000235674,0.000253937,0.000266309,0.000273005,0.000271156,0.000265976,0.000254309,0.000236466,0.00021451,0.000190468,0.000163926,0.000136424,0.000109099,8.45208e-05,6.11039e-05
5.93492e-05,8.22167e-05,0.000107718,0.000134605,0.000161142,0.000185992,0.000211105,0.000232292,0.000249361,0.000261521,0.000268097,0.000266553,0.000260835,0.000250114,0.000231974,0.000211473,0.000187192,0.000160431,0.000134245,0.000107316,8.26623e-05,5.99249e-05
5.79841e-05,8.05672e-05,0.000105478,0.000132243,0.000158285,0.000182846,0.000207214,0.000228461,0.000244404,0.000257536,0.000264824,0.00026227,0.000256752,0.000246007,0.000227998,0.000207149,0.000183946,0.000157487,0.00013191,0.000105007,8.08382e-05,5.88121e-05
5.71411e-05,7.9333e-05,0.000104167,0.000129681,0.000155554,0.000180102,0.000204285,0.000223794,0.000240215,0.00025292,0.00025922,0.000257974,0.000252487,0.000242728,0.000223719,0.000204238,0.000180542,0.000155388,0.000129646,0.000103097,7.96048e-05,5.75109e-05
5.57438e-05,7.75784e-05,0.00010192,0.000127121,0.000152548,0.000176169,0.000200696,0.000220089,0.000237338,0.000248509,0.000254746,0.000253346,0.000248058,0.000237416,0.000220329,0.000200194,0.000177189,0.000152225,0.000126983,0.000101509,7.7939e-05,5.63976e-05
5.46124e-05,7.58993e-05,9.95624e-05,0.000125056,0.000149785,0.000173074,0.000196936,0.00021639,0.000232591,0.000244742,0.00025025,0.000248659,0.000243609,0.000232797,0.000216742,0.000196454,0.000174455,0.000149487,0.000124278,9.91977e-05,7.6374e-05,5.51804e-05
5.3476e-05,7.46417e-05,9.81681e-05,0.000122891,0.000147261,0.000170237,0.000193843,0.000212734,0.000228511,0.000240104,0.000246519,0.00024458,0.000238651,0.000229314,0.000212642,0.000193173,0.000171229,0.000147015,0.000122442,9.76821e-05,7.48963e-05,5.3947e-05
5.25051e-05,7.31366e-05,9.6183e-05,0.00012066,0.000144585,0.000167428,0.000190161,0.00020872,0.00022453,0.000236074,0.000242552,0.000240747,0.000235452,0.000225185,0.000209288,0.000189671,0.000167568,0.000144128,0.00011998,9.56546e-05,7.36957e-05,5.29628e-05
5.14022e-05,7.17135e-05,9.44219e-05,0.00011851,0.000142539,0.000163868,0.000186816,0.000205373,0.000221001,0.00023196,0.000238025,0.000236523,0.000231081,0.000221802,0.000205265,0.000186376,0.000165177,0.00014154,0.00011805,9.38411e-05,7.22213e-05,5.20961e-05
5.04953e-05,7.05556e-05,9.27362e-05,0.000116237,0.000139337,0.000161073,0.000183571,0.000201735,0.000216763,0.000227806,0.000233412,0.000232535,0.000227475,0.000218578,0.000202176,0.000183543,0.000162363,0.000138956,0.000116255,9.21996e-05,7.08352e-05,5.06469e-05
4.93818e-05,6.90435e-05,9.07344e-05,0.000113732,0.00013678,0.000159297,0.000179711,0.000198712,0.000213463,0.000225079,0.000230393,0.000228595,0.000223296,0.000213898,0.00019842,0.000180763,0.000159246,0.0001368,0.000113925,9.03344e-05,6.98333e-05,4.9883e-05
4.84032e-05,6.78816e-05,8.9258e-05,0.000112079,0.000134809,0.000155983,0.000177674,0.000194878,0.000209601,0.000220421,0.00022631,0.000224578,0.000219683,0.000210669,0.000195217,0.000176743,0.000156975,0.00013411,0.000112125,8.89381e-05,6.80304e-05,4.88578e-05
4.74048e-05,6.63213e-05,8.77365e-05,0.00011014,0.000132102,0.000153161,0.000174179,0.000192409,0.000206212,0.00021656,0.00022276,0.000220305,0.000216973,0.000206729,0.000192322,0.000173789,0.000153657,0.00013187,0.000110069,8.7301e-05,6.67083e-05,4.79529e-05
4.64499e-05,6.51763e-05,8.6198e-05,0.000108347,0.000130059,0.000150739,0.000171209,0.000189261,0.000202368,0.000213053,0.000219155,0.000217141,0.00021209,0.000203194,0.000188141,0.000171183,0.000151215,0.000129235,0.000107916,8.55782e-05,6.54894e-05,4.70411e-05
4.56317e-05,6.43099e-05,8.46123e-05,0.000106111,0.000127854,0.000147927,0.000168507,0.000184991,0.000199152,0.000209776,0.000214954,0.000213605,0.000208731,0.000200301,0.000185379,0.000168277,0.000148473,0.000126866,0.00010601,8.42923e-05,6.42029e-05,4.59088e-05
4.4638e-05,6.28162e-05,8.29156e-05,0.000104297,0.000125693,0.000145881,0.000165566,0.000182361,0.000195635,0.000206741,0.000211299,0.000209762,0.000205992,0.000196509,0.000182384,0.000165496,0.000146443,0.000124822,0.000104272,8.25979e-05,6.31358e-05,4.51524e-05
4.3657e-05,6.17583e-05,8.16701e-05,0.000102609,0.00012344,0.000142934,0.000162605,0.00017925,0.000192168,0.000202563,0.000208337,0.000206759,0.000202583,0.000193676,0.000178889,0.000162657,0.00014393,0.00012291,0.000102832,8.08687e-05,6.1944e-05,4.41907e-05
4.28735e-05,6.05925e-05,7.99225e-05,0.000100835,0.000121003,0.00014064,0.000160365,0.00017497,0.000189476,0.000197974,0.000204849,0.000203225,0.000197592,0.000190656,0.000175473,0.000159964,0.000140817,0.000120556,0.00010055,7.92976e-05,6.07482e-05,4.333e-05
4.20421e-05,5.92793e-05,7.82055e-05,9.87106e-05,0.000118857,0.000137954,0.000156473,0.000173768,0.00018594,0.000196338,0.000200744,0.000199522,0.000195522,0.000185898,0.000173103,0.000156274,0.000138932,0.000118603,9.91272e-05,7.80668e-05,5.95681e-05,4.2469e-05
4.13685e-05,5.83757e-05,7.70395e-05,9.68561e-05,0.000117126,0.000135568,0.000154391,0.000170525,0.000182778,0.000192363,0.000197499,0.000196039,0.000191351,0.00018328,0.000170446,0.000154652,0.000136592,0.000116426,9.69432e-05,7.68933e-05,5.83944e-05,4.15318e-05
4.03214e-05,5.7124e-05,7.57645e-05,9.51763e-05,0.000114704,0.000133101,0.000151829,0.000166795,0.000180234,0.000189423,0.000194029,0.000192417,0.000189064,0.000180161,0.000167299,0.000151531,0.00013406,0.000114672,9.53139e-05,7.53908e-05,5.74541e-05,4.09197e-05
3.96225e-05,5.59419e-05,7.42967e-05,9.36158e-05,0.000112861,0.000131053,0.000149472,0.000164907,0.00017708,0.000186309,0.000191764,0.000189959,0.000185237,0.000177489,0.000164585,0.000149562,0.000131988,0.000112561,9.36374e-05,7.38638e-05,5.65226e-05,4.01181e-05
3.88484e-05,5.48361e-05,7.29143e-05,9.22473e-05,0.000111148,0.000128903,0.000146916,0.000161863,0.000174603,0.0001833,0.000188234,0.000186024,0.000182287,0.000174962,0.000161951,0.000146965,0.000129557,0.000110624,9.22816e-05,7.26863e-05,5.54643e-05,3.91962e-05
3.8241e-05,5.3932e-05,7.15583e-05,9.06436e-05,0.000109296,0.00012692,0.000143908,0.000159232,0.000171227,0.000180326,0.000184342,0.000183249,0.000179959,0.00017192,0.000159192,0.000144099,0.000128011,0.000108884,9.09357e-05,7.12782e-05,5.41802e-05,3.84954e-05
3.7407e-05,5.3215e-05,7.03783e-05,8.93857e-05,0.0001074,0.00012475,0.000141616,0.000156275,0.000169153,0.000177175,0.000181775,0.0001804,0.000176717,0.000169811,0.000156244,0.000141694,0.000125651,0.000106992,8.91156e-05,7.02385e-05,5.31741e-05,3.76738e-05
3.65956e-05,5.21177e-05,6.96077e-05,8.72999e-05,0.000105428,0.000122209,0.000139652,0.000153401,0.000165401,0.000174303,0.000177861,0.000177667,0.000173699,0.000166158,0.000153543,0.000139543,0.000123236,0.000104628,8.76212e-05,6.87851e-05,5.21649e-05,3.68672e-05
3.57934e-05,5.10057e-05,6.7877e-05,8.6108e-05,0.000103599,0.000120182,0.000136773,0.000151639,0.000163129,0.000171102,0.000176447,0.000175221,0.000170574,0.000162936,0.000151512,0.000136884,0.000120849,0.000103096,8.583e-05,6.7392e-05,5.13434e-05,3.62319e-05
3.52861e-05,4.99326e-05,6.66084e-05,8.45165e-05,0.000101703,0.000118516,0.000134731,0.000148538,0.000160926,0.000168407,0.000173469,0.000171449,0.000167084,0.000161119,0.000148959,0.000134403,0.000118826,0.000101618,8.43524e-05,6.63208e-05,5.02685e-05,3.54221e-05
3.4432e-05,4.90793e-05,6.54629e-05,8.27525e-05,0.000100134,0.000116526,0.000132535,0.00014612,0.000157639,0.000166545,0.000170122,0.0001687,0.000165804,0.000157486,0.000146357,0.000132923,0.000117153,9.98477e-05,8.29947e-05,6.50981e-05,4.93743e-05,3.48708e-05
3.38624e-05,4.85245e-05,6.43879e-05,8.12435e-05,9.83044e-05,0.000114297,0.000130758,0.000143884,0.000155012,0.000163406,0.000168005,0.000166312,0.000162443,0.000155721,0.000143848,0.000130303,0.000115397,9.8172e-05,8.15751e-05,6.42191e-05,4.82816e-05,3.42015e-05
3.31828e-05,4.74978e-05,6.32473e-05,8.00369e-05,9.68139e-05,0.000112425,0.000128126,0.000141039,0.000151835,0.000160441,0.000164401,0.00016389,0.000160102,0.000153651,0.000142199,0.000128088,0.000113519,9.6597e-05,8.01872e-05,6.30196e-05,4.76094e-05,3.34685e-05
3.25459e-05,4.64282e-05,6.19627e-05,7.88652e-05,9.50939e-05,0.000110598,0.000126175,0.000139451,0.000150368,0.000157785,0.000162169,0.000160986,0.000157412,0.000150469,0.000139477,0.000125849,0.00011112,9.46085e-05,7.89239e-05,6.1758e-05,4.66421e-05,3.26737e-05
3.19474e-05,4.57717e-05,6.07581e-05,7.73741e-05,9.32586e-05,0.000109031,0.000124032,0.000137203,0.000147492,0.00015531,0.000159046,0.000158025,0.000154574,0.000148407,0.000137094,0.000124306,0.000109095,9.28793e-05,7.73401e-05,6.0648e-05,4.5811e-05,3.19413e-05
3.12593e-05,4.49238e-05,6.00461e-05,7.58752e-05,9.16483e-05,0.000106848,0.000122007,0.000134935,0.000145318,0.000152948,0.000156224,0.000155385,0.000152818,0.000145541,0.000135024,0.000121986,0.000107526,9.13645e-05,7.6094e-05,5.96169e-05,4.50243e-05,3.14547e-05
3.06871e-05,4.40342e-05,5.90667e-05,7.44423e-05,9.06148e-05,0.000104638,0.000119942,0.000132587,0.0001428,0.000150159,0.000153522,0.000153226,0.00015016,0.000143602,0.000133043,0.000120285,0.000105726,9.00806e-05,7.484e-05,5.87596e-05,4.4186e-05,3.07842e-05
2.99144e-05,4.30899e-05,5.78144e-05,7.32626e-05,8.89027e-05,0.000103119,0.000117791,0.00013062,0.000140257,0.000147669,0.000152262,0.000150567,0.000146864,0.000141036,0.000130947,0.000118441,0.000103944,8.84388e-05,7.35547e-05,5.77123e-05,4.34014e-05,3.03963e-05
2.94586e-05,4.23991e-05,5.66496e-05,7.20586e-05,8.73904e-05,0.000101479,0.000116208,0.00012865,0.000137941,0.000145694,0.00014973,0.00014832,0.0001454,0.000138003,0.000128381,0.00011594,0.000102483,8.7081e-05,7.21939e-05,5.64901e-05,4.25761e-05,2.96759e-05
2.90152e-05,4.15879e-05,5.55075e-05,7.06948e-05,8.56949e-05,0.000100178,0.000113553,0.000126464,0.000135961,0.000142753,0.000146755,0.000145578,0.000142566,0.000136743,0.000126178,0.000114471,0.000100138,8.55711e-05,7.10964e-05,5.55857e-05,4.19024e-05,2.91506e-05
2.8371e-05,4.09043e-05,5.46289e-05,6.97579e-05,8.43938e-05,9.85046e-05,0.000112336,0.000123811,0.000133544,0.00014089,0.000144579,0.000143656,0.00014073,0.00013428,0.000124108,0.00011193,9.93387e-05,8.42981e-05,6.98621e-05,5.48338e-05,4.09691e-05,2.85044e-05
2.75984e-05,4.05742e-05,5.38682e-05,6.85005e-05,8.26561e-05,9.65603e-05,0.000110537,0.000121821,0.000131467,0.000138242,0.000141943,0.000140767,0.000138041,0.000132314,0.000122208,0.000110609,9.73736e-05,8.2472e-05,6.86676e-05,5.368e-05,4.01623e-05,2.78241e-05
2.72359e-05,3.95954e-05,5.3081e-05,6.72591e-05,8.15109e-05,9.52704e-05,0.000108437,0.000119721,0.000129235,0.0001366,0.000139823,0.000138927,0.00013525,0.0001306,0.000120256,0.000108735,9.57178e-05,8.12905e-05,6.73395e-05,5.27187e-05,3.95739e-05,2.73345e-05
2.65919e-05,3.87342e-05,5.221e-05,6.62265e-05,7.99394e-05,9.38396e-05,0.000106896,0.000117848,0.000127237,0.0001346,0.000137753,0.000136426,0.000134172,0.000127778,0.000118372,0.000106774,9.42001e-05,7.95821e-05,6.63594e-05,5.17689e-05,3.87244e-05,2.68076e-05
2.61725e-05,3.79975e-05,5.11318e-05,6.49171e-05,7.8774e-05,9.22537e-05,0.000105154,0.000116127,0.000125038,0.000132018,0.000135403,0.000134156,0.000131731,0.000126069,0.000116132,0.000105062,9.25187e-05,7.83747e-05,6.54188e-05,5.08174e-05,3.80181e-05,2.64299e-05
2.56864e-05,3.72576e-05,5.03085e-05,6.39246e-05,7.72338e-05,9.03625e-05,0.000103852,0.000114381,0.000123427,0.000129966,0.000133506,0.000132587,0.000129131,0.000123646,0.000114576,0.000102999,9.10283e-05,7.71596e-05,6.39624e-05,4.99437e-05,3.72204e-05,2.58595e-05
2.52426e-05,3.64881e-05,4.95359e-05,6.28186e-05,7.61291e-05,8.89056e-05,0.000101232,0.000112683,0.000120783,0.000127948,0.000131566,0.000130533,0.000127466,0.00012226,0.000112617,0.00010174,8.94008e-05,7.58953e-05,6.31187e-05,4.90168e-05,3.66626e-05,2.53421e-05
2.46616e-05,3.59449e-05,4.83377e-05,6.16151e-05,7.48931e-05,8.73906e-05,0.00010015,0.000111005,0.00011956,0.000125811,0.000128933,0.000127986,0.000125098,0.00011987,0.000110572,9.98113e-05,8.80797e-05,7.4422e-05,6.21328e-05,4.81878e-05,3.5911e-05,2.48371e-05
2.43619e-05,3.51944e-05,4.74203e-05,6.05818e-05,7.34892e-05,8.59961e-05,9.80336e-05,0.00010927,0.000117788,0.000124119,0.000127398,0.000125928,0.000123541,0.00011775,0.0001092,9.8894e-05,8.70045e-05,7.34687e-05,6.07986e-05,4.75294e-05,3.54526e-05,2.43897e-05
2.37017e-05,3.46245e-05,4.6871e-05,5.95484e-05,7.26717e-05,8.45936e-05,9.67281e-05,0.000107242,0.000116411,0.000121767,0.000124649,0.0001238,0.000121126,0.000116399,0.000107168,9.70982e-05,8.52051e-05,7.21794e-05,5.99061e-05,4.67251e-05,3.47698e-05,2.39161e-05
2.32689e-05,3.40827e-05,4.59026e-05,5.8753e-05,7.13001e-05,8.32723e-05,9.52953e-05,0.000105361,0.000113692,0.000120045,0.000123335,0.000122066,0.000119372,0.000114297,0.000105633,9.5001e-05,8.39595e-05,7.08511e-05,5.88883e-05,4.57633e-05,3.41292e-05,2.34316e-05
2.28351e-05,3.34895e-05,4.54028e-05,5.74543e-05,6.99663e-05,8.19942e-05,9.40034e-05,0.000103671,0.000112209,0.000118473,0.000121094,0.000120385,0.000117464,0.00011224,0.000103785,9.36303e-05,8.22881e-05,6.97084e-05,5.77644e-05,4.48447e-05,3.34351e-05,2.30481e-05
2.23779e-05,3.29336e-05,4.43338e-05,5.66369e-05,6.90768e-05,8.10055e-05,9.22578e-05,0.000101865,0.00011035,0.000116311,0.000119206,0.000117967,0.000115599,0.000110554,0.000102054,9.22184e-05,8.09816e-05,6.87342e-05,5.67445e-05,4.4122e-05,3.28254e-05,2.26487e-05
2.20179e-05,3.21014e-05,4.36717e-05,5.57281e-05,6.78018e-05,7.93687e-05,9.07858e-05,0.000100488,0.000108121,0.000114829,0.000117492,0.000116672,0.000114214,0.000108746,0.000100547,9.05051e-05,8.01149e-05,6.7401e-05,5.61212e-05,4.34238e-05,3.22754e-05,2.21057e-05
2.15592e-05,3.16307e-05,4.26784e-05,5.46608e-05,6.65917e-05,7.80497e-05,8.93097e-05,9.85709e-05,0.000106652,0.000112165,0.000115387,0.000113971,0.00011224,0.00010734,9.88508e-05,8.9165e-05,7.86006e-05,6.63665e-05,5.51931e-05,4.27694e-05,3.17323e-05,2.17329e-05
2.10733e-05,3.07626e-05,4.20543e-05,5.37792e-05,6.5774e-05,7.66143e-05,8.78887e-05,9.76454e-05,0.000105594,0.000110823,0.000114242,0.000112574,0.000109972,0.000105133,9.76333e-05,8.7634e-05,7.72458e-05,6.52055e-05,5.40867e-05,4.16592e-05,3.11374e-05,2.12061e-05
2.06036e-05,3.05464e-05,4.13337e-05,5.29683e-05,6.42616e-05,7.53291e-05,8.63824e-05,9.57674e-05,0.000103412,0.000108913,0.000111503,0.000111183,0.00010914,0.000104293,9.58168e-05,8.63119e-05,7.60818e-05,6.41428e-05,5.35639e-05,4.13602e-05,3.04608e-05,2.06952e-05
2.0276e-05,2.99792e-05,4.07383e-05,5.21468e-05,6.34978e-05,7.43888e-05,8.51374e-05,9.40648e-05,0.000101651,0.000107422,0.000110406,0.00010933,0.000106817,0.00010251,9.42715e-05,8.51496e-05,7.51517e-05,6.32664e-05,5.24132e-05,4.05309e-05,3e-05,2.03773e-05
1.98795e-05,2.94548e-05,4.00053e-05,5.10683e-05,6.23286e-05,7.30514e-05,8.3858e-05,9.25979e-05,0.000100037,0.00010552,0.000108049,0.000107405,0.000105185,0.000100637,9.29093e-05,8.38109e-05,7.39022e-05,6.22991e-05,5.16307e-05,3.99222e-05,2.93811e-05,1.99406e-05
1.937e-05,2.87886e-05,3.9448e-05,5.03084e-05,6.15627e-05,7.1834e-05,8.24569e-05,9.11043e-05,9.89164e-05,0.000104087,0.000106714,0.000105584,0.000103613,9.87753e-05,9.15109e-05,8.23334e-05,7.27772e-05,6.13084e-05,5.05796e-05,3.9063e-05,2.8893e-05,1.95546e-05
1.92914e-05,2.8444e-05,3.8579e-05,4.96038e-05,6.05393e-05,7.09123e-05,8.08492e-05,8.98489e-05,9.66372e-05,0.000102509,0.00010542,0.000104263,0.000102331,9.7912e-05,9.00432e-05,8.11659e-05,7.11271e-05,6.02767e-05,4.9907e-05,3.85791e-05,2.83641e-05,1.92741e-05
1.87889e-05,2.79193e-05,3.80415e-05,4.8727e-05,5.9533e-05,6.97158e-05,7.95639e-05,8.85961e-05,9.56587e-05,0.000101119,0.000103265,0.000102543,0.000100103,9.58298e-05,8.86823e-05,8.00549e-05,7.04616e-05,5.94046e-05,4.89306e-05,3.78665e-05,2.80246e-05,1.89694e-05
