0.000534328,0.000568903,0.000582853,0.000614142,0.000644382,0.000664385,0.000658328,0.000700423,0.000715821,0.000711928,0.000719844,0.000719964,0.000722464,0.00072788,0.000728483,0.000716847,0.000680785,0.00064356,0.000630768,0.000606548,0.00057259,0.000547737
0.00049885,0.000530383,0.000551702,0.000587869,0.000616718,0.000633765,0.000628849,0.000664884,0.000678009,0.000681294,0.000695738,0.00069023,0.00069043,0.000701269,0.000693879,0.000681314,0.000650931,0.000614397,0.000599283,0.000577077,0.000539006,0.000522068
0.000471436,0.000506492,0.000525921,0.000556234,0.000588586,0.000609382,0.000601689,0.000637188,0.000647618,0.000651684,0.000661917,0.000664768,0.000658942,0.000667306,0.000660146,0.000649652,0.000620095,0.000581885,0.000571858,0.000549938,0.000516919,0.000488983
0.000445418,0.000478919,0.000501781,0.00053051,0.00056432,0.000580743,0.000575782,0.000603084,0.000614645,0.000627389,0.000637639,0.000639959,0.000632623,0.000640351,0.000631139,0.000619555,0.0005977,0.000557565,0.000541572,0.000521498,0.000491185,0.000464001
0.000422994,0.000456088,0.000479427,0.000506766,0.000540214,0.000556573,0.000553606,0.000577185,0.000589559,0.000605143,0.00061314,0.00061577,0.000607127,0.000613335,0.000605381,0.000593631,0.000573696,0.000534091,0.000516437,0.000497355,0.00046885,0.000439856
0.000403239,0.000433009,0.000458417,0.000485808,0.000519098,0.000534075,0.000533035,0.000555505,0.00056822,0.000582193,0.000591181,0.000591129,0.00058398,0.000591313,0.00057877,0.000572086,0.000550258,0.000512454,0.000493615,0.000475111,0.000447553,0.00041976
0.000384697,0.000414943,0.000440085,0.000463666,0.000496981,0.0005135,0.000514214,0.00053272,0.000546673,0.000565335,0.000567863,0.00057037,0.000561155,0.000565083,0.000558777,0.000548604,0.000528898,0.000492854,0.000471347,0.000454017,0.000429696,0.000397721
0.000368987,0.000396269,0.000422154,0.000443922,0.00047858,0.000493109,0.000496371,0.000513866,0.000528284,0.000547818,0.000544443,0.000550314,0.00053951,0.000544479,0.000537629,0.000529188,0.000507992,0.000474158,0.000450734,0.00043494,0.000413143,0.000378483
0.000352652,0.000378006,0.000406095,0.000426705,0.000459422,0.000476656,0.000479354,0.000495011,0.000509921,0.000529989,0.000527723,0.000529595,0.000520528,0.000523357,0.000518333,0.000509553,0.000488607,0.00045656,0.000432626,0.000416787,0.00039572,0.000362598
0.000338398,0.000362216,0.000391546,0.000409115,0.000440055,0.000461612,0.000461743,0.00047875,0.000494978,0.00051307,0.000511195,0.000510176,0.000502342,0.000502264,0.000501535,0.000493582,0.000469547,0.000440802,0.000415521,0.000400586,0.000381251,0.000348308
0.000326221,0.000344132,0.000377537,0.000395513,0.000427606,0.000444028,0.000447194,0.000463259,0.000477513,0.000496061,0.000494611,0.000495963,0.000488119,0.000489288,0.000483643,0.000474305,0.000452778,0.000424403,0.000399316,0.000386112,0.000365558,0.000333096
0.000313219,0.000329748,0.000360716,0.000382411,0.000411984,0.000425009,0.000434735,0.000445492,0.000460484,0.000488606,0.000473242,0.000477083,0.000467099,0.000467779,0.000469083,0.000457599,0.000435882,0.000407311,0.000387133,0.000374993,0.000350367,0.000319533
0.00030125,0.000314587,0.000347854,0.00036677,0.000397443,0.000415256,0.000420277,0.000429842,0.000446731,0.000467446,0.000459727,0.00046123,0.000451879,0.000452907,0.000449327,0.000442759,0.000422003,0.000392606,0.00036958,0.000354892,0.000337579,0.00030986
0.000288348,0.000301667,0.000339469,0.00035476,0.000385711,0.000398476,0.00040713,0.000415756,0.000431459,0.000452508,0.000442958,0.000447324,0.000437298,0.000438675,0.000438928,0.000426663,0.00040692,0.000378706,0.000357018,0.000344952,0.000325777,0.000298026
0.000278218,0.000289127,0.000324207,0.000343439,0.00037168,0.000385786,0.000393095,0.000402041,0.000418249,0.000438474,0.000429281,0.000431568,0.000423036,0.000423739,0.000422145,0.000411182,0.000392702,0.00036604,0.000346239,0.000331256,0.00031128,0.000286411
0.000268974,0.000277991,0.000312505,0.000331121,0.000358391,0.000373332,0.000382048,0.000390874,0.000406223,0.00042077,0.000418064,0.000418516,0.000410945,0.000411575,0.000411439,0.000396836,0.000380581,0.000352463,0.00033385,0.000320968,0.000299377,0.000276362
0.00025834,0.000267853,0.000302366,0.00032105,0.000347312,0.000361706,0.000367993,0.000375242,0.000392626,0.000411902,0.000399684,0.000403101,0.000396817,0.000397316,0.000393482,0.000383981,0.000366886,0.000340268,0.000324954,0.00030578,0.000287147,0.000266623
0.000247903,0.000257427,0.000291307,0.000310127,0.000337046,0.000346325,0.000359218,0.000365098,0.000379358,0.000397829,0.000388139,0.000390173,0.000383053,0.000383374,0.000385293,0.000372328,0.000356518,0.000329144,0.000313592,0.0002985,0.000277914,0.000259766
0.000238656,0.00024946,0.000278429,0.000302074,0.000325669,0.000335961,0.000348511,0.000351129,0.000367363,0.000386906,0.000378288,0.000379423,0.000372769,0.000373182,0.000371404,0.000354196,0.000343446,0.000320657,0.000304755,0.000285815,0.000267416,0.000248364
0.000229064,0.000239222,0.000267486,0.00029242,0.000314609,0.000323897,0.000338529,0.000341788,0.000357219,0.000371838,0.000366181,0.000366303,0.000359204,0.000359615,0.000361349,0.000343712,0.000334399,0.000309705,0.000293351,0.000277322,0.000256082,0.000240685
0.0002208,0.00023159,0.000258587,0.000282711,0.000304438,0.000313387,0.000327287,0.000329607,0.000344401,0.000362376,0.000354526,0.000355902,0.000350057,0.000350132,0.000348445,0.00033033,0.000321754,0.000300426,0.000285892,0.000266124,0.000247942,0.000231106
0.000211304,0.000220869,0.000251878,0.000271035,0.00029358,0.000301518,0.000317164,0.000321418,0.000333652,0.000349483,0.000341473,0.000346154,0.00033842,0.000338317,0.000339348,0.000321978,0.000311535,0.000289824,0.000274441,0.000257868,0.000239138,0.000223951
0.000204181,0.000213349,0.000242162,0.000262622,0.000284623,0.000293146,0.00030783,0.000308253,0.000322667,0.000339019,0.000331215,0.000335619,0.000327304,0.000328675,0.000326957,0.000303872,0.000301867,0.000281821,0.000268283,0.000248685,0.000231243,0.000214019
0.000196892,0.0002051,0.000233203,0.000253231,0.000274227,0.000282272,0.000296462,0.000302273,0.000314086,0.000326318,0.000319441,0.000323738,0.000318753,0.000318822,0.000315041,0.000303168,0.000291045,0.000272547,0.000257356,0.000239377,0.000220429,0.000207459
0.000189027,0.000199395,0.000224636,0.000246297,0.000265271,0.000273339,0.000287042,0.000290381,0.000302285,0.00031676,0.000310312,0.00031408,0.000308904,0.000309544,0.00030712,0.000288776,0.000283502,0.000264654,0.00025019,0.000231932,0.000213141,0.000198477
0.000182418,0.000191332,0.000216519,0.000238537,0.000256742,0.000263974,0.000277108,0.000283627,0.000294721,0.000306431,0.000300016,0.000302442,0.000300353,0.000298329,0.000294979,0.000282069,0.000273609,0.000257302,0.000242159,0.000223949,0.000205947,0.000192006
0.000176167,0.000185535,0.000208488,0.000230042,0.000248483,0.000255073,0.000269973,0.000273869,0.000284702,0.000296757,0.000291482,0.000294568,0.000291068,0.000289718,0.000287059,0.000272793,0.000264605,0.00024808,0.000234386,0.00021688,0.00019851,0.00018467
0.000169736,0.000177965,0.000199796,0.000224001,0.000239955,0.000246872,0.000260342,0.000266391,0.000277918,0.000286383,0.000281899,0.000282895,0.000282905,0.000280043,0.00027531,0.000265766,0.00025744,0.000242103,0.000225757,0.000209061,0.000191203,0.000177854
0.00016356,0.000173138,0.000193516,0.000214927,0.000231947,0.000239379,0.000253298,0.000256963,0.000266907,0.000277913,0.000274205,0.000275671,0.000275256,0.000272197,0.000268218,0.000256193,0.000248101,0.000234261,0.000217465,0.000202424,0.000184993,0.000170899
0.000158235,0.000166495,0.000187927,0.000207725,0.000226434,0.000232485,0.000244399,0.0002493,0.000258864,0.000270598,0.000265543,0.00026597,0.000268272,0.000264509,0.000258732,0.000250418,0.000240688,0.000229227,0.000211631,0.000196316,0.000179997,0.000165554
0.000152081,0.000161174,0.000180862,0.000201155,0.000216877,0.000222816,0.000237752,0.000240414,0.000249814,0.000258384,0.000256514,0.000258504,0.00025808,0.000257128,0.000252794,0.000240196,0.000233983,0.000220167,0.000204869,0.000190431,0.000171525,0.00015878
0.000147305,0.000154935,0.000173561,0.000195381,0.000210963,0.000217001,0.000229822,0.000233152,0.000242427,0.000250958,0.000248386,0.000250236,0.000250991,0.000247984,0.00024291,0.000233017,0.000225965,0.000213409,0.000196474,0.000183383,0.000166663,0.000152873
0.000141771,0.000150024,0.000167732,0.000188052,0.00020356,0.000210784,0.000222391,0.000225886,0.00023478,0.000242598,0.000241101,0.00024211,0.000243996,0.000240675,0.000234773,0.00022576,0.00021864,0.000207289,0.000189546,0.000177398,0.00016046,0.000147192
0.000136685,0.000145159,0.000162079,0.000182748,0.000196008,0.000202275,0.000215901,0.000218078,0.000227705,0.000234335,0.000233414,0.000234654,0.000237373,0.000233326,0.000227969,0.00021825,0.000211946,0.000200241,0.000183576,0.0001718,0.000154977,0.000142045
0.000131955,0.000139973,0.000156301,0.000175043,0.000190856,0.00019788,0.000208119,0.00021192,0.000220428,0.000226507,0.000226277,0.000226095,0.000228756,0.000226088,0.000219647,0.00021168,0.00020587,0.000194938,0.000177088,0.000166408,0.000149045,0.000136821
0.000127031,0.000136099,0.000151413,0.000170005,0.000184032,0.000191342,0.000201355,0.000204992,0.000213751,0.000218744,0.000218802,0.000220019,0.00022214,0.000218539,0.000212919,0.000203378,0.000197308,0.000187465,0.000169983,0.000160449,0.000143955,0.000131794
0.000123164,0.000130627,0.000145324,0.000163641,0.000178521,0.000185842,0.000196177,0.000198679,0.00020658,0.000212117,0.00021357,0.000212311,0.000215876,0.000212258,0.000206726,0.000197805,0.000192511,0.000182458,0.000166401,0.00015534,0.000140083,0.000128175
0.000118934,0.000126609,0.000140324,0.000158132,0.000172566,0.000179823,0.000189494,0.000192388,0.000200212,0.000204322,0.000206701,0.000205497,0.000209327,0.000205461,0.000199591,0.000190806,0.000185967,0.000175859,0.000160061,0.000150759,0.000134712,0.000123117
0.000114273,0.000122294,0.00013658,0.000153402,0.000167311,0.000174829,0.000182047,0.000186082,0.00019322,0.000197701,0.000199494,0.000197793,0.000202164,0.000198886,0.000192231,0.000185281,0.00018058,0.000170386,0.000154105,0.000145855,0.000129651,0.000118533
0.000111051,0.000117093,0.000130955,0.00015018,0.000162989,0.00017001,0.000175955,0.000180389,0.00018843,0.000192558,0.000191977,0.000193491,0.000197358,0.000192776,0.000185797,0.000179726,0.000174143,0.000165406,0.000147793,0.000140437,0.000126629,0.000114669
0.000106286,0.00011401,0.000126835,0.000143683,0.000155313,0.000163528,0.000170451,0.000173824,0.000182139,0.000185031,0.000186836,0.000186491,0.000189639,0.000186198,0.000180333,0.000173037,0.000168292,0.000159447,0.000143304,0.000136298,0.000121495,0.000110629
0.000102514,0.000109821,0.00012262,0.00013902,0.000149899,0.000158723,0.000164447,0.000168154,0.000175729,0.000178896,0.000180962,0.000180093,0.000183816,0.000180092,0.000174474,0.000167092,0.000162877,0.000153519,0.000138347,0.000131747,0.000117294,0.000106898
9.87712e-05,0.000106961,0.000118103,0.000134563,0.000145443,0.000153157,0.00015853,0.000163202,0.000171033,0.000173164,0.000175724,0.000174732,0.000178406,0.000173908,0.000168918,0.000161167,0.000158076,0.000148463,0.000134159,0.000127483,0.000113472,0.000103132
9.49594e-05,0.000103149,0.000114501,0.00012963,0.000140247,0.000148161,0.000153063,0.00015809,0.000164373,0.000167023,0.000169843,0.000169123,0.000171992,0.000168313,0.000162691,0.000156026,0.000152279,0.000143523,0.000129109,0.00012299,0.000109232,9.97699e-05
9.12649e-05,0.000100257,0.000110755,0.000126478,0.000134573,0.000142237,0.000148432,0.000153696,0.000160523,0.000160515,0.000165117,0.000165838,0.000167951,0.000162058,0.000158438,0.000151222,0.000147337,0.000139066,0.000124812,0.000119476,0.000106288,9.76854e-05
8.78804e-05,9.56104e-05,0.000106623,0.000121121,0.000130347,0.000138355,0.000143286,0.000147787,0.000153998,0.000156123,0.000159273,0.000158256,0.000160886,0.000157596,0.000153256,0.000146194,0.000143185,0.000133726,0.000120571,0.000114692,0.000102051,9.31308e-05
8.47953e-05,9.29177e-05,0.000102976,0.000117253,0.000126941,0.000133314,0.000137921,0.00014375,0.000148505,0.000151481,0.000154665,0.000153792,0.000156084,0.00015223,0.000147658,0.000142255,0.000138659,0.000129986,0.000116263,0.000110795,9.94422e-05,9.01715e-05
8.17783e-05,8.9079e-05,9.91694e-05,0.000112574,0.000121791,0.000128972,0.000133667,0.000138953,0.000143561,0.000145598,0.000148741,0.000148425,0.000150606,0.000147221,0.000143137,0.000136972,0.000133644,0.000125006,0.000112399,0.000107157,9.54696e-05,8.69254e-05
7.8665e-05,8.62071e-05,9.64001e-05,0.000109572,0.000116977,0.000125608,0.000128829,0.000134171,0.000138921,0.000140979,0.000143762,0.000143811,0.000145162,0.000143385,0.000138521,0.000131994,0.000128857,0.00011968,0.000109223,0.000103361,9.16548e-05,8.3794e-05
7.56122e-05,8.32426e-05,9.30397e-05,0.000105195,0.000112631,0.000120616,0.00012396,0.000130208,0.000133895,0.00013659,0.000139736,0.000138942,0.000140647,0.000138184,0.000134634,0.000127985,0.000125578,0.00011606,0.000105057,9.93411e-05,8.86403e-05,8.11304e-05
7.27642e-05,8.02582e-05,8.96411e-05,0.000101779,0.00010882,0.000116911,0.000120431,0.000125871,0.000129819,0.000131757,0.000135091,0.000134643,0.000135294,0.000133883,0.000129151,0.0001233,0.000120196,0.000111779,0.00010157,9.6576e-05,8.50808e-05,7.81537e-05
7.08153e-05,7.72935e-05,8.73224e-05,9.86458e-05,0.000105096,0.000113131,0.000115487,0.000121629,0.000125178,0.000127007,0.000130683,0.000129402,0.000130945,0.00012877,0.000125613,0.000119796,0.000117232,0.000107942,9.78712e-05,9.34806e-05,8.27165e-05,7.62718e-05
6.77883e-05,7.53553e-05,8.43673e-05,9.56135e-05,0.000102231,0.000108379,0.000111532,0.000117828,0.000120993,0.000122721,0.000126464,0.000124814,0.000127047,0.000124155,0.000120026,0.000115553,0.000113606,0.000103605,9.53827e-05,9.02534e-05,7.94596e-05,7.27228e-05
6.53117e-05,7.19741e-05,8.08984e-05,9.15988e-05,9.78288e-05,0.00010486,0.000108454,0.000114077,0.000116495,0.000118511,0.000122421,0.000121446,0.000122248,0.000120493,0.000116873,0.000111498,0.000109413,0.000100851,9.15258e-05,8.73647e-05,7.71379e-05,7.02643e-05
6.26634e-05,6.94479e-05,7.83962e-05,8.89584e-05,9.46481e-05,0.000100931,0.000103972,0.000110238,0.000112628,0.000114685,0.000118488,0.000117283,0.000118417,0.000116108,0.000112853,0.000108105,0.000105895,9.73407e-05,8.81321e-05,8.43889e-05,7.42552e-05,6.76003e-05
6.01718e-05,6.71967e-05,7.59043e-05,8.58919e-05,9.09191e-05,9.80311e-05,0.000100494,0.000106844,0.000109838,0.000110639,0.000115386,0.000114243,0.000114262,0.000111596,0.00010875,0.000105331,0.000101201,9.39423e-05,8.5066e-05,8.15889e-05,7.16249e-05,6.55822e-05
5.80765e-05,6.46703e-05,7.30898e-05,8.30992e-05,8.8203e-05,9.42854e-05,9.70317e-05,0.000103535,0.000105463,0.000106718,0.000111053,0.000110348,0.000110634,0.000107848,0.00010552,0.000100977,9.89803e-05,9.13021e-05,8.2128e-05,7.87176e-05,6.956e-05,6.33375e-05
5.62623e-05,6.27828e-05,7.07507e-05,8.02477e-05,8.53242e-05,9.10627e-05,9.44172e-05,0.000100408,0.000101481,0.000103641,0.000107713,0.000106835,0.000106965,0.000104897,0.000102374,9.78039e-05,9.58202e-05,8.78782e-05,7.96434e-05,7.61612e-05,6.71952e-05,6.07358e-05
5.41271e-05,6.04665e-05,6.83139e-05,7.75663e-05,8.23645e-05,8.77828e-05,9.10467e-05,9.71401e-05,9.83748e-05,0.000100013,0.000104134,0.000102941,0.000103522,0.00010102,9.87984e-05,9.45997e-05,9.26912e-05,8.49131e-05,7.692e-05,7.35857e-05,6.45622e-05,5.85957e-05
5.22418e-05,5.8245e-05,6.60582e-05,7.53119e-05,7.95123e-05,8.50208e-05,8.84282e-05,9.40215e-05,9.50865e-05,9.66056e-05,0.000100648,9.9484e-05,0.00010042,9.79007e-05,9.54981e-05,9.18724e-05,8.99056e-05,8.16395e-05,7.4611e-05,7.10982e-05,6.22709e-05,5.63017e-05
5.05408e-05,5.66203e-05,6.39081e-05,7.25431e-05,7.6907e-05,8.16896e-05,8.54412e-05,9.19281e-05,9.2523e-05,9.35086e-05,9.82356e-05,9.6601e-05,9.74362e-05,9.40892e-05,9.36574e-05,8.91845e-05,8.67791e-05,8.01465e-05,7.15312e-05,6.90556e-05,6.01861e-05,5.52441e-05
4.87592e-05,5.46425e-05,6.16943e-05,7.05757e-05,7.47143e-05,7.94201e-05,8.2948e-05,8.82945e-05,8.91108e-05,9.11371e-05,9.46547e-05,9.44081e-05,9.41196e-05,9.14779e-05,8.98389e-05,8.61957e-05,8.42225e-05,7.74189e-05,6.97467e-05,6.62804e-05,5.84677e-05,5.27221e-05
4.69881e-05,5.27563e-05,5.98557e-05,6.81441e-05,7.20772e-05,7.66606e-05,8.00916e-05,8.59698e-05,8.64373e-05,8.78868e-05,9.16965e-05,9.06764e-05,9.13235e-05,8.83757e-05,8.67365e-05,8.32537e-05,8.13314e-05,7.46083e-05,6.73622e-05,6.44738e-05,5.62501e-05,5.08446e-05
4.52687e-05,5.10882e-05,5.80513e-05,6.59908e-05,6.93822e-05,7.4492e-05,7.75615e-05,8.34746e-05,8.41982e-05,8.51878e-05,8.91876e-05,8.83745e-05,8.85754e-05,8.53992e-05,8.39267e-05,8.12446e-05,7.84086e-05,7.22228e-05,6.51192e-05,6.23089e-05,5.42731e-05,4.93539e-05
4.39783e-05,4.93237e-05,5.61711e-05,6.42219e-05,6.77274e-05,7.17747e-05,7.51629e-05,8.10246e-05,8.12921e-05,8.26915e-05,8.61657e-05,8.5223e-05,8.59045e-05,8.26814e-05,8.152e-05,7.83378e-05,7.63736e-05,7.00495e-05,6.3147e-05,6.06343e-05,5.25768e-05,4.74488e-05
4.26561e-05,4.77677e-05,5.41011e-05,6.22248e-05,6.58211e-05,6.97757e-05,7.33359e-05,7.89856e-05,7.91332e-05,8.03258e-05,8.4084e-05,8.3072e-05,8.3912e-05,8.04617e-05,7.91863e-05,7.62888e-05,7.38988e-05,6.84912e-05,6.12108e-05,5.88387e-05,5.10873e-05,4.61301e-05
4.10911e-05,4.62676e-05,5.27273e-05,6.07704e-05,6.40526e-05,6.76011e-05,7.10861e-05,7.62829e-05,7.66606e-05,7.78704e-05,8.08904e-05,8.08743e-05,8.10547e-05,7.78853e-05,7.64743e-05,7.38802e-05,7.15711e-05,6.57358e-05,5.96307e-05,5.66199e-05,4.94094e-05,4.4123e-05
3.96212e-05,4.49091e-05,5.11903e-05,5.83681e-05,6.14916e-05,6.54768e-05,6.90457e-05,7.45565e-05,7.44167e-05,7.5229e-05,7.85694e-05,7.7757e-05,7.88938e-05,7.55137e-05,7.40229e-05,7.14196e-05,6.9357e-05,6.38149e-05,5.7647e-05,5.50635e-05,4.73995e-05,4.30515e-05
3.85024e-05,4.37247e-05,4.9725e-05,5.66556e-05,5.96555e-05,6.37338e-05,6.71442e-05,7.28243e-05,7.21426e-05,7.28849e-05,7.63179e-05,7.55404e-05,7.66055e-05,7.35478e-05,7.17252e-05,6.93032e-05,6.71728e-05,6.20263e-05,5.60174e-05,5.34805e-05,4.61599e-05,4.17386e-05
3.71569e-05,4.1949e-05,4.82626e-05,5.50591e-05,5.81111e-05,6.15851e-05,6.50102e-05,7.05223e-05,7.03323e-05,7.13524e-05,7.40962e-05,7.35538e-05,7.46268e-05,7.14831e-05,6.95054e-05,6.72694e-05,6.52406e-05,6.03846e-05,5.42054e-05,5.21177e-05,4.44694e-05,4.01995e-05
3.60734e-05,4.06467e-05,4.66698e-05,5.35368e-05,5.65352e-05,5.96385e-05,6.32725e-05,6.86434e-05,6.84904e-05,6.95955e-05,7.21457e-05,7.16107e-05,7.27218e-05,6.94574e-05,6.78133e-05,6.5777e-05,6.31249e-05,5.8867e-05,5.24673e-05,5.04157e-05,4.31696e-05,3.90143e-05
3.51088e-05,3.94046e-05,4.50581e-05,5.17707e-05,5.45216e-05,5.81946e-05,6.16084e-05,6.66722e-05,6.64743e-05,6.73181e-05,7.01733e-05,6.93405e-05,7.07446e-05,6.73717e-05,6.63525e-05,6.40169e-05,6.18664e-05,5.7068e-05,5.10731e-05,4.86674e-05,4.18938e-05,3.77883e-05
3.39341e-05,3.84563e-05,4.41903e-05,5.03508e-05,5.34215e-05,5.67356e-05,5.99056e-05,6.5226e-05,6.44208e-05,6.5898e-05,6.80585e-05,6.81859e-05,6.88327e-05,6.56481e-05,6.36506e-05,6.22129e-05,5.96755e-05,5.53731e-05,4.96288e-05,4.73308e-05,4.0769e-05,3.6623e-05
3.29857e-05,3.72761e-05,4.26516e-05,4.89027e-05,5.20309e-05,5.49225e-05,5.81206e-05,6.32221e-05,6.28828e-05,6.38679e-05,6.60622e-05,6.61312e-05,6.70136e-05,6.40953e-05,6.22814e-05,6.01937e-05,5.82127e-05,5.40231e-05,4.83956e-05,4.59281e-05,3.94134e-05,3.54922e-05
3.19433e-05,3.62115e-05,4.1495e-05,4.75491e-05,5.05446e-05,5.34431e-05,5.67354e-05,6.16138e-05,6.13601e-05,6.24192e-05,6.41703e-05,6.4278e-05,6.51847e-05,6.22069e-05,6.04803e-05,5.8638e-05,5.64653e-05,5.25434e-05,4.69564e-05,4.47356e-05,3.82386e-05,3.45293e-05
3.09436e-05,3.52717e-05,4.02976e-05,4.63302e-05,4.91798e-05,5.20256e-05,5.50703e-05,6.01737e-05,5.96623e-05,6.0419e-05,6.24288e-05,6.25646e-05,6.36131e-05,6.04856e-05,5.82549e-05,5.73947e-05,5.47462e-05,5.07905e-05,4.57001e-05,4.3448e-05,3.71312e-05,3.34573e-05
3.00625e-05,3.40522e-05,3.91398e-05,4.49364e-05,4.78921e-05,5.05861e-05,5.3681e-05,5.86426e-05,5.81215e-05,5.91023e-05,6.09194e-05,6.10135e-05,6.20817e-05,5.91255e-05,5.70922e-05,5.55876e-05,5.32396e-05,4.96244e-05,4.45382e-05,4.21626e-05,3.59895e-05,3.25637e-05
2.92317e-05,3.31472e-05,3.79377e-05,4.36694e-05,4.66673e-05,4.93823e-05,5.22727e-05,5.698e-05,5.65534e-05,5.75457e-05,5.94264e-05,5.94229e-05,6.03316e-05,5.76032e-05,5.54752e-05,5.42423e-05,5.17593e-05,4.82006e-05,4.33302e-05,4.11652e-05,3.5076e-05,3.1537e-05
2.83726e-05,3.21184e-05,3.70171e-05,4.25587e-05,4.55567e-05,4.79665e-05,5.09933e-05,5.56545e-05,5.52723e-05,5.6204e-05,5.77587e-05,5.79513e-05,5.87684e-05,5.61919e-05,5.39354e-05,5.28439e-05,5.0563e-05,4.70868e-05,4.22003e-05,3.98985e-05,3.40394e-05,3.06796e-05
2.75588e-05,3.12373e-05,3.58879e-05,4.12524e-05,4.42367e-05,4.67536e-05,4.95782e-05,5.4122e-05,5.39189e-05,5.46578e-05,5.62236e-05,5.64614e-05,5.72505e-05,5.48047e-05,5.25774e-05,5.14365e-05,4.9026e-05,4.57321e-05,4.09904e-05,3.89481e-05,3.30849e-05,2.97742e-05
2.68353e-05,3.03932e-05,3.49332e-05,4.01273e-05,4.31661e-05,4.56043e-05,4.84644e-05,5.29202e-05,5.25988e-05,5.32831e-05,5.48644e-05,5.52534e-05,5.57429e-05,5.34487e-05,5.13665e-05,5.01394e-05,4.77464e-05,4.46391e-05,3.9966e-05,3.77824e-05,3.22281e-05,2.90449e-05
2.59911e-05,2.95081e-05,3.39242e-05,3.89486e-05,4.18971e-05,4.44189e-05,4.70628e-05,5.15178e-05,5.13338e-05,5.18552e-05,5.34188e-05,5.36264e-05,5.43969e-05,5.21199e-05,4.97892e-05,4.87858e-05,4.64037e-05,4.33716e-05,3.89264e-05,3.68302e-05,3.12729e-05,2.81189e-05
2.52467e-05,2.86908e-05,3.29603e-05,3.80535e-05,4.08863e-05,4.32456e-05,4.58875e-05,5.02458e-05,5.01355e-05,5.0496e-05,5.21767e-05,5.23012e-05,5.30184e-05,5.09466e-05,4.84939e-05,4.74018e-05,4.52392e-05,4.24609e-05,3.79473e-05,3.57907e-05,3.04268e-05,2.74703e-05
2.45309e-05,2.79196e-05,3.22765e-05,3.69153e-05,3.9728e-05,4.22886e-05,4.46325e-05,4.90273e-05,4.85849e-05,4.94312e-05,5.05631e-05,5.11637e-05,5.19352e-05,4.97859e-05,4.74065e-05,4.65754e-05,4.39785e-05,4.10601e-05,3.70319e-05,3.49481e-05,2.95814e-05,2.66209e-05
2.38953e-05,2.70994e-05,3.13461e-05,3.57567e-05,3.87743e-05,4.10451e-05,4.37696e-05,4.79173e-05,4.7703e-05,4.81096e-05,4.945e-05,4.98563e-05,5.04399e-05,4.85387e-05,4.60866e-05,4.51998e-05,4.28875e-05,4.02821e-05,3.60613e-05,3.39465e-05,2.87293e-05,2.59804e-05
2.3129e-05,2.63094e-05,3.03961e-05,3.49657e-05,3.77749e-05,4.02095e-05,4.25405e-05,4.63305e-05,4.64043e-05,4.70344e-05,4.81895e-05,4.85303e-05,4.915e-05,4.74626e-05,4.48428e-05,4.37301e-05,4.17932e-05,3.92628e-05,3.50685e-05,3.31304e-05,2.79839e-05,2.52186e-05
2.2563e-05,2.54865e-05,2.97481e-05,3.38708e-05,3.69357e-05,3.88585e-05,4.14423e-05,4.55898e-05,4.54799e-05,4.59902e-05,4.70335e-05,4.74137e-05,4.78468e-05,4.62651e-05,4.38633e-05,4.32351e-05,4.05256e-05,3.8049e-05,3.43298e-05,3.18569e-05,2.72435e-05,2.45489e-05
2.18942e-05,2.48972e-05,2.88377e-05,3.30264e-05,3.59368e-05,3.80828e-05,4.0205e-05,4.41335e-05,4.41428e-05,4.47874e-05,4.56215e-05,4.62908e-05,4.66829e-05,4.51047e-05,4.2659e-05,4.18977e-05,3.96137e-05,3.70931e-05,3.33117e-05,3.13119e-05,2.64721e-05,2.3815e-05
2.13697e-05,2.42091e-05,2.79954e-05,3.21245e-05,3.51051e-05,3.69844e-05,3.92125e-05,4.32628e-05,4.32102e-05,4.3559e-05,4.46534e-05,4.51705e-05,4.5724e-05,4.41732e-05,4.14719e-05,4.094e-05,3.85127e-05,3.62194e-05,3.25858e-05,3.05079e-05,2.58205e-05,2.32212e-05
2.06694e-05,2.35306e-05,2.73529e-05,3.13227e-05,3.42823e-05,3.63326e-05,3.81672e-05,4.18693e-05,4.19786e-05,4.27193e-05,4.3354e-05,4.41389e-05,4.43137e-05,4.2938e-05,4.05636e-05,3.98453e-05,3.78733e-05,3.52206e-05,3.15662e-05,2.97602e-05,2.50127e-05,2.25731e-05
2.02365e-05,2.29617e-05,2.66154e-05,3.03545e-05,3.31976e-05,3.5378e-05,3.72593e-05,4.09476e-05,4.10138e-05,4.12913e-05,4.24244e-05,4.30471e-05,4.31286e-05,4.19687e-05,3.95681e-05,3.89389e-05,3.65864e-05,3.43966e-05,3.09003e-05,2.87617e-05,2.43551e-05,2.19048e-05
1.95758e-05,2.22822e-05,2.58777e-05,2.9551e-05,3.23745e-05,3.43785e-05,3.62084e-05,3.98761e-05,4.00189e-05,4.03894e-05,4.12021e-05,4.19269e-05,4.22266e-05,4.09854e-05,3.85232e-05,3.78685e-05,3.57531e-05,3.34041e-05,3.00619e-05,2.8098e-05,2.37268e-05,2.13458e-05
1.90918e-05,2.16829e-05,2.52506e-05,2.87326e-05,3.14388e-05,3.35172e-05,3.52706e-05,3.87762e-05,3.89981e-05,3.96407e-05,4.01331e-05,4.10413e-05,4.11828e-05,4.00354e-05,3.77088e-05,3.68622e-05,3.4667e-05,3.26389e-05,2.94221e-05,2.73754e-05,2.31584e-05,2.07692e-05
1.85057e-05,2.11092e-05,2.45252e-05,2.79156e-05,3.07477e-05,3.26716e-05,3.44289e-05,3.79172e-05,3.81184e-05,3.83995e-05,3.91343e-05,3.99658e-05,4.00656e-05,3.90005e-05,3.66397e-05,3.60137e-05,3.38786e-05,3.17862e-05,2.86016e-05,2.65961e-05,2.24664e-05,2.02129e-05
1.80293e-05,2.04984e-05,2.38784e-05,2.72137e-05,2.99875e-05,3.17946e-05,3.36058e-05,3.6855e-05,3.71872e-05,3.75345e-05,3.82759e-05,3.88616e-05,3.89487e-05,3.81046e-05,3.56712e-05,3.52314e-05,3.28579e-05,3.10196e-05,2.784e-05,2.57468e-05,2.18418e-05,1.96431e-05
1.75867e-05,1.98896e-05,2.32103e-05,2.6388e-05,2.92368e-05,3.09112e-05,3.26702e-05,3.59295e-05,3.63229e-05,3.65982e-05,3.73607e-05,3.78491e-05,3.82268e-05,3.72959e-05,3.48999e-05,3.42924e-05,3.24086e-05,3.01791e-05,2.70846e-05,2.53502e-05,2.12744e-05,1.91028e-05
1.70779e-05,1.94478e-05,2.26613e-05,2.57005e-05,2.84587e-05,3.02005e-05,3.19285e-05,3.505e-05,3.54243e-05,3.56358e-05,3.65028e-05,3.70387e-05,3.70839e-05,3.62642e-05,3.39002e-05,3.34624e-05,3.13984e-05,2.94816e-05,2.64543e-05,2.45474e-05,2.07224e-05,1.86056e-05
1.65661e-05,1.88492e-05,2.2021e-05,2.49794e-05,2.77384e-05,2.94015e-05,3.10159e-05,3.42058e-05,3.4542e-05,3.47426e-05,3.5439e-05,3.60973e-05,3.62081e-05,3.53862e-05,3.31562e-05,3.25082e-05,3.06519e-05,2.86648e-05,2.57549e-05,2.38612e-05,2.01467e-05,1.80907e-05
1.60882e-05,1.83453e-05,2.1412e-05,2.4387e-05,2.70029e-05,2.86966e-05,3.0178e-05,3.33182e-05,3.36238e-05,3.39587e-05,3.45926e-05,3.5335e-05,3.54228e-05,3.44963e-05,3.22872e-05,3.16941e-05,2.98236e-05,2.80142e-05,2.51606e-05,2.31824e-05,1.96493e-05,1.76151e-05
1.56314e-05,1.79532e-05,2.07754e-05,2.37156e-05,2.636e-05,2.79152e-05,2.95516e-05,3.25689e-05,3.28408e-05,3.31395e-05,3.37128e-05,3.43398e-05,3.4574e-05,3.37341e-05,3.15354e-05,3.08679e-05,2.90822e-05,2.72625e-05,2.44609e-05,2.25695e-05,1.90764e-05,1.71293e-05
1.52942e-05,1.73535e-05,2.03057e-05,2.30242e-05,2.55808e-05,2.72023e-05,2.86831e-05,3.16288e-05,3.2087e-05,3.23239e-05,3.29098e-05,3.36231e-05,3.37114e-05,3.29281e-05,3.08018e-05,3.01632e-05,2.83454e-05,2.65845e-05,2.38545e-05,2.20052e-05,1.85824e-05,1.66273e-05
1.48401e-05,1.69025e-05,1.97146e-05,2.24018e-05,2.49488e-05,2.65651e-05,2.80031e-05,3.08945e-05,3.12117e-05,3.15369e-05,3.19672e-05,3.27865e-05,3.28938e-05,3.21358e-05,3.00849e-05,2.94586e-05,2.78225e-05,2.58459e-05,2.32422e-05,2.1447e-05,1.80857e-05,1.61828e-05
1.44967e-05,1.6517e-05,1.92263e-05,2.17993e-05,2.42198e-05,2.58728e-05,2.73878e-05,3.02792e-05,3.05863e-05,3.06289e-05,3.14114e-05,3.2019e-05,3.22232e-05,3.12634e-05,2.91621e-05,2.87038e-05,2.69988e-05,2.5373e-05,2.27348e-05,2.08318e-05,1.76189e-05,1.57294e-05
1.40455e-05,1.60625e-05,1.87045e-05,2.12092e-05,2.3731e-05,2.52031e-05,2.65922e-05,2.94742e-05,2.97315e-05,3.00694e-05,3.03453e-05,3.11972e-05,3.1171e-05,3.05083e-05,2.87389e-05,2.79384e-05,2.64614e-05,2.45766e-05,2.2063e-05,2.02258e-05,1.7127e-05,1.52736e-05
1.36599e-05,1.56191e-05,1.81825e-05,2.06697e-05,2.30665e-05,2.45392e-05,2.58875e-05,2.86149e-05,2.89819e-05,2.91979e-05,2.97169e-05,3.05044e-05,3.0554e-05,2.97782e-05,2.77651e-05,2.72457e-05,2.573e-05,2.40182e-05,2.1581e-05,1.96538e-05,1.67009e-05,1.49088e-05
1.32773e-05,1.52138e-05,1.76832e-05,2.01609e-05,2.25099e-05,2.38654e-05,2.53381e-05,2.7992e-05,2.82618e-05,2.84683e-05,2.91213e-05,2.97675e-05,2.97628e-05,2.91185e-05,2.71122e-05,2.65944e-05,2.50211e-05,2.3445e-05,2.09952e-05,1.91005e-05,1.62159e-05,1.45145e-05
1.29284e-05,1.48023e-05,1.73361e-05,1.9547e-05,2.17906e-05,2.3388e-05,2.4692e-05,2.73129e-05,2.77099e-05,2.77731e-05,2.84041e-05,2.9076e-05,2.90702e-05,2.84267e-05,2.64635e-05,2.59473e-05,2.43811e-05,2.29164e-05,2.05716e-05,1.85949e-05,1.57715e-05,1.40884e-05
1.25549e-05,1.43783e-05,1.68453e-05,1.91065e-05,2.12695e-05,2.28505e-05,2.403e-05,2.66125e-05,2.7054e-05,2.71707e-05,2.7655e-05,2.82652e-05,2.8529e-05,2.77149e-05,2.58749e-05,2.53763e-05,2.38787e-05,2.22213e-05,1.99119e-05,1.82043e-05,1.54212e-05,1.37263e-05
1.22488e-05,1.4081e-05,1.64306e-05,1.85505e-05,2.07339e-05,2.2207e-05,2.35162e-05,2.59569e-05,2.64288e-05,2.65887e-05,2.70639e-05,2.7706e-05,2.77593e-05,2.69031e-05,2.52447e-05,2.474e-05,2.32523e-05,2.18163e-05,1.95194e-05,1.76208e-05,1.49353e-05,1.32987e-05
1.18725e-05,1.36314e-05,1.5946e-05,1.81319e-05,2.02511e-05,2.15995e-05,2.28677e-05,2.53512e-05,2.56645e-05,2.58812e-05,2.63607e-05,2.69229e-05,2.70908e-05,2.62219e-05,2.45594e-05,2.41577e-05,2.26607e-05,2.12159e-05,1.90328e-05,1.71188e-05,1.45655e-05,1.29353e-05
1.1572e-05,1.32854e-05,1.55312e-05,1.75989e-05,1.96936e-05,2.11037e-05,2.22731e-05,2.46869e-05,2.50267e-05,2.52542e-05,2.56492e-05,2.62863e-05,2.62524e-05,2.56735e-05,2.39759e-05,2.35272e-05,2.21e-05,2.06149e-05,1.85311e-05,1.66667e-05,1.41615e-05,1.25796e-05
1.12585e-05,1.29078e-05,1.49964e-05,1.72172e-05,1.93036e-05,2.0533e-05,2.17567e-05,2.41546e-05,2.4305e-05,2.45893e-05,2.4894e-05,2.56782e-05,2.5858e-05,2.50113e-05,2.34266e-05,2.28657e-05,2.17041e-05,2.00729e-05,1.81011e-05,1.62152e-05,1.38414e-05,1.22481e-05
1.09126e-05,1.25882e-05,1.46952e-05,1.66603e-05,1.87852e-05,1.9995e-05,2.13486e-05,2.35403e-05,2.37794e-05,2.39577e-05,2.44531e-05,2.50542e-05,2.5041e-05,2.45106e-05,2.28654e-05,2.23521e-05,2.11004e-05,1.96498e-05,1.75504e-05,1.57526e-05,1.3462e-05,1.18632e-05
1.05777e-05,1.22069e-05,1.42879e-05,1.6222e-05,1.8201e-05,1.96168e-05,2.07888e-05,2.30297e-05,2.31952e-05,2.3393e-05,2.38652e-05,2.44101e-05,2.45943e-05,2.36703e-05,2.23525e-05,2.19532e-05,2.06082e-05,1.91051e-05,1.71573e-05,1.54497e-05,1.31322e-05,1.15908e-05
1.0309e-05,1.19783e-05,1.39725e-05,1.57647e-05,1.76602e-05,1.90528e-05,2.03441e-05,2.24622e-05,2.26779e-05,2.28311e-05,2.33622e-05,2.38996e-05,2.40027e-05,2.31849e-05,2.18561e-05,2.13002e-05,2.00597e-05,1.87678e-05,1.67355e-05,1.49592e-05,1.27821e-05,1.1235e-05
1.00266e-05,1.15988e-05,1.35287e-05,1.54465e-05,1.73081e-05,1.86207e-05,1.97582e-05,2.18586e-05,2.20865e-05,2.24198e-05,2.27035e-05,2.3296e-05,2.33664e-05,2.26378e-05,2.12851e-05,2.07436e-05,1.94568e-05,1.82052e-05,1.63832e-05,1.45204e-05,1.23613e-05,1.09292e-05
9.75748e-06,1.12767e-05,1.31681e-05,1.50243e-05,1.69177e-05,1.80347e-05,1.92839e-05,2.14132e-05,2.15073e-05,2.19168e-05,2.21449e-05,2.27643e-05,2.28968e-05,2.2081e-05,2.07384e-05,2.03487e-05,1.91729e-05,1.77947e-05,1.59428e-05,1.41762e-05,1.21325e-05,1.06448e-05
9.43909e-06,1.09659e-05,1.28963e-05,1.46485e-05,1.64873e-05,1.77225e-05,1.87821e-05,2.09104e-05,2.10071e-05,2.11423e-05,2.17678e-05,2.22805e-05,2.23595e-05,2.15438e-05,2.02367e-05,1.98239e-05,1.8671e-05,1.7321e-05,1.55018e-05,1.37777e-05,1.17943e-05,1.03623e-05
9.21097e-06,1.06857e-05,1.251e-05,1.42057e-05,1.60556e-05,1.72131e-05,1.83001e-05,2.03619e-05,2.06405e-05,2.08585e-05,2.12799e-05,2.16913e-05,2.17699e-05,2.09989e-05,1.96828e-05,1.93937e-05,1.82177e-05,1.69102e-05,1.516e-05,1.34371e-05,1.14641e-05,1.00699e-05
8.95614e-06,1.03692e-05,1.21709e-05,1.39149e-05,1.57308e-05,1.68706e-05,1.78129e-05,1.98611e-05,1.99811e-05,2.02695e-05,2.06567e-05,2.12032e-05,2.13491e-05,2.06387e-05,1.93392e-05,1.88345e-05,1.79216e-05,1.64081e-05,1.47702e-05,1.31024e-05,1.11507e-05,9.76525e-06
8.69929e-06,1.01481e-05,1.1896e-05,1.352e-05,1.52532e-05,1.64211e-05,1.7583e-05,1.94133e-05,1.96029e-05,1.97981e-05,2.03108e-05,2.06983e-05,2.06798e-05,1.99547e-05,1.88482e-05,1.84902e-05,1.73588e-05,1.60758e-05,1.44226e-05,1.2775e-05,1.08466e-05,9.4955e-06
8.47037e-06,9.84352e-06,1.15362e-05,1.32811e-05,1.50673e-05,1.59605e-05,1.70446e-05,1.89501e-05,1.89705e-05,1.94385e-05,1.969e-05,2.02417e-05,2.03816e-05,1.95349e-05,1.8545e-05,1.79838e-05,1.70481e-05,1.56858e-05,1.40757e-05,1.23752e-05,1.05732e-05,9.25088e-06
8.22324e-06,9.57953e-06,1.12869e-05,1.28454e-05,1.4489e-05,1.56576e-05,1.66371e-05,1.84169e-05,1.8717e-05,1.88029e-05,1.9283e-05,1.96695e-05,1.96973e-05,1.91517e-05,1.79775e-05,1.75013e-05,1.64584e-05,1.52388e-05,1.37207e-05,1.20402e-05,1.03078e-05,9.00412e-06
7.98264e-06,9.30799e-06,1.1048e-05,1.25104e-05,1.4177e-05,1.52844e-05,1.61658e-05,1.80635e-05,1.82481e-05,1.85471e-05,1.89675e-05,1.9285e-05,1.94244e-05,1.87414e-05,1.74803e-05,1.72896e-05,1.61443e-05,1.4916e-05,1.33986e-05,1.17964e-05,1.00103e-05,8.7122e-06
7.75856e-06,9.08726e-06,1.06896e-05,1.2181e-05,1.37559e-05,1.49372e-05,1.58889e-05,1.75645e-05,1.79118e-05,1.81033e-05,1.84411e-05,1.87421e-05,1.8747e-05,1.81092e-05,1.70559e-05,1.67484e-05,1.56279e-05,1.45882e-05,1.31112e-05,1.14741e-05,9.80108e-06,8.48826e-06
7.52388e-06,8.86014e-06,1.03996e-05,1.19572e-05,1.35297e-05,1.45156e-05,1.54479e-05,1.72803e-05,1.74571e-05,1.75669e-05,1.8111e-05,1.84613e-05,1.85431e-05,1.76982e-05,1.674e-05,1.6458e-05,1.53858e-05,1.42527e-05,1.27162e-05,1.11976e-05,9.57529e-06,8.30863e-06
7.34323e-06,8.65341e-06,1.01281e-05,1.16806e-05,1.31227e-05,1.41698e-05,1.51696e-05,1.66951e-05,1.70292e-05,1.72721e-05,1.7624e-05,1.7963e-05,1.80008e-05,1.72834e-05,1.6301e-05,1.6012e-05,1.49722e-05,1.39133e-05,1.24087e-05,1.0882e-05,9.30972e-06,8.07037e-06
7.14819e-06,8.42129e-06,9.86375e-06,1.14181e-05,1.28697e-05,1.38693e-05,1.47992e-05,1.63176e-05,1.66834e-05,1.68187e-05,1.72135e-05,1.76863e-05,1.7517e-05,1.69679e-05,1.59822e-05,1.56275e-05,1.46302e-05,1.3526e-05,1.21591e-05,1.05583e-05,9.03825e-06,7.84045e-06
6.9245e-06,8.18451e-06,9.64539e-06,1.11099e-05,1.24999e-05,1.35349e-05,1.4443e-05,1.59493e-05,1.62929e-05,1.6435e-05,1.68151e-05,1.71617e-05,1.71461e-05,1.65447e-05,1.55499e-05,1.53249e-05,1.42794e-05,1.3204e-05,1.18474e-05,1.03053e-05,8.82115e-06,7.63371e-06
6.74897e-06,7.97527e-06,9.35499e-06,1.08402e-05,1.21671e-05,1.32239e-05,1.41739e-05,1.56314e-05,1.59731e-05,1.61486e-05,1.6485e-05,1.67378e-05,1.68306e-05,1.61494e-05,1.5158e-05,1.49509e-05,1.38365e-05,1.29219e-05,1.15531e-05,1.01002e-05,8.61241e-06,7.43297e-06
6.53925e-06,7.78728e-06,9.12331e-06,1.05822e-05,1.18915e-05,1.2921e-05,1.38083e-05,1.5233e-05,1.54266e-05,1.57345e-05,1.60518e-05,1.63514e-05,1.64827e-05,1.58676e-05,1.49266e-05,1.46146e-05,1.36696e-05,1.25957e-05,1.12494e-05,9.79148e-06,8.38655e-06,7.22006e-06
6.38114e-06,7.54834e-06,8.8723e-06,1.02994e-05,1.16146e-05,1.26466e-05,1.34425e-05,1.4937e-05,1.52141e-05,1.54926e-05,1.57981e-05,1.60278e-05,1.59981e-05,1.5432e-05,1.44879e-05,1.43339e-05,1.32865e-05,1.23113e-05,1.10418e-05,9.57813e-06,8.19084e-06,7.04012e-06
6.22797e-06,7.39551e-06,8.68048e-06,1.01151e-05,1.13916e-05,1.23161e-05,1.32036e-05,1.44772e-05,1.48302e-05,1.50839e-05,1.54517e-05,1.57607e-05,1.56271e-05,1.51517e-05,1.41936e-05,1.39636e-05,1.29725e-05,1.2055e-05,1.07472e-05,9.30598e-06,7.99878e-06,6.85637e-06
6.02568e-06,7.18891e-06,8.46458e-06,9.88873e-06,1.10232e-05,1.20618e-05,1.29283e-05,1.4256e-05,1.4659e-05,1.46307e-05,1.5115e-05,1.53782e-05,1.53526e-05,1.47619e-05,1.39056e-05,1.37027e-05,1.26439e-05,1.17662e-05,1.05162e-05,9.114e-06,7.77532e-06,6.69073e-06
5.87285e-06,6.99604e-06,8.23028e-06,9.57658e-06,1.08399e-05,1.17485e-05,1.26241e-05,1.3859e-05,1.41743e-05,1.44489e-05,1.48053e-05,1.50815e-05,1.49963e-05,1.44651e-05,1.35739e-05,1.33941e-05,1.24319e-05,1.15299e-05,1.03301e-05,8.86664e-06,7.58814e-06,6.49776e-06
5.73369e-06,6.81554e-06,8.00331e-06,9.4168e-06,1.05486e-05,1.15062e-05,1.23859e-05,1.35874e-05,1.39304e-05,1.40325e-05,1.44151e-05,1.46311e-05,1.46307e-05,1.40856e-05,1.33598e-05,1.30448e-05,1.20862e-05,1.12026e-05,1.00209e-05,8.64794e-06,7.42619e-06,6.32914e-06
5.57131e-06,6.67038e-06,7.82357e-06,9.18525e-06,1.03231e-05,1.13073e-05,1.20605e-05,1.3272e-05,1.36084e-05,1.37762e-05,1.41187e-05,1.43308e-05,1.43214e-05,1.38094e-05,1.31376e-05,1.2734e-05,1.18438e-05,1.09424e-05,9.80292e-06,8.43891e-06,7.23178e-06,6.15439e-06
5.41866e-06,6.49632e-06,7.67655e-06,8.97964e-06,1.00412e-05,1.10131e-05,1.18418e-05,1.29884e-05,1.32972e-05,1.3439e-05,1.38697e-05,1.41211e-05,1.40295e-05,1.35047e-05,1.28325e-05,1.24968e-05,1.15641e-05,1.07042e-05,9.5394e-06,8.25003e-06,7.06165e-06,6.02253e-06
5.25647e-06,6.3393e-06,7.39254e-06,8.71357e-06,9.8294e-06,1.07686e-05,1.14825e-05,1.26497e-05,1.29517e-05,1.32366e-05,1.3566e-05,1.3674e-05,1.36527e-05,1.32934e-05,1.24365e-05,1.22073e-05,1.13e-05,1.0425e-05,9.33948e-06,8.0656e-06,6.92735e-06,5.84862e-06
5.12354e-06,6.15514e-06,7.28807e-06,8.60393e-06,9.60771e-06,1.05371e-05,1.13005e-05,1.23879e-05,1.27936e-05,1.29542e-05,1.32028e-05,1.34277e-05,1.33464e-05,1.29376e-05,1.2227e-05,1.19472e-05,1.09973e-05,1.02447e-05,9.15726e-06,7.83233e-06,6.75421e-06,5.66619e-06
4.98599e-06,6.00809e-06,7.08183e-06,8.40069e-06,9.33965e-06,1.03233e-05,1.10507e-05,1.20844e-05,1.25544e-05,1.26589e-05,1.29957e-05,1.30836e-05,1.30596e-05,1.26289e-05,1.19385e-05,1.16658e-05,1.06756e-05,9.9591e-06,8.98826e-06,7.66603e-06,6.58884e-06,5.56788e-06
4.87929e-06,5.88151e-06,6.94987e-06,8.18688e-06,9.16134e-06,1.00757e-05,1.08516e-05,1.18317e-05,1.21729e-05,1.23609e-05,1.27425e-05,1.29228e-05,1.2826e-05,1.2436e-05,1.16968e-05,1.14666e-05,1.05023e-05,9.82671e-06,8.79402e-06,7.48326e-06,6.40654e-06,5.4022e-06
4.72458e-06,5.7307e-06,6.7571e-06,8.01627e-06,8.94214e-06,9.82151e-06,1.05462e-05,1.15215e-05,1.19657e-05,1.20964e-05,1.24505e-05,1.25918e-05,1.25397e-05,1.21296e-05,1.14271e-05,1.12062e-05,1.02922e-05,9.54156e-06,8.57754e-06,7.3122e-06,6.26632e-06,5.27989e-06
4.61712e-06,5.59395e-06,6.60282e-06,7.84533e-06,8.75669e-06,9.61682e-06,1.03549e-05,1.12762e-05,1.17088e-05,1.18135e-05,1.21773e-05,1.23446e-05,1.22605e-05,1.18806e-05,1.12438e-05,1.09264e-05,1.00903e-05,9.34656e-06,8.36261e-06,7.13588e-06,6.1274e-06,5.14033e-06
4.4998e-06,5.45641e-06,6.45066e-06,7.67024e-06,8.58015e-06,9.39823e-06,1.01679e-05,1.10403e-05,1.14384e-05,1.16844e-05,1.1961e-05,1.20881e-05,1.20072e-05,1.16728e-05,1.10488e-05,1.07374e-05,9.83483e-06,9.13291e-06,8.22351e-06,6.97457e-06,5.97931e-06,5.02015e-06
4.39097e-06,5.32342e-06,6.29248e-06,7.48064e-06,8.2905e-06,9.24262e-06,9.94829e-06,1.08215e-05,1.1114e-05,1.13141e-05,1.17001e-05,1.17793e-05,1.17315e-05,1.15187e-05,1.08014e-05,1.05454e-05,9.63512e-06,8.90716e-06,7.98865e-06,6.81491e-06,5.83327e-06,4.89753e-06
4.2502e-06,5.1842e-06,6.13109e-06,7.30499e-06,8.10404e-06,9.04765e-06,9.71035e-06,1.06144e-05,1.10605e-05,1.10374e-05,1.14729e-05,1.15035e-05,1.14793e-05,1.11945e-05,1.05418e-05,1.02253e-05,9.40298e-06,8.72832e-06,7.79022e-06,6.6422e-06,5.73059e-06,4.77346e-06
4.15374e-06,5.05626e-06,5.99302e-06,7.15222e-06,7.99521e-06,8.80921e-06,9.49853e-06,1.03718e-05,1.07485e-05,1.08923e-05,1.12931e-05,1.13856e-05,1.12448e-05,1.08983e-05,1.03175e-05,1.00609e-05,9.19125e-06,8.55181e-06,7.65978e-06,6.50686e-06,5.58035e-06,4.65807e-06
4.05766e-06,4.94342e-06,5.84478e-06,7.04869e-06,7.81776e-06,8.62281e-06,9.33438e-06,1.01111e-05,1.05474e-05,1.06231e-05,1.09774e-05,1.10518e-05,1.09775e-05,1.07288e-05,1.01477e-05,9.82959e-06,8.98862e-06,8.34598e-06,7.46913e-06,6.34869e-06,5.44466e-06,4.52023e-06
3.94821e-06,4.84556e-06,5.73133e-06,6.84696e-06,7.63965e-06,8.431e-06,9.0919e-06,9.87952e-06,1.03278e-05,1.04494e-05,1.08175e-05,1.08368e-05,1.07744e-05,1.05239e-05,9.90684e-06,9.60244e-06,8.82655e-06,8.18105e-06,7.30523e-06,6.23311e-06,5.33929e-06,4.43467e-06
3.85065e-06,4.73349e-06,5.61546e-06,6.69851e-06,7.50033e-06,8.26893e-06,8.9211e-06,9.66005e-06,1.00606e-05,1.02987e-05,1.06233e-05,1.06658e-05,1.056e-05,1.0334e-05,9.76008e-06,9.41427e-06,8.60855e-06,8.04594e-06,7.1797e-06,6.0866e-06,5.21965e-06,4.3195e-06
3.7768e-06,4.63573e-06,5.4713e-06,6.57508e-06,7.3362e-06,8.09228e-06,8.78707e-06,9.46594e-06,9.88193e-06,1.00374e-05,1.03529e-05,1.03875e-05,1.03513e-05,1.01345e-05,9.60708e-06,9.17426e-06,8.48162e-06,7.8227e-06,7.03477e-06,5.94687e-06,5.09577e-06,4.21897e-06
3.65357e-06,4.50714e-06,5.37818e-06,6.43777e-06,7.16849e-06,7.9268e-06,8.57222e-06,9.28388e-06,9.69177e-06,9.78401e-06,1.01774e-05,1.01899e-05,1.01445e-05,9.89508e-06,9.37314e-06,8.99536e-06,8.27815e-06,7.63196e-06,6.84585e-06,5.82045e-06,4.97145e-06,4.11741e-06
3.57576e-06,4.39917e-06,5.21322e-06,6.26592e-06,6.97319e-06,7.76776e-06,8.41963e-06,9.07788e-06,9.48521e-06,9.6327e-06,9.94948e-06,9.96682e-06,9.93022e-06,9.74004e-06,9.18043e-06,8.8508e-06,8.09882e-06,7.48813e-06,6.7412e-06,5.68298e-06,4.86639e-06,4.01216e-06
3.4818e-06,4.32356e-06,5.09974e-06,6.13742e-06,6.82969e-06,7.60317e-06,8.24233e-06,8.87899e-06,9.26361e-06,9.4364e-06,9.75695e-06,9.7459e-06,9.7402e-06,9.57856e-06,9.00427e-06,8.63301e-06,7.89564e-06,7.33848e-06,6.59215e-06,5.56162e-06,4.73978e-06,3.9235e-06
3.39238e-06,4.20574e-06,4.98037e-06,6.01397e-06,6.70546e-06,7.43643e-06,8.09305e-06,8.68632e-06,9.1387e-06,9.23402e-06,9.57488e-06,9.59366e-06,9.49421e-06,9.32035e-06,8.80903e-06,8.46454e-06,7.712e-06,7.19174e-06,6.45889e-06,5.44313e-06,4.64324e-06,3.82654e-06
3.31903e-06,4.09706e-06,4.86453e-06,5.86903e-06,6.58347e-06,7.29783e-06,7.88441e-06,8.45676e-06,8.90239e-06,9.07232e-06,9.44299e-06,9.47314e-06,9.29584e-06,9.1604e-06,8.64176e-06,8.3157e-06,7.58509e-06,7.07317e-06,6.33695e-06,5.32e-06,4.54235e-06,3.73596e-06
3.2531e-06,4.03102e-06,4.76704e-06,5.7814e-06,6.46314e-06,7.1204e-06,7.71783e-06,8.27805e-06,8.77285e-06,8.92493e-06,9.1829e-06,9.19046e-06,9.16213e-06,8.92158e-06,8.43126e-06,8.14113e-06,7.39854e-06,6.95201e-06,6.18381e-06,5.22982e-06,4.4517e-06,3.65939e-06
3.17049e-06,3.93061e-06,4.67692e-06,5.63317e-06,6.28199e-06,6.97641e-06,7.5405e-06,8.13226e-06,8.57876e-06,8.73354e-06,9.03862e-06,8.99495e-06,8.93435e-06,8.79005e-06,8.27386e-06,7.95904e-06,7.24827e-06,6.78438e-06,6.05905e-06,5.11105e-06,4.34973e-06,3.57519e-06
3.09503e-06,3.83728e-06,4.55435e-06,5.54208e-06,6.14142e-06,6.83579e-06,7.42602e-06,7.96909e-06,8.41941e-06,8.5418e-06,8.84316e-06,8.80287e-06,8.77892e-06,8.61932e-06,8.1058e-06,7.79442e-06,7.07805e-06,6.62793e-06,5.92853e-06,4.99993e-06,4.253e-06,3.48693e-06
3.03184e-06,3.75154e-06,4.46817e-06,5.40921e-06,6.03054e-06,6.67704e-06,7.21863e-06,7.78386e-06,8.18784e-06,8.42909e-06,8.69131e-06,8.646e-06,8.61459e-06,8.44672e-06,7.97666e-06,7.66459e-06,6.97224e-06,6.48331e-06,5.80549e-06,4.90063e-06,4.16921e-06,3.42835e-06
2.95233e-06,3.67819e-06,4.38409e-06,5.2625e-06,5.88478e-06,6.58236e-06,7.11918e-06,7.64229e-06,8.0718e-06,8.20173e-06,8.47982e-06,8.47568e-06,8.40921e-06,8.29671e-06,7.83109e-06,7.47566e-06,6.80503e-06,6.33016e-06,5.69917e-06,4.79137e-06,4.07054e-06,3.32247e-06
2.87101e-06,3.59149e-06,4.28718e-06,5.18237e-06,5.77896e-06,6.43215e-06,6.96553e-06,7.51551e-06,7.88635e-06,8.07205e-06,8.33248e-06,8.31263e-06,8.24605e-06,8.12427e-06,7.68892e-06,7.30851e-06,6.69619e-06,6.21583e-06,5.57637e-06,4.69196e-06,3.98611e-06,3.25147e-06
2.81109e-06,3.50419e-06,4.17569e-06,5.07547e-06,5.65958e-06,6.30494e-06,6.81779e-06,7.31108e-06,7.73008e-06,7.91934e-06,8.19531e-06,8.18896e-06,8.07217e-06,7.95499e-06,7.49238e-06,7.17596e-06,6.52357e-06,6.08551e-06,5.4688e-06,4.59739e-06,3.89519e-06,3.18336e-06
2.73877e-06,3.43686e-06,4.11846e-06,4.97307e-06,5.53838e-06,6.17691e-06,6.65967e-06,7.17949e-06,7.59611e-06,7.72136e-06,8.02903e-06,7.99643e-06,7.9074e-06,7.80728e-06,7.37974e-06,7.00119e-06,6.38835e-06,5.95993e-06,5.35369e-06,4.50059e-06,3.80754e-06,3.11431e-06
2.67908e-06,3.36034e-06,4.01606e-06,4.85112e-06,5.41795e-06,6.05301e-06,6.54848e-06,7.04147e-06,7.42552e-06,7.61034e-06,7.87091e-06,7.84228e-06,7.78057e-06,7.65554e-06,7.23831e-06,6.8851e-06,6.27553e-06,5.84539e-06,5.23931e-06,4.40525e-06,3.72704e-06,3.03192e-06
2.62587e-06,3.29944e-06,3.95224e-06,4.73758e-06,5.32955e-06,5.92919e-06,6.41072e-06,6.90561e-06,7.2745e-06,7.49015e-06,7.75686e-06,7.73507e-06,7.65e-06,7.5197e-06,7.07316e-06,6.76515e-06,6.18016e-06,5.75791e-06,5.12687e-06,4.32659e-06,3.65264e-06,2.95942e-06
2.563e-06,3.21762e-06,3.85006e-06,4.65172e-06,5.19986e-06,5.80264e-06,6.296e-06,6.76695e-06,7.13395e-06,7.32921e-06,7.56158e-06,7.52728e-06,7.45926e-06,7.36223e-06,6.98714e-06,6.57935e-06,6.04052e-06,5.61199e-06,5.04149e-06,4.22748e-06,3.5692e-06,2.90197e-06
2.50158e-06,3.14168e-06,3.77107e-06,4.55531e-06,5.10387e-06,5.6936e-06,6.15398e-06,6.62416e-06,6.99873e-06,7.17878e-06,7.41191e-06,7.38511e-06,7.32579e-06,7.21237e-06,6.85281e-06,6.45369e-06,5.91537e-06,5.49943e-06,4.93648e-06,4.14091e-06,3.4922e-06,2.83347e-06
2.44426e-06,3.08154e-06,3.6941e-06,4.43961e-06,4.98829e-06,5.57043e-06,6.00853e-06,6.49306e-06,6.85399e-06,7.02465e-06,7.29598e-06,7.22917e-06,7.149e-06,7.10507e-06,6.68934e-06,6.32009e-06,5.78452e-06,5.38553e-06,4.8306e-06,4.05703e-06,3.42677e-06,2.7722e-06
2.38385e-06,3.00748e-06,3.61454e-06,4.35861e-06,4.89041e-06,5.47567e-06,5.91745e-06,6.35759e-06,6.70536e-06,6.91044e-06,7.13262e-06,7.11767e-06,7.04198e-06,6.94499e-06,6.56753e-06,6.21024e-06,5.66764e-06,5.28043e-06,4.76631e-06,3.96117e-06,3.33886e-06,2.70229e-06
2.32411e-06,2.94542e-06,3.54267e-06,4.29451e-06,4.79641e-06,5.37074e-06,5.7978e-06,6.26557e-06,6.57424e-06,6.78977e-06,7.00393e-06,7.01057e-06,6.90596e-06,6.78306e-06,6.44062e-06,6.09909e-06,5.55808e-06,5.17083e-06,4.63956e-06,3.88462e-06,3.27109e-06,2.64166e-06
2.28105e-06,2.87113e-06,3.45062e-06,4.1935e-06,4.68261e-06,5.25011e-06,5.6759e-06,6.09828e-06,6.46007e-06,6.63659e-06,6.84e-06,6.82706e-06,6.76426e-06,6.665e-06,6.3199e-06,5.97544e-06,5.44175e-06,5.05992e-06,4.55999e-06,3.80349e-06,3.1998e-06,2.58074e-06
2.22684e-06,2.81632e-06,3.39625e-06,4.0928e-06,4.5872e-06,5.14474e-06,5.56607e-06,6.00278e-06,6.30317e-06,6.53187e-06,6.743e-06,6.70048e-06,6.64662e-06,6.53983e-06,6.21076e-06,5.84676e-06,5.34068e-06,4.96736e-06,4.45019e-06,3.73156e-06,3.1334e-06,2.53155e-06
2.17401e-06,2.75836e-06,3.32539e-06,4.00915e-06,4.50731e-06,5.03693e-06,5.45478e-06,5.86681e-06,6.20056e-06,6.38709e-06,6.60489e-06,6.57204e-06,6.49229e-06,6.4154e-06,6.07263e-06,5.7137e-06,5.23095e-06,4.86094e-06,4.35732e-06,3.65309e-06,3.06528e-06,2.47381e-06
2.12607e-06,2.69946e-06,3.26065e-06,3.91091e-06,4.41573e-06,4.93942e-06,5.35265e-06,5.76585e-06,6.06432e-06,6.31393e-06,6.48999e-06,6.44564e-06,6.39859e-06,6.30185e-06,5.95169e-06,5.63877e-06,5.14314e-06,4.77843e-06,4.26964e-06,3.58575e-06,2.99878e-06,2.41231e-06
2.08054e-06,2.64235e-06,3.19965e-06,3.83721e-06,4.32838e-06,4.84053e-06,5.22502e-06,5.65743e-06,5.96243e-06,6.16346e-06,6.36237e-06,6.33663e-06,6.2602e-06,6.16193e-06,5.8228e-06,5.51638e-06,5.04712e-06,4.65571e-06,4.18155e-06,3.51481e-06,2.93644e-06,2.36695e-06
2.03168e-06,2.58291e-06,3.11569e-06,3.74735e-06,4.239e-06,4.74154e-06,5.13446e-06,5.53905e-06,5.82959e-06,6.03864e-06,6.22661e-06,6.20143e-06,6.13314e-06,6.06197e-06,5.74212e-06,5.39335e-06,4.94067e-06,4.56592e-06,4.10844e-06,3.43613e-06,2.88063e-06,2.30725e-06
1.98185e-06,2.53242e-06,3.05712e-06,3.67983e-06,4.15895e-06,4.64221e-06,5.03515e-06,5.44722e-06,5.73643e-06,5.92909e-06,6.11914e-06,6.09322e-06,6.01042e-06,5.92747e-06,5.61168e-06,5.28358e-06,4.86154e-06,4.47577e-06,4.01432e-06,3.3836e-06,2.81991e-06,2.26195e-06
1.93565e-06,2.46965e-06,2.98952e-06,3.60382e-06,4.07208e-06,4.56257e-06,4.94983e-06,5.30504e-06,5.61547e-06,5.82156e-06,6.00632e-06,5.97498e-06,5.89057e-06,5.81497e-06,5.50609e-06,5.1701e-06,4.71851e-06,4.39118e-06,3.93384e-06,3.29915e-06,2.75388e-06,2.21426e-06
1.89536e-06,2.41842e-06,2.931e-06,3.53087e-06,3.9889e-06,4.46582e-06,4.84096e-06,5.21105e-06,5.50257e-06,5.71553e-06,5.8628e-06,5.85018e-06,5.79133e-06,5.70143e-06,5.41246e-06,5.08781e-06,4.66128e-06,4.30947e-06,3.86121e-06,3.23361e-06,2.699e-06,2.16146e-06
1.84721e-06,2.36938e-06,2.87456e-06,3.45275e-06,3.90097e-06,4.37203e-06,4.7374e-06,5.12061e-06,5.39349e-06,5.59571e-06,5.76281e-06,5.74551e-06,5.70539e-06,5.57837e-06,5.29095e-06,4.98567e-06,4.57621e-06,4.21399e-06,3.76968e-06,3.17316e-06,2.63596e-06,2.1148e-06
1.81456e-06,2.313e-06,2.81138e-06,3.38231e-06,3.82699e-06,4.2898e-06,4.64387e-06,5.02529e-06,5.28969e-06,5.51022e-06,5.65089e-06,5.62769e-06,5.5738e-06,5.47889e-06,5.2177e-06,4.86863e-06,4.48243e-06,4.13299e-06,3.72489e-06,3.10353e-06,2.59015e-06,2.07293e-06
1.77281e-06,2.26391e-06,2.75274e-06,3.308e-06,3.7462e-06,4.2056e-06,4.55872e-06,4.91891e-06,5.17325e-06,5.42247e-06,5.53904e-06,5.52042e-06,5.46065e-06,5.36548e-06,5.12587e-06,4.78365e-06,4.39153e-06,4.04467e-06,3.63683e-06,3.03998e-06,2.53085e-06,2.02762e-06
1.72421e-06,2.21938e-06,2.69934e-06,3.24666e-06,3.68037e-06,4.12212e-06,4.48194e-06,4.82028e-06,5.09259e-06,5.28155e-06,5.42929e-06,5.42505e-06,5.36042e-06,5.26571e-06,5.00366e-06,4.67651e-06,4.30502e-06,3.96531e-06,3.55075e-06,2.97662e-06,2.47406e-06,1.97955e-06
1.69099e-06,2.17041e-06,2.63036e-06,3.16611e-06,3.60162e-06,4.04657e-06,4.39466e-06,4.7442e-06,4.98281e-06,5.20278e-06,5.33267e-06,5.31883e-06,5.2643e-06,5.16647e-06,4.91928e-06,4.59225e-06,4.21782e-06,3.88766e-06,3.49664e-06,2.91432e-06,2.42424e-06,1.93171e-06
1.65429e-06,2.12109e-06,2.58509e-06,3.09981e-06,3.53034e-06,3.953e-06,4.29856e-06,4.64191e-06,4.8738e-06,5.10215e-06,5.22043e-06,5.21738e-06,5.15624e-06,5.0628e-06,4.81104e-06,4.49481e-06,4.1435e-06,3.81398e-06,3.42045e-06,2.85371e-06,2.37279e-06,1.89029e-06
1.6168e-06,2.07317e-06,2.52553e-06,3.043e-06,3.45994e-06,3.88732e-06,4.22616e-06,4.55867e-06,4.78242e-06,5.01949e-06,5.12684e-06,5.12506e-06,5.06491e-06,4.96121e-06,4.70429e-06,4.43726e-06,4.05579e-06,3.73685e-06,3.34302e-06,2.79687e-06,2.32731e-06,1.85068e-06
1.58096e-06,2.03243e-06,2.47984e-06,2.97834e-06,3.38744e-06,3.79589e-06,4.13367e-06,4.47909e-06,4.70269e-06,4.90705e-06,5.02789e-06,5.01156e-06,4.96772e-06,4.85318e-06,4.61531e-06,4.33401e-06,3.98715e-06,3.6757e-06,3.28256e-06,2.73929e-06,2.27766e-06,1.81182e-06
1.54926e-06,1.99199e-06,2.42538e-06,2.91595e-06,3.32151e-06,3.7216e-06,4.05438e-06,4.39345e-06,4.6091e-06,4.82921e-06,4.93725e-06,4.93364e-06,4.86813e-06,4.76493e-06,4.5197e-06,4.25686e-06,3.91252e-06,3.60537e-06,3.22444e-06,2.69085e-06,2.23179e-06,1.7735e-06
1.51253e-06,1.94328e-06,2.3759e-06,2.84895e-06,3.25516e-06,3.65101e-06,3.96806e-06,4.29291e-06,4.51004e-06,4.7413e-06,4.8298e-06,4.82756e-06,4.78613e-06,4.67086e-06,4.44542e-06,4.17342e-06,3.83278e-06,3.51569e-06,3.15316e-06,2.63155e-06,2.18084e-06,1.73092e-06
1.4778e-06,1.90609e-06,2.33209e-06,2.78984e-06,3.19635e-06,3.58487e-06,3.88758e-06,4.19063e-06,4.43041e-06,4.66593e-06,4.73601e-06,4.74356e-06,4.69065e-06,4.59091e-06,4.34785e-06,4.10536e-06,3.75784e-06,3.46058e-06,3.09538e-06,2.57979e-06,2.13927e-06,1.69344e-06
1.44595e-06,1.86279e-06,2.28071e-06,2.73418e-06,3.12547e-06,3.50996e-06,3.81584e-06,4.13452e-06,4.34098e-06,4.5593e-06,4.64105e-06,4.64301e-06,4.59529e-06,4.49507e-06,4.27111e-06,4.01208e-06,3.69067e-06,3.37432e-06,3.03461e-06,2.52675e-06,2.09454e-06,1.65395e-06
1.41674e-06,1.82076e-06,2.23413e-06,2.67654e-06,3.06742e-06,3.43921e-06,3.73863e-06,4.06218e-06,4.25524e-06,4.47719e-06,4.55623e-06,4.56915e-06,4.51564e-06,4.40213e-06,4.19243e-06,3.93779e-06,3.61598e-06,3.31095e-06,2.96899e-06,2.477e-06,2.0518e-06,1.62075e-06
1.38353e-06,1.77941e-06,2.18165e-06,2.62099e-06,3.00261e-06,3.37121e-06,3.66755e-06,4.01525e-06,4.17791e-06,4.39641e-06,4.46857e-06,4.49416e-06,4.43073e-06,4.29909e-06,4.10184e-06,3.85622e-06,3.54048e-06,3.24095e-06,2.91398e-06,2.4201e-06,2.00135e-06,1.58253e-06
1.35374e-06,1.74249e-06,2.13857e-06,2.56606e-06,2.94392e-06,3.3028e-06,3.59386e-06,3.90101e-06,4.09214e-06,4.31458e-06,4.38873e-06,4.39606e-06,4.33884e-06,4.22483e-06,4.02263e-06,3.79273e-06,3.4786e-06,3.18126e-06,2.85081e-06,2.37482e-06,1.96641e-06,1.55177e-06
1.32555e-06,1.70842e-06,2.09031e-06,2.51557e-06,2.88239e-06,3.2264e-06,3.53594e-06,3.83547e-06,4.01106e-06,4.21852e-06,4.29144e-06,4.31434e-06,4.254e-06,4.14831e-06,3.94231e-06,3.70868e-06,3.42585e-06,3.11961e-06,2.79002e-06,2.32275e-06,1.92414e-06,1.51541e-06
1.29376e-06,1.66928e-06,2.05342e-06,2.46094e-06,2.82249e-06,3.17158e-06,3.45234e-06,3.75761e-06,3.93533e-06,4.14903e-06,4.22243e-06,4.2307e-06,4.18747e-06,4.05242e-06,3.87466e-06,3.64253e-06,3.34665e-06,3.05705e-06,2.73895e-06,2.28049e-06,1.88866e-06,1.48237e-06
1.26601e-06,1.63303e-06,2.01032e-06,2.40605e-06,2.77112e-06,3.10967e-06,3.38506e-06,3.6819e-06,3.85938e-06,4.07303e-06,4.14014e-06,4.14885e-06,4.09931e-06,3.98168e-06,3.79973e-06,3.56694e-06,3.2911e-06,2.99438e-06,2.6879e-06,2.23528e-06,1.85001e-06,1.45242e-06
1.24187e-06,1.59741e-06,1.96682e-06,2.36263e-06,2.71968e-06,3.04736e-06,3.30989e-06,3.61688e-06,3.78044e-06,4.00419e-06,4.05065e-06,4.07151e-06,4.02244e-06,3.90079e-06,3.72302e-06,3.50417e-06,3.2295e-06,2.93455e-06,2.6316e-06,2.18772e-06,1.80938e-06,1.42212e-06
1.21049e-06,1.56388e-06,1.92985e-06,2.30906e-06,2.66359e-06,2.98416e-06,3.26371e-06,3.54552e-06,3.71358e-06,3.91428e-06,3.97571e-06,3.99454e-06,3.94569e-06,3.81992e-06,3.64053e-06,3.43441e-06,3.16378e-06,2.8824e-06,2.57156e-06,2.13912e-06,1.77285e-06,1.38909e-06
1.18869e-06,1.53087e-06,1.88466e-06,2.26125e-06,2.60878e-06,2.92413e-06,3.18432e-06,3.47525e-06,3.63376e-06,3.84264e-06,3.90126e-06,3.93229e-06,3.88241e-06,3.74963e-06,3.5842e-06,3.36565e-06,3.10064e-06,2.82664e-06,2.52023e-06,2.09889e-06,1.73435e-06,1.35687e-06
1.16197e-06,1.49506e-06,1.85272e-06,2.21558e-06,2.56129e-06,2.87363e-06,3.12859e-06,3.39476e-06,3.58333e-06,3.77773e-06,3.81678e-06,3.84466e-06,3.79891e-06,3.6818e-06,3.51409e-06,3.31634e-06,3.04798e-06,2.76517e-06,2.47932e-06,2.05991e-06,1.70133e-06,1.33052e-06
1.1362e-06,1.46188e-06,1.8103e-06,2.16856e-06,2.50756e-06,2.81953e-06,3.06584e-06,3.3463e-06,3.50043e-06,3.71175e-06,3.75374e-06,3.76301e-06,3.72924e-06,3.60288e-06,3.438e-06,3.25343e-06,2.98791e-06,2.71097e-06,2.42621e-06,2.01161e-06,1.66669e-06,1.30252e-06
1.1129e-06,1.43261e-06,1.76971e-06,2.12506e-06,2.45784e-06,2.75432e-06,3.0077e-06,3.27958e-06,3.4286e-06,3.64087e-06,3.67174e-06,3.71286e-06,3.65878e-06,3.52561e-06,3.37649e-06,3.17785e-06,2.92898e-06,2.65567e-06,2.37294e-06,1.97396e-06,1.63183e-06,1.27104e-06
1.0869e-06,1.40062e-06,1.73754e-06,2.08082e-06,2.40508e-06,2.70709e-06,2.94429e-06,3.23116e-06,3.3691e-06,3.56402e-06,3.604e-06,3.64598e-06,3.58501e-06,3.46599e-06,3.30118e-06,3.12168e-06,2.88105e-06,2.59861e-06,2.32518e-06,1.93265e-06,1.5993e-06,1.24392e-06
1.06585e-06,1.37068e-06,1.70355e-06,2.03739e-06,2.35665e-06,2.6569e-06,2.8863e-06,3.16814e-06,3.30212e-06,3.50449e-06,3.51883e-06,3.57181e-06,3.51455e-06,3.3846e-06,3.25002e-06,3.054e-06,2.82534e-06,2.53146e-06,2.28264e-06,1.8934e-06,1.56723e-06,1.21567e-06
1.04015e-06,1.34098e-06,1.66916e-06,1.99373e-06,2.32042e-06,2.60007e-06,2.83308e-06,3.11532e-06,3.24519e-06,3.43198e-06,3.46813e-06,3.50105e-06,3.45165e-06,3.31839e-06,3.17928e-06,3.00785e-06,2.76906e-06,2.50279e-06,2.23578e-06,1.85585e-06,1.53386e-06,1.19333e-06
1.01885e-06,1.31253e-06,1.62978e-06,1.95077e-06,2.26635e-06,2.55439e-06,2.77818e-06,3.04695e-06,3.17613e-06,3.36569e-06,3.40128e-06,3.43974e-06,3.38653e-06,3.25402e-06,3.12194e-06,2.93529e-06,2.71428e-06,2.44903e-06,2.19352e-06,1.81967e-06,1.50128e-06,1.16374e-06
9.97415e-07,1.28328e-06,1.59484e-06,1.92418e-06,2.2236e-06,2.50517e-06,2.73298e-06,2.98756e-06,3.11686e-06,3.30264e-06,3.33336e-06,3.38715e-06,3.32611e-06,3.19647e-06,3.06017e-06,2.87714e-06,2.65866e-06,2.38953e-06,2.15266e-06,1.78529e-06,1.47359e-06,1.13591e-06
9.76853e-07,1.25423e-06,1.56305e-06,1.87433e-06,2.18066e-06,2.44878e-06,2.67127e-06,2.93218e-06,3.05228e-06,3.23704e-06,3.276e-06,3.30916e-06,3.26189e-06,3.13085e-06,2.99761e-06,2.83466e-06,2.61534e-06,2.35486e-06,2.11037e-06,1.74564e-06,1.44093e-06,1.11498e-06
9.53037e-07,1.22928e-06,1.52987e-06,1.83539e-06,2.13129e-06,2.40011e-06,2.61336e-06,2.87073e-06,2.99851e-06,3.19044e-06,3.20156e-06,3.24523e-06,3.2056e-06,3.06164e-06,2.94569e-06,2.78006e-06,2.56219e-06,2.3093e-06,2.06285e-06,1.70614e-06,1.40985e-06,1.09386e-06
9.33195e-07,1.20144e-06,1.49787e-06,1.79719e-06,2.0911e-06,2.35288e-06,2.56788e-06,2.81752e-06,2.93639e-06,3.11574e-06,3.13983e-06,3.18361e-06,3.13848e-06,3.00486e-06,2.88051e-06,2.71937e-06,2.5169e-06,2.26102e-06,2.02111e-06,1.67241e-06,1.3826e-06,1.06682e-06
9.12034e-07,1.17373e-06,1.46459e-06,1.75857e-06,2.05231e-06,2.30892e-06,2.51415e-06,2.74521e-06,2.88732e-06,3.05665e-06,3.06859e-06,3.11793e-06,3.08224e-06,2.94252e-06,2.82319e-06,2.6682e-06,2.4655e-06,2.21805e-06,1.97675e-06,1.64077e-06,1.35604e-06,1.04616e-06
8.93793e-07,1.14919e-06,1.4343e-06,1.7267e-06,2.00834e-06,2.26306e-06,2.46569e-06,2.70887e-06,2.82556e-06,2.99123e-06,3.01385e-06,3.06272e-06,3.02165e-06,2.88084e-06,2.76903e-06,2.60986e-06,2.424e-06,2.18111e-06,1.93711e-06,1.60325e-06,1.32792e-06,1.02003e-06
8.73375e-07,1.12496e-06,1.40663e-06,1.68543e-06,1.96933e-06,2.21772e-06,2.41581e-06,2.65606e-06,2.76768e-06,2.9468e-06,2.95806e-06,3.0047e-06,2.95977e-06,2.82939e-06,2.71595e-06,2.57543e-06,2.38172e-06,2.12975e-06,1.89784e-06,1.56961e-06,1.2985e-06,1.00005e-06
8.55678e-07,1.10024e-06,1.37618e-06,1.65263e-06,1.92825e-06,2.17208e-06,2.37213e-06,2.60746e-06,2.71407e-06,2.88195e-06,2.90144e-06,2.94859e-06,2.90551e-06,2.77231e-06,2.66103e-06,2.51394e-06,2.33081e-06,2.08591e-06,1.86374e-06,1.53914e-06,1.27224e-06,9.77352e-07
8.36295e-07,1.07468e-06,1.34086e-06,1.61916e-06,1.89097e-06,2.13641e-06,2.32043e-06,2.56669e-06,2.65805e-06,2.8317e-06,2.84529e-06,2.89691e-06,2.85176e-06,2.71175e-06,2.61031e-06,2.46564e-06,2.28858e-06,2.04187e-06,1.81954e-06,1.50274e-06,1.24461e-06,9.56361e-07
8.22248e-07,1.0528e-06,1.31569e-06,1.58606e-06,1.85661e-06,2.09099e-06,2.28195e-06,2.51585e-06,2.6107e-06,2.77287e-06,2.80026e-06,2.83914e-06,2.79502e-06,2.66469e-06,2.5565e-06,2.41628e-06,2.24424e-06,2.0059e-06,1.79693e-06,1.47965e-06,1.21832e-06,9.34824e-07
8.01846e-07,1.0301e-06,1.29128e-06,1.55041e-06,1.81914e-06,2.04892e-06,2.22957e-06,2.45836e-06,2.5582e-06,2.727e-06,2.74159e-06,2.78235e-06,2.73519e-06,2.60661e-06,2.50856e-06,2.3787e-06,2.19999e-06,1.96222e-06,1.7549e-06,1.44623e-06,1.19404e-06,9.17565e-07
7.82438e-07,1.00787e-06,1.26442e-06,1.51877e-06,1.77376e-06,2.005e-06,2.1954e-06,2.41371e-06,2.50924e-06,2.66434e-06,2.68646e-06,2.72863e-06,2.69286e-06,2.55622e-06,2.46134e-06,2.31712e-06,2.1577e-06,1.93108e-06,1.71766e-06,1.4155e-06,1.17039e-06,8.98844e-07
7.6807e-07,9.8441e-07,1.2379e-06,1.48894e-06,1.73875e-06,1.96532e-06,2.14503e-06,2.36698e-06,2.4627e-06,2.61184e-06,2.62996e-06,2.68013e-06,2.63127e-06,2.50364e-06,2.41375e-06,2.27425e-06,2.11427e-06,1.88469e-06,1.68299e-06,1.38688e-06,1.14501e-06,8.76113e-07
7.5045e-07,9.63963e-07,1.21205e-06,1.45555e-06,1.70464e-06,1.92436e-06,2.10662e-06,2.31646e-06,2.40515e-06,2.56061e-06,2.58431e-06,2.62517e-06,2.58491e-06,2.45458e-06,2.35898e-06,2.23048e-06,2.07652e-06,1.84614e-06,1.64888e-06,1.35779e-06,1.12236e-06,8.56662e-07
7.35138e-07,9.43746e-07,1.18681e-06,1.42768e-06,1.66987e-06,1.88939e-06,2.06168e-06,2.27454e-06,2.36901e-06,2.52034e-06,2.52665e-06,2.56764e-06,2.52961e-06,2.39895e-06,2.31428e-06,2.19421e-06,2.03705e-06,1.80742e-06,1.62466e-06,1.33481e-06,1.09769e-06,8.39825e-07
7.21304e-07,9.19977e-07,1.16223e-06,1.39695e-06,1.63955e-06,1.84883e-06,2.02149e-06,2.2309e-06,2.31209e-06,2.45313e-06,2.47374e-06,2.52539e-06,2.48675e-06,2.35717e-06,2.26751e-06,2.15073e-06,1.99588e-06,1.77652e-06,1.58234e-06,1.30291e-06,1.07588e-06,8.19777e-07
7.04337e-07,9.00923e-07,1.1354e-06,1.36772e-06,1.60378e-06,1.81021e-06,1.97872e-06,2.1857e-06,2.27128e-06,2.41054e-06,2.42636e-06,2.47805e-06,2.435e-06,2.30769e-06,2.22427e-06,2.10013e-06,1.95642e-06,1.73758e-06,1.54965e-06,1.27448e-06,1.05325e-06,8.02465e-07
6.89684e-07,8.82451e-07,1.11114e-06,1.3426e-06,1.57493e-06,1.77895e-06,1.94641e-06,2.14647e-06,2.224e-06,2.36469e-06,2.39882e-06,2.43094e-06,2.38753e-06,2.2704e-06,2.18157e-06,2.05704e-06,1.92002e-06,1.70794e-06,1.52478e-06,1.24957e-06,1.0285e-06,7.87442e-07
6.72719e-07,8.61738e-07,1.08974e-06,1.30708e-06,1.53752e-06,1.73945e-06,1.90082e-06,2.10104e-06,2.18372e-06,2.31055e-06,2.32302e-06,2.37892e-06,2.34274e-06,2.21114e-06,2.13557e-06,2.01595e-06,1.87814e-06,1.66844e-06,1.47999e-06,1.22073e-06,1.01021e-06,7.69229e-07
6.60282e-07,8.43179e-07,1.06634e-06,1.28242e-06,1.51136e-06,1.70662e-06,1.8624e-06,2.05757e-06,2.13787e-06,2.26455e-06,2.27846e-06,2.33067e-06,2.29205e-06,2.17081e-06,2.09168e-06,1.97611e-06,1.84845e-06,1.63501e-06,1.45795e-06,1.19734e-06,9.87335e-07,7.498e-07
6.45101e-07,8.23982e-07,1.04132e-06,1.25519e-06,1.48247e-06,1.67001e-06,1.82802e-06,2.02348e-06,2.09274e-06,2.22083e-06,2.2394e-06,2.2881e-06,2.24716e-06,2.12732e-06,2.04971e-06,1.93687e-06,1.8088e-06,1.60092e-06,1.42606e-06,1.17285e-06,9.68031e-07,7.34831e-07
6.32139e-07,8.06679e-07,1.0184e-06,1.22807e-06,1.44238e-06,1.6347e-06,1.79116e-06,1.97463e-06,2.04825e-06,2.17965e-06,2.19123e-06,2.24321e-06,2.21001e-06,2.08257e-06,2.00859e-06,1.89539e-06,1.76877e-06,1.57e-06,1.39828e-06,1.14624e-06,9.45954e-07,7.178e-07
6.17225e-07,7.88099e-07,9.98681e-07,1.20446e-06,1.41563e-06,1.60137e-06,1.75275e-06,1.93837e-06,2.01282e-06,2.13351e-06,2.14734e-06,2.19623e-06,2.15777e-06,2.04062e-06,1.97115e-06,1.85832e-06,1.73787e-06,1.53491e-06,1.36811e-06,1.12331e-06,9.29235e-07,7.02403e-07
6.03797e-07,7.70831e-07,9.80367e-07,1.18037e-06,1.38704e-06,1.57162e-06,1.72276e-06,1.8969e-06,1.97297e-06,2.07862e-06,2.1001e-06,2.15506e-06,2.11731e-06,2.00141e-06,1.92943e-06,1.81253e-06,1.69983e-06,1.50313e-06,1.33978e-06,1.1014e-06,9.09175e-07,6.85123e-07
5.90828e-07,7.53377e-07,9.57572e-07,1.15426e-06,1.35587e-06,1.53421e-06,1.68365e-06,1.86039e-06,1.93397e-06,2.04795e-06,2.05766e-06,2.1088e-06,2.07553e-06,1.95846e-06,1.89471e-06,1.78396e-06,1.66964e-06,1.47232e-06,1.31238e-06,1.07517e-06,8.90905e-07,6.72861e-07
5.77905e-07,7.3746e-07,9.34791e-07,1.13203e-06,1.32756e-06,1.5045e-06,1.65224e-06,1.82938e-06,1.88729e-06,2.00934e-06,2.03147e-06,2.0675e-06,2.03092e-06,1.92128e-06,1.85709e-06,1.74234e-06,1.63727e-06,1.43927e-06,1.29109e-06,1.05336e-06,8.68952e-07,6.5802e-07
5.65146e-07,7.20006e-07,9.15731e-07,1.10518e-06,1.30126e-06,1.47357e-06,1.61439e-06,1.78619e-06,1.85323e-06,1.96322e-06,1.9779e-06,2.02502e-06,1.98817e-06,1.87783e-06,1.81571e-06,1.71019e-06,1.60324e-06,1.41152e-06,1.25751e-06,1.03072e-06,8.52252e-07,6.42563e-07
5.52583e-07,7.0401e-07,8.96418e-07,1.08348e-06,1.27777e-06,1.44309e-06,1.58294e-06,1.75209e-06,1.81221e-06,1.92304e-06,1.93736e-06,1.98833e-06,1.94603e-06,1.84114e-06,1.77642e-06,1.67743e-06,1.57355e-06,1.38022e-06,1.23098e-06,1.00892e-06,8.34058e-07,6.29172e-07
5.40299e-07,6.87977e-07,8.75507e-07,1.05818e-06,1.2543e-06,1.41072e-06,1.54564e-06,1.71114e-06,1.77451e-06,1.87969e-06,1.89231e-06,1.94454e-06,1.9079e-06,1.80237e-06,1.73875e-06,1.64279e-06,1.54124e-06,1.35388e-06,1.20218e-06,9.88427e-07,8.15623e-07,6.15948e-07
5.2784e-07,6.72218e-07,8.57956e-07,1.03396e-06,1.22189e-06,1.39057e-06,1.52001e-06,1.67591e-06,1.73895e-06,1.8494e-06,1.85446e-06,1.90154e-06,1.87118e-06,1.76529e-06,1.70945e-06,1.60701e-06,1.50713e-06,1.32491e-06,1.17539e-06,9.62551e-07,7.96894e-07,6.01306e-07
5.16378e-07,6.57596e-07,8.3884e-07,1.01036e-06,1.19386e-06,1.35459e-06,1.48546e-06,1.63901e-06,1.70166e-06,1.8041e-06,1.8221e-06,1.86289e-06,1.82961e-06,1.72653e-06,1.67058e-06,1.57038e-06,1.47783e-06,1.2962e-06,1.15323e-06,9.45199e-07,7.80301e-07,5.8711e-07
5.04259e-07,6.45892e-07,8.26107e-07,9.89684e-07,1.16832e-06,1.32561e-06,1.45469e-06,1.6037e-06,1.67127e-06,1.77079e-06,1.76627e-06,1.82715e-06,1.7927e-06,1.6928e-06,1.63211e-06,1.54406e-06,1.44666e-06,1.26433e-06,1.14012e-06,9.34196e-07,7.63743e-07,5.72267e-07
4.95465e-07,6.26021e-07,8.03082e-07,9.7145e-07,1.14584e-06,1.29483e-06,1.42127e-06,1.58035e-06,1.63509e-06,1.72423e-06,1.74055e-06,1.79253e-06,1.75551e-06,1.64856e-06,1.5979e-06,1.5057e-06,1.41513e-06,1.2406e-06,1.09925e-06,9.00925e-07,7.45163e-07,5.64344e-07
4.84589e-07,6.14069e-07,7.86464e-07,9.47523e-07,1.12104e-06,1.26895e-06,1.39807e-06,1.54116e-06,1.5982e-06,1.693e-06,1.71058e-06,1.75177e-06,1.72106e-06,1.62503e-06,1.56953e-06,1.4778e-06,1.38937e-06,1.21568e-06,1.0896e-06,8.84364e-07,7.25532e-07,5.5128e-07
4.73173e-07,5.98729e-07,7.67123e-07,9.26771e-07,1.09593e-06,1.24215e-06,1.36388e-06,1.50917e-06,1.56211e-06,1.65431e-06,1.67385e-06,1.71745e-06,1.68154e-06,1.5843e-06,1.53326e-06,1.44234e-06,1.35775e-06,1.18926e-06,1.0584e-06,8.63323e-07,7.11155e-07,5.36969e-07
4.61923e-07,5.85671e-07,7.51686e-07,9.06236e-07,1.07241e-06,1.21682e-06,1.33926e-06,1.47621e-06,1.52507e-06,1.6175e-06,1.63703e-06,1.67858e-06,1.64677e-06,1.55253e-06,1.49847e-06,1.41275e-06,1.33085e-06,1.1638e-06,1.03623e-06,8.44464e-07,6.94583e-07,5.2464e-07
4.52123e-07,5.7137e-07,7.33532e-07,8.8627e-07,1.04899e-06,1.18917e-06,1.30658e-06,1.44539e-06,1.49578e-06,1.58354e-06,1.60374e-06,1.6457e-06,1.61068e-06,1.51719e-06,1.46878e-06,1.38092e-06,1.30122e-06,1.13815e-06,1.01285e-06,8.25517e-07,6.79639e-07,5.12935e-07
4.41566e-07,5.57598e-07,7.16715e-07,8.678e-07,1.02504e-06,1.15993e-06,1.27764e-06,1.41544e-06,1.46101e-06,1.5524e-06,1.57812e-06,1.61374e-06,1.57619e-06,1.48153e-06,1.4356e-06,1.34931e-06,1.2752e-06,1.10978e-06,9.90498e-07,8.06911e-07,6.66004e-07,5.01825e-07
4.31849e-07,5.4506e-07,7.01167e-07,8.47205e-07,1.00369e-06,1.13793e-06,1.25118e-06,1.38362e-06,1.43163e-06,1.51511e-06,1.53599e-06,1.57622e-06,1.54209e-06,1.45234e-06,1.40641e-06,1.32157e-06,1.24645e-06,1.08874e-06,9.68852e-07,7.89065e-07,6.49243e-07,4.8981e-07
4.21994e-07,5.32283e-07,6.85429e-07,8.28197e-07,9.81625e-07,1.11294e-06,1.22417e-06,1.35346e-06,1.40036e-06,1.48176e-06,1.50297e-06,1.5423e-06,1.50863e-06,1.42072e-06,1.37598e-06,1.29265e-06,1.2197e-06,1.06464e-06,9.47418e-07,7.7133e-07,6.34456e-07,4.78576e-07
4.12322e-07,5.19751e-07,6.69978e-07,8.09523e-07,9.59954e-07,1.08837e-06,1.19761e-06,1.32377e-06,1.3696e-06,1.44896e-06,1.4705e-06,1.50892e-06,1.4757e-06,1.38963e-06,1.34606e-06,1.26423e-06,1.19338e-06,1.04096e-06,9.26356e-07,7.53918e-07,6.19935e-07,4.67556e-07
4.038e-07,5.07753e-07,6.55868e-07,7.904e-07,9.4434e-07,1.06495e-06,1.16792e-06,1.29413e-06,1.34398e-06,1.4173e-06,1.43706e-06,1.47659e-06,1.44128e-06,1.36347e-06,1.32032e-06,1.24129e-06,1.16875e-06,1.01721e-06,9.09837e-07,7.40573e-07,6.03353e-07,4.58088e-07
3.94363e-07,4.94456e-07,6.40393e-07,7.76894e-07,9.16697e-07,1.03526e-06,1.14434e-06,1.26915e-06,1.31463e-06,1.38792e-06,1.40139e-06,1.44704e-06,1.41528e-06,1.32707e-06,1.29058e-06,1.20985e-06,1.14288e-06,9.93091e-07,8.85837e-07,7.18674e-07,5.9359e-07,4.48207e-07
3.84359e-07,4.83583e-07,6.25286e-07,7.55482e-07,8.9719e-07,1.01705e-06,1.12057e-06,1.2375e-06,1.28037e-06,1.35384e-06,1.37634e-06,1.41191e-06,1.38009e-06,1.29944e-06,1.25919e-06,1.18184e-06,1.11689e-06,9.72266e-07,8.65299e-07,7.03545e-07,5.77916e-07,4.35719e-07
3.75161e-07,4.7237e-07,6.10656e-07,7.37113e-07,8.80341e-07,9.95558e-07,1.09602e-06,1.2091e-06,1.2498e-06,1.32324e-06,1.34948e-06,1.38432e-06,1.3472e-06,1.27332e-06,1.23119e-06,1.15688e-06,1.09271e-06,9.49778e-07,8.44807e-07,6.87713e-07,5.64354e-07,4.25638e-07
3.66562e-07,4.60614e-07,5.9682e-07,7.21035e-07,8.57155e-07,9.71457e-07,1.07132e-06,1.18225e-06,1.22334e-06,1.29307e-06,1.31618e-06,1.34979e-06,1.31891e-06,1.24179e-06,1.2036e-06,1.12925e-06,1.06789e-06,9.28385e-07,8.26317e-07,6.71462e-07,5.51152e-07,4.15478e-07
3.57908e-07,4.49456e-07,5.82972e-07,7.04272e-07,8.37656e-07,9.49225e-07,1.0473e-06,1.15528e-06,1.19553e-06,1.26345e-06,1.28686e-06,1.31947e-06,1.28906e-06,1.21367e-06,1.17648e-06,1.10363e-06,1.04398e-06,9.06996e-07,8.07323e-07,6.55853e-07,5.38133e-07,4.05639e-07
3.50105e-07,4.37525e-07,5.68538e-07,6.91158e-07,8.19127e-07,9.24491e-07,1.02077e-06,1.13284e-06,1.17074e-06,1.23618e-06,1.25597e-06,1.29345e-06,1.25925e-06,1.18327e-06,1.14986e-06,1.07841e-06,1.02118e-06,8.84046e-07,7.88579e-07,6.4025e-07,5.26327e-07,3.96984e-07
3.39399e-07,4.28221e-07,5.56397e-07,6.67498e-07,7.97499e-07,9.07094e-07,9.99989e-07,1.10189e-06,1.14203e-06,1.20596e-06,1.22528e-06,1.2592e-06,1.23282e-06,1.15707e-06,1.12499e-06,1.05305e-06,9.95809e-07,8.65936e-07,7.69212e-07,6.2592e-07,5.13324e-07,3.86451e-07
3.33424e-07,4.1728e-07,5.44444e-07,6.56552e-07,7.81471e-07,8.83741e-07,9.79533e-07,1.08013e-06,1.11503e-06,1.17498e-06,1.21076e-06,1.23052e-06,1.20272e-06,1.13179e-06,1.09565e-06,1.03029e-06,9.73096e-07,8.44827e-07,7.54309e-07,6.1064e-07,5.01666e-07,3.77061e-07
3.25996e-07,4.06491e-07,5.29528e-07,6.44936e-07,7.63508e-07,8.64703e-07,9.55877e-07,1.05308e-06,1.08713e-06,1.15041e-06,1.17854e-06,1.20457e-06,1.17452e-06,1.10838e-06,1.07236e-06,1.00459e-06,9.50688e-07,8.24777e-07,7.35122e-07,5.95683e-07,4.87834e-07,3.67901e-07
3.16959e-07,3.96815e-07,5.17373e-07,6.24828e-07,7.45139e-07,8.4352e-07,9.33056e-07,1.02677e-06,1.06335e-06,1.12277e-06,1.14754e-06,1.17499e-06,1.147e-06,1.07992e-06,1.04735e-06,9.8204e-07,9.30086e-07,8.05431e-07,7.17153e-07,5.81948e-07,4.76497e-07,3.59125e-07
3.09213e-07,3.86889e-07,5.04949e-07,6.09783e-07,7.27592e-07,8.23436e-07,9.1133e-07,1.0023e-06,1.03824e-06,1.09606e-06,1.12108e-06,1.14748e-06,1.11998e-06,1.05449e-06,1.02277e-06,9.58978e-07,9.08408e-07,7.86161e-07,7.00041e-07,5.67961e-07,4.64837e-07,3.50336e-07
3.0161e-07,3.77154e-07,4.92752e-07,5.95012e-07,7.10351e-07,8.03697e-07,8.89963e-07,9.78243e-07,1.01355e-06,1.06981e-06,1.09507e-06,1.12042e-06,1.0934e-06,1.02948e-06,9.98604e-07,9.36321e-07,8.87085e-07,7.67222e-07,6.83228e-07,5.54227e-07,4.53392e-07,3.41711e-07
2.94147e-07,3.6761e-07,4.80774e-07,5.80506e-07,6.93405e-07,7.84297e-07,8.68948e-07,9.54573e-07,9.89286e-07,1.04402e-06,1.06951e-06,1.09379e-06,1.06727e-06,1.00489e-06,9.74833e-07,9.14061e-07,8.66113e-07,7.48614e-07,6.6671e-07,5.40743e-07,4.42157e-07,3.33245e-07
2.85146e-07,3.58691e-07,4.6939e-07,5.62137e-07,6.74598e-07,7.66453e-07,8.47818e-07,9.30569e-07,9.66144e-07,1.01892e-06,1.04e-06,1.06654e-06,1.04356e-06,9.78973e-07,9.52888e-07,8.91536e-07,8.44001e-07,7.30956e-07,6.49385e-07,5.27946e-07,4.31658e-07,3.24881e-07
2.79631e-07,3.49077e-07,4.57457e-07,5.52276e-07,6.60404e-07,7.46491e-07,8.27963e-07,9.08405e-07,9.4199e-07,9.9378e-07,1.01969e-06,1.04185e-06,1.01631e-06,9.56952e-07,9.28463e-07,8.70706e-07,8.25208e-07,7.12376e-07,6.34539e-07,5.14509e-07,4.20307e-07,3.16788e-07
2.73682e-07,3.39881e-07,4.45036e-07,5.38324e-07,6.44066e-07,7.2985e-07,8.07536e-07,8.86115e-07,9.21544e-07,9.68852e-07,9.9515e-07,1.01407e-06,9.91715e-07,9.30939e-07,9.04784e-07,8.47703e-07,8.07266e-07,6.95561e-07,6.20961e-07,5.01963e-07,4.09193e-07,3.07604e-07
2.65647e-07,3.31263e-07,4.3498e-07,5.25071e-07,6.28543e-07,7.09999e-07,7.88336e-07,8.63769e-07,8.96313e-07,9.45289e-07,9.71569e-07,9.91615e-07,9.67063e-07,9.10618e-07,8.83633e-07,8.28877e-07,7.85658e-07,6.77405e-07,6.03497e-07,4.89226e-07,3.99263e-07,3.00941e-07
2.58849e-07,3.22617e-07,4.24043e-07,5.1184e-07,6.13031e-07,6.92229e-07,7.6902e-07,8.42018e-07,8.74064e-07,9.21682e-07,9.48133e-07,9.67126e-07,9.43066e-07,8.8804e-07,8.61778e-07,8.08519e-07,7.66383e-07,6.60387e-07,5.8839e-07,4.76933e-07,3.89036e-07,2.93241e-07
2.52179e-07,3.14142e-07,4.13306e-07,4.98855e-07,5.97795e-07,6.74775e-07,7.50028e-07,8.20642e-07,8.52204e-07,8.98494e-07,9.25102e-07,9.43052e-07,9.19479e-07,8.65851e-07,8.40298e-07,7.88524e-07,7.47437e-07,6.43673e-07,5.73554e-07,4.64865e-07,3.79002e-07,2.85688e-07
2.45304e-07,3.05832e-07,4.03235e-07,4.86935e-07,5.82187e-07,6.56719e-07,7.329e-07,8.01513e-07,8.28423e-07,8.7713e-07,9.1019e-07,9.20342e-07,8.96467e-07,8.43462e-07,8.17487e-07,7.6871e-07,7.28771e-07,6.25875e-07,5.60171e-07,4.52619e-07,3.70328e-07,2.78161e-07
2.39213e-07,2.97693e-07,3.92422e-07,4.73603e-07,5.68123e-07,6.40803e-07,7.13004e-07,7.78988e-07,8.09637e-07,8.53361e-07,8.80236e-07,8.96114e-07,8.73518e-07,8.22618e-07,7.98432e-07,7.49608e-07,7.10508e-07,6.11143e-07,5.44683e-07,4.41397e-07,3.59502e-07,2.71006e-07
2.32913e-07,2.89713e-07,3.82264e-07,4.61328e-07,5.53682e-07,6.24271e-07,6.94965e-07,7.58705e-07,7.88913e-07,8.31401e-07,8.58392e-07,8.73248e-07,8.51132e-07,8.01561e-07,7.78036e-07,7.30672e-07,6.92519e-07,5.95319e-07,5.30641e-07,4.29989e-07,3.5003e-07,2.63874e-07
2.26733e-07,2.81891e-07,3.72294e-07,4.49285e-07,5.39498e-07,6.08041e-07,6.77236e-07,7.3878e-07,7.68558e-07,8.09843e-07,8.3693e-07,8.50778e-07,8.2914e-07,7.80875e-07,7.57999e-07,7.12083e-07,6.74843e-07,5.79784e-07,5.16856e-07,4.18794e-07,3.4074e-07,2.56879e-07
2.2067e-07,2.74227e-07,3.62512e-07,4.37471e-07,5.25567e-07,5.92112e-07,6.59814e-07,7.19208e-07,7.48572e-07,7.88682e-07,8.15845e-07,8.28697e-07,8.07537e-07,7.60555e-07,7.38313e-07,6.93836e-07,6.57474e-07,5.64534e-07,5.03324e-07,4.07809e-07,3.31631e-07,2.50018e-07
2.14725e-07,2.66716e-07,3.52911e-07,4.2588e-07,5.11888e-07,5.76475e-07,6.42695e-07,6.9999e-07,7.28947e-07,7.6791e-07,7.95137e-07,8.07004e-07,7.8632e-07,7.40596e-07,7.18974e-07,6.75923e-07,6.40412e-07,5.49569e-07,4.90045e-07,3.97032e-07,3.227e-07,2.4329e-07
2.08895e-07,2.59356e-07,3.43487e-07,4.1451e-07,4.98455e-07,5.61125e-07,6.25873e-07,6.81122e-07,7.09675e-07,7.47519e-07,7.74798e-07,7.85694e-07,7.65479e-07,7.20994e-07,6.99977e-07,6.58337e-07,6.23653e-07,5.3488e-07,4.77014e-07,3.86458e-07,3.13944e-07,2.36693e-07
2.02509e-07,2.52619e-07,3.34076e-07,4.00471e-07,4.84223e-07,5.46373e-07,6.09542e-07,6.57799e-07,6.88251e-07,7.27634e-07,7.57165e-07,7.63117e-07,7.45354e-07,7.02053e-07,6.81297e-07,6.39618e-07,6.08111e-07,5.20289e-07,4.62898e-07,3.76554e-07,3.04922e-07,2.29941e-07
1.97574e-07,2.45082e-07,3.25176e-07,3.92423e-07,4.72319e-07,5.31289e-07,5.93118e-07,6.44418e-07,6.72191e-07,7.07881e-07,7.35196e-07,7.44207e-07,7.24924e-07,6.82852e-07,6.63007e-07,6.24142e-07,5.91025e-07,5.06328e-07,4.51681e-07,3.65908e-07,2.96947e-07,2.23882e-07
1.92081e-07,2.38161e-07,3.16279e-07,3.81699e-07,4.59608e-07,5.16793e-07,5.77179e-07,6.26577e-07,6.53967e-07,6.88623e-07,7.15932e-07,7.24024e-07,7.05201e-07,6.64302e-07,6.45024e-07,6.07523e-07,5.75152e-07,4.92457e-07,4.39375e-07,3.55928e-07,2.88703e-07,2.17666e-07
1.86697e-07,2.31382e-07,3.07551e-07,3.71183e-07,4.47131e-07,5.02572e-07,5.61526e-07,6.09069e-07,6.36081e-07,6.6973e-07,6.97016e-07,7.04207e-07,6.85841e-07,6.46094e-07,6.27371e-07,5.91213e-07,5.59567e-07,4.7885e-07,4.27303e-07,3.46139e-07,2.80623e-07,2.11573e-07
1.8142e-07,2.24743e-07,2.98994e-07,3.60876e-07,4.34885e-07,4.88629e-07,5.46158e-07,5.91892e-07,6.18532e-07,6.51203e-07,6.78441e-07,6.84755e-07,6.66845e-07,6.28227e-07,6.10048e-07,5.75216e-07,5.44267e-07,4.65506e-07,4.15463e-07,3.36539e-07,2.72706e-07,2.05602e-07
1.7625e-07,2.18241e-07,2.90604e-07,3.50773e-07,4.22868e-07,4.74958e-07,5.31074e-07,5.75049e-07,6.0132e-07,6.33035e-07,6.60207e-07,6.65664e-07,6.48209e-07,6.10697e-07,5.93049e-07,5.59524e-07,5.29252e-07,4.52422e-07,4.03854e-07,3.27127e-07,2.64952e-07,1.99751e-07
1.71187e-07,2.11874e-07,2.82377e-07,3.40869e-07,4.11077e-07,4.61553e-07,5.16268e-07,5.58534e-07,5.84436e-07,6.15221e-07,6.42312e-07,6.4693e-07,6.29926e-07,5.935e-07,5.7637e-07,5.4413e-07,5.14519e-07,4.39596e-07,3.92473e-07,3.179e-07,2.57357e-07,1.94019e-07
