-0.00193522,-0.00202563,-0.00219205,-0.00241679,-0.00267066,-0.00292707,-0.00315877,-0.00334634,-0.00348662,-0.00356638,-0.00358666
-0.00214891,-0.00222504,-0.00236901,-0.00255717,-0.00276815,-0.00297898,-0.00316301,-0.00330787,-0.00340793,-0.00345294,-0.00344436
-0.00230178,-0.00236856,-0.00248453,-0.00264242,-0.00281519,-0.00298544,-0.00313019,-0.0032375,-0.00330579,-0.00332161,-0.00328753
-0.0024034,-0.00245683,-0.00255481,-0.00268326,-0.00282285,-0.00295665,-0.00306553,-0.0031422,-0.0031795,-0.00317098,-0.00311812
-0.00250297,-0.00254725,-0.00262797,-0.00273307,-0.00284523,-0.00294922,-0.00302927,-0.00307869,-0.00309169,-0.00306213,-0.00299132
-0.00258613,-0.00262249,-0.00268882,-0.00277437,-0.00286204,-0.00294207,-0.00299762,-0.00302359,-0.0030174,-0.00296883,-0.00288179
-0.00263124,-0.00266096,-0.00271411,-0.00278123,-0.00284921,-0.0029061,-0.00294046,-0.00294685,-0.00292111,-0.00285774,-0.00275822
-0.00267069,-0.00269427,-0.00273652,-0.0027885,-0.00283905,-0.00287655,-0.00289276,-0.00288256,-0.00284081,-0.00276383,-0.002653
-0.0026946,-0.00271305,-0.00274585,-0.00278445,-0.00281968,-0.00284145,-0.00284174,-0.002816,-0.00276106,-0.00267217,-0.00255132
-0.00271509,-0.00272882,-0.00275389,-0.00278095,-0.00280238,-0.00280935,-0.0027963,-0.00275703,-0.0026897,-0.00259032,-0.0024607
-0.00271932,-0.00273034,-0.0027475,-0.00276423,-0.00277354,-0.00276939,-0.00274376,-0.00269311,-0.00261587,-0.00250736,-0.0023696
-0.00272405,-0.00273004,-0.00273972,-0.00274865,-0.00274898,-0.00273291,-0.00269723,-0.0026359,-0.00254836,-0.00243178,-0.00228776
-0.00271055,-0.00271362,-0.00271921,-0.00271949,-0.00271086,-0.00268525,-0.00263976,-0.00257038,-0.00247532,-0.00235111,-0.00220195
-0.0027005,-0.00270135,-0.0027017,-0.00269592,-0.00267829,-0.00264465,-0.00259038,-0.00251329,-0.00241067,-0.00228071,-0.00212606
-0.00267978,-0.00267815,-0.00267415,-0.00266235,-0.00263815,-0.00259704,-0.00253553,-0.00245128,-0.00234186,-0.00220695,-0.00204869
-0.00266872,-0.00266498,-0.00265711,-0.00264,-0.00260844,-0.00256124,-0.00249286,-0.00240102,-0.00228543,-0.00214604,-0.00198285
-0.00265094,-0.00264487,-0.00263362,-0.00261085,-0.00257426,-0.00252069,-0.00244598,-0.00234898,-0.00222864,-0.00208333,-0.00191791
-0.00262413,-0.00261642,-0.00260176,-0.00257567,-0.00253392,-0.00247484,-0.00239485,-0.00229238,-0.00216697,-0.00201908,-0.00185081
-0.00259748,-0.00258791,-0.00257104,-0.00254073,-0.00249442,-0.00243018,-0.0023458,-0.00223826,-0.00210888,-0.00195788,-0.00178812
-0.00257573,-0.00256457,-0.00254498,-0.00251174,-0.00246053,-0.00239197,-0.0023021,-0.00219077,-0.0020574,-0.00190354,-0.00173136
-0.00254648,-0.0025346,-0.00251231,-0.00247528,-0.00242054,-0.00234735,-0.00225405,-0.00213848,-0.00200225,-0.00184543,-0.00167256
-0.00252102,-0.00250798,-0.00248316,-0.0024435,-0.00238476,-0.00230787,-0.0022099,-0.00209199,-0.001952,-0.0017936,-0.00161904
-0.00249433,-0.00248019,-0.00245271,-0.00241044,-0.0023489,-0.00226752,-0.00216702,-0.00204554,-0.00190288,-0.00174184,-0.00156771
-0.00246529,-0.00245025,-0.00242097,-0.0023757,-0.00231115,-0.00222726,-0.00212276,-0.00199863,-0.00185346,-0.00169193,-0.00151641
-0.00243575,-0.00241996,-0.00238882,-0.00234169,-0.00227364,-0.00218663,-0.00207975,-0.00195286,-0.00180603,-0.00164323,-0.00146676
-0.00240003,-0.00238342,-0.00235102,-0.00230076,-0.00223074,-0.00214129,-0.00203162,-0.00190256,-0.00175429,-0.00159091,-0.00141615
-0.00237376,-0.00235653,-0.00232214,-0.00226983,-0.00219723,-0.00210489,-0.00199327,-0.00186186,-0.00171216,-0.00154772,-0.00137344
-0.00234216,-0.00232437,-0.00228877,-0.00223447,-0.00215945,-0.00206539,-0.00195067,-0.00181806,-0.00166736,-0.00150305,-0.00132913
-0.0023107,-0.00229224,-0.00225499,-0.0021992,-0.00212204,-0.00202576,-0.00190981,-0.00177507,-0.00162354,-0.00145902,-0.00128624
-0.00228307,-0.0022638,-0.00222587,-0.00216768,-0.00208905,-0.00199094,-0.00187287,-0.00173657,-0.00158436,-0.00141998,-0.00124785
-0.00224966,-0.00222965,-0.00219042,-0.0021313,-0.00205076,-0.00195034,-0.00183145,-0.00169432,-0.00154141,-0.00137739,-0.00120665
-0.00221492,-0.00219472,-0.00215461,-0.00209357,-0.00201212,-0.00191034,-0.00178976,-0.00165226,-0.00149929,-0.00133612,-0.0011669
-0.00218307,-0.00216233,-0.00212112,-0.00205899,-0.00197589,-0.00187288,-0.0017512,-0.00161296,-0.00146002,-0.00129758,-0.00112981
-0.00215106,-0.00212979,-0.00208798,-0.00202451,-0.00194021,-0.00183606,-0.00171348,-0.00157496,-0.00142192,-0.00126056,-0.00109525
-0.00212033,-0.00209889,-0.0020558,-0.00199172,-0.00190609,-0.00180084,-0.00167748,-0.00153845,-0.00138623,-0.00122552,-0.0010608
-0.00208773,-0.00206577,-0.00202236,-0.00195685,-0.00187039,-0.00176451,-0.0016407,-0.00150137,-0.00134937,-0.00118992,-0.00102714
-0.00205471,-0.00203271,-0.00198818,-0.00192216,-0.00183518,-0.00172811,-0.00160383,-0.0014648,-0.00131329,-0.00115534,-0.000995386
-0.00202187,-0.00199942,-0.00195455,-0.00188782,-0.00180012,-0.00169261,-0.00156795,-0.00142917,-0.00127851,-0.00112194,-0.000964274
-0.00199027,-0.0019674,-0.00192212,-0.00185476,-0.00176633,-0.00165826,-0.00153381,-0.00139494,-0.00124563,-0.00109035,-0.000934456
-0.0019584,-0.00193585,-0.00188998,-0.00182185,-0.00173346,-0.00162518,-0.00150013,-0.00136205,-0.00121386,-0.00105996,-0.000907119
-0.00192334,-0.00190064,-0.00185418,-0.0017861,-0.00169696,-0.00158863,-0.001464,-0.00132674,-0.00117947,-0.00102757,-0.000876429
-0.00189106,-0.00186785,-0.00182133,-0.00175265,-0.0016634,-0.00155506,-0.00143086,-0.00129413,-0.00114789,-0.000998094,-0.000849199
-0.00185911,-0.00183589,-0.0017891,-0.00172018,-0.00163081,-0.00152219,-0.0013982,-0.0012624,-0.00111751,-0.000969509,-0.000823076
-0.00182586,-0.00180249,-0.00175548,-0.00168653,-0.00159697,-0.00148891,-0.00136545,-0.00123054,-0.00108701,-0.000941117,-0.000797032
-0.00179605,-0.00177243,-0.00172541,-0.00165622,-0.00156642,-0.00145881,-0.00133561,-0.00120186,-0.00105914,-0.000915277,-0.000773747
-0.00176129,-0.00173802,-0.00169069,-0.00162148,-0.00153218,-0.00142464,-0.00130255,-0.00116978,-0.00102946,-0.000887331,-0.000746608
-0.00173085,-0.00170715,-0.00166004,-0.00159065,-0.00150149,-0.00139442,-0.00127289,-0.00114122,-0.0010019,-0.000862337,-0.000723883
-0.00169782,-0.0016742,-0.00162689,-0.00155795,-0.00146916,-0.00136258,-0.00124205,-0.00111178,-0.000974633,-0.000836654,-0.00070089
-0.00166628,-0.00164302,-0.00159571,-0.00152667,-0.00143833,-0.0013322,-0.00121254,-0.0010836,-0.000948284,-0.000812488,-0.000678839
-0.00163653,-0.00161299,-0.00156581,-0.00149695,-0.001409,-0.00130362,-0.00118492,-0.00105703,-0.000922871,-0.000789696,-0.000658348
-0.00160461,-0.00158154,-0.00153449,-0.00146573,-0.0013782,-0.00127343,-0.00115565,-0.00102956,-0.000897782,-0.000766295,-0.000637386
-0.00157491,-0.00155156,-0.0015046,-0.00143623,-0.00134923,-0.00124522,-0.00112881,-0.00100384,-0.000874004,-0.000744389,-0.000617885
-0.00154551,-0.00152222,-0.00147559,-0.00140754,-0.00132114,-0.0012176,-0.00110218,-0.000978689,-0.000850896,-0.000723357,-0.000599382
-0.00151405,-0.00149095,-0.00144446,-0.00137691,-0.00129107,-0.00118881,-0.00107457,-0.000952774,-0.000826531,-0.000701472,-0.000579887
-0.00148382,-0.00146092,-0.00141449,-0.00134734,-0.00126218,-0.00116095,-0.00104791,-0.000927694,-0.000803524,-0.000680655,-0.000561568
-0.00145662,-0.00143398,-0.00138776,-0.00132093,-0.00123636,-0.00113594,-0.00102397,-0.000905263,-0.000782742,-0.00066201,-0.000545115
-0.00142725,-0.00140465,-0.00135867,-0.00129245,-0.00120855,-0.0011094,-0.000998694,-0.000881597,-0.000761042,-0.000642522,-0.000527958
-0.0013981,-0.00137567,-0.00133015,-0.00126441,-0.00118135,-0.00108307,-0.000973826,-0.000858352,-0.000739851,-0.000623479,-0.000511341
-0.00136971,-0.00134732,-0.00130219,-0.00123697,-0.00115467,-0.0010575,-0.000949609,-0.000835851,-0.000719338,-0.000605141,-0.000495368
-0.00134342,-0.00132121,-0.00127635,-0.00121171,-0.00113013,-0.00103395,-0.000927352,-0.000815194,-0.000700504,-0.000588307,-0.000480742
-0.00131772,-0.00129552,-0.00125102,-0.00118702,-0.00110609,-0.0010111,-0.000905797,-0.000795072,-0.000682213,-0.000572026,-0.000466625
-0.00128947,-0.00126756,-0.00122355,-0.00115997,-0.00108015,-0.000986208,-0.000882374,-0.000773514,-0.000662634,-0.000554688,-0.000451566
-0.00126259,-0.00124088,-0.00119724,-0.00113435,-0.00105532,-0.000962597,-0.000860224,-0.000753031,-0.000644181,-0.000538366,-0.000437476
-0.00123732,-0.00121591,-0.00117264,-0.00111032,-0.00103215,-0.000940514,-0.000839502,-0.000733957,-0.000626873,-0.000523137,-0.000424389
-0.00121206,-0.00119071,-0.00114792,-0.00108627,-0.00100896,-0.000918493,-0.000818922,-0.000714974,-0.000609882,-0.000508102,-0.000411399
-0.00118794,-0.00116679,-0.00112444,-0.00106343,-0.00098688,-0.000897673,-0.000799415,-0.000697131,-0.000593793,-0.000493995,-0.000399254
-0.00116349,-0.0011425,-0.00110062,-0.00104028,-0.00096472,-0.000876589,-0.000779804,-0.000679194,-0.000577732,-0.000479763,-0.000387311
-0.00113909,-0.00111827,-0.00107684,-0.00101726,-0.000942517,-0.000855585,-0.000760297,-0.000661286,-0.000561741,-0.000465846,-0.000375337
-0.00111659,-0.00109609,-0.00105506,-0.000996217,-0.000922274,-0.000836514,-0.000742576,-0.000645034,-0.000547217,-0.00045321,-0.000364507
-0.00109265,-0.00107229,-0.00103173,-0.00097352,-0.000900621,-0.000816123,-0.000723653,-0.000627833,-0.00053189,-0.000439774,-0.000353204
-0.00106993,-0.0010498,-0.00100976,-0.000952175,-0.000880193,-0.000796996,-0.000705929,-0.000611686,-0.000517541,-0.0004273,-0.000342615
-0.00104847,-0.0010284,-0.000988852,-0.000932015,-0.000861112,-0.00077884,-0.000689236,-0.000596596,-0.000504044,-0.000415532,-0.000332713
-0.00102609,-0.00100635,-0.000967199,-0.000911124,-0.000841041,-0.00076008,-0.000671818,-0.000580807,-0.000490082,-0.000403511,-0.000322472
-0.00100424,-0.000984684,-0.000946158,-0.000890758,-0.000821639,-0.00074187,-0.000655111,-0.000565647,-0.000476681,-0.000391837,-0.000312736
-0.000983187,-0.000963821,-0.000925762,-0.000871106,-0.000802911,-0.000724342,-0.00063898,-0.000551092,-0.000463804,-0.000380757,-0.000303393
-0.000963384,-0.000944231,-0.000906579,-0.000852631,-0.000785344,-0.000707846,-0.000623763,-0.000537433,-0.000451794,-0.000370408,-0.000294756
-0.000942435,-0.000923494,-0.000886431,-0.00083322,-0.000766916,-0.000690682,-0.0006081,-0.000523248,-0.000439293,-0.000359597,-0.000285739
-0.000922606,-0.000903893,-0.000867299,-0.000814827,-0.000749435,-0.000674392,-0.000593137,-0.000509816,-0.000427484,-0.000349467,-0.000277296
-0.000903506,-0.000885038,-0.000848887,-0.000797124,-0.000732645,-0.000658743,-0.000578842,-0.000496957,-0.000416202,-0.000339786,-0.00026923
-0.000884268,-0.000866008,-0.000830384,-0.00077934,-0.000715813,-0.000643087,-0.000564541,-0.00048415,-0.000404988,-0.000330192,-0.000261258
-0.000866015,-0.000848021,-0.000812851,-0.000762483,-0.000699906,-0.0006283,-0.000551094,-0.00047205,-0.000394392,-0.000321154,-0.000253779
-0.00084771,-0.000829948,-0.000795274,-0.000745668,-0.000683965,-0.000613482,-0.000537554,-0.000460009,-0.000383874,-0.000312174,-0.000246329
-0.000830067,-0.000812476,-0.000778313,-0.00072939,-0.000668573,-0.000599183,-0.000524532,-0.000448417,-0.000373741,-0.000303513,-0.000239174
-0.000812954,-0.000795628,-0.00076186,-0.000713665,-0.000653742,-0.000585443,-0.000512044,-0.000437265,-0.000364091,-0.000295312,-0.000231908
-0.00079577,-0.00077864,-0.000745431,-0.000697861,-0.000638902,-0.00057168,-0.00049963,-0.000426161,-0.000354418,-0.000287104,-0.000225596
-0.000779282,-0.000762416,-0.000729602,-0.000682748,-0.000624627,-0.000558506,-0.000487598,-0.000415553,-0.00034529,-0.000279289,-0.00021914
-0.000762497,-0.000745789,-0.000713522,-0.000667343,-0.000610202,-0.000545162,-0.000475578,-0.000404797,-0.000335896,-0.000271411,-0.000212665
-0.000746258,-0.000729822,-0.000697961,-0.000652509,-0.000596242,-0.000532303,-0.000463907,-0.000394488,-0.000326972,-0.000263889,-0.000206486
-0.000730897,-0.000714702,-0.000683355,-0.000638547,-0.000583152,-0.000520249,-0.000453005,-0.000384833,-0.00031857,-0.000256803,-0.000200692
-0.000715703,-0.000699738,-0.00066875,-0.000624676,-0.000570104,-0.000508211,-0.000442125,-0.000375223,-0.000310215,-0.000249842,-0.000194382
-0.000700533,-0.000684788,-0.000654271,-0.000610816,-0.000557127,-0.000496262,-0.000431373,-0.00036573,-0.000302104,-0.000242948,-0.000189419
-0.000685737,-0.000670205,-0.000640148,-0.000597384,-0.000544522,-0.000484699,-0.000420958,-0.000356543,-0.000294231,-0.000236335,-0.000183983
-0.000671441,-0.00065618,-0.000626555,-0.000584414,-0.000532433,-0.000473608,-0.000411013,-0.00034778,-0.000286729,-0.000229988,-0.000178782
-0.000657327,-0.000642269,-0.000613093,-0.000571622,-0.000520438,-0.0004626,-0.000401097,-0.000339069,-0.000279169,-0.000223736,-0.000173666
-0.000643643,-0.000628785,-0.00060008,-0.000559202,-0.000508844,-0.000451952,-0.000391546,-0.000330685,-0.000271987,-0.000217713,-0.000168745
-0.000630308,-0.000615656,-0.000587381,-0.000547144,-0.000497602,-0.000441692,-0.000382308,-0.000322587,-0.000265041,-0.000211896,-0.000163338
-0.000617182,-0.000602754,-0.000574893,-0.000535284,-0.000486515,-0.000431538,-0.000373241,-0.000314609,-0.00025811,-0.000206227,-0.000159382
-0.000604083,-0.000589866,-0.000562406,-0.000523446,-0.000475493,-0.000421467,-0.000364238,-0.00030674,-0.000251509,-0.00020064,-0.000154846
-0.000591558,-0.000577574,-0.000550522,-0.000512157,-0.000465004,-0.000411894,-0.000355662,-0.000299249,-0.000245089,-0.000195319,-0.00015053
-0.000579316,-0.000565537,-0.000538932,-0.00050117,-0.000454751,-0.000402547,-0.000347312,-0.000291945,-0.000238897,-0.000190155,-0.000146339
-0.000567117,-0.000553585,-0.000527381,-0.000490176,-0.000444564,-0.000393258,-0.000339046,-0.000284747,-0.000232847,-0.000185072,-0.000142224
-0.000555433,-0.000542076,-0.000516272,-0.000479704,-0.000434813,-0.000384373,-0.000331121,-0.000277845,-0.000226877,-0.000180199,-0.000137595
-0.000544026,-0.000530881,-0.000505514,-0.000469471,-0.000425311,-0.000375703,-0.000323438,-0.000271132,-0.000221174,-0.000175469,-0.000134501
-0.000532753,-0.000519786,-0.000494768,-0.000459339,-0.000415906,-0.000367184,-0.000315826,-0.000264527,-0.000215578,-0.00017089,-0.000130782
-0.000521544,-0.000508807,-0.000484189,-0.00044934,-0.000406646,-0.000358764,-0.000308342,-0.000258039,-0.000210066,-0.000166335,-0.000127138
-0.000510942,-0.000498419,-0.000474162,-0.00043987,-0.000397861,-0.000350763,-0.000301274,-0.000251897,-0.000204884,-0.000162055,-0.000123686
-0.000500335,-0.000487994,-0.00046413,-0.000430384,-0.000389079,-0.000342836,-0.000294196,-0.000245787,-0.000199691,-0.000157796,-0.000120274
-0.00049026,-0.000478111,-0.000454612,-0.000421387,-0.000380773,-0.000335287,-0.000287522,-0.000240003,-0.000194935,-0.000153767,-0.000116314
-0.000480221,-0.000468257,-0.000445149,-0.000412424,-0.000372472,-0.00032778,-0.00028088,-0.000234244,-0.000189953,-0.000149791,-0.000113867
-0.000470198,-0.000458444,-0.00043568,-0.00040353,-0.000364259,-0.000320353,-0.000274326,-0.000228581,-0.000185187,-0.000145875,-0.000110764
-0.000460521,-0.000448946,-0.000426539,-0.000394901,-0.000356291,-0.000313161,-0.00026796,-0.000223099,-0.000180567,-0.000142112,-0.000107732
-0.00045122,-0.000439835,-0.000417765,-0.000386647,-0.000348672,-0.000306282,-0.000261875,-0.000217834,-0.000176159,-0.000138492,-0.000104875
-0.000442111,-0.000430881,-0.00040917,-0.000378562,-0.000341195,-0.000299518,-0.000255917,-0.00021272,-0.000171858,-0.000134988,-0.00010208
-0.000433089,-0.000422039,-0.000400685,-0.000370602,-0.000333872,-0.000292901,-0.000250097,-0.000207708,-0.000167524,-0.000131533,-9.86274e-05
-0.00042427,-0.000413383,-0.00039237,-0.000362735,-0.000326615,-0.000286379,-0.000244354,-0.000202765,-0.000163499,-0.000128177,-9.66867e-05
-0.000415541,-0.000404843,-0.000384171,-0.000355019,-0.000319523,-0.000279994,-0.000238734,-0.000197953,-0.000159473,-0.000124881,-9.40773e-05
-0.000407203,-0.000396659,-0.000376302,-0.000347637,-0.000312734,-0.000273886,-0.000233354,-0.000193342,-0.000155623,-0.000121759,-9.16205e-05
-0.000399084,-0.000388718,-0.000368675,-0.000340475,-0.000306141,-0.000267941,-0.000228148,-0.000188857,-0.000151892,-0.000118716,-8.92215e-05
-0.000390797,-0.000380595,-0.000360882,-0.000333167,-0.000299429,-0.000261916,-0.000222852,-0.000184347,-0.000148124,-0.000115662,-8.68244e-05
-0.000383073,-0.000373046,-0.000353633,-0.000326365,-0.000293179,-0.00025631,-0.000217931,-0.000180143,-0.00014461,-0.000112807,-8.38822e-05
-0.000375395,-0.000365508,-0.000346419,-0.000319592,-0.000286944,-0.000250715,-0.000213046,-0.000175942,-0.000140996,-0.000109985,-8.23422e-05
-0.000368099,-0.000358394,-0.000339583,-0.000313172,-0.000281077,-0.000245429,-0.000208425,-0.000172008,-0.00013785,-0.000107341,-8.02808e-05
-0.000360475,-0.000350922,-0.000332422,-0.000306458,-0.000274924,-0.000239932,-0.000203589,-0.000167896,-0.000134541,-0.000104584,-7.81205e-05
-0.000353354,-0.000343948,-0.000325723,-0.000300189,-0.00026916,-0.000234791,-0.000199103,-0.000164078,-0.000131242,-0.000102011,-7.61155e-05
-0.000346249,-0.000336959,-0.000319062,-0.000293937,-0.000263456,-0.00022968,-0.000194625,-0.000160266,-0.000128095,-9.94797e-05,-7.41064e-05
-0.000339424,-0.000330311,-0.000312681,-0.000287967,-0.000257968,-0.000224753,-0.000190381,-0.000156623,-0.000125086,-9.70379e-05,-7.22292e-05
-0.000332557,-0.000323579,-0.000306252,-0.000281926,-0.000252457,-0.000219842,-0.000186081,-0.000152976,-0.000122053,-9.46173e-05,-7.03328e-05
-0.000326116,-0.000317284,-0.000300229,-0.000276297,-0.000247296,-0.000215235,-0.000182059,-0.000149554,-0.000119243,-9.23483e-05,-6.85675e-05
-0.000319479,-0.000310801,-0.000294017,-0.000270494,-0.000242004,-0.000210519,-0.000177944,-0.000146081,-0.000116354,-9.00441e-05,-6.67826e-05
-0.000313395,-0.000304857,-0.000288316,-0.000265182,-0.000237138,-0.000206159,-0.000174181,-0.000142862,-0.000113715,-8.7913e-05,-6.51412e-05
-0.000307204,-0.000298781,-0.000282518,-0.000259772,-0.000232213,-0.000201775,-0.000170329,-0.000139632,-0.000111036,-8.57719e-05,-6.34825e-05
-0.000301088,-0.000292797,-0.00027681,-0.000254419,-0.000227328,-0.000197438,-0.000166568,-0.000136444,-0.000108419,-8.36668e-05,-6.18573e-05
-0.000295309,-0.000287141,-0.000271413,-0.00024938,-0.000222722,-0.000193332,-0.000163012,-0.000133441,-0.00010595,-8.16875e-05,-6.03369e-05
-0.000289432,-0.000281409,-0.000265919,-0.000244266,-0.000218054,-0.000189166,-0.000159415,-0.000130387,-0.000103439,-7.96901e-05,-5.87912e-05
-0.000283762,-0.000275855,-0.000260632,-0.00023933,-0.000213563,-0.000185189,-0.000155937,-0.000127478,-0.000101043,-7.77694e-05,-5.73333e-05
-0.000278338,-0.000270575,-0.000255584,-0.000234619,-0.00020928,-0.000181373,-0.00015264,-0.000124674,-9.87534e-05,-7.59451e-05,-5.59189e-05
-0.000272895,-0.00026526,-0.000250502,-0.00022988,-0.000204966,-0.000177542,-0.000149333,-0.000121889,-9.64681e-05,-7.4116e-05,-5.45216e-05
-0.00026767,-0.000260143,-0.000245616,-0.000225332,-0.000200826,-0.000173859,-0.000146154,-0.000119213,-9.42733e-05,-7.23736e-05,-5.31934e-05
-0.000262526,-0.000255118,-0.000240808,-0.000220864,-0.000196752,-0.00017026,-0.000143036,-0.000116587,-9.21234e-05,-7.06695e-05,-5.18854e-05
-0.00025745,-0.000250141,-0.00023608,-0.000216446,-0.000192753,-0.000166714,-0.000139965,-0.000114019,-9.00267e-05,-6.90042e-05,-5.06056e-05
-0.000252497,-0.00024532,-0.00023147,-0.000212163,-0.000188859,-0.000163266,-0.000136993,-0.000111512,-8.79796e-05,-6.73733e-05,-4.93614e-05
-0.00024766,-0.000240593,-0.000226968,-0.00020798,-0.000185034,-0.000159876,-0.000134087,-0.000109069,-8.5986e-05,-6.579e-05,-4.81662e-05
-0.000242863,-0.000235909,-0.000222503,-0.000203823,-0.000181279,-0.000156546,-0.000131211,-0.000106661,-8.40144e-05,-6.42286e-05,-4.69792e-05
-0.000238246,-0.000231399,-0.000218213,-0.00019982,-0.000177657,-0.000153348,-0.000128445,-0.000104346,-8.21318e-05,-6.27403e-05,-4.58484e-05
-0.000233769,-0.000227031,-0.000214059,-0.000195953,-0.000174142,-0.000150261,-0.000125781,-0.000102117,-8.03071e-05,-6.12894e-05,-4.47528e-05
-0.000229405,-0.000222783,-0.000209989,-0.000192183,-0.000170731,-0.000147231,-0.000123183,-9.99383e-05,-7.85355e-05,-5.98978e-05,-4.36989e-05
-0.000225128,-0.000218614,-0.000206015,-0.000188496,-0.000167404,-0.000144282,-0.00012064,-9.78088e-05,-7.68149e-05,-5.854e-05,-4.26676e-05
-0.000220706,-0.000214264,-0.000201906,-0.000184661,-0.000163933,-0.000141223,-0.000118016,-9.56264e-05,-7.50448e-05,-5.71292e-05,-4.1613e-05
-0.000216563,-0.000210228,-0.000198052,-0.000181095,-0.000160698,-0.000138375,-0.000115569,-9.35778e-05,-7.33861e-05,-5.58282e-05,-4.0627e-05
-0.000212437,-0.000206212,-0.000194226,-0.000177545,-0.000157482,-0.000135542,-0.000113142,-9.15508e-05,-7.17422e-05,-5.45249e-05,-3.96531e-05
-0.0002085,-0.000202355,-0.000190561,-0.00017415,-0.000154404,-0.000132832,-0.000110816,-8.96204e-05,-7.01697e-05,-5.32872e-05,-3.87265e-05
-0.000204645,-0.000198602,-0.000186993,-0.000170844,-0.000151417,-0.000130203,-0.000108556,-8.77322e-05,-6.86433e-05,-5.20872e-05,-3.7827e-05
-0.000200843,-0.000194917,-0.000183477,-0.000167588,-0.000148483,-0.000127608,-0.000106342,-8.58926e-05,-6.71539e-05,-5.0918e-05,-3.6955e-05
-0.000197145,-0.000191287,-0.000180029,-0.000164392,-0.000145598,-0.000125073,-0.000104164,-8.40856e-05,-6.56956e-05,-4.97738e-05,-3.60851e-05
-0.000193446,-0.000187686,-0.000176596,-0.000161221,-0.000142719,-0.000122551,-0.000102013,-8.22881e-05,-6.42462e-05,-4.86399e-05,-3.52384e-05
-0.000189835,-0.000184156,-0.000173256,-0.000158112,-0.000139923,-0.000120092,-9.99088e-05,-8.05418e-05,-6.28445e-05,-4.75336e-05,-3.44123e-05
-0.000186442,-0.000180844,-0.000170104,-0.0001552,-0.000137297,-0.000117782,-9.79367e-05,-7.89109e-05,-6.15328e-05,-4.64945e-05,-3.36482e-05
-0.00018298,-0.000177475,-0.000166917,-0.000152225,-0.000134616,-0.000115436,-9.5944e-05,-7.72407e-05,-6.01867e-05,-4.54417e-05,-3.28588e-05
-0.000179544,-0.000174132,-0.000163728,-0.000149287,-0.000131973,-0.000113118,-9.39577e-05,-7.55965e-05,-5.88659e-05,-4.44131e-05,-3.2099e-05
-0.000176317,-0.000170989,-0.000160743,-0.00014653,-0.000129489,-0.000110936,-9.20986e-05,-7.40597e-05,-5.76247e-05,-4.34485e-05,-3.13763e-05
-0.000173157,-0.000167903,-0.000157811,-0.000143817,-0.000127056,-0.000108793,-9.02741e-05,-7.25575e-05,-5.64169e-05,-4.24948e-05,-3.06716e-05
-0.000169957,-0.000164784,-0.000154855,-0.000141083,-0.000124582,-0.000106642,-8.84316e-05,-7.10233e-05,-5.51914e-05,-4.15501e-05,-2.99691e-05
-0.000166824,-0.000161725,-0.000151955,-0.000138407,-0.00012218,-0.000104531,-8.6637e-05,-6.95452e-05,-5.40036e-05,-4.06161e-05,-2.92769e-05
-0.000163857,-0.000158839,-0.000149222,-0.000135867,-0.000119899,-0.000102537,-8.49438e-05,-6.81421e-05,-5.28828e-05,-3.97446e-05,-2.86253e-05
-0.00016087,-0.000155937,-0.000146463,-0.000133327,-0.000117616,-0.000100545,-8.32464e-05,-6.67353e-05,-5.17557e-05,-3.88668e-05,-2.79742e-05
-0.000157931,-0.000153067,-0.000143741,-0.000130817,-0.000115358,-9.85675e-05,-8.15606e-05,-6.53487e-05,-5.0648e-05,-3.80038e-05,-2.73314e-05
-0.000155173,-0.000150376,-0.000141195,-0.000128467,-0.000113247,-9.67172e-05,-7.99948e-05,-6.40633e-05,-4.96166e-05,-3.72005e-05,-2.67494e-05
-0.000152338,-0.000147627,-0.000138582,-0.000126062,-0.000111081,-9.48302e-05,-7.83909e-05,-6.27339e-05,-4.8556e-05,-3.63775e-05,-2.61307e-05
-0.000149627,-0.000144985,-0.000136079,-0.000123752,-0.000109008,-9.30198e-05,-7.68557e-05,-6.14694e-05,-4.75434e-05,-3.55944e-05,-2.55499e-05
-0.000147008,-0.00014243,-0.000133657,-0.000121516,-0.000107006,-9.1271e-05,-7.53752e-05,-6.02514e-05,-4.65762e-05,-3.48406e-05,-2.49961e-05
-0.000144413,-0.0001399,-0.000131259,-0.000119308,-0.00010502,-8.95389e-05,-7.39087e-05,-5.90463e-05,-4.56143e-05,-3.40973e-05,-2.44409e-05
-0.000141864,-0.000137415,-0.000128909,-0.000117136,-0.000103083,-8.78426e-05,-7.24741e-05,-5.78686e-05,-4.46741e-05,-3.33721e-05,-2.39115e-05
-0.000139315,-0.000134947,-0.000126565,-0.000114982,-0.000101148,-8.61637e-05,-7.1047e-05,-5.66922e-05,-4.37381e-05,-3.26487e-05,-2.33723e-05
-0.000136847,-0.000132535,-0.000124286,-0.000112879,-9.92692e-05,-8.45268e-05,-6.96624e-05,-5.55602e-05,-4.2832e-05,-3.19461e-05,-2.286e-05
-0.000134426,-0.000130183,-0.000122062,-0.00011083,-9.74301e-05,-8.29277e-05,-6.8311e-05,-5.44469e-05,-4.19555e-05,-3.12651e-05,-2.23656e-05
-0.00013211,-0.000127938,-0.000119933,-0.000108873,-9.56783e-05,-8.13999e-05,-6.70222e-05,-5.33949e-05,-4.11103e-05,-3.06123e-05,-2.19027e-05
-0.000129803,-0.000125686,-0.000117803,-0.000106913,-9.39238e-05,-7.98802e-05,-6.57351e-05,-5.2338e-05,-4.02753e-05,-2.99746e-05,-2.14421e-05
-0.000127531,-0.000123475,-0.00011571,-0.000104986,-9.21977e-05,-7.83799e-05,-6.44657e-05,-5.12987e-05,-3.9454e-05,-2.93359e-05,-2.09662e-05
-0.000125326,-0.000121335,-0.000113689,-0.000103123,-9.05383e-05,-7.69338e-05,-6.32462e-05,-5.02995e-05,-3.86619e-05,-2.87229e-05,-2.05099e-05
-0.000123146,-0.000119206,-0.000111679,-0.000101273,-8.8885e-05,-7.5497e-05,-6.2039e-05,-4.93074e-05,-3.78802e-05,-2.8122e-05,-2.00671e-05
-0.000120995,-0.000117115,-0.000109703,-9.94578e-05,-8.72619e-05,-7.40883e-05,-6.08499e-05,-4.83392e-05,-3.71085e-05,-2.753e-05,-1.96255e-05
-0.000118932,-0.000115111,-0.000107805,-9.77113e-05,-8.57057e-05,-7.27351e-05,-5.97121e-05,-4.74102e-05,-3.63756e-05,-2.69659e-05,-1.92023e-05
-0.000116872,-0.000113116,-0.000105918,-9.59826e-05,-8.41557e-05,-7.1394e-05,-5.85857e-05,-4.64833e-05,-3.56399e-05,-2.64042e-05,-1.87829e-05
-0.000114879,-0.000111172,-0.000104079,-9.42957e-05,-8.26518e-05,-7.00902e-05,-5.74818e-05,-4.55862e-05,-3.49303e-05,-2.58585e-05,-1.83861e-05
-0.000112927,-0.000109271,-0.000102288,-9.26465e-05,-8.11808e-05,-6.88134e-05,-5.64082e-05,-4.47139e-05,-3.4245e-05,-2.53299e-05,-1.79956e-05
-0.000111,-0.000107396,-0.000100514,-9.10214e-05,-7.97287e-05,-6.75551e-05,-5.53528e-05,-4.38509e-05,-3.35588e-05,-2.48098e-05,-1.76112e-05
-0.000109099,-0.000105546,-9.87691e-05,-8.94196e-05,-7.82989e-05,-6.63205e-05,-5.43128e-05,-4.30081e-05,-3.28903e-05,-2.42983e-05,-1.72339e-05
-0.000107237,-0.000103738,-9.70614e-05,-8.78472e-05,-7.69052e-05,-6.51141e-05,-5.32989e-05,-4.21769e-05,-3.22397e-05,-2.37985e-05,-1.68635e-05
-0.000105422,-0.000101979,-9.53991e-05,-8.63235e-05,-7.55445e-05,-6.39364e-05,-5.23123e-05,-4.13755e-05,-3.16068e-05,-2.33138e-05,-1.65057e-05
-0.000103673,-0.000100276,-9.37888e-05,-8.48431e-05,-7.42278e-05,-6.27989e-05,-5.13589e-05,-4.05955e-05,-3.09998e-05,-2.28458e-05,-1.61603e-05
-0.00010189,-9.85471e-05,-9.21589e-05,-8.33528e-05,-7.28994e-05,-6.16463e-05,-5.0393e-05,-3.9815e-05,-3.0374e-05,-2.23755e-05,-1.58187e-05
-0.000100206,-9.69033e-05,-9.06098e-05,-8.1933e-05,-7.16307e-05,-6.05518e-05,-4.9478e-05,-3.90717e-05,-2.97882e-05,-2.19286e-05,-1.54916e-05
-9.84943e-05,-9.5246e-05,-8.90456e-05,-8.04998e-05,-7.03591e-05,-5.94538e-05,-4.85547e-05,-3.83199e-05,-2.91997e-05,-2.1481e-05,-1.51564e-05
-9.68686e-05,-9.36639e-05,-8.75532e-05,-7.91314e-05,-6.91448e-05,-5.84002e-05,-4.76755e-05,-3.76073e-05,-2.86301e-05,-2.10544e-05,-1.48424e-05
-9.5254e-05,-9.2099e-05,-8.60768e-05,-7.77789e-05,-6.79405e-05,-5.73657e-05,-4.68064e-05,-3.69009e-05,-2.80797e-05,-2.06322e-05,-1.45331e-05
-9.36804e-05,-9.05646e-05,-8.46286e-05,-7.6453e-05,-6.67641e-05,-5.63479e-05,-4.59569e-05,-3.62132e-05,-2.75384e-05,-2.02229e-05,-1.42389e-05
-9.21292e-05,-8.90685e-05,-8.32184e-05,-7.51632e-05,-6.56166e-05,-5.53607e-05,-4.51292e-05,-3.5542e-05,-2.70173e-05,-1.98242e-05,-1.39481e-05
-9.05961e-05,-8.75725e-05,-8.18088e-05,-7.38732e-05,-6.44706e-05,-5.43742e-05,-4.43048e-05,-3.48768e-05,-2.64871e-05,-1.94238e-05,-1.36531e-05
-8.91044e-05,-8.61323e-05,-8.04506e-05,-7.26352e-05,-6.33665e-05,-5.34255e-05,-4.3512e-05,-3.42315e-05,-2.59904e-05,-1.90435e-05,-1.33771e-05
-8.76237e-05,-8.46906e-05,-7.90913e-05,-7.13879e-05,-6.22614e-05,-5.24717e-05,-4.27174e-05,-3.35916e-05,-2.5488e-05,-1.86627e-05,-1.30974e-05
-8.61851e-05,-8.3295e-05,-7.77795e-05,-7.01855e-05,-6.11955e-05,-5.15548e-05,-4.1951e-05,-3.29708e-05,-2.50024e-05,-1.82951e-05,-1.28292e-05
-8.47943e-05,-8.1943e-05,-7.65027e-05,-6.90229e-05,-6.01611e-05,-5.06637e-05,-4.12083e-05,-3.23718e-05,-2.45333e-05,-1.79407e-05,-1.25694e-05
-8.33989e-05,-8.05925e-05,-7.5234e-05,-6.78575e-05,-5.91284e-05,-4.97778e-05,-4.04687e-05,-3.17737e-05,-2.40652e-05,-1.75874e-05,-1.23141e-05
-8.20585e-05,-7.9289e-05,-7.40051e-05,-6.67365e-05,-5.81381e-05,-4.89246e-05,-3.9759e-05,-3.12011e-05,-2.36197e-05,-1.72494e-05,-1.20668e-05
-8.07041e-05,-7.79781e-05,-7.27703e-05,-6.56082e-05,-5.71368e-05,-4.80599e-05,-3.90419e-05,-3.06209e-05,-2.31669e-05,-1.6907e-05,-1.18218e-05
-7.94073e-05,-7.67194e-05,-7.15844e-05,-6.45255e-05,-5.61788e-05,-4.72382e-05,-3.83552e-05,-3.00696e-05,-2.27352e-05,-1.65833e-05,-1.15803e-05
-7.81336e-05,-7.54852e-05,-7.04246e-05,-6.34632e-05,-5.52376e-05,-4.64323e-05,-3.76815e-05,-2.95269e-05,-2.23118e-05,-1.62614e-05,-1.13464e-05
-7.68625e-05,-7.42508e-05,-6.92616e-05,-6.24037e-05,-5.42989e-05,-4.56259e-05,-3.70144e-05,-2.89871e-05,-2.1891e-05,-1.59461e-05,-1.11213e-05
-7.56346e-05,-7.30606e-05,-6.81428e-05,-6.13828e-05,-5.33957e-05,-4.48493e-05,-3.63673e-05,-2.84673e-05,-2.14856e-05,-1.56409e-05,-1.08972e-05
-7.44295e-05,-7.18898e-05,-6.70403e-05,-6.03756e-05,-5.25055e-05,-4.40926e-05,-3.57346e-05,-2.79548e-05,-2.10875e-05,-1.53409e-05,-1.06791e-05
-7.32291e-05,-7.07247e-05,-6.59451e-05,-5.93775e-05,-5.16186e-05,-4.33299e-05,-3.51042e-05,-2.74512e-05,-2.06941e-05,-1.50451e-05,-1.0469e-05
-7.20771e-05,-6.96039e-05,-6.48894e-05,-5.84165e-05,-5.0771e-05,-4.25996e-05,-3.4498e-05,-2.69656e-05,-2.0317e-05,-1.47615e-05,-1.02658e-05
-7.09119e-05,-6.84764e-05,-6.38307e-05,-5.74488e-05,-4.99149e-05,-4.18683e-05,-3.3891e-05,-2.64757e-05,-1.99371e-05,-1.44763e-05,-1.00587e-05
-6.97951e-05,-6.73987e-05,-6.28183e-05,-5.65233e-05,-4.90989e-05,-4.11668e-05,-3.33122e-05,-2.60091e-05,-1.95767e-05,-1.42052e-05,-9.86326e-06
-6.86967e-05,-6.63305e-05,-6.18119e-05,-5.56087e-05,-4.82887e-05,-4.04758e-05,-3.27367e-05,-2.55486e-05,-1.92169e-05,-1.39349e-05,-9.66816e-06
-6.76067e-05,-6.52712e-05,-6.08184e-05,-5.47021e-05,-4.74884e-05,-3.97888e-05,-3.21689e-05,-2.50943e-05,-1.88707e-05,-1.36712e-05,-9.47857e-06
-6.65525e-05,-6.42443e-05,-5.98504e-05,-5.38201e-05,-4.67103e-05,-3.91228e-05,-3.16172e-05,-2.46502e-05,-1.8519e-05,-1.34138e-05,-9.29352e-06
-6.55059e-05,-6.32321e-05,-5.89035e-05,-5.29567e-05,-4.59501e-05,-3.84725e-05,-3.10772e-05,-2.42196e-05,-1.81869e-05,-1.31629e-05,-9.11591e-06
-6.44806e-05,-6.22415e-05,-5.79692e-05,-5.21064e-05,-4.51984e-05,-3.78292e-05,-3.05468e-05,-2.37921e-05,-1.78541e-05,-1.29171e-05,-8.9296e-06
-6.34735e-05,-6.12636e-05,-5.70524e-05,-5.12726e-05,-4.44621e-05,-3.72022e-05,-3.00272e-05,-2.33781e-05,-1.75345e-05,-1.26766e-05,-8.76221e-06
-6.24951e-05,-6.03119e-05,-5.61554e-05,-5.04553e-05,-4.37426e-05,-3.65863e-05,-2.95185e-05,-2.29696e-05,-1.72173e-05,-1.24427e-05,-8.59682e-06
-6.15066e-05,-5.9356e-05,-5.52598e-05,-4.96419e-05,-4.30254e-05,-3.59738e-05,-2.90109e-05,-2.25654e-05,-1.69053e-05,-1.22062e-05,-8.4268e-06
-6.05511e-05,-5.84305e-05,-5.43918e-05,-4.88525e-05,-4.23274e-05,-3.53802e-05,-2.85199e-05,-2.21726e-05,-1.66031e-05,-1.19798e-05,-8.26318e-06
-5.9617e-05,-5.75325e-05,-5.35471e-05,-4.80829e-05,-4.16511e-05,-3.47997e-05,-2.80428e-05,-2.17918e-05,-1.63087e-05,-1.17583e-05,-8.10435e-06
-5.86943e-05,-5.66335e-05,-5.27042e-05,-4.73159e-05,-4.09736e-05,-3.42249e-05,-2.75668e-05,-2.14116e-05,-1.60149e-05,-1.1541e-05,-7.95272e-06
-5.77903e-05,-5.57564e-05,-5.18813e-05,-4.65685e-05,-4.03165e-05,-3.36633e-05,-2.71046e-05,-2.10416e-05,-1.57305e-05,-1.1329e-05,-7.7978e-06
-5.69137e-05,-5.49088e-05,-5.10857e-05,-4.58454e-05,-3.96777e-05,-3.31199e-05,-2.66552e-05,-2.06845e-05,-1.54535e-05,-1.11255e-05,-7.65184e-06
-5.60485e-05,-5.40678e-05,-5.02969e-05,-4.51271e-05,-3.90482e-05,-3.25833e-05,-2.62131e-05,-2.03311e-05,-1.51822e-05,-1.09207e-05,-7.51032e-06
-5.51764e-05,-5.32307e-05,-4.95119e-05,-4.44139e-05,-3.84193e-05,-3.20466e-05,-2.57715e-05,-1.99802e-05,-1.49116e-05,-1.07202e-05,-7.36606e-06
-5.43377e-05,-5.2413e-05,-4.87448e-05,-4.37173e-05,-3.78082e-05,-3.15265e-05,-2.53435e-05,-1.96383e-05,-1.46483e-05,-1.05254e-05,-7.22604e-06
-5.35144e-05,-5.16156e-05,-4.79969e-05,-4.30387e-05,-3.72112e-05,-3.10185e-05,-2.49249e-05,-1.93038e-05,-1.43916e-05,-1.03318e-05,-7.08087e-06
-5.27022e-05,-5.08269e-05,-4.72566e-05,-4.23674e-05,-3.66206e-05,-3.05158e-05,-2.45106e-05,-1.89755e-05,-1.41395e-05,-1.01386e-05,-6.9627e-06
-5.19091e-05,-5.00608e-05,-4.6539e-05,-4.17137e-05,-3.60469e-05,-3.00289e-05,-2.411e-05,-1.86568e-05,-1.38933e-05,-9.957e-06,-6.83814e-06
-5.11191e-05,-4.92992e-05,-4.58246e-05,-4.10671e-05,-3.54786e-05,-2.95465e-05,-2.37124e-05,-1.83409e-05,-1.36511e-05,-9.78015e-06,-6.7071e-06
-5.0366e-05,-4.85669e-05,-4.51372e-05,-4.04436e-05,-3.49299e-05,-2.9081e-05,-2.33291e-05,-1.80371e-05,-1.3418e-05,-9.60752e-06,-6.58571e-06
-4.95917e-05,-4.7816e-05,-4.44346e-05,-3.98054e-05,-3.43706e-05,-2.86035e-05,-2.29386e-05,-1.77265e-05,-1.31801e-05,-9.43117e-06,-6.45718e-06
-4.88629e-05,-4.71087e-05,-4.37735e-05,-3.92068e-05,-3.38419e-05,-2.81572e-05,-2.25714e-05,-1.7434e-05,-1.29581e-05,-9.26287e-06,-6.34038e-06
-4.81227e-05,-4.63946e-05,-4.3103e-05,-3.85975e-05,-3.331e-05,-2.77023e-05,-2.22e-05,-1.71403e-05,-1.2731e-05,-9.09304e-06,-6.22094e-06
-4.73979e-05,-4.56966e-05,-4.245e-05,-3.80044e-05,-3.27902e-05,-2.72616e-05,-2.18373e-05,-1.68535e-05,-1.25105e-05,-8.93411e-06,-6.11283e-06
-4.66967e-05,-4.50131e-05,-4.18092e-05,-3.74243e-05,-3.22813e-05,-2.68293e-05,-2.14834e-05,-1.65717e-05,-1.22966e-05,-8.77147e-06,-5.98991e-06
-4.60164e-05,-4.43553e-05,-4.11927e-05,-3.68664e-05,-3.17907e-05,-2.64143e-05,-2.11411e-05,-1.63016e-05,-1.20822e-05,-8.62159e-06,-5.88756e-06
-4.53389e-05,-4.36948e-05,-4.05761e-05,-3.63061e-05,-3.13006e-05,-2.59994e-05,-2.08016e-05,-1.60333e-05,-1.18846e-05,-8.47741e-06,-5.77709e-06
-4.46517e-05,-4.30349e-05,-3.99574e-05,-3.57453e-05,-3.08095e-05,-2.55824e-05,-2.04606e-05,-1.57633e-05,-1.16752e-05,-8.32597e-06,-5.6626e-06
-4.39978e-05,-4.24007e-05,-3.9362e-05,-3.52047e-05,-3.03365e-05,-2.5181e-05,-2.0133e-05,-1.55028e-05,-1.14762e-05,-8.17792e-06,-5.56321e-06
-4.33412e-05,-4.17681e-05,-3.87706e-05,-3.46705e-05,-2.98676e-05,-2.47854e-05,-1.98085e-05,-1.52454e-05,-1.12824e-05,-8.03497e-06,-5.45891e-06
-4.27124e-05,-4.11536e-05,-3.81941e-05,-3.41477e-05,-2.94112e-05,-2.43969e-05,-1.94916e-05,-1.49954e-05,-1.10893e-05,-7.89345e-06,-5.36137e-06
-4.20856e-05,-4.05477e-05,-3.76301e-05,-3.36391e-05,-2.89644e-05,-2.40215e-05,-1.91837e-05,-1.47522e-05,-1.0908e-05,-7.75474e-06,-5.2669e-06
-4.14635e-05,-3.99494e-05,-3.70689e-05,-3.31304e-05,-2.85199e-05,-2.36439e-05,-1.88754e-05,-1.45091e-05,-1.07201e-05,-7.62299e-06,-5.17115e-06
-4.08573e-05,-3.93676e-05,-3.65244e-05,-3.26365e-05,-2.80877e-05,-2.32792e-05,-1.85775e-05,-1.4274e-05,-1.05406e-05,-7.48948e-06,-5.07619e-06
-4.02661e-05,-3.87906e-05,-3.59852e-05,-3.21515e-05,-2.7663e-05,-2.29189e-05,-1.8284e-05,-1.40413e-05,-1.03642e-05,-7.359e-06,-4.99079e-06
-3.96804e-05,-3.82265e-05,-3.54576e-05,-3.1672e-05,-2.72429e-05,-2.25647e-05,-1.79944e-05,-1.38142e-05,-1.01903e-05,-7.2323e-06,-4.89961e-06
-3.91062e-05,-3.7665e-05,-3.49325e-05,-3.11992e-05,-2.68307e-05,-2.22169e-05,-1.77097e-05,-1.35898e-05,-1.00219e-05,-7.10678e-06,-4.81241e-06
-3.85414e-05,-3.7122e-05,-3.44241e-05,-3.07385e-05,-2.64282e-05,-2.18759e-05,-1.7432e-05,-1.33706e-05,-9.85387e-06,-6.98418e-06,-4.72836e-06
-3.79827e-05,-3.65869e-05,-3.39259e-05,-3.02875e-05,-2.60327e-05,-2.15435e-05,-1.71597e-05,-1.31574e-05,-9.6914e-06,-6.86482e-06,-4.63189e-06
-3.74342e-05,-3.60527e-05,-3.34233e-05,-2.98347e-05,-2.56382e-05,-2.12092e-05,-1.68886e-05,-1.29424e-05,-9.52887e-06,-6.74645e-06,-4.5624e-06
-3.68978e-05,-3.55336e-05,-3.29384e-05,-2.93957e-05,-2.52545e-05,-2.08848e-05,-1.66254e-05,-1.27352e-05,-9.372e-06,-6.6285e-06,-4.48194e-06
-3.63724e-05,-3.5024e-05,-3.2465e-05,-2.89682e-05,-2.48815e-05,-2.05703e-05,-1.63695e-05,-1.25334e-05,-9.22053e-06,-6.52056e-06,-4.40087e-06
-3.58439e-05,-3.45146e-05,-3.19878e-05,-2.85358e-05,-2.45045e-05,-2.02532e-05,-1.6111e-05,-1.23301e-05,-9.06506e-06,-6.40672e-06,-4.32313e-06
-3.53355e-05,-3.40281e-05,-3.15314e-05,-2.81245e-05,-2.41451e-05,-1.99528e-05,-1.58644e-05,-1.21362e-05,-8.91822e-06,-6.29955e-06,-4.2472e-06
-3.48361e-05,-3.35422e-05,-3.10768e-05,-2.77147e-05,-2.37893e-05,-1.96491e-05,-1.56186e-05,-1.19447e-05,-8.77158e-06,-6.1928e-06,-4.1795e-06
-3.4338e-05,-3.30602e-05,-3.06282e-05,-2.73078e-05,-2.34343e-05,-1.93511e-05,-1.53766e-05,-1.17527e-05,-8.62737e-06,-6.08757e-06,-4.09818e-06
-3.38537e-05,-3.25905e-05,-3.01905e-05,-2.69142e-05,-2.30909e-05,-1.90612e-05,-1.5141e-05,-1.1569e-05,-8.48765e-06,-5.98819e-06,-4.02947e-06
-3.33671e-05,-3.21208e-05,-2.97504e-05,-2.65167e-05,-2.27445e-05,-1.87698e-05,-1.49038e-05,-1.13835e-05,-8.34826e-06,-5.88351e-06,-3.94896e-06
-3.28907e-05,-3.1665e-05,-2.93255e-05,-2.61346e-05,-2.24107e-05,-1.84899e-05,-1.4676e-05,-1.12047e-05,-8.21257e-06,-5.78486e-06,-3.88851e-06
-3.24316e-05,-3.12168e-05,-2.89057e-05,-2.57558e-05,-2.20813e-05,-1.82123e-05,-1.44513e-05,-1.10276e-05,-8.07973e-06,-5.68534e-06,-3.82073e-06
-3.1972e-05,-3.07721e-05,-2.8493e-05,-2.53828e-05,-2.17559e-05,-1.79389e-05,-1.42289e-05,-1.08541e-05,-7.94792e-06,-5.5922e-06,-3.75261e-06
-3.15191e-05,-3.03354e-05,-2.80852e-05,-2.50151e-05,-2.1436e-05,-1.76677e-05,-1.40098e-05,-1.0683e-05,-7.81938e-06,-5.49868e-06,-3.68539e-06
-3.10798e-05,-2.99085e-05,-2.76879e-05,-2.46575e-05,-2.11245e-05,-1.74069e-05,-1.3798e-05,-1.05171e-05,-7.69316e-06,-5.40627e-06,-3.61672e-06
-3.06428e-05,-2.94914e-05,-2.72977e-05,-2.43057e-05,-2.08187e-05,-1.71511e-05,-1.35893e-05,-1.03542e-05,-7.57064e-06,-5.31712e-06,-3.56406e-06
-3.02128e-05,-2.90716e-05,-2.69064e-05,-2.39534e-05,-2.05117e-05,-1.68921e-05,-1.33803e-05,-1.01909e-05,-7.44745e-06,-5.22774e-06,-3.49658e-06
-2.98098e-05,-2.86775e-05,-2.65376e-05,-2.36193e-05,-2.02213e-05,-1.66495e-05,-1.31835e-05,-1.00355e-05,-7.33054e-06,-5.14302e-06,-3.43511e-06
-2.9384e-05,-2.82713e-05,-2.61594e-05,-2.32803e-05,-1.9927e-05,-1.64004e-05,-1.29828e-05,-9.8796e-06,-7.21315e-06,-5.05439e-06,-3.36953e-06
-2.89676e-05,-2.78685e-05,-2.57838e-05,-2.29423e-05,-1.96324e-05,-1.61544e-05,-1.27829e-05,-9.72385e-06,-7.09589e-06,-4.97245e-06,-3.31713e-06
-2.85635e-05,-2.74826e-05,-2.54239e-05,-2.26183e-05,-1.9351e-05,-1.5919e-05,-1.25915e-05,-9.57505e-06,-6.98396e-06,-4.89091e-06,-3.26402e-06
-2.81765e-05,-2.7104e-05,-2.5071e-05,-2.22998e-05,-1.90753e-05,-1.56865e-05,-1.2404e-05,-9.42816e-06,-6.87347e-06,-4.81238e-06,-3.20882e-06
-2.77895e-05,-2.67309e-05,-2.4724e-05,-2.19878e-05,-1.88038e-05,-1.54596e-05,-1.222e-05,-9.2848e-06,-6.76617e-06,-4.73589e-06,-3.16211e-06
-2.73998e-05,-2.63553e-05,-2.43738e-05,-2.16722e-05,-1.85294e-05,-1.52292e-05,-1.20347e-05,-9.1403e-06,-6.65714e-06,-4.65836e-06,-3.09413e-06
-2.70304e-05,-2.59974e-05,-2.40392e-05,-2.13719e-05,-1.82697e-05,-1.50119e-05,-1.18584e-05,-9.00191e-06,-6.55459e-06,-4.58002e-06,-3.05071e-06
-2.66522e-05,-2.5637e-05,-2.37034e-05,-2.10696e-05,-1.80064e-05,-1.47912e-05,-1.16805e-05,-8.86398e-06,-6.45055e-06,-4.50541e-06,-2.99897e-06
-2.62843e-05,-2.52775e-05,-2.33682e-05,-2.07684e-05,-1.77445e-05,-1.45727e-05,-1.15046e-05,-8.72595e-06,-6.34802e-06,-4.43021e-06,-2.94454e-06
-2.59252e-05,-2.49315e-05,-2.30456e-05,-2.04788e-05,-1.74938e-05,-1.43628e-05,-1.13345e-05,-8.59344e-06,-6.24888e-06,-4.35735e-06,-2.88983e-06
-2.55723e-05,-2.45891e-05,-2.2728e-05,-2.01934e-05,-1.72448e-05,-1.4155e-05,-1.11675e-05,-8.46283e-06,-6.1514e-06,-4.28788e-06,-2.83989e-06
-2.52199e-05,-2.42504e-05,-2.24117e-05,-1.99091e-05,-1.6999e-05,-1.39489e-05,-1.10003e-05,-8.33464e-06,-6.05424e-06,-4.21977e-06,-2.79338e-06
-2.48758e-05,-2.39228e-05,-2.2107e-05,-1.96343e-05,-1.67615e-05,-1.37498e-05,-1.0841e-05,-8.2094e-06,-5.96105e-06,-4.1504e-06,-2.75143e-06
