5.13788e-06,4.73912e-06,4.42193e-06,4.17414e-06,3.99991e-06,3.8408e-06,3.73616e-06,3.6994e-06,3.60815e-06,3.60298e-06,3.64229e-06
4.73194e-06,4.36374e-06,4.07617e-06,3.85122e-06,3.67726e-06,3.5486e-06,3.44601e-06,3.3938e-06,3.32266e-06,3.29932e-06,3.342e-06
4.36678e-06,4.03651e-06,3.77019e-06,3.56664e-06,3.41387e-06,3.27688e-06,3.17772e-06,3.13774e-06,3.06211e-06,3.04671e-06,3.07137e-06
4.03271e-06,3.72704e-06,3.48964e-06,3.30361e-06,3.1595e-06,3.03993e-06,2.94522e-06,2.89364e-06,2.83414e-06,2.81266e-06,2.83277e-06
3.75839e-06,3.47439e-06,3.25756e-06,3.08571e-06,2.95126e-06,2.84209e-06,2.7522e-06,2.69829e-06,2.64491e-06,2.62464e-06,2.63887e-06
3.52234e-06,3.26025e-06,3.05673e-06,2.8982e-06,2.77225e-06,2.67993e-06,2.58484e-06,2.53175e-06,2.48225e-06,2.46906e-06,2.47314e-06
3.30053e-06,3.05423e-06,2.86951e-06,2.72004e-06,2.60196e-06,2.51193e-06,2.43033e-06,2.37718e-06,2.32967e-06,2.31567e-06,2.3221e-06
3.108e-06,2.87761e-06,2.70584e-06,2.56537e-06,2.45419e-06,2.37179e-06,2.29406e-06,2.24277e-06,2.1978e-06,2.18726e-06,2.19178e-06
2.93339e-06,2.71766e-06,2.55751e-06,2.42546e-06,2.32012e-06,2.24423e-06,2.17136e-06,2.12115e-06,2.07979e-06,2.06749e-06,2.07331e-06
2.77703e-06,2.57549e-06,2.42471e-06,2.30076e-06,2.20041e-06,2.1295e-06,2.06168e-06,2.01206e-06,1.97387e-06,1.96089e-06,1.97045e-06
2.63425e-06,2.44281e-06,2.30163e-06,2.185e-06,2.08947e-06,2.02163e-06,1.95678e-06,1.91009e-06,1.87613e-06,1.86188e-06,1.87039e-06
2.50301e-06,2.32626e-06,2.1909e-06,2.07932e-06,1.9901e-06,1.92652e-06,1.86734e-06,1.82096e-06,1.78955e-06,1.77623e-06,1.78518e-06
2.38144e-06,2.21285e-06,2.08631e-06,1.98135e-06,1.89566e-06,1.83308e-06,1.77792e-06,1.73325e-06,1.70683e-06,1.691e-06,1.70106e-06
2.27281e-06,2.11254e-06,1.99151e-06,1.89352e-06,1.81077e-06,1.74979e-06,1.69766e-06,1.6553e-06,1.62981e-06,1.61643e-06,1.62644e-06
2.16913e-06,2.01878e-06,1.90387e-06,1.81026e-06,1.73206e-06,1.67366e-06,1.62469e-06,1.5824e-06,1.5611e-06,1.54674e-06,1.5565e-06
2.07785e-06,1.93518e-06,1.82447e-06,1.73596e-06,1.66007e-06,1.60275e-06,1.55549e-06,1.51634e-06,1.49691e-06,1.48213e-06,1.48899e-06
1.99108e-06,1.85544e-06,1.75063e-06,1.66566e-06,1.59299e-06,1.53772e-06,1.49653e-06,1.45494e-06,1.43902e-06,1.42133e-06,1.43248e-06
1.9092e-06,1.78129e-06,1.68063e-06,1.59982e-06,1.53138e-06,1.47591e-06,1.43496e-06,1.39764e-06,1.37972e-06,1.369e-06,1.37509e-06
1.83538e-06,1.71487e-06,1.61803e-06,1.54106e-06,1.47818e-06,1.41938e-06,1.38321e-06,1.34515e-06,1.32591e-06,1.31857e-06,1.32455e-06
1.76727e-06,1.65249e-06,1.55825e-06,1.48527e-06,1.42478e-06,1.36856e-06,1.33301e-06,1.29651e-06,1.27631e-06,1.27336e-06,1.2739e-06
1.70173e-06,1.59122e-06,1.50288e-06,1.4317e-06,1.37396e-06,1.31792e-06,1.28479e-06,1.24914e-06,1.22829e-06,1.22707e-06,1.22849e-06
1.64315e-06,1.53456e-06,1.45015e-06,1.38172e-06,1.32144e-06,1.27311e-06,1.23709e-06,1.20603e-06,1.18195e-06,1.18677e-06,1.1837e-06
1.58607e-06,1.48281e-06,1.40313e-06,1.33582e-06,1.27769e-06,1.22975e-06,1.19818e-06,1.16566e-06,1.14205e-06,1.14603e-06,1.14564e-06
1.53482e-06,1.43524e-06,1.35907e-06,1.29236e-06,1.2363e-06,1.19199e-06,1.15741e-06,1.12905e-06,1.10515e-06,1.11066e-06,1.10648e-06
1.48548e-06,1.3896e-06,1.31578e-06,1.25312e-06,1.19898e-06,1.1539e-06,1.12323e-06,1.09433e-06,1.06788e-06,1.07499e-06,1.07085e-06
1.43795e-06,1.34586e-06,1.27511e-06,1.21375e-06,1.1616e-06,1.11922e-06,1.08817e-06,1.06064e-06,1.03364e-06,1.04435e-06,1.0351e-06
1.39676e-06,1.30614e-06,1.23936e-06,1.17959e-06,1.12785e-06,1.08767e-06,1.05767e-06,1.03137e-06,1.00265e-06,1.01592e-06,1.00411e-06
1.35593e-06,1.27042e-06,1.20338e-06,1.1464e-06,1.0968e-06,1.05819e-06,1.029e-06,1.00206e-06,9.73693e-07,9.87451e-07,9.75705e-07
1.31768e-06,1.23376e-06,1.17086e-06,1.11489e-06,1.06658e-06,1.02802e-06,9.99677e-07,9.75783e-07,9.45995e-07,9.59997e-07,9.47961e-07
1.28226e-06,1.20161e-06,1.14079e-06,1.0854e-06,1.03903e-06,1.00273e-06,9.72756e-07,9.50852e-07,9.22571e-07,9.35216e-07,9.21585e-07
1.24724e-06,1.1687e-06,1.11016e-06,1.05708e-06,1.01128e-06,9.75536e-07,9.48577e-07,9.26372e-07,8.97689e-07,9.10111e-07,8.97959e-07
1.21421e-06,1.13834e-06,1.08119e-06,1.02981e-06,9.84779e-07,9.50732e-07,9.23986e-07,9.02866e-07,8.75278e-07,8.86873e-07,8.7333e-07
1.183e-06,1.10918e-06,1.05385e-06,1.00398e-06,9.60075e-07,9.27013e-07,9.01079e-07,8.8062e-07,8.53705e-07,8.64046e-07,8.51405e-07
1.15313e-06,1.08119e-06,1.02769e-06,9.79364e-07,9.36556e-07,9.0429e-07,8.79238e-07,8.59403e-07,8.33211e-07,8.42566e-07,8.30876e-07
1.12422e-06,1.05459e-06,1.0019e-06,9.55739e-07,9.13571e-07,8.82793e-07,8.59315e-07,8.38282e-07,8.14615e-07,8.21346e-07,8.11661e-07
1.09637e-06,1.02723e-06,9.77376e-07,9.31798e-07,8.90953e-07,8.6008e-07,8.3744e-07,8.18823e-07,7.95211e-07,8.03884e-07,7.91557e-07
1.06831e-06,1.00204e-06,9.53109e-07,9.09974e-07,8.69076e-07,8.39184e-07,8.17948e-07,7.98686e-07,7.77666e-07,7.77145e-07,7.732e-07
1.04163e-06,9.76835e-07,9.29289e-07,8.87835e-07,8.47735e-07,8.17629e-07,7.98074e-07,7.7922e-07,7.59884e-07,7.5601e-07,7.55374e-07
1.01512e-06,9.51988e-07,9.05908e-07,8.65327e-07,8.26547e-07,7.986e-07,7.79171e-07,7.59987e-07,7.43403e-07,7.4129e-07,7.38071e-07
9.89933e-07,9.28528e-07,8.83277e-07,8.44063e-07,8.06439e-07,7.77216e-07,7.59762e-07,7.41988e-07,7.25643e-07,7.21719e-07,7.20021e-07
9.63667e-07,9.03649e-07,8.59973e-07,8.22049e-07,7.85523e-07,7.56114e-07,7.40474e-07,7.22585e-07,7.0755e-07,7.01131e-07,7.02994e-07
9.38624e-07,8.79229e-07,8.37404e-07,8.0076e-07,7.64932e-07,7.38267e-07,7.21859e-07,7.03905e-07,6.91027e-07,6.84549e-07,6.86265e-07
9.16672e-07,8.57833e-07,8.1752e-07,7.82385e-07,7.48703e-07,7.1819e-07,7.0493e-07,6.86729e-07,6.75221e-07,6.64713e-07,6.71903e-07
8.88461e-07,8.31542e-07,7.92468e-07,7.58402e-07,7.24397e-07,6.96098e-07,6.84377e-07,6.66529e-07,6.56456e-07,6.43998e-07,6.52442e-07
8.6661e-07,8.15742e-07,7.7399e-07,7.40537e-07,7.0594e-07,6.8013e-07,6.68957e-07,6.53355e-07,6.40775e-07,6.27777e-07,6.38162e-07
8.38747e-07,7.84193e-07,7.47618e-07,7.16055e-07,6.83839e-07,6.59637e-07,6.47151e-07,6.295e-07,6.2213e-07,6.10195e-07,6.18238e-07
8.17981e-07,7.64436e-07,7.29729e-07,6.98948e-07,6.67449e-07,6.4358e-07,6.31459e-07,6.13368e-07,6.07521e-07,5.94418e-07,6.04461e-07
7.90181e-07,7.37584e-07,7.03401e-07,6.74127e-07,6.43791e-07,6.20413e-07,6.09835e-07,5.92621e-07,5.86306e-07,5.74159e-07,5.83704e-07
7.65091e-07,7.14091e-07,6.81591e-07,6.5306e-07,6.23714e-07,6.01332e-07,5.91334e-07,5.74475e-07,5.69138e-07,5.56163e-07,5.66402e-07
7.4121e-07,6.90953e-07,6.59997e-07,6.32419e-07,6.03893e-07,5.8212e-07,5.72716e-07,5.55634e-07,5.52151e-07,5.38342e-07,5.50126e-07
7.17114e-07,6.68273e-07,6.38237e-07,6.11581e-07,5.84111e-07,5.62767e-07,5.54218e-07,5.37816e-07,5.33872e-07,5.20595e-07,5.32211e-07
6.94903e-07,6.45335e-07,6.16717e-07,5.91031e-07,5.64298e-07,5.47486e-07,5.3568e-07,5.19421e-07,5.1693e-07,5.08796e-07,5.15327e-07
6.72837e-07,6.23181e-07,5.95718e-07,5.71641e-07,5.47363e-07,5.24395e-07,5.17824e-07,5.01046e-07,4.99429e-07,4.8624e-07,5.00173e-07
6.47664e-07,6.00411e-07,5.7425e-07,5.50284e-07,5.25559e-07,5.04853e-07,4.99075e-07,4.83095e-07,4.81411e-07,4.68349e-07,4.80983e-07
6.24467e-07,5.78088e-07,5.53135e-07,5.29987e-07,5.06259e-07,4.86292e-07,4.80859e-07,4.65051e-07,4.63723e-07,4.5117e-07,4.64365e-07
6.02259e-07,5.64946e-07,5.32142e-07,5.10563e-07,4.86733e-07,4.68712e-07,4.63105e-07,4.51983e-07,4.47002e-07,4.33776e-07,4.47986e-07
5.78418e-07,5.34697e-07,5.12228e-07,4.89768e-07,4.66318e-07,4.49699e-07,4.45211e-07,4.3022e-07,4.29094e-07,4.17929e-07,4.30656e-07
5.57553e-07,5.13174e-07,4.91731e-07,4.70555e-07,4.49598e-07,4.31256e-07,4.27377e-07,4.12618e-07,4.12787e-07,4.01704e-07,4.144e-07
5.35747e-07,4.92276e-07,4.71853e-07,4.51345e-07,4.31242e-07,4.1345e-07,4.09907e-07,3.95603e-07,3.96111e-07,3.8563e-07,3.9849e-07
5.14943e-07,4.72079e-07,4.52588e-07,4.3271e-07,4.1343e-07,3.96158e-07,3.93391e-07,3.79296e-07,3.80789e-07,3.70176e-07,3.83031e-07
4.95427e-07,4.52567e-07,4.338e-07,4.14507e-07,3.96134e-07,3.79324e-07,3.76711e-07,3.63326e-07,3.63742e-07,3.55637e-07,3.67795e-07
4.74119e-07,4.32684e-07,4.15009e-07,3.96221e-07,3.7871e-07,3.62358e-07,3.60004e-07,3.4689e-07,3.48489e-07,3.39587e-07,3.5203e-07
4.54451e-07,4.13636e-07,3.96863e-07,3.78643e-07,3.61879e-07,3.46067e-07,3.4394e-07,3.31299e-07,3.33302e-07,3.25031e-07,3.36904e-07
4.35763e-07,4.04366e-07,3.78892e-07,3.62015e-07,3.44968e-07,3.31144e-07,3.28606e-07,3.21069e-07,3.1885e-07,3.09992e-07,3.22603e-07
4.16862e-07,3.77337e-07,3.62014e-07,3.4479e-07,3.29494e-07,3.14811e-07,3.13095e-07,3.01315e-07,3.03983e-07,2.97116e-07,3.08154e-07
4.06289e-07,3.67882e-07,3.53735e-07,3.36256e-07,3.21329e-07,3.06707e-07,3.04887e-07,2.93003e-07,2.95538e-07,2.89262e-07,3.00158e-07
3.81379e-07,3.43244e-07,3.2909e-07,3.12808e-07,2.98982e-07,2.85771e-07,2.84297e-07,2.73121e-07,2.7691e-07,2.70811e-07,2.81638e-07
3.64449e-07,3.27196e-07,3.13316e-07,2.97443e-07,2.84051e-07,2.71196e-07,2.69567e-07,2.5952e-07,2.62938e-07,2.58245e-07,2.67849e-07
3.49045e-07,3.11878e-07,2.98366e-07,2.82983e-07,2.70093e-07,2.57691e-07,2.56175e-07,2.46902e-07,2.50276e-07,2.46693e-07,2.54683e-07
3.32733e-07,2.97307e-07,2.83762e-07,2.6872e-07,2.56613e-07,2.44779e-07,2.43241e-07,2.34246e-07,2.37932e-07,2.34388e-07,2.43133e-07
3.18149e-07,2.83375e-07,2.6995e-07,2.55345e-07,2.43797e-07,2.3249e-07,2.31057e-07,2.22413e-07,2.26279e-07,2.23136e-07,2.31707e-07
3.03516e-07,2.70174e-07,2.57074e-07,2.42885e-07,2.31603e-07,2.20674e-07,2.1952e-07,2.11761e-07,2.15675e-07,2.12711e-07,2.21205e-07
2.90916e-07,2.57688e-07,2.44428e-07,2.3066e-07,2.1992e-07,2.09705e-07,2.08033e-07,2.00705e-07,2.04465e-07,2.02614e-07,2.09953e-07
2.78202e-07,2.45658e-07,2.32603e-07,2.19149e-07,2.08877e-07,1.99201e-07,1.97488e-07,1.90552e-07,1.94329e-07,1.92848e-07,2.00232e-07
2.66083e-07,2.34428e-07,2.21359e-07,2.08301e-07,1.98331e-07,1.89256e-07,1.87427e-07,1.80994e-07,1.84762e-07,1.83716e-07,1.91123e-07
2.54068e-07,2.24328e-07,2.10734e-07,1.98175e-07,1.88354e-07,1.80071e-07,1.77803e-07,1.7211e-07,1.75719e-07,1.75197e-07,1.82467e-07
2.44168e-07,2.14226e-07,2.00706e-07,1.88308e-07,1.79123e-07,1.71069e-07,1.68939e-07,1.63604e-07,1.67181e-07,1.67141e-07,1.73738e-07
2.3407e-07,2.0515e-07,1.91372e-07,1.79344e-07,1.7036e-07,1.62902e-07,1.60594e-07,1.558e-07,1.59287e-07,1.59593e-07,1.65929e-07
2.2457e-07,1.96819e-07,1.82808e-07,1.71094e-07,1.62413e-07,1.55364e-07,1.52926e-07,1.48666e-07,1.51921e-07,1.52576e-07,1.58723e-07
2.16039e-07,1.89276e-07,1.74941e-07,1.63491e-07,1.55034e-07,1.48444e-07,1.45851e-07,1.42111e-07,1.45183e-07,1.4615e-07,1.52045e-07
2.08139e-07,1.82401e-07,1.67801e-07,1.56551e-07,1.48452e-07,1.42246e-07,1.39628e-07,1.36234e-07,1.39132e-07,1.40308e-07,1.45981e-07
2.0093e-07,1.75989e-07,1.61258e-07,1.50471e-07,1.42365e-07,1.36479e-07,1.33628e-07,1.30841e-07,1.33463e-07,1.34919e-07,1.40174e-07
1.93984e-07,1.70028e-07,1.55296e-07,1.44657e-07,1.36956e-07,1.31258e-07,1.28421e-07,1.2592e-07,1.28343e-07,1.29929e-07,1.35297e-07
1.88559e-07,1.6484e-07,1.50029e-07,1.39623e-07,1.32064e-07,1.26551e-07,1.23773e-07,1.21631e-07,1.23814e-07,1.25512e-07,1.30654e-07
1.82582e-07,1.5995e-07,1.45189e-07,1.3492e-07,1.27635e-07,1.22385e-07,1.19485e-07,1.17527e-07,1.19602e-07,1.21364e-07,1.26656e-07
1.7735e-07,1.55343e-07,1.40708e-07,1.30693e-07,1.23552e-07,1.18458e-07,1.15496e-07,1.13852e-07,1.15765e-07,1.17754e-07,1.23207e-07
1.72292e-07,1.51078e-07,1.36524e-07,1.26897e-07,1.19774e-07,1.14909e-07,1.1197e-07,1.10399e-07,1.12082e-07,1.14194e-07,1.19289e-07
1.67693e-07,1.4695e-07,1.32524e-07,1.22988e-07,1.16235e-07,1.11572e-07,1.0859e-07,1.07221e-07,1.08846e-07,1.10969e-07,1.16016e-07
1.63265e-07,1.43258e-07,1.28989e-07,1.19558e-07,1.13001e-07,1.08606e-07,1.05724e-07,1.04351e-07,1.05866e-07,1.08048e-07,1.12862e-07
1.59005e-07,1.39449e-07,1.25496e-07,1.15991e-07,1.09996e-07,1.0567e-07,1.02643e-07,1.01465e-07,1.02953e-07,1.05276e-07,1.10043e-07
1.54737e-07,1.36117e-07,1.22275e-07,1.13155e-07,1.07106e-07,1.02922e-07,1.00004e-07,9.88713e-08,1.00258e-07,1.02383e-07,1.06842e-07
1.51226e-07,1.32886e-07,1.19291e-07,1.10461e-07,1.04418e-07,1.00276e-07,9.74563e-08,9.65647e-08,9.77822e-08,1.00013e-07,1.04805e-07
1.47424e-07,1.29763e-07,1.16432e-07,1.07768e-07,1.01896e-07,9.78402e-08,9.51693e-08,9.42865e-08,9.54408e-08,9.76323e-08,1.02439e-07
1.43833e-07,1.26701e-07,1.13747e-07,1.05219e-07,9.95246e-08,9.55775e-08,9.28439e-08,9.20653e-08,9.32075e-08,9.53897e-08,1.00005e-07
1.40734e-07,1.23863e-07,1.11212e-07,1.03044e-07,9.72379e-08,9.34001e-08,9.0755e-08,8.99265e-08,9.10011e-08,9.32218e-08,9.78718e-08
1.37684e-07,1.21017e-07,1.08646e-07,1.00399e-07,9.50494e-08,9.12498e-08,8.87644e-08,8.79213e-08,8.90212e-08,9.11906e-08,9.56794e-08
1.34377e-07,1.18147e-07,1.06202e-07,9.8059e-08,9.28792e-08,8.92323e-08,8.67152e-08,8.593e-08,8.69897e-08,8.88774e-08,9.37081e-08
1.31068e-07,1.15478e-07,1.03744e-07,9.57957e-08,9.07787e-08,8.71851e-08,8.47163e-08,8.39922e-08,8.50863e-08,8.70971e-08,9.15996e-08
1.28349e-07,1.12802e-07,1.01378e-07,9.35484e-08,8.86988e-08,8.5206e-08,8.27358e-08,8.20458e-08,8.32012e-08,8.51881e-08,8.96747e-08
1.24976e-07,1.10127e-07,9.90747e-08,9.13779e-08,8.67057e-08,8.33242e-08,8.09338e-08,8.02494e-08,8.13729e-08,8.32806e-08,8.76158e-08
1.22165e-07,1.07632e-07,9.6812e-08,8.92812e-08,8.4705e-08,8.13355e-08,7.90952e-08,7.84059e-08,7.95288e-08,8.14506e-08,8.58294e-08
1.19168e-07,1.0523e-07,9.46185e-08,8.72038e-08,8.27841e-08,7.95448e-08,7.73316e-08,7.6674e-08,7.77604e-08,7.96945e-08,8.39344e-08
1.16464e-07,1.02655e-07,9.25755e-08,8.51349e-08,8.08819e-08,7.77777e-08,7.57174e-08,7.49158e-08,7.59801e-08,7.7613e-08,8.21616e-08
1.1357e-07,1.00414e-07,9.03355e-08,8.31797e-08,7.90151e-08,7.59872e-08,7.38375e-08,7.32541e-08,7.43001e-08,7.61431e-08,8.03207e-08
1.11057e-07,9.80173e-08,8.82827e-08,8.11793e-08,7.71713e-08,7.41958e-08,7.21758e-08,7.15508e-08,7.26353e-08,7.44816e-08,7.85629e-08
1.08521e-07,9.57488e-08,8.62098e-08,7.928e-08,7.53797e-08,7.25223e-08,7.05675e-08,6.99174e-08,7.09732e-08,7.2791e-08,7.69043e-08
1.06039e-07,9.37476e-08,8.44742e-08,7.761e-08,7.38771e-08,7.10209e-08,6.91205e-08,6.8521e-08,6.95735e-08,7.12988e-08,7.53826e-08
1.03218e-07,9.16109e-08,8.25718e-08,7.58037e-08,7.21685e-08,6.93767e-08,6.75375e-08,6.6982e-08,6.80268e-08,6.97081e-08,7.37101e-08
1.00833e-07,8.94153e-08,8.06597e-08,7.40103e-08,7.04991e-08,6.77877e-08,6.60042e-08,6.54337e-08,6.64475e-08,6.76446e-08,7.2162e-08
9.86989e-08,8.70472e-08,7.84476e-08,7.19591e-08,6.85619e-08,6.59705e-08,6.42552e-08,6.36572e-08,6.4762e-08,6.62986e-08,7.01929e-08
9.59736e-08,8.48807e-08,7.66203e-08,7.02361e-08,6.69527e-08,6.43815e-08,6.27363e-08,6.22095e-08,6.32579e-08,6.47752e-08,6.871e-08
9.36898e-08,8.29147e-08,7.47424e-08,6.85486e-08,6.53511e-08,6.28839e-08,6.12453e-08,6.07767e-08,6.18156e-08,6.33986e-08,6.71453e-08
9.1131e-08,8.08763e-08,7.29415e-08,6.68385e-08,6.37952e-08,6.13972e-08,5.982e-08,5.93239e-08,6.03406e-08,6.1695e-08,6.55153e-08
8.9105e-08,7.8964e-08,7.11804e-08,6.51886e-08,6.22626e-08,5.9929e-08,5.84226e-08,5.79326e-08,5.89416e-08,6.03589e-08,6.3922e-08
8.70678e-08,7.69585e-08,6.94788e-08,6.36042e-08,6.07376e-08,5.84634e-08,5.69959e-08,5.65164e-08,5.75088e-08,5.83807e-08,6.24486e-08
8.46134e-08,7.50332e-08,6.77116e-08,6.19952e-08,5.92433e-08,5.70138e-08,5.5608e-08,5.51554e-08,5.61517e-08,5.73966e-08,6.09484e-08
8.25005e-08,7.32655e-08,6.60082e-08,6.04512e-08,5.77684e-08,5.5625e-08,5.42362e-08,5.38301e-08,5.48357e-08,5.61042e-08,5.95744e-08
8.05674e-08,7.12642e-08,6.43075e-08,5.89116e-08,5.63483e-08,5.42316e-08,5.29376e-08,5.25009e-08,5.3488e-08,5.46866e-08,5.79456e-08
7.83093e-08,6.94771e-08,6.27482e-08,5.73987e-08,5.49283e-08,5.2894e-08,5.16148e-08,5.12025e-08,5.21452e-08,5.32426e-08,5.67442e-08
7.6255e-08,6.77831e-08,6.11523e-08,5.59091e-08,5.35712e-08,5.16156e-08,5.03592e-08,4.99534e-08,5.08883e-08,5.20059e-08,5.53726e-08
7.43131e-08,6.59958e-08,5.9659e-08,5.44853e-08,5.2227e-08,5.0334e-08,4.91117e-08,4.87093e-08,4.95959e-08,5.02126e-08,5.41827e-08
7.20655e-08,6.43812e-08,5.80343e-08,5.31024e-08,5.08883e-08,4.90213e-08,4.78593e-08,4.75149e-08,4.84481e-08,4.93261e-08,5.27643e-08
7.0205e-08,6.26092e-08,5.65846e-08,5.16986e-08,4.95876e-08,4.77349e-08,4.66349e-08,4.63021e-08,4.72059e-08,4.79723e-08,5.12572e-08
6.87314e-08,6.10442e-08,5.50589e-08,5.03842e-08,4.83249e-08,4.65288e-08,4.5457e-08,4.51135e-08,4.59854e-08,4.68876e-08,5.02227e-08
6.70149e-08,5.94264e-08,5.36596e-08,4.90502e-08,4.70787e-08,4.53087e-08,4.42946e-08,4.39681e-08,4.48195e-08,4.56456e-08,4.8914e-08
6.50454e-08,5.80062e-08,5.22056e-08,4.7747e-08,4.58435e-08,4.41655e-08,4.31588e-08,4.28549e-08,4.36787e-08,4.44816e-08,4.75915e-08
6.34648e-08,5.63227e-08,5.09616e-08,4.65226e-08,4.46422e-08,4.29508e-08,4.20474e-08,4.17355e-08,4.25222e-08,4.2802e-08,4.64605e-08
6.14617e-08,5.48619e-08,4.94995e-08,4.52731e-08,4.34849e-08,4.18609e-08,4.0951e-08,4.06858e-08,4.146e-08,4.21522e-08,4.51889e-08
6.00844e-08,5.33831e-08,4.81583e-08,4.40804e-08,4.23259e-08,4.06901e-08,3.98658e-08,3.96086e-08,4.03609e-08,4.0984e-08,4.40126e-08
5.8433e-08,5.18791e-08,4.68527e-08,4.28679e-08,4.11933e-08,3.96816e-08,3.88193e-08,3.8567e-08,3.93093e-08,3.99434e-08,4.28953e-08
5.68987e-08,5.05552e-08,4.56041e-08,4.17026e-08,4.01026e-08,3.85872e-08,3.77827e-08,3.7563e-08,3.82843e-08,3.88903e-08,4.16723e-08
5.54071e-08,4.89497e-08,4.43338e-08,4.05428e-08,3.9005e-08,3.75502e-08,3.67728e-08,3.65467e-08,3.72476e-08,3.77881e-08,4.0595e-08
5.38781e-08,4.7778e-08,4.31969e-08,3.95074e-08,3.7956e-08,3.65411e-08,3.57854e-08,3.55727e-08,3.62593e-08,3.67083e-08,3.95211e-08
5.27024e-08,4.69797e-08,4.22463e-08,3.86899e-08,3.72506e-08,3.58403e-08,3.5105e-08,3.49077e-08,3.55311e-08,3.60423e-08,3.87824e-08
5.09345e-08,4.51652e-08,4.07882e-08,3.72686e-08,3.59016e-08,3.4632e-08,3.38654e-08,3.36675e-08,3.43038e-08,3.47803e-08,3.74578e-08
4.94263e-08,4.3948e-08,3.96346e-08,3.62069e-08,3.49061e-08,3.36023e-08,3.29377e-08,3.2757e-08,3.33602e-08,3.38026e-08,3.64342e-08
4.81512e-08,4.27194e-08,3.85193e-08,3.51934e-08,3.39476e-08,3.26649e-08,3.20193e-08,3.18636e-08,3.24485e-08,3.28956e-08,3.55661e-08
4.68807e-08,4.15185e-08,3.73894e-08,3.43046e-08,3.29992e-08,3.17366e-08,3.11478e-08,3.09769e-08,3.15708e-08,3.19233e-08,3.45085e-08
4.56982e-08,4.01255e-08,3.63881e-08,3.33069e-08,3.20684e-08,3.08601e-08,3.02839e-08,3.01309e-08,3.07036e-08,3.11456e-08,3.35104e-08
4.41198e-08,3.92941e-08,3.5351e-08,3.23585e-08,3.11964e-08,3.00122e-08,2.94518e-08,2.93072e-08,2.98484e-08,3.01291e-08,3.25453e-08
4.30963e-08,3.81323e-08,3.43722e-08,3.14977e-08,3.03315e-08,2.91594e-08,2.86335e-08,2.85007e-08,2.90131e-08,2.93619e-08,3.16329e-08
4.19426e-08,3.71216e-08,3.33556e-08,3.05922e-08,2.95052e-08,2.84721e-08,2.78361e-08,2.77082e-08,2.82282e-08,2.85752e-08,3.08324e-08
4.0846e-08,3.62639e-08,3.24515e-08,2.97936e-08,2.86607e-08,2.75648e-08,2.70622e-08,2.69552e-08,2.74263e-08,2.77182e-08,2.9944e-08
3.96919e-08,3.50938e-08,3.15372e-08,2.8954e-08,2.7875e-08,2.68043e-08,2.63275e-08,2.62209e-08,2.66806e-08,2.69816e-08,2.91191e-08
3.86374e-08,3.40497e-08,3.06703e-08,2.81576e-08,2.71004e-08,2.59679e-08,2.56062e-08,2.55157e-08,2.59268e-08,2.62266e-08,2.83379e-08
3.77254e-08,3.29471e-08,2.97905e-08,2.7408e-08,2.63773e-08,2.52304e-08,2.49006e-08,2.47996e-08,2.52487e-08,2.56022e-08,2.7516e-08
3.65494e-08,3.22029e-08,2.88743e-08,2.66565e-08,2.5632e-08,2.45458e-08,2.42313e-08,2.41332e-08,2.45409e-08,2.49222e-08,2.67617e-08
3.55946e-08,3.12953e-08,2.81647e-08,2.5956e-08,2.49211e-08,2.39333e-08,2.35533e-08,2.34741e-08,2.38468e-08,2.40863e-08,2.59506e-08
3.42744e-08,3.04208e-08,2.73826e-08,2.51988e-08,2.42351e-08,2.32746e-08,2.28955e-08,2.28381e-08,2.31914e-08,2.33945e-08,2.52352e-08
3.35737e-08,2.94362e-08,2.66103e-08,2.45384e-08,2.3556e-08,2.26284e-08,2.22689e-08,2.21965e-08,2.25531e-08,2.28623e-08,2.45946e-08
3.28591e-08,2.87492e-08,2.59106e-08,2.38314e-08,2.29161e-08,2.20087e-08,2.16596e-08,2.15948e-08,2.19384e-08,2.2266e-08,2.39298e-08
3.19086e-08,2.79484e-08,2.52065e-08,2.31136e-08,2.22992e-08,2.14156e-08,2.10735e-08,2.10154e-08,2.13377e-08,2.16595e-08,2.33231e-08
3.10087e-08,2.72128e-08,2.43895e-08,2.25912e-08,2.17022e-08,2.08436e-08,2.05149e-08,2.04459e-08,2.07573e-08,2.10306e-08,2.26766e-08
3.03407e-08,2.64401e-08,2.38522e-08,2.19641e-08,2.11182e-08,2.02732e-08,1.99669e-08,1.98959e-08,2.0216e-08,2.06424e-08,2.19905e-08
2.95549e-08,2.57367e-08,2.32052e-08,2.13957e-08,2.05729e-08,1.97321e-08,1.94238e-08,1.93714e-08,1.96804e-08,2.00999e-08,2.14234e-08
2.88034e-08,2.50461e-08,2.25877e-08,2.08313e-08,2.00271e-08,1.92073e-08,1.892e-08,1.88694e-08,1.91426e-08,1.95153e-08,2.07667e-08
2.80298e-08,2.43976e-08,2.20391e-08,2.02879e-08,1.9523e-08,1.88142e-08,1.84494e-08,1.83871e-08,1.86524e-08,1.90329e-08,2.02793e-08
2.7303e-08,2.37596e-08,2.15662e-08,1.97913e-08,1.90126e-08,1.82779e-08,1.79668e-08,1.7917e-08,1.81564e-08,1.85741e-08,1.97981e-08
2.66326e-08,2.30623e-08,2.09005e-08,1.92568e-08,1.85428e-08,1.77845e-08,1.75229e-08,1.74676e-08,1.76947e-08,1.81213e-08,1.93093e-08
2.60136e-08,2.27603e-08,2.03982e-08,1.87926e-08,1.81034e-08,1.73561e-08,1.7099e-08,1.70465e-08,1.72566e-08,1.76838e-08,1.88383e-08
2.52597e-08,2.19959e-08,2.00302e-08,1.83634e-08,1.76518e-08,1.69215e-08,1.66935e-08,1.66316e-08,1.68443e-08,1.72679e-08,1.83852e-08
2.49669e-08,2.14989e-08,1.94359e-08,1.79273e-08,1.72468e-08,1.65347e-08,1.62869e-08,1.62414e-08,1.6452e-08,1.69613e-08,1.79341e-08
2.43816e-08,2.10084e-08,1.89689e-08,1.75042e-08,1.68514e-08,1.61489e-08,1.59127e-08,1.58611e-08,1.60596e-08,1.64882e-08,1.75029e-08
2.38522e-08,2.04984e-08,1.86434e-08,1.71371e-08,1.64615e-08,1.57855e-08,1.55599e-08,1.5498e-08,1.56925e-08,1.61226e-08,1.70678e-08
2.33923e-08,2.00634e-08,1.81095e-08,1.67298e-08,1.61101e-08,1.53445e-08,1.52121e-08,1.51584e-08,1.53391e-08,1.57775e-08,1.67347e-08
2.28852e-08,1.95936e-08,1.77316e-08,1.63626e-08,1.57627e-08,1.51037e-08,1.48759e-08,1.48202e-08,1.49986e-08,1.54469e-08,1.63784e-08
2.24539e-08,1.91776e-08,1.73579e-08,1.61111e-08,1.54313e-08,1.48099e-08,1.45618e-08,1.45042e-08,1.46846e-08,1.50685e-08,1.60515e-08
2.19324e-08,1.873e-08,1.69888e-08,1.55761e-08,1.51108e-08,1.44878e-08,1.42538e-08,1.41975e-08,1.43549e-08,1.4817e-08,1.57856e-08
2.14891e-08,1.83335e-08,1.66332e-08,1.5251e-08,1.48012e-08,1.41931e-08,1.39594e-08,1.39034e-08,1.4056e-08,1.45221e-08,1.54658e-08
2.10241e-08,1.78468e-08,1.62899e-08,1.50234e-08,1.44893e-08,1.3892e-08,1.3678e-08,1.36316e-08,1.37901e-08,1.43185e-08,1.50653e-08
2.07969e-08,1.77147e-08,1.59836e-08,1.46775e-08,1.42288e-08,1.36902e-08,1.34035e-08,1.33554e-08,1.34982e-08,1.39674e-08,1.47885e-08
2.03969e-08,1.73561e-08,1.56243e-08,1.44905e-08,1.39434e-08,1.3349e-08,1.31361e-08,1.30971e-08,1.323e-08,1.35976e-08,1.43965e-08
1.98858e-08,1.69954e-08,1.53326e-08,1.40975e-08,1.36724e-08,1.31047e-08,1.28745e-08,1.28287e-08,1.29578e-08,1.3411e-08,1.41982e-08
1.95217e-08,1.65524e-08,1.50418e-08,1.38633e-08,1.33955e-08,1.28137e-08,1.26242e-08,1.2577e-08,1.27075e-08,1.31699e-08,1.39215e-08
1.91492e-08,1.61889e-08,1.47281e-08,1.35931e-08,1.31383e-08,1.25921e-08,1.23804e-08,1.23338e-08,1.24637e-08,1.29246e-08,1.36448e-08
1.87948e-08,1.58819e-08,1.43756e-08,1.33163e-08,1.28934e-08,1.23879e-08,1.21405e-08,1.20923e-08,1.2217e-08,1.27162e-08,1.33887e-08
1.84404e-08,1.55509e-08,1.4157e-08,1.31697e-08,1.26582e-08,1.21239e-08,1.19102e-08,1.18687e-08,1.19894e-08,1.23761e-08,1.31349e-08
1.80705e-08,1.52427e-08,1.38957e-08,1.28282e-08,1.24061e-08,1.18987e-08,1.16814e-08,1.16472e-08,1.17639e-08,1.22994e-08,1.28841e-08
1.76551e-08,1.48215e-08,1.36154e-08,1.26237e-08,1.21745e-08,1.1676e-08,1.14713e-08,1.14262e-08,1.15366e-08,1.19939e-08,1.26509e-08
1.74176e-08,1.4655e-08,1.33669e-08,1.2357e-08,1.19573e-08,1.14591e-08,1.12577e-08,1.12186e-08,1.13268e-08,1.17668e-08,1.23451e-08
1.70667e-08,1.43819e-08,1.31154e-08,1.2121e-08,1.17363e-08,1.12568e-08,1.1046e-08,1.1011e-08,1.11128e-08,1.15517e-08,1.2185e-08
1.67912e-08,1.41053e-08,1.2861e-08,1.20246e-08,1.15261e-08,1.10536e-08,1.08511e-08,1.08029e-08,1.09116e-08,1.12729e-08,1.19579e-08
1.64294e-08,1.38378e-08,1.26446e-08,1.15965e-08,1.13193e-08,1.08173e-08,1.06501e-08,1.06143e-08,1.06956e-08,1.11432e-08,1.18308e-08
1.61339e-08,1.35991e-08,1.24373e-08,1.13892e-08,1.11189e-08,1.06596e-08,1.046e-08,1.04225e-08,1.05121e-08,1.09461e-08,1.16313e-08
1.58982e-08,1.33123e-08,1.21718e-08,1.13119e-08,1.09208e-08,1.04819e-08,1.0275e-08,1.02393e-08,1.03413e-08,1.07479e-08,1.13242e-08
1.55978e-08,1.30788e-08,1.19734e-08,1.10676e-08,1.0724e-08,1.03036e-08,1.00897e-08,1.00609e-08,1.01552e-08,1.06322e-08,1.11274e-08
1.53101e-08,1.28367e-08,1.17475e-08,1.0868e-08,1.05363e-08,1.01197e-08,9.90544e-09,9.87639e-09,9.9656e-09,1.0376e-08,1.09324e-08
1.50072e-08,1.25884e-08,1.15334e-08,1.06705e-08,1.03478e-08,9.93692e-09,9.73064e-09,9.70642e-09,9.78285e-09,1.01854e-08,1.06946e-08
1.47033e-08,1.23575e-08,1.1316e-08,1.0468e-08,1.01682e-08,9.77249e-09,9.5575e-09,9.53263e-09,9.60404e-09,1.00129e-08,1.0568e-08
1.43831e-08,1.20441e-08,1.11e-08,1.02726e-08,9.98255e-09,9.59766e-09,9.3843e-09,9.3696e-09,9.42928e-09,9.83259e-09,1.03864e-08
1.41828e-08,1.18993e-08,1.09012e-08,1.00944e-08,9.80352e-09,9.4288e-09,9.21498e-09,9.19049e-09,9.26325e-09,9.65098e-09,1.01818e-08
1.39657e-08,1.16665e-08,1.07027e-08,9.91272e-09,9.62537e-09,9.27792e-09,9.04871e-09,9.02532e-09,9.09827e-09,9.48577e-09,1.00032e-08
1.36603e-08,1.14527e-08,1.05047e-08,9.72873e-09,9.44996e-09,9.09727e-09,8.88374e-09,8.86583e-09,8.93321e-09,9.30498e-09,9.82055e-09
1.34084e-08,1.12559e-08,1.03118e-08,9.55222e-09,9.27935e-09,8.91989e-09,8.72286e-09,8.70865e-09,8.77224e-09,9.13148e-09,9.64321e-09
1.31379e-08,1.10386e-08,1.01188e-08,9.38088e-09,9.11298e-09,8.77509e-09,8.56466e-09,8.54717e-09,8.61034e-09,8.96911e-09,9.47244e-09
1.29e-08,1.08103e-08,9.92558e-09,9.21443e-09,8.94785e-09,8.6173e-09,8.40985e-09,8.39796e-09,8.45469e-09,8.80531e-09,9.24333e-09
1.26329e-08,1.06183e-08,9.73578e-09,9.03729e-09,8.78461e-09,8.46664e-09,8.25749e-09,8.2466e-09,8.29475e-09,8.63833e-09,9.11303e-09
1.24447e-08,1.04042e-08,9.55914e-09,8.87415e-09,8.62355e-09,8.3125e-09,8.10708e-09,8.0951e-09,8.14716e-09,8.49007e-09,8.95338e-09
1.21148e-08,1.01546e-08,9.38321e-09,8.65346e-09,8.46387e-09,8.16961e-09,7.95666e-09,7.94572e-09,7.992e-09,8.33269e-09,8.83273e-09
1.19333e-08,1.00118e-08,9.20496e-09,8.54794e-09,8.31162e-09,8.0196e-09,7.80995e-09,7.80134e-09,7.84889e-09,8.17447e-09,8.61727e-09
1.17243e-08,9.81977e-09,9.01833e-09,8.38681e-09,8.15669e-09,7.87072e-09,7.66621e-09,7.66566e-09,7.70218e-09,8.02098e-09,8.45335e-09
1.15121e-08,9.67754e-09,8.84695e-09,8.21738e-09,8.00751e-09,7.73111e-09,7.52671e-09,7.51353e-09,7.5624e-09,7.87264e-09,8.29078e-09
1.1262e-08,9.45569e-09,8.66333e-09,8.08065e-09,7.85705e-09,7.58525e-09,7.38207e-09,7.38103e-09,7.4185e-09,7.7185e-09,8.13542e-09
1.10495e-08,9.27498e-09,8.51473e-09,7.93397e-09,7.71396e-09,7.43922e-09,7.24867e-09,7.24592e-09,7.28052e-09,7.57006e-09,7.95801e-09
1.08332e-08,9.09747e-09,8.34495e-09,7.78208e-09,7.56874e-09,7.30684e-09,7.11484e-09,7.10829e-09,7.13509e-09,7.42836e-09,7.82739e-09
1.06333e-08,8.9235e-09,8.17876e-09,7.67368e-09,7.425e-09,7.1711e-09,6.97952e-09,6.97707e-09,7.00677e-09,7.26032e-09,7.67734e-09
1.04059e-08,8.74133e-09,8.01708e-09,7.48786e-09,7.28982e-09,7.03551e-09,6.84927e-09,6.84762e-09,6.8766e-09,7.14184e-09,7.53882e-09
1.01939e-08,8.58537e-09,7.86975e-09,7.35452e-09,7.14917e-09,6.9115e-09,6.71952e-09,6.71675e-09,6.74022e-09,7.01202e-09,7.38604e-09
1.00137e-08,8.41809e-09,7.71494e-09,7.2098e-09,7.01184e-09,6.78121e-09,6.59988e-09,6.593e-09,6.61639e-09,6.89469e-09,7.24436e-09
9.80423e-09,8.2501e-09,7.5867e-09,7.07499e-09,6.87615e-09,6.65612e-09,6.47044e-09,6.47013e-09,6.48386e-09,6.74273e-09,7.10772e-09
9.60675e-09,8.09783e-09,7.41435e-09,6.94117e-09,6.75073e-09,6.52676e-09,6.34442e-09,6.34399e-09,6.35813e-09,6.60908e-09,6.96397e-09
9.40661e-09,7.93264e-09,7.27192e-09,6.81569e-09,6.6238e-09,6.40748e-09,6.22152e-09,6.22433e-09,6.24107e-09,6.47781e-09,6.79352e-09
9.22958e-09,7.78582e-09,7.12321e-09,6.68003e-09,6.49706e-09,6.28331e-09,6.10747e-09,6.10521e-09,6.11941e-09,6.34781e-09,6.68553e-09
9.04136e-09,7.63767e-09,6.96934e-09,6.55352e-09,6.37937e-09,6.16095e-09,6.00128e-09,5.98997e-09,5.99571e-09,6.21801e-09,6.55974e-09
8.86105e-09,7.49678e-09,6.84809e-09,6.40996e-09,6.25424e-09,6.05062e-09,5.87847e-09,5.87712e-09,5.88254e-09,6.09638e-09,6.43872e-09
8.67144e-09,7.33884e-09,6.70312e-09,6.30696e-09,6.13543e-09,5.93246e-09,5.76487e-09,5.76401e-09,5.7723e-09,5.97122e-09,6.29572e-09
8.51296e-09,7.20062e-09,6.57953e-09,6.18749e-09,6.01748e-09,5.82413e-09,5.65659e-09,5.65535e-09,5.658e-09,5.87048e-09,6.16391e-09
8.35357e-09,7.05669e-09,6.45153e-09,6.06732e-09,5.90114e-09,5.71321e-09,5.54711e-09,5.54884e-09,5.54759e-09,5.7376e-09,6.05748e-09
8.17154e-09,6.9303e-09,6.32406e-09,5.95557e-09,5.78786e-09,5.60215e-09,5.45177e-09,5.44263e-09,5.44147e-09,5.61592e-09,5.92938e-09
7.9977e-09,6.78405e-09,6.20449e-09,5.84369e-09,5.68078e-09,5.50547e-09,5.34165e-09,5.33606e-09,5.33933e-09,5.51123e-09,5.80913e-09
7.8457e-09,6.65993e-09,6.07726e-09,5.73006e-09,5.57603e-09,5.39494e-09,5.23635e-09,5.2351e-09,5.22986e-09,5.41315e-09,5.67453e-09
7.69265e-09,6.52288e-09,5.9641e-09,5.61923e-09,5.46304e-09,5.29326e-09,5.13731e-09,5.13816e-09,5.12509e-09,5.29531e-09,5.57139e-09
7.53247e-09,6.4031e-09,5.8415e-09,5.51591e-09,5.36262e-09,5.18812e-09,5.04006e-09,5.03537e-09,5.02243e-09,5.18533e-09,5.45309e-09
7.35599e-09,6.27796e-09,5.73572e-09,5.41651e-09,5.26231e-09,5.09173e-09,4.95163e-09,4.93851e-09,4.92808e-09,5.07306e-09,5.35219e-09
7.23342e-09,6.15876e-09,5.61188e-09,5.30656e-09,5.1608e-09,4.99435e-09,4.84717e-09,4.84499e-09,4.8311e-09,4.97329e-09,5.23211e-09
7.08709e-09,6.03988e-09,5.50797e-09,5.20872e-09,5.06109e-09,4.8997e-09,4.75735e-09,4.75232e-09,4.73833e-09,4.87719e-09,5.12643e-09
6.94368e-09,5.92788e-09,5.39457e-09,5.1128e-09,4.96501e-09,4.81037e-09,4.67096e-09,4.66333e-09,4.64649e-09,4.77164e-09,5.01444e-09
6.80198e-09,5.8131e-09,5.29082e-09,5.01406e-09,4.88314e-09,4.71079e-09,4.57835e-09,4.57378e-09,4.55004e-09,4.67734e-09,4.91311e-09
6.67212e-09,5.70294e-09,5.17517e-09,4.91981e-09,4.78352e-09,4.62403e-09,4.50014e-09,4.48469e-09,4.47647e-09,4.5683e-09,4.81479e-09
6.52858e-09,5.59687e-09,5.08684e-09,4.8272e-09,4.69382e-09,4.53754e-09,4.40877e-09,4.40149e-09,4.37623e-09,4.48704e-09,4.7115e-09
6.41344e-09,5.49341e-09,4.98812e-09,4.73842e-09,4.60553e-09,4.44759e-09,4.32954e-09,4.31615e-09,4.28556e-09,4.38827e-09,4.5983e-09
6.27603e-09,5.38319e-09,4.88985e-09,4.65028e-09,4.52011e-09,4.36874e-09,4.24048e-09,4.23277e-09,4.2023e-09,4.3092e-09,4.51088e-09
6.16613e-09,5.28393e-09,4.79525e-09,4.56487e-09,4.43583e-09,4.28544e-09,4.16126e-09,4.15072e-09,4.12123e-09,4.22224e-09,4.41224e-09
6.02946e-09,5.17612e-09,4.70453e-09,4.47887e-09,4.35259e-09,4.20758e-09,4.07546e-09,4.0721e-09,4.03652e-09,4.13804e-09,4.32239e-09
5.88517e-09,5.08983e-09,4.62203e-09,4.3996e-09,4.27062e-09,4.11771e-09,4.00897e-09,3.99531e-09,3.95078e-09,4.0546e-09,4.22668e-09
5.78428e-09,4.98975e-09,4.52371e-09,4.31616e-09,4.19362e-09,4.04814e-09,3.92963e-09,3.91787e-09,3.88186e-09,3.96688e-09,4.13963e-09
5.68303e-09,4.89586e-09,4.43868e-09,4.23991e-09,4.12025e-09,3.9773e-09,3.8572e-09,3.84139e-09,3.81167e-09,3.87906e-09,4.05046e-09
5.55339e-09,4.81015e-09,4.34403e-09,4.16204e-09,4.04256e-09,3.89639e-09,3.78468e-09,3.76976e-09,3.7371e-09,3.80202e-09,3.96016e-09
5.47307e-09,4.72171e-09,4.27178e-09,4.08609e-09,3.9666e-09,3.82803e-09,3.7156e-09,3.70116e-09,3.66158e-09,3.72629e-09,3.87869e-09
5.3403e-09,4.63266e-09,4.19034e-09,4.01375e-09,3.8939e-09,3.75607e-09,3.64711e-09,3.63033e-09,3.58949e-09,3.64676e-09,3.79593e-09
5.22869e-09,4.56041e-09,4.12332e-09,3.94659e-09,3.82611e-09,3.68578e-09,3.58286e-09,3.56084e-09,3.52003e-09,3.57854e-09,3.71661e-09
5.15039e-09,4.47491e-09,4.04386e-09,3.86707e-09,3.76317e-09,3.62071e-09,3.51079e-09,3.4991e-09,3.46081e-09,3.49668e-09,3.64496e-09
5.03799e-09,4.39381e-09,3.96118e-09,3.80122e-09,3.69055e-09,3.55635e-09,3.44545e-09,3.43692e-09,3.39603e-09,3.42766e-09,3.55415e-09
4.94628e-09,4.30876e-09,3.89784e-09,3.73783e-09,3.63015e-09,3.4937e-09,3.39247e-09,3.37375e-09,3.33358e-09,3.36986e-09,3.49248e-09
4.85628e-09,4.24594e-09,3.82165e-09,3.66987e-09,3.55754e-09,3.4269e-09,3.33231e-09,3.31024e-09,3.27793e-09,3.29625e-09,3.40865e-09
4.7652e-09,4.16381e-09,3.75838e-09,3.60967e-09,3.50563e-09,3.37256e-09,3.27507e-09,3.25595e-09,3.21038e-09,3.23816e-09,3.33834e-09
4.67785e-09,4.09355e-09,3.69633e-09,3.55081e-09,3.44687e-09,3.31001e-09,3.21473e-09,3.19559e-09,3.14951e-09,3.16409e-09,3.28385e-09
4.60149e-09,4.02163e-09,3.62688e-09,3.48989e-09,3.38462e-09,3.25263e-09,3.15965e-09,3.13728e-09,3.0964e-09,3.10212e-09,3.20902e-09
4.51878e-09,3.9556e-09,3.5629e-09,3.43224e-09,3.32636e-09,3.20007e-09,3.10605e-09,3.08458e-09,3.03971e-09,3.04208e-09,3.15211e-09
4.44097e-09,3.8974e-09,3.50712e-09,3.37828e-09,3.26981e-09,3.14455e-09,3.05515e-09,3.03017e-09,2.99095e-09,2.99238e-09,3.0799e-09
4.34508e-09,3.82853e-09,3.43661e-09,3.32453e-09,3.22276e-09,3.08619e-09,3.00292e-09,2.98188e-09,2.94162e-09,2.92647e-09,3.01706e-09
4.29061e-09,3.75684e-09,3.39134e-09,3.26688e-09,3.17449e-09,3.04573e-09,2.94155e-09,2.93396e-09,2.88696e-09,2.871e-09,2.95398e-09
4.21083e-09,3.70456e-09,3.33157e-09,3.2182e-09,3.11928e-09,2.99367e-09,2.90625e-09,2.87889e-09,2.83396e-09,2.82522e-09,2.89523e-09
4.14528e-09,3.63958e-09,3.27883e-09,3.16873e-09,3.06911e-09,2.95129e-09,2.86065e-09,2.83791e-09,2.79512e-09,2.77542e-09,2.85429e-09
4.07664e-09,3.58417e-09,3.22966e-09,3.12284e-09,3.02249e-09,2.89678e-09,2.81378e-09,2.789e-09,2.74261e-09,2.72325e-09,2.79005e-09
4.00455e-09,3.52867e-09,3.18051e-09,3.07478e-09,2.97481e-09,2.8534e-09,2.7685e-09,2.74471e-09,2.69578e-09,2.67331e-09,2.73687e-09
3.92346e-09,3.47384e-09,3.13453e-09,3.0274e-09,2.93257e-09,2.80963e-09,2.72504e-09,2.70213e-09,2.65227e-09,2.62452e-09,2.69821e-09
3.86048e-09,3.42462e-09,3.07877e-09,2.98108e-09,2.8956e-09,2.75522e-09,2.68631e-09,2.65559e-09,2.60893e-09,2.58342e-09,2.63852e-09
3.82054e-09,3.37055e-09,3.03388e-09,2.93934e-09,2.84362e-09,2.72385e-09,2.63937e-09,2.61742e-09,2.56178e-09,2.54728e-09,2.59154e-09
3.7566e-09,3.31595e-09,2.99003e-09,2.89724e-09,2.79581e-09,2.68056e-09,2.60571e-09,2.5785e-09,2.52689e-09,2.49206e-09,2.53661e-09
3.69022e-09,3.25943e-09,2.93751e-09,2.85133e-09,2.75993e-09,2.64255e-09,2.56459e-09,2.53737e-09,2.48464e-09,2.45724e-09,2.49421e-09
3.63414e-09,3.22884e-09,2.90563e-09,2.80529e-09,2.72474e-09,2.60641e-09,2.52554e-09,2.5049e-09,2.44987e-09,2.40106e-09,2.44641e-09
3.57889e-09,3.17805e-09,2.85155e-09,2.76784e-09,2.67956e-09,2.56572e-09,2.48955e-09,2.46282e-09,2.41325e-09,2.36803e-09,2.40341e-09
3.51897e-09,3.13383e-09,2.81281e-09,2.72974e-09,2.63832e-09,2.53058e-09,2.45427e-09,2.42778e-09,2.38182e-09,2.34718e-09,2.37322e-09
3.46608e-09,3.08823e-09,2.77788e-09,2.69045e-09,2.61494e-09,2.47998e-09,2.41995e-09,2.39179e-09,2.33431e-09,2.29622e-09,2.31945e-09
3.42072e-09,3.04994e-09,2.72959e-09,2.65526e-09,2.56802e-09,2.45832e-09,2.3823e-09,2.35287e-09,2.30316e-09,2.25555e-09,2.27625e-09
3.37827e-09,3.00942e-09,2.69209e-09,2.61633e-09,2.52859e-09,2.42239e-09,2.35732e-09,2.32217e-09,2.2708e-09,2.21159e-09,2.24756e-09
3.33663e-09,2.9541e-09,2.65908e-09,2.58142e-09,2.49845e-09,2.38682e-09,2.31472e-09,2.29009e-09,2.23739e-09,2.18725e-09,2.19804e-09
3.27891e-09,2.906e-09,2.62303e-09,2.5438e-09,2.4628e-09,2.35309e-09,2.28243e-09,2.2565e-09,2.20596e-09,2.15175e-09,2.17358e-09
3.22685e-09,2.87141e-09,2.5812e-09,2.50915e-09,2.4274e-09,2.32278e-09,2.25054e-09,2.22803e-09,2.17052e-09,2.11935e-09,2.12381e-09
3.16523e-09,2.81735e-09,2.55115e-09,2.4825e-09,2.39715e-09,2.29312e-09,2.22181e-09,2.1936e-09,2.13411e-09,2.10357e-09,2.0845e-09
3.13048e-09,2.79112e-09,2.51269e-09,2.44333e-09,2.36025e-09,2.25819e-09,2.18945e-09,2.16447e-09,2.11131e-09,2.04821e-09,2.04994e-09
3.09527e-09,2.75509e-09,2.47702e-09,2.40849e-09,2.32725e-09,2.22811e-09,2.15779e-09,2.13289e-09,2.07738e-09,2.01861e-09,2.02023e-09
3.05778e-09,2.71712e-09,2.44843e-09,2.37821e-09,2.29771e-09,2.19235e-09,2.13009e-09,2.09959e-09,2.05083e-09,1.98611e-09,1.99257e-09
3.00912e-09,2.68743e-09,2.41186e-09,2.34302e-09,2.26698e-09,2.16533e-09,2.09938e-09,2.07535e-09,2.0205e-09,1.95796e-09,1.94898e-09
2.96616e-09,2.64454e-09,2.37263e-09,2.31476e-09,2.24166e-09,2.13703e-09,2.07133e-09,2.04582e-09,1.9949e-09,1.922e-09,1.9217e-09
2.9206e-09,2.61553e-09,2.34424e-09,2.2809e-09,2.20534e-09,2.10813e-09,2.04314e-09,2.01844e-09,1.96422e-09,1.90167e-09,1.88684e-09
2.88378e-09,2.55538e-09,2.32144e-09,2.24759e-09,2.17942e-09,2.08028e-09,2.0171e-09,1.99441e-09,1.93748e-09,1.87024e-09,1.85576e-09
2.84812e-09,2.53645e-09,2.29074e-09,2.22163e-09,2.14765e-09,2.05216e-09,1.99156e-09,1.96519e-09,1.90718e-09,1.83348e-09,1.84214e-09
2.80432e-09,2.50743e-09,2.25426e-09,2.192e-09,2.12125e-09,2.02578e-09,1.96273e-09,1.93863e-09,1.88487e-09,1.8066e-09,1.79987e-09
2.76934e-09,2.48146e-09,2.22478e-09,2.1644e-09,2.09295e-09,2.00305e-09,1.93828e-09,1.91252e-09,1.86168e-09,1.78029e-09,1.76154e-09
2.735e-09,2.43865e-09,2.1983e-09,2.13431e-09,2.06561e-09,1.97338e-09,1.91184e-09,1.88316e-09,1.83432e-09,1.76197e-09,1.74372e-09
2.69796e-09,2.41614e-09,2.16817e-09,2.11135e-09,2.03896e-09,1.95174e-09,1.88826e-09,1.86234e-09,1.80936e-09,1.73332e-09,1.71261e-09
2.66422e-09,2.37889e-09,2.14289e-09,2.08567e-09,2.01159e-09,1.92161e-09,1.86502e-09,1.83994e-09,1.78982e-09,1.70967e-09,1.69782e-09
