9.41023e-06,9.37355e-06,9.5425e-06,9.6329e-06,9.83287e-06,9.98046e-06,1.01003e-05,1.02778e-05,1.03572e-05,1.04634e-05,1.04941e-05,1.056e-05,1.05345e-05,1.05414e-05,1.0519e-05,1.04367e-05,1.04337e-05,1.0343e-05,1.03394e-05,1.03301e-05,1.03502e-05,1.04734e-05
8.67258e-06,8.65701e-06,8.7885e-06,8.8923e-06,9.08581e-06,9.24333e-06,9.35387e-06,9.52864e-06,9.60966e-06,9.68575e-06,9.72577e-06,9.79051e-06,9.78925e-06,9.77933e-06,9.74458e-06,9.66573e-06,9.64014e-06,9.58231e-06,9.54086e-06,9.5204e-06,9.52939e-06,9.62004e-06
7.9901e-06,8.0152e-06,8.14608e-06,8.26456e-06,8.45202e-06,8.56881e-06,8.70192e-06,8.84419e-06,8.92769e-06,9.01597e-06,9.05921e-06,9.06782e-06,9.10719e-06,9.08455e-06,9.05676e-06,8.97662e-06,8.96249e-06,8.90831e-06,8.83965e-06,8.82498e-06,8.80624e-06,8.8862e-06
7.37816e-06,7.44693e-06,7.54761e-06,7.67521e-06,7.85103e-06,7.9787e-06,8.09501e-06,8.2282e-06,8.31595e-06,8.38703e-06,8.42778e-06,8.4447e-06,8.49127e-06,8.4637e-06,8.43114e-06,8.34932e-06,8.3137e-06,8.26962e-06,8.20104e-06,8.17028e-06,8.14084e-06,8.20031e-06
6.87789e-06,6.96742e-06,7.06489e-06,7.19318e-06,7.358e-06,7.4813e-06,7.59184e-06,7.71815e-06,7.80709e-06,7.86759e-06,7.90933e-06,7.92099e-06,7.97128e-06,7.94044e-06,7.90551e-06,7.82668e-06,7.79248e-06,7.74858e-06,7.67212e-06,7.63834e-06,7.60008e-06,7.64085e-06
6.45387e-06,6.55132e-06,6.64827e-06,6.77449e-06,6.93897e-06,7.0612e-06,7.16679e-06,7.28999e-06,7.36409e-06,7.41431e-06,7.46348e-06,7.46628e-06,7.5163e-06,7.48932e-06,7.45423e-06,7.37853e-06,7.34046e-06,7.31362e-06,7.22484e-06,7.19791e-06,7.14686e-06,7.17381e-06
6.06684e-06,6.16486e-06,6.2697e-06,6.3906e-06,6.53238e-06,6.65541e-06,6.75218e-06,6.86933e-06,6.95182e-06,6.99709e-06,7.04339e-06,7.04799e-06,7.0965e-06,7.06322e-06,7.02874e-06,6.9554e-06,6.9258e-06,6.87606e-06,6.80047e-06,6.7491e-06,6.70568e-06,6.71092e-06
5.73098e-06,5.8255e-06,5.93484e-06,6.05199e-06,6.18087e-06,6.30745e-06,6.39739e-06,6.50982e-06,6.58804e-06,6.62899e-06,6.67691e-06,6.67915e-06,6.7262e-06,6.69157e-06,6.65816e-06,6.58827e-06,6.55934e-06,6.50687e-06,6.43516e-06,6.37364e-06,6.33233e-06,6.32052e-06
5.42836e-06,5.52007e-06,5.63105e-06,5.74555e-06,5.86291e-06,5.99305e-06,6.07622e-06,6.18387e-06,6.2577e-06,6.29629e-06,6.34465e-06,6.34539e-06,6.39159e-06,6.35496e-06,6.32299e-06,6.25636e-06,6.22688e-06,6.17264e-06,6.10525e-06,6.0351e-06,5.99703e-06,5.97045e-06
5.15473e-06,5.24567e-06,5.35729e-06,5.46866e-06,5.57611e-06,5.70886e-06,5.78489e-06,5.88879e-06,5.95825e-06,5.99601e-06,6.04394e-06,6.04372e-06,6.08751e-06,6.05084e-06,6.01837e-06,5.95573e-06,5.92671e-06,5.86945e-06,5.80838e-06,5.72946e-06,5.69411e-06,5.65798e-06
4.904e-06,4.99408e-06,5.10137e-06,5.21187e-06,5.31417e-06,5.44474e-06,5.51741e-06,5.61563e-06,5.68084e-06,5.71879e-06,5.76441e-06,5.76557e-06,5.80992e-06,5.76914e-06,5.74263e-06,5.67877e-06,5.64719e-06,5.5896e-06,5.5323e-06,5.44963e-06,5.41802e-06,5.36887e-06
4.67443e-06,4.76627e-06,4.86911e-06,4.98109e-06,5.07967e-06,5.2043e-06,5.27386e-06,5.3703e-06,5.42768e-06,5.46959e-06,5.51042e-06,5.51272e-06,5.55871e-06,5.51577e-06,5.49476e-06,5.42844e-06,5.39426e-06,5.33547e-06,5.28098e-06,5.19652e-06,5.16789e-06,5.11192e-06
4.4627e-06,4.5547e-06,4.65359e-06,4.75957e-06,4.85573e-06,4.97725e-06,5.04636e-06,5.13589e-06,5.1933e-06,5.2332e-06,5.27373e-06,5.27853e-06,5.31806e-06,5.27626e-06,5.25448e-06,5.19255e-06,5.15663e-06,5.09639e-06,5.0462e-06,4.96146e-06,4.92929e-06,4.87084e-06
4.26813e-06,4.35939e-06,4.45686e-06,4.56094e-06,4.65323e-06,4.76819e-06,4.83802e-06,4.92573e-06,4.97827e-06,5.0192e-06,5.05572e-06,5.06378e-06,5.09878e-06,5.05887e-06,5.04018e-06,4.97709e-06,4.94103e-06,4.87913e-06,4.8303e-06,4.74643e-06,4.71288e-06,4.65554e-06
4.08846e-06,4.17986e-06,4.27279e-06,4.37477e-06,4.46489e-06,4.5728e-06,4.6442e-06,4.72656e-06,4.77767e-06,4.81919e-06,4.85359e-06,4.86398e-06,4.89428e-06,4.85564e-06,4.83817e-06,4.77673e-06,4.74018e-06,4.67654e-06,4.62831e-06,4.54811e-06,4.51041e-06,4.45176e-06
3.92625e-06,4.01849e-06,4.10783e-06,4.20543e-06,4.29594e-06,4.39212e-06,4.46761e-06,4.5443e-06,4.59629e-06,4.63573e-06,4.66742e-06,4.68048e-06,4.70512e-06,4.67025e-06,4.65658e-06,4.59302e-06,4.56215e-06,4.49294e-06,4.4446e-06,4.36745e-06,4.3275e-06,4.26799e-06
3.77156e-06,3.86325e-06,3.95352e-06,4.04735e-06,4.13331e-06,4.2261e-06,4.30363e-06,4.37581e-06,4.42433e-06,4.46599e-06,4.49392e-06,4.51253e-06,4.52631e-06,4.49675e-06,4.48223e-06,4.42459e-06,4.38435e-06,4.32402e-06,4.26986e-06,4.19358e-06,4.15449e-06,4.10052e-06
3.62705e-06,3.71323e-06,3.79846e-06,3.89526e-06,3.97586e-06,4.06709e-06,4.14155e-06,4.21312e-06,4.26106e-06,4.30189e-06,4.32952e-06,4.34555e-06,4.36049e-06,4.33102e-06,4.31428e-06,4.25799e-06,4.22233e-06,4.156e-06,4.10566e-06,4.03318e-06,3.98844e-06,3.93317e-06
3.4947e-06,3.58291e-06,3.66339e-06,3.75569e-06,3.83544e-06,3.92151e-06,3.99614e-06,4.06592e-06,4.11259e-06,4.15331e-06,4.1789e-06,4.19696e-06,4.20433e-06,4.17946e-06,4.16139e-06,4.10879e-06,4.07527e-06,4.00724e-06,3.95579e-06,3.88581e-06,3.83722e-06,3.78559e-06
3.3723e-06,3.45757e-06,3.53484e-06,3.62643e-06,3.70311e-06,3.78659e-06,3.85971e-06,3.92572e-06,3.97293e-06,4.01406e-06,4.03623e-06,4.05534e-06,4.05963e-06,4.03739e-06,4.01757e-06,3.96753e-06,3.93494e-06,3.86759e-06,3.81626e-06,3.7473e-06,3.69866e-06,3.64685e-06
3.2539e-06,3.3393e-06,3.41377e-06,3.50169e-06,3.57631e-06,3.65633e-06,3.72798e-06,3.79365e-06,3.83903e-06,3.87855e-06,3.90184e-06,3.92083e-06,3.92035e-06,3.90119e-06,3.88017e-06,3.83446e-06,3.79984e-06,3.73356e-06,3.68154e-06,3.61395e-06,3.56546e-06,3.51568e-06
3.14528e-06,3.2198e-06,3.30005e-06,3.3895e-06,3.45668e-06,3.53565e-06,3.60556e-06,3.67367e-06,3.71521e-06,3.7544e-06,3.7729e-06,3.79167e-06,3.7928e-06,3.77605e-06,3.75501e-06,3.70897e-06,3.67245e-06,3.60972e-06,3.55687e-06,3.48685e-06,3.44588e-06,3.40158e-06
3.04213e-06,3.12163e-06,3.19343e-06,3.27791e-06,3.34469e-06,3.4182e-06,3.48876e-06,3.55222e-06,3.59529e-06,3.63374e-06,3.65636e-06,3.67185e-06,3.67009e-06,3.65157e-06,3.62849e-06,3.59221e-06,3.55295e-06,3.48893e-06,3.43527e-06,3.37154e-06,3.32715e-06,3.28131e-06
2.94962e-06,3.02192e-06,3.0907e-06,3.17929e-06,3.24083e-06,3.31487e-06,3.38196e-06,3.43981e-06,3.4856e-06,3.52391e-06,3.54499e-06,3.5604e-06,3.56207e-06,3.54419e-06,3.51707e-06,3.4838e-06,3.43755e-06,3.38409e-06,3.33159e-06,3.26443e-06,3.22258e-06,3.16815e-06
2.85444e-06,2.93098e-06,2.9926e-06,3.08142e-06,3.14106e-06,3.21425e-06,3.27834e-06,3.33721e-06,3.37696e-06,3.41524e-06,3.43895e-06,3.44901e-06,3.44944e-06,3.43231e-06,3.41049e-06,3.373e-06,3.3342e-06,3.27342e-06,3.2195e-06,3.15953e-06,3.12175e-06,3.07144e-06
2.76736e-06,2.8347e-06,2.90068e-06,2.97766e-06,3.0422e-06,3.11293e-06,3.1732e-06,3.23138e-06,3.27346e-06,3.31127e-06,3.33232e-06,3.34454e-06,3.34228e-06,3.32868e-06,3.29999e-06,3.26974e-06,3.22543e-06,3.17145e-06,3.11792e-06,3.05785e-06,3.01517e-06,2.96478e-06
2.68847e-06,2.75226e-06,2.82117e-06,2.8907e-06,2.95733e-06,3.02439e-06,3.08343e-06,3.14138e-06,3.18228e-06,3.21659e-06,3.24019e-06,3.25281e-06,3.24801e-06,3.23597e-06,3.20814e-06,3.17793e-06,3.13133e-06,3.0792e-06,3.02797e-06,2.96956e-06,2.92819e-06,2.8786e-06
2.61166e-06,2.67359e-06,2.73624e-06,2.80621e-06,2.86928e-06,2.93821e-06,2.99348e-06,3.0493e-06,3.09012e-06,3.12774e-06,3.14736e-06,3.15794e-06,3.15503e-06,3.14209e-06,3.11208e-06,3.08601e-06,3.04166e-06,2.99111e-06,2.93624e-06,2.88142e-06,2.83706e-06,2.78701e-06
2.537e-06,2.60057e-06,2.65946e-06,2.72513e-06,2.79121e-06,2.85296e-06,2.90963e-06,2.965e-06,3.00472e-06,3.03826e-06,3.062e-06,3.07075e-06,3.06677e-06,3.05577e-06,3.02737e-06,2.99969e-06,2.95446e-06,2.90413e-06,2.85307e-06,2.79657e-06,2.75699e-06,2.70587e-06
2.47191e-06,2.52521e-06,2.58547e-06,2.65131e-06,2.7168e-06,2.78061e-06,2.83175e-06,2.88583e-06,2.92658e-06,2.9598e-06,2.98288e-06,2.98986e-06,2.98808e-06,2.97899e-06,2.94765e-06,2.91993e-06,2.87118e-06,2.82693e-06,2.77792e-06,2.72087e-06,2.67919e-06,2.6239e-06
2.4021e-06,2.46155e-06,2.5176e-06,2.57748e-06,2.64295e-06,2.70077e-06,2.75495e-06,2.80839e-06,2.84705e-06,2.87877e-06,2.9023e-06,2.90951e-06,2.9056e-06,2.89524e-06,2.86709e-06,2.83963e-06,2.79523e-06,2.74719e-06,2.69766e-06,2.64469e-06,2.60417e-06,2.55271e-06
2.33948e-06,2.39335e-06,2.44966e-06,2.50841e-06,2.57203e-06,2.63014e-06,2.68191e-06,2.73404e-06,2.77273e-06,2.80575e-06,2.82615e-06,2.83278e-06,2.83038e-06,2.81931e-06,2.79052e-06,2.76302e-06,2.71963e-06,2.67327e-06,2.6245e-06,2.5742e-06,2.53016e-06,2.47938e-06
2.27965e-06,2.33221e-06,2.38697e-06,2.44366e-06,2.50647e-06,2.56286e-06,2.61378e-06,2.6649e-06,2.70313e-06,2.73511e-06,2.75543e-06,2.76159e-06,2.75912e-06,2.74807e-06,2.71983e-06,2.69219e-06,2.64955e-06,2.60371e-06,2.55638e-06,2.50753e-06,2.46258e-06,2.41193e-06
2.22266e-06,2.27404e-06,2.32752e-06,2.3823e-06,2.44418e-06,2.4991e-06,2.54919e-06,2.59916e-06,2.63701e-06,2.66796e-06,2.68811e-06,2.69394e-06,2.69134e-06,2.68045e-06,2.65274e-06,2.62464e-06,2.58298e-06,2.53763e-06,2.49143e-06,2.4441e-06,2.39838e-06,2.34821e-06
2.16946e-06,2.21933e-06,2.27197e-06,2.32543e-06,2.38461e-06,2.43971e-06,2.48848e-06,2.53726e-06,2.57469e-06,2.6052e-06,2.62451e-06,2.63058e-06,2.6276e-06,2.61691e-06,2.58855e-06,2.56173e-06,2.52131e-06,2.47663e-06,2.43052e-06,2.38555e-06,2.33694e-06,2.28873e-06
2.11604e-06,2.16656e-06,2.21629e-06,2.26895e-06,2.32799e-06,2.38014e-06,2.4289e-06,2.4768e-06,2.51398e-06,2.54288e-06,2.56242e-06,2.56804e-06,2.56479e-06,2.55421e-06,2.52749e-06,2.49894e-06,2.45885e-06,2.41565e-06,2.3712e-06,2.32489e-06,2.27903e-06,2.22793e-06
2.06607e-06,2.11489e-06,2.16415e-06,2.21559e-06,2.27288e-06,2.32394e-06,2.37233e-06,2.4187e-06,2.45554e-06,2.4835e-06,2.50319e-06,2.5085e-06,2.50545e-06,2.49499e-06,2.46848e-06,2.43958e-06,2.4002e-06,2.35704e-06,2.31506e-06,2.27116e-06,2.22178e-06,2.1746e-06
2.01847e-06,2.06627e-06,2.11423e-06,2.16472e-06,2.22043e-06,2.27037e-06,2.31816e-06,2.36331e-06,2.39999e-06,2.42706e-06,2.44635e-06,2.45169e-06,2.44828e-06,2.43816e-06,2.41196e-06,2.3829e-06,2.34446e-06,2.30181e-06,2.26118e-06,2.21759e-06,2.16774e-06,2.12101e-06
1.97273e-06,2.01969e-06,2.06635e-06,2.11655e-06,2.1699e-06,2.21886e-06,2.26615e-06,2.31051e-06,2.34674e-06,2.37303e-06,2.39186e-06,2.39719e-06,2.39373e-06,2.3854e-06,2.35732e-06,2.32905e-06,2.29169e-06,2.24962e-06,2.20934e-06,2.16742e-06,2.11599e-06,2.07154e-06
1.92815e-06,1.97437e-06,2.0203e-06,2.0695e-06,2.1225e-06,2.1702e-06,2.21663e-06,2.25932e-06,2.2959e-06,2.32122e-06,2.33923e-06,2.34495e-06,2.34086e-06,2.33184e-06,2.30587e-06,2.27622e-06,2.24097e-06,2.19866e-06,2.1589e-06,2.11653e-06,2.06721e-06,2.0226e-06
1.88399e-06,1.92989e-06,1.97376e-06,2.02217e-06,2.07424e-06,2.12082e-06,2.16667e-06,2.20847e-06,2.24438e-06,2.26909e-06,2.28689e-06,2.29241e-06,2.28823e-06,2.2794e-06,2.25359e-06,2.22495e-06,2.18911e-06,2.14774e-06,2.10969e-06,2.06865e-06,2.01674e-06,1.97318e-06
1.84169e-06,1.88736e-06,1.92955e-06,1.97762e-06,2.02788e-06,2.07378e-06,2.11892e-06,2.15973e-06,2.19514e-06,2.21924e-06,2.23659e-06,2.2422e-06,2.23782e-06,2.22927e-06,2.2037e-06,2.17517e-06,2.14005e-06,2.09953e-06,2.06233e-06,2.02207e-06,1.96979e-06,1.927e-06
1.80192e-06,1.84545e-06,1.88746e-06,1.9345e-06,1.98393e-06,2.0287e-06,2.07292e-06,2.11309e-06,2.14824e-06,2.17152e-06,2.18823e-06,2.19406e-06,2.18962e-06,2.18126e-06,2.15587e-06,2.12755e-06,2.09346e-06,2.0533e-06,2.01706e-06,1.97711e-06,1.92461e-06,1.88294e-06
1.75931e-06,1.80415e-06,1.84382e-06,1.89033e-06,1.93823e-06,1.98224e-06,2.02597e-06,2.06485e-06,2.09925e-06,2.12227e-06,2.13856e-06,2.14437e-06,2.13949e-06,2.13165e-06,2.10643e-06,2.07867e-06,2.04488e-06,2.00562e-06,1.96984e-06,1.93076e-06,1.87782e-06,1.83692e-06
1.72069e-06,1.76644e-06,1.80508e-06,1.84946e-06,1.89767e-06,1.94093e-06,1.98383e-06,2.02123e-06,2.05506e-06,2.07791e-06,2.09374e-06,2.09948e-06,2.09402e-06,2.08706e-06,2.06248e-06,2.03446e-06,2.00174e-06,1.96196e-06,1.92522e-06,1.88853e-06,1.83615e-06,1.7946e-06
1.67838e-06,1.72253e-06,1.75971e-06,1.80452e-06,1.85047e-06,1.89259e-06,1.9349e-06,1.97175e-06,2.00486e-06,2.02699e-06,2.0422e-06,2.04822e-06,2.04308e-06,2.03574e-06,2.01103e-06,1.98408e-06,1.95155e-06,1.91414e-06,1.87911e-06,1.8412e-06,1.78844e-06,1.74917e-06
1.64072e-06,1.68628e-06,1.72182e-06,1.766e-06,1.81021e-06,1.85144e-06,1.89293e-06,1.9294e-06,1.96157e-06,1.98332e-06,1.99842e-06,2.00435e-06,1.99906e-06,1.99156e-06,1.96751e-06,1.94098e-06,1.90867e-06,1.87212e-06,1.83778e-06,1.80087e-06,1.74758e-06,1.70825e-06
1.59744e-06,1.64145e-06,1.67636e-06,1.71866e-06,1.7631e-06,1.80306e-06,1.84384e-06,1.87912e-06,1.91076e-06,1.93195e-06,1.94615e-06,1.95222e-06,1.9469e-06,1.93958e-06,1.91634e-06,1.88966e-06,1.85905e-06,1.82276e-06,1.78843e-06,1.75129e-06,1.69937e-06,1.66141e-06
1.55749e-06,1.59924e-06,1.6337e-06,1.6759e-06,1.71878e-06,1.75862e-06,1.79824e-06,1.83187e-06,1.86313e-06,1.88384e-06,1.89714e-06,1.90334e-06,1.89819e-06,1.89144e-06,1.8673e-06,1.84192e-06,1.8112e-06,1.77617e-06,1.74356e-06,1.70692e-06,1.65523e-06,1.61974e-06
1.5159e-06,1.5592e-06,1.59198e-06,1.63336e-06,1.67418e-06,1.713e-06,1.75182e-06,1.78518e-06,1.81492e-06,1.83566e-06,1.8486e-06,1.85501e-06,1.84955e-06,1.84233e-06,1.81938e-06,1.79415e-06,1.76374e-06,1.72993e-06,1.69794e-06,1.66262e-06,1.61117e-06,1.57493e-06
1.47475e-06,1.51518e-06,1.54827e-06,1.58805e-06,1.62897e-06,1.66728e-06,1.70476e-06,1.73638e-06,1.76619e-06,1.78603e-06,1.79818e-06,1.80445e-06,1.79922e-06,1.79272e-06,1.76937e-06,1.74515e-06,1.71564e-06,1.68258e-06,1.65119e-06,1.61538e-06,1.56503e-06,1.53145e-06
1.4316e-06,1.47267e-06,1.5045e-06,1.54347e-06,1.58305e-06,1.62007e-06,1.65695e-06,1.68786e-06,1.71659e-06,1.73627e-06,1.74756e-06,1.7543e-06,1.7487e-06,1.74187e-06,1.72032e-06,1.69626e-06,1.6674e-06,1.63595e-06,1.60361e-06,1.56962e-06,1.51951e-06,1.48512e-06
1.3919e-06,1.43006e-06,1.46297e-06,1.49826e-06,1.53656e-06,1.57282e-06,1.60834e-06,1.63932e-06,1.66716e-06,1.68646e-06,1.69688e-06,1.70416e-06,1.69854e-06,1.69059e-06,1.67001e-06,1.64665e-06,1.61966e-06,1.58933e-06,1.55731e-06,1.52232e-06,1.47545e-06,1.44371e-06
1.34505e-06,1.38522e-06,1.4166e-06,1.45121e-06,1.48906e-06,1.52397e-06,1.55887e-06,1.58853e-06,1.61482e-06,1.6339e-06,1.64436e-06,1.65108e-06,1.64511e-06,1.63822e-06,1.61847e-06,1.59465e-06,1.56781e-06,1.5374e-06,1.50709e-06,1.47345e-06,1.42556e-06,1.39266e-06
1.30089e-06,1.33998e-06,1.37083e-06,1.40425e-06,1.44105e-06,1.47503e-06,1.50874e-06,1.53715e-06,1.56268e-06,1.58149e-06,1.59119e-06,1.59801e-06,1.5919e-06,1.58517e-06,1.56572e-06,1.54357e-06,1.51692e-06,1.48816e-06,1.45792e-06,1.42487e-06,1.3778e-06,1.34602e-06
1.25777e-06,1.29412e-06,1.32553e-06,1.35611e-06,1.3934e-06,1.42555e-06,1.45878e-06,1.48631e-06,1.51085e-06,1.52986e-06,1.53814e-06,1.54559e-06,1.53903e-06,1.53237e-06,1.51399e-06,1.49222e-06,1.46645e-06,1.43781e-06,1.40835e-06,1.37729e-06,1.33021e-06,1.30123e-06
1.21069e-06,1.24918e-06,1.27864e-06,1.30966e-06,1.34424e-06,1.37625e-06,1.40848e-06,1.43421e-06,1.45745e-06,1.47584e-06,1.48477e-06,1.49133e-06,1.48463e-06,1.47891e-06,1.4607e-06,1.43989e-06,1.41404e-06,1.387e-06,1.35867e-06,1.32764e-06,1.2825e-06,1.25013e-06
1.16593e-06,1.20221e-06,1.23171e-06,1.26073e-06,1.29403e-06,1.32529e-06,1.35566e-06,1.38114e-06,1.40379e-06,1.42152e-06,1.42924e-06,1.43632e-06,1.42991e-06,1.4233e-06,1.40614e-06,1.38591e-06,1.3614e-06,1.33603e-06,1.30776e-06,1.27673e-06,1.23309e-06,1.20404e-06
1.1202e-06,1.15544e-06,1.18439e-06,1.21203e-06,1.24412e-06,1.27451e-06,1.3037e-06,1.32827e-06,1.34986e-06,1.36722e-06,1.37425e-06,1.38141e-06,1.37493e-06,1.36843e-06,1.35216e-06,1.33245e-06,1.30867e-06,1.28461e-06,1.25684e-06,1.22657e-06,1.18421e-06,1.15627e-06
1.07499e-06,1.10928e-06,1.13818e-06,1.16345e-06,1.19452e-06,1.22396e-06,1.25245e-06,1.27653e-06,1.29597e-06,1.31373e-06,1.32009e-06,1.32771e-06,1.3209e-06,1.31422e-06,1.29928e-06,1.27914e-06,1.25646e-06,1.23379e-06,1.20648e-06,1.17668e-06,1.1365e-06,1.10899e-06
1.02914e-06,1.06287e-06,1.09053e-06,1.11461e-06,1.14515e-06,1.17288e-06,1.2003e-06,1.223e-06,1.24327e-06,1.25988e-06,1.26494e-06,1.27248e-06,1.26587e-06,1.25898e-06,1.2458e-06,1.22662e-06,1.20516e-06,1.18247e-06,1.15444e-06,1.12544e-06,1.08635e-06,1.05985e-06
9.82907e-07,1.01451e-06,1.0419e-06,1.0656e-06,1.09393e-06,1.12166e-06,1.1473e-06,1.16908e-06,1.1878e-06,1.20391e-06,1.20901e-06,1.21626e-06,1.20958e-06,1.20357e-06,1.18961e-06,1.17181e-06,1.15026e-06,1.12976e-06,1.10398e-06,1.0762e-06,1.03787e-06,1.01291e-06
9.37354e-07,9.67641e-07,9.94416e-07,1.01704e-06,1.04401e-06,1.0708e-06,1.09533e-06,1.11616e-06,1.13392e-06,1.14955e-06,1.15413e-06,1.16137e-06,1.15479e-06,1.1488e-06,1.13565e-06,1.11849e-06,1.09764e-06,1.07837e-06,1.05325e-06,1.02637e-06,9.89429e-07,9.65559e-07
8.94103e-07,9.20107e-07,9.4796e-07,9.67702e-07,9.95291e-07,1.01997e-06,1.04419e-06,1.06424e-06,1.08112e-06,1.09697e-06,1.09995e-06,1.10794e-06,1.10101e-06,1.09532e-06,1.08317e-06,1.06628e-06,1.04635e-06,1.02709e-06,1.00256e-06,9.78497e-07,9.41818e-07,9.21542e-07
8.47814e-07,8.75356e-07,9.00881e-07,9.21381e-07,9.45773e-07,9.70779e-07,9.93033e-07,1.01208e-06,1.02804e-06,1.04269e-06,1.04623e-06,1.05336e-06,1.04685e-06,1.04126e-06,1.02951e-06,1.01365e-06,9.9425e-07,9.77224e-07,9.53478e-07,9.28489e-07,8.94425e-07,8.72477e-07
8.23637e-07,8.51596e-07,8.77571e-07,8.96202e-07,9.20051e-07,9.44592e-07,9.66052e-07,9.84674e-07,1.00027e-06,1.01393e-06,1.01829e-06,1.02399e-06,1.01853e-06,1.01333e-06,1.00185e-06,9.85555e-07,9.66738e-07,9.48797e-07,9.27615e-07,9.02988e-07,8.68152e-07,8.48693e-07
7.62138e-07,7.86701e-07,8.11077e-07,8.29033e-07,8.5112e-07,8.74277e-07,8.94667e-07,9.12492e-07,9.25368e-07,9.40245e-07,9.42566e-07,9.50279e-07,9.43057e-07,9.37699e-07,9.27271e-07,9.14238e-07,8.95298e-07,8.81654e-07,8.57737e-07,8.34291e-07,8.03968e-07,7.83235e-07
7.19407e-07,7.42805e-07,7.66201e-07,7.83981e-07,8.047e-07,8.27143e-07,8.46077e-07,8.62649e-07,8.76151e-07,8.89286e-07,8.91465e-07,8.98377e-07,8.92132e-07,8.8714e-07,8.7724e-07,8.63325e-07,8.4596e-07,8.31912e-07,8.10304e-07,7.88284e-07,7.58626e-07,7.39392e-07
6.7944e-07,7.0118e-07,7.2373e-07,7.41306e-07,7.60436e-07,7.81887e-07,8.00297e-07,8.15495e-07,8.29415e-07,8.41596e-07,8.4298e-07,8.49937e-07,8.43695e-07,8.38675e-07,8.29431e-07,8.16711e-07,7.99795e-07,7.86158e-07,7.65325e-07,7.44727e-07,7.15911e-07,6.97334e-07
6.39304e-07,6.6006e-07,6.81839e-07,6.98458e-07,7.16748e-07,7.37533e-07,7.54576e-07,7.69551e-07,7.81506e-07,7.93536e-07,7.9518e-07,8.01576e-07,7.95725e-07,7.91194e-07,7.82287e-07,7.69687e-07,7.53656e-07,7.41328e-07,7.21113e-07,7.01008e-07,6.74247e-07,6.56486e-07
6.0149e-07,6.20943e-07,6.41816e-07,6.57442e-07,6.75313e-07,6.95252e-07,7.11237e-07,7.25314e-07,7.36912e-07,7.48277e-07,7.49784e-07,7.55682e-07,7.50112e-07,7.46008e-07,7.37665e-07,7.2539e-07,7.10062e-07,6.98015e-07,6.78929e-07,6.59682e-07,6.34365e-07,6.17454e-07
5.65545e-07,5.84065e-07,6.04998e-07,6.20453e-07,6.35745e-07,6.55879e-07,6.7057e-07,6.84768e-07,6.95041e-07,7.05981e-07,7.07179e-07,7.13502e-07,7.08116e-07,7.04206e-07,6.96541e-07,6.82642e-07,6.68684e-07,6.5788e-07,6.38793e-07,6.20274e-07,5.97686e-07,5.8087e-07
5.30486e-07,5.47757e-07,5.67188e-07,5.81751e-07,5.9775e-07,6.15953e-07,6.30424e-07,6.42967e-07,6.53294e-07,6.63764e-07,6.64836e-07,6.70407e-07,6.65019e-07,6.61269e-07,6.52909e-07,6.42158e-07,6.28516e-07,6.17294e-07,6.00621e-07,5.8322e-07,5.59954e-07,5.43929e-07
4.97512e-07,5.13704e-07,5.32004e-07,5.46346e-07,5.61092e-07,5.78764e-07,5.92369e-07,6.04735e-07,6.14211e-07,6.24096e-07,6.25052e-07,6.30469e-07,6.25267e-07,6.21742e-07,6.14367e-07,6.03919e-07,5.90452e-07,5.80523e-07,5.63112e-07,5.46556e-07,5.25531e-07,5.1041e-07
4.66705e-07,4.81917e-07,4.99311e-07,5.1325e-07,5.27268e-07,5.44225e-07,5.57135e-07,5.68936e-07,5.779e-07,5.87263e-07,5.88161e-07,5.93271e-07,5.88305e-07,5.84941e-07,5.77882e-07,5.67896e-07,5.54988e-07,5.4549e-07,5.28766e-07,5.12981e-07,4.93323e-07,4.78808e-07
4.38176e-07,4.52806e-07,4.69216e-07,4.82903e-07,4.96542e-07,5.13491e-07,5.24734e-07,5.35788e-07,5.44998e-07,5.53415e-07,5.54684e-07,5.59195e-07,5.54615e-07,5.51724e-07,5.43905e-07,5.3459e-07,5.2243e-07,5.13398e-07,4.98026e-07,4.82568e-07,4.63756e-07,4.49873e-07
4.1118e-07,4.24772e-07,4.40322e-07,4.53561e-07,4.66418e-07,4.82005e-07,4.93717e-07,5.0451e-07,5.12634e-07,5.20964e-07,5.21867e-07,5.26289e-07,5.21855e-07,5.18706e-07,5.12209e-07,5.03033e-07,4.91192e-07,4.82301e-07,4.66881e-07,4.52579e-07,4.35323e-07,4.2199e-07
3.86614e-07,3.9949e-07,4.14155e-07,4.27094e-07,4.39471e-07,4.54424e-07,4.6564e-07,4.75991e-07,4.83756e-07,4.91593e-07,4.92559e-07,4.96634e-07,4.92468e-07,4.89396e-07,4.8313e-07,4.74298e-07,4.62946e-07,4.5426e-07,4.39477e-07,4.25809e-07,4.09709e-07,3.96923e-07
3.64233e-07,3.76471e-07,3.90256e-07,4.02919e-07,4.14903e-07,4.2924e-07,4.4003e-07,4.49976e-07,4.57431e-07,4.64804e-07,4.65861e-07,4.6958e-07,4.65679e-07,4.62652e-07,4.56603e-07,4.48081e-07,4.3718e-07,4.28646e-07,4.14452e-07,4.01404e-07,3.86351e-07,3.74088e-07
3.43985e-07,3.55615e-07,3.68618e-07,3.80994e-07,3.92637e-07,4.06401e-07,4.16811e-07,4.26396e-07,4.33579e-07,4.40506e-07,4.4168e-07,4.45035e-07,4.41421e-07,4.38416e-07,4.32554e-07,4.24297e-07,4.13829e-07,4.0539e-07,3.91783e-07,3.79285e-07,3.65252e-07,3.53412e-07
3.25911e-07,3.37142e-07,3.49337e-07,3.61401e-07,3.72779e-07,3.86048e-07,3.96135e-07,4.05382e-07,4.12321e-07,4.18836e-07,4.20216e-07,4.23138e-07,4.19664e-07,4.16874e-07,4.11009e-07,4.03091e-07,3.93063e-07,3.84683e-07,3.71564e-07,3.59561e-07,3.4641e-07,3.34916e-07
3.09904e-07,3.20466e-07,3.31944e-07,3.43909e-07,3.55011e-07,3.67658e-07,3.77741e-07,3.86485e-07,3.93212e-07,3.99372e-07,4.00937e-07,4.03595e-07,4.00448e-07,3.97349e-07,3.91821e-07,3.84105e-07,3.74331e-07,3.6634e-07,3.53453e-07,3.41946e-07,3.29592e-07,3.18662e-07
2.95635e-07,3.05671e-07,3.16624e-07,3.28216e-07,3.39135e-07,3.51402e-07,3.60989e-07,3.69702e-07,3.76286e-07,3.82064e-07,3.83665e-07,3.86009e-07,3.83162e-07,3.8014e-07,3.74702e-07,3.67068e-07,3.5769e-07,3.49317e-07,3.37335e-07,3.26189e-07,3.147e-07,3.03897e-07
2.83413e-07,2.92828e-07,3.03456e-07,3.14634e-07,3.25413e-07,3.3721e-07,3.46582e-07,3.54873e-07,3.6169e-07,3.67101e-07,3.68858e-07,3.70997e-07,3.68457e-07,3.65238e-07,3.59744e-07,3.52421e-07,3.43307e-07,3.34657e-07,3.23538e-07,3.12773e-07,3.01916e-07,2.9131e-07
2.72546e-07,2.81873e-07,2.91769e-07,3.02708e-07,3.13255e-07,3.24779e-07,3.33984e-07,3.42338e-07,3.48602e-07,3.53842e-07,3.5565e-07,3.57458e-07,3.54927e-07,3.51916e-07,3.46592e-07,3.39369e-07,3.30545e-07,3.22153e-07,3.11e-07,3.00617e-07,2.90318e-07,2.80007e-07
2.63053e-07,2.71813e-07,2.81378e-07,2.92269e-07,3.02546e-07,3.13697e-07,3.22807e-07,3.30877e-07,3.37109e-07,3.42038e-07,3.4401e-07,3.45515e-07,3.43438e-07,3.40168e-07,3.35044e-07,3.27887e-07,3.19245e-07,3.10874e-07,3.00235e-07,2.90111e-07,2.8034e-07,2.70249e-07
2.54677e-07,2.62938e-07,2.72274e-07,2.82659e-07,2.92911e-07,3.03729e-07,3.12673e-07,3.20599e-07,3.26735e-07,3.31499e-07,3.33545e-07,3.34893e-07,3.32812e-07,3.29678e-07,3.24573e-07,3.1749e-07,3.09152e-07,3.00791e-07,2.90427e-07,2.80528e-07,2.71357e-07,2.61557e-07
2.47288e-07,2.55254e-07,2.64271e-07,2.74381e-07,2.84486e-07,2.95017e-07,3.03827e-07,3.11613e-07,3.17675e-07,3.2223e-07,3.24383e-07,3.25551e-07,3.23595e-07,3.20456e-07,3.15399e-07,3.08423e-07,3.00303e-07,2.91928e-07,2.81971e-07,2.72325e-07,2.63457e-07,2.5379e-07
2.408e-07,2.48548e-07,2.57309e-07,2.67068e-07,2.7705e-07,2.87361e-07,2.96036e-07,3.03684e-07,3.09659e-07,3.1406e-07,3.16326e-07,3.173e-07,3.15352e-07,3.12344e-07,3.07229e-07,3.0042e-07,2.92509e-07,2.84179e-07,2.74421e-07,2.65013e-07,2.5649e-07,2.47007e-07
2.34831e-07,2.42217e-07,2.5078e-07,2.60287e-07,2.70106e-07,2.80145e-07,2.887e-07,2.96239e-07,3.02157e-07,3.06432e-07,3.08677e-07,3.09586e-07,3.07819e-07,3.04649e-07,2.99687e-07,2.92942e-07,2.85156e-07,2.76837e-07,2.67507e-07,2.58285e-07,2.50037e-07,2.40758e-07
2.29315e-07,2.36443e-07,2.44837e-07,2.54048e-07,2.63722e-07,2.73545e-07,2.81985e-07,2.8941e-07,2.95248e-07,2.99415e-07,3.01678e-07,3.0249e-07,3.00784e-07,2.9761e-07,2.92711e-07,2.86048e-07,2.78469e-07,2.70158e-07,2.61081e-07,2.51944e-07,2.44136e-07,2.34955e-07
2.24241e-07,2.31055e-07,2.39313e-07,2.48157e-07,2.57761e-07,2.67394e-07,2.75653e-07,2.82919e-07,2.88793e-07,2.92864e-07,2.95109e-07,2.95902e-07,2.9426e-07,2.9108e-07,2.862e-07,2.79628e-07,2.72121e-07,2.63895e-07,2.55089e-07,2.4617e-07,2.38554e-07,2.29634e-07
2.19294e-07,2.25959e-07,2.3403e-07,2.42648e-07,2.52051e-07,2.61473e-07,2.69672e-07,2.76882e-07,2.82589e-07,2.86587e-07,2.88852e-07,2.89507e-07,2.87839e-07,2.84756e-07,2.7986e-07,2.73468e-07,2.66119e-07,2.57987e-07,2.49341e-07,2.40557e-07,2.33099e-07,2.24309e-07
2.14546e-07,2.2095e-07,2.28896e-07,2.37274e-07,2.46532e-07,2.55768e-07,2.63871e-07,2.70915e-07,2.76559e-07,2.80479e-07,2.82731e-07,2.83364e-07,2.81758e-07,2.78586e-07,2.73811e-07,2.67503e-07,2.6024e-07,2.52249e-07,2.43768e-07,2.35145e-07,2.27964e-07,2.19311e-07
2.09933e-07,2.16124e-07,2.23953e-07,2.32076e-07,2.41166e-07,2.50259e-07,2.58172e-07,2.65168e-07,2.70745e-07,2.74592e-07,2.76777e-07,2.77383e-07,2.75811e-07,2.72671e-07,2.67946e-07,2.61711e-07,2.54561e-07,2.46592e-07,2.38337e-07,2.29868e-07,2.22963e-07,2.14374e-07
2.05499e-07,2.11546e-07,2.19126e-07,2.27061e-07,2.36008e-07,2.44938e-07,2.5273e-07,2.59613e-07,2.65123e-07,2.68909e-07,2.71052e-07,2.71637e-07,2.7007e-07,2.66945e-07,2.6227e-07,2.56141e-07,2.49137e-07,2.41219e-07,2.33085e-07,2.24869e-07,2.18101e-07,2.09674e-07
2.01104e-07,2.0695e-07,2.14504e-07,2.22169e-07,2.3098e-07,2.39787e-07,2.47397e-07,2.54191e-07,2.59628e-07,2.63353e-07,2.65468e-07,2.66013e-07,2.64458e-07,2.61359e-07,2.56733e-07,2.50696e-07,2.43772e-07,2.35959e-07,2.28073e-07,2.19949e-07,2.13355e-07,2.05128e-07
1.96841e-07,2.02563e-07,2.09938e-07,2.17401e-07,2.26063e-07,2.34706e-07,2.42216e-07,2.48903e-07,2.54256e-07,2.57939e-07,2.60001e-07,2.60521e-07,2.58983e-07,2.55906e-07,2.51334e-07,2.45398e-07,2.38596e-07,2.30865e-07,2.23139e-07,2.15141e-07,2.08715e-07,2.0061e-07
1.92704e-07,1.98227e-07,2.05479e-07,2.1277e-07,2.21294e-07,2.29774e-07,2.37155e-07,2.43743e-07,2.4904e-07,2.52661e-07,2.54678e-07,2.55186e-07,2.53646e-07,2.50594e-07,2.4606e-07,2.40217e-07,2.33524e-07,2.25912e-07,2.18296e-07,2.10462e-07,2.04173e-07,1.96227e-07
1.88612e-07,1.94145e-07,2.01177e-07,2.08275e-07,2.16659e-07,2.25031e-07,2.3226e-07,2.38734e-07,2.43953e-07,2.47515e-07,2.4951e-07,2.49985e-07,2.48451e-07,2.45435e-07,2.40957e-07,2.35193e-07,2.28614e-07,2.21072e-07,2.13613e-07,2.05933e-07,1.99856e-07,1.92071e-07
1.84713e-07,1.90018e-07,1.96919e-07,2.03841e-07,2.1209e-07,2.20265e-07,2.27399e-07,2.33793e-07,2.38941e-07,2.42463e-07,2.44388e-07,2.44862e-07,2.43325e-07,2.40335e-07,2.35918e-07,2.30234e-07,2.23792e-07,2.16367e-07,2.08966e-07,2.01442e-07,1.95505e-07,1.87859e-07
1.80775e-07,1.86029e-07,1.92753e-07,1.99535e-07,2.07626e-07,2.15675e-07,2.22707e-07,2.28991e-07,2.34051e-07,2.37507e-07,2.39402e-07,2.39853e-07,2.38327e-07,2.35373e-07,2.31013e-07,2.25421e-07,2.19068e-07,2.11725e-07,2.04528e-07,1.97135e-07,1.91276e-07,1.83738e-07
1.77009e-07,1.82081e-07,1.88759e-07,1.95319e-07,2.03302e-07,2.11248e-07,2.18109e-07,2.24303e-07,2.29275e-07,2.32694e-07,2.34568e-07,2.34969e-07,2.33433e-07,2.30549e-07,2.26249e-07,2.20707e-07,2.14471e-07,2.07207e-07,2.00087e-07,1.92918e-07,1.87141e-07,1.79825e-07
1.73105e-07,1.78269e-07,1.84743e-07,1.91199e-07,1.98993e-07,2.06816e-07,2.13559e-07,2.19645e-07,2.24554e-07,2.27902e-07,2.2972e-07,2.30146e-07,2.28642e-07,2.25732e-07,2.21479e-07,2.16084e-07,2.09917e-07,2.02791e-07,1.95838e-07,1.88745e-07,1.83087e-07,1.7592e-07
1.69528e-07,1.74404e-07,1.80802e-07,1.87076e-07,1.94779e-07,2.02436e-07,2.09062e-07,2.15067e-07,2.19888e-07,2.23191e-07,2.24969e-07,2.2536e-07,2.23853e-07,2.21006e-07,2.16813e-07,2.11469e-07,2.05419e-07,1.98399e-07,1.91563e-07,1.84602e-07,1.79109e-07,1.72051e-07
1.65913e-07,1.70704e-07,1.76991e-07,1.83099e-07,1.90648e-07,1.98192e-07,2.04704e-07,2.10638e-07,2.15359e-07,2.18593e-07,2.20336e-07,2.20719e-07,2.19221e-07,2.16408e-07,2.12264e-07,2.07007e-07,2.01041e-07,1.94134e-07,1.87421e-07,1.8065e-07,1.75241e-07,1.68374e-07
1.62558e-07,1.67297e-07,1.73407e-07,1.79396e-07,1.86834e-07,1.94225e-07,2.00626e-07,2.06441e-07,2.11116e-07,2.14286e-07,2.16e-07,2.16373e-07,2.14879e-07,2.12094e-07,2.0802e-07,2.02827e-07,1.97002e-07,1.90165e-07,1.83567e-07,1.76872e-07,1.71586e-07,1.64875e-07
1.59096e-07,1.63815e-07,1.69677e-07,1.75596e-07,1.82867e-07,1.90068e-07,1.96443e-07,2.02166e-07,2.06749e-07,2.09871e-07,2.11543e-07,2.11903e-07,2.10425e-07,2.07671e-07,2.0367e-07,1.98524e-07,1.92857e-07,1.86113e-07,1.79567e-07,1.72991e-07,1.67778e-07,1.6122e-07
1.55657e-07,1.60242e-07,1.66119e-07,1.71829e-07,1.79005e-07,1.86161e-07,1.92292e-07,1.97909e-07,2.02431e-07,2.05502e-07,2.07164e-07,2.07476e-07,2.0602e-07,2.03311e-07,1.9937e-07,1.94319e-07,1.88708e-07,1.8205e-07,1.75728e-07,1.69234e-07,1.6414e-07,1.57757e-07
1.52043e-07,1.5642e-07,1.6217e-07,1.67831e-07,1.74839e-07,1.81864e-07,1.8793e-07,1.93446e-07,1.97846e-07,2.00882e-07,2.02478e-07,2.02793e-07,2.01352e-07,1.98692e-07,1.94779e-07,1.8986e-07,1.84302e-07,1.77798e-07,1.7147e-07,1.65297e-07,1.60162e-07,1.5382e-07
1.48609e-07,1.53001e-07,1.58619e-07,1.64099e-07,1.70999e-07,1.77901e-07,1.83832e-07,1.89272e-07,1.93583e-07,1.96574e-07,1.98128e-07,1.98436e-07,1.97e-07,1.94371e-07,1.90528e-07,1.85682e-07,1.80239e-07,1.73827e-07,1.67695e-07,1.61571e-07,1.56582e-07,1.50369e-07
1.45386e-07,1.49615e-07,1.55131e-07,1.60509e-07,1.67291e-07,1.74093e-07,1.79912e-07,1.8527e-07,1.89488e-07,1.92462e-07,1.93977e-07,1.94243e-07,1.92826e-07,1.90246e-07,1.86442e-07,1.81687e-07,1.76345e-07,1.70027e-07,1.63966e-07,1.58003e-07,1.53086e-07,1.4693e-07
1.42012e-07,1.46255e-07,1.51659e-07,1.56913e-07,1.63551e-07,1.70211e-07,1.75916e-07,1.81166e-07,1.85311e-07,1.88186e-07,1.89677e-07,1.89949e-07,1.88565e-07,1.86008e-07,1.82308e-07,1.77614e-07,1.7237e-07,1.66139e-07,1.60233e-07,1.54353e-07,1.49523e-07,1.4357e-07
1.3881e-07,1.43044e-07,1.48164e-07,1.53461e-07,1.59979e-07,1.66502e-07,1.72101e-07,1.77222e-07,1.81344e-07,1.84093e-07,1.85572e-07,1.85884e-07,1.84469e-07,1.81935e-07,1.783e-07,1.73695e-07,1.6851e-07,1.62374e-07,1.56591e-07,1.50922e-07,1.46101e-07,1.40182e-07
1.35605e-07,1.3968e-07,1.44875e-07,1.49949e-07,1.56344e-07,1.62781e-07,1.68237e-07,1.73275e-07,1.77315e-07,1.80002e-07,1.81483e-07,1.81762e-07,1.80354e-07,1.77855e-07,1.74299e-07,1.69803e-07,1.64703e-07,1.58655e-07,1.53087e-07,1.47363e-07,1.42626e-07,1.37008e-07
1.32405e-07,1.36481e-07,1.41514e-07,1.46471e-07,1.52739e-07,1.59032e-07,1.64403e-07,1.69384e-07,1.73263e-07,1.75977e-07,1.77395e-07,1.77621e-07,1.7628e-07,1.73851e-07,1.7034e-07,1.65899e-07,1.60921e-07,1.54992e-07,1.49435e-07,1.43921e-07,1.3929e-07,1.33706e-07
1.29397e-07,1.33293e-07,1.38248e-07,1.43129e-07,1.49262e-07,1.55476e-07,1.60732e-07,1.65644e-07,1.69435e-07,1.72127e-07,1.73515e-07,1.73692e-07,1.7238e-07,1.70008e-07,1.66523e-07,1.62182e-07,1.57295e-07,1.5147e-07,1.45967e-07,1.40621e-07,1.36026e-07,1.30468e-07
1.26198e-07,1.30137e-07,1.34949e-07,1.39744e-07,1.4578e-07,1.51832e-07,1.56986e-07,1.61777e-07,1.65495e-07,1.681e-07,1.69459e-07,1.69635e-07,1.68358e-07,1.66003e-07,1.62655e-07,1.58373e-07,1.53575e-07,1.47811e-07,1.42469e-07,1.37184e-07,1.32688e-07,1.27345e-07
1.23122e-07,1.26995e-07,1.31724e-07,1.36405e-07,1.42304e-07,1.48254e-07,1.53299e-07,1.57995e-07,1.61633e-07,1.64189e-07,1.65492e-07,1.65687e-07,1.64426e-07,1.62104e-07,1.58804e-07,1.54607e-07,1.49921e-07,1.44277e-07,1.3903e-07,1.33873e-07,1.29413e-07,1.24194e-07
1.20134e-07,1.24047e-07,1.28474e-07,1.33184e-07,1.38942e-07,1.44732e-07,1.49746e-07,1.54349e-07,1.57882e-07,1.60399e-07,1.61663e-07,1.61853e-07,1.6062e-07,1.5834e-07,1.55116e-07,1.5096e-07,1.46423e-07,1.40871e-07,1.3561e-07,1.30635e-07,1.26234e-07,1.21033e-07
1.17159e-07,1.20877e-07,1.25501e-07,1.29969e-07,1.35667e-07,1.41488e-07,1.46185e-07,1.50703e-07,1.54159e-07,1.56627e-07,1.5789e-07,1.58044e-07,1.56815e-07,1.54583e-07,1.51417e-07,1.47385e-07,1.42825e-07,1.37408e-07,1.32469e-07,1.27512e-07,1.23103e-07,1.18115e-07
1.14401e-07,1.18043e-07,1.22488e-07,1.26945e-07,1.3244e-07,1.38118e-07,1.42831e-07,1.47263e-07,1.50579e-07,1.5315e-07,1.54337e-07,1.54368e-07,1.53283e-07,1.51134e-07,1.48014e-07,1.44008e-07,1.39594e-07,1.3423e-07,1.29211e-07,1.24417e-07,1.20186e-07,1.15086e-07
1.11332e-07,1.14981e-07,1.19368e-07,1.23688e-07,1.29052e-07,1.34528e-07,1.39225e-07,1.43588e-07,1.46782e-07,1.4924e-07,1.50402e-07,1.50488e-07,1.49395e-07,1.47257e-07,1.44278e-07,1.40344e-07,1.36023e-07,1.3078e-07,1.25922e-07,1.21084e-07,1.16877e-07,1.12126e-07
1.08383e-07,1.11984e-07,1.1627e-07,1.20524e-07,1.25845e-07,1.31254e-07,1.35795e-07,1.40077e-07,1.43255e-07,1.45558e-07,1.46697e-07,1.46865e-07,1.45716e-07,1.43581e-07,1.40619e-07,1.36817e-07,1.32618e-07,1.27466e-07,1.22667e-07,1.18083e-07,1.13847e-07,1.0916e-07
1.05536e-07,1.09077e-07,1.13315e-07,1.17465e-07,1.22689e-07,1.27976e-07,1.3241e-07,1.36617e-07,1.39713e-07,1.41964e-07,1.43076e-07,1.43245e-07,1.42114e-07,1.40027e-07,1.37122e-07,1.33403e-07,1.29277e-07,1.2423e-07,1.19541e-07,1.15055e-07,1.10877e-07,1.06286e-07
1.02726e-07,1.0628e-07,1.10307e-07,1.14458e-07,1.19572e-07,1.24733e-07,1.29074e-07,1.33154e-07,1.36215e-07,1.38426e-07,1.39525e-07,1.39637e-07,1.38562e-07,1.36516e-07,1.33687e-07,1.30047e-07,1.25984e-07,1.21033e-07,1.16455e-07,1.12019e-07,1.07903e-07,1.03432e-07
9.99656e-08,1.03423e-07,1.07483e-07,1.1151e-07,1.165e-07,1.21594e-07,1.25781e-07,1.29774e-07,1.32756e-07,1.34915e-07,1.36017e-07,1.36117e-07,1.35037e-07,1.33051e-07,1.30297e-07,1.26738e-07,1.22738e-07,1.17886e-07,1.13487e-07,1.09059e-07,1.04982e-07,1.00675e-07
9.72296e-08,1.00754e-07,1.04622e-07,1.08586e-07,1.1353e-07,1.18442e-07,1.22564e-07,1.26432e-07,1.29387e-07,1.3153e-07,1.32586e-07,1.32642e-07,1.31644e-07,1.29716e-07,1.27009e-07,1.23487e-07,1.19618e-07,1.14829e-07,1.10404e-07,1.06131e-07,1.02212e-07,9.78799e-08
9.45065e-08,9.79156e-08,1.01755e-07,1.05671e-07,1.10463e-07,1.15292e-07,1.19345e-07,1.23157e-07,1.26006e-07,1.28066e-07,1.29083e-07,1.29191e-07,1.28178e-07,1.26271e-07,1.23632e-07,1.2023e-07,1.16397e-07,1.11746e-07,1.07429e-07,1.03292e-07,9.93247e-08,9.51219e-08
9.18623e-08,9.52583e-08,9.89902e-08,1.02872e-07,1.07557e-07,1.12286e-07,1.16253e-07,1.19973e-07,1.22752e-07,1.24765e-07,1.25756e-07,1.25855e-07,1.24875e-07,1.22999e-07,1.20427e-07,1.17093e-07,1.13342e-07,1.08774e-07,1.04572e-07,1.00487e-07,9.65593e-08,9.24699e-08
8.92568e-08,9.26025e-08,9.62877e-08,1.00085e-07,1.0469e-07,1.09302e-07,1.1318e-07,1.16801e-07,1.1953e-07,1.21509e-07,1.22454e-07,1.22553e-07,1.21599e-07,1.19762e-07,1.17281e-07,1.14017e-07,1.10333e-07,1.05862e-07,1.01702e-07,9.7731e-08,9.38625e-08,8.98404e-08
8.66917e-08,8.99923e-08,9.35952e-08,9.73262e-08,1.01818e-07,1.06345e-07,1.10128e-07,1.13682e-07,1.16326e-07,1.18247e-07,1.19189e-07,1.19268e-07,1.18341e-07,1.16552e-07,1.14105e-07,1.10923e-07,1.07337e-07,1.02954e-07,9.88912e-08,9.49938e-08,9.11562e-08,8.72273e-08
8.4187e-08,8.74372e-08,9.09859e-08,9.46547e-08,9.9047e-08,1.03468e-07,1.0717e-07,1.10647e-07,1.13223e-07,1.15093e-07,1.16014e-07,1.16101e-07,1.15186e-07,1.13443e-07,1.11051e-07,1.07944e-07,1.04428e-07,1.00141e-07,9.61481e-08,9.2329e-08,8.85535e-08,8.46857e-08
8.22602e-08,8.56072e-08,8.89829e-08,9.25963e-08,9.69344e-08,1.01225e-07,1.04867e-07,1.08267e-07,1.10828e-07,1.12599e-07,1.13517e-07,1.13618e-07,1.12724e-07,1.10981e-07,1.08676e-07,1.05597e-07,1.02215e-07,9.79895e-08,9.40661e-08,9.0286e-08,8.65577e-08,8.29807e-08
7.92746e-08,8.24423e-08,8.58793e-08,8.94247e-08,9.36211e-08,9.78387e-08,1.01372e-07,1.04698e-07,1.07147e-07,1.08927e-07,1.09799e-07,1.09884e-07,1.09007e-07,1.07349e-07,1.05083e-07,1.02114e-07,9.87429e-08,9.46368e-08,9.07848e-08,8.71305e-08,8.34229e-08,7.97218e-08
7.68865e-08,8.00533e-08,8.3413e-08,8.68834e-08,9.10181e-08,9.51366e-08,9.85955e-08,1.01845e-07,1.04222e-07,1.05966e-07,1.06813e-07,1.06893e-07,1.06048e-07,1.04429e-07,1.02214e-07,9.93042e-08,9.60125e-08,9.20083e-08,8.82283e-08,8.46499e-08,8.09733e-08,7.73618e-08
7.45605e-08,7.77071e-08,8.0972e-08,8.44013e-08,8.84262e-08,9.2454e-08,9.58497e-08,9.90194e-08,1.01338e-07,1.03057e-07,1.03863e-07,1.03959e-07,1.03118e-07,1.01529e-07,9.93421e-08,9.65181e-08,9.33011e-08,8.94242e-08,8.56974e-08,8.22314e-08,7.85373e-08,7.50012e-08
7.22699e-08,7.53521e-08,7.85686e-08,8.1976e-08,8.59119e-08,8.98636e-08,9.31613e-08,9.62512e-08,9.85182e-08,1.00182e-07,1.00984e-07,1.01051e-07,1.00266e-07,9.87069e-08,9.66086e-08,9.38371e-08,9.06776e-08,8.68463e-08,8.32197e-08,7.97923e-08,7.6164e-08,7.27198e-08
7.00741e-08,7.30827e-08,7.62604e-08,7.96134e-08,8.34651e-08,8.73126e-08,9.05458e-08,9.35745e-08,9.57731e-08,9.73905e-08,9.81762e-08,9.82335e-08,9.74715e-08,9.5963e-08,9.39066e-08,9.11975e-08,8.81143e-08,8.43614e-08,8.08027e-08,7.74002e-08,7.38622e-08,7.04556e-08
6.78342e-08,7.09009e-08,7.40086e-08,7.72983e-08,8.10601e-08,8.48333e-08,8.79833e-08,9.09167e-08,9.30994e-08,9.46709e-08,9.54244e-08,9.54859e-08,9.47674e-08,9.32867e-08,9.12906e-08,8.86378e-08,8.56177e-08,8.1979e-08,7.84534e-08,7.51399e-08,7.16259e-08,6.82733e-08
6.57402e-08,6.87288e-08,7.17836e-08,7.50336e-08,7.87304e-08,8.23935e-08,8.548e-08,8.83619e-08,9.04737e-08,9.19998e-08,9.27452e-08,9.28271e-08,9.20847e-08,9.06598e-08,8.86996e-08,8.61153e-08,8.31431e-08,7.95807e-08,7.61395e-08,7.28735e-08,6.94225e-08,6.6134e-08
6.36771e-08,6.6614e-08,6.96157e-08,7.28167e-08,7.64324e-08,8.00259e-08,8.30448e-08,8.58526e-08,8.79101e-08,8.94164e-08,9.01388e-08,9.01955e-08,8.95015e-08,8.80885e-08,8.61933e-08,8.36652e-08,8.07707e-08,7.72837e-08,7.38903e-08,7.06883e-08,6.72592e-08,6.40651e-08
6.16367e-08,6.45725e-08,6.75025e-08,7.06493e-08,7.41984e-08,7.76904e-08,8.0651e-08,8.34003e-08,8.54085e-08,8.68665e-08,8.75738e-08,8.7641e-08,8.69491e-08,8.55899e-08,8.37339e-08,8.12637e-08,7.84294e-08,7.50368e-08,7.16907e-08,6.85451e-08,6.51561e-08,6.20069e-08
5.96996e-08,6.25918e-08,6.5474e-08,6.85605e-08,7.20487e-08,7.54758e-08,7.83562e-08,8.10429e-08,8.29958e-08,8.44309e-08,8.51163e-08,8.5183e-08,8.45138e-08,8.31908e-08,8.1383e-08,7.89653e-08,7.61987e-08,7.28733e-08,6.95907e-08,6.65083e-08,6.31633e-08,6.00691e-08
5.78334e-08,6.065e-08,6.34973e-08,6.65807e-08,6.99552e-08,7.33011e-08,7.61304e-08,7.87533e-08,8.06688e-08,8.20557e-08,8.27249e-08,8.28005e-08,8.21413e-08,8.08533e-08,7.9083e-08,7.6729e-08,7.40146e-08,7.07606e-08,6.75378e-08,6.45239e-08,6.11957e-08,5.81602e-08
5.59892e-08,5.87651e-08,6.15983e-08,6.46242e-08,6.79322e-08,7.1201e-08,7.39936e-08,7.65311e-08,7.84088e-08,7.97731e-08,8.04179e-08,8.05034e-08,7.98538e-08,7.85952e-08,7.68846e-08,7.45685e-08,7.19105e-08,6.87243e-08,6.5562e-08,6.25812e-08,5.92925e-08,5.63195e-08
5.42031e-08,5.69442e-08,5.97465e-08,6.27128e-08,6.59798e-08,6.91675e-08,7.18822e-08,7.4386e-08,7.62149e-08,7.75404e-08,7.81696e-08,7.82529e-08,7.76324e-08,7.64168e-08,7.47297e-08,7.24712e-08,6.98565e-08,6.67541e-08,6.36405e-08,6.073e-08,5.74792e-08,5.45112e-08
5.24556e-08,5.52026e-08,5.79131e-08,6.08428e-08,6.40258e-08,6.71381e-08,6.98035e-08,7.22471e-08,7.40494e-08,7.5331e-08,7.59543e-08,7.60296e-08,7.54237e-08,7.42262e-08,7.25866e-08,7.03868e-08,6.78408e-08,6.48028e-08,6.17365e-08,5.88766e-08,5.56493e-08,5.27721e-08
5.07791e-08,5.35154e-08,5.62028e-08,5.90769e-08,6.21821e-08,6.52345e-08,6.78485e-08,7.02153e-08,7.19991e-08,7.32496e-08,7.38483e-08,7.39275e-08,7.33604e-08,7.21876e-08,7.05956e-08,6.842e-08,6.59263e-08,6.29726e-08,5.99616e-08,5.71367e-08,5.39517e-08,5.11098e-08
4.91913e-08,5.18513e-08,5.44911e-08,5.73311e-08,6.03922e-08,6.33667e-08,6.59216e-08,6.82542e-08,6.99784e-08,7.12082e-08,7.17979e-08,7.18769e-08,7.13055e-08,7.01713e-08,6.86042e-08,6.64959e-08,6.40486e-08,6.11373e-08,5.81905e-08,5.5403e-08,5.22886e-08,4.94783e-08
4.76373e-08,5.02923e-08,5.28691e-08,5.56728e-08,5.86717e-08,6.15843e-08,6.40979e-08,6.63784e-08,6.80564e-08,6.92635e-08,6.98471e-08,6.99248e-08,6.93644e-08,6.82597e-08,6.67146e-08,6.46609e-08,6.22605e-08,5.94213e-08,5.65113e-08,5.37767e-08,5.07094e-08,4.79302e-08
4.61708e-08,4.87693e-08,5.1332e-08,5.40758e-08,5.70274e-08,5.98798e-08,6.23368e-08,6.45781e-08,6.62126e-08,6.73982e-08,6.79661e-08,6.80504e-08,6.75029e-08,6.6431e-08,6.49245e-08,6.28962e-08,6.05581e-08,5.77858e-08,5.49205e-08,5.22322e-08,4.91847e-08,4.64606e-08
4.47411e-08,4.73167e-08,4.98313e-08,5.25558e-08,5.54387e-08,5.82325e-08,6.06499e-08,6.28398e-08,6.44503e-08,6.56017e-08,6.61564e-08,6.62418e-08,6.5708e-08,6.46552e-08,6.31898e-08,6.12158e-08,5.89072e-08,5.61678e-08,5.33683e-08,5.07142e-08,4.77276e-08,4.49962e-08
4.33742e-08,4.5925e-08,4.84007e-08,5.10797e-08,5.39111e-08,5.66434e-08,5.90248e-08,6.11612e-08,6.27427e-08,6.38676e-08,6.4415e-08,6.45017e-08,6.3979e-08,6.29585e-08,6.15174e-08,5.95742e-08,5.73182e-08,5.46656e-08,5.18808e-08,4.9264e-08,4.62923e-08,4.36643e-08
4.20959e-08,4.45656e-08,4.70159e-08,4.96542e-08,5.24306e-08,5.51131e-08,5.74471e-08,5.9533e-08,6.10861e-08,6.21902e-08,6.27265e-08,6.28098e-08,6.23075e-08,6.13079e-08,5.98941e-08,5.79862e-08,5.57715e-08,5.3173e-08,5.04476e-08,4.78557e-08,4.49527e-08,4.23262e-08
4.08222e-08,4.33189e-08,4.56834e-08,4.82793e-08,5.10123e-08,5.36251e-08,5.59317e-08,5.79786e-08,5.95076e-08,6.05805e-08,6.11083e-08,6.11921e-08,6.06971e-08,5.97215e-08,5.83349e-08,5.64716e-08,5.4301e-08,5.17554e-08,4.90704e-08,4.65025e-08,4.3654e-08,4.10737e-08
3.96551e-08,4.21078e-08,4.44638e-08,4.70152e-08,4.96768e-08,5.22545e-08,5.45126e-08,5.65184e-08,5.802e-08,5.90751e-08,5.95982e-08,5.96819e-08,5.91927e-08,5.82308e-08,5.6871e-08,5.50622e-08,5.29179e-08,5.04063e-08,4.77743e-08,4.52834e-08,4.24554e-08,3.98718e-08
3.84956e-08,4.0971e-08,4.32332e-08,4.57551e-08,4.83945e-08,5.08888e-08,5.31327e-08,5.50913e-08,5.65701e-08,5.76018e-08,5.81117e-08,5.81894e-08,5.77245e-08,5.67903e-08,5.54565e-08,5.36597e-08,5.157e-08,4.91065e-08,4.65342e-08,4.40265e-08,4.1251e-08,3.87764e-08
3.74084e-08,3.97974e-08,4.20689e-08,4.45588e-08,4.71316e-08,4.95906e-08,5.17759e-08,5.37036e-08,5.51627e-08,5.61724e-08,5.6669e-08,5.67503e-08,5.62986e-08,5.53788e-08,5.40673e-08,5.23191e-08,5.02483e-08,4.78503e-08,4.53147e-08,4.28972e-08,4.01258e-08,3.7655e-08
3.63899e-08,3.87438e-08,4.09843e-08,4.34341e-08,4.59621e-08,4.83786e-08,5.05233e-08,5.24255e-08,5.38568e-08,5.48426e-08,5.53382e-08,5.54139e-08,5.49773e-08,5.40742e-08,5.27919e-08,5.1064e-08,4.90258e-08,4.66947e-08,4.42034e-08,4.18481e-08,3.90352e-08,3.6613e-08
3.54039e-08,3.77862e-08,3.99367e-08,4.23609e-08,4.48411e-08,4.72112e-08,4.93295e-08,5.11884e-08,5.25957e-08,5.35709e-08,5.40581e-08,5.41388e-08,5.36953e-08,5.28122e-08,5.15528e-08,4.98701e-08,4.78593e-08,4.55602e-08,4.31179e-08,4.07828e-08,3.80593e-08,3.56789e-08
3.4497e-08,3.67767e-08,3.89417e-08,4.13082e-08,4.37478e-08,4.60822e-08,4.81734e-08,4.99945e-08,5.13809e-08,5.23294e-08,5.28042e-08,5.28882e-08,5.2465e-08,5.16142e-08,5.03566e-08,4.86871e-08,4.67328e-08,4.44916e-08,4.20448e-08,3.97273e-08,3.70546e-08,3.47297e-08
3.35853e-08,3.58636e-08,3.79721e-08,4.03078e-08,4.26983e-08,4.49895e-08,4.705e-08,4.8838e-08,5.02041e-08,5.11358e-08,5.16098e-08,5.16858e-08,5.1275e-08,5.04288e-08,4.91961e-08,4.75685e-08,4.56421e-08,4.343e-08,4.10479e-08,3.87483e-08,3.61505e-08,3.38129e-08
3.27966e-08,3.50306e-08,3.7077e-08,3.9381e-08,4.17373e-08,4.39808e-08,4.60111e-08,4.77708e-08,4.91163e-08,5.00318e-08,5.0496e-08,5.05807e-08,5.01642e-08,4.93369e-08,4.81305e-08,4.65281e-08,4.46327e-08,4.24563e-08,4.01299e-08,3.78504e-08,3.52821e-08,3.29882e-08
3.19837e-08,3.41728e-08,3.62e-08,3.84785e-08,4.07847e-08,4.29946e-08,4.49925e-08,4.67226e-08,4.80476e-08,4.89473e-08,4.94009e-08,4.94857e-08,4.90813e-08,4.8273e-08,4.70766e-08,4.55058e-08,4.36357e-08,4.15053e-08,3.92053e-08,3.6977e-08,3.44585e-08,3.2165e-08
3.1214e-08,3.33777e-08,3.538e-08,3.76038e-08,3.9871e-08,4.20453e-08,4.40171e-08,4.57142e-08,4.702e-08,4.79048e-08,4.83578e-08,4.84356e-08,4.80445e-08,4.72438e-08,4.60688e-08,4.45224e-08,4.26823e-08,4.05858e-08,3.83222e-08,3.61263e-08,3.36473e-08,3.13976e-08
3.05064e-08,3.26217e-08,3.46325e-08,3.68133e-08,3.90337e-08,4.11721e-08,4.31164e-08,4.47842e-08,4.60745e-08,4.69457e-08,4.74006e-08,4.74673e-08,4.70947e-08,4.62932e-08,4.51374e-08,4.36223e-08,4.18061e-08,3.97339e-08,3.75246e-08,3.53573e-08,3.29099e-08,3.07035e-08
2.98209e-08,3.19201e-08,3.3859e-08,3.6007e-08,3.81939e-08,4.02987e-08,4.22166e-08,4.38594e-08,4.5126e-08,4.59828e-08,4.64237e-08,4.65007e-08,4.61237e-08,4.5353e-08,4.42072e-08,4.27108e-08,4.0927e-08,3.8898e-08,3.67069e-08,3.45791e-08,3.21836e-08,2.99909e-08
2.91747e-08,3.12421e-08,3.31465e-08,3.52577e-08,3.7407e-08,3.9478e-08,4.13694e-08,4.29857e-08,4.42346e-08,4.50778e-08,4.55138e-08,4.55888e-08,4.52185e-08,4.44603e-08,4.33303e-08,4.18575e-08,4.01004e-08,3.81061e-08,3.59509e-08,3.38537e-08,3.14997e-08,2.93343e-08
2.85847e-08,3.05999e-08,3.24844e-08,3.45551e-08,3.66682e-08,3.87042e-08,4.05659e-08,4.2154e-08,4.33943e-08,4.42212e-08,4.46478e-08,4.47273e-08,4.43573e-08,4.36128e-08,4.24992e-08,4.10431e-08,3.93113e-08,3.73628e-08,3.52416e-08,3.31574e-08,3.08525e-08,2.87212e-08
2.79784e-08,3.00248e-08,3.18157e-08,3.38521e-08,3.59414e-08,3.79444e-08,3.97919e-08,4.13578e-08,4.2572e-08,4.33871e-08,4.38158e-08,4.38846e-08,4.35269e-08,4.2789e-08,4.16861e-08,4.02623e-08,3.85507e-08,3.66549e-08,3.45396e-08,3.25012e-08,3.02165e-08,2.81276e-08
2.73925e-08,2.94068e-08,3.11905e-08,3.31975e-08,3.52392e-08,3.72108e-08,3.90364e-08,4.05738e-08,4.17798e-08,4.25766e-08,4.30077e-08,4.30644e-08,4.27218e-08,4.19855e-08,4.08998e-08,3.95023e-08,3.7822e-08,3.59433e-08,3.38928e-08,3.18632e-08,2.96222e-08,2.75513e-08
2.68649e-08,2.88165e-08,3.05891e-08,3.25523e-08,3.45604e-08,3.65027e-08,3.82965e-08,3.98134e-08,4.1e-08,4.17879e-08,4.22071e-08,4.22691e-08,4.19275e-08,4.12111e-08,4.01474e-08,3.87535e-08,3.70907e-08,3.52516e-08,3.32321e-08,3.12545e-08,2.90228e-08,2.69968e-08
2.63467e-08,2.82709e-08,2.99918e-08,3.19301e-08,3.39038e-08,3.5822e-08,3.75812e-08,3.90781e-08,4.02459e-08,4.10249e-08,4.14391e-08,4.1502e-08,4.11596e-08,4.04552e-08,3.93983e-08,3.80382e-08,3.64009e-08,3.45815e-08,3.25887e-08,3.06634e-08,2.8479e-08,2.64516e-08
2.58478e-08,2.77321e-08,2.94361e-08,3.13389e-08,3.32762e-08,3.51605e-08,3.68971e-08,3.83715e-08,3.95274e-08,4.02934e-08,4.06998e-08,4.0763e-08,4.04262e-08,3.97312e-08,3.86901e-08,3.7347e-08,3.57405e-08,3.39345e-08,3.19812e-08,3.00683e-08,2.7945e-08,2.59357e-08
2.5346e-08,2.72108e-08,2.88966e-08,3.07689e-08,3.26772e-08,3.45227e-08,3.62501e-08,3.7697e-08,3.88304e-08,3.95928e-08,3.99968e-08,4.00594e-08,3.97245e-08,3.90305e-08,3.80142e-08,3.66874e-08,3.51005e-08,3.33107e-08,3.13936e-08,2.94802e-08,2.7429e-08,2.54589e-08
2.48987e-08,2.67102e-08,2.8372e-08,3.01982e-08,3.208e-08,3.39125e-08,3.55858e-08,3.70222e-08,3.81544e-08,3.8896e-08,3.9297e-08,3.93353e-08,3.90299e-08,3.8349e-08,3.73308e-08,3.60312e-08,3.44722e-08,3.27259e-08,3.08255e-08,2.897e-08,2.69246e-08,2.49484e-08
2.44355e-08,2.62292e-08,2.78528e-08,2.96474e-08,3.14939e-08,3.32959e-08,3.49635e-08,3.63699e-08,3.74769e-08,3.82122e-08,3.86052e-08,3.86651e-08,3.834e-08,3.76769e-08,3.66779e-08,3.53807e-08,3.38445e-08,3.21358e-08,3.02591e-08,2.84293e-08,2.64091e-08,2.45062e-08
2.39956e-08,2.57494e-08,2.73521e-08,2.912e-08,3.09359e-08,3.27057e-08,3.43415e-08,3.57283e-08,3.68294e-08,3.75536e-08,3.79371e-08,3.79944e-08,3.7677e-08,3.7016e-08,3.60374e-08,3.47677e-08,3.32522e-08,3.15422e-08,2.97227e-08,2.79061e-08,2.59461e-08,2.4038e-08
2.35488e-08,2.52926e-08,2.6854e-08,2.85933e-08,3.0375e-08,3.21191e-08,3.3739e-08,3.51073e-08,3.61887e-08,3.68996e-08,3.72849e-08,3.7338e-08,3.70224e-08,3.63711e-08,3.54007e-08,3.4152e-08,3.26617e-08,3.09909e-08,2.91889e-08,2.74155e-08,2.54668e-08,2.35868e-08
2.31038e-08,2.48338e-08,2.63675e-08,2.80758e-08,2.98276e-08,3.1547e-08,3.31422e-08,3.44894e-08,3.55546e-08,3.62576e-08,3.66387e-08,3.66861e-08,3.63803e-08,3.5738e-08,3.47799e-08,3.3547e-08,3.20775e-08,3.0435e-08,2.86568e-08,2.69092e-08,2.50016e-08,2.31534e-08
2.26932e-08,2.43876e-08,2.58982e-08,2.75748e-08,2.93035e-08,3.09967e-08,3.25624e-08,3.3891e-08,3.49472e-08,3.56389e-08,3.60125e-08,3.60591e-08,3.57595e-08,3.51203e-08,3.41816e-08,3.29698e-08,3.15222e-08,2.98884e-08,2.81451e-08,2.64275e-08,2.45472e-08,2.27128e-08
2.22773e-08,2.39429e-08,2.54287e-08,2.70848e-08,2.87784e-08,3.04453e-08,3.19933e-08,3.33035e-08,3.43354e-08,3.50218e-08,3.53884e-08,3.5439e-08,3.51364e-08,3.45172e-08,3.35841e-08,3.23858e-08,3.09568e-08,2.93621e-08,2.76382e-08,2.59508e-08,2.41063e-08,2.23056e-08
2.18639e-08,2.35175e-08,2.49742e-08,2.65959e-08,2.8261e-08,2.99073e-08,3.14291e-08,3.27217e-08,3.37386e-08,3.44148e-08,3.47791e-08,3.48254e-08,3.45282e-08,3.39165e-08,3.29932e-08,3.18159e-08,3.0406e-08,2.88428e-08,2.71356e-08,2.55007e-08,2.36609e-08,2.18908e-08
2.14828e-08,2.309e-08,2.45259e-08,2.61221e-08,2.77603e-08,2.93811e-08,3.08774e-08,3.21515e-08,3.31593e-08,3.38228e-08,3.41805e-08,3.42275e-08,3.39318e-08,3.33266e-08,3.24257e-08,3.12593e-08,2.9884e-08,2.8319e-08,2.6651e-08,2.5015e-08,2.32411e-08,2.14676e-08
2.10821e-08,2.26764e-08,2.40846e-08,2.56432e-08,2.72613e-08,2.88546e-08,3.03379e-08,3.15885e-08,3.25775e-08,3.32334e-08,3.35886e-08,3.36357e-08,3.33399e-08,3.27479e-08,3.1858e-08,3.06992e-08,2.93424e-08,2.78246e-08,2.61639e-08,2.45346e-08,2.28031e-08,2.10769e-08
2.06804e-08,2.22501e-08,2.3641e-08,2.51807e-08,2.67636e-08,2.83329e-08,2.97894e-08,3.10233e-08,3.20001e-08,3.26463e-08,3.29974e-08,3.30385e-08,3.27516e-08,3.21622e-08,3.12859e-08,3.0153e-08,2.88146e-08,2.7311e-08,2.5688e-08,2.41012e-08,2.23872e-08,2.06723e-08
2.02936e-08,2.18439e-08,2.32118e-08,2.47222e-08,2.6282e-08,2.78217e-08,2.92599e-08,3.04734e-08,3.14392e-08,3.20743e-08,3.24217e-08,3.24606e-08,3.21783e-08,3.15935e-08,3.07307e-08,2.96183e-08,2.82966e-08,2.68212e-08,2.52256e-08,2.36632e-08,2.1961e-08,2.02832e-08
1.99076e-08,2.14451e-08,2.27854e-08,2.42756e-08,2.58083e-08,2.73228e-08,2.87353e-08,2.99326e-08,3.08843e-08,3.15126e-08,3.18529e-08,3.18885e-08,3.16146e-08,3.10375e-08,3.01875e-08,2.90938e-08,2.77875e-08,2.63296e-08,2.47576e-08,2.3245e-08,2.1559e-08,1.98974e-08
1.95376e-08,2.10459e-08,2.23771e-08,2.38387e-08,2.53456e-08,2.68336e-08,2.82231e-08,2.94009e-08,3.03431e-08,3.09613e-08,3.1295e-08,3.13301e-08,3.106e-08,3.04905e-08,2.96527e-08,2.85759e-08,2.72874e-08,2.58532e-08,2.43094e-08,2.28108e-08,2.11645e-08,1.95255e-08
1.91611e-08,2.06546e-08,2.1955e-08,2.33926e-08,2.48742e-08,2.63426e-08,2.7715e-08,2.88731e-08,2.97967e-08,3.04075e-08,3.07385e-08,3.07743e-08,3.05038e-08,2.99427e-08,2.91197e-08,2.80556e-08,2.67913e-08,2.53833e-08,2.38533e-08,2.23715e-08,2.07533e-08,1.91525e-08
1.8802e-08,2.02685e-08,2.15536e-08,2.29636e-08,2.44219e-08,2.58663e-08,2.72189e-08,2.83586e-08,2.92668e-08,2.98705e-08,3.01974e-08,3.0232e-08,2.99651e-08,2.94128e-08,2.85963e-08,2.75527e-08,2.63098e-08,2.49147e-08,2.34126e-08,2.19387e-08,2.03765e-08,1.87796e-08
1.84418e-08,1.98838e-08,2.11486e-08,2.25346e-08,2.39677e-08,2.53914e-08,2.67187e-08,2.78424e-08,2.87396e-08,2.93315e-08,2.96526e-08,2.96859e-08,2.9424e-08,2.88812e-08,2.80795e-08,2.70486e-08,2.5824e-08,2.44598e-08,2.29763e-08,2.15408e-08,1.99755e-08,1.84148e-08
1.80886e-08,1.9515e-08,2.07531e-08,2.21174e-08,2.35262e-08,2.49294e-08,2.62342e-08,2.73415e-08,2.82245e-08,2.88077e-08,2.91244e-08,2.91564e-08,2.88977e-08,2.83637e-08,2.75722e-08,2.65596e-08,2.53514e-08,2.40157e-08,2.25495e-08,2.11497e-08,1.95963e-08,1.80601e-08
1.77386e-08,1.91399e-08,2.03653e-08,2.17048e-08,2.30898e-08,2.44679e-08,2.57543e-08,2.68431e-08,2.77141e-08,2.82884e-08,2.86001e-08,2.86316e-08,2.83769e-08,2.785e-08,2.70726e-08,2.60737e-08,2.48876e-08,2.35652e-08,2.21261e-08,2.07345e-08,1.92234e-08,1.77052e-08
1.73993e-08,1.87748e-08,1.99846e-08,2.12987e-08,2.26613e-08,2.40179e-08,2.52853e-08,2.63553e-08,2.72147e-08,2.77791e-08,2.80884e-08,2.81174e-08,2.78664e-08,2.73452e-08,2.65812e-08,2.55996e-08,2.44317e-08,2.31304e-08,2.17149e-08,2.03444e-08,1.88535e-08,1.73617e-08
1.70575e-08,1.8413e-08,1.96078e-08,2.08981e-08,2.22382e-08,2.35713e-08,2.48175e-08,2.58717e-08,2.67186e-08,2.72749e-08,2.75773e-08,2.76061e-08,2.73598e-08,2.68488e-08,2.60975e-08,2.51262e-08,2.39756e-08,2.26994e-08,2.13021e-08,1.99591e-08,1.84854e-08,1.70169e-08
1.67203e-08,1.8062e-08,1.92288e-08,2.05016e-08,2.18181e-08,2.31326e-08,2.43584e-08,2.53945e-08,2.62261e-08,2.67761e-08,2.70744e-08,2.71038e-08,2.68585e-08,2.63549e-08,2.5611e-08,2.46619e-08,2.35308e-08,2.22702e-08,2.08926e-08,1.95669e-08,1.81353e-08,1.66754e-08
1.63914e-08,1.77056e-08,1.88694e-08,2.01185e-08,2.14116e-08,2.2702e-08,2.39083e-08,2.49274e-08,2.57485e-08,2.62899e-08,2.65813e-08,2.6612e-08,2.63705e-08,2.58756e-08,2.51435e-08,2.42082e-08,2.3094e-08,2.18524e-08,2.04976e-08,1.91905e-08,1.77819e-08,1.63543e-08
1.60635e-08,1.73611e-08,1.84973e-08,1.97266e-08,2.09996e-08,2.22701e-08,2.34567e-08,2.44596e-08,2.52676e-08,2.57997e-08,2.60891e-08,2.61167e-08,2.58796e-08,2.53911e-08,2.46723e-08,2.3752e-08,2.26566e-08,2.14364e-08,2.01008e-08,1.8817e-08,1.7424e-08,1.60201e-08
1.57421e-08,1.70206e-08,1.81398e-08,1.93482e-08,2.05994e-08,2.18493e-08,2.30172e-08,2.40032e-08,2.47989e-08,2.53228e-08,2.56076e-08,2.56349e-08,2.54012e-08,2.49202e-08,2.42124e-08,2.33074e-08,2.223e-08,2.10295e-08,1.97133e-08,1.84496e-08,1.70798e-08,1.56969e-08
1.54236e-08,1.66871e-08,1.77868e-08,1.89764e-08,2.02068e-08,2.14358e-08,2.25868e-08,2.35563e-08,2.43389e-08,2.48549e-08,2.51364e-08,2.51622e-08,2.49322e-08,2.44588e-08,2.37614e-08,2.28722e-08,2.18101e-08,2.06327e-08,1.93347e-08,1.80897e-08,1.67399e-08,1.53855e-08
1.51145e-08,1.63538e-08,1.74394e-08,1.8607e-08,1.98167e-08,2.10264e-08,2.21564e-08,2.31098e-08,2.38812e-08,2.43893e-08,2.46656e-08,2.46919e-08,2.44647e-08,2.39983e-08,2.33134e-08,2.24388e-08,2.1395e-08,2.02331e-08,1.89557e-08,1.77324e-08,1.64069e-08,1.50666e-08
1.48108e-08,1.60312e-08,1.70984e-08,1.82467e-08,1.94364e-08,2.06275e-08,2.17395e-08,2.26769e-08,2.34363e-08,2.39359e-08,2.42091e-08,2.42366e-08,2.40101e-08,2.35501e-08,2.28762e-08,2.20175e-08,2.09917e-08,1.98505e-08,1.85911e-08,1.7389e-08,1.60789e-08,1.47594e-08
1.45041e-08,1.57054e-08,1.67597e-08,1.78885e-08,1.90574e-08,2.02265e-08,2.13203e-08,2.2242e-08,2.299e-08,2.34825e-08,2.37503e-08,2.37759e-08,2.35558e-08,2.31039e-08,2.24408e-08,2.15952e-08,2.05851e-08,1.94608e-08,1.8221e-08,1.70355e-08,1.57556e-08,1.44546e-08
1.42031e-08,1.53896e-08,1.64283e-08,1.75382e-08,1.86876e-08,1.98384e-08,2.09132e-08,2.18187e-08,2.25565e-08,2.30412e-08,2.33052e-08,2.33293e-08,2.31132e-08,2.26671e-08,2.20149e-08,2.11847e-08,2.01915e-08,1.90851e-08,1.7864e-08,1.6697e-08,1.54366e-08,1.41555e-08
1.39125e-08,1.50764e-08,1.60985e-08,1.71913e-08,1.8321e-08,1.94536e-08,2.05105e-08,2.14011e-08,2.21257e-08,2.26033e-08,2.28635e-08,2.2889e-08,2.26738e-08,2.22372e-08,2.1595e-08,2.07779e-08,1.98012e-08,1.87118e-08,1.75088e-08,1.63598e-08,1.51198e-08,1.38645e-08
1.36239e-08,1.4768e-08,1.57766e-08,1.68502e-08,1.79611e-08,1.90742e-08,2.01137e-08,2.09888e-08,2.17024e-08,2.21731e-08,2.24283e-08,2.24537e-08,2.22422e-08,2.1812e-08,2.11811e-08,2.0378e-08,1.94167e-08,1.83464e-08,1.71605e-08,1.60311e-08,1.48107e-08,1.35754e-08
1.3342e-08,1.44662e-08,1.54614e-08,1.65155e-08,1.76088e-08,1.87034e-08,1.97267e-08,2.05863e-08,2.12882e-08,2.17511e-08,2.20031e-08,2.20321e-08,2.182e-08,2.13975e-08,2.07757e-08,1.99852e-08,1.9042e-08,1.79876e-08,1.68193e-08,1.57052e-08,1.45057e-08,1.32912e-08
1.30599e-08,1.41678e-08,1.51488e-08,1.6186e-08,1.72598e-08,1.83361e-08,1.93409e-08,2.01861e-08,2.0878e-08,2.13332e-08,2.15818e-08,2.16066e-08,2.14011e-08,2.09852e-08,2.03749e-08,1.95987e-08,1.86695e-08,1.76335e-08,1.64824e-08,1.53884e-08,1.4206e-08,1.30079e-08
1.27831e-08,1.38739e-08,1.48395e-08,1.58597e-08,1.69153e-08,1.79741e-08,1.89625e-08,1.97931e-08,2.04736e-08,2.09221e-08,2.11662e-08,2.11917e-08,2.09892e-08,2.05795e-08,1.99794e-08,1.92174e-08,1.83039e-08,1.72833e-08,1.61504e-08,1.50719e-08,1.39142e-08,1.27336e-08
1.25135e-08,1.35864e-08,1.45379e-08,1.5541e-08,1.65799e-08,1.76203e-08,1.85935e-08,1.94096e-08,2.00795e-08,2.05202e-08,2.0763e-08,2.07874e-08,2.05866e-08,2.01842e-08,1.95935e-08,1.88451e-08,1.79462e-08,1.69428e-08,1.58272e-08,1.47639e-08,1.36245e-08,1.24643e-08
1.22445e-08,1.33008e-08,1.42394e-08,1.52258e-08,1.62463e-08,1.727e-08,1.82256e-08,1.90274e-08,1.96866e-08,2.01214e-08,2.03587e-08,2.03835e-08,2.01867e-08,1.97907e-08,1.92103e-08,1.84744e-08,1.75913e-08,1.66032e-08,1.55037e-08,1.4459e-08,1.33392e-08,1.21964e-08
1.19851e-08,1.30232e-08,1.3948e-08,1.4918e-08,1.59212e-08,1.6928e-08,1.78686e-08,1.86561e-08,1.93048e-08,1.97331e-08,1.99668e-08,1.99961e-08,1.97983e-08,1.94078e-08,1.88357e-08,1.81142e-08,1.72473e-08,1.6273e-08,1.51905e-08,1.41617e-08,1.30601e-08,1.19347e-08
1.17247e-08,1.27469e-08,1.36619e-08,1.46148e-08,1.5601e-08,1.65916e-08,1.7515e-08,1.82895e-08,1.89279e-08,1.93493e-08,1.95796e-08,1.96049e-08,1.9414e-08,1.90315e-08,1.84695e-08,1.7759e-08,1.69057e-08,1.59483e-08,1.48807e-08,1.38676e-08,1.27862e-08,1.16795e-08
1.14718e-08,1.2478e-08,1.33771e-08,1.43153e-08,1.5286e-08,1.62599e-08,1.71675e-08,1.79286e-08,1.85571e-08,1.8972e-08,1.91989e-08,1.92241e-08,1.90352e-08,1.86588e-08,1.81073e-08,1.74092e-08,1.65699e-08,1.56277e-08,1.45766e-08,1.35799e-08,1.25145e-08,1.14273e-08
1.12228e-08,1.22118e-08,1.30984e-08,1.40199e-08,1.49737e-08,1.59317e-08,1.68223e-08,1.75701e-08,1.81885e-08,1.85965e-08,1.882e-08,1.88417e-08,1.86603e-08,1.82904e-08,1.77487e-08,1.70623e-08,1.62356e-08,1.53125e-08,1.42767e-08,1.32954e-08,1.22487e-08,1.11782e-08
1.09802e-08,1.19542e-08,1.28286e-08,1.37369e-08,1.4674e-08,1.56162e-08,1.64939e-08,1.72291e-08,1.78371e-08,1.824e-08,1.84594e-08,1.84861e-08,1.83027e-08,1.79388e-08,1.74057e-08,1.67304e-08,1.592e-08,1.50073e-08,1.39877e-08,1.30191e-08,1.1992e-08,1.09362e-08
1.07397e-08,1.16978e-08,1.25586e-08,1.34516e-08,1.43735e-08,1.52988e-08,1.61612e-08,1.68831e-08,1.74818e-08,1.78784e-08,1.80943e-08,1.8122e-08,1.79412e-08,1.7583e-08,1.70568e-08,1.63963e-08,1.55989e-08,1.47013e-08,1.3698e-08,1.27472e-08,1.17357e-08,1.06992e-08
1.05066e-08,1.14485e-08,1.22983e-08,1.31767e-08,1.40855e-08,1.49957e-08,1.58439e-08,1.65533e-08,1.71428e-08,1.7533e-08,1.77469e-08,1.77734e-08,1.75948e-08,1.72428e-08,1.6728e-08,1.60769e-08,1.52931e-08,1.44076e-08,1.34178e-08,1.24814e-08,1.14854e-08,1.04663e-08
1.02729e-08,1.12009e-08,1.20397e-08,1.29035e-08,1.37948e-08,1.46908e-08,1.55224e-08,1.62202e-08,1.68003e-08,1.7184e-08,1.73957e-08,1.74174e-08,1.72462e-08,1.69024e-08,1.63943e-08,1.57551e-08,1.49807e-08,1.41152e-08,1.31402e-08,1.22189e-08,1.12399e-08,1.02323e-08
1.00503e-08,1.09623e-08,1.17899e-08,1.26395e-08,1.35185e-08,1.43991e-08,1.5219e-08,1.59049e-08,1.64753e-08,1.6854e-08,1.70623e-08,1.70892e-08,1.69157e-08,1.65751e-08,1.60772e-08,1.54484e-08,1.469e-08,1.38327e-08,1.28723e-08,1.19638e-08,1.10011e-08,1.00109e-08
9.82812e-09,1.07256e-08,1.15423e-08,1.23786e-08,1.32429e-08,1.41095e-08,1.49161e-08,1.5589e-08,1.61509e-08,1.65241e-08,1.67284e-08,1.67569e-08,1.6585e-08,1.62505e-08,1.5761e-08,1.51425e-08,1.43987e-08,1.3553e-08,1.26072e-08,1.17112e-08,1.07658e-08,9.79089e-09
9.61484e-09,1.04966e-08,1.1301e-08,1.21244e-08,1.29752e-08,1.38266e-08,1.46215e-08,1.52823e-08,1.58355e-08,1.6204e-08,1.64054e-08,1.6442e-08,1.62652e-08,1.59357e-08,1.54508e-08,1.48451e-08,1.41157e-08,1.32802e-08,1.23498e-08,1.14661e-08,1.05357e-08,9.57861e-09
9.40277e-09,1.02696e-08,1.10637e-08,1.18727e-08,1.27101e-08,1.35485e-08,1.43284e-08,1.49792e-08,1.55232e-08,1.58855e-08,1.60838e-08,1.61134e-08,1.59463e-08,1.56226e-08,1.51498e-08,1.45522e-08,1.3832e-08,1.30127e-08,1.20943e-08,1.12244e-08,1.03116e-08,9.36637e-09
9.19357e-09,1.00485e-08,1.0832e-08,1.16292e-08,1.24534e-08,1.32776e-08,1.40451e-08,1.4685e-08,1.52201e-08,1.55772e-08,1.57742e-08,1.58046e-08,1.56367e-08,1.53222e-08,1.48539e-08,1.42664e-08,1.35573e-08,1.2751e-08,1.18454e-08,1.09895e-08,1.00903e-08,9.15964e-09
8.99129e-09,9.83343e-09,1.06047e-08,1.13911e-08,1.22003e-08,1.30123e-08,1.37665e-08,1.43956e-08,1.49226e-08,1.52748e-08,1.54681e-08,1.54983e-08,1.53351e-08,1.50226e-08,1.45644e-08,1.39869e-08,1.32905e-08,1.2495e-08,1.16023e-08,1.07598e-08,9.87664e-09,8.95903e-09
8.79526e-09,9.62057e-09,1.03838e-08,1.11561e-08,1.19533e-08,1.27524e-08,1.34945e-08,1.41128e-08,1.46321e-08,1.49795e-08,1.51693e-08,1.52005e-08,1.50394e-08,1.47318e-08,1.42813e-08,1.37126e-08,1.30288e-08,1.22453e-08,1.13673e-08,1.05342e-08,9.66383e-09,8.7634e-09
8.60294e-09,9.41569e-09,1.01685e-08,1.09282e-08,1.17151e-08,1.24992e-08,1.32321e-08,1.38387e-08,1.43491e-08,1.46923e-08,1.48794e-08,1.49219e-08,1.47532e-08,1.44497e-08,1.40028e-08,1.3446e-08,1.27774e-08,1.19979e-08,1.11347e-08,1.03144e-08,9.45859e-09,8.57155e-09
8.41171e-09,9.21256e-09,9.95574e-09,1.07043e-08,1.14766e-08,1.22506e-08,1.29681e-08,1.35673e-08,1.40698e-08,1.44078e-08,1.45922e-08,1.46247e-08,1.44674e-08,1.41698e-08,1.37344e-08,1.31842e-08,1.25222e-08,1.17606e-08,1.09068e-08,1.00998e-08,9.25815e-09,8.38376e-09
8.22681e-09,9.01681e-09,9.7497e-09,1.04864e-08,1.12489e-08,1.20096e-08,1.27173e-08,1.33058e-08,1.38007e-08,1.41331e-08,1.43171e-08,1.43506e-08,1.41918e-08,1.3904e-08,1.34717e-08,1.29301e-08,1.2278e-08,1.15283e-08,1.06864e-08,9.88879e-09,9.0631e-09,8.20248e-09
8.04786e-09,8.82444e-09,9.54813e-09,1.0273e-08,1.10242e-08,1.1773e-08,1.24682e-08,1.30487e-08,1.35351e-08,1.38639e-08,1.40445e-08,1.40772e-08,1.39237e-08,1.36353e-08,1.32142e-08,1.26817e-08,1.20405e-08,1.13001e-08,1.0471e-08,9.68684e-09,8.87161e-09,8.02176e-09
7.87329e-09,8.63689e-09,9.35309e-09,1.00657e-08,1.08059e-08,1.15424e-08,1.22273e-08,1.27972e-08,1.3277e-08,1.36016e-08,1.37783e-08,1.38127e-08,1.36609e-08,1.33774e-08,1.29629e-08,1.24382e-08,1.18082e-08,1.10772e-08,1.02606e-08,9.48642e-09,8.68764e-09,7.8461e-09
7.70365e-09,8.45662e-09,9.16222e-09,9.86542e-09,1.05943e-08,1.1318e-08,1.19951e-08,1.25551e-08,1.30272e-08,1.3348e-08,1.35228e-08,1.35714e-08,1.341e-08,1.31293e-08,1.27157e-08,1.22032e-08,1.15871e-08,1.08604e-08,1.00575e-08,9.29453e-09,8.50426e-09,7.67994e-09
7.53493e-09,8.27757e-09,8.97346e-09,9.66712e-09,1.03847e-08,1.11e-08,1.17633e-08,1.2316e-08,1.27815e-08,1.30966e-08,1.327e-08,1.33053e-08,1.3156e-08,1.2882e-08,1.24807e-08,1.19722e-08,1.13624e-08,1.06512e-08,9.85699e-09,9.10635e-09,8.32771e-09,7.51404e-09
7.3732e-09,8.10398e-09,8.79106e-09,9.47299e-09,1.01806e-08,1.08846e-08,1.15371e-08,1.20817e-08,1.25399e-08,1.28514e-08,1.3022e-08,1.30582e-08,1.29113e-08,1.26412e-08,1.22457e-08,1.17452e-08,1.11443e-08,1.04427e-08,9.66e-09,8.91916e-09,8.15423e-09,7.35281e-09
7.21816e-09,7.9377e-09,8.61739e-09,9.28958e-09,9.98567e-09,1.06816e-08,1.1324e-08,1.18612e-08,1.23132e-08,1.26203e-08,1.27886e-08,1.28203e-08,1.26787e-08,1.24091e-08,1.20302e-08,1.15318e-08,1.09411e-08,1.02483e-08,9.47159e-09,8.74116e-09,7.98974e-09,7.1994e-09
7.06325e-09,7.77246e-09,8.44217e-09,9.10506e-09,9.79228e-09,1.04764e-08,1.11089e-08,1.16372e-08,1.20815e-08,1.23863e-08,1.25518e-08,1.25894e-08,1.2445e-08,1.2183e-08,1.17999e-08,1.13132e-08,1.0731e-08,1.00478e-08,9.2857e-09,8.5648e-09,7.82408e-09,7.04062e-09
6.9177e-09,7.61555e-09,8.27758e-09,8.93031e-09,9.60881e-09,1.02788e-08,1.0908e-08,1.14258e-08,1.18632e-08,1.21654e-08,1.23272e-08,1.23824e-08,1.22254e-08,1.19665e-08,1.15824e-08,1.11068e-08,1.05401e-08,9.85644e-09,9.11041e-09,8.39905e-09,7.66595e-09,6.8985e-09
6.76678e-09,7.45895e-09,8.11194e-09,8.75531e-09,9.42396e-09,1.00871e-08,1.07015e-08,1.12147e-08,1.16465e-08,1.19425e-08,1.21044e-08,1.21436e-08,1.20017e-08,1.1748e-08,1.13764e-08,1.09035e-08,1.03395e-08,9.6718e-09,8.93266e-09,8.23101e-09,7.51062e-09,6.75344e-09
6.63179e-09,7.31194e-09,7.95609e-09,8.58747e-09,9.25e-09,9.90304e-09,1.05089e-08,1.10141e-08,1.14401e-08,1.17318e-08,1.18931e-08,1.19317e-08,1.17914e-08,1.15418e-08,1.11761e-08,1.07091e-08,1.01525e-08,9.494e-09,8.76673e-09,8.06936e-09,7.36439e-09,6.6154e-09
6.49859e-09,7.16628e-09,7.80338e-09,8.4314e-09,9.07905e-09,9.72638e-09,1.03231e-08,1.08239e-08,1.12432e-08,1.15323e-08,1.16913e-08,1.1723e-08,1.15897e-08,1.13389e-08,1.09892e-08,1.05233e-08,9.9765e-09,9.32632e-09,8.6027e-09,7.91422e-09,7.21943e-09,6.48235e-09
6.35985e-09,7.02313e-09,7.65186e-09,8.26979e-09,8.91087e-09,9.54609e-09,1.01356e-08,1.06268e-08,1.10397e-08,1.13264e-08,1.14814e-08,1.15218e-08,1.13845e-08,1.11419e-08,1.0786e-08,1.03314e-08,9.79199e-09,9.14865e-09,8.44068e-09,7.76407e-09,7.07712e-09,6.34888e-09
6.22765e-09,6.88229e-09,7.49869e-09,8.10812e-09,8.73898e-09,9.36418e-09,9.9414e-09,1.04251e-08,1.08326e-08,1.11158e-08,1.12681e-08,1.13127e-08,1.11773e-08,1.09371e-08,1.05795e-08,1.01383e-08,9.60736e-09,8.97236e-09,8.27716e-09,7.61251e-09,6.93559e-09,6.21696e-09
6.10791e-09,6.75454e-09,7.36747e-09,7.9692e-09,8.596e-09,9.21146e-09,9.78648e-09,1.02645e-08,1.06651e-08,1.09443e-08,1.10991e-08,1.11419e-08,1.09998e-08,1.07728e-08,1.04198e-08,9.97701e-09,9.4515e-09,8.8245e-09,8.13327e-09,7.4737e-09,6.80681e-09,6.09798e-09
5.97887e-09,6.61899e-09,7.2204e-09,7.81234e-09,8.42582e-09,9.03691e-09,9.59187e-09,1.00668e-08,1.04636e-08,1.07366e-08,1.08881e-08,1.09126e-08,1.07985e-08,1.05662e-08,1.02257e-08,9.79156e-09,9.26746e-09,8.65807e-09,7.97808e-09,7.33003e-09,6.67397e-09,5.97307e-09
5.87029e-09,6.50069e-09,7.10145e-09,7.68862e-09,8.29401e-09,8.89822e-09,9.45399e-09,9.92263e-09,1.03144e-08,1.05845e-08,1.07346e-08,1.07702e-08,1.06426e-08,1.04083e-08,1.00854e-08,9.64773e-09,9.13997e-09,8.52402e-09,7.84649e-09,7.20293e-09,6.55373e-09,5.86447e-09
5.75868e-09,6.38005e-09,6.97002e-09,7.54987e-09,8.15024e-09,8.7433e-09,9.29371e-09,9.75357e-09,1.01386e-08,1.04093e-08,1.05555e-08,1.05991e-08,1.04659e-08,1.02405e-08,9.90758e-09,9.48052e-09,8.9795e-09,8.37121e-09,7.70794e-09,7.07376e-09,6.43182e-09,5.75089e-09
5.65402e-09,6.26692e-09,6.84898e-09,7.42199e-09,8.01634e-09,8.59719e-09,9.14715e-09,9.59827e-09,9.97752e-09,1.02472e-08,1.03911e-08,1.04574e-08,1.03052e-08,1.00814e-08,9.74299e-09,9.32764e-09,8.84125e-09,8.22791e-09,7.57803e-09,6.94961e-09,6.31606e-09,5.64389e-09
5.54393e-09,6.15229e-09,6.72856e-09,7.2935e-09,7.88167e-09,8.45683e-09,8.99536e-09,9.4443e-09,9.81793e-09,1.00827e-08,1.02289e-08,1.02743e-08,1.01356e-08,9.92604e-09,9.59329e-09,9.17694e-09,8.68591e-09,8.09378e-09,7.44672e-09,6.82728e-09,6.2026e-09,5.53759e-09
5.4417e-09,6.04326e-09,6.61052e-09,7.16802e-09,7.74647e-09,8.31829e-09,8.84655e-09,9.29131e-09,9.66052e-09,9.92258e-09,1.00643e-08,1.01085e-08,9.97809e-09,9.76192e-09,9.44064e-09,9.02987e-09,8.54559e-09,7.95899e-09,7.32186e-09,6.70921e-09,6.09361e-09,5.4376e-09
5.34558e-09,5.93757e-09,6.5038e-09,7.0545e-09,7.62399e-09,8.18934e-09,8.71222e-09,9.15451e-09,9.51836e-09,9.77737e-09,9.919e-09,9.95287e-09,9.83113e-09,9.6105e-09,9.31066e-09,8.8967e-09,8.42038e-09,7.8379e-09,7.20349e-09,6.59753e-09,5.98948e-09,5.3405e-09
5.24813e-09,5.83344e-09,6.39063e-09,6.93437e-09,7.49938e-09,8.05512e-09,8.57253e-09,9.00525e-09,9.36544e-09,9.62304e-09,9.76026e-09,9.80601e-09,9.67618e-09,9.46552e-09,9.15223e-09,8.74899e-09,8.28117e-09,7.70348e-09,7.08277e-09,6.48582e-09,5.88444e-09,5.24314e-09
5.16246e-09,5.73951e-09,6.28753e-09,6.82778e-09,7.38757e-09,7.93207e-09,8.45007e-09,8.87456e-09,9.22963e-09,9.48669e-09,9.62206e-09,9.69152e-09,9.53964e-09,9.3315e-09,9.01179e-09,8.61889e-09,8.16652e-09,7.5811e-09,6.97187e-09,6.38065e-09,5.78667e-09,5.15386e-09
5.06651e-09,5.63928e-09,6.18219e-09,6.71422e-09,7.26558e-09,7.80768e-09,8.31217e-09,8.73598e-09,9.08686e-09,9.33801e-09,9.47371e-09,9.51985e-09,9.39163e-09,9.18655e-09,8.88068e-09,8.48645e-09,8.02892e-09,7.46348e-09,6.85887e-09,6.27391e-09,5.68787e-09,5.06121e-09
4.98036e-09,5.5475e-09,6.08394e-09,6.61022e-09,7.15431e-09,7.6913e-09,8.18961e-09,8.60897e-09,8.9553e-09,9.20371e-09,9.33899e-09,9.38541e-09,9.25839e-09,9.05451e-09,8.75171e-09,8.36182e-09,7.90992e-09,7.34895e-09,6.7527e-09,6.17466e-09,5.59645e-09,4.97652e-09
4.89889e-09,5.45911e-09,5.99295e-09,6.51241e-09,7.04816e-09,7.58087e-09,8.07345e-09,8.49026e-09,8.83308e-09,9.0785e-09,9.21184e-09,9.248e-09,9.13027e-09,8.92242e-09,8.64161e-09,8.24756e-09,7.80012e-09,7.24681e-09,6.65056e-09,6.07807e-09,5.50823e-09,4.89491e-09
4.81638e-09,5.36983e-09,5.89637e-09,6.41003e-09,6.94226e-09,7.46613e-09,7.95355e-09,8.36389e-09,8.70178e-09,8.94557e-09,9.07696e-09,9.12363e-09,8.99707e-09,8.79972e-09,8.50367e-09,8.1216e-09,7.67935e-09,7.13066e-09,6.54893e-09,5.9834e-09,5.41649e-09,4.81357e-09
4.75055e-09,5.29257e-09,5.81342e-09,6.32389e-09,6.8509e-09,7.36509e-09,7.85483e-09,8.25576e-09,8.59091e-09,8.8339e-09,8.96034e-09,9.04145e-09,8.89146e-09,8.69093e-09,8.38399e-09,8.01355e-09,7.59084e-09,7.02994e-09,6.46234e-09,5.89786e-09,5.33876e-09,4.74191e-09
4.66465e-09,5.20791e-09,5.72146e-09,6.22583e-09,6.74641e-09,7.25746e-09,7.73497e-09,8.1357e-09,8.46712e-09,8.70547e-09,8.83187e-09,8.88476e-09,8.75876e-09,8.56387e-09,8.2713e-09,7.89925e-09,7.46911e-09,6.92693e-09,6.36047e-09,5.80496e-09,5.25527e-09,4.66096e-09
4.5909e-09,5.12802e-09,5.63749e-09,6.13463e-09,6.64936e-09,7.15579e-09,7.62789e-09,8.02436e-09,8.35191e-09,8.5879e-09,8.71334e-09,8.76538e-09,8.64078e-09,8.44798e-09,8.15938e-09,7.7891e-09,7.36465e-09,6.82729e-09,6.26901e-09,5.71948e-09,5.17448e-09,4.59002e-09
4.52293e-09,5.05253e-09,5.56047e-09,6.05192e-09,6.55766e-09,7.06213e-09,7.5292e-09,7.9234e-09,8.2482e-09,8.48049e-09,8.60451e-09,8.64695e-09,8.53118e-09,8.33279e-09,8.06748e-09,7.6915e-09,7.27342e-09,6.74006e-09,6.18204e-09,5.63692e-09,5.09942e-09,4.52023e-09
4.44937e-09,4.97552e-09,5.47281e-09,5.95999e-09,6.46402e-09,6.95761e-09,7.42161e-09,7.8103e-09,8.12836e-09,8.3602e-09,8.48605e-09,8.53273e-09,8.40887e-09,8.22226e-09,7.94163e-09,7.57749e-09,7.15983e-09,6.63544e-09,6.08951e-09,5.55228e-09,5.02045e-09,4.44486e-09
4.38917e-09,4.90996e-09,5.40153e-09,5.8858e-09,6.38878e-09,6.86793e-09,7.34019e-09,7.71961e-09,8.03139e-09,8.26557e-09,8.39138e-09,8.46934e-09,8.30999e-09,8.13615e-09,7.83495e-09,7.48254e-09,7.07658e-09,6.54528e-09,6.00941e-09,5.4774e-09,4.94816e-09,4.38132e-09
4.31819e-09,4.83324e-09,5.32137e-09,5.79731e-09,6.29042e-09,6.77431e-09,7.22786e-09,7.60942e-09,7.92021e-09,8.14779e-09,8.27093e-09,8.31763e-09,8.19446e-09,8.01182e-09,7.73631e-09,7.37978e-09,6.97088e-09,6.45571e-09,5.92389e-09,5.39742e-09,4.87492e-09,4.31318e-09
4.25477e-09,4.76435e-09,5.24721e-09,5.71902e-09,6.20748e-09,6.68504e-09,7.13553e-09,7.51286e-09,7.81987e-09,8.045e-09,8.16685e-09,8.21383e-09,8.09118e-09,7.9108e-09,7.638e-09,7.2845e-09,6.87983e-09,6.36965e-09,5.84241e-09,5.32214e-09,4.80767e-09,4.24961e-09
4.19427e-09,4.69855e-09,5.17603e-09,5.64313e-09,6.12615e-09,6.59765e-09,7.04401e-09,7.41856e-09,7.72191e-09,7.94451e-09,8.06568e-09,8.11212e-09,7.99063e-09,7.81166e-09,7.54113e-09,7.18928e-09,6.79108e-09,6.28544e-09,5.76409e-09,5.24934e-09,4.74068e-09,4.18775e-09
4.13351e-09,4.63306e-09,5.10578e-09,5.56876e-09,6.04721e-09,6.51453e-09,6.95574e-09,7.32604e-09,7.62636e-09,7.84743e-09,7.96661e-09,8.01298e-09,7.8917e-09,7.71502e-09,7.44705e-09,7.09924e-09,6.70423e-09,6.20379e-09,5.68763e-09,5.17853e-09,4.67269e-09,4.12714e-09
4.08288e-09,4.57476e-09,5.04157e-09,5.50296e-09,5.9766e-09,6.43346e-09,6.88085e-09,7.2417e-09,7.53802e-09,7.76125e-09,7.87664e-09,7.9552e-09,7.80555e-09,7.62851e-09,7.3501e-09,7.01305e-09,6.63353e-09,6.1223e-09,5.61676e-09,5.11267e-09,4.61115e-09,4.07058e-09
4.01842e-09,4.50779e-09,4.97172e-09,5.42508e-09,5.8935e-09,6.35121e-09,6.78445e-09,7.14755e-09,7.44113e-09,7.65762e-09,7.77565e-09,7.82101e-09,7.70115e-09,7.52739e-09,7.26451e-09,6.92268e-09,6.53586e-09,6.04368e-09,5.5394e-09,5.04101e-09,4.54761e-09,4.01236e-09
3.94964e-09,4.4375e-09,4.89286e-09,5.34017e-09,5.80061e-09,6.25636e-09,6.67269e-09,7.03493e-09,7.32682e-09,7.53806e-09,7.65433e-09,7.67233e-09,7.58248e-09,7.41206e-09,7.15562e-09,6.81782e-09,6.42481e-09,5.95538e-09,5.45655e-09,4.96983e-09,4.48142e-09,3.94856e-09
3.90929e-09,4.38901e-09,4.84478e-09,5.28967e-09,5.75043e-09,6.19736e-09,6.62219e-09,6.97988e-09,7.26762e-09,7.47798e-09,7.59525e-09,7.63979e-09,7.52155e-09,7.35046e-09,7.09249e-09,6.75661e-09,6.37637e-09,5.89448e-09,5.40053e-09,4.91267e-09,4.42664e-09,3.90346e-09
3.85557e-09,4.33081e-09,4.78135e-09,5.22205e-09,5.67636e-09,6.11983e-09,6.54164e-09,6.89414e-09,7.17818e-09,7.38863e-09,7.50309e-09,7.54832e-09,7.42927e-09,7.26098e-09,7.00507e-09,6.67257e-09,6.29668e-09,5.81846e-09,5.32983e-09,4.84678e-09,4.36768e-09,3.84803e-09
3.81093e-09,4.27877e-09,4.72528e-09,5.1622e-09,5.61422e-09,6.0473e-09,6.47538e-09,6.81897e-09,7.09937e-09,7.31194e-09,7.42233e-09,7.50059e-09,7.3523e-09,7.18391e-09,6.91647e-09,6.59472e-09,6.23509e-09,5.74417e-09,5.26814e-09,4.78827e-09,4.31124e-09,3.79839e-09
3.75614e-09,4.22105e-09,4.66314e-09,5.09516e-09,5.54373e-09,5.97732e-09,6.392e-09,6.74003e-09,7.01596e-09,7.22309e-09,7.33789e-09,7.37893e-09,7.26145e-09,7.09544e-09,6.84492e-09,6.5172e-09,6.14838e-09,5.67735e-09,5.20065e-09,4.72538e-09,4.25632e-09,3.74488e-09
3.70411e-09,4.16382e-09,4.60314e-09,5.03216e-09,5.4727e-09,5.90345e-09,6.31413e-09,6.65703e-09,6.93151e-09,7.13587e-09,7.24679e-09,7.29182e-09,7.17435e-09,7.01039e-09,6.76227e-09,6.4381e-09,6.07194e-09,5.60586e-09,5.13443e-09,4.66495e-09,4.2002e-09,3.69372e-09
3.65406e-09,4.11036e-09,4.545e-09,4.96929e-09,5.40741e-09,5.83216e-09,6.23934e-09,6.5788e-09,6.85057e-09,7.05264e-09,7.16314e-09,7.20751e-09,7.09069e-09,6.92844e-09,6.68228e-09,6.36055e-09,5.99839e-09,5.53704e-09,5.07013e-09,4.60556e-09,4.14375e-09,3.64389e-09
3.6032e-09,4.06013e-09,4.49003e-09,4.91117e-09,5.3416e-09,5.76549e-09,6.16948e-09,6.50545e-09,6.77519e-09,6.97385e-09,7.08494e-09,7.12962e-09,7.01314e-09,6.85145e-09,6.60504e-09,6.28808e-09,5.93033e-09,5.47165e-09,5.00803e-09,4.54758e-09,4.09276e-09,3.59797e-09
3.56686e-09,4.0117e-09,4.4374e-09,4.85641e-09,5.28578e-09,5.69634e-09,6.10751e-09,6.43489e-09,6.70023e-09,6.90247e-09,7.00842e-09,7.08506e-09,6.93963e-09,6.77893e-09,6.52246e-09,6.21464e-09,5.87183e-09,5.40263e-09,4.95171e-09,4.49459e-09,4.03868e-09,3.54778e-09
3.51115e-09,3.95507e-09,4.37807e-09,4.79077e-09,5.21532e-09,5.62727e-09,6.02451e-09,6.35468e-09,6.61792e-09,6.8132e-09,6.92226e-09,6.96467e-09,6.84983e-09,6.69189e-09,6.45195e-09,6.13771e-09,5.7872e-09,5.33786e-09,4.88553e-09,4.4337e-09,3.9864e-09,3.49842e-09
3.46597e-09,3.90376e-09,4.32365e-09,4.73272e-09,5.15295e-09,5.56094e-09,5.95538e-09,6.28216e-09,6.54285e-09,6.7365e-09,6.84332e-09,6.88627e-09,6.77168e-09,6.61525e-09,6.37718e-09,6.06646e-09,5.7184e-09,5.27427e-09,4.82677e-09,4.37901e-09,3.93453e-09,3.45386e-09
3.41996e-09,3.8552e-09,4.27013e-09,4.6752e-09,5.09157e-09,5.49657e-09,5.88714e-09,6.21062e-09,6.46833e-09,6.65986e-09,6.76583e-09,6.80897e-09,6.69456e-09,6.53971e-09,6.30441e-09,5.99595e-09,5.65109e-09,5.21125e-09,4.76508e-09,4.32417e-09,3.88529e-09,3.40666e-09
3.37505e-09,3.8061e-09,4.2167e-09,4.61855e-09,5.03048e-09,5.43146e-09,5.81804e-09,6.13871e-09,6.39363e-09,6.58397e-09,6.68921e-09,6.73136e-09,6.61777e-09,6.4642e-09,6.23099e-09,5.92563e-09,5.58366e-09,5.14733e-09,4.709e-09,4.26979e-09,3.83532e-09,3.36248e-09
3.33881e-09,3.76201e-09,4.16932e-09,4.56918e-09,4.97999e-09,5.36989e-09,5.76386e-09,6.07695e-09,6.32813e-09,6.51932e-09,6.62136e-09,6.69596e-09,6.5546e-09,6.39989e-09,6.15465e-09,5.86008e-09,5.53478e-09,5.08465e-09,4.65549e-09,4.22335e-09,3.78681e-09,3.31839e-09
