1.04606e-05,1.02705e-05,1.03095e-05,1.0261e-05,1.03369e-05,1.03611e-05,1.03622e-05,1.04293e-05,1.04099e-05,1.04187e-05,1.03656e-05,1.03484e-05,1.02581e-05,1.02055e-05,1.01322e-05,1.00147e-05,9.97494e-06,9.86932e-06,9.85879e-06,9.8452e-06,9.86254e-06,9.98929e-06
9.66069e-06,9.50283e-06,9.51033e-06,9.48788e-06,9.56554e-06,9.60702e-06,9.60724e-06,9.67878e-06,9.66567e-06,9.65089e-06,9.61087e-06,9.59821e-06,9.5332e-06,9.46746e-06,9.38397e-06,9.27423e-06,9.21326e-06,9.13982e-06,9.08826e-06,9.06557e-06,9.07165e-06,9.16799e-06
8.91752e-06,8.81832e-06,8.83343e-06,8.83338e-06,8.91071e-06,8.9187e-06,8.94691e-06,8.99284e-06,8.98782e-06,8.99091e-06,8.95835e-06,8.89522e-06,8.86994e-06,8.79633e-06,8.7226e-06,8.61067e-06,8.56359e-06,8.49092e-06,8.41532e-06,8.39759e-06,8.37871e-06,8.45985e-06
8.25252e-06,8.2122e-06,8.19987e-06,8.21863e-06,8.29064e-06,8.31554e-06,8.33392e-06,8.3764e-06,8.37759e-06,8.36891e-06,8.33784e-06,8.28645e-06,8.2716e-06,8.19436e-06,8.11766e-06,8.00711e-06,7.94151e-06,7.87831e-06,7.80112e-06,7.76771e-06,7.73709e-06,7.80153e-06
7.70789e-06,7.69867e-06,7.68917e-06,7.7152e-06,7.78098e-06,7.80705e-06,7.82464e-06,7.86516e-06,7.87003e-06,7.85548e-06,7.82809e-06,7.77512e-06,7.76643e-06,7.68794e-06,7.61133e-06,7.50416e-06,7.44173e-06,7.379e-06,7.29386e-06,7.25676e-06,7.2177e-06,7.26404e-06
7.24564e-06,7.25115e-06,7.24688e-06,7.27717e-06,7.34671e-06,7.37711e-06,7.39382e-06,7.43557e-06,7.42838e-06,7.40758e-06,7.38928e-06,7.33083e-06,7.32557e-06,7.25183e-06,7.17739e-06,7.0726e-06,7.00891e-06,6.96251e-06,6.86531e-06,6.834e-06,6.78326e-06,6.81564e-06
6.82558e-06,6.83677e-06,6.8469e-06,6.87596e-06,6.92622e-06,6.96229e-06,6.97396e-06,7.01323e-06,7.01677e-06,6.99419e-06,6.97547e-06,6.92321e-06,6.91739e-06,6.84007e-06,6.7675e-06,6.66654e-06,6.61089e-06,6.5443e-06,6.45971e-06,6.40462e-06,6.3603e-06,6.37085e-06
6.4599e-06,6.47126e-06,6.49163e-06,6.52119e-06,6.56173e-06,6.60601e-06,6.6141e-06,6.6517e-06,6.6539e-06,6.62977e-06,6.61463e-06,6.56335e-06,6.5582e-06,6.48116e-06,6.41104e-06,6.31424e-06,6.25986e-06,6.19173e-06,6.11073e-06,6.0458e-06,6.00309e-06,5.99571e-06
6.12985e-06,6.14185e-06,6.16888e-06,6.19959e-06,6.23169e-06,6.28378e-06,6.28804e-06,6.32345e-06,6.32445e-06,6.30033e-06,6.28775e-06,6.23757e-06,6.23365e-06,6.15618e-06,6.0887e-06,5.99606e-06,5.9417e-06,5.87291e-06,5.79592e-06,5.72268e-06,5.68259e-06,5.65911e-06
5.83077e-06,5.84555e-06,5.87756e-06,5.90849e-06,5.93365e-06,5.99208e-06,5.99207e-06,6.02591e-06,6.02589e-06,6.00291e-06,5.99204e-06,5.94305e-06,5.93872e-06,5.86261e-06,5.79579e-06,5.708e-06,5.65484e-06,5.58396e-06,5.51308e-06,5.43114e-06,5.39347e-06,5.35868e-06
5.55646e-06,5.57367e-06,5.60494e-06,5.63823e-06,5.6614e-06,5.72077e-06,5.71998e-06,5.75017e-06,5.74921e-06,5.7286e-06,5.71756e-06,5.67128e-06,5.66934e-06,5.59082e-06,5.53076e-06,5.44283e-06,5.388e-06,5.3175e-06,5.25024e-06,5.16477e-06,5.12969e-06,5.08052e-06
5.30444e-06,5.32717e-06,5.35679e-06,5.39475e-06,5.41746e-06,5.47334e-06,5.4722e-06,5.50236e-06,5.49696e-06,5.48188e-06,5.46815e-06,5.42416e-06,5.42553e-06,5.34632e-06,5.29269e-06,5.20321e-06,5.14684e-06,5.07566e-06,5.01149e-06,4.92371e-06,4.89139e-06,4.83375e-06
5.07202e-06,5.09803e-06,5.12657e-06,5.16104e-06,5.18439e-06,5.2396e-06,5.24045e-06,5.26575e-06,5.26284e-06,5.24788e-06,5.23581e-06,5.19533e-06,5.19194e-06,5.1154e-06,5.06185e-06,4.97744e-06,4.92034e-06,4.84817e-06,4.78847e-06,4.7001e-06,4.6634e-06,4.60254e-06
4.85783e-06,4.88615e-06,4.91605e-06,4.95134e-06,4.97349e-06,5.02408e-06,5.02811e-06,5.05346e-06,5.04821e-06,5.03596e-06,5.02172e-06,4.98541e-06,4.97914e-06,4.90568e-06,4.85613e-06,4.77114e-06,4.71505e-06,4.64161e-06,4.58378e-06,4.49573e-06,4.45705e-06,4.39656e-06
4.6598e-06,4.69126e-06,4.71879e-06,4.75457e-06,4.77724e-06,4.82255e-06,4.83048e-06,4.85259e-06,4.84784e-06,4.83791e-06,4.82339e-06,4.79013e-06,4.78077e-06,4.70974e-06,4.66237e-06,4.57941e-06,4.52396e-06,4.449e-06,4.39228e-06,4.30736e-06,4.26463e-06,4.2018e-06
4.4807e-06,4.51591e-06,4.54195e-06,4.57567e-06,4.60109e-06,4.63595e-06,4.65014e-06,4.66863e-06,4.66641e-06,4.65622e-06,4.64069e-06,4.61072e-06,4.5975e-06,4.53088e-06,4.48802e-06,4.40359e-06,4.35524e-06,4.27448e-06,4.21816e-06,4.13614e-06,4.091e-06,4.02665e-06
4.30974e-06,4.34662e-06,4.37641e-06,4.40806e-06,4.43135e-06,4.4644e-06,4.4827e-06,4.49864e-06,4.4946e-06,4.48799e-06,4.46952e-06,4.44661e-06,4.4246e-06,4.36365e-06,4.3209e-06,4.24249e-06,4.18589e-06,4.11465e-06,4.05272e-06,3.97035e-06,3.92688e-06,3.86702e-06
4.14963e-06,4.18316e-06,4.20966e-06,4.24734e-06,4.26703e-06,4.30024e-06,4.3174e-06,4.33451e-06,4.33127e-06,4.32537e-06,4.30884e-06,4.28368e-06,4.26336e-06,4.20401e-06,4.16028e-06,4.0835e-06,4.03189e-06,3.95468e-06,3.89714e-06,3.81905e-06,3.76941e-06,3.70873e-06
4.00304e-06,4.04118e-06,4.06472e-06,4.09973e-06,4.1205e-06,4.15009e-06,4.16921e-06,4.18618e-06,4.18294e-06,4.17815e-06,4.16106e-06,4.13865e-06,4.11205e-06,4.05796e-06,4.01396e-06,3.94085e-06,3.89278e-06,3.81367e-06,3.75552e-06,3.67954e-06,3.62536e-06,3.56867e-06
3.86713e-06,3.90412e-06,3.92639e-06,3.96268e-06,3.9822e-06,4.01054e-06,4.02982e-06,4.04468e-06,4.04328e-06,4.04023e-06,4.02085e-06,4.00041e-06,3.97176e-06,3.92114e-06,3.87605e-06,3.80606e-06,3.75985e-06,3.68148e-06,3.62343e-06,3.54856e-06,3.49418e-06,3.43717e-06
3.7356e-06,3.77476e-06,3.79602e-06,3.83042e-06,3.84953e-06,3.87607e-06,3.8954e-06,3.91132e-06,3.90936e-06,3.90586e-06,3.88882e-06,3.86927e-06,3.83721e-06,3.78995e-06,3.74478e-06,3.67926e-06,3.63166e-06,3.55445e-06,3.49612e-06,3.42225e-06,3.36796e-06,3.3128e-06
3.6145e-06,3.64343e-06,3.67316e-06,3.71117e-06,3.72424e-06,3.75103e-06,3.77004e-06,3.78945e-06,3.78548e-06,3.78286e-06,3.76158e-06,3.74329e-06,3.71399e-06,3.66932e-06,3.62471e-06,3.56013e-06,3.51035e-06,3.43745e-06,3.37815e-06,3.30207e-06,3.25527e-06,3.20538e-06
3.49982e-06,3.53615e-06,3.55815e-06,3.59257e-06,3.60688e-06,3.63e-06,3.65094e-06,3.66734e-06,3.66553e-06,3.66315e-06,3.64718e-06,3.62638e-06,3.59585e-06,3.54915e-06,3.5039e-06,3.4491e-06,3.39632e-06,3.32278e-06,3.26297e-06,3.19266e-06,3.14308e-06,3.09064e-06
3.39681e-06,3.42661e-06,3.44696e-06,3.48761e-06,3.49813e-06,3.5228e-06,3.5417e-06,3.55361e-06,3.55596e-06,3.5549e-06,3.53781e-06,3.51828e-06,3.49181e-06,3.44664e-06,3.39717e-06,3.34652e-06,3.28785e-06,3.22401e-06,3.16539e-06,3.09168e-06,3.0451e-06,2.98292e-06
3.29025e-06,3.3269e-06,3.34119e-06,3.38347e-06,3.39369e-06,3.41901e-06,3.43611e-06,3.45029e-06,3.44751e-06,3.4468e-06,3.43361e-06,3.4094e-06,3.38228e-06,3.33869e-06,3.29556e-06,3.24072e-06,3.18918e-06,3.11903e-06,3.0587e-06,2.99261e-06,2.9497e-06,2.89112e-06
3.1934e-06,3.2211e-06,3.24209e-06,3.27309e-06,3.29018e-06,3.31428e-06,3.32894e-06,3.34355e-06,3.34417e-06,3.34442e-06,3.32905e-06,3.30821e-06,3.27894e-06,3.23962e-06,3.18998e-06,3.14274e-06,3.08669e-06,3.02309e-06,2.96324e-06,2.89674e-06,2.84786e-06,2.78932e-06
3.10512e-06,3.13038e-06,3.15605e-06,3.18041e-06,3.20117e-06,3.22254e-06,3.23722e-06,3.25268e-06,3.25299e-06,3.25046e-06,3.23856e-06,3.21925e-06,3.18759e-06,3.15031e-06,3.10228e-06,3.05567e-06,2.99686e-06,2.93576e-06,2.87848e-06,2.81292e-06,2.76595e-06,2.70741e-06
3.01925e-06,3.04388e-06,3.06442e-06,3.09035e-06,3.10894e-06,3.13361e-06,3.14553e-06,3.15995e-06,3.16114e-06,3.1628e-06,3.14743e-06,3.12668e-06,3.09791e-06,3.06052e-06,3.01033e-06,2.96819e-06,2.91301e-06,2.85299e-06,2.79159e-06,2.73043e-06,2.67876e-06,2.61958e-06
2.93562e-06,2.96354e-06,2.98127e-06,3.00399e-06,3.02707e-06,3.04547e-06,3.06003e-06,3.07476e-06,3.07584e-06,3.07375e-06,3.06382e-06,3.04218e-06,3.0125e-06,2.97746e-06,2.92958e-06,2.8866e-06,2.83008e-06,2.77054e-06,2.71323e-06,2.64954e-06,2.60294e-06,2.5426e-06
2.86259e-06,2.88032e-06,2.90088e-06,2.92527e-06,2.9489e-06,2.97046e-06,2.98048e-06,2.9946e-06,2.99769e-06,2.9966e-06,2.98632e-06,2.96377e-06,2.93661e-06,2.90453e-06,2.85391e-06,2.81103e-06,2.75173e-06,2.69802e-06,2.64272e-06,2.57879e-06,2.52876e-06,2.46428e-06
2.78435e-06,2.8104e-06,2.82776e-06,2.8467e-06,2.87162e-06,2.8882e-06,2.90229e-06,2.91686e-06,2.91856e-06,2.91601e-06,2.90736e-06,2.88562e-06,2.85675e-06,2.82361e-06,2.77674e-06,2.73498e-06,2.67957e-06,2.62256e-06,2.56672e-06,2.50623e-06,2.45759e-06,2.39643e-06
2.7141e-06,2.73529e-06,2.75424e-06,2.77322e-06,2.7973e-06,2.81527e-06,2.82785e-06,2.842e-06,2.84454e-06,2.84433e-06,2.83284e-06,2.8111e-06,2.7842e-06,2.75115e-06,2.70381e-06,2.66247e-06,2.60835e-06,2.55313e-06,2.49792e-06,2.44035e-06,2.38689e-06,2.32631e-06
2.64687e-06,2.66787e-06,2.68634e-06,2.70426e-06,2.72857e-06,2.74577e-06,2.75839e-06,2.77234e-06,2.77518e-06,2.77453e-06,2.76363e-06,2.74205e-06,2.71542e-06,2.68295e-06,2.63654e-06,2.59544e-06,2.5422e-06,2.48755e-06,2.4338e-06,2.37741e-06,2.32252e-06,2.26184e-06
2.58278e-06,2.60369e-06,2.62195e-06,2.63892e-06,2.66328e-06,2.67993e-06,2.69256e-06,2.70611e-06,2.70931e-06,2.70822e-06,2.69777e-06,2.67644e-06,2.65002e-06,2.61825e-06,2.57277e-06,2.53155e-06,2.47945e-06,2.42525e-06,2.37262e-06,2.3175e-06,2.26137e-06,2.20088e-06
2.52287e-06,2.54323e-06,2.56179e-06,2.57836e-06,2.60081e-06,2.6185e-06,2.63061e-06,2.64381e-06,2.64722e-06,2.64621e-06,2.63553e-06,2.61494e-06,2.58854e-06,2.55747e-06,2.51164e-06,2.472e-06,2.42151e-06,2.36792e-06,2.31523e-06,2.26217e-06,2.2027e-06,2.14377e-06
2.46273e-06,2.485e-06,2.50132e-06,2.51822e-06,2.5415e-06,2.55701e-06,2.56989e-06,2.58285e-06,2.58677e-06,2.58477e-06,2.57483e-06,2.55439e-06,2.52799e-06,2.49751e-06,2.45388e-06,2.4127e-06,2.36246e-06,2.31033e-06,2.2595e-06,2.20477e-06,2.14791e-06,2.0859e-06
2.40637e-06,2.42788e-06,2.44482e-06,2.46141e-06,2.48365e-06,2.49895e-06,2.51227e-06,2.52434e-06,2.52857e-06,2.52615e-06,2.517e-06,2.49671e-06,2.47088e-06,2.44099e-06,2.39787e-06,2.35664e-06,2.30724e-06,2.2552e-06,2.2066e-06,2.15383e-06,2.09295e-06,2.0345e-06
2.35265e-06,2.37409e-06,2.39063e-06,2.40722e-06,2.42861e-06,2.44357e-06,2.45703e-06,2.46852e-06,2.47327e-06,2.47047e-06,2.46146e-06,2.44168e-06,2.41585e-06,2.38671e-06,2.34431e-06,2.3031e-06,2.25482e-06,2.20322e-06,2.15583e-06,2.10306e-06,2.04143e-06,1.98306e-06
2.30099e-06,2.32251e-06,2.33857e-06,2.35592e-06,2.37557e-06,2.39023e-06,2.40391e-06,2.41532e-06,2.42022e-06,2.41709e-06,2.40819e-06,2.38887e-06,2.36332e-06,2.33635e-06,2.29244e-06,2.25238e-06,2.20524e-06,2.15424e-06,2.10697e-06,2.05539e-06,1.99191e-06,1.93569e-06
2.25058e-06,2.27228e-06,2.28853e-06,2.30565e-06,2.32581e-06,2.33986e-06,2.35346e-06,2.36361e-06,2.36956e-06,2.366e-06,2.35678e-06,2.33822e-06,2.31235e-06,2.28521e-06,2.24385e-06,2.20241e-06,2.1577e-06,2.10613e-06,2.0592e-06,2.00735e-06,1.94568e-06,1.88886e-06
2.20049e-06,2.22284e-06,2.23777e-06,2.25499e-06,2.27502e-06,2.28874e-06,2.30236e-06,2.31234e-06,2.31821e-06,2.31454e-06,2.30553e-06,2.28728e-06,2.26176e-06,2.23516e-06,2.19424e-06,2.1539e-06,2.10873e-06,2.0582e-06,2.01291e-06,1.96182e-06,1.89741e-06,1.84122e-06
2.15249e-06,2.17555e-06,2.18953e-06,2.20731e-06,2.22614e-06,2.23989e-06,2.25348e-06,2.26308e-06,2.26906e-06,2.26526e-06,2.2563e-06,2.23858e-06,2.21321e-06,2.18726e-06,2.14695e-06,2.10683e-06,2.0625e-06,2.01286e-06,1.96817e-06,1.91763e-06,1.85267e-06,1.79687e-06
2.10734e-06,2.12884e-06,2.14357e-06,2.1611e-06,2.1798e-06,2.19307e-06,2.20633e-06,2.21596e-06,2.22223e-06,2.21809e-06,2.20897e-06,2.19186e-06,2.16682e-06,2.1414e-06,2.10158e-06,2.06173e-06,2.01871e-06,1.96936e-06,1.92537e-06,1.87504e-06,1.80951e-06,1.75452e-06
2.05874e-06,2.0827e-06,2.09571e-06,2.11354e-06,2.13138e-06,2.14459e-06,2.1581e-06,2.16697e-06,2.1731e-06,2.16923e-06,2.16018e-06,2.1435e-06,2.11838e-06,2.09385e-06,2.05456e-06,2.01547e-06,1.9728e-06,1.92439e-06,1.88064e-06,1.83093e-06,1.76499e-06,1.71058e-06
2.01471e-06,2.04062e-06,2.05335e-06,2.06944e-06,2.0885e-06,2.10167e-06,2.11488e-06,2.12278e-06,2.12889e-06,2.12541e-06,2.1162e-06,2.09985e-06,2.07458e-06,2.05118e-06,2.01298e-06,1.97364e-06,1.93236e-06,1.88303e-06,1.83826e-06,1.79088e-06,1.72529e-06,1.66999e-06
1.96628e-06,1.99123e-06,2.00323e-06,2.02088e-06,2.03822e-06,2.05082e-06,2.06426e-06,2.07228e-06,2.07829e-06,2.07452e-06,2.06541e-06,2.04978e-06,2.02517e-06,2.00188e-06,1.96371e-06,1.92572e-06,1.88462e-06,1.83809e-06,1.79474e-06,1.74586e-06,1.67989e-06,1.62672e-06
1.92322e-06,1.95065e-06,1.96167e-06,1.9794e-06,1.9955e-06,2.00782e-06,2.02103e-06,2.02929e-06,2.0348e-06,2.03116e-06,2.02246e-06,2.00713e-06,1.98269e-06,1.95954e-06,1.92235e-06,1.88491e-06,1.84406e-06,1.79844e-06,1.75548e-06,1.70756e-06,1.64073e-06,1.58766e-06
1.87338e-06,1.89987e-06,1.91113e-06,1.92762e-06,1.94493e-06,1.95666e-06,1.96994e-06,1.97767e-06,1.98332e-06,1.97967e-06,1.97057e-06,1.95585e-06,1.93191e-06,1.90925e-06,1.87319e-06,1.83594e-06,1.79704e-06,1.75176e-06,1.70875e-06,1.66049e-06,1.59514e-06,1.5434e-06
1.82744e-06,1.85217e-06,1.86368e-06,1.88105e-06,1.89741e-06,1.90982e-06,1.92261e-06,1.92915e-06,1.93514e-06,1.93146e-06,1.92203e-06,1.90786e-06,1.8845e-06,1.86292e-06,1.82611e-06,1.79026e-06,1.75134e-06,1.70749e-06,1.66612e-06,1.6183e-06,1.55341e-06,1.50365e-06
1.77943e-06,1.8068e-06,1.81731e-06,1.83458e-06,1.84943e-06,1.8615e-06,1.87415e-06,1.88117e-06,1.88612e-06,1.88307e-06,1.87388e-06,1.8604e-06,1.83711e-06,1.81538e-06,1.78013e-06,1.7446e-06,1.70607e-06,1.66355e-06,1.62267e-06,1.57627e-06,1.5114e-06,1.46138e-06
1.73193e-06,1.75676e-06,1.76847e-06,1.78485e-06,1.8007e-06,1.81302e-06,1.82504e-06,1.83085e-06,1.83663e-06,1.83317e-06,1.8237e-06,1.81054e-06,1.78799e-06,1.76739e-06,1.73196e-06,1.6977e-06,1.66028e-06,1.61863e-06,1.57836e-06,1.53142e-06,1.46793e-06,1.42027e-06
1.682e-06,1.70834e-06,1.71957e-06,1.73584e-06,1.75105e-06,1.76275e-06,1.77493e-06,1.78073e-06,1.78595e-06,1.78303e-06,1.77326e-06,1.76106e-06,1.73859e-06,1.71803e-06,1.6848e-06,1.65097e-06,1.61435e-06,1.57444e-06,1.53325e-06,1.48813e-06,1.42499e-06,1.37662e-06
1.63597e-06,1.65966e-06,1.67304e-06,1.68596e-06,1.70057e-06,1.7123e-06,1.72371e-06,1.73058e-06,1.73539e-06,1.73268e-06,1.72266e-06,1.71145e-06,1.68953e-06,1.66803e-06,1.63611e-06,1.60308e-06,1.56877e-06,1.5302e-06,1.489e-06,1.44369e-06,1.38331e-06,1.33769e-06
1.58154e-06,1.60843e-06,1.62097e-06,1.63404e-06,1.64909e-06,1.66015e-06,1.67178e-06,1.67786e-06,1.68184e-06,1.67957e-06,1.67013e-06,1.65893e-06,1.63708e-06,1.61713e-06,1.5863e-06,1.55338e-06,1.51906e-06,1.48048e-06,1.4413e-06,1.39692e-06,1.33598e-06,1.29012e-06
1.53016e-06,1.5566e-06,1.56944e-06,1.58205e-06,1.59684e-06,1.60773e-06,1.61893e-06,1.62444e-06,1.62835e-06,1.62644e-06,1.61687e-06,1.6063e-06,1.58482e-06,1.56544e-06,1.53526e-06,1.50416e-06,1.47025e-06,1.43346e-06,1.39449e-06,1.35089e-06,1.29095e-06,1.24654e-06
1.48004e-06,1.50401e-06,1.51835e-06,1.52855e-06,1.5449e-06,1.5546e-06,1.56611e-06,1.57157e-06,1.57505e-06,1.57401e-06,1.56358e-06,1.55422e-06,1.53277e-06,1.51389e-06,1.48514e-06,1.4546e-06,1.42177e-06,1.3853e-06,1.34726e-06,1.30561e-06,1.24579e-06,1.20458e-06
1.42499e-06,1.45231e-06,1.46535e-06,1.47704e-06,1.49114e-06,1.50159e-06,1.51288e-06,1.51709e-06,1.52009e-06,1.51907e-06,1.50995e-06,1.50022e-06,1.47917e-06,1.46167e-06,1.43338e-06,1.40429e-06,1.37148e-06,1.33667e-06,1.30007e-06,1.2587e-06,1.20108e-06,1.1571e-06
1.3728e-06,1.39828e-06,1.41226e-06,1.42261e-06,1.43622e-06,1.44676e-06,1.45691e-06,1.46174e-06,1.46482e-06,1.46381e-06,1.45413e-06,1.44546e-06,1.42524e-06,1.40721e-06,1.38033e-06,1.35198e-06,1.32078e-06,1.28802e-06,1.25152e-06,1.21064e-06,1.15475e-06,1.11439e-06
1.31937e-06,1.3444e-06,1.35865e-06,1.36834e-06,1.38154e-06,1.39202e-06,1.40175e-06,1.40645e-06,1.40916e-06,1.40848e-06,1.39874e-06,1.39071e-06,1.37097e-06,1.35347e-06,1.32781e-06,1.30026e-06,1.27001e-06,1.23879e-06,1.20302e-06,1.16318e-06,1.10885e-06,1.07007e-06
1.26652e-06,1.29118e-06,1.30623e-06,1.31412e-06,1.32711e-06,1.33746e-06,1.34727e-06,1.35228e-06,1.35349e-06,1.35389e-06,1.34411e-06,1.33705e-06,1.31755e-06,1.30029e-06,1.27624e-06,1.24865e-06,1.21969e-06,1.19011e-06,1.15506e-06,1.116e-06,1.06409e-06,1.0263e-06
1.21274e-06,1.23752e-06,1.25213e-06,1.25948e-06,1.2729e-06,1.28216e-06,1.29172e-06,1.2962e-06,1.29893e-06,1.29889e-06,1.28843e-06,1.28186e-06,1.26321e-06,1.24595e-06,1.22415e-06,1.1978e-06,1.17044e-06,1.14101e-06,1.10556e-06,1.06759e-06,1.01689e-06,9.81193e-07
1.15867e-06,1.18173e-06,1.19681e-06,1.20476e-06,1.21656e-06,1.22683e-06,1.23533e-06,1.2396e-06,1.24157e-06,1.24171e-06,1.23199e-06,1.22574e-06,1.20743e-06,1.1917e-06,1.1694e-06,1.14463e-06,1.11725e-06,1.09038e-06,1.0574e-06,1.021e-06,9.71717e-07,9.37464e-07
1.10528e-06,1.12754e-06,1.14276e-06,1.1504e-06,1.16162e-06,1.17176e-06,1.17993e-06,1.18402e-06,1.18576e-06,1.18611e-06,1.17653e-06,1.17084e-06,1.15318e-06,1.1379e-06,1.11675e-06,1.09291e-06,1.06646e-06,1.04108e-06,1.00908e-06,9.73918e-07,9.26415e-07,8.93758e-07
1.05464e-06,1.07259e-06,1.08985e-06,1.09501e-06,1.10796e-06,1.11663e-06,1.1253e-06,1.12955e-06,1.13097e-06,1.13228e-06,1.12166e-06,1.11736e-06,1.09985e-06,1.08532e-06,1.06556e-06,1.04217e-06,1.01687e-06,9.91783e-07,9.60707e-07,9.2839e-07,8.81478e-07,8.52942e-07
1.00023e-06,1.02074e-06,1.0362e-06,1.0432e-06,1.05336e-06,1.06334e-06,1.07074e-06,1.07462e-06,1.07597e-06,1.07672e-06,1.06738e-06,1.06273e-06,1.0462e-06,1.03215e-06,1.01309e-06,9.91137e-07,9.66587e-07,9.44018e-07,9.14014e-07,8.81467e-07,8.37695e-07,8.07988e-07
9.72082e-07,9.93499e-07,1.00994e-06,1.01533e-06,1.02536e-06,1.03528e-06,1.04223e-06,1.04613e-06,1.04747e-06,1.04763e-06,1.03947e-06,1.0337e-06,1.01845e-06,1.00504e-06,9.86296e-07,9.64232e-07,9.40207e-07,9.16962e-07,8.89361e-07,8.57383e-07,8.1274e-07,7.85825e-07
8.99639e-07,9.18053e-07,9.33766e-07,9.39587e-07,9.48933e-07,9.58617e-07,9.65631e-07,9.69813e-07,9.69416e-07,9.71701e-07,9.62397e-07,9.59397e-07,9.4322e-07,9.30232e-07,9.13212e-07,8.94424e-07,8.70926e-07,8.52123e-07,8.22762e-07,7.92581e-07,7.5337e-07,7.25931e-07
8.4941e-07,8.67175e-07,8.82536e-07,8.89001e-07,8.97686e-07,9.07434e-07,9.13674e-07,9.17325e-07,9.18292e-07,9.19506e-07,9.10676e-07,9.07454e-07,8.9273e-07,8.80477e-07,8.64244e-07,8.45087e-07,8.23262e-07,8.04471e-07,7.77605e-07,7.49154e-07,7.11168e-07,6.85633e-07
8.02431e-07,8.18908e-07,8.34013e-07,8.41071e-07,8.48779e-07,8.58265e-07,8.64704e-07,8.67652e-07,8.69698e-07,8.70596e-07,8.61558e-07,8.58891e-07,8.44661e-07,8.32738e-07,8.17475e-07,7.99769e-07,7.78615e-07,7.60535e-07,7.34772e-07,7.08121e-07,6.71449e-07,6.47057e-07
7.55242e-07,7.71232e-07,7.86194e-07,7.92938e-07,8.00543e-07,8.1009e-07,8.15807e-07,8.19262e-07,8.1998e-07,8.21331e-07,8.13138e-07,8.1044e-07,7.97017e-07,7.86012e-07,7.71405e-07,7.54081e-07,7.34026e-07,7.17485e-07,6.92652e-07,6.66868e-07,6.32732e-07,6.09526e-07
7.10765e-07,7.25866e-07,7.40469e-07,7.46832e-07,7.54771e-07,7.64159e-07,7.69443e-07,7.72646e-07,7.73651e-07,7.74924e-07,7.67158e-07,7.64451e-07,7.51753e-07,7.41509e-07,7.27745e-07,7.11024e-07,6.91893e-07,6.7593e-07,6.52505e-07,6.2794e-07,5.95693e-07,5.73726e-07
6.685e-07,6.83073e-07,6.98436e-07,7.05284e-07,7.11039e-07,7.21354e-07,7.25909e-07,7.29943e-07,7.30134e-07,7.31538e-07,7.23931e-07,7.22103e-07,7.1e-07,7.00261e-07,6.87393e-07,6.69554e-07,6.51893e-07,6.37362e-07,6.1429e-07,5.90768e-07,5.61662e-07,5.40313e-07
6.2722e-07,6.40985e-07,6.55205e-07,6.61791e-07,6.69077e-07,6.77986e-07,6.82975e-07,6.85896e-07,6.86787e-07,6.88262e-07,6.81101e-07,6.79017e-07,6.6729e-07,6.58041e-07,6.44903e-07,6.30166e-07,6.13044e-07,5.98392e-07,5.77957e-07,5.55896e-07,5.26706e-07,5.06402e-07
5.88414e-07,6.0149e-07,6.15019e-07,6.22014e-07,6.28579e-07,6.3759e-07,6.42284e-07,6.45641e-07,6.4621e-07,6.47627e-07,6.4083e-07,6.39015e-07,6.27882e-07,6.19164e-07,6.0721e-07,5.92989e-07,5.76293e-07,5.63048e-07,5.42233e-07,5.21383e-07,4.94773e-07,4.75739e-07
5.52146e-07,5.64626e-07,5.77673e-07,5.84836e-07,5.9122e-07,6.00079e-07,6.04609e-07,6.07946e-07,6.08516e-07,6.09891e-07,6.03493e-07,6.01781e-07,5.91231e-07,5.82952e-07,5.71556e-07,5.58e-07,5.42032e-07,5.29416e-07,5.09554e-07,4.89787e-07,4.64967e-07,4.46833e-07
5.1855e-07,5.30868e-07,5.43303e-07,5.50736e-07,5.57269e-07,5.66715e-07,5.69954e-07,5.73041e-07,5.74364e-07,5.75219e-07,5.69599e-07,5.67694e-07,5.57855e-07,5.50258e-07,5.3835e-07,5.2567e-07,5.10545e-07,4.98641e-07,4.80313e-07,4.61141e-07,4.37672e-07,4.20387e-07
4.86767e-07,4.98363e-07,5.10309e-07,5.1781e-07,5.24044e-07,5.32542e-07,5.36836e-07,5.40149e-07,5.40813e-07,5.42026e-07,5.36448e-07,5.34786e-07,5.2539e-07,5.17821e-07,5.07416e-07,4.95037e-07,4.80436e-07,4.68778e-07,4.50691e-07,4.32971e-07,4.1132e-07,3.94891e-07
4.57832e-07,4.69055e-07,4.80439e-07,4.88107e-07,4.9431e-07,5.02624e-07,5.06853e-07,5.1016e-07,5.10882e-07,5.11988e-07,5.06836e-07,5.05158e-07,4.96299e-07,4.89022e-07,4.7904e-07,4.67163e-07,4.53179e-07,4.4188e-07,4.24634e-07,4.07794e-07,3.87651e-07,3.71981e-07
4.31472e-07,4.42375e-07,4.53166e-07,4.60986e-07,4.67216e-07,4.75322e-07,4.79521e-07,4.8282e-07,4.83616e-07,4.84614e-07,4.79881e-07,4.7815e-07,4.69797e-07,4.6276e-07,4.5317e-07,4.41747e-07,4.28325e-07,4.1732e-07,4.00845e-07,3.84843e-07,3.66071e-07,3.51112e-07
4.07611e-07,4.18204e-07,4.28485e-07,4.36401e-07,4.42671e-07,4.50575e-07,4.54755e-07,4.58053e-07,4.58928e-07,4.59803e-07,4.55483e-07,4.53666e-07,4.45818e-07,4.38977e-07,4.29731e-07,4.187e-07,4.05811e-07,3.95027e-07,3.79292e-07,3.64042e-07,3.4658e-07,3.32206e-07
3.86311e-07,3.96803e-07,4.06498e-07,4.14434e-07,4.20788e-07,4.28534e-07,4.32714e-07,4.35996e-07,4.36943e-07,4.37699e-07,4.33842e-07,4.31842e-07,4.24282e-07,4.17841e-07,4.08765e-07,3.98165e-07,3.85792e-07,3.75205e-07,3.60074e-07,3.45488e-07,3.29153e-07,3.153e-07
3.67441e-07,3.77476e-07,3.8666e-07,3.94836e-07,4.01219e-07,4.08628e-07,4.13115e-07,4.16164e-07,4.17192e-07,4.17853e-07,4.14415e-07,4.12381e-07,4.05358e-07,3.98712e-07,3.90071e-07,3.79786e-07,3.67754e-07,3.57613e-07,3.42848e-07,3.2891e-07,3.13606e-07,3.00419e-07
3.50615e-07,3.6033e-07,3.69204e-07,3.77262e-07,3.83745e-07,3.91046e-07,3.95282e-07,3.98577e-07,3.99713e-07,4.00228e-07,3.97038e-07,3.94891e-07,3.88304e-07,3.81864e-07,3.7342e-07,3.633e-07,3.51714e-07,3.41291e-07,3.27513e-07,3.14043e-07,2.99812e-07,2.86846e-07
3.36188e-07,3.45441e-07,3.54183e-07,3.62044e-07,3.68628e-07,3.75691e-07,3.7994e-07,3.83034e-07,3.84632e-07,3.84993e-07,3.82136e-07,3.79958e-07,3.73838e-07,3.67276e-07,3.58853e-07,3.49129e-07,3.37842e-07,3.27232e-07,3.14383e-07,3.01378e-07,2.87958e-07,2.75276e-07
3.2337e-07,3.32741e-07,3.40869e-07,3.48687e-07,3.55248e-07,3.62249e-07,3.66536e-07,3.69896e-07,3.71138e-07,3.71505e-07,3.68853e-07,3.66505e-07,3.60423e-07,3.54224e-07,3.46111e-07,3.36505e-07,3.25561e-07,3.15254e-07,3.02407e-07,2.89897e-07,2.77155e-07,2.64854e-07
3.12161e-07,3.2106e-07,3.29014e-07,3.36995e-07,3.43456e-07,3.50267e-07,3.54644e-07,3.57886e-07,3.5928e-07,3.59498e-07,3.57152e-07,3.54643e-07,3.49134e-07,3.42756e-07,3.34872e-07,3.254e-07,3.14673e-07,3.04428e-07,2.92129e-07,2.79927e-07,2.6787e-07,2.55776e-07
3.02258e-07,3.10759e-07,3.18634e-07,3.26227e-07,3.32848e-07,3.39483e-07,3.43861e-07,3.47123e-07,3.48579e-07,3.48792e-07,3.4663e-07,3.44095e-07,3.3867e-07,3.32477e-07,3.2469e-07,3.15341e-07,3.04943e-07,2.94756e-07,2.82753e-07,2.70814e-07,2.59444e-07,2.47707e-07
2.93522e-07,3.01824e-07,3.0949e-07,3.16939e-07,3.2356e-07,3.30053e-07,3.34439e-07,3.37703e-07,3.39226e-07,3.39355e-07,3.37415e-07,3.34812e-07,3.29581e-07,3.23453e-07,3.1577e-07,3.0656e-07,2.96406e-07,2.86232e-07,2.74654e-07,2.62994e-07,2.52018e-07,2.40453e-07
2.85846e-07,2.94021e-07,3.01531e-07,3.08724e-07,3.15355e-07,3.21759e-07,3.26136e-07,3.29387e-07,3.30947e-07,3.31039e-07,3.29304e-07,3.26611e-07,3.21418e-07,3.155e-07,3.0783e-07,2.98804e-07,2.88873e-07,2.7879e-07,2.67397e-07,2.56003e-07,2.45431e-07,2.34092e-07
2.78778e-07,2.86642e-07,2.94058e-07,3.0111e-07,3.07692e-07,3.1394e-07,3.18317e-07,3.21574e-07,3.23193e-07,3.23267e-07,3.21606e-07,3.18935e-07,3.14007e-07,3.07964e-07,3.00474e-07,2.91554e-07,2.81777e-07,2.71699e-07,2.60763e-07,2.49563e-07,2.39341e-07,2.28201e-07
2.72243e-07,2.79906e-07,2.87247e-07,2.9409e-07,3.00637e-07,3.06778e-07,3.11149e-07,3.14403e-07,3.16043e-07,3.16111e-07,3.14548e-07,3.11864e-07,3.07051e-07,3.01058e-07,2.93674e-07,2.84855e-07,2.75308e-07,2.65257e-07,2.54569e-07,2.43471e-07,2.33738e-07,2.22706e-07
2.6622e-07,2.73615e-07,2.80908e-07,2.8745e-07,2.94041e-07,3.00096e-07,3.04384e-07,3.07572e-07,3.09352e-07,3.0942e-07,3.07918e-07,3.0529e-07,3.00613e-07,2.94651e-07,2.87298e-07,2.78614e-07,2.69155e-07,2.59198e-07,2.48791e-07,2.37915e-07,2.28433e-07,2.17669e-07
2.60357e-07,2.67657e-07,2.74845e-07,2.8124e-07,2.87722e-07,2.93656e-07,2.97988e-07,3.01221e-07,3.02921e-07,3.03008e-07,3.01596e-07,2.98906e-07,2.94212e-07,2.88424e-07,2.81128e-07,2.72626e-07,2.6334e-07,2.53502e-07,2.43247e-07,2.32531e-07,2.23231e-07,2.12622e-07
2.54724e-07,2.61798e-07,2.68945e-07,2.75176e-07,2.81608e-07,2.87452e-07,2.91782e-07,2.94933e-07,2.96662e-07,2.96756e-07,2.95407e-07,2.92765e-07,2.88196e-07,2.82355e-07,2.75204e-07,2.66814e-07,2.5764e-07,2.47937e-07,2.3786e-07,2.27321e-07,2.18359e-07,2.07881e-07
2.49249e-07,2.5615e-07,2.63259e-07,2.6931e-07,2.75658e-07,2.81453e-07,2.85679e-07,2.88876e-07,2.90622e-07,2.90726e-07,2.89382e-07,2.86781e-07,2.82291e-07,2.76528e-07,2.69462e-07,2.61169e-07,2.52127e-07,2.42463e-07,2.32609e-07,2.22241e-07,2.13605e-07,2.03188e-07
2.43982e-07,2.50786e-07,2.57699e-07,2.6364e-07,2.69931e-07,2.7565e-07,2.79847e-07,2.8301e-07,2.84774e-07,2.84899e-07,2.83581e-07,2.81026e-07,2.76585e-07,2.70879e-07,2.63899e-07,2.55737e-07,2.46865e-07,2.37258e-07,2.27519e-07,2.17437e-07,2.08965e-07,1.98736e-07
2.38763e-07,2.45399e-07,2.52376e-07,2.58102e-07,2.64348e-07,2.70035e-07,2.74123e-07,2.77287e-07,2.79054e-07,2.79195e-07,2.77919e-07,2.75384e-07,2.71001e-07,2.65367e-07,2.58468e-07,2.5042e-07,2.41642e-07,2.32153e-07,2.22685e-07,2.12704e-07,2.04453e-07,1.94403e-07
2.33699e-07,2.40253e-07,2.47108e-07,2.527e-07,2.58877e-07,2.64481e-07,2.68558e-07,2.71691e-07,2.73451e-07,2.73631e-07,2.72367e-07,2.69868e-07,2.65548e-07,2.5998e-07,2.53169e-07,2.45243e-07,2.36612e-07,2.27213e-07,2.17914e-07,2.08078e-07,2.00033e-07,1.90119e-07
2.28778e-07,2.35165e-07,2.41958e-07,2.47451e-07,2.53569e-07,2.59086e-07,2.63113e-07,2.66229e-07,2.68011e-07,2.68203e-07,2.66956e-07,2.64504e-07,2.60229e-07,2.54727e-07,2.47985e-07,2.40176e-07,2.31673e-07,2.22404e-07,2.13222e-07,2.03577e-07,1.95705e-07,1.85954e-07
2.23921e-07,2.30372e-07,2.36989e-07,2.42348e-07,2.48403e-07,2.53898e-07,2.57846e-07,2.60919e-07,2.62697e-07,2.62902e-07,2.61699e-07,2.59272e-07,2.55044e-07,2.4962e-07,2.42964e-07,2.35257e-07,2.2689e-07,2.17701e-07,2.08692e-07,1.99217e-07,1.91592e-07,1.82004e-07
2.19277e-07,2.25519e-07,2.32063e-07,2.37312e-07,2.43307e-07,2.48671e-07,2.52603e-07,2.55675e-07,2.57455e-07,2.57696e-07,2.5648e-07,2.54109e-07,2.49924e-07,2.4456e-07,2.38002e-07,2.30403e-07,2.22193e-07,2.13134e-07,2.04182e-07,1.94899e-07,1.87445e-07,1.78004e-07
2.14601e-07,2.2083e-07,2.27239e-07,2.32415e-07,2.3832e-07,2.43631e-07,2.47548e-07,2.50577e-07,2.52337e-07,2.52578e-07,2.51395e-07,2.49058e-07,2.44926e-07,2.39642e-07,2.3317e-07,2.25681e-07,2.17591e-07,2.08618e-07,1.99885e-07,1.90753e-07,1.83422e-07,1.74087e-07
2.1012e-07,2.16182e-07,2.22614e-07,2.27615e-07,2.33491e-07,2.3878e-07,2.42579e-07,2.45597e-07,2.47334e-07,2.47606e-07,2.46463e-07,2.44126e-07,2.40026e-07,2.34855e-07,2.28469e-07,2.21057e-07,2.13102e-07,2.04215e-07,1.95568e-07,1.86716e-07,1.79474e-07,1.70361e-07
2.05489e-07,2.11696e-07,2.17955e-07,2.22923e-07,2.28663e-07,2.33902e-07,2.37659e-07,2.40635e-07,2.4238e-07,2.42648e-07,2.41507e-07,2.39254e-07,2.35227e-07,2.30065e-07,2.23757e-07,2.16524e-07,2.08655e-07,1.99927e-07,1.91478e-07,1.82685e-07,1.75631e-07,1.6665e-07
2.01217e-07,2.07143e-07,2.13382e-07,2.18218e-07,2.23946e-07,2.29078e-07,2.3279e-07,2.35758e-07,2.37481e-07,2.37772e-07,2.36647e-07,2.34407e-07,2.30424e-07,2.25364e-07,2.19148e-07,2.11986e-07,2.04256e-07,1.95648e-07,1.87319e-07,1.78708e-07,1.71828e-07,1.6297e-07
1.96918e-07,2.02782e-07,2.08955e-07,2.13676e-07,2.19309e-07,2.24401e-07,2.28068e-07,2.31039e-07,2.32719e-07,2.33002e-07,2.31902e-07,2.29706e-07,2.25774e-07,2.20785e-07,2.14646e-07,2.076e-07,1.99971e-07,1.91488e-07,1.83303e-07,1.74917e-07,1.68144e-07,1.59467e-07
1.9292e-07,1.98767e-07,2.048e-07,2.09459e-07,2.15048e-07,2.20041e-07,2.23657e-07,2.26566e-07,2.28268e-07,2.28549e-07,2.27474e-07,2.25315e-07,2.21427e-07,2.16499e-07,2.10459e-07,2.03499e-07,1.96035e-07,1.87634e-07,1.79563e-07,1.7128e-07,1.64649e-07,1.56138e-07
1.888e-07,1.94656e-07,2.00457e-07,2.05116e-07,2.10586e-07,2.15444e-07,2.19116e-07,2.21997e-07,2.23667e-07,2.23967e-07,2.22898e-07,2.20776e-07,2.16948e-07,2.12086e-07,2.06152e-07,1.99257e-07,1.9199e-07,1.83689e-07,1.75669e-07,1.67542e-07,1.61008e-07,1.52678e-07
1.84703e-07,1.90438e-07,1.96318e-07,2.00803e-07,2.06248e-07,2.11138e-07,2.14602e-07,2.17441e-07,2.19115e-07,2.19422e-07,2.18405e-07,2.16279e-07,2.12511e-07,2.07733e-07,2.01885e-07,1.95117e-07,1.87911e-07,1.79718e-07,1.71968e-07,1.63936e-07,1.57547e-07,1.49355e-07
1.80399e-07,1.85918e-07,1.91699e-07,1.96202e-07,2.01533e-07,2.06351e-07,2.09835e-07,2.12644e-07,2.14256e-07,2.14592e-07,2.1356e-07,2.11493e-07,2.07787e-07,2.03098e-07,1.97311e-07,1.90707e-07,1.8358e-07,1.75561e-07,1.67811e-07,1.6016e-07,1.53747e-07,1.45652e-07
1.76315e-07,1.81879e-07,1.87558e-07,1.91916e-07,1.97201e-07,2.0196e-07,2.05369e-07,2.08164e-07,2.0975e-07,2.10102e-07,2.09083e-07,2.07055e-07,2.03395e-07,1.98773e-07,1.93087e-07,1.86582e-07,1.79591e-07,1.71683e-07,1.64161e-07,1.56571e-07,1.50344e-07,1.42367e-07
1.72477e-07,1.77876e-07,1.83484e-07,1.87793e-07,1.93013e-07,1.97734e-07,2.01094e-07,2.0387e-07,2.05421e-07,2.05816e-07,2.04804e-07,2.0278e-07,1.99179e-07,1.94645e-07,1.89024e-07,1.82632e-07,1.75768e-07,1.67963e-07,1.60544e-07,1.53139e-07,1.47016e-07,1.391e-07
1.68458e-07,1.73899e-07,1.79427e-07,1.83657e-07,1.88787e-07,1.93422e-07,1.96726e-07,1.99455e-07,2.00993e-07,2.01344e-07,2.00366e-07,1.98395e-07,1.9487e-07,1.90392e-07,1.84906e-07,1.78611e-07,1.71864e-07,1.64172e-07,1.56914e-07,1.49633e-07,1.43608e-07,1.35911e-07
1.64644e-07,1.70099e-07,1.75338e-07,1.79687e-07,1.8475e-07,1.89289e-07,1.9256e-07,1.95209e-07,1.96787e-07,1.97064e-07,1.96124e-07,1.94244e-07,1.90723e-07,1.86302e-07,1.80914e-07,1.74727e-07,1.68075e-07,1.60492e-07,1.53356e-07,1.46317e-07,1.40336e-07,1.32713e-07
1.60826e-07,1.66112e-07,1.71495e-07,1.75642e-07,1.8063e-07,1.85164e-07,1.88325e-07,1.90958e-07,1.92512e-07,1.92783e-07,1.919e-07,1.90026e-07,1.86554e-07,1.82203e-07,1.76923e-07,1.70881e-07,1.64326e-07,1.56853e-07,1.49993e-07,1.42911e-07,1.37021e-07,1.29664e-07
1.57017e-07,1.62325e-07,1.67556e-07,1.71628e-07,1.76543e-07,1.80977e-07,1.84123e-07,1.86762e-07,1.88204e-07,1.88564e-07,1.87668e-07,1.85784e-07,1.82423e-07,1.7818e-07,1.72975e-07,1.67013e-07,1.60605e-07,1.53273e-07,1.4643e-07,1.39607e-07,1.33837e-07,1.26555e-07
1.53433e-07,1.58547e-07,1.63727e-07,1.67774e-07,1.72595e-07,1.77009e-07,1.80099e-07,1.82728e-07,1.84137e-07,1.8453e-07,1.83648e-07,1.81757e-07,1.78466e-07,1.74315e-07,1.69164e-07,1.63325e-07,1.57031e-07,1.49816e-07,1.43067e-07,1.36434e-07,1.30729e-07,1.23483e-07
1.49623e-07,1.54806e-07,1.5986e-07,1.63863e-07,1.68642e-07,1.72942e-07,1.75985e-07,1.78546e-07,1.79939e-07,1.803e-07,1.79442e-07,1.77595e-07,1.74379e-07,1.70276e-07,1.65297e-07,1.5955e-07,1.53371e-07,1.46242e-07,1.39661e-07,1.33135e-07,1.2753e-07,1.20525e-07
1.45958e-07,1.51079e-07,1.56075e-07,1.60004e-07,1.64689e-07,1.68941e-07,1.71932e-07,1.74456e-07,1.75823e-07,1.76188e-07,1.75324e-07,1.73541e-07,1.7038e-07,1.66347e-07,1.61446e-07,1.55813e-07,1.49769e-07,1.42783e-07,1.3632e-07,1.29952e-07,1.24406e-07,1.17544e-07
1.42399e-07,1.47582e-07,1.52255e-07,1.56277e-07,1.60858e-07,1.6499e-07,1.68026e-07,1.70509e-07,1.71825e-07,1.72201e-07,1.71343e-07,1.696e-07,1.6651e-07,1.6255e-07,1.57759e-07,1.52183e-07,1.46332e-07,1.39455e-07,1.32973e-07,1.2683e-07,1.21372e-07,1.14566e-07
1.38845e-07,1.43818e-07,1.4877e-07,1.52556e-07,1.5714e-07,1.61378e-07,1.64103e-07,1.66559e-07,1.67848e-07,1.68233e-07,1.67427e-07,1.65686e-07,1.6263e-07,1.58755e-07,1.54045e-07,1.48636e-07,1.42761e-07,1.36048e-07,1.29952e-07,1.23821e-07,1.18385e-07,1.11772e-07
1.35567e-07,1.40456e-07,1.45222e-07,1.49051e-07,1.53453e-07,1.57592e-07,1.60412e-07,1.62836e-07,1.6403e-07,1.64576e-07,1.6373e-07,1.619e-07,1.59037e-07,1.55277e-07,1.50643e-07,1.45276e-07,1.39575e-07,1.32934e-07,1.26786e-07,1.20864e-07,1.15605e-07,1.08922e-07
1.31911e-07,1.36815e-07,1.41556e-07,1.45273e-07,1.49585e-07,1.53571e-07,1.5643e-07,1.58845e-07,1.59964e-07,1.60453e-07,1.59632e-07,1.57902e-07,1.55069e-07,1.51354e-07,1.46899e-07,1.41638e-07,1.36064e-07,1.29568e-07,1.23584e-07,1.17662e-07,1.12417e-07,1.06143e-07
1.28395e-07,1.33258e-07,1.3791e-07,1.41605e-07,1.45927e-07,1.49892e-07,1.52647e-07,1.55033e-07,1.56197e-07,1.56562e-07,1.55771e-07,1.54169e-07,1.51314e-07,1.47638e-07,1.43226e-07,1.38126e-07,1.32693e-07,1.26316e-07,1.20418e-07,1.14777e-07,1.09543e-07,1.03326e-07
1.25002e-07,1.29801e-07,1.34428e-07,1.38053e-07,1.42322e-07,1.4621e-07,1.48908e-07,1.51272e-07,1.52404e-07,1.52768e-07,1.51995e-07,1.50435e-07,1.47637e-07,1.44043e-07,1.39714e-07,1.34728e-07,1.29392e-07,1.23143e-07,1.17382e-07,1.1187e-07,1.0671e-07,1.00613e-07
1.21655e-07,1.26477e-07,1.30885e-07,1.3456e-07,1.3876e-07,1.42563e-07,1.45221e-07,1.47503e-07,1.48659e-07,1.49032e-07,1.48292e-07,1.4671e-07,1.44008e-07,1.40483e-07,1.36266e-07,1.31382e-07,1.26134e-07,1.20008e-07,1.14383e-07,1.08949e-07,1.03866e-07,9.79187e-08
1.18361e-07,1.23077e-07,1.27558e-07,1.31136e-07,1.35246e-07,1.39043e-07,1.41577e-07,1.43828e-07,1.44949e-07,1.45319e-07,1.4463e-07,1.43076e-07,1.40402e-07,1.36973e-07,1.32857e-07,1.28085e-07,1.22924e-07,1.16916e-07,1.11518e-07,1.061e-07,1.01078e-07,9.52949e-08
1.15103e-07,1.19907e-07,1.24183e-07,1.2773e-07,1.31849e-07,1.35486e-07,1.3802e-07,1.40187e-07,1.41341e-07,1.41741e-07,1.41046e-07,1.39484e-07,1.36935e-07,1.33594e-07,1.29554e-07,1.24843e-07,1.19837e-07,1.13923e-07,1.08496e-07,1.03296e-07,9.8436e-08,9.26857e-08
1.11857e-07,1.16528e-07,1.20801e-07,1.24341e-07,1.28334e-07,1.31938e-07,1.34454e-07,1.3662e-07,1.3771e-07,1.38072e-07,1.37384e-07,1.35917e-07,1.33386e-07,1.30101e-07,1.26158e-07,1.21597e-07,1.16651e-07,1.109e-07,1.05609e-07,1.00567e-07,9.56757e-08,9.00914e-08
1.08705e-07,1.13367e-07,1.17538e-07,1.21083e-07,1.25004e-07,1.28552e-07,1.31031e-07,1.3315e-07,1.34214e-07,1.34579e-07,1.33905e-07,1.32466e-07,1.30007e-07,1.26779e-07,1.22936e-07,1.18463e-07,1.13628e-07,1.07983e-07,1.0284e-07,9.78652e-08,9.30323e-08,8.75915e-08
1.05598e-07,1.10205e-07,1.14349e-07,1.17836e-07,1.21718e-07,1.25187e-07,1.27623e-07,1.29693e-07,1.30757e-07,1.31128e-07,1.3045e-07,1.29049e-07,1.26649e-07,1.23494e-07,1.19767e-07,1.15398e-07,1.10649e-07,1.05125e-07,1.00044e-07,9.52223e-08,9.04646e-08,8.51181e-08
1.02539e-07,1.071e-07,1.1117e-07,1.14621e-07,1.18423e-07,1.21852e-07,1.2424e-07,1.26287e-07,1.27314e-07,1.2767e-07,1.27033e-07,1.25647e-07,1.23309e-07,1.20234e-07,1.16574e-07,1.12308e-07,1.07686e-07,1.02271e-07,9.73142e-08,9.25919e-08,8.78745e-08,8.2655e-08
9.95509e-08,1.04055e-07,1.08087e-07,1.11507e-07,1.15243e-07,1.18606e-07,1.20957e-07,1.22975e-07,1.23977e-07,1.24325e-07,1.23709e-07,1.22368e-07,1.20076e-07,1.17077e-07,1.13496e-07,1.09335e-07,1.04802e-07,9.95097e-08,9.46475e-08,9.00304e-08,8.53955e-08,8.02694e-08
9.72489e-08,1.01878e-07,1.05734e-07,1.09127e-07,1.12841e-07,1.16097e-07,1.18418e-07,1.2039e-07,1.21416e-07,1.21696e-07,1.21116e-07,1.19816e-07,1.17575e-07,1.14593e-07,1.11125e-07,1.07003e-07,1.02624e-07,9.74211e-08,9.26174e-08,8.80725e-08,8.3467e-08,7.86463e-08
9.36911e-08,9.8106e-08,1.02052e-07,1.05407e-07,1.09013e-07,1.12249e-07,1.1452e-07,1.16476e-07,1.17442e-07,1.17781e-07,1.17198e-07,1.15924e-07,1.13737e-07,1.10883e-07,1.07484e-07,1.03511e-07,9.91704e-08,9.41056e-08,8.94301e-08,8.50337e-08,8.04948e-08,7.56011e-08
9.08443e-08,9.52597e-08,9.91339e-08,1.02439e-07,1.06022e-07,1.09196e-07,1.11436e-07,1.13358e-07,1.14297e-07,1.1464e-07,1.14068e-07,1.12823e-07,1.10703e-07,1.07916e-07,1.04594e-07,1.00699e-07,9.64635e-08,9.15343e-08,8.69437e-08,8.26563e-08,7.81595e-08,7.33879e-08
8.80671e-08,9.24625e-08,9.6248e-08,9.95426e-08,1.03043e-07,1.06165e-07,1.08385e-07,1.1027e-07,1.11189e-07,1.11551e-07,1.10975e-07,1.0978e-07,1.07696e-07,1.04967e-07,1.01699e-07,9.79127e-08,9.37744e-08,8.89976e-08,8.44878e-08,8.03305e-08,7.58394e-08,7.11747e-08
8.53332e-08,8.96558e-08,9.34064e-08,9.67114e-08,1.00151e-07,1.03238e-07,1.05397e-07,1.07242e-07,1.08152e-07,1.08498e-07,1.07955e-07,1.06764e-07,1.04768e-07,1.02094e-07,9.89436e-08,9.52332e-08,9.11731e-08,8.6464e-08,8.20876e-08,7.7984e-08,7.35677e-08,6.90317e-08
8.27084e-08,8.69485e-08,9.06745e-08,9.39517e-08,9.73379e-08,1.00353e-07,1.02491e-07,1.04312e-07,1.05197e-07,1.05531e-07,1.0501e-07,1.0384e-07,1.01899e-07,9.93026e-08,9.62177e-08,9.25901e-08,8.86328e-08,8.40192e-08,7.97378e-08,7.56799e-08,7.13793e-08,6.6913e-08
8.00404e-08,8.43471e-08,8.8009e-08,9.12446e-08,9.45712e-08,9.75487e-08,9.96418e-08,1.01408e-07,1.02315e-07,1.02641e-07,1.02123e-07,1.00989e-07,9.91206e-08,9.65807e-08,9.35793e-08,9.00335e-08,8.61525e-08,8.16902e-08,7.74576e-08,7.35144e-08,6.92423e-08,6.48598e-08
7.75356e-08,8.17538e-08,8.53735e-08,8.85989e-08,9.18914e-08,9.47891e-08,9.68567e-08,9.86096e-08,9.94825e-08,9.98022e-08,9.93111e-08,9.82299e-08,9.63649e-08,9.39079e-08,9.09665e-08,8.7508e-08,8.37009e-08,7.93312e-08,7.52079e-08,7.13337e-08,6.71388e-08,6.28617e-08
7.50711e-08,7.92325e-08,8.28087e-08,8.60071e-08,8.92459e-08,9.21093e-08,9.41469e-08,9.58631e-08,9.67227e-08,9.70558e-08,9.65767e-08,9.54985e-08,9.37129e-08,9.12871e-08,8.84397e-08,8.50566e-08,8.13461e-08,7.70738e-08,7.30208e-08,6.92342e-08,6.50759e-08,6.09217e-08
7.26332e-08,7.67939e-08,8.03033e-08,8.34724e-08,8.66751e-08,8.94664e-08,9.14826e-08,9.3179e-08,9.40266e-08,9.43438e-08,9.38849e-08,9.28459e-08,9.10897e-08,8.87466e-08,8.59565e-08,8.26533e-08,7.90213e-08,7.48719e-08,7.08805e-08,6.71757e-08,6.30716e-08,5.89962e-08
7.03169e-08,7.44322e-08,7.79024e-08,8.10297e-08,8.41991e-08,8.69601e-08,8.89292e-08,9.05975e-08,9.14291e-08,9.17533e-08,9.13033e-08,9.02938e-08,8.85876e-08,8.63048e-08,8.35885e-08,8.03552e-08,7.68105e-08,7.27484e-08,6.88432e-08,6.52203e-08,6.11758e-08,5.71846e-08
6.80828e-08,7.21114e-08,7.55597e-08,7.87177e-08,8.17881e-08,8.44995e-08,8.64523e-08,8.80905e-08,8.89151e-08,8.92272e-08,8.8793e-08,8.78204e-08,8.61478e-08,8.39262e-08,8.12638e-08,7.81164e-08,7.46434e-08,7.06738e-08,6.68495e-08,6.33072e-08,5.92948e-08,5.54051e-08
6.58791e-08,6.98606e-08,7.33121e-08,7.64285e-08,7.94589e-08,8.21207e-08,8.40719e-08,8.56562e-08,8.64788e-08,8.67979e-08,8.63696e-08,8.54352e-08,8.37975e-08,8.16262e-08,7.90481e-08,7.59548e-08,7.25579e-08,6.86727e-08,6.49293e-08,6.14426e-08,5.74818e-08,5.36798e-08
6.37423e-08,6.7687e-08,7.11179e-08,7.41923e-08,7.72113e-08,7.98194e-08,8.17246e-08,8.33056e-08,8.41136e-08,8.4424e-08,8.40079e-08,8.30978e-08,8.15187e-08,7.94116e-08,7.68762e-08,7.38565e-08,7.05166e-08,6.67418e-08,6.30597e-08,5.96679e-08,5.57521e-08,5.19846e-08
6.16529e-08,6.56048e-08,6.89416e-08,7.20033e-08,7.49599e-08,7.75212e-08,7.94092e-08,8.09639e-08,8.17771e-08,8.20732e-08,8.16829e-08,8.07884e-08,7.92449e-08,7.71764e-08,7.47094e-08,7.17704e-08,6.85203e-08,6.48206e-08,6.12116e-08,5.78837e-08,5.40062e-08,5.03533e-08
5.96451e-08,6.35868e-08,6.69149e-08,6.99365e-08,7.28357e-08,7.53653e-08,7.72325e-08,7.87401e-08,7.95666e-08,7.98583e-08,7.94707e-08,7.86042e-08,7.71257e-08,7.51019e-08,7.27005e-08,6.97988e-08,6.66131e-08,6.30284e-08,5.94929e-08,5.62106e-08,5.2391e-08,4.88036e-08
5.77407e-08,6.15984e-08,6.48852e-08,6.7895e-08,7.07742e-08,7.32512e-08,7.50876e-08,7.65891e-08,7.73873e-08,7.76866e-08,7.73165e-08,7.64746e-08,7.50145e-08,7.3049e-08,7.06922e-08,6.78749e-08,6.47511e-08,6.12207e-08,5.7771e-08,5.45369e-08,5.08063e-08,4.728e-08
5.58811e-08,5.97331e-08,6.29597e-08,6.59534e-08,6.87923e-08,7.12331e-08,7.30567e-08,7.45344e-08,7.53121e-08,7.5617e-08,7.52684e-08,7.44483e-08,7.30182e-08,7.11023e-08,6.87802e-08,6.60357e-08,6.29763e-08,5.95343e-08,5.61409e-08,5.29723e-08,4.93023e-08,4.58314e-08
5.41219e-08,5.79124e-08,6.11385e-08,6.40848e-08,6.68965e-08,6.93019e-08,7.10953e-08,7.25622e-08,7.33272e-08,7.36311e-08,7.32916e-08,7.25016e-08,7.11062e-08,6.92426e-08,6.69771e-08,6.42679e-08,6.12879e-08,5.79357e-08,5.4594e-08,5.14865e-08,4.7853e-08,4.44632e-08
5.24098e-08,5.61733e-08,5.93586e-08,6.23057e-08,6.50655e-08,6.74372e-08,6.92178e-08,7.06554e-08,7.14233e-08,7.17189e-08,7.13902e-08,7.06241e-08,6.92614e-08,6.74332e-08,6.52266e-08,6.25905e-08,5.96487e-08,5.63405e-08,5.30849e-08,5.00269e-08,4.64579e-08,4.30849e-08
5.07711e-08,5.45094e-08,5.76605e-08,6.0578e-08,6.33062e-08,6.56367e-08,6.74075e-08,6.88177e-08,6.95799e-08,6.98728e-08,6.95612e-08,6.8816e-08,6.74829e-08,6.57049e-08,6.35389e-08,6.09417e-08,5.80732e-08,5.48691e-08,5.16384e-08,4.86274e-08,4.50891e-08,4.18448e-08
4.92314e-08,5.28799e-08,5.60175e-08,5.89087e-08,6.15996e-08,6.39041e-08,6.56503e-08,6.70325e-08,6.77936e-08,6.80867e-08,6.77872e-08,6.70581e-08,6.57671e-08,6.40243e-08,6.18998e-08,5.93479e-08,5.65318e-08,5.34007e-08,5.02494e-08,4.72704e-08,4.38145e-08,4.06012e-08
4.77053e-08,5.1387e-08,5.44347e-08,5.72967e-08,5.99647e-08,6.22177e-08,6.39625e-08,6.53294e-08,6.60893e-08,6.63731e-08,6.60869e-08,6.5377e-08,6.41097e-08,6.24082e-08,6.0325e-08,5.7833e-08,5.50743e-08,5.2006e-08,4.89097e-08,4.59682e-08,4.25746e-08,3.94249e-08
4.6303e-08,4.99358e-08,5.29873e-08,5.58172e-08,5.84249e-08,6.06654e-08,6.23796e-08,6.37274e-08,6.44833e-08,6.47681e-08,6.44986e-08,6.38081e-08,6.25622e-08,6.08863e-08,5.88434e-08,5.64251e-08,5.36964e-08,5.06707e-08,4.76499e-08,4.479e-08,4.14316e-08,3.82908e-08
4.49154e-08,4.85741e-08,5.15247e-08,5.43403e-08,5.69478e-08,5.91168e-08,6.0843e-08,6.21654e-08,6.29177e-08,6.32009e-08,6.29364e-08,6.22548e-08,6.10541e-08,5.94217e-08,5.74219e-08,5.50165e-08,5.23608e-08,4.93966e-08,4.6449e-08,4.35798e-08,4.02792e-08,3.7278e-08
4.3608e-08,4.71672e-08,5.01435e-08,5.29421e-08,5.5491e-08,5.76465e-08,5.93316e-08,6.06414e-08,6.13982e-08,6.16784e-08,6.14192e-08,6.07584e-08,5.95884e-08,5.79823e-08,5.60167e-08,5.36755e-08,5.10424e-08,4.81644e-08,4.52615e-08,4.24886e-08,3.9201e-08,3.62254e-08
4.23843e-08,4.59043e-08,4.88547e-08,5.1625e-08,5.41418e-08,5.62718e-08,5.79343e-08,5.92396e-08,5.99877e-08,6.02608e-08,6.00205e-08,5.93693e-08,5.82304e-08,5.66526e-08,5.473e-08,5.24138e-08,4.98234e-08,4.70322e-08,4.41818e-08,4.14804e-08,3.81533e-08,3.52488e-08
4.1203e-08,4.47556e-08,4.76086e-08,5.03669e-08,5.28493e-08,5.49487e-08,5.66034e-08,5.78836e-08,5.8624e-08,5.89051e-08,5.86725e-08,5.80441e-08,5.69073e-08,5.53631e-08,5.34755e-08,5.122e-08,4.8666e-08,4.59127e-08,4.31253e-08,4.04425e-08,3.72275e-08,3.43689e-08
4.01065e-08,4.35452e-08,4.6429e-08,4.91325e-08,5.15869e-08,5.36689e-08,5.5315e-08,5.65719e-08,5.73108e-08,5.758e-08,5.73529e-08,5.67432e-08,5.56427e-08,5.4148e-08,5.22661e-08,5.00273e-08,4.75466e-08,4.48659e-08,4.20723e-08,3.94233e-08,3.62567e-08,3.34917e-08
3.90146e-08,4.24488e-08,4.52757e-08,4.79593e-08,5.03748e-08,5.24293e-08,5.40618e-08,5.53023e-08,5.6039e-08,5.63068e-08,5.6096e-08,5.54914e-08,5.44175e-08,5.2936e-08,5.10912e-08,4.89075e-08,4.64603e-08,4.38143e-08,4.11046e-08,3.84722e-08,3.53941e-08,3.26205e-08
3.80618e-08,4.14501e-08,4.42101e-08,4.68713e-08,4.92663e-08,5.12839e-08,5.29015e-08,5.41311e-08,5.48619e-08,5.51278e-08,5.49225e-08,5.43421e-08,5.32718e-08,5.18209e-08,5.00146e-08,4.78622e-08,4.54559e-08,4.28514e-08,4.0212e-08,3.76015e-08,3.45612e-08,3.18502e-08
3.70879e-08,4.04194e-08,4.31684e-08,4.58137e-08,4.81651e-08,5.01651e-08,5.17647e-08,5.29775e-08,5.37048e-08,5.39697e-08,5.37679e-08,5.32008e-08,5.2156e-08,5.07376e-08,4.8947e-08,4.68364e-08,4.44594e-08,4.19184e-08,3.93061e-08,3.67581e-08,3.37661e-08,3.10757e-08
3.61641e-08,3.94655e-08,4.21929e-08,4.4787e-08,4.71094e-08,4.90866e-08,5.06749e-08,5.18691e-08,5.2592e-08,5.28553e-08,5.2668e-08,5.2106e-08,5.10875e-08,4.96839e-08,4.79265e-08,4.58475e-08,4.35106e-08,4.10091e-08,3.8441e-08,3.59276e-08,3.29881e-08,3.03471e-08
3.53173e-08,3.85595e-08,4.13044e-08,4.38603e-08,4.6141e-08,4.80933e-08,4.96674e-08,5.0845e-08,5.15667e-08,5.18292e-08,5.16578e-08,5.10954e-08,5.01089e-08,4.87103e-08,4.69824e-08,4.49431e-08,4.2637e-08,4.01618e-08,3.76654e-08,3.51765e-08,3.22782e-08,2.96918e-08
3.44922e-08,3.77152e-08,4.03833e-08,4.29113e-08,4.51694e-08,4.71007e-08,4.86612e-08,4.98277e-08,5.05379e-08,5.0799e-08,5.06252e-08,5.00872e-08,4.91042e-08,4.77517e-08,4.60387e-08,4.40262e-08,4.17585e-08,3.93435e-08,3.68571e-08,3.4421e-08,3.15776e-08,2.90183e-08
3.37169e-08,3.6901e-08,3.95349e-08,4.20307e-08,4.42585e-08,4.61666e-08,4.77127e-08,4.8865e-08,4.95702e-08,4.98296e-08,4.96633e-08,4.91345e-08,4.81686e-08,4.68377e-08,4.51488e-08,4.31668e-08,4.09327e-08,3.85603e-08,3.61158e-08,3.37128e-08,3.09176e-08,2.83965e-08
3.30068e-08,3.61319e-08,3.87456e-08,4.12059e-08,4.34034e-08,4.52852e-08,4.68121e-08,4.79467e-08,4.86573e-08,4.89108e-08,4.8747e-08,4.82327e-08,4.72762e-08,4.59682e-08,4.43051e-08,4.23428e-08,4.01401e-08,3.78244e-08,3.54208e-08,3.30288e-08,3.02906e-08,2.78173e-08
3.22832e-08,3.54383e-08,3.79469e-08,4.03754e-08,4.25615e-08,4.44185e-08,4.59434e-08,4.70689e-08,4.77627e-08,4.80152e-08,4.78666e-08,4.73521e-08,4.6417e-08,4.51209e-08,4.34762e-08,4.15546e-08,3.93826e-08,3.71252e-08,3.47284e-08,3.23899e-08,2.96774e-08,2.72462e-08
3.15833e-08,3.46959e-08,3.72026e-08,3.96061e-08,4.17454e-08,4.35812e-08,4.50959e-08,4.62024e-08,4.69015e-08,4.71448e-08,4.7011e-08,4.64923e-08,4.55842e-08,4.42962e-08,4.26764e-08,4.07882e-08,3.86536e-08,3.6414e-08,3.41012e-08,3.17643e-08,2.91029e-08,2.67027e-08
3.09512e-08,3.39884e-08,3.64871e-08,3.88466e-08,4.09578e-08,4.27726e-08,4.42648e-08,4.5362e-08,4.60518e-08,4.62971e-08,4.61609e-08,4.56591e-08,4.47604e-08,4.35026e-08,4.19148e-08,4.00306e-08,3.7918e-08,3.57329e-08,3.34441e-08,3.11728e-08,2.8518e-08,2.61744e-08
3.03311e-08,3.33332e-08,3.57724e-08,3.81137e-08,4.01955e-08,4.19959e-08,4.34609e-08,4.45483e-08,4.52287e-08,4.54765e-08,4.53454e-08,4.48536e-08,4.3962e-08,4.27248e-08,4.11479e-08,3.93094e-08,3.72297e-08,3.50675e-08,3.28107e-08,3.05858e-08,2.79932e-08,2.56516e-08
2.97351e-08,3.26868e-08,3.51102e-08,3.74162e-08,3.94654e-08,4.12389e-08,4.26911e-08,4.37651e-08,4.44448e-08,4.46884e-08,4.45589e-08,4.4077e-08,4.32002e-08,4.19805e-08,4.04263e-08,3.86105e-08,3.65662e-08,3.44205e-08,3.22103e-08,3.00026e-08,2.74732e-08,2.51607e-08
2.91406e-08,3.20627e-08,3.44653e-08,3.67432e-08,3.87686e-08,4.05073e-08,4.19623e-08,4.30159e-08,4.36825e-08,4.39329e-08,4.38114e-08,4.33378e-08,4.24695e-08,4.12566e-08,3.97374e-08,3.79435e-08,3.59261e-08,3.37982e-08,3.16286e-08,2.94199e-08,2.69733e-08,2.47049e-08
2.86038e-08,3.14595e-08,3.38396e-08,3.60692e-08,3.80724e-08,3.98096e-08,4.1216e-08,4.22679e-08,4.29441e-08,4.31804e-08,4.30666e-08,4.25742e-08,4.17484e-08,4.05546e-08,3.9039e-08,3.7277e-08,3.52941e-08,3.32182e-08,3.10684e-08,2.89185e-08,2.64826e-08,2.42146e-08
2.80507e-08,3.08843e-08,3.32185e-08,3.54183e-08,3.73899e-08,3.91017e-08,4.05107e-08,4.15437e-08,4.22019e-08,4.24423e-08,4.23285e-08,4.18696e-08,4.10271e-08,3.98621e-08,3.83712e-08,3.66148e-08,3.46604e-08,3.26341e-08,3.05052e-08,2.83847e-08,2.59804e-08,2.37956e-08
2.7527e-08,3.0309e-08,3.26208e-08,3.47948e-08,3.67385e-08,3.84244e-08,3.98086e-08,4.08299e-08,4.14936e-08,4.17306e-08,4.16151e-08,4.11607e-08,4.03366e-08,3.91785e-08,3.7717e-08,3.59971e-08,3.40657e-08,3.20381e-08,2.99774e-08,2.78646e-08,2.55312e-08,2.3343e-08
2.69961e-08,2.97599e-08,3.20245e-08,3.41703e-08,3.60837e-08,3.77498e-08,3.91272e-08,4.01388e-08,4.07904e-08,4.10226e-08,4.09186e-08,4.04689e-08,3.96524e-08,3.85118e-08,3.70625e-08,3.53696e-08,3.34725e-08,3.14882e-08,2.94487e-08,2.7386e-08,2.50632e-08,2.29104e-08
2.64696e-08,2.92098e-08,3.14428e-08,3.35582e-08,3.54443e-08,3.70921e-08,3.84519e-08,3.9451e-08,4.00943e-08,4.03276e-08,4.02283e-08,3.978e-08,3.89818e-08,3.78568e-08,3.64267e-08,3.47546e-08,3.2884e-08,3.09353e-08,2.89198e-08,2.68822e-08,2.46114e-08,2.24918e-08
2.59822e-08,2.8675e-08,3.08813e-08,3.29645e-08,3.48311e-08,3.64588e-08,3.77954e-08,3.87835e-08,3.94276e-08,3.96567e-08,3.95584e-08,3.91171e-08,3.83339e-08,3.72162e-08,3.58141e-08,3.41694e-08,3.23258e-08,3.03866e-08,2.84117e-08,2.64064e-08,2.41671e-08,2.20673e-08
2.5489e-08,2.81416e-08,3.03198e-08,3.23831e-08,3.4217e-08,3.58233e-08,3.71503e-08,3.81284e-08,3.87537e-08,3.89877e-08,3.88894e-08,3.84618e-08,3.76798e-08,3.65944e-08,3.52e-08,3.35746e-08,3.17538e-08,2.98675e-08,2.79067e-08,2.59363e-08,2.37373e-08,2.168e-08
2.5e-08,2.76316e-08,2.97752e-08,3.18032e-08,3.36116e-08,3.52033e-08,3.65101e-08,3.74788e-08,3.80968e-08,3.83287e-08,3.82363e-08,3.78119e-08,3.70425e-08,3.597e-08,3.45916e-08,3.29937e-08,3.1199e-08,2.935e-08,2.74062e-08,2.54906e-08,2.33028e-08,2.12765e-08
2.45468e-08,2.71206e-08,2.92388e-08,3.12411e-08,3.30241e-08,3.45961e-08,3.5884e-08,3.68409e-08,3.74598e-08,3.76848e-08,3.75945e-08,3.71779e-08,3.64176e-08,3.53576e-08,3.40096e-08,3.2426e-08,3.06741e-08,2.88201e-08,2.69248e-08,2.50103e-08,2.28951e-08,2.08707e-08
2.40725e-08,2.6626e-08,2.87094e-08,3.06721e-08,3.24398e-08,3.3988e-08,3.52707e-08,3.62115e-08,3.68181e-08,3.70439e-08,3.69598e-08,3.6551e-08,3.57954e-08,3.47564e-08,3.34257e-08,3.18519e-08,3.01266e-08,2.83299e-08,2.64377e-08,2.45326e-08,2.24692e-08,2.04952e-08
2.35987e-08,2.61146e-08,2.81784e-08,3.01233e-08,3.1856e-08,3.33854e-08,3.46475e-08,3.5579e-08,3.61817e-08,3.64057e-08,3.63249e-08,3.59169e-08,3.51791e-08,3.41475e-08,3.28366e-08,3.12969e-08,2.95946e-08,2.78139e-08,2.59672e-08,2.41037e-08,2.20641e-08,2.01045e-08
2.31407e-08,2.56278e-08,2.76636e-08,2.95775e-08,3.12906e-08,3.27938e-08,3.40451e-08,3.49629e-08,3.55628e-08,3.57831e-08,3.57061e-08,3.53029e-08,3.45768e-08,3.35552e-08,3.22652e-08,3.0752e-08,2.90704e-08,2.73229e-08,2.55095e-08,2.367e-08,2.16466e-08,1.97313e-08
2.26873e-08,2.515e-08,2.71525e-08,2.90472e-08,3.07343e-08,3.22169e-08,3.34478e-08,3.43569e-08,3.49498e-08,3.51714e-08,3.5094e-08,3.4694e-08,3.3985e-08,3.29764e-08,3.17066e-08,3.02183e-08,2.85557e-08,2.68304e-08,2.50417e-08,2.32571e-08,2.1254e-08,1.93573e-08
2.22506e-08,2.46729e-08,2.66632e-08,2.85277e-08,3.01906e-08,3.16502e-08,3.2864e-08,3.37601e-08,3.43513e-08,3.45702e-08,3.44933e-08,3.40992e-08,3.34014e-08,3.24064e-08,3.11551e-08,2.96893e-08,2.80489e-08,2.63534e-08,2.45959e-08,2.28241e-08,2.08699e-08,1.89992e-08
2.18069e-08,2.42047e-08,2.61568e-08,2.79963e-08,2.96363e-08,3.10814e-08,3.22848e-08,3.3168e-08,3.37473e-08,3.3966e-08,3.38945e-08,3.35097e-08,3.28155e-08,3.18359e-08,3.06048e-08,2.91563e-08,2.75483e-08,2.58841e-08,2.41391e-08,2.2389e-08,2.04682e-08,1.86396e-08
2.13831e-08,2.37432e-08,2.56753e-08,2.74852e-08,2.9104e-08,3.05293e-08,3.17186e-08,3.25899e-08,3.31604e-08,3.33794e-08,3.33114e-08,3.2932e-08,3.22477e-08,3.12842e-08,3.00633e-08,2.86422e-08,2.70607e-08,2.5411e-08,2.3701e-08,2.19579e-08,2.0101e-08,1.82805e-08
2.09586e-08,2.32827e-08,2.51901e-08,2.69746e-08,2.85695e-08,2.99784e-08,3.11479e-08,3.201e-08,3.25771e-08,3.27911e-08,3.27239e-08,3.23503e-08,3.16782e-08,3.07299e-08,2.95311e-08,2.81267e-08,2.65694e-08,2.49583e-08,2.32648e-08,2.15651e-08,1.97082e-08,1.79282e-08
2.05433e-08,2.28415e-08,2.47153e-08,2.64774e-08,2.80495e-08,2.94422e-08,3.05942e-08,3.14465e-08,3.20059e-08,3.22184e-08,3.21539e-08,3.17856e-08,3.11228e-08,3.01894e-08,2.90062e-08,2.76261e-08,2.6091e-08,2.45145e-08,2.28387e-08,2.11768e-08,1.93377e-08,1.75849e-08
2.01315e-08,2.23932e-08,2.42504e-08,2.59857e-08,2.75353e-08,2.89062e-08,3.00457e-08,3.08857e-08,3.14404e-08,3.16508e-08,3.1588e-08,3.1226e-08,3.05738e-08,2.96532e-08,2.84907e-08,2.71292e-08,2.56217e-08,2.40606e-08,2.24159e-08,2.0765e-08,1.89743e-08,1.72431e-08
1.97321e-08,2.19571e-08,2.37933e-08,2.55008e-08,2.70297e-08,2.83828e-08,2.95092e-08,3.0336e-08,3.08861e-08,3.10929e-08,3.10347e-08,3.06767e-08,3.00345e-08,2.91253e-08,2.79822e-08,2.66436e-08,2.51598e-08,2.36231e-08,2.2006e-08,2.03783e-08,1.86131e-08,1.69126e-08
1.93312e-08,2.15249e-08,2.33416e-08,2.50233e-08,2.65308e-08,2.78638e-08,2.89739e-08,2.97913e-08,3.03356e-08,3.0541e-08,3.04826e-08,3.01309e-08,2.95e-08,2.8607e-08,2.74833e-08,2.61583e-08,2.4697e-08,2.31922e-08,2.15917e-08,1.99967e-08,1.82522e-08,1.65784e-08
1.89351e-08,2.11053e-08,2.28858e-08,2.455e-08,2.6035e-08,2.73537e-08,2.84482e-08,2.92533e-08,2.97882e-08,2.99948e-08,2.99388e-08,2.95942e-08,2.89698e-08,2.80904e-08,2.69778e-08,2.56831e-08,2.42463e-08,2.276e-08,2.1183e-08,1.96052e-08,1.79117e-08,1.62483e-08
1.85496e-08,2.06799e-08,2.24553e-08,2.40927e-08,2.5555e-08,2.6852e-08,2.79324e-08,2.87263e-08,2.92572e-08,2.94619e-08,2.94046e-08,2.90682e-08,2.84539e-08,2.75894e-08,2.64945e-08,2.52192e-08,2.3803e-08,2.23421e-08,2.0787e-08,1.92309e-08,1.75657e-08,1.59388e-08
1.81647e-08,2.02683e-08,2.20079e-08,2.36248e-08,2.50684e-08,2.63492e-08,2.74148e-08,2.81986e-08,2.87229e-08,2.89244e-08,2.88723e-08,2.85387e-08,2.7935e-08,2.70819e-08,2.60068e-08,2.47508e-08,2.33606e-08,2.19227e-08,2.03908e-08,1.8861e-08,1.72158e-08,1.56156e-08
1.7788e-08,1.98616e-08,2.15787e-08,2.31726e-08,2.45956e-08,2.58589e-08,2.69108e-08,2.76831e-08,2.82014e-08,2.84012e-08,2.83507e-08,2.80231e-08,2.74286e-08,2.65888e-08,2.55302e-08,2.42947e-08,2.29279e-08,2.15138e-08,2.00029e-08,1.84962e-08,1.68794e-08,1.53032e-08
1.74149e-08,1.94633e-08,2.11547e-08,2.27281e-08,2.41314e-08,2.53767e-08,2.64167e-08,2.71781e-08,2.76893e-08,2.78875e-08,2.78401e-08,2.75174e-08,2.69321e-08,2.61055e-08,2.50626e-08,2.38481e-08,2.25012e-08,2.1115e-08,1.96236e-08,1.81393e-08,1.65469e-08,1.50022e-08
1.70526e-08,1.90656e-08,2.07373e-08,2.22867e-08,2.367e-08,2.48993e-08,2.59228e-08,2.66735e-08,2.71796e-08,2.73763e-08,2.73296e-08,2.70134e-08,2.64369e-08,2.5623e-08,2.45982e-08,2.34039e-08,2.20805e-08,2.07128e-08,1.9244e-08,1.77839e-08,1.62215e-08,1.46937e-08
1.66965e-08,1.86806e-08,2.03273e-08,2.18555e-08,2.322e-08,2.44334e-08,2.54437e-08,2.61837e-08,2.66838e-08,2.68781e-08,2.68345e-08,2.65256e-08,2.5955e-08,2.51524e-08,2.41442e-08,2.29713e-08,2.16718e-08,2.03282e-08,1.88796e-08,1.74425e-08,1.59006e-08,1.43965e-08
1.63383e-08,1.82917e-08,1.99207e-08,2.14274e-08,2.27713e-08,2.39658e-08,2.49621e-08,2.56918e-08,2.61865e-08,2.63797e-08,2.63365e-08,2.60317e-08,2.54738e-08,2.46848e-08,2.3693e-08,2.25381e-08,2.12586e-08,1.99357e-08,1.85079e-08,1.70915e-08,1.55846e-08,1.4101e-08
1.5987e-08,1.79149e-08,1.95225e-08,2.10082e-08,2.23335e-08,2.35123e-08,2.44938e-08,2.52126e-08,2.5703e-08,2.58943e-08,2.58535e-08,2.55525e-08,2.50046e-08,2.42261e-08,2.32507e-08,2.21163e-08,2.08591e-08,1.95569e-08,1.81502e-08,1.6755e-08,1.52721e-08,1.38109e-08
1.56464e-08,1.75412e-08,1.91262e-08,2.0593e-08,2.18992e-08,2.30627e-08,2.40308e-08,2.47396e-08,2.52224e-08,2.54128e-08,2.53736e-08,2.50805e-08,2.45384e-08,2.37754e-08,2.28149e-08,2.16988e-08,2.04626e-08,1.91815e-08,1.77939e-08,1.64198e-08,1.49621e-08,1.353e-08
1.53088e-08,1.71735e-08,1.87392e-08,2.01845e-08,2.14728e-08,2.26193e-08,2.35742e-08,2.42726e-08,2.47499e-08,2.49393e-08,2.49009e-08,2.46131e-08,2.40801e-08,2.33289e-08,2.23852e-08,2.1288e-08,2.00718e-08,1.88136e-08,1.74441e-08,1.60933e-08,1.46597e-08,1.32502e-08
1.49792e-08,1.68135e-08,1.83602e-08,1.97837e-08,2.10551e-08,2.21855e-08,2.31285e-08,2.38163e-08,2.42874e-08,2.44748e-08,2.44387e-08,2.41609e-08,2.36319e-08,2.28937e-08,2.1964e-08,2.0884e-08,1.96912e-08,1.84524e-08,1.71014e-08,1.57692e-08,1.4361e-08,1.29751e-08
1.465e-08,1.64571e-08,1.79846e-08,1.93889e-08,2.06412e-08,2.17559e-08,2.26842e-08,2.33626e-08,2.38292e-08,2.40145e-08,2.39805e-08,2.37034e-08,2.31872e-08,2.24605e-08,2.15475e-08,2.04872e-08,1.93129e-08,1.80957e-08,1.67638e-08,1.54551e-08,1.4067e-08,1.26997e-08
1.43266e-08,1.61067e-08,1.76124e-08,1.89979e-08,2.02327e-08,2.13324e-08,2.22482e-08,2.29168e-08,2.33773e-08,2.35616e-08,2.35286e-08,2.32577e-08,2.27497e-08,2.2034e-08,2.11362e-08,2.00954e-08,1.89416e-08,1.77424e-08,1.6431e-08,1.51401e-08,1.3782e-08,1.24342e-08
1.40118e-08,1.57639e-08,1.72494e-08,1.86155e-08,1.98345e-08,2.09181e-08,2.18231e-08,2.24816e-08,2.29369e-08,2.31188e-08,2.30899e-08,2.28233e-08,2.23218e-08,2.16184e-08,2.07351e-08,1.97127e-08,1.85782e-08,1.73987e-08,1.61069e-08,1.4834e-08,1.34985e-08,1.21739e-08
1.36981e-08,1.54232e-08,1.68906e-08,1.82378e-08,1.94386e-08,2.0508e-08,2.13988e-08,2.20479e-08,2.24975e-08,2.26791e-08,2.26497e-08,2.23889e-08,2.18968e-08,2.12047e-08,2.03365e-08,1.93314e-08,1.82173e-08,1.70566e-08,1.57813e-08,1.45309e-08,1.32188e-08,1.19135e-08
1.33947e-08,1.50918e-08,1.65398e-08,1.78686e-08,1.90525e-08,2.01074e-08,2.09872e-08,2.16263e-08,2.20706e-08,2.22511e-08,2.22232e-08,2.1973e-08,2.1484e-08,2.08024e-08,1.99468e-08,1.89612e-08,1.78676e-08,1.67237e-08,1.54671e-08,1.42353e-08,1.29456e-08,1.166e-08
1.30918e-08,1.47624e-08,1.6196e-08,1.75048e-08,1.86722e-08,1.97131e-08,2.0579e-08,2.12099e-08,2.16488e-08,2.18276e-08,2.18012e-08,2.15515e-08,2.10751e-08,2.04065e-08,1.95658e-08,1.85958e-08,1.75204e-08,1.63963e-08,1.51553e-08,1.3943e-08,1.26769e-08,1.14121e-08
1.27967e-08,1.44417e-08,1.58531e-08,1.71454e-08,1.8298e-08,1.93244e-08,2.01782e-08,2.07999e-08,2.12338e-08,2.14115e-08,2.13867e-08,2.11418e-08,2.06722e-08,2.00141e-08,1.91889e-08,1.82359e-08,1.7179e-08,1.60725e-08,1.48498e-08,1.36571e-08,1.24106e-08,1.11676e-08
1.25068e-08,1.41245e-08,1.55175e-08,1.67908e-08,1.79268e-08,1.89395e-08,1.97792e-08,2.0392e-08,2.08206e-08,2.09963e-08,2.09731e-08,2.07292e-08,2.02728e-08,1.9626e-08,1.88153e-08,1.78785e-08,1.68385e-08,1.57545e-08,1.45484e-08,1.33743e-08,1.21501e-08,1.09258e-08
1.22232e-08,1.38166e-08,1.51928e-08,1.64512e-08,1.75708e-08,1.85694e-08,1.94003e-08,2.00049e-08,2.04278e-08,2.06036e-08,2.05809e-08,2.03475e-08,1.98929e-08,1.92559e-08,1.84585e-08,1.75373e-08,1.65181e-08,1.54465e-08,1.42583e-08,1.30998e-08,1.18985e-08,1.06904e-08
1.19431e-08,1.35106e-08,1.48677e-08,1.61085e-08,1.72134e-08,1.81971e-08,1.90158e-08,1.96111e-08,2.00294e-08,2.02037e-08,2.01823e-08,1.9955e-08,1.95076e-08,1.88813e-08,1.80948e-08,1.71933e-08,1.61911e-08,1.51373e-08,1.39667e-08,1.28292e-08,1.16472e-08,1.04608e-08
1.16709e-08,1.32133e-08,1.45541e-08,1.57781e-08,1.68709e-08,1.78415e-08,1.86495e-08,1.92362e-08,1.965e-08,1.98228e-08,1.98039e-08,1.958e-08,1.91392e-08,1.85233e-08,1.77532e-08,1.68651e-08,1.58807e-08,1.48407e-08,1.36849e-08,1.2565e-08,1.14014e-08,1.02346e-08
1.13995e-08,1.29181e-08,1.42424e-08,1.54497e-08,1.6525e-08,1.74836e-08,1.82777e-08,1.8857e-08,1.92658e-08,1.94366e-08,1.94204e-08,1.91955e-08,1.87675e-08,1.81647e-08,1.7405e-08,1.65335e-08,1.5562e-08,1.45454e-08,1.3406e-08,1.23045e-08,1.11611e-08,1.0007e-08
1.11388e-08,1.26329e-08,1.39415e-08,1.51323e-08,1.61961e-08,1.71412e-08,1.79272e-08,1.84987e-08,1.89021e-08,1.90728e-08,1.90574e-08,1.8843e-08,1.84161e-08,1.78202e-08,1.70751e-08,1.62181e-08,1.5267e-08,1.42601e-08,1.31366e-08,1.20506e-08,1.09265e-08,9.79195e-09
1.08802e-08,1.23506e-08,1.36432e-08,1.48188e-08,1.58682e-08,1.68012e-08,1.75769e-08,1.8139e-08,1.85384e-08,1.87082e-08,1.86929e-08,1.84849e-08,1.80637e-08,1.74782e-08,1.67457e-08,1.59032e-08,1.49708e-08,1.39775e-08,1.287e-08,1.17994e-08,1.06952e-08,9.57807e-09
1.06308e-08,1.20767e-08,1.33524e-08,1.45129e-08,1.55494e-08,1.64688e-08,1.72365e-08,1.779e-08,1.8185e-08,1.83546e-08,1.83406e-08,1.81466e-08,1.77233e-08,1.71467e-08,1.64226e-08,1.5597e-08,1.46827e-08,1.37019e-08,1.26109e-08,1.15553e-08,1.04695e-08,9.37198e-09
1.03833e-08,1.18059e-08,1.30664e-08,1.42102e-08,1.52338e-08,1.61422e-08,1.68971e-08,1.74448e-08,1.78343e-08,1.80022e-08,1.79896e-08,1.77913e-08,1.73833e-08,1.68165e-08,1.61088e-08,1.52955e-08,1.43941e-08,1.34316e-08,1.23542e-08,1.13153e-08,1.02496e-08,9.16519e-09
1.01401e-08,1.15418e-08,1.2787e-08,1.39171e-08,1.4928e-08,1.58239e-08,1.65696e-08,1.71099e-08,1.74946e-08,1.76616e-08,1.76517e-08,1.74586e-08,1.70533e-08,1.65003e-08,1.58005e-08,1.50011e-08,1.41146e-08,1.3167e-08,1.21034e-08,1.10817e-08,1.00322e-08,8.96411e-09
9.90425e-09,1.12846e-08,1.25128e-08,1.36307e-08,1.46265e-08,1.5512e-08,1.6247e-08,1.67802e-08,1.71609e-08,1.73271e-08,1.73172e-08,1.71281e-08,1.67319e-08,1.61844e-08,1.54989e-08,1.47133e-08,1.38429e-08,1.29081e-08,1.18583e-08,1.08534e-08,9.82251e-09,8.76895e-09
9.67498e-09,1.10307e-08,1.22464e-08,1.33475e-08,1.4332e-08,1.52066e-08,1.59323e-08,1.6458e-08,1.68347e-08,1.70005e-08,1.69909e-08,1.6807e-08,1.64166e-08,1.58778e-08,1.52036e-08,1.44308e-08,1.35768e-08,1.26557e-08,1.16227e-08,1.0629e-08,9.61335e-09,8.57862e-09
9.45036e-09,1.07854e-08,1.19866e-08,1.30732e-08,1.40482e-08,1.49087e-08,1.56285e-08,1.61458e-08,1.65174e-08,1.66831e-08,1.66745e-08,1.65078e-08,1.61119e-08,1.55806e-08,1.49132e-08,1.41562e-08,1.3321e-08,1.24051e-08,1.13874e-08,1.04101e-08,9.41139e-09,8.39187e-09
9.2281e-09,1.05429e-08,1.17297e-08,1.28034e-08,1.37639e-08,1.46164e-08,1.53228e-08,1.58364e-08,1.62037e-08,1.63679e-08,1.63607e-08,1.6186e-08,1.58068e-08,1.52853e-08,1.46336e-08,1.38867e-08,1.3061e-08,1.21651e-08,1.1158e-08,1.01967e-08,9.21443e-09,8.20896e-09
9.0126e-09,1.03087e-08,1.14811e-08,1.2541e-08,1.34923e-08,1.4333e-08,1.50322e-08,1.55384e-08,1.59017e-08,1.60642e-08,1.60602e-08,1.58907e-08,1.55129e-08,1.50054e-08,1.43597e-08,1.3625e-08,1.28125e-08,1.19304e-08,1.0937e-08,9.98683e-09,9.02253e-09,8.03259e-09
8.80343e-09,1.00787e-08,1.12376e-08,1.22835e-08,1.32243e-08,1.40546e-08,1.47441e-08,1.52454e-08,1.56035e-08,1.57664e-08,1.57624e-08,1.55954e-08,1.52271e-08,1.47217e-08,1.40912e-08,1.33692e-08,1.25707e-08,1.16994e-08,1.07193e-08,9.78594e-09,8.83424e-09,7.85626e-09
8.59958e-09,9.85449e-09,1.10021e-08,1.20337e-08,1.29641e-08,1.37833e-08,1.44648e-08,1.49585e-08,1.53136e-08,1.54759e-08,1.54712e-08,1.53099e-08,1.49466e-08,1.44498e-08,1.38291e-08,1.31183e-08,1.23341e-08,1.14738e-08,1.05075e-08,9.58661e-09,8.65321e-09,7.68455e-09
8.40138e-09,9.63818e-09,1.07712e-08,1.1792e-08,1.27115e-08,1.35192e-08,1.41961e-08,1.46826e-08,1.50333e-08,1.51956e-08,1.51922e-08,1.50512e-08,1.46795e-08,1.41883e-08,1.35709e-08,1.28764e-08,1.21091e-08,1.12542e-08,1.03028e-08,9.39546e-09,8.47263e-09,7.52298e-09
8.20538e-09,9.42451e-09,1.05431e-08,1.15531e-08,1.24613e-08,1.32626e-08,1.39272e-08,1.44097e-08,1.47571e-08,1.4917e-08,1.49154e-08,1.47624e-08,1.44081e-08,1.39273e-08,1.33262e-08,1.26384e-08,1.18805e-08,1.10425e-08,1.01016e-08,9.20919e-09,8.29847e-09,7.36111e-09
8.01635e-09,9.21663e-09,1.03228e-08,1.13186e-08,1.22175e-08,1.3009e-08,1.36651e-08,1.41424e-08,1.44855e-08,1.46453e-08,1.46444e-08,1.44955e-08,1.4147e-08,1.36731e-08,1.30811e-08,1.24044e-08,1.1658e-08,1.0831e-08,9.90209e-09,9.02207e-09,8.12786e-09,7.20385e-09
7.83483e-09,9.01736e-09,1.01128e-08,1.10972e-08,1.19849e-08,1.27699e-08,1.34183e-08,1.3891e-08,1.42311e-08,1.43898e-08,1.43895e-08,1.42386e-08,1.38991e-08,1.34284e-08,1.28572e-08,1.21847e-08,1.14518e-08,1.06344e-08,9.71186e-09,8.84496e-09,7.96564e-09,7.05401e-09
7.65452e-09,8.81972e-09,9.90084e-09,1.08743e-08,1.17537e-08,1.25281e-08,1.31687e-08,1.36353e-08,1.39704e-08,1.41302e-08,1.41303e-08,1.39894e-08,1.36494e-08,1.31897e-08,1.2616e-08,1.19593e-08,1.12371e-08,1.04309e-08,9.52436e-09,8.66916e-09,7.80248e-09,6.89863e-09
7.48355e-09,8.63106e-09,9.70169e-09,1.06634e-08,1.15348e-08,1.22954e-08,1.29355e-08,1.33941e-08,1.37254e-08,1.38859e-08,1.3885e-08,1.37677e-08,1.34153e-08,1.29615e-08,1.23886e-08,1.17465e-08,1.10425e-08,1.02368e-08,9.34783e-09,8.50412e-09,7.64615e-09,6.7603e-09
7.30927e-09,8.44404e-09,9.50137e-09,1.04521e-08,1.13138e-08,1.20695e-08,1.26961e-08,1.31528e-08,1.34813e-08,1.36384e-08,1.36408e-08,1.3508e-08,1.3176e-08,1.27307e-08,1.21743e-08,1.1537e-08,1.08382e-08,1.00492e-08,9.16865e-09,8.33659e-09,7.49287e-09,6.61871e-09
7.15031e-09,8.26745e-09,9.31256e-09,1.0249e-08,1.11059e-08,1.18527e-08,1.24725e-08,1.29238e-08,1.32494e-08,1.34049e-08,1.34095e-08,1.32791e-08,1.29516e-08,1.2513e-08,1.19654e-08,1.13368e-08,1.06476e-08,9.86876e-09,9.00197e-09,8.17512e-09,7.34844e-09,6.48373e-09
6.99393e-09,8.0929e-09,9.12797e-09,1.00605e-08,1.09013e-08,1.16445e-08,1.22573e-08,1.27071e-08,1.3028e-08,1.31843e-08,1.31895e-08,1.30534e-08,1.27367e-08,1.22991e-08,1.17712e-08,1.11454e-08,1.04688e-08,9.69884e-09,8.83665e-09,8.02056e-09,7.20583e-09,6.35371e-09
6.83402e-09,7.92158e-09,8.94433e-09,9.86519e-09,1.07006e-08,1.14317e-08,1.2039e-08,1.24815e-08,1.27989e-08,1.29557e-08,1.29592e-08,1.28361e-08,1.25169e-08,1.20912e-08,1.1558e-08,1.09474e-08,1.02799e-08,9.51804e-09,8.67297e-09,7.87119e-09,7.06491e-09,6.22319e-09
6.6808e-09,7.75278e-09,8.75904e-09,9.66979e-09,1.04947e-08,1.1217e-08,1.18134e-08,1.22501e-08,1.25646e-08,1.27206e-08,1.2724e-08,1.2609e-08,1.22947e-08,1.18737e-08,1.13407e-08,1.07473e-08,1.00905e-08,9.33888e-09,8.50727e-09,7.71982e-09,6.92495e-09,6.0946e-09
6.53977e-09,7.59927e-09,8.59995e-09,9.50171e-09,1.03238e-08,1.10371e-08,1.16338e-08,1.20676e-08,1.23774e-08,1.25319e-08,1.25409e-08,1.24261e-08,1.21059e-08,1.17018e-08,1.11758e-08,1.05819e-08,9.93264e-09,9.18876e-09,8.36205e-09,7.58107e-09,6.79702e-09,5.97782e-09
6.39181e-09,7.43764e-09,8.42186e-09,9.31187e-09,1.012e-08,1.0831e-08,1.14071e-08,1.18403e-08,1.21488e-08,1.22991e-08,1.23074e-08,1.21741e-08,1.18895e-08,1.14816e-08,1.09716e-08,1.03896e-08,9.74344e-09,9.01922e-09,8.2054e-09,7.43801e-09,6.66627e-09,5.85605e-09
6.26288e-09,7.29514e-09,8.2774e-09,9.16208e-09,9.96229e-09,1.06674e-08,1.12478e-08,1.16766e-08,1.19825e-08,1.21324e-08,1.21414e-08,1.20233e-08,1.17246e-08,1.13161e-08,1.08276e-08,1.02427e-08,9.61563e-09,8.88332e-09,8.07236e-09,7.31083e-09,6.54617e-09,5.7492e-09
6.13239e-09,7.15042e-09,8.11851e-09,8.99411e-09,9.79005e-09,1.04844e-08,1.10613e-08,1.14831e-08,1.17843e-08,1.1938e-08,1.19448e-08,1.18384e-08,1.15353e-08,1.11391e-08,1.06407e-08,1.00696e-08,9.45088e-09,8.72794e-09,7.93215e-09,7.18176e-09,6.42548e-09,5.63762e-09
6.00915e-09,7.01362e-09,7.97164e-09,8.83924e-09,9.62963e-09,1.03119e-08,1.0891e-08,1.13056e-08,1.16032e-08,1.17584e-08,1.1765e-08,1.16875e-08,1.13639e-08,1.09711e-08,1.04683e-08,9.91189e-09,9.30959e-09,8.58199e-09,7.80052e-09,7.05704e-09,6.31041e-09,5.53258e-09
5.88238e-09,6.87696e-09,7.8256e-09,8.6837e-09,9.46833e-09,1.0146e-08,1.07144e-08,1.11294e-08,1.1423e-08,1.15754e-08,1.15873e-08,1.14875e-08,1.11819e-08,1.0807e-08,1.03124e-08,9.75623e-09,9.15057e-09,8.44549e-09,7.66801e-09,6.93497e-09,6.198e-09,5.42839e-09
5.76342e-09,6.74602e-09,7.68268e-09,8.53164e-09,9.3063e-09,9.98216e-09,1.05411e-08,1.0954e-08,1.12452e-08,1.13972e-08,1.14062e-08,1.13074e-08,1.10134e-08,1.06331e-08,1.01527e-08,9.6044e-09,9.0068e-09,8.30786e-09,7.54168e-09,6.81689e-09,6.09011e-09,5.33032e-09
5.65105e-09,6.6197e-09,7.55303e-09,8.3939e-09,9.15945e-09,9.82987e-09,1.03853e-08,1.07976e-08,1.10853e-08,1.12362e-08,1.12474e-08,1.11387e-08,1.08566e-08,1.04729e-08,1.00182e-08,9.46744e-09,8.88011e-09,8.18433e-09,7.42201e-09,6.70511e-09,5.98676e-09,5.23508e-09
5.53809e-09,6.49515e-09,7.41592e-09,8.24847e-09,9.01005e-09,9.67124e-09,1.02221e-08,1.06262e-08,1.09123e-08,1.10642e-08,1.10725e-08,1.09797e-08,1.06901e-08,1.03195e-08,9.85109e-09,9.31428e-09,8.73684e-09,8.04708e-09,7.29946e-09,6.5932e-09,5.88184e-09,5.13955e-09
5.43678e-09,6.38123e-09,7.29074e-09,8.11932e-09,8.87598e-09,9.52544e-09,1.00796e-08,1.04766e-08,1.07596e-08,1.0913e-08,1.09211e-08,1.0858e-08,1.05443e-08,1.0178e-08,9.70375e-09,9.17967e-09,8.61957e-09,7.92237e-09,7.18646e-09,6.48726e-09,5.78397e-09,5.05138e-09
5.32728e-09,6.26228e-09,7.16319e-09,7.98156e-09,8.72941e-09,9.37834e-09,9.91866e-09,1.03173e-08,1.05976e-08,1.07468e-08,1.07576e-08,1.06694e-08,1.03853e-08,1.00242e-08,9.5671e-09,9.04285e-09,8.47844e-09,7.80193e-09,7.07264e-09,6.38062e-09,5.68592e-09,4.96055e-09
5.22738e-09,6.15245e-09,7.04408e-09,7.85523e-09,8.59584e-09,9.24042e-09,9.77592e-09,1.01716e-08,1.0449e-08,1.05974e-08,1.06096e-08,1.05237e-08,1.02425e-08,9.8845e-09,9.43209e-09,8.91405e-09,8.35652e-09,7.68472e-09,6.96494e-09,6.28082e-09,5.5949e-09,4.87723e-09
5.13284e-09,6.04648e-09,6.93359e-09,7.73665e-09,8.46824e-09,9.10968e-09,9.6407e-09,1.00355e-08,1.0311e-08,1.0458e-08,1.04699e-08,1.0374e-08,1.01056e-08,9.74441e-09,9.31843e-09,8.79645e-09,8.24463e-09,7.58051e-09,6.86115e-09,6.18378e-09,5.50698e-09,4.79681e-09
5.03771e-09,5.94015e-09,6.81675e-09,7.61244e-09,8.34095e-09,8.97368e-09,9.50027e-09,9.89003e-09,1.01622e-08,1.03095e-08,1.03212e-08,1.02393e-08,9.96207e-09,9.61442e-09,9.17213e-09,8.6654e-09,8.11979e-09,7.46144e-09,6.75837e-09,6.08852e-09,5.41537e-09,4.71722e-09
4.95842e-09,5.84676e-09,6.71578e-09,7.50773e-09,8.23129e-09,8.85396e-09,9.38524e-09,9.766e-09,1.00373e-08,1.01857e-08,1.01934e-08,1.01534e-08,9.84993e-09,9.49974e-09,9.04631e-09,8.55406e-09,8.02915e-09,7.35858e-09,6.67054e-09,6.00213e-09,5.33683e-09,4.64604e-09
4.86205e-09,5.74648e-09,6.60475e-09,7.38888e-09,8.10569e-09,8.72613e-09,9.24498e-09,9.62783e-09,9.89672e-09,1.00417e-08,1.00512e-08,9.98031e-09,9.70668e-09,9.36457e-09,8.9287e-09,8.43566e-09,7.90402e-09,7.25255e-09,6.56597e-09,5.90853e-09,5.25388e-09,4.56681e-09
4.77731e-09,5.65135e-09,6.5028e-09,7.27819e-09,7.98898e-09,8.60537e-09,9.11981e-09,9.49961e-09,9.76605e-09,9.91052e-09,9.92052e-09,9.85035e-09,9.57996e-09,9.2416e-09,8.8116e-09,8.32121e-09,7.7966e-09,7.15021e-09,6.47338e-09,5.8227e-09,5.1732e-09,4.49698e-09
4.69855e-09,5.56134e-09,6.40927e-09,7.17777e-09,7.87854e-09,8.49428e-09,9.00446e-09,9.3836e-09,9.64876e-09,9.79073e-09,9.80083e-09,9.72127e-09,9.46239e-09,9.11931e-09,8.71681e-09,8.22071e-09,7.70423e-09,7.06055e-09,6.38461e-09,5.73942e-09,5.09814e-09,4.42775e-09
4.61533e-09,5.46961e-09,6.30342e-09,7.06611e-09,7.76583e-09,8.37015e-09,8.87832e-09,9.25293e-09,9.51233e-09,9.65566e-09,9.67003e-09,9.59672e-09,9.33e-09,9.00146e-09,8.58302e-09,8.10151e-09,7.58564e-09,6.95289e-09,6.29109e-09,5.65409e-09,5.01883e-09,4.35413e-09
4.54493e-09,5.39014e-09,6.21689e-09,6.97581e-09,7.67505e-09,8.26354e-09,8.78313e-09,9.14877e-09,9.40307e-09,9.55067e-09,9.5667e-09,9.53075e-09,9.22415e-09,8.91077e-09,8.47043e-09,8.00317e-09,7.49945e-09,6.8606e-09,6.20917e-09,5.57764e-09,4.94559e-09,4.2912e-09
4.46519e-09,5.30026e-09,6.12004e-09,6.86847e-09,7.55659e-09,8.1522e-09,8.65133e-09,9.02122e-09,9.27585e-09,9.41784e-09,9.43249e-09,9.36228e-09,9.0992e-09,8.77761e-09,8.36712e-09,7.8962e-09,7.39089e-09,6.76805e-09,6.12256e-09,5.49758e-09,4.87306e-09,4.22398e-09
4.39289e-09,5.21884e-09,6.0304e-09,6.77354e-09,7.45667e-09,8.04605e-09,8.54292e-09,8.90968e-09,9.16192e-09,9.30272e-09,9.31755e-09,9.24907e-09,8.98788e-09,8.67009e-09,8.26399e-09,7.79738e-09,7.29692e-09,6.67937e-09,6.03914e-09,5.4213e-09,4.80522e-09,4.16158e-09
4.32378e-09,5.14074e-09,5.94425e-09,6.68136e-09,7.35849e-09,7.9418e-09,8.43557e-09,8.80079e-09,9.05038e-09,9.18989e-09,9.20552e-09,9.13799e-09,8.87968e-09,8.56446e-09,8.16233e-09,7.69812e-09,7.20552e-09,6.59303e-09,5.95894e-09,5.34755e-09,4.73823e-09,4.10045e-09
4.25503e-09,5.06325e-09,5.85938e-09,6.59084e-09,7.26324e-09,7.84277e-09,8.33192e-09,8.69378e-09,8.94156e-09,9.08102e-09,9.09608e-09,9.02961e-09,8.77262e-09,8.4615e-09,8.06309e-09,7.60474e-09,7.11573e-09,6.50906e-09,5.88094e-09,5.2759e-09,4.6696e-09,4.04068e-09
4.19591e-09,4.99291e-09,5.78173e-09,6.51068e-09,7.17801e-09,7.74613e-09,8.24384e-09,8.59632e-09,8.84159e-09,8.98489e-09,8.99682e-09,8.96898e-09,8.68009e-09,8.36972e-09,7.96029e-09,7.51507e-09,7.04211e-09,6.4253e-09,5.80834e-09,5.20862e-09,4.60713e-09,3.98462e-09
4.12472e-09,4.91517e-09,5.69724e-09,6.41627e-09,7.07779e-09,7.648e-09,8.13052e-09,8.48717e-09,8.73051e-09,8.86782e-09,8.88439e-09,8.81976e-09,8.56701e-09,8.26153e-09,7.87086e-09,7.42093e-09,6.94153e-09,6.34345e-09,5.72954e-09,5.1364e-09,4.5438e-09,3.92795e-09
4.05057e-09,4.83356e-09,5.60166e-09,6.31355e-09,6.96594e-09,7.53508e-09,7.99897e-09,8.35578e-09,8.5987e-09,8.73158e-09,8.74793e-09,8.65333e-09,8.43709e-09,8.137e-09,7.75478e-09,7.31076e-09,6.82588e-09,6.25244e-09,5.6461e-09,5.06562e-09,4.47718e-09,3.86526e-09
4.00174e-09,4.7753e-09,5.54395e-09,6.25183e-09,6.90484e-09,7.46449e-09,7.93934e-09,8.29289e-09,8.53255e-09,8.66566e-09,8.68457e-09,8.62138e-09,8.373e-09,8.07255e-09,7.68975e-09,7.24811e-09,6.77595e-09,6.1893e-09,5.58747e-09,5.0064e-09,4.42186e-09,3.82094e-09
3.94123e-09,4.70656e-09,5.46747e-09,6.16957e-09,6.8154e-09,7.37175e-09,7.84463e-09,8.19334e-09,8.43036e-09,8.56523e-09,8.58199e-09,8.52114e-09,8.27298e-09,7.97704e-09,7.59736e-09,7.1603e-09,6.69364e-09,6.1108e-09,5.51499e-09,4.93923e-09,4.36251e-09,3.76597e-09
3.88953e-09,4.64418e-09,5.39968e-09,6.09694e-09,6.7402e-09,7.28512e-09,7.76652e-09,8.10623e-09,8.3409e-09,8.47946e-09,8.49273e-09,8.47125e-09,8.18995e-09,7.895e-09,7.50317e-09,7.07887e-09,6.62937e-09,6.03406e-09,5.45166e-09,4.87928e-09,4.30522e-09,3.71708e-09
3.82892e-09,4.57739e-09,5.32489e-09,6.01548e-09,6.65485e-09,7.2014e-09,7.66821e-09,8.01455e-09,8.24501e-09,8.37907e-09,8.39904e-09,8.33551e-09,8.09144e-09,7.80015e-09,7.42841e-09,6.99797e-09,6.5396e-09,5.96438e-09,5.38274e-09,4.81552e-09,4.25064e-09,3.66427e-09
3.77128e-09,4.51058e-09,5.25249e-09,5.93872e-09,6.56912e-09,7.11295e-09,7.57627e-09,7.91784e-09,8.14829e-09,8.2804e-09,8.29728e-09,8.23982e-09,7.99671e-09,7.70908e-09,7.34124e-09,6.91585e-09,6.46028e-09,5.8904e-09,5.31519e-09,4.75439e-09,4.19387e-09,3.61402e-09
3.71563e-09,4.44795e-09,5.18252e-09,5.86246e-09,6.48965e-09,7.02762e-09,7.488e-09,7.82692e-09,8.05557e-09,8.1865e-09,8.2041e-09,8.14716e-09,7.90605e-09,7.6214e-09,7.25673e-09,6.8345e-09,6.38372e-09,5.81934e-09,5.24905e-09,4.69422e-09,4.13678e-09,3.56485e-09
3.65942e-09,4.38885e-09,5.11629e-09,5.79156e-09,6.41044e-09,6.94775e-09,7.40552e-09,7.74155e-09,7.96936e-09,8.0979e-09,8.11705e-09,8.06179e-09,7.82192e-09,7.53912e-09,7.17463e-09,6.75855e-09,6.3131e-09,5.75153e-09,5.18499e-09,4.63381e-09,4.08481e-09,3.51998e-09
3.61702e-09,4.33117e-09,5.05298e-09,5.72492e-09,6.34254e-09,6.86498e-09,7.33197e-09,7.6595e-09,7.88388e-09,8.01741e-09,8.03225e-09,8.01473e-09,7.74267e-09,7.46165e-09,7.08688e-09,6.68181e-09,6.25147e-09,5.68046e-09,5.12756e-09,4.5801e-09,4.02996e-09,3.46973e-09
3.55674e-09,4.26624e-09,4.98132e-09,5.64533e-09,6.25707e-09,6.78222e-09,7.23401e-09,7.56585e-09,7.78899e-09,7.91604e-09,7.93548e-09,7.88017e-09,7.64465e-09,7.36805e-09,7.01311e-09,6.60114e-09,6.1643e-09,5.6129e-09,5.0598e-09,4.51874e-09,3.97796e-09,3.42102e-09
3.50651e-09,4.20663e-09,4.91605e-09,5.57464e-09,6.18164e-09,6.70266e-09,7.15215e-09,7.48134e-09,7.70274e-09,7.82922e-09,7.84777e-09,7.79388e-09,7.55973e-09,7.28574e-09,6.93394e-09,6.52673e-09,6.09225e-09,5.54711e-09,4.9997e-09,4.46295e-09,3.92542e-09,3.37788e-09
3.45589e-09,4.1496e-09,4.85164e-09,5.50517e-09,6.10718e-09,6.62533e-09,7.07131e-09,7.39783e-09,7.61733e-09,7.74258e-09,7.76138e-09,7.70891e-09,7.47575e-09,7.20457e-09,6.8571e-09,6.45266e-09,6.02232e-09,5.48147e-09,4.93577e-09,4.40697e-09,3.87603e-09,3.33146e-09
3.40601e-09,4.09228e-09,4.78772e-09,5.43616e-09,6.03321e-09,6.54735e-09,6.98955e-09,7.31398e-09,7.53142e-09,7.65666e-09,7.67554e-09,7.62321e-09,7.39245e-09,7.12356e-09,6.77927e-09,6.37917e-09,5.95205e-09,5.41512e-09,4.87859e-09,4.35156e-09,3.8259e-09,3.28827e-09
3.3645e-09,4.04036e-09,4.73067e-09,5.37611e-09,5.97163e-09,6.47343e-09,6.92512e-09,7.24174e-09,7.45663e-09,7.58394e-09,7.60043e-09,7.58612e-09,7.32409e-09,7.05451e-09,6.69767e-09,6.31046e-09,5.90085e-09,5.3503e-09,4.823e-09,4.30399e-09,3.77637e-09,3.24381e-09
