# xi0
# underflow	 -6.0847056    	 0.21667378E-01
# overflow	-0.57984481E-02	 0.41580422E-03
# sum	 -6.5325039    	 0.21869301E-01
# xmin	xmax	cross	numerror
  2024.0000    	  2025.0000    	-0.17671637E-04	 0.34959477E-04
  2025.0000    	  2026.0000    	-0.13867180E-03	 0.47760491E-04
  2026.0000    	  2027.0000    	-0.25237914E-03	 0.57143364E-04
  2027.0000    	  2028.0000    	-0.39038133E-03	 0.82360376E-04
  2028.0000    	  2029.0000    	-0.64170220E-03	 0.10168786E-03
  2029.0000    	  2030.0000    	-0.91543180E-03	 0.10851238E-03
  2030.0000    	  2031.0000    	-0.89188052E-03	 0.13071733E-03
  2031.0000    	  2032.0000    	-0.84446863E-03	 0.15572544E-03
  2032.0000    	  2033.0000    	-0.87245140E-03	 0.16397544E-03
  2033.0000    	  2034.0000    	-0.10387393E-02	 0.19183584E-03
  2034.0000    	  2035.0000    	-0.74067449E-03	 0.17325872E-03
  2035.0000    	  2036.0000    	-0.93619667E-04	 0.36001447E-04
  2036.0000    	  2037.0000    	-0.12114335E-03	 0.42577152E-04
  2037.0000    	  2038.0000    	-0.31587464E-03	 0.52736884E-04
  2038.0000    	  2039.0000    	-0.36588617E-03	 0.82390276E-04
  2039.0000    	  2040.0000    	-0.85635166E-03	 0.96729418E-04
  2040.0000    	  2041.0000    	-0.95648898E-03	 0.10958813E-03
  2041.0000    	  2042.0000    	-0.96303935E-03	 0.13067348E-03
  2042.0000    	  2043.0000    	-0.10831799E-02	 0.13249908E-03
  2043.0000    	  2044.0000    	-0.10993526E-02	 0.19460331E-03
  2044.0000    	  2045.0000    	-0.11743800E-02	 0.19264446E-03
  2045.0000    	  2046.0000    	-0.85305639E-03	 0.18236006E-03
  2046.0000    	  2047.0000    	-0.12646909E-03	 0.38346107E-04
  2047.0000    	  2048.0000    	-0.17711201E-03	 0.41204067E-04
  2048.0000    	  2049.0000    	-0.23922128E-03	 0.59595642E-04
  2049.0000    	  2050.0000    	-0.40348544E-03	 0.72686770E-04
  2050.0000    	  2051.0000    	-0.66563979E-03	 0.90923609E-04
  2051.0000    	  2052.0000    	-0.93461295E-03	 0.96044099E-04
  2052.0000    	  2053.0000    	-0.79083946E-03	 0.13852266E-03
  2053.0000    	  2054.0000    	-0.12400265E-02	 0.15292887E-03
  2054.0000    	  2055.0000    	-0.89441417E-03	 0.17669097E-03
  2055.0000    	  2056.0000    	-0.14333196E-02	 0.18400991E-03
  2056.0000    	  2057.0000    	-0.93043481E-03	 0.16899461E-03
  2057.0000    	  2058.0000    	-0.43811000E-04	 0.36822897E-04
  2058.0000    	  2059.0000    	-0.18683465E-03	 0.42177978E-04
  2059.0000    	  2060.0000    	-0.37407517E-03	 0.61061237E-04
  2060.0000    	  2061.0000    	-0.40324948E-03	 0.73480311E-04
  2061.0000    	  2062.0000    	-0.80753478E-03	 0.10167815E-03
  2062.0000    	  2063.0000    	-0.95920677E-03	 0.10265719E-03
  2063.0000    	  2064.0000    	-0.10732591E-02	 0.13014847E-03
  2064.0000    	  2065.0000    	-0.80680905E-03	 0.17072744E-03
  2065.0000    	  2066.0000    	-0.10090595E-02	 0.19193774E-03
  2066.0000    	  2067.0000    	-0.81392658E-03	 0.19494543E-03
  2067.0000    	  2068.0000    	-0.88194723E-03	 0.17247766E-03
  2068.0000    	  2069.0000    	-0.59719424E-04	 0.35963984E-04
  2069.0000    	  2070.0000    	-0.15377357E-03	 0.49288164E-04
  2070.0000    	  2071.0000    	-0.19681038E-03	 0.62227598E-04
  2071.0000    	  2072.0000    	-0.47312977E-03	 0.80064846E-04
  2072.0000    	  2073.0000    	-0.73620498E-03	 0.83827262E-04
  2073.0000    	  2074.0000    	-0.90619424E-03	 0.10819701E-03
  2074.0000    	  2075.0000    	-0.88965872E-03	 0.12871138E-03
  2075.0000    	  2076.0000    	-0.11652428E-02	 0.18188608E-03
  2076.0000    	  2077.0000    	-0.10381061E-02	 0.18469258E-03
  2077.0000    	  2078.0000    	-0.64520578E-03	 0.16624552E-03
  2078.0000    	  2079.0000    	-0.84111318E-03	 0.18002628E-03
  2079.0000    	  2080.0000    	-0.30583571E-04	 0.38694536E-04
  2080.0000    	  2081.0000    	-0.15319549E-03	 0.44920501E-04
  2081.0000    	  2082.0000    	-0.37985108E-03	 0.55331368E-04
  2082.0000    	  2083.0000    	-0.49357229E-03	 0.89116196E-04
  2083.0000    	  2084.0000    	-0.65200904E-03	 0.10147836E-03
  2084.0000    	  2085.0000    	-0.93284384E-03	 0.10829028E-03
  2085.0000    	  2086.0000    	-0.80008666E-03	 0.13948315E-03
  2086.0000    	  2087.0000    	-0.83657755E-03	 0.15133337E-03
  2087.0000    	  2088.0000    	-0.87715459E-03	 0.15767354E-03
  2088.0000    	  2089.0000    	-0.88851574E-03	 0.17865579E-03
  2089.0000    	  2090.0000    	-0.86858432E-03	 0.20860366E-03
  2090.0000    	  2091.0000    	-0.95756507E-04	 0.35974463E-04
  2091.0000    	  2092.0000    	-0.18991116E-03	 0.40947621E-04
  2092.0000    	  2093.0000    	-0.20748102E-03	 0.53112765E-04
  2093.0000    	  2094.0000    	-0.46638362E-03	 0.69704342E-04
  2094.0000    	  2095.0000    	-0.57568724E-03	 0.91393369E-04
  2095.0000    	  2096.0000    	-0.70576041E-03	 0.11217477E-03
  2096.0000    	  2097.0000    	-0.10862739E-02	 0.13401631E-03
  2097.0000    	  2098.0000    	-0.11670956E-02	 0.16149924E-03
  2098.0000    	  2099.0000    	-0.10868817E-02	 0.15869244E-03
  2099.0000    	  2100.0000    	-0.10649813E-02	 0.17714812E-03
  2100.0000    	  2101.0000    	-0.53791902E-03	 0.17854413E-03
  2101.0000    	  2102.0000    	-0.83841503E-04	 0.38473087E-04
  2102.0000    	  2103.0000    	-0.15169433E-03	 0.44885890E-04
  2103.0000    	  2104.0000    	-0.27938028E-03	 0.60480339E-04
  2104.0000    	  2105.0000    	-0.37030131E-03	 0.74554062E-04
  2105.0000    	  2106.0000    	-0.83897933E-03	 0.89525723E-04
  2106.0000    	  2107.0000    	-0.84461345E-03	 0.10783131E-03
  2107.0000    	  2108.0000    	-0.89208672E-03	 0.11551531E-03
  2108.0000    	  2109.0000    	-0.75261851E-03	 0.13553371E-03
  2109.0000    	  2110.0000    	-0.98239900E-03	 0.14714974E-03
  2110.0000    	  2111.0000    	-0.65496922E-03	 0.15145819E-03
  2111.0000    	  2112.0000    	-0.61287288E-03	 0.14978941E-03
  2112.0000    	  2113.0000    	-0.99169126E-04	 0.35059053E-04
  2113.0000    	  2114.0000    	-0.15968213E-03	 0.47765969E-04
  2114.0000    	  2115.0000    	-0.40176584E-03	 0.51647653E-04
  2115.0000    	  2116.0000    	-0.43465842E-03	 0.65775564E-04
  2116.0000    	  2117.0000    	-0.69431548E-03	 0.90766412E-04
  2117.0000    	  2118.0000    	-0.72254439E-03	 0.11026445E-03
  2118.0000    	  2119.0000    	-0.85656469E-03	 0.11735385E-03
  2119.0000    	  2120.0000    	-0.10427785E-02	 0.14128445E-03
  2120.0000    	  2121.0000    	-0.79618325E-03	 0.16097972E-03
  2121.0000    	  2122.0000    	-0.80346250E-03	 0.16169294E-03
  2122.0000    	  2123.0000    	-0.69184898E-03	 0.16718755E-03
  2123.0000    	  2124.0000    	-0.90123005E-04	 0.36541068E-04
  2124.0000    	  2125.0000    	-0.81498088E-04	 0.45775253E-04
  2125.0000    	  2126.0000    	-0.39768595E-03	 0.56304088E-04
  2126.0000    	  2127.0000    	-0.50527475E-03	 0.71807261E-04
  2127.0000    	  2128.0000    	-0.73103166E-03	 0.84388637E-04
  2128.0000    	  2129.0000    	-0.85528762E-03	 0.10385791E-03
  2129.0000    	  2130.0000    	-0.10625800E-02	 0.12674146E-03
  2130.0000    	  2131.0000    	-0.71601855E-03	 0.13399747E-03
  2131.0000    	  2132.0000    	-0.97615939E-03	 0.14831292E-03
  2132.0000    	  2133.0000    	-0.80131268E-03	 0.18898502E-03
  2133.0000    	  2134.0000    	-0.85503987E-03	 0.15648461E-03
  2134.0000    	  2135.0000    	-0.60266943E-04	 0.34005822E-04
  2135.0000    	  2136.0000    	-0.11989995E-03	 0.43116407E-04
  2136.0000    	  2137.0000    	-0.32824127E-03	 0.56226326E-04
  2137.0000    	  2138.0000    	-0.41687392E-03	 0.70486457E-04
  2138.0000    	  2139.0000    	-0.61032393E-03	 0.89169661E-04
  2139.0000    	  2140.0000    	-0.99391357E-03	 0.10064167E-03
  2140.0000    	  2141.0000    	-0.79235273E-03	 0.12377711E-03
  2141.0000    	  2142.0000    	-0.10524137E-02	 0.16033869E-03
  2142.0000    	  2143.0000    	-0.64358722E-03	 0.16938115E-03
  2143.0000    	  2144.0000    	-0.63200401E-03	 0.15082213E-03
  2144.0000    	  2145.0000    	-0.77294373E-03	 0.15722602E-03
  2145.0000    	  2146.0000    	-0.42586897E-04	 0.35081035E-04
  2146.0000    	  2147.0000    	-0.14826909E-03	 0.41668649E-04
  2147.0000    	  2148.0000    	-0.25475888E-03	 0.52021518E-04
  2148.0000    	  2149.0000    	-0.40780381E-03	 0.66825105E-04
  2149.0000    	  2150.0000    	-0.78629595E-03	 0.79277098E-04
  2150.0000    	  2151.0000    	-0.77465549E-03	 0.12005075E-03
  2151.0000    	  2152.0000    	-0.10741044E-02	 0.12640720E-03
  2152.0000    	  2153.0000    	-0.73380558E-03	 0.14867865E-03
  2153.0000    	  2154.0000    	-0.92031036E-03	 0.13698603E-03
  2154.0000    	  2155.0000    	-0.61222856E-03	 0.16601150E-03
  2155.0000    	  2156.0000    	-0.71395604E-03	 0.15409002E-03
  2156.0000    	  2157.0000    	-0.54632990E-04	 0.36247599E-04
  2157.0000    	  2158.0000    	-0.17254344E-03	 0.43624210E-04
  2158.0000    	  2159.0000    	-0.28336866E-03	 0.53692724E-04
  2159.0000    	  2160.0000    	-0.51062345E-03	 0.68846526E-04
  2160.0000    	  2161.0000    	-0.54527648E-03	 0.85378036E-04
  2161.0000    	  2162.0000    	-0.92036630E-03	 0.10621411E-03
  2162.0000    	  2163.0000    	-0.57721965E-03	 0.12288798E-03
  2163.0000    	  2164.0000    	-0.10699109E-02	 0.13735859E-03
  2164.0000    	  2165.0000    	-0.12917402E-02	 0.17131169E-03
  2165.0000    	  2166.0000    	-0.89777546E-03	 0.17828890E-03
  2166.0000    	  2167.0000    	-0.77099227E-03	 0.15202342E-03
  2167.0000    	  2168.0000    	-0.49782784E-04	 0.36371713E-04
  2168.0000    	  2169.0000    	-0.15767737E-03	 0.40137250E-04
  2169.0000    	  2170.0000    	-0.29977030E-03	 0.51314273E-04
  2170.0000    	  2171.0000    	-0.36287730E-03	 0.59214221E-04
  2171.0000    	  2172.0000    	-0.49673442E-03	 0.93587811E-04
  2172.0000    	  2173.0000    	-0.70826647E-03	 0.12083571E-03
  2173.0000    	  2174.0000    	-0.89067524E-03	 0.11757318E-03
  2174.0000    	  2175.0000    	-0.76708443E-03	 0.13386585E-03
  2175.0000    	  2176.0000    	-0.86145969E-03	 0.17728472E-03
  2176.0000    	  2177.0000    	-0.94754134E-03	 0.16330092E-03
  2177.0000    	  2178.0000    	-0.91378388E-03	 0.14183600E-03
  2178.0000    	  2179.0000    	-0.55799020E-04	 0.35358144E-04
  2179.0000    	  2180.0000    	-0.17984126E-03	 0.40062168E-04
  2180.0000    	  2181.0000    	-0.23298871E-03	 0.52311137E-04
  2181.0000    	  2182.0000    	-0.47623156E-03	 0.66236525E-04
  2182.0000    	  2183.0000    	-0.55717190E-03	 0.91682023E-04
  2183.0000    	  2184.0000    	-0.72835052E-03	 0.11546702E-03
  2184.0000    	  2185.0000    	-0.75808913E-03	 0.12753182E-03
  2185.0000    	  2186.0000    	-0.10639825E-02	 0.13264279E-03
  2186.0000    	  2187.0000    	-0.11018528E-02	 0.15467838E-03
  2187.0000    	  2188.0000    	-0.78247712E-03	 0.15771105E-03
  2188.0000    	  2189.0000    	-0.66760534E-03	 0.15409421E-03
  2189.0000    	  2190.0000    	-0.10591048E-03	 0.40918645E-04
  2190.0000    	  2191.0000    	-0.13125008E-03	 0.38571912E-04
  2191.0000    	  2192.0000    	-0.27051161E-03	 0.51336796E-04
  2192.0000    	  2193.0000    	-0.50459841E-03	 0.77357684E-04
  2193.0000    	  2194.0000    	-0.69957403E-03	 0.88007685E-04
  2194.0000    	  2195.0000    	-0.64669024E-03	 0.98758259E-04
  2195.0000    	  2196.0000    	-0.96119519E-03	 0.12665631E-03
  2196.0000    	  2197.0000    	-0.77018257E-03	 0.14798560E-03
  2197.0000    	  2198.0000    	-0.90032587E-03	 0.14756920E-03
  2198.0000    	  2199.0000    	-0.79405665E-03	 0.15534915E-03
  2199.0000    	  2200.0000    	-0.55086791E-03	 0.13868362E-03
  2200.0000    	  2201.0000    	-0.11839873E-03	 0.37682936E-04
  2201.0000    	  2202.0000    	-0.37274457E-04	 0.45040749E-04
  2202.0000    	  2203.0000    	-0.24367420E-03	 0.55124212E-04
  2203.0000    	  2204.0000    	-0.50517193E-03	 0.64766653E-04
  2204.0000    	  2205.0000    	-0.63869122E-03	 0.78289836E-04
  2205.0000    	  2206.0000    	-0.62279759E-03	 0.10932831E-03
  2206.0000    	  2207.0000    	-0.78490334E-03	 0.12024455E-03
  2207.0000    	  2208.0000    	-0.69180376E-03	 0.14424025E-03
  2208.0000    	  2209.0000    	-0.93565797E-03	 0.17357424E-03
  2209.0000    	  2210.0000    	-0.79344384E-03	 0.16986013E-03
  2210.0000    	  2211.0000    	-0.60705455E-03	 0.14898874E-03
  2211.0000    	  2212.0000    	-0.34220714E-04	 0.39158490E-04
  2212.0000    	  2213.0000    	-0.12471870E-03	 0.45765017E-04
  2213.0000    	  2214.0000    	-0.32526172E-03	 0.56931700E-04
  2214.0000    	  2215.0000    	-0.42071494E-03	 0.59931789E-04
  2215.0000    	  2216.0000    	-0.42811371E-03	 0.80247336E-04
  2216.0000    	  2217.0000    	-0.62642534E-03	 0.10119859E-03
  2217.0000    	  2218.0000    	-0.78330898E-03	 0.14090621E-03
  2218.0000    	  2219.0000    	-0.95734460E-03	 0.13682911E-03
  2219.0000    	  2220.0000    	-0.89083712E-03	 0.16095260E-03
  2220.0000    	  2221.0000    	-0.59585163E-03	 0.15435916E-03
  2221.0000    	  2222.0000    	-0.72258489E-03	 0.13846471E-03
  2222.0000    	  2223.0000    	-0.74985777E-05	 0.33639056E-04
  2223.0000    	  2224.0000    	-0.94607615E-04	 0.39528635E-04
  2224.0000    	  2225.0000    	-0.15117078E-03	 0.55820471E-04
  2225.0000    	  2226.0000    	-0.43714056E-03	 0.56604106E-04
  2226.0000    	  2227.0000    	-0.72490088E-03	 0.87664994E-04
  2227.0000    	  2228.0000    	-0.73160966E-03	 0.98064176E-04
  2228.0000    	  2229.0000    	-0.69207595E-03	 0.13836951E-03
  2229.0000    	  2230.0000    	-0.94193599E-03	 0.12955031E-03
  2230.0000    	  2231.0000    	-0.60337434E-03	 0.15100220E-03
  2231.0000    	  2232.0000    	-0.96221316E-03	 0.14783860E-03
  2232.0000    	  2233.0000    	-0.78997652E-03	 0.15644045E-03
  2233.0000    	  2234.0000    	 0.14311079E-05	 0.33926664E-04
  2234.0000    	  2235.0000    	-0.14334019E-03	 0.38611533E-04
  2235.0000    	  2236.0000    	-0.32031268E-03	 0.50274879E-04
  2236.0000    	  2237.0000    	-0.39213493E-03	 0.61174007E-04
  2237.0000    	  2238.0000    	-0.57201658E-03	 0.92091802E-04
  2238.0000    	  2239.0000    	-0.60425084E-03	 0.10115629E-03
  2239.0000    	  2240.0000    	-0.82724560E-03	 0.13162525E-03
  2240.0000    	  2241.0000    	-0.90396429E-03	 0.15583308E-03
  2241.0000    	  2242.0000    	-0.69086058E-03	 0.15208857E-03
  2242.0000    	  2243.0000    	-0.55450230E-03	 0.15229288E-03
  2243.0000    	  2244.0000    	-0.47519728E-03	 0.13840802E-03
  2244.0000    	  2245.0000    	-0.73712232E-04	 0.34870423E-04
  2245.0000    	  2246.0000    	-0.10061368E-03	 0.38255026E-04
  2246.0000    	  2247.0000    	-0.21327832E-03	 0.54675292E-04
  2247.0000    	  2248.0000    	-0.35560523E-03	 0.70237190E-04
  2248.0000    	  2249.0000    	-0.56426281E-03	 0.81899570E-04
  2249.0000    	  2250.0000    	-0.80963017E-03	 0.11202757E-03
  2250.0000    	  2251.0000    	-0.91910875E-03	 0.12166051E-03
  2251.0000    	  2252.0000    	-0.97851563E-03	 0.15175502E-03
  2252.0000    	  2253.0000    	-0.53702896E-03	 0.15395117E-03
  2253.0000    	  2254.0000    	-0.88484037E-03	 0.15088026E-03
  2254.0000    	  2255.0000    	-0.61822132E-03	 0.16410683E-03
  2255.0000    	  2256.0000    	-0.38474053E-04	 0.38697619E-04
  2256.0000    	  2257.0000    	-0.64098684E-04	 0.41892806E-04
  2257.0000    	  2258.0000    	-0.36704495E-03	 0.49799911E-04
  2258.0000    	  2259.0000    	-0.38221969E-03	 0.67005909E-04
  2259.0000    	  2260.0000    	-0.60676255E-03	 0.78831138E-04
  2260.0000    	  2261.0000    	-0.68114691E-03	 0.92612294E-04
  2261.0000    	  2262.0000    	-0.91270236E-03	 0.11801636E-03
  2262.0000    	  2263.0000    	-0.79456503E-03	 0.14392879E-03
  2263.0000    	  2264.0000    	-0.87308596E-03	 0.14364220E-03
  2264.0000    	  2265.0000    	-0.72048692E-03	 0.13926927E-03
  2265.0000    	  2266.0000    	-0.52646785E-03	 0.16254270E-03
  2266.0000    	  2267.0000    	-0.11705507E-03	 0.35157122E-04
  2267.0000    	  2268.0000    	-0.47773379E-04	 0.43938708E-04
  2268.0000    	  2269.0000    	-0.18249093E-03	 0.55686722E-04
  2269.0000    	  2270.0000    	-0.39210910E-03	 0.59078858E-04
  2270.0000    	  2271.0000    	-0.50731008E-03	 0.75798646E-04
  2271.0000    	  2272.0000    	-0.55885559E-03	 0.93076088E-04
  2272.0000    	  2273.0000    	-0.76773630E-03	 0.12004753E-03
  2273.0000    	  2274.0000    	-0.92822598E-03	 0.12752250E-03
  2274.0000    	  2275.0000    	-0.79877481E-03	 0.14676477E-03
  2275.0000    	  2276.0000    	-0.69744419E-03	 0.12725932E-03
  2276.0000    	  2277.0000    	-0.69299305E-03	 0.14801435E-03
  2277.0000    	  2278.0000    	-0.40546299E-04	 0.38305473E-04
  2278.0000    	  2279.0000    	-0.76783458E-04	 0.45195086E-04
  2279.0000    	  2280.0000    	-0.24057952E-03	 0.52632984E-04
  2280.0000    	  2281.0000    	-0.41397154E-03	 0.58499339E-04
  2281.0000    	  2282.0000    	-0.51853173E-03	 0.74889465E-04
  2282.0000    	  2283.0000    	-0.72192100E-03	 0.85839630E-04
  2283.0000    	  2284.0000    	-0.94371455E-03	 0.13269419E-03
  2284.0000    	  2285.0000    	-0.97397182E-03	 0.13744098E-03
  2285.0000    	  2286.0000    	-0.82387558E-03	 0.14027073E-03
  2286.0000    	  2287.0000    	-0.60681202E-03	 0.14433174E-03
  2287.0000    	  2288.0000    	-0.49102547E-03	 0.14142643E-03
  2288.0000    	  2289.0000    	-0.26586061E-04	 0.32071504E-04
  2289.0000    	  2290.0000    	-0.15874589E-03	 0.38660956E-04
  2290.0000    	  2291.0000    	-0.17720993E-03	 0.49903610E-04
  2291.0000    	  2292.0000    	-0.42676266E-03	 0.54751550E-04
  2292.0000    	  2293.0000    	-0.65355999E-03	 0.79197253E-04
  2293.0000    	  2294.0000    	-0.61091684E-03	 0.90795288E-04
  2294.0000    	  2295.0000    	-0.75636882E-03	 0.12063640E-03
  2295.0000    	  2296.0000    	-0.10089156E-02	 0.14242143E-03
  2296.0000    	  2297.0000    	-0.93785049E-03	 0.13150615E-03
  2297.0000    	  2298.0000    	-0.51084432E-03	 0.13904436E-03
  2298.0000    	  2299.0000    	-0.57208721E-03	 0.13499678E-03
  2299.0000    	  2300.0000    	-0.19980052E-04	 0.34080958E-04
  2300.0000    	  2301.0000    	-0.11125190E-03	 0.39645066E-04
  2301.0000    	  2302.0000    	-0.23783461E-03	 0.50916527E-04
  2302.0000    	  2303.0000    	-0.37945651E-03	 0.63612908E-04
  2303.0000    	  2304.0000    	-0.55206318E-03	 0.90259589E-04
  2304.0000    	  2305.0000    	-0.63323294E-03	 0.92008014E-04
  2305.0000    	  2306.0000    	-0.79270192E-03	 0.12345883E-03
  2306.0000    	  2307.0000    	-0.93709838E-03	 0.11997615E-03
  2307.0000    	  2308.0000    	-0.67253035E-03	 0.12447552E-03
  2308.0000    	  2309.0000    	-0.62194041E-03	 0.12969790E-03
  2309.0000    	  2310.0000    	-0.50280401E-03	 0.14101365E-03
  2310.0000    	  2311.0000    	 0.49976801E-05	 0.36806722E-04
  2311.0000    	  2312.0000    	-0.94133162E-04	 0.40509858E-04
  2312.0000    	  2313.0000    	-0.28379547E-03	 0.48012162E-04
  2313.0000    	  2314.0000    	-0.47157119E-03	 0.72785381E-04
  2314.0000    	  2315.0000    	-0.42811142E-03	 0.76312400E-04
  2315.0000    	  2316.0000    	-0.51429367E-03	 0.97594455E-04
  2316.0000    	  2317.0000    	-0.73127045E-03	 0.10798724E-03
  2317.0000    	  2318.0000    	-0.81621378E-03	 0.11532276E-03
  2318.0000    	  2319.0000    	-0.81883692E-03	 0.14424652E-03
  2319.0000    	  2320.0000    	-0.66916344E-03	 0.17473693E-03
  2320.0000    	  2321.0000    	-0.69711482E-03	 0.13285503E-03
  2321.0000    	  2322.0000    	-0.92596981E-04	 0.38049730E-04
  2322.0000    	  2323.0000    	-0.11952851E-03	 0.39955230E-04
  2323.0000    	  2324.0000    	-0.26369564E-03	 0.45166591E-04
  2324.0000    	  2325.0000    	-0.36363420E-03	 0.60562916E-04
  2325.0000    	  2326.0000    	-0.55498837E-03	 0.67589707E-04
  2326.0000    	  2327.0000    	-0.59892869E-03	 0.97055621E-04
  2327.0000    	  2328.0000    	-0.79664183E-03	 0.11287588E-03
  2328.0000    	  2329.0000    	-0.62679547E-03	 0.12076217E-03
  2329.0000    	  2330.0000    	-0.59229615E-03	 0.14458280E-03
  2330.0000    	  2331.0000    	-0.96958115E-03	 0.13120189E-03
  2331.0000    	  2332.0000    	-0.56184453E-03	 0.13515667E-03
  2332.0000    	  2333.0000    	-0.27523824E-04	 0.36660256E-04
  2333.0000    	  2334.0000    	-0.16156090E-03	 0.34632280E-04
  2334.0000    	  2335.0000    	-0.10667362E-03	 0.46229986E-04
  2335.0000    	  2336.0000    	-0.36079091E-03	 0.55516430E-04
  2336.0000    	  2337.0000    	-0.42830659E-03	 0.71841918E-04
  2337.0000    	  2338.0000    	-0.66824666E-03	 0.10008106E-03
  2338.0000    	  2339.0000    	-0.74699237E-03	 0.11597155E-03
  2339.0000    	  2340.0000    	-0.52740927E-03	 0.12851557E-03
  2340.0000    	  2341.0000    	-0.60481847E-03	 0.13852319E-03
  2341.0000    	  2342.0000    	-0.62476239E-03	 0.13958415E-03
  2342.0000    	  2343.0000    	-0.17198987E-03	 0.14492792E-03
  2343.0000    	  2344.0000    	-0.51681451E-04	 0.42747379E-04
  2344.0000    	  2345.0000    	-0.11993771E-03	 0.42757545E-04
  2345.0000    	  2346.0000    	-0.20869277E-03	 0.45561190E-04
  2346.0000    	  2347.0000    	-0.30325517E-03	 0.52884886E-04
  2347.0000    	  2348.0000    	-0.50790819E-03	 0.75382653E-04
  2348.0000    	  2349.0000    	-0.68152623E-03	 0.92341270E-04
  2349.0000    	  2350.0000    	-0.83887643E-03	 0.10500445E-03
  2350.0000    	  2351.0000    	-0.90780234E-03	 0.11690450E-03
  2351.0000    	  2352.0000    	-0.55918814E-03	 0.13039606E-03
  2352.0000    	  2353.0000    	-0.66863472E-03	 0.12740623E-03
  2353.0000    	  2354.0000    	-0.34285887E-03	 0.13217373E-03
  2354.0000    	  2355.0000    	 0.47876381E-04	 0.38954234E-04
  2355.0000    	  2356.0000    	-0.40275367E-04	 0.48353465E-04
  2356.0000    	  2357.0000    	-0.15714679E-03	 0.48351534E-04
  2357.0000    	  2358.0000    	-0.40562716E-03	 0.56330391E-04
  2358.0000    	  2359.0000    	-0.39922212E-03	 0.74262519E-04
  2359.0000    	  2360.0000    	-0.67623385E-03	 0.93536897E-04
  2360.0000    	  2361.0000    	-0.76304609E-03	 0.10263119E-03
  2361.0000    	  2362.0000    	-0.71779566E-03	 0.13343531E-03
  2362.0000    	  2363.0000    	-0.69827579E-03	 0.13742467E-03
  2363.0000    	  2364.0000    	-0.78790478E-03	 0.14276928E-03
  2364.0000    	  2365.0000    	-0.53881626E-03	 0.12410492E-03
  2365.0000    	  2366.0000    	-0.10405491E-03	 0.37079703E-04
  2366.0000    	  2367.0000    	-0.12687680E-03	 0.41325440E-04
  2367.0000    	  2368.0000    	-0.24368571E-03	 0.47812150E-04
  2368.0000    	  2369.0000    	-0.44822540E-03	 0.62505731E-04
  2369.0000    	  2370.0000    	-0.44643968E-03	 0.74948547E-04
  2370.0000    	  2371.0000    	-0.62914177E-03	 0.86582496E-04
  2371.0000    	  2372.0000    	-0.50535024E-03	 0.10459540E-03
  2372.0000    	  2373.0000    	-0.68633860E-03	 0.14562224E-03
  2373.0000    	  2374.0000    	-0.70219856E-03	 0.12516777E-03
  2374.0000    	  2375.0000    	-0.66433769E-03	 0.13760548E-03
  2375.0000    	  2376.0000    	-0.46052594E-03	 0.12686928E-03
  2376.0000    	  2377.0000    	-0.81997238E-05	 0.39362906E-04
  2377.0000    	  2378.0000    	-0.14214966E-03	 0.39703889E-04
  2378.0000    	  2379.0000    	-0.36519780E-03	 0.46177254E-04
  2379.0000    	  2380.0000    	-0.31887747E-03	 0.55129754E-04
  2380.0000    	  2381.0000    	-0.53132709E-03	 0.74017524E-04
  2381.0000    	  2382.0000    	-0.70722646E-03	 0.88856135E-04
  2382.0000    	  2383.0000    	-0.89425672E-03	 0.10484868E-03
  2383.0000    	  2384.0000    	-0.74057352E-03	 0.13133243E-03
  2384.0000    	  2385.0000    	-0.74590123E-03	 0.10601730E-03
  2385.0000    	  2386.0000    	-0.43701515E-03	 0.13553940E-03
  2386.0000    	  2387.0000    	-0.69288233E-03	 0.11926091E-03
  2387.0000    	  2388.0000    	-0.61301158E-05	 0.39058924E-04
  2388.0000    	  2389.0000    	-0.60699156E-04	 0.42870859E-04
  2389.0000    	  2390.0000    	-0.18878233E-03	 0.44407593E-04
  2390.0000    	  2391.0000    	-0.34004814E-03	 0.57933927E-04
  2391.0000    	  2392.0000    	-0.47750035E-03	 0.68841372E-04
  2392.0000    	  2393.0000    	-0.70888948E-03	 0.98000377E-04
  2393.0000    	  2394.0000    	-0.72437670E-03	 0.10453542E-03
  2394.0000    	  2395.0000    	-0.50881772E-03	 0.11835527E-03
  2395.0000    	  2396.0000    	-0.66323890E-03	 0.11980419E-03
  2396.0000    	  2397.0000    	-0.64699412E-03	 0.13695228E-03
  2397.0000    	  2398.0000    	-0.46683922E-03	 0.12133647E-03
  2398.0000    	  2399.0000    	-0.18067945E-04	 0.36711809E-04
  2399.0000    	  2400.0000    	-0.78931100E-04	 0.38866680E-04
  2400.0000    	  2401.0000    	-0.21128772E-03	 0.46709334E-04
  2401.0000    	  2402.0000    	-0.38467355E-03	 0.49133799E-04
  2402.0000    	  2403.0000    	-0.37485625E-03	 0.63599160E-04
  2403.0000    	  2404.0000    	-0.53499879E-03	 0.92607197E-04
  2404.0000    	  2405.0000    	-0.61542135E-03	 0.11966163E-03
  2405.0000    	  2406.0000    	-0.71232617E-03	 0.13031799E-03
  2406.0000    	  2407.0000    	-0.73990389E-03	 0.12188785E-03
  2407.0000    	  2408.0000    	-0.43487100E-03	 0.12780409E-03
  2408.0000    	  2409.0000    	-0.38224839E-03	 0.13568643E-03
  2409.0000    	  2410.0000    	-0.34515515E-04	 0.32022313E-04
  2410.0000    	  2411.0000    	-0.22976288E-04	 0.38389207E-04
  2411.0000    	  2412.0000    	-0.17251945E-03	 0.45895753E-04
  2412.0000    	  2413.0000    	-0.27007745E-03	 0.64878986E-04
  2413.0000    	  2414.0000    	-0.63778315E-03	 0.77729982E-04
  2414.0000    	  2415.0000    	-0.48418383E-03	 0.84649446E-04
  2415.0000    	  2416.0000    	-0.73177295E-03	 0.10761115E-03
  2416.0000    	  2417.0000    	-0.59914944E-03	 0.12434230E-03
  2417.0000    	  2418.0000    	-0.55354440E-03	 0.13501346E-03
  2418.0000    	  2419.0000    	-0.66576795E-03	 0.12768884E-03
  2419.0000    	  2420.0000    	-0.36484600E-03	 0.12227318E-03
  2420.0000    	  2421.0000    	-0.55371033E-04	 0.34929426E-04
  2421.0000    	  2422.0000    	-0.12786282E-03	 0.41626970E-04
  2422.0000    	  2423.0000    	-0.20056433E-03	 0.43437925E-04
  2423.0000    	  2424.0000    	-0.39604207E-03	 0.51811504E-04
  2424.0000    	  2425.0000    	-0.46613153E-03	 0.64572835E-04
  2425.0000    	  2426.0000    	-0.52124390E-03	 0.89739475E-04
  2426.0000    	  2427.0000    	-0.29119912E-03	 0.11491243E-03
  2427.0000    	  2428.0000    	-0.79212756E-03	 0.12532815E-03
  2428.0000    	  2429.0000    	-0.49281193E-03	 0.13310957E-03
  2429.0000    	  2430.0000    	-0.44655055E-03	 0.11853374E-03
  2430.0000    	  2431.0000    	-0.40119088E-03	 0.11516768E-03
  2431.0000    	  2432.0000    	-0.87853675E-04	 0.36716091E-04
  2432.0000    	  2433.0000    	-0.14524303E-03	 0.38442680E-04
  2433.0000    	  2434.0000    	-0.24864696E-03	 0.38966919E-04
  2434.0000    	  2435.0000    	-0.31498764E-03	 0.50037759E-04
  2435.0000    	  2436.0000    	-0.38992435E-03	 0.64144631E-04
  2436.0000    	  2437.0000    	-0.62460251E-03	 0.92104829E-04
  2437.0000    	  2438.0000    	-0.76276159E-03	 0.11298336E-03
  2438.0000    	  2439.0000    	-0.70655940E-03	 0.11708106E-03
  2439.0000    	  2440.0000    	-0.63744044E-03	 0.12318091E-03
  2440.0000    	  2441.0000    	-0.45405533E-03	 0.12479699E-03
  2441.0000    	  2442.0000    	-0.28706907E-03	 0.12262158E-03
  2442.0000    	  2443.0000    	-0.26504798E-04	 0.37672315E-04
  2443.0000    	  2444.0000    	-0.94101726E-04	 0.36001218E-04
  2444.0000    	  2445.0000    	-0.18745761E-03	 0.42506270E-04
  2445.0000    	  2446.0000    	-0.34987497E-03	 0.51144442E-04
  2446.0000    	  2447.0000    	-0.42794042E-03	 0.80131727E-04
  2447.0000    	  2448.0000    	-0.63147545E-03	 0.80733420E-04
  2448.0000    	  2449.0000    	-0.75747259E-03	 0.90519379E-04
  2449.0000    	  2450.0000    	-0.54577239E-03	 0.12071591E-03
  2450.0000    	  2451.0000    	-0.50123429E-03	 0.11855051E-03
  2451.0000    	  2452.0000    	-0.69017060E-03	 0.11871475E-03
  2452.0000    	  2453.0000    	-0.55238094E-03	 0.12101067E-03
  2453.0000    	  2454.0000    	-0.15897525E-04	 0.36103730E-04
  2454.0000    	  2455.0000    	-0.11764459E-03	 0.38517629E-04
  2455.0000    	  2456.0000    	-0.22305738E-03	 0.44347281E-04
  2456.0000    	  2457.0000    	-0.23082484E-03	 0.54021768E-04
  2457.0000    	  2458.0000    	-0.42065827E-03	 0.71028280E-04
  2458.0000    	  2459.0000    	-0.54474125E-03	 0.80897884E-04
  2459.0000    	  2460.0000    	-0.55461024E-03	 0.10352681E-03
  2460.0000    	  2461.0000    	-0.62778924E-03	 0.10545743E-03
  2461.0000    	  2462.0000    	-0.75660920E-03	 0.12704590E-03
  2462.0000    	  2463.0000    	-0.74822997E-03	 0.14370180E-03
  2463.0000    	  2464.0000    	-0.38127814E-03	 0.11514894E-03
  2464.0000    	  2465.0000    	-0.23172435E-04	 0.34227133E-04
  2465.0000    	  2466.0000    	-0.82649184E-04	 0.36462564E-04
  2466.0000    	  2467.0000    	-0.17859329E-03	 0.44885762E-04
  2467.0000    	  2468.0000    	-0.39785821E-03	 0.46023742E-04
  2468.0000    	  2469.0000    	-0.44120776E-03	 0.63817490E-04
  2469.0000    	  2470.0000    	-0.54921085E-03	 0.88001727E-04
  2470.0000    	  2471.0000    	-0.55817666E-03	 0.91749894E-04
  2471.0000    	  2472.0000    	-0.75778316E-03	 0.10452161E-03
  2472.0000    	  2473.0000    	-0.67488179E-03	 0.12765175E-03
  2473.0000    	  2474.0000    	-0.26506100E-03	 0.12148853E-03
  2474.0000    	  2475.0000    	-0.30567509E-03	 0.11763271E-03
  2475.0000    	  2476.0000    	-0.78605183E-04	 0.37185835E-04
  2476.0000    	  2477.0000    	-0.14747495E-03	 0.39355265E-04
  2477.0000    	  2478.0000    	-0.17082569E-03	 0.40911612E-04
  2478.0000    	  2479.0000    	-0.36950782E-03	 0.57388105E-04
  2479.0000    	  2480.0000    	-0.46259802E-03	 0.69313229E-04
  2480.0000    	  2481.0000    	-0.52460870E-03	 0.83220148E-04
  2481.0000    	  2482.0000    	-0.46767098E-03	 0.10477154E-03
  2482.0000    	  2483.0000    	-0.60103185E-03	 0.10927063E-03
  2483.0000    	  2484.0000    	-0.47080615E-03	 0.12575151E-03
  2484.0000    	  2485.0000    	-0.44909376E-03	 0.12334374E-03
  2485.0000    	  2486.0000    	-0.33449136E-03	 0.12182517E-03
  2486.0000    	  2487.0000    	-0.11933628E-03	 0.34364571E-04
  2487.0000    	  2488.0000    	-0.12219858E-03	 0.34655995E-04
  2488.0000    	  2489.0000    	-0.22504210E-03	 0.42186715E-04
  2489.0000    	  2490.0000    	-0.38119690E-03	 0.51654792E-04
  2490.0000    	  2491.0000    	-0.45371100E-03	 0.70665599E-04
  2491.0000    	  2492.0000    	-0.66136073E-03	 0.87478136E-04
  2492.0000    	  2493.0000    	-0.48259598E-03	 0.95012251E-04
  2493.0000    	  2494.0000    	-0.57207436E-03	 0.10756586E-03
  2494.0000    	  2495.0000    	-0.63056588E-03	 0.11150835E-03
  2495.0000    	  2496.0000    	-0.39855999E-03	 0.11699854E-03
  2496.0000    	  2497.0000    	-0.33272675E-03	 0.13163216E-03
  2497.0000    	  2498.0000    	-0.35271382E-05	 0.35017908E-04
  2498.0000    	  2499.0000    	-0.81970864E-04	 0.34707216E-04
  2499.0000    	  2500.0000    	-0.17557328E-03	 0.46152133E-04
  2500.0000    	  2501.0000    	-0.35221799E-03	 0.56515769E-04
  2501.0000    	  2502.0000    	-0.38703831E-03	 0.67824046E-04
  2502.0000    	  2503.0000    	-0.56466361E-03	 0.88405374E-04
  2503.0000    	  2504.0000    	-0.68630669E-03	 0.97863031E-04
  2504.0000    	  2505.0000    	-0.73060672E-03	 0.97109216E-04
  2505.0000    	  2506.0000    	-0.41878973E-03	 0.10930866E-03
  2506.0000    	  2507.0000    	-0.58571964E-03	 0.11213452E-03
  2507.0000    	  2508.0000    	-0.41338821E-03	 0.13345574E-03
  2508.0000    	  2509.0000    	 0.32050452E-06	 0.35384799E-04
  2509.0000    	  2510.0000    	-0.10246359E-03	 0.31738766E-04
  2510.0000    	  2511.0000    	-0.21455266E-03	 0.38886626E-04
  2511.0000    	  2512.0000    	-0.25841616E-03	 0.53107498E-04
  2512.0000    	  2513.0000    	-0.49858586E-03	 0.61733007E-04
  2513.0000    	  2514.0000    	-0.33047187E-03	 0.84322810E-04
  2514.0000    	  2515.0000    	-0.66584857E-03	 0.90887780E-04
  2515.0000    	  2516.0000    	-0.63619314E-03	 0.11347668E-03
  2516.0000    	  2517.0000    	-0.55501110E-03	 0.11912175E-03
  2517.0000    	  2518.0000    	-0.46816037E-03	 0.11185622E-03
  2518.0000    	  2519.0000    	-0.41669204E-03	 0.10616474E-03
  2519.0000    	  2520.0000    	-0.10525506E-03	 0.32700712E-04
  2520.0000    	  2521.0000    	-0.11267258E-03	 0.34783645E-04
  2521.0000    	  2522.0000    	-0.17473408E-03	 0.41159372E-04
  2522.0000    	  2523.0000    	-0.32232185E-03	 0.48948486E-04
  2523.0000    	  2524.0000    	-0.38813101E-03	 0.56912708E-04
  2524.0000    	  2525.0000    	-0.44185047E-03	 0.76039690E-04
  2525.0000    	  2526.0000    	-0.57454308E-03	 0.10043292E-03
  2526.0000    	  2527.0000    	-0.50345600E-03	 0.12172091E-03
  2527.0000    	  2528.0000    	-0.37458187E-03	 0.12861380E-03
  2528.0000    	  2529.0000    	-0.51018819E-03	 0.11607447E-03
  2529.0000    	  2530.0000    	-0.10938923E-03	 0.12559145E-03
  2530.0000    	  2531.0000    	-0.35435633E-04	 0.28123110E-04
  2531.0000    	  2532.0000    	-0.72375745E-04	 0.37483314E-04
  2532.0000    	  2533.0000    	-0.18141497E-03	 0.42619876E-04
  2533.0000    	  2534.0000    	-0.42263545E-03	 0.46157967E-04
  2534.0000    	  2535.0000    	-0.44995819E-03	 0.62221759E-04
  2535.0000    	  2536.0000    	-0.61922347E-03	 0.78817249E-04
  2536.0000    	  2537.0000    	-0.73161180E-03	 0.87364264E-04
  2537.0000    	  2538.0000    	-0.60805349E-03	 0.10656720E-03
  2538.0000    	  2539.0000    	-0.53052137E-03	 0.11970021E-03
  2539.0000    	  2540.0000    	-0.49262542E-03	 0.10185690E-03
  2540.0000    	  2541.0000    	-0.36096159E-03	 0.10456459E-03
  2541.0000    	  2542.0000    	-0.17244573E-04	 0.41221277E-04
  2542.0000    	  2543.0000    	-0.12005744E-03	 0.42399081E-04
  2543.0000    	  2544.0000    	-0.27671271E-03	 0.46432096E-04
  2544.0000    	  2545.0000    	-0.35155782E-03	 0.54022074E-04
  2545.0000    	  2546.0000    	-0.31083240E-03	 0.61748301E-04
  2546.0000    	  2547.0000    	-0.34979669E-03	 0.81802278E-04
  2547.0000    	  2548.0000    	-0.62169725E-03	 0.10627424E-03
  2548.0000    	  2549.0000    	-0.63257258E-03	 0.10390641E-03
  2549.0000    	  2550.0000    	-0.66283959E-03	 0.11284399E-03
  2550.0000    	  2551.0000    	-0.46028558E-03	 0.11704128E-03
  2551.0000    	  2552.0000    	-0.51154422E-03	 0.99461981E-04
  2552.0000    	  2553.0000    	-0.66240217E-04	 0.33537709E-04
  2553.0000    	  2554.0000    	-0.70797314E-04	 0.35211283E-04
  2554.0000    	  2555.0000    	-0.19252474E-03	 0.43564526E-04
  2555.0000    	  2556.0000    	-0.35809629E-03	 0.48607426E-04
  2556.0000    	  2557.0000    	-0.45497745E-03	 0.58735241E-04
  2557.0000    	  2558.0000    	-0.57987316E-03	 0.75884080E-04
  2558.0000    	  2559.0000    	-0.46383394E-03	 0.10777388E-03
  2559.0000    	  2560.0000    	-0.52546417E-03	 0.11747514E-03
  2560.0000    	  2561.0000    	-0.49994255E-03	 0.11057669E-03
  2561.0000    	  2562.0000    	-0.37338666E-03	 0.11089009E-03
  2562.0000    	  2563.0000    	-0.46220115E-03	 0.11137410E-03
  2563.0000    	  2564.0000    	-0.39715300E-04	 0.35609949E-04
  2564.0000    	  2565.0000    	-0.15634573E-03	 0.36583765E-04
  2565.0000    	  2566.0000    	-0.18012340E-03	 0.37716855E-04
  2566.0000    	  2567.0000    	-0.24437217E-03	 0.49470499E-04
  2567.0000    	  2568.0000    	-0.39539866E-03	 0.59499326E-04
  2568.0000    	  2569.0000    	-0.49635779E-03	 0.79744148E-04
  2569.0000    	  2570.0000    	-0.55447242E-03	 0.84563314E-04
  2570.0000    	  2571.0000    	-0.52080994E-03	 0.10021628E-03
  2571.0000    	  2572.0000    	-0.40949814E-03	 0.12091426E-03
  2572.0000    	  2573.0000    	-0.58996323E-03	 0.11534465E-03
  2573.0000    	  2574.0000    	-0.29093043E-03	 0.10950976E-03
  2574.0000    	  2575.0000    	 0.11061448E-04	 0.41497406E-04
  2575.0000    	  2576.0000    	-0.15562372E-03	 0.37216468E-04
  2576.0000    	  2577.0000    	-0.20222624E-03	 0.41739547E-04
  2577.0000    	  2578.0000    	-0.37577592E-03	 0.47848395E-04
  2578.0000    	  2579.0000    	-0.35171679E-03	 0.61657959E-04
  2579.0000    	  2580.0000    	-0.54242402E-03	 0.78360747E-04
  2580.0000    	  2581.0000    	-0.53541427E-03	 0.85494522E-04
  2581.0000    	  2582.0000    	-0.49953646E-03	 0.99539308E-04
  2582.0000    	  2583.0000    	-0.53713217E-03	 0.12253981E-03
  2583.0000    	  2584.0000    	-0.55914630E-03	 0.11448183E-03
  2584.0000    	  2585.0000    	-0.33356422E-03	 0.10689639E-03
  2585.0000    	  2586.0000    	-0.48883172E-04	 0.32772589E-04
  2586.0000    	  2587.0000    	-0.15350105E-03	 0.38432561E-04
  2587.0000    	  2588.0000    	-0.19121273E-03	 0.43258842E-04
  2588.0000    	  2589.0000    	-0.22993650E-03	 0.49082244E-04
  2589.0000    	  2590.0000    	-0.43195077E-03	 0.63571013E-04
  2590.0000    	  2591.0000    	-0.61711601E-03	 0.78228129E-04
  2591.0000    	  2592.0000    	-0.71470919E-03	 0.91322251E-04
  2592.0000    	  2593.0000    	-0.52754785E-03	 0.11449721E-03
  2593.0000    	  2594.0000    	-0.61362196E-03	 0.10935206E-03
  2594.0000    	  2595.0000    	-0.67469414E-03	 0.95435933E-04
  2595.0000    	  2596.0000    	-0.36435898E-03	 0.97048923E-04
  2596.0000    	  2597.0000    	-0.48669435E-04	 0.35020553E-04
  2597.0000    	  2598.0000    	-0.89773877E-04	 0.42231571E-04
  2598.0000    	  2599.0000    	-0.19107378E-03	 0.40759888E-04
  2599.0000    	  2600.0000    	-0.28117121E-03	 0.48616186E-04
  2600.0000    	  2601.0000    	-0.46654523E-03	 0.66185541E-04
  2601.0000    	  2602.0000    	-0.55687794E-03	 0.73360790E-04
  2602.0000    	  2603.0000    	-0.60752890E-03	 0.92257604E-04
  2603.0000    	  2604.0000    	-0.57403492E-03	 0.10326342E-03
  2604.0000    	  2605.0000    	-0.54585962E-03	 0.11502147E-03
  2605.0000    	  2606.0000    	-0.53621174E-03	 0.10587331E-03
  2606.0000    	  2607.0000    	-0.37775149E-03	 0.11381002E-03
  2607.0000    	  2608.0000    	 0.46186502E-04	 0.38181760E-04
  2608.0000    	  2609.0000    	-0.14508039E-03	 0.37649368E-04
  2609.0000    	  2610.0000    	-0.15097690E-03	 0.35188881E-04
  2610.0000    	  2611.0000    	-0.24023213E-03	 0.46918020E-04
  2611.0000    	  2612.0000    	-0.47030545E-03	 0.73172782E-04
  2612.0000    	  2613.0000    	-0.41760252E-03	 0.73327197E-04
  2613.0000    	  2614.0000    	-0.57498930E-03	 0.90729190E-04
  2614.0000    	  2615.0000    	-0.61927721E-03	 0.96637519E-04
  2615.0000    	  2616.0000    	-0.35178228E-03	 0.11643681E-03
  2616.0000    	  2617.0000    	-0.44951438E-03	 0.10860251E-03
  2617.0000    	  2618.0000    	-0.41053640E-03	 0.12014699E-03
  2618.0000    	  2619.0000    	-0.92446306E-04	 0.34643282E-04
  2619.0000    	  2620.0000    	-0.15964381E-03	 0.42336427E-04
  2620.0000    	  2621.0000    	-0.18478696E-03	 0.43977521E-04
  2621.0000    	  2622.0000    	-0.28625780E-03	 0.49509144E-04
  2622.0000    	  2623.0000    	-0.41252143E-03	 0.68195917E-04
  2623.0000    	  2624.0000    	-0.56236286E-03	 0.74796487E-04
  2624.0000    	  2625.0000    	-0.57337099E-03	 0.87611491E-04
  2625.0000    	  2626.0000    	-0.50095614E-03	 0.95573971E-04
  2626.0000    	  2627.0000    	-0.47293238E-03	 0.12738198E-03
  2627.0000    	  2628.0000    	-0.33566501E-03	 0.11520487E-03
  2628.0000    	  2629.0000    	-0.13369091E-03	 0.10906562E-03
  2629.0000    	  2630.0000    	-0.16440586E-03	 0.40208071E-04
  2630.0000    	  2631.0000    	-0.73744558E-04	 0.34244275E-04
  2631.0000    	  2632.0000    	-0.21710554E-03	 0.43983574E-04
  2632.0000    	  2633.0000    	-0.34123936E-03	 0.47194749E-04
  2633.0000    	  2634.0000    	-0.48311901E-03	 0.63270111E-04
  2634.0000    	  2635.0000    	-0.53051049E-03	 0.69759277E-04
  2635.0000    	  2636.0000    	-0.41695856E-03	 0.10105747E-03
  2636.0000    	  2637.0000    	-0.59210508E-03	 0.89864606E-04
  2637.0000    	  2638.0000    	-0.60833359E-03	 0.12752726E-03
  2638.0000    	  2639.0000    	-0.52964813E-03	 0.11635871E-03
  2639.0000    	  2640.0000    	-0.56735427E-03	 0.12176938E-03
  2640.0000    	  2641.0000    	-0.79974302E-04	 0.38284488E-04
  2641.0000    	  2642.0000    	-0.21716864E-04	 0.36743711E-04
  2642.0000    	  2643.0000    	-0.18344521E-03	 0.39697428E-04
  2643.0000    	  2644.0000    	-0.30915159E-03	 0.52530546E-04
  2644.0000    	  2645.0000    	-0.27048657E-03	 0.57240732E-04
  2645.0000    	  2646.0000    	-0.52743723E-03	 0.70255415E-04
  2646.0000    	  2647.0000    	-0.55229301E-03	 0.77391028E-04
  2647.0000    	  2648.0000    	-0.55271664E-03	 0.76957501E-04
  2648.0000    	  2649.0000    	-0.40164411E-03	 0.11005820E-03
  2649.0000    	  2650.0000    	-0.42352166E-03	 0.99814914E-04
  2650.0000    	  2651.0000    	-0.41246851E-03	 0.12428242E-03
  2651.0000    	  2652.0000    	-0.20865353E-04	 0.33218771E-04
  2652.0000    	  2653.0000    	-0.95388580E-04	 0.35754458E-04
  2653.0000    	  2654.0000    	-0.20115594E-03	 0.50147832E-04
  2654.0000    	  2655.0000    	-0.27343118E-03	 0.51547329E-04
  2655.0000    	  2656.0000    	-0.38478264E-03	 0.62541533E-04
  2656.0000    	  2657.0000    	-0.52389858E-03	 0.79758902E-04
  2657.0000    	  2658.0000    	-0.44141720E-03	 0.92288109E-04
  2658.0000    	  2659.0000    	-0.62147991E-03	 0.10074326E-03
  2659.0000    	  2660.0000    	-0.52143871E-03	 0.99573358E-04
  2660.0000    	  2661.0000    	-0.38353221E-03	 0.11360196E-03
  2661.0000    	  2662.0000    	-0.25916303E-03	 0.10837122E-03
  2662.0000    	  2663.0000    	-0.13594796E-03	 0.38421800E-04
  2663.0000    	  2664.0000    	-0.35919004E-04	 0.38801831E-04
  2664.0000    	  2665.0000    	-0.24470619E-03	 0.47602129E-04
  2665.0000    	  2666.0000    	-0.30669546E-03	 0.44201759E-04
  2666.0000    	  2667.0000    	-0.36512871E-03	 0.60256369E-04
  2667.0000    	  2668.0000    	-0.56086766E-03	 0.67608890E-04
  2668.0000    	  2669.0000    	-0.53967347E-03	 0.84829687E-04
  2669.0000    	  2670.0000    	-0.42322455E-03	 0.11026277E-03
  2670.0000    	  2671.0000    	-0.35010748E-03	 0.96328349E-04
  2671.0000    	  2672.0000    	-0.29553939E-03	 0.10063558E-03
  2672.0000    	  2673.0000    	-0.15894400E-03	 0.95131195E-04
  2673.0000    	  2674.0000    	-0.58674608E-04	 0.37787925E-04
  2674.0000    	  2675.0000    	-0.11253794E-03	 0.38238607E-04
  2675.0000    	  2676.0000    	-0.21642230E-03	 0.45131920E-04
  2676.0000    	  2677.0000    	-0.26207581E-03	 0.52743208E-04
  2677.0000    	  2678.0000    	-0.35613884E-03	 0.57973511E-04
  2678.0000    	  2679.0000    	-0.59736934E-03	 0.69355670E-04
  2679.0000    	  2680.0000    	-0.50635635E-03	 0.75126802E-04
  2680.0000    	  2681.0000    	-0.50046055E-03	 0.95426510E-04
  2681.0000    	  2682.0000    	-0.48570768E-03	 0.94618894E-04
  2682.0000    	  2683.0000    	-0.39530208E-03	 0.12690247E-03
  2683.0000    	  2684.0000    	-0.44298671E-04	 0.10151418E-03
  2684.0000    	  2685.0000    	-0.22305072E-04	 0.36981328E-04
  2685.0000    	  2686.0000    	-0.10620495E-03	 0.37375222E-04
  2686.0000    	  2687.0000    	-0.18058957E-03	 0.39603260E-04
  2687.0000    	  2688.0000    	-0.28002658E-03	 0.65222036E-04
  2688.0000    	  2689.0000    	-0.46651327E-03	 0.62425780E-04
  2689.0000    	  2690.0000    	-0.45154356E-03	 0.82967174E-04
  2690.0000    	  2691.0000    	-0.55915098E-03	 0.84425239E-04
  2691.0000    	  2692.0000    	-0.48368454E-03	 0.86705987E-04
  2692.0000    	  2693.0000    	-0.45695139E-03	 0.96868694E-04
  2693.0000    	  2694.0000    	-0.32522463E-03	 0.10844821E-03
  2694.0000    	  2695.0000    	-0.30296002E-03	 0.88430207E-04
  2695.0000    	  2696.0000    	-0.54412832E-04	 0.34067774E-04
  2696.0000    	  2697.0000    	-0.14243574E-03	 0.31807191E-04
  2697.0000    	  2698.0000    	-0.15879150E-03	 0.32782363E-04
  2698.0000    	  2699.0000    	-0.31109866E-03	 0.43216775E-04
  2699.0000    	  2700.0000    	-0.28344045E-03	 0.58561280E-04
  2700.0000    	  2701.0000    	-0.57693971E-03	 0.69972997E-04
  2701.0000    	  2702.0000    	-0.57976419E-03	 0.82360408E-04
  2702.0000    	  2703.0000    	-0.49082582E-03	 0.94067977E-04
  2703.0000    	  2704.0000    	-0.45487643E-03	 0.92466896E-04
  2704.0000    	  2705.0000    	-0.39502523E-03	 0.10479777E-03
  2705.0000    	  2706.0000    	-0.35420826E-03	 0.96508347E-04
  2706.0000    	  2707.0000    	-0.74292418E-04	 0.35755497E-04
  2707.0000    	  2708.0000    	-0.11263359E-03	 0.33671679E-04
  2708.0000    	  2709.0000    	-0.18661012E-03	 0.36910589E-04
  2709.0000    	  2710.0000    	-0.37446556E-03	 0.46741753E-04
  2710.0000    	  2711.0000    	-0.38451336E-03	 0.62617688E-04
  2711.0000    	  2712.0000    	-0.39002395E-03	 0.68042116E-04
  2712.0000    	  2713.0000    	-0.34981417E-03	 0.91576827E-04
  2713.0000    	  2714.0000    	-0.32013672E-03	 0.10675313E-03
  2714.0000    	  2715.0000    	-0.54557020E-03	 0.88463227E-04
  2715.0000    	  2716.0000    	-0.47447434E-03	 0.11505088E-03
  2716.0000    	  2717.0000    	-0.32706138E-03	 0.11250053E-03
  2717.0000    	  2718.0000    	-0.67579571E-04	 0.38832570E-04
  2718.0000    	  2719.0000    	-0.82284259E-04	 0.35293305E-04
  2719.0000    	  2720.0000    	-0.25779699E-03	 0.37988593E-04
  2720.0000    	  2721.0000    	-0.27398986E-03	 0.41031438E-04
  2721.0000    	  2722.0000    	-0.43721023E-03	 0.61365850E-04
  2722.0000    	  2723.0000    	-0.48243087E-03	 0.76788279E-04
  2723.0000    	  2724.0000    	-0.35082899E-03	 0.82656976E-04
  2724.0000    	  2725.0000    	-0.32942254E-03	 0.98026341E-04
  2725.0000    	  2726.0000    	-0.34952126E-03	 0.96966649E-04
  2726.0000    	  2727.0000    	-0.54327467E-03	 0.10894747E-03
  2727.0000    	  2728.0000    	-0.37236019E-03	 0.12097952E-03
  2728.0000    	  2729.0000    	-0.57145258E-04	 0.32384149E-04
  2729.0000    	  2730.0000    	-0.10422760E-03	 0.33598166E-04
  2730.0000    	  2731.0000    	-0.22274373E-03	 0.34084938E-04
  2731.0000    	  2732.0000    	-0.24145514E-03	 0.52761693E-04
  2732.0000    	  2733.0000    	-0.37338683E-03	 0.62160433E-04
  2733.0000    	  2734.0000    	-0.35850479E-03	 0.68443461E-04
  2734.0000    	  2735.0000    	-0.56586498E-03	 0.77182726E-04
  2735.0000    	  2736.0000    	-0.63535411E-03	 0.98509994E-04
  2736.0000    	  2737.0000    	-0.28958507E-03	 0.10041681E-03
  2737.0000    	  2738.0000    	-0.24244108E-03	 0.98563640E-04
  2738.0000    	  2739.0000    	-0.12016433E-03	 0.96581522E-04
  2739.0000    	  2740.0000    	-0.24110961E-04	 0.33074635E-04
  2740.0000    	  2741.0000    	-0.57999225E-04	 0.27611768E-04
  2741.0000    	  2742.0000    	-0.18636665E-03	 0.36135690E-04
  2742.0000    	  2743.0000    	-0.20069844E-03	 0.51252679E-04
  2743.0000    	  2744.0000    	-0.34686929E-03	 0.60934649E-04
  2744.0000    	  2745.0000    	-0.31882667E-03	 0.67537746E-04
  2745.0000    	  2746.0000    	-0.54391783E-03	 0.84871799E-04
  2746.0000    	  2747.0000    	-0.48756650E-03	 0.10198143E-03
  2747.0000    	  2748.0000    	-0.42558490E-03	 0.10019006E-03
  2748.0000    	  2749.0000    	-0.53687620E-03	 0.11004415E-03
  2749.0000    	  2750.0000    	-0.21969163E-03	 0.74592060E-04
  2750.0000    	  2751.0000    	-0.96474570E-04	 0.31855391E-04
  2751.0000    	  2752.0000    	-0.10590653E-03	 0.32593734E-04
  2752.0000    	  2753.0000    	-0.11992542E-03	 0.35233422E-04
  2753.0000    	  2754.0000    	-0.24222510E-03	 0.45222454E-04
  2754.0000    	  2755.0000    	-0.41163043E-03	 0.53564393E-04
  2755.0000    	  2756.0000    	-0.44709218E-03	 0.62678133E-04
  2756.0000    	  2757.0000    	-0.46847019E-03	 0.76388805E-04
  2757.0000    	  2758.0000    	-0.52998854E-03	 0.95507915E-04
  2758.0000    	  2759.0000    	-0.58385904E-03	 0.11262491E-03
  2759.0000    	  2760.0000    	-0.18241430E-03	 0.93720095E-04
  2760.0000    	  2761.0000    	-0.38258377E-03	 0.82755280E-04
  2761.0000    	  2762.0000    	-0.11564401E-03	 0.31452194E-04
  2762.0000    	  2763.0000    	-0.13928377E-03	 0.28519691E-04
  2763.0000    	  2764.0000    	-0.14793457E-03	 0.36825112E-04
  2764.0000    	  2765.0000    	-0.27759041E-03	 0.43323671E-04
  2765.0000    	  2766.0000    	-0.44618732E-03	 0.54701835E-04
  2766.0000    	  2767.0000    	-0.44132916E-03	 0.63023817E-04
  2767.0000    	  2768.0000    	-0.57278259E-03	 0.87692895E-04
  2768.0000    	  2769.0000    	-0.31694023E-03	 0.87546473E-04
  2769.0000    	  2770.0000    	-0.30629516E-03	 0.10144947E-03
  2770.0000    	  2771.0000    	-0.38776862E-03	 0.94930039E-04
  2771.0000    	  2772.0000    	-0.20143990E-03	 0.95543053E-04
  2772.0000    	  2773.0000    	-0.10508061E-03	 0.29888497E-04
  2773.0000    	  2774.0000    	-0.54252496E-04	 0.29039077E-04
  2774.0000    	  2775.0000    	-0.17165797E-03	 0.32603583E-04
  2775.0000    	  2776.0000    	-0.27456414E-03	 0.43378353E-04
  2776.0000    	  2777.0000    	-0.41413060E-03	 0.61643318E-04
  2777.0000    	  2778.0000    	-0.37973562E-03	 0.65848377E-04
  2778.0000    	  2779.0000    	-0.37114681E-03	 0.83691818E-04
  2779.0000    	  2780.0000    	-0.43389551E-03	 0.85610987E-04
  2780.0000    	  2781.0000    	-0.46500868E-03	 0.95160048E-04
  2781.0000    	  2782.0000    	-0.28682506E-03	 0.89206406E-04
  2782.0000    	  2783.0000    	-0.17829553E-03	 0.98400256E-04
  2783.0000    	  2784.0000    	-0.72569040E-04	 0.31581555E-04
  2784.0000    	  2785.0000    	-0.14026556E-03	 0.27438602E-04
  2785.0000    	  2786.0000    	-0.20510511E-03	 0.34312268E-04
  2786.0000    	  2787.0000    	-0.27319958E-03	 0.52835834E-04
  2787.0000    	  2788.0000    	-0.32140908E-03	 0.53313106E-04
  2788.0000    	  2789.0000    	-0.52276459E-03	 0.64861614E-04
  2789.0000    	  2790.0000    	-0.43119688E-03	 0.86782209E-04
  2790.0000    	  2791.0000    	-0.50244897E-03	 0.97994684E-04
  2791.0000    	  2792.0000    	-0.52193961E-03	 0.76912981E-04
  2792.0000    	  2793.0000    	-0.40357969E-03	 0.98653227E-04
  2793.0000    	  2794.0000    	-0.12006028E-03	 0.88154758E-04
  2794.0000    	  2795.0000    	-0.81742957E-04	 0.34348570E-04
  2795.0000    	  2796.0000    	-0.17604209E-03	 0.30642319E-04
  2796.0000    	  2797.0000    	-0.19776835E-03	 0.34182665E-04
  2797.0000    	  2798.0000    	-0.24123345E-03	 0.37033261E-04
  2798.0000    	  2799.0000    	-0.35635346E-03	 0.48111368E-04
  2799.0000    	  2800.0000    	-0.41261972E-03	 0.63951451E-04
  2800.0000    	  2801.0000    	-0.46295751E-03	 0.87008209E-04
  2801.0000    	  2802.0000    	-0.38564872E-03	 0.86515725E-04
  2802.0000    	  2803.0000    	-0.38820715E-03	 0.10004855E-03
  2803.0000    	  2804.0000    	-0.29769631E-03	 0.99180362E-04
  2804.0000    	  2805.0000    	-0.27826064E-03	 0.80414688E-04
  2805.0000    	  2806.0000    	-0.11346448E-03	 0.29408824E-04
  2806.0000    	  2807.0000    	-0.12189609E-03	 0.31849273E-04
  2807.0000    	  2808.0000    	-0.16148055E-03	 0.31076187E-04
  2808.0000    	  2809.0000    	-0.33630306E-03	 0.50588193E-04
  2809.0000    	  2810.0000    	-0.36378203E-03	 0.52738617E-04
  2810.0000    	  2811.0000    	-0.40505268E-03	 0.66778538E-04
  2811.0000    	  2812.0000    	-0.43471825E-03	 0.70345344E-04
  2812.0000    	  2813.0000    	-0.40923131E-03	 0.87299805E-04
  2813.0000    	  2814.0000    	-0.32444627E-03	 0.87598924E-04
  2814.0000    	  2815.0000    	-0.36751671E-03	 0.99528847E-04
  2815.0000    	  2816.0000    	-0.26296957E-03	 0.57962629E-04
  2816.0000    	  2817.0000    	-0.48396766E-04	 0.30774088E-04
  2817.0000    	  2818.0000    	-0.13002110E-03	 0.28466935E-04
  2818.0000    	  2819.0000    	-0.17514253E-03	 0.35398268E-04
  2819.0000    	  2820.0000    	-0.18768756E-03	 0.50660517E-04
  2820.0000    	  2821.0000    	-0.42745183E-03	 0.53201781E-04
  2821.0000    	  2822.0000    	-0.53296507E-03	 0.66938855E-04
  2822.0000    	  2823.0000    	-0.45009359E-03	 0.76827590E-04
  2823.0000    	  2824.0000    	-0.48636617E-03	 0.89951180E-04
  2824.0000    	  2825.0000    	-0.39490716E-03	 0.10709921E-03
  2825.0000    	  2826.0000    	-0.33668709E-03	 0.94260719E-04
  2826.0000    	  2827.0000    	-0.22262018E-03	 0.86135287E-04
  2827.0000    	  2828.0000    	-0.65691778E-04	 0.29813610E-04
  2828.0000    	  2829.0000    	-0.13721328E-03	 0.29291593E-04
  2829.0000    	  2830.0000    	-0.10517686E-03	 0.34522930E-04
  2830.0000    	  2831.0000    	-0.20408766E-03	 0.48345445E-04
  2831.0000    	  2832.0000    	-0.32973521E-03	 0.50101232E-04
  2832.0000    	  2833.0000    	-0.47035787E-03	 0.67027008E-04
  2833.0000    	  2834.0000    	-0.50611836E-03	 0.77801203E-04
  2834.0000    	  2835.0000    	-0.36577327E-03	 0.93399199E-04
  2835.0000    	  2836.0000    	-0.52785132E-03	 0.10177303E-03
  2836.0000    	  2837.0000    	-0.24224202E-03	 0.95885086E-04
  2837.0000    	  2838.0000    	-0.33932552E-03	 0.79977988E-04
  2838.0000    	  2839.0000    	-0.71037986E-04	 0.32687954E-04
  2839.0000    	  2840.0000    	-0.15515469E-03	 0.29083808E-04
  2840.0000    	  2841.0000    	-0.21822714E-03	 0.29626219E-04
  2841.0000    	  2842.0000    	-0.21827174E-03	 0.38776722E-04
  2842.0000    	  2843.0000    	-0.35185100E-03	 0.49930001E-04
  2843.0000    	  2844.0000    	-0.37939903E-03	 0.65686834E-04
  2844.0000    	  2845.0000    	-0.53216449E-03	 0.81880871E-04
  2845.0000    	  2846.0000    	-0.38354386E-03	 0.92271987E-04
  2846.0000    	  2847.0000    	-0.13240200E-03	 0.92659665E-04
  2847.0000    	  2848.0000    	-0.34302176E-03	 0.92620648E-04
  2848.0000    	  2849.0000    	-0.31671862E-03	 0.85510998E-04
  2849.0000    	  2850.0000    	-0.12089620E-03	 0.31516318E-04
  2850.0000    	  2851.0000    	-0.84276955E-04	 0.31579205E-04
  2851.0000    	  2852.0000    	-0.23694277E-03	 0.32729703E-04
  2852.0000    	  2853.0000    	-0.28375875E-03	 0.39343539E-04
  2853.0000    	  2854.0000    	-0.33329266E-03	 0.53265795E-04
  2854.0000    	  2855.0000    	-0.47227364E-03	 0.69064825E-04
  2855.0000    	  2856.0000    	-0.38088930E-03	 0.81195616E-04
  2856.0000    	  2857.0000    	-0.58331256E-03	 0.96597946E-04
  2857.0000    	  2858.0000    	-0.29565971E-03	 0.94296321E-04
  2858.0000    	  2859.0000    	-0.23677706E-03	 0.94376775E-04
  2859.0000    	  2860.0000    	-0.25830246E-03	 0.84374306E-04
  2860.0000    	  2861.0000    	-0.12597972E-03	 0.29952098E-04
  2861.0000    	  2862.0000    	-0.16148366E-03	 0.32117585E-04
  2862.0000    	  2863.0000    	-0.11119863E-03	 0.33848856E-04
  2863.0000    	  2864.0000    	-0.25993209E-03	 0.36869644E-04
  2864.0000    	  2865.0000    	-0.34773877E-03	 0.55778860E-04
  2865.0000    	  2866.0000    	-0.45706217E-03	 0.70327348E-04
  2866.0000    	  2867.0000    	-0.47216658E-03	 0.71077462E-04
  2867.0000    	  2868.0000    	-0.37607465E-03	 0.80393701E-04
  2868.0000    	  2869.0000    	-0.47141584E-03	 0.80939478E-04
  2869.0000    	  2870.0000    	-0.23865057E-03	 0.10084094E-03
  2870.0000    	  2871.0000    	-0.29249329E-03	 0.92548750E-04
  2871.0000    	  2872.0000    	-0.71426206E-04	 0.30700000E-04
  2872.0000    	  2873.0000    	-0.93341937E-04	 0.28844446E-04
  2873.0000    	  2874.0000    	-0.16136173E-03	 0.33924311E-04
  2874.0000    	  2875.0000    	-0.24701652E-03	 0.35146227E-04
  2875.0000    	  2876.0000    	-0.40913281E-03	 0.52831359E-04
  2876.0000    	  2877.0000    	-0.30769395E-03	 0.67376446E-04
  2877.0000    	  2878.0000    	-0.42949269E-03	 0.67564469E-04
  2878.0000    	  2879.0000    	-0.48921799E-03	 0.96261409E-04
  2879.0000    	  2880.0000    	-0.43542333E-03	 0.91773922E-04
  2880.0000    	  2881.0000    	-0.39509831E-03	 0.86695069E-04
  2881.0000    	  2882.0000    	-0.41398298E-04	 0.87084701E-04
  2882.0000    	  2883.0000    	-0.11020539E-03	 0.29935917E-04
  2883.0000    	  2884.0000    	-0.15582867E-03	 0.32586482E-04
  2884.0000    	  2885.0000    	-0.16325576E-03	 0.37086578E-04
  2885.0000    	  2886.0000    	-0.31610236E-03	 0.44394258E-04
  2886.0000    	  2887.0000    	-0.34066636E-03	 0.53311950E-04
  2887.0000    	  2888.0000    	-0.41795900E-03	 0.56756102E-04
  2888.0000    	  2889.0000    	-0.37405489E-03	 0.82813076E-04
  2889.0000    	  2890.0000    	-0.25009864E-03	 0.97361212E-04
  2890.0000    	  2891.0000    	-0.30115596E-03	 0.99164238E-04
  2891.0000    	  2892.0000    	-0.41165713E-03	 0.92592579E-04
  2892.0000    	  2893.0000    	-0.31259432E-03	 0.86576859E-04
  2893.0000    	  2894.0000    	-0.80394719E-04	 0.30479447E-04
  2894.0000    	  2895.0000    	-0.94232984E-04	 0.33342284E-04
  2895.0000    	  2896.0000    	-0.13382046E-03	 0.31781643E-04
  2896.0000    	  2897.0000    	-0.37409582E-03	 0.39181094E-04
  2897.0000    	  2898.0000    	-0.31299198E-03	 0.53843996E-04
  2898.0000    	  2899.0000    	-0.44542016E-03	 0.66950143E-04
  2899.0000    	  2900.0000    	-0.40270458E-03	 0.79278952E-04
  2900.0000    	  2901.0000    	-0.48529418E-03	 0.84361520E-04
  2901.0000    	  2902.0000    	-0.34587432E-03	 0.78166776E-04
  2902.0000    	  2903.0000    	-0.34011165E-03	 0.94025765E-04
  2903.0000    	  2904.0000    	-0.12741392E-03	 0.78962156E-04
  2904.0000    	  2905.0000    	-0.86234381E-04	 0.31876855E-04
  2905.0000    	  2906.0000    	-0.65866670E-04	 0.29826721E-04
  2906.0000    	  2907.0000    	-0.23788807E-03	 0.32487850E-04
  2907.0000    	  2908.0000    	-0.20551108E-03	 0.39938660E-04
  2908.0000    	  2909.0000    	-0.34361532E-03	 0.50932066E-04
  2909.0000    	  2910.0000    	-0.41052877E-03	 0.58274127E-04
  2910.0000    	  2911.0000    	-0.38879725E-03	 0.81729575E-04
  2911.0000    	  2912.0000    	-0.40354920E-03	 0.84420048E-04
  2912.0000    	  2913.0000    	-0.35462223E-03	 0.88175857E-04
  2913.0000    	  2914.0000    	-0.31604164E-03	 0.82936135E-04
  2914.0000    	  2915.0000    	-0.24094658E-03	 0.92806238E-04
  2915.0000    	  2916.0000    	-0.23419644E-04	 0.26679818E-04
  2916.0000    	  2917.0000    	-0.21002934E-03	 0.30414824E-04
  2917.0000    	  2918.0000    	-0.19186935E-03	 0.27250263E-04
  2918.0000    	  2919.0000    	-0.24658472E-03	 0.32431423E-04
  2919.0000    	  2920.0000    	-0.42702578E-03	 0.45744912E-04
  2920.0000    	  2921.0000    	-0.39842365E-03	 0.62435421E-04
  2921.0000    	  2922.0000    	-0.46155536E-03	 0.77655522E-04
  2922.0000    	  2923.0000    	-0.42174371E-03	 0.71661924E-04
  2923.0000    	  2924.0000    	-0.49153603E-03	 0.93338936E-04
  2924.0000    	  2925.0000    	-0.33723541E-03	 0.85493866E-04
  2925.0000    	  2926.0000    	-0.10992815E-03	 0.66684689E-04
  2926.0000    	  2927.0000    	-0.79006595E-04	 0.27411979E-04
  2927.0000    	  2928.0000    	-0.14596139E-03	 0.29545581E-04
  2928.0000    	  2929.0000    	-0.21443232E-03	 0.35043878E-04
  2929.0000    	  2930.0000    	-0.27865292E-03	 0.39573631E-04
  2930.0000    	  2931.0000    	-0.38099148E-03	 0.46792285E-04
  2931.0000    	  2932.0000    	-0.38098872E-03	 0.64075610E-04
  2932.0000    	  2933.0000    	-0.39383947E-03	 0.74497483E-04
  2933.0000    	  2934.0000    	-0.30035362E-03	 0.95143995E-04
  2934.0000    	  2935.0000    	-0.37674104E-03	 0.78951458E-04
  2935.0000    	  2936.0000    	-0.36712809E-03	 0.87553351E-04
  2936.0000    	  2937.0000    	-0.25981454E-03	 0.85428727E-04
  2937.0000    	  2938.0000    	-0.77158697E-04	 0.26408769E-04
  2938.0000    	  2939.0000    	-0.12816597E-03	 0.34555468E-04
  2939.0000    	  2940.0000    	-0.16360068E-03	 0.36455049E-04
  2940.0000    	  2941.0000    	-0.23715613E-03	 0.35630856E-04
  2941.0000    	  2942.0000    	-0.31357590E-03	 0.50096101E-04
  2942.0000    	  2943.0000    	-0.31185763E-03	 0.62445800E-04
  2943.0000    	  2944.0000    	-0.44835404E-03	 0.81410722E-04
  2944.0000    	  2945.0000    	-0.39017546E-03	 0.86296217E-04
  2945.0000    	  2946.0000    	-0.43095105E-03	 0.94239789E-04
  2946.0000    	  2947.0000    	-0.17581718E-03	 0.88885011E-04
  2947.0000    	  2948.0000    	-0.14026614E-03	 0.73698730E-04
  2948.0000    	  2949.0000    	-0.10275458E-03	 0.25921389E-04
  2949.0000    	  2950.0000    	-0.66572778E-04	 0.28785665E-04
  2950.0000    	  2951.0000    	-0.16723379E-03	 0.31337185E-04
  2951.0000    	  2952.0000    	-0.31899749E-03	 0.37937803E-04
  2952.0000    	  2953.0000    	-0.27526981E-03	 0.41254838E-04
  2953.0000    	  2954.0000    	-0.46175978E-03	 0.67552143E-04
  2954.0000    	  2955.0000    	-0.32817458E-03	 0.67091924E-04
  2955.0000    	  2956.0000    	-0.33177051E-03	 0.82508352E-04
  2956.0000    	  2957.0000    	-0.26459554E-03	 0.83208890E-04
  2957.0000    	  2958.0000    	-0.34474418E-03	 0.11090234E-03
  2958.0000    	  2959.0000    	-0.23523235E-03	 0.81821209E-04
  2959.0000    	  2960.0000    	-0.42628953E-04	 0.30772155E-04
  2960.0000    	  2961.0000    	-0.12276533E-03	 0.32178101E-04
  2961.0000    	  2962.0000    	-0.21211751E-03	 0.34126448E-04
  2962.0000    	  2963.0000    	-0.27786867E-03	 0.35966825E-04
  2963.0000    	  2964.0000    	-0.30784083E-03	 0.45954810E-04
  2964.0000    	  2965.0000    	-0.47366700E-03	 0.60757008E-04
  2965.0000    	  2966.0000    	-0.46339595E-03	 0.68980527E-04
  2966.0000    	  2967.0000    	-0.48311966E-03	 0.10122781E-03
  2967.0000    	  2968.0000    	-0.33463230E-03	 0.92538629E-04
  2968.0000    	  2969.0000    	-0.21495761E-03	 0.93540695E-04
  2969.0000    	  2970.0000    	-0.11679564E-03	 0.54807376E-04
  2970.0000    	  2971.0000    	-0.91799451E-04	 0.27930484E-04
  2971.0000    	  2972.0000    	-0.17227731E-03	 0.27312247E-04
  2972.0000    	  2973.0000    	-0.16222068E-03	 0.34607381E-04
  2973.0000    	  2974.0000    	-0.22146653E-03	 0.38747284E-04
  2974.0000    	  2975.0000    	-0.33506425E-03	 0.54855254E-04
  2975.0000    	  2976.0000    	-0.37062701E-03	 0.61261699E-04
  2976.0000    	  2977.0000    	-0.39956929E-03	 0.76484726E-04
  2977.0000    	  2978.0000    	-0.39303146E-03	 0.79894931E-04
  2978.0000    	  2979.0000    	-0.35154857E-03	 0.11073418E-03
  2979.0000    	  2980.0000    	-0.27282969E-03	 0.88316309E-04
  2980.0000    	  2981.0000    	-0.21379310E-03	 0.70152381E-04
  2981.0000    	  2982.0000    	-0.98522085E-04	 0.24815296E-04
  2982.0000    	  2983.0000    	-0.59748310E-04	 0.23335400E-04
  2983.0000    	  2984.0000    	-0.18231754E-03	 0.29622201E-04
  2984.0000    	  2985.0000    	-0.25047978E-03	 0.35754836E-04
  2985.0000    	  2986.0000    	-0.34539687E-03	 0.48349105E-04
  2986.0000    	  2987.0000    	-0.42534750E-03	 0.65660359E-04
  2987.0000    	  2988.0000    	-0.39613230E-03	 0.74160756E-04
  2988.0000    	  2989.0000    	-0.24752155E-03	 0.77498975E-04
  2989.0000    	  2990.0000    	-0.24916474E-03	 0.98386201E-04
  2990.0000    	  2991.0000    	-0.22250695E-03	 0.84020085E-04
  2991.0000    	  2992.0000    	-0.24359801E-03	 0.81780099E-04
  2992.0000    	  2993.0000    	-0.77701166E-04	 0.26648600E-04
  2993.0000    	  2994.0000    	-0.12758357E-03	 0.25907653E-04
  2994.0000    	  2995.0000    	-0.15142020E-03	 0.30548229E-04
  2995.0000    	  2996.0000    	-0.26351355E-03	 0.34450705E-04
  2996.0000    	  2997.0000    	-0.33825631E-03	 0.41443750E-04
  2997.0000    	  2998.0000    	-0.39262796E-03	 0.54108589E-04
  2998.0000    	  2999.0000    	-0.33092844E-03	 0.73493073E-04
  2999.0000    	  3000.0000    	-0.45931674E-03	 0.85334313E-04
  3000.0000    	  3001.0000    	-0.38750490E-03	 0.77823023E-04
  3001.0000    	  3002.0000    	-0.36414108E-03	 0.80405322E-04
  3002.0000    	  3003.0000    	-0.19080111E-03	 0.84208549E-04
  3003.0000    	  3004.0000    	-0.89299560E-04	 0.27944546E-04
  3004.0000    	  3005.0000    	-0.14793783E-03	 0.25463045E-04
  3005.0000    	  3006.0000    	-0.21872583E-03	 0.35106473E-04
  3006.0000    	  3007.0000    	-0.20309772E-03	 0.38421026E-04
  3007.0000    	  3008.0000    	-0.36420556E-03	 0.47513547E-04
  3008.0000    	  3009.0000    	-0.37439553E-03	 0.64922457E-04
  3009.0000    	  3010.0000    	-0.33684436E-03	 0.70458670E-04
  3010.0000    	  3011.0000    	-0.35002062E-03	 0.72596985E-04
  3011.0000    	  3012.0000    	-0.24898609E-03	 0.96233638E-04
  3012.0000    	  3013.0000    	-0.13741382E-03	 0.92976462E-04
  3013.0000    	  3014.0000    	-0.24333706E-03	 0.89324080E-04
  3014.0000    	  3015.0000    	-0.80058000E-04	 0.24796507E-04
  3015.0000    	  3016.0000    	-0.96655718E-04	 0.26874329E-04
  3016.0000    	  3017.0000    	-0.22999571E-03	 0.26451219E-04
  3017.0000    	  3018.0000    	-0.23553793E-03	 0.40177255E-04
  3018.0000    	  3019.0000    	-0.30154015E-03	 0.45423349E-04
  3019.0000    	  3020.0000    	-0.36557209E-03	 0.65857208E-04
  3020.0000    	  3021.0000    	-0.25361488E-03	 0.67089704E-04
  3021.0000    	  3022.0000    	-0.36932307E-03	 0.80217565E-04
  3022.0000    	  3023.0000    	-0.25444377E-03	 0.92641155E-04
  3023.0000    	  3024.0000    	-0.19859715E-03	 0.88553977E-04
  3024.0000    	  3025.0000    	-0.20758230E-03	 0.73736617E-04
  3025.0000    	  3026.0000    	-0.50728056E-04	 0.25227718E-04
  3026.0000    	  3027.0000    	-0.14593163E-03	 0.24627599E-04
  3027.0000    	  3028.0000    	-0.17639353E-03	 0.30103141E-04
  3028.0000    	  3029.0000    	-0.29157877E-03	 0.39976089E-04
  3029.0000    	  3030.0000    	-0.28103950E-03	 0.46379161E-04
  3030.0000    	  3031.0000    	-0.39537508E-03	 0.57380040E-04
  3031.0000    	  3032.0000    	-0.45133415E-03	 0.67781156E-04
  3032.0000    	  3033.0000    	-0.41441631E-03	 0.76276259E-04
  3033.0000    	  3034.0000    	-0.28046352E-03	 0.81684158E-04
  3034.0000    	  3035.0000    	-0.27638255E-03	 0.81881221E-04
  3035.0000    	  3036.0000    	-0.12761709E-03	 0.73854386E-04
  3036.0000    	  3037.0000    	-0.12102154E-03	 0.27881065E-04
  3037.0000    	  3038.0000    	-0.14244367E-03	 0.24907621E-04
  3038.0000    	  3039.0000    	-0.21185219E-03	 0.29590987E-04
  3039.0000    	  3040.0000    	-0.14705499E-03	 0.35767735E-04
  3040.0000    	  3041.0000    	-0.30059513E-03	 0.46730607E-04
  3041.0000    	  3042.0000    	-0.34446240E-03	 0.63782535E-04
  3042.0000    	  3043.0000    	-0.36597467E-03	 0.76410949E-04
  3043.0000    	  3044.0000    	-0.36275909E-03	 0.81073116E-04
  3044.0000    	  3045.0000    	-0.41203465E-03	 0.84369570E-04
  3045.0000    	  3046.0000    	-0.20833232E-03	 0.84352540E-04
  3046.0000    	  3047.0000    	-0.30861861E-04	 0.70550048E-04
  3047.0000    	  3048.0000    	-0.72956021E-04	 0.27504690E-04
  3048.0000    	  3049.0000    	-0.21282330E-03	 0.24239977E-04
  3049.0000    	  3050.0000    	-0.18279286E-03	 0.29149686E-04
  3050.0000    	  3051.0000    	-0.29058138E-03	 0.33281484E-04
  3051.0000    	  3052.0000    	-0.29492489E-03	 0.42432624E-04
  3052.0000    	  3053.0000    	-0.40572643E-03	 0.55494849E-04
  3053.0000    	  3054.0000    	-0.37825894E-03	 0.73101404E-04
  3054.0000    	  3055.0000    	-0.31049107E-03	 0.75832198E-04
  3055.0000    	  3056.0000    	-0.28464602E-03	 0.88092157E-04
  3056.0000    	  3057.0000    	-0.27496045E-03	 0.88271887E-04
  3057.0000    	  3058.0000    	-0.17119504E-03	 0.62265867E-04
  3058.0000    	  3059.0000    	-0.10769763E-03	 0.26643976E-04
  3059.0000    	  3060.0000    	-0.15463861E-03	 0.24971752E-04
  3060.0000    	  3061.0000    	-0.15664566E-03	 0.25802595E-04
  3061.0000    	  3062.0000    	-0.23138080E-03	 0.34630109E-04
  3062.0000    	  3063.0000    	-0.38380990E-03	 0.40293733E-04
  3063.0000    	  3064.0000    	-0.30524959E-03	 0.58043913E-04
  3064.0000    	  3065.0000    	-0.33802764E-03	 0.71869084E-04
  3065.0000    	  3066.0000    	-0.43042168E-03	 0.82314140E-04
  3066.0000    	  3067.0000    	-0.23630828E-03	 0.81390541E-04
  3067.0000    	  3068.0000    	-0.11355710E-03	 0.86134469E-04
  3068.0000    	  3069.0000    	-0.19393299E-03	 0.59470975E-04
  3069.0000    	  3070.0000    	-0.63677839E-04	 0.28253215E-04
  3070.0000    	  3071.0000    	-0.10295708E-03	 0.25366121E-04
  3071.0000    	  3072.0000    	-0.17679680E-03	 0.28190087E-04
  3072.0000    	  3073.0000    	-0.23033423E-03	 0.36833958E-04
  3073.0000    	  3074.0000    	-0.33398394E-03	 0.39414314E-04
  3074.0000    	  3075.0000    	-0.35808620E-03	 0.64434823E-04
  3075.0000    	  3076.0000    	-0.31777710E-03	 0.73642008E-04
  3076.0000    	  3077.0000    	-0.37860516E-03	 0.82517992E-04
  3077.0000    	  3078.0000    	-0.34891492E-03	 0.91813278E-04
  3078.0000    	  3079.0000    	-0.43272716E-03	 0.86029936E-04
  3079.0000    	  3080.0000    	-0.13424119E-03	 0.75351099E-04
  3080.0000    	  3081.0000    	-0.56330363E-04	 0.27989647E-04
  3081.0000    	  3082.0000    	-0.10721785E-03	 0.23078036E-04
  3082.0000    	  3083.0000    	-0.20800593E-03	 0.26256974E-04
  3083.0000    	  3084.0000    	-0.30630684E-03	 0.35796705E-04
  3084.0000    	  3085.0000    	-0.24190026E-03	 0.46146124E-04
  3085.0000    	  3086.0000    	-0.31279428E-03	 0.62811870E-04
  3086.0000    	  3087.0000    	-0.34230346E-03	 0.69515721E-04
  3087.0000    	  3088.0000    	-0.31331639E-03	 0.78248468E-04
  3088.0000    	  3089.0000    	-0.18455092E-03	 0.86304244E-04
  3089.0000    	  3090.0000    	-0.65293547E-04	 0.86768166E-04
  3090.0000    	  3091.0000    	-0.88420620E-04	 0.70710565E-04
  3091.0000    	  3092.0000    	-0.10619041E-03	 0.24782044E-04
  3092.0000    	  3093.0000    	-0.13985427E-03	 0.22445241E-04
  3093.0000    	  3094.0000    	-0.13940815E-03	 0.25313785E-04
  3094.0000    	  3095.0000    	-0.23570960E-03	 0.35547997E-04
  3095.0000    	  3096.0000    	-0.33453140E-03	 0.43306451E-04
  3096.0000    	  3097.0000    	-0.35318625E-03	 0.57758805E-04
  3097.0000    	  3098.0000    	-0.45052525E-03	 0.67500332E-04
  3098.0000    	  3099.0000    	-0.41209599E-03	 0.79955013E-04
  3099.0000    	  3100.0000    	-0.32299872E-03	 0.99769650E-04
  3100.0000    	  3101.0000    	-0.24840614E-03	 0.80523169E-04
  3101.0000    	  3102.0000    	-0.67847670E-04	 0.74758417E-04
  3102.0000    	  3103.0000    	-0.68792353E-04	 0.23180373E-04
  3103.0000    	  3104.0000    	-0.15705407E-03	 0.20889243E-04
  3104.0000    	  3105.0000    	-0.15473291E-03	 0.26743144E-04
  3105.0000    	  3106.0000    	-0.27670036E-03	 0.36467053E-04
  3106.0000    	  3107.0000    	-0.31596468E-03	 0.46144896E-04
  3107.0000    	  3108.0000    	-0.33224953E-03	 0.50021132E-04
  3108.0000    	  3109.0000    	-0.29674011E-03	 0.79556761E-04
  3109.0000    	  3110.0000    	-0.28090538E-03	 0.79543136E-04
  3110.0000    	  3111.0000    	-0.29777552E-03	 0.82405010E-04
  3111.0000    	  3112.0000    	-0.95167623E-04	 0.87777830E-04
  3112.0000    	  3113.0000    	-0.19017908E-03	 0.66692958E-04
  3113.0000    	  3114.0000    	-0.10334202E-03	 0.23600928E-04
  3114.0000    	  3115.0000    	-0.83413443E-04	 0.22586066E-04
  3115.0000    	  3116.0000    	-0.17528029E-03	 0.27264501E-04
  3116.0000    	  3117.0000    	-0.25203716E-03	 0.33607655E-04
  3117.0000    	  3118.0000    	-0.30723960E-03	 0.42989812E-04
  3118.0000    	  3119.0000    	-0.35994926E-03	 0.53039142E-04
  3119.0000    	  3120.0000    	-0.29501321E-03	 0.74368399E-04
  3120.0000    	  3121.0000    	-0.41004298E-03	 0.77407622E-04
  3121.0000    	  3122.0000    	-0.31052904E-03	 0.73642018E-04
  3122.0000    	  3123.0000    	-0.21192968E-03	 0.81093191E-04
  3123.0000    	  3124.0000    	-0.18299689E-03	 0.70909950E-04
