-0.00317219,-0.00313544,-0.0030781,-0.00299784,-0.00284018,-0.00267164,-0.00247063,-0.00225379,-0.00203097,-0.00184135,-0.00164969
-0.0030536,-0.0030161,-0.002966,-0.00289013,-0.00274533,-0.00257947,-0.00239066,-0.0021883,-0.00197533,-0.00179567,-0.00161326
-0.0029271,-0.00289627,-0.00284175,-0.00277171,-0.00262624,-0.00247894,-0.00230443,-0.00211149,-0.00191396,-0.00174236,-0.00157977
-0.00278164,-0.00274645,-0.0026987,-0.00263172,-0.00249594,-0.00235534,-0.00219453,-0.00201792,-0.00183367,-0.00167514,-0.00151838
-0.00267499,-0.0026414,-0.00259524,-0.0025304,-0.00240089,-0.00226756,-0.00211704,-0.0019506,-0.00177726,-0.0016282,-0.00147857
-0.00258549,-0.00255458,-0.00250895,-0.00244663,-0.00232055,-0.00219353,-0.00205216,-0.00189136,-0.00172873,-0.00158893,-0.00144374
-0.00247951,-0.00244945,-0.00240533,-0.00234404,-0.00222453,-0.00210298,-0.00197109,-0.00182233,-0.00166786,-0.00153511,-0.00139682
-0.00239215,-0.00236217,-0.0023192,-0.00225901,-0.00214424,-0.00202697,-0.00190354,-0.00176253,-0.0016158,-0.00149017,-0.00135781
-0.0023021,-0.00227796,-0.00223604,-0.00217747,-0.00206617,-0.00195487,-0.00183833,-0.00170367,-0.0015648,-0.00144566,-0.00131753
-0.00223131,-0.00220524,-0.00216222,-0.00210458,-0.00199688,-0.00188887,-0.00177956,-0.00164962,-0.00151866,-0.0014048,-0.00128013
-0.00215232,-0.00212802,-0.00209218,-0.00203009,-0.00192771,-0.00182451,-0.00172075,-0.00159221,-0.00146992,-0.00135626,-0.00124248
-0.00208678,-0.00206125,-0.00201835,-0.00196563,-0.00186313,-0.00176335,-0.00166414,-0.00154813,-0.00142773,-0.00132337,-0.00120951
-0.00201074,-0.00198992,-0.00194785,-0.00189278,-0.00179615,-0.00170357,-0.00160884,-0.00149585,-0.00138125,-0.00128153,-0.00116539
-0.00194512,-0.00192647,-0.0018837,-0.00183177,-0.0017404,-0.00164967,-0.00155927,-0.00145007,-0.00133842,-0.00123757,-0.0011355
-0.00187937,-0.00186173,-0.00182109,-0.00177034,-0.00167849,-0.00159456,-0.00150654,-0.00140301,-0.00129637,-0.00121058,-0.00110524
-0.00182355,-0.00180662,-0.00176854,-0.0017149,-0.00162886,-0.0015488,-0.00146304,-0.0013633,-0.00126066,-0.00117121,-0.00107153
-0.00177001,-0.00175133,-0.00171629,-0.00166053,-0.00157805,-0.00150214,-0.00141975,-0.0013273,-0.00122497,-0.00114716,-0.00104152
-0.00170952,-0.00169577,-0.00165096,-0.00160361,-0.00152735,-0.00145549,-0.00137439,-0.00128373,-0.00118756,-0.00110875,-0.00101023
-0.00165837,-0.00164207,-0.00160312,-0.001552,-0.00147855,-0.00141439,-0.00133081,-0.00124606,-0.00115346,-0.00106978,-0.000980779
-0.00160902,-0.00159486,-0.00155131,-0.0015028,-0.00143586,-0.001375,-0.00129399,-0.00121219,-0.00112241,-0.00103811,-0.000954482
-0.00155892,-0.00154376,-0.00150636,-0.00145401,-0.00139152,-0.00133379,-0.00125513,-0.00117644,-0.00109052,-0.00101631,-0.000927043
-0.00151043,-0.00149892,-0.00145747,-0.00140797,-0.00135404,-0.00129301,-0.00122027,-0.00114411,-0.00106067,-0.000981051,-0.000901297
-0.00146545,-0.00144992,-0.00141885,-0.00136598,-0.00131266,-0.00125676,-0.0011847,-0.00111247,-0.00103401,-0.000963325,-0.000877834
-0.00141973,-0.00140944,-0.00137602,-0.00131848,-0.00127547,-0.00122204,-0.00115135,-0.00108224,-0.00100586,-0.000935056,-0.000853438
-0.00137776,-0.00136583,-0.00133486,-0.00127918,-0.0012365,-0.00118719,-0.00111805,-0.00105287,-0.000978419,-0.000912058,-0.000830638
-0.00132993,-0.00132185,-0.00129002,-0.00123166,-0.00119842,-0.00114974,-0.00107775,-0.00102083,-0.000950416,-0.000884044,-0.000805141
-0.00129336,-0.00128487,-0.00125402,-0.00119602,-0.0011665,-0.00112014,-0.0010545,-0.000995258,-0.00092792,-0.000862425,-0.000785657
-0.00125211,-0.00124557,-0.00121604,-0.00115518,-0.00113289,-0.00108798,-0.001016,-0.00096818,-0.000903236,-0.000838467,-0.000764757
-0.00121481,-0.00120765,-0.00117882,-0.00111943,-0.00110041,-0.00105745,-0.000994728,-0.000941899,-0.00087987,-0.000817261,-0.000742923
-0.00117861,-0.00117511,-0.00114495,-0.00109398,-0.00107276,-0.0010308,-0.000959539,-0.000919496,-0.000858096,-0.000796873,-0.000724097
-0.00114212,-0.00113578,-0.0011097,-0.00105074,-0.00104028,-0.00100042,-0.000940785,-0.000892694,-0.000835678,-0.000774666,-0.000701837
-0.00110357,-0.00110084,-0.00107502,-0.0010154,-0.00100918,-0.000971163,-0.000912343,-0.00086663,-0.000812863,-0.000752703,-0.000683348
-0.00106964,-0.00106735,-0.00104226,-0.00098361,-0.000981578,-0.00094429,-0.000886965,-0.000844519,-0.000792171,-0.000732655,-0.000665175
-0.00103436,-0.00103538,-0.00101112,-0.000953468,-0.00095512,-0.000918142,-0.000862635,-0.000822424,-0.00077189,-0.000713031,-0.000647636
-0.00100749,-0.00100519,-0.000981335,-0.000924947,-0.000928782,-0.000893922,-0.000839227,-0.000801067,-0.000753143,-0.000694091,-0.000629494
-0.000974081,-0.000973898,-0.000951141,-0.000884027,-0.000902038,-0.000868961,-0.000816488,-0.000779744,-0.00073394,-0.000675349,-0.000613193
-0.000947868,-0.000944836,-0.000922017,-0.000870365,-0.000877596,-0.000844411,-0.000793728,-0.000763158,-0.000714745,-0.000657038,-0.000596106
-0.000914277,-0.000917259,-0.000893703,-0.000844317,-0.000852869,-0.000820746,-0.000772141,-0.000742676,-0.00069655,-0.000639065,-0.000579895
-0.000890381,-0.000888739,-0.000865878,-0.000819003,-0.000829194,-0.000798725,-0.000751301,-0.000719034,-0.000678991,-0.000621336,-0.00056154
-0.000858785,-0.000863135,-0.000839746,-0.000796685,-0.000807431,-0.000777389,-0.000732658,-0.000693438,-0.00066249,-0.000604201,-0.000549009
-0.000831289,-0.000835416,-0.000813161,-0.000772808,-0.000783432,-0.000754556,-0.000712572,-0.00068127,-0.00064446,-0.000587115,-0.000533633
-0.000805678,-0.000809804,-0.000787747,-0.000749663,-0.000761151,-0.000733387,-0.00069167,-0.000663052,-0.000628178,-0.000567497,-0.000514714
-0.000781591,-0.000785536,-0.00075615,-0.000730528,-0.000739451,-0.000710376,-0.000673197,-0.000644848,-0.000612229,-0.000558268,-0.00050532
-0.000756116,-0.000762082,-0.000739706,-0.000709511,-0.000718759,-0.000692839,-0.000655435,-0.000628157,-0.000596231,-0.000539031,-0.000491464
-0.000730308,-0.000739711,-0.000718426,-0.00069303,-0.000700334,-0.000670529,-0.000638528,-0.000613268,-0.000582149,-0.00053009,-0.000484592
-0.000709788,-0.000712614,-0.000694182,-0.000670955,-0.000678773,-0.000654636,-0.00062097,-0.000595393,-0.000565818,-0.000509114,-0.000465348
-0.00068889,-0.000691368,-0.000673397,-0.000653568,-0.000659061,-0.00063213,-0.000602243,-0.000580291,-0.000551425,-0.000509335,-0.00045343
-0.000666139,-0.000669124,-0.000651966,-0.000637381,-0.000640226,-0.000618107,-0.000588381,-0.000564202,-0.000536804,-0.000474836,-0.000447766
-0.000645771,-0.000648633,-0.000632064,-0.0006177,-0.000624294,-0.000601497,-0.000573681,-0.000549752,-0.000523461,-0.000458974,-0.000428514
-0.000626888,-0.000628971,-0.000613244,-0.000601869,-0.000606001,-0.000584844,-0.000556797,-0.000535958,-0.00051025,-0.000455022,-0.000417674
-0.000607316,-0.000609192,-0.000594152,-0.000584926,-0.000589747,-0.000568495,-0.000544292,-0.000521333,-0.000496715,-0.000433043,-0.000405927
-0.000588898,-0.000589528,-0.000575793,-0.000567258,-0.000571988,-0.000552477,-0.000529825,-0.000508005,-0.000484008,-0.000429635,-0.000388285
-0.000570772,-0.000572533,-0.000550379,-0.000555084,-0.000555326,-0.00053719,-0.000516819,-0.000494178,-0.000471059,-0.000417237,-0.000385544
-0.000552066,-0.000553799,-0.000541342,-0.000539037,-0.000539487,-0.000521479,-0.000502464,-0.000481337,-0.000458646,-0.000398056,-0.000374518
-0.00053488,-0.000535941,-0.000524385,-0.000523985,-0.000523673,-0.000506587,-0.00048925,-0.000468371,-0.00044631,-0.000394653,-0.00036437
-0.000519036,-0.000520438,-0.000509541,-0.000510142,-0.000509793,-0.00049305,-0.000477344,-0.000457208,-0.000435394,-0.000385075,-0.00035523
-0.000503477,-0.000503642,-0.000494112,-0.000496151,-0.000495089,-0.000479329,-0.000464668,-0.000445163,-0.000424266,-0.000374137,-0.000345653
-0.000487331,-0.000487755,-0.000478881,-0.000481938,-0.00048029,-0.000465402,-0.000452228,-0.000432779,-0.000412147,-0.000363505,-0.000336485
-0.000472071,-0.000472008,-0.000464033,-0.000468041,-0.00046631,-0.000452169,-0.000440213,-0.000421249,-0.000401132,-0.000353615,-0.000327426
-0.000458521,-0.000457752,-0.000450795,-0.000455353,-0.000453593,-0.000440167,-0.000429135,-0.0004108,-0.000390981,-0.000336496,-0.000319165
-0.000446335,-0.000443894,-0.000436578,-0.000445159,-0.000440242,-0.000428176,-0.00041825,-0.000399737,-0.000380938,-0.00033595,-0.00031808
-0.000430746,-0.000429622,-0.000424355,-0.000429463,-0.000427883,-0.00041581,-0.000406792,-0.000389403,-0.00037037,-0.000326496,-0.00030264
-0.000416694,-0.000415737,-0.000411399,-0.000416858,-0.00041538,-0.000403963,-0.000395711,-0.000378986,-0.000360319,-0.000317799,-0.000294457
-0.000404017,-0.000403194,-0.000399559,-0.000404692,-0.000403857,-0.000392895,-0.000385395,-0.000369522,-0.000351042,-0.000310204,-0.000286848
-0.000391504,-0.000390185,-0.000388267,-0.000392461,-0.000392197,-0.000382043,-0.000375025,-0.00035957,-0.000341485,-0.00030176,-0.000279383
-0.00038011,-0.000378406,-0.000376809,-0.000382409,-0.000381443,-0.000366859,-0.00036458,-0.00035054,-0.000332737,-0.000294208,-0.00027238
-0.000368294,-0.000366713,-0.000365657,-0.000371147,-0.00037064,-0.000361724,-0.000355593,-0.000341337,-0.000323825,-0.00028688,-0.00026522
-0.00035691,-0.000354853,-0.000354672,-0.000359904,-0.000359878,-0.000351533,-0.00034578,-0.000332214,-0.000315052,-0.000279493,-0.000258007
-0.000345859,-0.000344237,-0.000345085,-0.000349896,-0.000350274,-0.000342319,-0.000337006,-0.000323972,-0.000307006,-0.00027286,-0.000251549
-0.000334964,-0.000333378,-0.000335427,-0.000339153,-0.000339831,-0.000332698,-0.000327559,-0.000315008,-0.000298499,-0.00026573,-0.000244678
-0.00032422,-0.000322446,-0.000324833,-0.000329244,-0.000330265,-0.000323701,-0.000318836,-0.000306639,-0.000290502,-0.000259073,-0.000238142
-0.000314619,-0.000313089,-0.000315716,-0.000319925,-0.000321205,-0.000315188,-0.000310495,-0.000298766,-0.000283105,-0.000247472,-0.000232138
-0.000302833,-0.000302567,-0.000306383,-0.000310673,-0.000311839,-0.000306235,-0.000302009,-0.0002907,-0.000275142,-0.000246451,-0.000225704
-0.000294642,-0.000294802,-0.000297095,-0.000300538,-0.000302738,-0.000297789,-0.000293744,-0.000282675,-0.000267727,-0.000240185,-0.000219781
-0.000285232,-0.000283502,-0.000288419,-0.00029202,-0.000294221,-0.000289682,-0.000285811,-0.000275099,-0.000260546,-0.000234171,-0.00021392
-0.000277342,-0.000274239,-0.000280336,-0.000283983,-0.000286214,-0.000282103,-0.000278467,-0.000268087,-0.000253811,-0.000228786,-0.000208478
-0.000267621,-0.000267437,-0.000271717,-0.000275427,-0.000277764,-0.000274341,-0.000270726,-0.00026051,-0.000246856,-0.00022279,-0.000202732
-0.00026014,-0.000258564,-0.000263701,-0.000267379,-0.000269849,-0.000266889,-0.000263432,-0.000253443,-0.000240219,-0.000217335,-0.00019808
-0.000250127,-0.000248992,-0.000256177,-0.000259908,-0.000262416,-0.000259713,-0.000256466,-0.000246612,-0.0002339,-0.000211943,-0.000192142
-0.000242499,-0.000242688,-0.000248395,-0.000252098,-0.000254857,-0.000252643,-0.000249467,-0.000239912,-0.000227569,-0.000206729,-0.00018696
-0.000234465,-0.000234209,-0.000241295,-0.000244921,-0.000246978,-0.000245955,-0.000242909,-0.000233533,-0.000221602,-0.000201581,-0.000182071
-0.000226989,-0.000227973,-0.000233891,-0.000237835,-0.000240734,-0.000239301,-0.000236346,-0.000227195,-0.000215669,-0.000196689,-0.000177374
-0.000219252,-0.000220962,-0.000227013,-0.00023103,-0.000233939,-0.000232989,-0.000230038,-0.000221093,-0.000210047,-0.000191739,-0.000171444
-0.000213174,-0.000214108,-0.000220443,-0.00022452,-0.000227479,-0.000226814,-0.000223965,-0.000215206,-0.000204489,-0.000187074,-0.000167793
-0.000206722,-0.000206634,-0.000214005,-0.000217997,-0.00022105,-0.000220678,-0.000217914,-0.000209361,-0.000199089,-0.000182144,-0.000163309
-0.000199566,-0.000201178,-0.000207338,-0.000211823,-0.000214839,-0.000214766,-0.000212109,-0.000203815,-0.000193822,-0.000177646,-0.000158822
-0.000194426,-0.000193157,-0.000201394,-0.000205351,-0.000209766,-0.00020884,-0.000206281,-0.000198119,-0.000188606,-0.000172892,-0.000154577
-0.000186797,-0.000188761,-0.000195202,-0.000199563,-0.000202663,-0.000203174,-0.000200642,-0.000192696,-0.000183395,-0.000168422,-0.00014973
-0.000183509,-0.000183397,-0.000189799,-0.00019376,-0.000198249,-0.000197787,-0.000195408,-0.000187729,-0.000178693,-0.000164164,-0.000146552
-0.000174279,-0.000177063,-0.000184061,-0.000188734,-0.000191477,-0.000192494,-0.000190117,-0.000182418,-0.00017377,-0.000159846,-0.000141428
-0.000171222,-0.000172597,-0.000178992,-0.000183103,-0.000186075,-0.000187298,-0.00018502,-0.000177607,-0.000169277,-0.000155701,-0.000138009
-0.000164376,-0.00016674,-0.000173423,-0.000177819,-0.000180887,-0.000182168,-0.000180021,-0.000172832,-0.000164755,-0.000151605,-0.000134166
-0.000160014,-0.000162467,-0.000168665,-0.000172804,-0.000175887,-0.000177133,-0.000175282,-0.000167666,-0.000160503,-0.000147594,-0.00013048
-0.000154791,-0.000156879,-0.000163676,-0.000167881,-0.000170956,-0.000172411,-0.000170507,-0.000163678,-0.000156135,-0.000143713,-0.000126838
-0.000150123,-0.000152206,-0.000158939,-0.000163276,-0.00016617,-0.00016775,-0.00016595,-0.000159919,-0.000152,-0.000139874,-0.000123509
-0.000145056,-0.000147756,-0.000154331,-0.000158668,-0.000161639,-0.00016329,-0.000161624,-0.000155096,-0.000148038,-0.000136282,-0.000120564
-0.00014103,-0.000143431,-0.000150238,-0.000154215,-0.000157086,-0.000158914,-0.000157241,-0.000151583,-0.000143962,-0.000132517,-0.000116657
-0.000135933,-0.000138935,-0.000145578,-0.00014984,-0.000152668,-0.00015449,-0.000153029,-0.000146882,-0.000140281,-0.000128953,-0.000113393
-0.000132852,-0.000134836,-0.000141638,-0.000145727,-0.000148445,-0.000150345,-0.000148981,-0.000142981,-0.000136607,-0.00012549,-0.0001097
-0.000127929,-0.000130867,-0.000137509,-0.000141674,-0.000144371,-0.00014649,-0.000145061,-0.000139232,-0.000133057,-0.000122235,-0.000107322
-0.000125218,-0.000127929,-0.0001338,-0.000137792,-0.000140467,-0.000142394,-0.000141219,-0.000134784,-0.000129699,-0.000118966,-0.000104345
-0.00012028,-0.000123395,-0.000129887,-0.00013396,-0.00013653,-0.000138566,-0.000137472,-0.000131939,-0.000126102,-0.000115851,-0.000101487
-0.000117924,-0.000120911,-0.000126759,-0.000130407,-0.000132856,-0.000135011,-0.000133841,-0.000128461,-0.000122915,-0.000112671,-9.93807e-05
-0.000113175,-0.000116367,-0.0001228,-0.000126665,-0.000129179,-0.000131272,-0.000130341,-0.000125095,-0.000119631,-0.000109862,-9.6045e-05
-0.000110874,-0.000113098,-0.0001195,-0.000123228,-0.000125621,-0.000127714,-0.000126872,-0.000121751,-0.000116478,-0.000106851,-9.34017e-05
-0.000107498,-0.000109927,-0.000116178,-0.000119977,-0.000122266,-0.000124343,-0.000123597,-0.000119433,-0.000113443,-0.000104082,-9.08941e-05
-0.000104556,-0.000106773,-0.000113084,-0.000116575,-0.0001189,-0.00012102,-0.000120318,-0.000115477,-0.000110539,-0.000101363,-8.84782e-05
-0.000101609,-0.000104761,-0.000110063,-0.000113487,-0.000115765,-0.000117875,-0.000117266,-0.000111712,-0.000107928,-9.87858e-05,-8.61169e-05
-9.87199e-05,-0.000101895,-0.000107358,-0.000110397,-0.00011261,-0.000114889,-0.000114114,-0.000109586,-0.000104942,-9.60368e-05,-8.38131e-05
-9.58924e-05,-9.81875e-05,-0.000104106,-0.000107575,-0.000109555,-0.000111736,-0.000111181,-0.000106702,-0.000102163,-9.35667e-05,-8.14886e-05
-9.30329e-05,-9.54352e-05,-0.000101283,-0.000104635,-0.000106602,-0.000108759,-0.00010826,-0.000103888,-9.94917e-05,-9.11248e-05,-7.92644e-05
-9.06313e-05,-9.27978e-05,-9.85627e-05,-0.000101954,-0.000103782,-0.000105948,-0.000105506,-0.000101247,-9.69295e-05,-8.87312e-05,-7.71945e-05
-8.82187e-05,-9.02935e-05,-9.59817e-05,-9.91135e-05,-0.00010102,-0.000103179,-0.000102766,-9.86621e-05,-9.4462e-05,-8.64838e-05,-7.51887e-05
-8.58667e-05,-8.7125e-05,-9.34221e-05,-9.65289e-05,-9.83947e-05,-0.000100463,-0.000100157,-9.6094e-05,-9.18374e-05,-8.44344e-05,-7.32516e-05
-8.34349e-05,-8.64359e-05,-9.12196e-05,-9.39344e-05,-9.57147e-05,-9.79674e-05,-9.75719e-05,-9.36508e-05,-8.96597e-05,-8.22145e-05,-7.12597e-05
-8.12737e-05,-8.31776e-05,-8.848e-05,-9.14493e-05,-9.31734e-05,-9.52707e-05,-9.49937e-05,-9.12027e-05,-8.73417e-05,-7.99149e-05,-6.92988e-05
-7.88028e-05,-8.09462e-05,-8.61276e-05,-8.91863e-05,-9.07235e-05,-9.28461e-05,-9.25849e-05,-8.89196e-05,-8.50595e-05,-7.78012e-05,-6.75282e-05
-7.66058e-05,-7.88957e-05,-8.38984e-05,-8.67693e-05,-8.83851e-05,-9.04011e-05,-9.02524e-05,-8.66846e-05,-8.29591e-05,-7.58724e-05,-6.58053e-05
-7.47032e-05,-7.67642e-05,-8.16467e-05,-8.44151e-05,-8.60119e-05,-8.8007e-05,-8.78602e-05,-8.43756e-05,-8.07717e-05,-7.38679e-05,-6.39798e-05
-7.28618e-05,-7.47359e-05,-7.95628e-05,-8.22699e-05,-8.37997e-05,-8.57978e-05,-8.56928e-05,-8.22758e-05,-7.87526e-05,-7.20488e-05,-6.23562e-05
-7.09251e-05,-7.28986e-05,-7.77542e-05,-8.0079e-05,-8.16081e-05,-8.36923e-05,-8.3435e-05,-8.01069e-05,-7.65292e-05,-7.01616e-05,-6.07131e-05
-6.88036e-05,-7.09453e-05,-7.54602e-05,-7.82498e-05,-7.95552e-05,-8.15333e-05,-8.13939e-05,-7.82276e-05,-7.48305e-05,-6.82629e-05,-5.9163e-05
-6.69121e-05,-6.98955e-05,-7.34779e-05,-7.59731e-05,-7.74025e-05,-7.9338e-05,-7.9322e-05,-7.53543e-05,-7.30852e-05,-6.66417e-05,-5.7518e-05
-6.53192e-05,-6.7258e-05,-7.15699e-05,-7.40692e-05,-7.54276e-05,-7.73365e-05,-7.7325e-05,-7.42706e-05,-7.10348e-05,-6.49078e-05,-5.61532e-05
-6.35043e-05,-6.54601e-05,-6.96806e-05,-7.21084e-05,-7.34703e-05,-7.53356e-05,-7.53376e-05,-7.23706e-05,-6.92288e-05,-6.32395e-05,-5.46694e-05
-6.19008e-05,-6.38353e-05,-6.78732e-05,-7.02859e-05,-7.16137e-05,-7.3465e-05,-7.34622e-05,-7.057e-05,-6.74746e-05,-6.16968e-05,-5.33464e-05
-6.001e-05,-6.29443e-05,-6.63467e-05,-6.83703e-05,-6.97007e-05,-7.16237e-05,-7.15531e-05,-6.87583e-05,-6.57421e-05,-6.00997e-05,-5.18893e-05
-5.85376e-05,-6.0547e-05,-6.44105e-05,-6.66628e-05,-6.79704e-05,-6.97298e-05,-6.97702e-05,-6.70746e-05,-6.41122e-05,-5.8476e-05,-5.0626e-05
-5.67164e-05,-5.89565e-05,-6.27047e-05,-6.48975e-05,-6.6183e-05,-6.79188e-05,-6.80101e-05,-6.53478e-05,-6.24598e-05,-5.70937e-05,-4.92731e-05
-5.55266e-05,-5.75685e-05,-6.11053e-05,-6.3321e-05,-6.4587e-05,-6.62385e-05,-6.63869e-05,-6.37741e-05,-6.09395e-05,-5.57186e-05,-4.80643e-05
-5.40471e-05,-5.60358e-05,-5.95058e-05,-6.16505e-05,-6.2919e-05,-6.46313e-05,-6.47153e-05,-6.21878e-05,-5.94147e-05,-5.43027e-05,-4.68776e-05
-5.27233e-05,-5.46353e-05,-5.79469e-05,-6.00922e-05,-6.13244e-05,-6.2924e-05,-6.31125e-05,-6.0628e-05,-5.79446e-05,-5.28985e-05,-4.56389e-05
-5.16859e-05,-5.32498e-05,-5.64975e-05,-5.85329e-05,-5.98136e-05,-6.13831e-05,-6.15374e-05,-5.91447e-05,-5.64668e-05,-5.16271e-05,-4.45045e-05
-5.00081e-05,-5.19028e-05,-5.50115e-05,-5.69601e-05,-5.82867e-05,-5.97638e-05,-5.99916e-05,-5.7657e-05,-5.50697e-05,-5.03604e-05,-4.34359e-05
-4.90494e-05,-5.05809e-05,-5.35812e-05,-5.55544e-05,-5.67922e-05,-5.83011e-05,-5.84901e-05,-5.62365e-05,-5.36514e-05,-4.90523e-05,-4.22806e-05
-4.72852e-05,-4.93376e-05,-5.22049e-05,-5.4163e-05,-5.54058e-05,-5.68613e-05,-5.7081e-05,-5.48765e-05,-5.2358e-05,-4.78778e-05,-4.12416e-05
-4.62125e-05,-4.81237e-05,-5.08426e-05,-5.27786e-05,-5.39446e-05,-5.54178e-05,-5.566e-05,-5.34872e-05,-5.10317e-05,-4.66921e-05,-4.01324e-05
-4.50042e-05,-4.69283e-05,-4.95489e-05,-5.14878e-05,-5.27063e-05,-5.40434e-05,-5.43249e-05,-5.22269e-05,-4.97868e-05,-4.55483e-05,-3.91673e-05
-4.39309e-05,-4.58027e-05,-4.83125e-05,-5.01496e-05,-5.13944e-05,-5.27212e-05,-5.29914e-05,-5.09754e-05,-4.85595e-05,-4.44183e-05,-3.82203e-05
-4.26669e-05,-4.46524e-05,-4.70556e-05,-4.8914e-05,-5.01178e-05,-5.14269e-05,-5.16859e-05,-4.97297e-05,-4.73617e-05,-4.32856e-05,-3.72984e-05
-4.15855e-05,-4.35863e-05,-4.58724e-05,-4.76614e-05,-4.88845e-05,-5.01573e-05,-5.04269e-05,-4.85168e-05,-4.61906e-05,-4.22446e-05,-3.63912e-05
-4.09252e-05,-4.24991e-05,-4.46795e-05,-4.64918e-05,-4.76825e-05,-4.89084e-05,-4.9211e-05,-4.73402e-05,-4.50372e-05,-4.12353e-05,-3.54613e-05
-3.97579e-05,-4.14167e-05,-4.35332e-05,-4.52799e-05,-4.64739e-05,-4.76657e-05,-4.79834e-05,-4.61881e-05,-4.39228e-05,-4.01949e-05,-3.46275e-05
-3.857e-05,-4.03891e-05,-4.24174e-05,-4.41531e-05,-4.53504e-05,-4.65168e-05,-4.6839e-05,-4.50842e-05,-4.28456e-05,-3.92148e-05,-3.37214e-05
-3.72759e-05,-3.94429e-05,-4.13703e-05,-4.30757e-05,-4.42528e-05,-4.54112e-05,-4.57034e-05,-4.4031e-05,-4.18266e-05,-3.82845e-05,-3.28428e-05
-3.63832e-05,-3.84344e-05,-4.03253e-05,-4.20214e-05,-4.31821e-05,-4.4321e-05,-4.46308e-05,-4.30036e-05,-4.08194e-05,-3.73642e-05,-3.20704e-05
-3.52688e-05,-3.75514e-05,-3.93071e-05,-4.09834e-05,-4.21528e-05,-4.32306e-05,-4.3571e-05,-4.1989e-05,-3.9855e-05,-3.64734e-05,-3.13096e-05
-3.50361e-05,-3.66006e-05,-3.82887e-05,-3.99327e-05,-4.10955e-05,-4.21605e-05,-4.24682e-05,-4.09443e-05,-3.88271e-05,-3.55301e-05,-3.05024e-05
-3.39644e-05,-3.57054e-05,-3.73426e-05,-3.89547e-05,-4.00992e-05,-4.11423e-05,-4.14536e-05,-3.99799e-05,-3.79037e-05,-3.46765e-05,-2.97523e-05
-3.30935e-05,-3.48213e-05,-3.63841e-05,-3.79838e-05,-3.91067e-05,-4.01129e-05,-4.04504e-05,-3.90227e-05,-3.69535e-05,-3.38465e-05,-2.89835e-05
-3.22872e-05,-3.39569e-05,-3.54656e-05,-3.70508e-05,-3.81672e-05,-3.91457e-05,-3.94938e-05,-3.81128e-05,-3.6052e-05,-3.30324e-05,-2.83049e-05
-3.13192e-05,-3.30793e-05,-3.45827e-05,-3.61392e-05,-3.72576e-05,-3.8209e-05,-3.85624e-05,-3.72122e-05,-3.52598e-05,-3.22697e-05,-2.75536e-05
-3.06708e-05,-3.22847e-05,-3.37195e-05,-3.52866e-05,-3.63759e-05,-3.72973e-05,-3.76599e-05,-3.63521e-05,-3.43612e-05,-3.15081e-05,-2.69348e-05
-2.99095e-05,-3.15038e-05,-3.28864e-05,-3.44358e-05,-3.54948e-05,-3.64044e-05,-3.67725e-05,-3.55153e-05,-3.35438e-05,-3.07004e-05,-2.62788e-05
-2.92511e-05,-3.07518e-05,-3.20893e-05,-3.35799e-05,-3.46385e-05,-3.55176e-05,-3.58939e-05,-3.467e-05,-3.27254e-05,-2.99952e-05,-2.56249e-05
-2.84484e-05,-2.99682e-05,-3.12742e-05,-3.27633e-05,-3.37989e-05,-3.46882e-05,-3.50288e-05,-3.38534e-05,-3.19314e-05,-2.9254e-05,-2.50216e-05
-2.81082e-05,-2.92628e-05,-3.04685e-05,-3.19783e-05,-3.30217e-05,-3.38664e-05,-3.4236e-05,-3.30883e-05,-3.11872e-05,-2.85777e-05,-2.43983e-05
-2.72116e-05,-2.85442e-05,-2.97596e-05,-3.11981e-05,-3.22125e-05,-3.30418e-05,-3.34155e-05,-3.23267e-05,-3.04278e-05,-2.7911e-05,-2.38248e-05
-2.63003e-05,-2.78616e-05,-2.89973e-05,-3.04276e-05,-3.14163e-05,-3.22356e-05,-3.26226e-05,-3.15595e-05,-2.96975e-05,-2.72273e-05,-2.31617e-05
-2.57015e-05,-2.72102e-05,-2.8292e-05,-2.96996e-05,-3.06872e-05,-3.14774e-05,-3.18755e-05,-3.08416e-05,-2.9012e-05,-2.6579e-05,-2.2591e-05
-2.51209e-05,-2.6549e-05,-2.75784e-05,-2.90012e-05,-2.9954e-05,-3.07505e-05,-3.1148e-05,-3.01562e-05,-2.83274e-05,-2.59708e-05,-2.20681e-05
-2.44253e-05,-2.58936e-05,-2.69273e-05,-2.8305e-05,-2.92261e-05,-3.0012e-05,-3.04032e-05,-2.94483e-05,-2.76501e-05,-2.53491e-05,-2.1532e-05
-2.38234e-05,-2.52515e-05,-2.62136e-05,-2.76034e-05,-2.85181e-05,-2.92883e-05,-2.96824e-05,-2.87621e-05,-2.69804e-05,-2.4746e-05,-2.09975e-05
-2.33286e-05,-2.46746e-05,-2.56193e-05,-2.69675e-05,-2.78544e-05,-2.86581e-05,-2.90095e-05,-2.81172e-05,-2.63579e-05,-2.41566e-05,-2.04887e-05
-2.24378e-05,-2.40182e-05,-2.49892e-05,-2.63044e-05,-2.71805e-05,-2.79461e-05,-2.83294e-05,-2.74714e-05,-2.57266e-05,-2.36009e-05,-1.99083e-05
-2.20756e-05,-2.34797e-05,-2.43786e-05,-2.56809e-05,-2.65285e-05,-2.72776e-05,-2.76678e-05,-2.68326e-05,-2.51094e-05,-2.30383e-05,-1.94866e-05
-2.17614e-05,-2.29253e-05,-2.37927e-05,-2.5085e-05,-2.59315e-05,-2.66516e-05,-2.7053e-05,-2.62446e-05,-2.45326e-05,-2.25163e-05,-1.89932e-05
-2.07983e-05,-2.2343e-05,-2.31654e-05,-2.44766e-05,-2.52898e-05,-2.60244e-05,-2.64145e-05,-2.56372e-05,-2.39467e-05,-2.19905e-05,-1.85407e-05
-2.02863e-05,-2.18443e-05,-2.26883e-05,-2.38995e-05,-2.47024e-05,-2.54227e-05,-2.5801e-05,-2.50594e-05,-2.33889e-05,-2.14959e-05,-1.80541e-05
-2.00137e-05,-2.13194e-05,-2.20546e-05,-2.33544e-05,-2.41467e-05,-2.48449e-05,-2.52321e-05,-2.45063e-05,-2.28557e-05,-2.0976e-05,-1.76452e-05
-1.9656e-05,-2.08331e-05,-2.15665e-05,-2.28189e-05,-2.35661e-05,-2.42689e-05,-2.46671e-05,-2.39532e-05,-2.23337e-05,-2.0483e-05,-1.72835e-05
-1.91741e-05,-2.03912e-05,-2.10768e-05,-2.22667e-05,-2.30198e-05,-2.37268e-05,-2.40946e-05,-2.34113e-05,-2.18153e-05,-2.00003e-05,-1.68262e-05
-1.85577e-05,-1.98897e-05,-2.05364e-05,-2.17464e-05,-2.24661e-05,-2.31533e-05,-2.35485e-05,-2.28811e-05,-2.13035e-05,-1.95207e-05,-1.64254e-05
-1.80784e-05,-1.93652e-05,-2.00004e-05,-2.12135e-05,-2.19453e-05,-2.26178e-05,-2.30079e-05,-2.23663e-05,-2.07975e-05,-1.9085e-05,-1.60045e-05
-1.76266e-05,-1.89112e-05,-1.9539e-05,-2.07324e-05,-2.14357e-05,-2.20992e-05,-2.24823e-05,-2.18615e-05,-2.03127e-05,-1.86455e-05,-1.55953e-05
-1.71827e-05,-1.84507e-05,-1.90685e-05,-2.02605e-05,-2.09472e-05,-2.16109e-05,-2.19881e-05,-2.13812e-05,-1.98476e-05,-1.82222e-05,-1.52246e-05
-1.69281e-05,-1.80349e-05,-1.8623e-05,-1.97996e-05,-2.0472e-05,-2.11026e-05,-2.14931e-05,-2.09078e-05,-1.94021e-05,-1.78046e-05,-1.48374e-05
-1.63755e-05,-1.75822e-05,-1.81744e-05,-1.93508e-05,-1.99863e-05,-2.06273e-05,-2.10081e-05,-2.0438e-05,-1.89623e-05,-1.73919e-05,-1.4492e-05
-1.59738e-05,-1.71701e-05,-1.77032e-05,-1.89005e-05,-1.95455e-05,-2.01601e-05,-2.05406e-05,-1.99886e-05,-1.85174e-05,-1.70232e-05,-1.41117e-05
-1.55472e-05,-1.67765e-05,-1.73282e-05,-1.84296e-05,-1.90769e-05,-1.9721e-05,-2.007e-05,-1.95312e-05,-1.8091e-05,-1.65938e-05,-1.37533e-05
-1.52016e-05,-1.63581e-05,-1.68841e-05,-1.80256e-05,-1.86469e-05,-1.92474e-05,-1.96216e-05,-1.90931e-05,-1.76759e-05,-1.62258e-05,-1.34487e-05
-1.496e-05,-1.60135e-05,-1.64726e-05,-1.76311e-05,-1.82339e-05,-1.88198e-05,-1.91922e-05,-1.86721e-05,-1.72737e-05,-1.58595e-05,-1.3178e-05
-1.42212e-05,-1.55904e-05,-1.60813e-05,-1.71975e-05,-1.78031e-05,-1.84021e-05,-1.87472e-05,-1.82565e-05,-1.68807e-05,-1.54989e-05,-1.27679e-05
-1.39928e-05,-1.52225e-05,-1.57042e-05,-1.68015e-05,-1.74019e-05,-1.79803e-05,-1.83463e-05,-1.78544e-05,-1.64967e-05,-1.51487e-05,-1.24765e-05
-1.38149e-05,-1.48589e-05,-1.53463e-05,-1.64287e-05,-1.7017e-05,-1.75861e-05,-1.7936e-05,-1.74567e-05,-1.61261e-05,-1.47978e-05,-1.22007e-05
-1.35009e-05,-1.44763e-05,-1.49825e-05,-1.60514e-05,-1.663e-05,-1.71991e-05,-1.75479e-05,-1.70729e-05,-1.57618e-05,-1.44574e-05,-1.19142e-05
-1.31577e-05,-1.41359e-05,-1.46046e-05,-1.56902e-05,-1.62422e-05,-1.68055e-05,-1.71554e-05,-1.66926e-05,-1.54037e-05,-1.41298e-05,-1.16017e-05
-1.28212e-05,-1.38413e-05,-1.42592e-05,-1.53252e-05,-1.58855e-05,-1.6446e-05,-1.67805e-05,-1.63264e-05,-1.50548e-05,-1.38009e-05,-1.13404e-05
-1.25103e-05,-1.34894e-05,-1.39309e-05,-1.49798e-05,-1.55492e-05,-1.60616e-05,-1.64111e-05,-1.59691e-05,-1.47296e-05,-1.34976e-05,-1.10711e-05
-1.21862e-05,-1.31441e-05,-1.35432e-05,-1.46314e-05,-1.51914e-05,-1.57104e-05,-1.60582e-05,-1.56298e-05,-1.44136e-05,-1.32057e-05,-1.08283e-05
-1.19172e-05,-1.28631e-05,-1.33142e-05,-1.43268e-05,-1.4846e-05,-1.5362e-05,-1.57011e-05,-1.52748e-05,-1.407e-05,-1.28976e-05,-1.05239e-05
-1.16918e-05,-1.25826e-05,-1.29786e-05,-1.39852e-05,-1.45196e-05,-1.5031e-05,-1.53591e-05,-1.49464e-05,-1.37564e-05,-1.26124e-05,-1.02993e-05
-1.13642e-05,-1.22621e-05,-1.2653e-05,-1.37073e-05,-1.41942e-05,-1.4692e-05,-1.5022e-05,-1.46186e-05,-1.3444e-05,-1.2315e-05,-1.00522e-05
-1.11135e-05,-1.19851e-05,-1.23649e-05,-1.33653e-05,-1.38783e-05,-1.43677e-05,-1.46782e-05,-1.43064e-05,-1.31427e-05,-1.20535e-05,-9.78349e-06
-1.08316e-05,-1.17724e-05,-1.2146e-05,-1.30647e-05,-1.35385e-05,-1.40595e-05,-1.43793e-05,-1.39974e-05,-1.28459e-05,-1.17798e-05,-9.55709e-06
-1.06234e-05,-1.14723e-05,-1.18091e-05,-1.27739e-05,-1.32808e-05,-1.3765e-05,-1.40675e-05,-1.36957e-05,-1.25628e-05,-1.15165e-05,-9.35773e-06
-1.03978e-05,-1.11226e-05,-1.15148e-05,-1.24941e-05,-1.29859e-05,-1.34626e-05,-1.37758e-05,-1.34016e-05,-1.23165e-05,-1.12616e-05,-9.13786e-06
-1.01361e-05,-1.0918e-05,-1.12726e-05,-1.22173e-05,-1.26965e-05,-1.31696e-05,-1.34671e-05,-1.311e-05,-1.20202e-05,-1.10106e-05,-8.92936e-06
-9.80998e-06,-1.0665e-05,-1.10132e-05,-1.19354e-05,-1.24279e-05,-1.28825e-05,-1.31793e-05,-1.28349e-05,-1.17781e-05,-1.07771e-05,-8.69401e-06
-9.69406e-06,-1.04411e-05,-1.07348e-05,-1.16778e-05,-1.21553e-05,-1.26001e-05,-1.28945e-05,-1.25591e-05,-1.15181e-05,-1.05272e-05,-8.51505e-06
-9.43332e-06,-1.0173e-05,-1.04657e-05,-1.14217e-05,-1.18916e-05,-1.23303e-05,-1.26361e-05,-1.22914e-05,-1.12653e-05,-1.03006e-05,-8.33372e-06
-9.2329e-06,-9.96131e-06,-1.02408e-05,-1.11498e-05,-1.16382e-05,-1.2065e-05,-1.23693e-05,-1.20359e-05,-1.1021e-05,-1.00763e-05,-8.17575e-06
-9.00426e-06,-9.70067e-06,-1.00029e-05,-1.09241e-05,-1.13875e-05,-1.18032e-05,-1.21033e-05,-1.17763e-05,-1.07871e-05,-9.86238e-06,-7.92813e-06
-8.77549e-06,-9.50327e-06,-9.79569e-06,-1.0716e-05,-1.1144e-05,-1.15685e-05,-1.18579e-05,-1.15361e-05,-1.05613e-05,-9.64132e-06,-7.75447e-06
-8.65279e-06,-9.26445e-06,-9.55281e-06,-1.04271e-05,-1.08996e-05,-1.13104e-05,-1.15873e-05,-1.12887e-05,-1.03372e-05,-9.42915e-06,-7.55518e-06
-8.47998e-06,-9.06284e-06,-9.37894e-06,-1.02208e-05,-1.06673e-05,-1.10755e-05,-1.13451e-05,-1.10509e-05,-1.01134e-05,-9.22651e-06,-7.3919e-06
-8.2604e-06,-8.82371e-06,-9.17781e-06,-1.00543e-05,-1.04316e-05,-1.0829e-05,-1.11063e-05,-1.08213e-05,-9.88923e-06,-9.03e-06,-7.19339e-06
-8.06271e-06,-8.67361e-06,-8.93336e-06,-9.79129e-06,-1.02167e-05,-1.06096e-05,-1.08515e-05,-1.05896e-05,-9.68479e-06,-8.82908e-06,-7.0464e-06
-7.89521e-06,-8.44591e-06,-8.76118e-06,-9.55663e-06,-1.00029e-05,-1.03958e-05,-1.0648e-05,-1.037e-05,-9.47458e-06,-8.62912e-06,-6.91199e-06
-7.69104e-06,-8.25944e-06,-8.5424e-06,-9.37323e-06,-9.76944e-06,-1.0178e-05,-1.04194e-05,-1.01566e-05,-9.28531e-06,-8.43484e-06,-6.74239e-06
-7.53475e-06,-8.07017e-06,-8.32274e-06,-9.17022e-06,-9.5877e-06,-9.95584e-06,-1.02017e-05,-9.93937e-06,-9.08882e-06,-8.27249e-06,-6.57505e-06
-7.3896e-06,-7.93084e-06,-8.15587e-06,-8.95619e-06,-9.41105e-06,-9.74586e-06,-9.98243e-06,-9.74268e-06,-8.90146e-06,-8.10209e-06,-6.44021e-06
-7.20135e-06,-7.72003e-06,-7.96996e-06,-8.76978e-06,-9.18448e-06,-9.54271e-06,-9.77936e-06,-9.53693e-06,-8.70831e-06,-7.91911e-06,-6.29064e-06
-7.03716e-06,-7.54782e-06,-7.80177e-06,-8.5909e-06,-8.99415e-06,-9.3508e-06,-9.59518e-06,-9.35037e-06,-8.53242e-06,-7.76024e-06,-6.15112e-06
-6.89254e-06,-7.38179e-06,-7.60351e-06,-8.3711e-06,-8.80709e-06,-9.1573e-06,-9.38508e-06,-9.15101e-06,-8.35272e-06,-7.58842e-06,-6.04844e-06
-6.73231e-06,-7.21873e-06,-7.44337e-06,-8.19937e-06,-8.62352e-06,-8.95684e-06,-9.18804e-06,-8.96584e-06,-8.20142e-06,-7.42429e-06,-5.89803e-06
-6.60081e-06,-7.06352e-06,-7.29192e-06,-8.03686e-06,-8.4441e-06,-8.77882e-06,-8.99702e-06,-8.7795e-06,-7.99951e-06,-7.27292e-06,-5.74779e-06
-6.43098e-06,-6.87967e-06,-7.15189e-06,-7.85729e-06,-8.2469e-06,-8.59944e-06,-8.81472e-06,-8.60468e-06,-7.84928e-06,-7.11053e-06,-5.6002e-06
-6.30389e-06,-6.74571e-06,-6.95051e-06,-7.70967e-06,-8.10359e-06,-8.43364e-06,-8.62368e-06,-8.43167e-06,-7.68683e-06,-6.97326e-06,-5.47573e-06
-6.16302e-06,-6.62451e-06,-6.80753e-06,-7.54252e-06,-7.93238e-06,-8.24838e-06,-8.45549e-06,-8.25536e-06,-7.53252e-06,-6.8061e-06,-5.38346e-06
-6.05581e-06,-6.47366e-06,-6.71992e-06,-7.34474e-06,-7.77189e-06,-8.08635e-06,-8.27388e-06,-8.09155e-06,-7.36318e-06,-6.68911e-06,-5.26069e-06
-5.92248e-06,-6.30941e-06,-6.5552e-06,-7.22018e-06,-7.61355e-06,-7.92679e-06,-8.11434e-06,-7.92228e-06,-7.21595e-06,-6.52812e-06,-5.14329e-06
-5.76688e-06,-6.17393e-06,-6.37992e-06,-7.05133e-06,-7.46016e-06,-7.75463e-06,-7.94854e-06,-7.76228e-06,-7.0763e-06,-6.39629e-06,-5.03296e-06
-5.65415e-06,-6.06321e-06,-6.25482e-06,-6.92654e-06,-7.30883e-06,-7.60247e-06,-7.79893e-06,-7.61296e-06,-6.93463e-06,-6.26694e-06,-4.91909e-06
-5.5278e-06,-5.91316e-06,-6.11166e-06,-6.79158e-06,-7.15932e-06,-7.4487e-06,-7.63213e-06,-7.44991e-06,-6.79364e-06,-6.13671e-06,-4.80611e-06
-5.40594e-06,-5.78573e-06,-5.98017e-06,-6.6307e-06,-7.01553e-06,-7.29846e-06,-7.47531e-06,-7.30734e-06,-6.64865e-06,-6.00914e-06,-4.7027e-06
-5.28342e-06,-5.65275e-06,-5.81466e-06,-6.48373e-06,-6.88188e-06,-7.1572e-06,-7.32585e-06,-7.16284e-06,-6.5359e-06,-5.87672e-06,-4.59901e-06
-5.15946e-06,-5.54203e-06,-5.71723e-06,-6.37052e-06,-6.73222e-06,-7.00792e-06,-7.18458e-06,-7.01636e-06,-6.39812e-06,-5.76366e-06,-4.50769e-06
-5.06079e-06,-5.42435e-06,-5.59042e-06,-6.24426e-06,-6.5948e-06,-6.86719e-06,-7.0473e-06,-6.88068e-06,-6.26531e-06,-5.64713e-06,-4.39858e-06
-4.96217e-06,-5.30125e-06,-5.48751e-06,-6.08997e-06,-6.46583e-06,-6.73696e-06,-6.87376e-06,-6.743e-06,-6.13556e-06,-5.53063e-06,-4.29374e-06
-4.85722e-06,-5.19017e-06,-5.36757e-06,-5.95492e-06,-6.3399e-06,-6.59942e-06,-6.76589e-06,-6.61171e-06,-6.00805e-06,-5.41721e-06,-4.22282e-06
-4.77249e-06,-5.07182e-06,-5.25288e-06,-5.833e-06,-6.21297e-06,-6.44371e-06,-6.62151e-06,-6.48059e-06,-5.90069e-06,-5.30778e-06,-4.1236e-06
-4.65235e-06,-4.96634e-06,-5.12824e-06,-5.7147e-06,-6.06504e-06,-6.32339e-06,-6.48975e-06,-6.35089e-06,-5.78073e-06,-5.19561e-06,-4.03644e-06
-4.56e-06,-4.86679e-06,-5.069e-06,-5.58105e-06,-5.96971e-06,-6.18671e-06,-6.35332e-06,-6.22964e-06,-5.67644e-06,-5.09611e-06,-3.95109e-06
-4.46454e-06,-4.75242e-06,-4.91368e-06,-5.48297e-06,-5.88344e-06,-6.07224e-06,-6.23828e-06,-6.11138e-06,-5.53846e-06,-4.99442e-06,-3.84329e-06
-4.37168e-06,-4.65959e-06,-4.82999e-06,-5.36557e-06,-5.73596e-06,-5.95017e-06,-6.11288e-06,-5.98455e-06,-5.44507e-06,-4.88979e-06,-3.78458e-06
-4.27577e-06,-4.56368e-06,-4.7181e-06,-5.25973e-06,-5.62954e-06,-5.83844e-06,-5.99312e-06,-5.8688e-06,-5.35038e-06,-4.77218e-06,-3.7095e-06
-4.18291e-06,-4.47277e-06,-4.59173e-06,-5.14434e-06,-5.51548e-06,-5.7175e-06,-5.87833e-06,-5.75981e-06,-5.23652e-06,-4.70127e-06,-3.61867e-06
-4.09342e-06,-4.3398e-06,-4.53584e-06,-5.04503e-06,-5.40657e-06,-5.60755e-06,-5.7579e-06,-5.64075e-06,-5.13519e-06,-4.59144e-06,-3.53703e-06
-4.0131e-06,-4.27495e-06,-4.44442e-06,-4.92176e-06,-5.30564e-06,-5.49777e-06,-5.64575e-06,-5.53094e-06,-5.01474e-06,-4.50368e-06,-3.4904e-06
-3.92727e-06,-4.19863e-06,-4.32992e-06,-4.85156e-06,-5.2059e-06,-5.39174e-06,-5.54073e-06,-5.42355e-06,-4.90764e-06,-4.41718e-06,-3.38874e-06
-3.84331e-06,-4.12879e-06,-4.26232e-06,-4.77318e-06,-5.10087e-06,-5.30995e-06,-5.43503e-06,-5.31437e-06,-4.87541e-06,-4.33285e-06,-3.32468e-06
-3.76592e-06,-4.0256e-06,-4.14732e-06,-4.64144e-06,-5.00442e-06,-5.2026e-06,-5.31253e-06,-5.21418e-06,-4.74146e-06,-4.24976e-06,-3.26447e-06
-3.70305e-06,-3.93972e-06,-4.08784e-06,-4.5535e-06,-4.90321e-06,-5.10402e-06,-5.21736e-06,-5.11507e-06,-4.66161e-06,-4.15907e-06,-3.20857e-06
-3.63032e-06,-3.87194e-06,-4.00754e-06,-4.47082e-06,-4.80737e-06,-5.00503e-06,-5.1197e-06,-5.01453e-06,-4.54853e-06,-4.07399e-06,-3.13205e-06
-3.55359e-06,-3.7979e-06,-3.93192e-06,-4.37333e-06,-4.71285e-06,-4.9094e-06,-5.02463e-06,-4.91671e-06,-4.47308e-06,-3.99922e-06,-3.06423e-06
-3.48336e-06,-3.71267e-06,-3.85659e-06,-4.27396e-06,-4.62638e-06,-4.81124e-06,-4.92182e-06,-4.82434e-06,-4.39914e-06,-3.91497e-06,-2.99225e-06
-3.39155e-06,-3.63691e-06,-3.75329e-06,-4.19685e-06,-4.53594e-06,-4.72109e-06,-4.82761e-06,-4.73071e-06,-4.29926e-06,-3.83608e-06,-2.9412e-06
-3.31329e-06,-3.56452e-06,-3.69005e-06,-4.11663e-06,-4.44873e-06,-4.63683e-06,-4.73312e-06,-4.63718e-06,-4.22958e-06,-3.75769e-06,-2.88574e-06
-3.27477e-06,-3.5063e-06,-3.6159e-06,-4.03738e-06,-4.3662e-06,-4.55075e-06,-4.64234e-06,-4.55154e-06,-4.1298e-06,-3.69035e-06,-2.82354e-06
-3.20628e-06,-3.42343e-06,-3.50449e-06,-3.94709e-06,-4.28828e-06,-4.46217e-06,-4.55131e-06,-4.46288e-06,-4.06001e-06,-3.61858e-06,-2.75867e-06
-3.13975e-06,-3.36135e-06,-3.48572e-06,-3.86214e-06,-4.20009e-06,-4.36947e-06,-4.45769e-06,-4.378e-06,-4.00645e-06,-3.55715e-06,-2.70074e-06
-3.05797e-06,-3.2975e-06,-3.39565e-06,-3.79601e-06,-4.1232e-06,-4.29203e-06,-4.38269e-06,-4.29503e-06,-3.88938e-06,-3.47776e-06,-2.65669e-06
-2.98009e-06,-3.21321e-06,-3.33297e-06,-3.72099e-06,-4.04654e-06,-4.2093e-06,-4.30264e-06,-4.21207e-06,-3.82826e-06,-3.38429e-06,-2.61972e-06
-2.95229e-06,-3.15853e-06,-3.2677e-06,-3.65863e-06,-3.96573e-06,-4.13158e-06,-4.21748e-06,-4.12962e-06,-3.75924e-06,-3.3406e-06,-2.55566e-06
-2.8848e-06,-3.08532e-06,-3.2069e-06,-3.58125e-06,-3.89755e-06,-4.05632e-06,-4.13115e-06,-4.04758e-06,-3.69304e-06,-3.27937e-06,-2.50602e-06
-2.82969e-06,-3.02666e-06,-3.13264e-06,-3.51015e-06,-3.82311e-06,-3.98256e-06,-4.05948e-06,-3.9707e-06,-3.64901e-06,-3.21285e-06,-2.43988e-06
-2.78892e-06,-2.98228e-06,-3.08761e-06,-3.44029e-06,-3.74368e-06,-3.90252e-06,-3.97841e-06,-3.90076e-06,-3.55148e-06,-3.15011e-06,-2.40528e-06
-2.72287e-06,-2.9122e-06,-3.04086e-06,-3.39045e-06,-3.67559e-06,-3.82998e-06,-3.9031e-06,-3.81825e-06,-3.48587e-06,-3.08398e-06,-2.35327e-06
-2.67456e-06,-2.86266e-06,-2.95891e-06,-3.30815e-06,-3.60955e-06,-3.76141e-06,-3.82685e-06,-3.75824e-06,-3.42515e-06,-3.03285e-06,-2.30214e-06
-2.60857e-06,-2.80529e-06,-2.91609e-06,-3.23577e-06,-3.54063e-06,-3.6882e-06,-3.75934e-06,-3.68096e-06,-3.3472e-06,-2.97216e-06,-2.26335e-06
-2.54848e-06,-2.75271e-06,-2.85761e-06,-3.1726e-06,-3.47284e-06,-3.61412e-06,-3.6885e-06,-3.60833e-06,-3.31042e-06,-2.91519e-06,-2.21622e-06
-2.50825e-06,-2.69319e-06,-2.79943e-06,-3.10969e-06,-3.40567e-06,-3.54713e-06,-3.62101e-06,-3.53946e-06,-3.22801e-06,-2.85517e-06,-2.17645e-06
-2.44759e-06,-2.64211e-06,-2.7475e-06,-3.03986e-06,-3.34218e-06,-3.48698e-06,-3.5557e-06,-3.4714e-06,-3.16395e-06,-2.79811e-06,-2.1334e-06
-2.40305e-06,-2.59775e-06,-2.69879e-06,-2.99298e-06,-3.27758e-06,-3.4193e-06,-3.49184e-06,-3.40703e-06,-3.11385e-06,-2.74877e-06,-2.09518e-06
-2.35758e-06,-2.55961e-06,-2.64582e-06,-2.93554e-06,-3.22163e-06,-3.35393e-06,-3.41682e-06,-3.34415e-06,-3.04035e-06,-2.69723e-06,-2.04889e-06
-2.30565e-06,-2.49938e-06,-2.59952e-06,-2.89266e-06,-3.16044e-06,-3.29282e-06,-3.36379e-06,-3.28014e-06,-2.99228e-06,-2.64333e-06,-2.01173e-06
-2.28377e-06,-2.44447e-06,-2.54225e-06,-2.83541e-06,-3.10217e-06,-3.2308e-06,-3.286e-06,-3.21909e-06,-2.94108e-06,-2.59165e-06,-1.97323e-06
-2.23051e-06,-2.39478e-06,-2.49587e-06,-2.78266e-06,-3.04261e-06,-3.17082e-06,-3.23353e-06,-3.16035e-06,-2.88261e-06,-2.53693e-06,-1.93904e-06
-2.1816e-06,-2.35971e-06,-2.44892e-06,-2.72287e-06,-2.99164e-06,-3.10869e-06,-3.16869e-06,-3.09681e-06,-2.82802e-06,-2.49257e-06,-1.89662e-06
-2.15228e-06,-2.30581e-06,-2.39769e-06,-2.67358e-06,-2.93941e-06,-3.05276e-06,-3.11047e-06,-3.03906e-06,-2.75287e-06,-2.44879e-06,-1.85469e-06
-2.11619e-06,-2.26438e-06,-2.35581e-06,-2.62382e-06,-2.88336e-06,-2.99761e-06,-3.05453e-06,-2.98268e-06,-2.72142e-06,-2.39867e-06,-1.81869e-06
-2.05937e-06,-2.22393e-06,-2.314e-06,-2.56609e-06,-2.82428e-06,-2.94205e-06,-2.99137e-06,-2.92661e-06,-2.67623e-06,-2.35356e-06,-1.79354e-06
-2.01483e-06,-2.1873e-06,-2.27663e-06,-2.51146e-06,-2.77614e-06,-2.8888e-06,-2.9401e-06,-2.87782e-06,-2.62674e-06,-2.30302e-06,-1.75818e-06
-1.98081e-06,-2.14256e-06,-2.23158e-06,-2.47901e-06,-2.72192e-06,-2.83781e-06,-2.88973e-06,-2.82222e-06,-2.57748e-06,-2.26234e-06,-1.72336e-06
-1.94552e-06,-2.09348e-06,-2.19118e-06,-2.42403e-06,-2.67325e-06,-2.78367e-06,-2.835e-06,-2.76797e-06,-2.52121e-06,-2.22376e-06,-1.6853e-06
-1.91821e-06,-2.06064e-06,-2.14382e-06,-2.38453e-06,-2.6242e-06,-2.73114e-06,-2.77518e-06,-2.7179e-06,-2.47823e-06,-2.1792e-06,-1.656e-06
-1.86796e-06,-2.02739e-06,-2.12608e-06,-2.32625e-06,-2.5819e-06,-2.68003e-06,-2.7268e-06,-2.66728e-06,-2.43772e-06,-2.13335e-06,-1.64576e-06
-1.82393e-06,-1.99054e-06,-2.07479e-06,-2.28595e-06,-2.52888e-06,-2.62576e-06,-2.67995e-06,-2.61464e-06,-2.39532e-06,-2.09384e-06,-1.59041e-06
-1.77889e-06,-1.95592e-06,-2.03574e-06,-2.24621e-06,-2.48319e-06,-2.58982e-06,-2.63429e-06,-2.56558e-06,-2.34137e-06,-2.05766e-06,-1.56078e-06
-1.76384e-06,-1.91643e-06,-1.99731e-06,-2.20724e-06,-2.43497e-06,-2.5383e-06,-2.58475e-06,-2.52165e-06,-2.29889e-06,-2.01596e-06,-1.53582e-06
-1.73141e-06,-1.88889e-06,-1.96489e-06,-2.16904e-06,-2.3957e-06,-2.49793e-06,-2.53293e-06,-2.4765e-06,-2.25523e-06,-1.97887e-06,-1.5033e-06
-1.68541e-06,-1.85137e-06,-1.92334e-06,-2.13103e-06,-2.34805e-06,-2.44666e-06,-2.48678e-06,-2.42832e-06,-2.20909e-06,-1.93838e-06,-1.47517e-06
-1.66813e-06,-1.80741e-06,-1.88652e-06,-2.07045e-06,-2.30891e-06,-2.40741e-06,-2.44879e-06,-2.3856e-06,-2.16676e-06,-1.89828e-06,-1.44955e-06
