# xi1
# underflow	  558.69124    	 0.12425001E-01
# overflow	  1.3541975    	 0.50680457E-03
# sum	  820.35182    	 0.14675081E-01
# xmin	xmax	cross	numerror
  0.0000000    	  1.0000000    	 0.85859019    	 0.69133182E-03
  1.0000000    	  2.0000000    	 0.85775289    	 0.66544266E-03
  2.0000000    	  3.0000000    	 0.85569084    	 0.63351532E-03
  3.0000000    	  4.0000000    	 0.85222012    	 0.59737160E-03
  4.0000000    	  5.0000000    	 0.84640087    	 0.57255380E-03
  5.0000000    	  6.0000000    	 0.83640641    	 0.53881469E-03
  6.0000000    	  7.0000000    	 0.82225973    	 0.51048592E-03
  7.0000000    	  8.0000000    	 0.80359636    	 0.48886482E-03
  8.0000000    	  9.0000000    	 0.78002889    	 0.46506331E-03
  9.0000000    	  10.000000    	 0.75207604    	 0.44628077E-03
  10.000000    	  11.000000    	 0.71888704    	 0.43179045E-03
  11.000000    	  12.000000    	 0.83008100    	 0.65553636E-03
  12.000000    	  13.000000    	 0.82749581    	 0.62506654E-03
  13.000000    	  14.000000    	 0.82489578    	 0.59401357E-03
  14.000000    	  15.000000    	 0.81929599    	 0.56714356E-03
  15.000000    	  16.000000    	 0.80978264    	 0.53820087E-03
  16.000000    	  17.000000    	 0.79713272    	 0.50606425E-03
  17.000000    	  18.000000    	 0.78122166    	 0.48536978E-03
  18.000000    	  19.000000    	 0.76011855    	 0.46054040E-03
  19.000000    	  20.000000    	 0.73508703    	 0.43832827E-03
  20.000000    	  21.000000    	 0.70573125    	 0.42144693E-03
  21.000000    	  22.000000    	 0.67126219    	 0.40716690E-03
  22.000000    	  23.000000    	 0.80101534    	 0.60826939E-03
  23.000000    	  24.000000    	 0.79931162    	 0.58091133E-03
  24.000000    	  25.000000    	 0.79442225    	 0.55823869E-03
  25.000000    	  26.000000    	 0.78680246    	 0.53642120E-03
  26.000000    	  27.000000    	 0.77593188    	 0.50445409E-03
  27.000000    	  28.000000    	 0.76089680    	 0.47674680E-03
  28.000000    	  29.000000    	 0.74269772    	 0.46026714E-03
  29.000000    	  30.000000    	 0.72014685    	 0.43426211E-03
  30.000000    	  31.000000    	 0.69433057    	 0.41685294E-03
  31.000000    	  32.000000    	 0.66410783    	 0.40077038E-03
  32.000000    	  33.000000    	 0.62905980    	 0.38430361E-03
  33.000000    	  34.000000    	 0.77512589    	 0.58003011E-03
  34.000000    	  35.000000    	 0.77194765    	 0.55569471E-03
  35.000000    	  36.000000    	 0.76665695    	 0.53287195E-03
  36.000000    	  37.000000    	 0.75712604    	 0.50902133E-03
  37.000000    	  38.000000    	 0.74376165    	 0.47928452E-03
  38.000000    	  39.000000    	 0.72782085    	 0.45556483E-03
  39.000000    	  40.000000    	 0.70798178    	 0.43434967E-03
  40.000000    	  41.000000    	 0.68430386    	 0.41551957E-03
  41.000000    	  42.000000    	 0.65681581    	 0.39890361E-03
  42.000000    	  43.000000    	 0.62625958    	 0.38242639E-03
  43.000000    	  44.000000    	 0.59108604    	 0.36647297E-03
  44.000000    	  45.000000    	 0.74941147    	 0.53910650E-03
  45.000000    	  46.000000    	 0.74620750    	 0.52551944E-03
  46.000000    	  47.000000    	 0.73931190    	 0.50349102E-03
  47.000000    	  48.000000    	 0.72848517    	 0.48091875E-03
  48.000000    	  49.000000    	 0.71479212    	 0.46115421E-03
  49.000000    	  50.000000    	 0.69625422    	 0.43814139E-03
  50.000000    	  51.000000    	 0.67559222    	 0.41725560E-03
  51.000000    	  52.000000    	 0.65066648    	 0.39706405E-03
  52.000000    	  53.000000    	 0.62319578    	 0.37920434E-03
  53.000000    	  54.000000    	 0.59164443    	 0.36572291E-03
  54.000000    	  55.000000    	 0.55620848    	 0.35044982E-03
  55.000000    	  56.000000    	 0.72544826    	 0.52280168E-03
  56.000000    	  57.000000    	 0.72126938    	 0.50326473E-03
  57.000000    	  58.000000    	 0.71305241    	 0.48158817E-03
  58.000000    	  59.000000    	 0.70222059    	 0.46673917E-03
  59.000000    	  60.000000    	 0.68669045    	 0.44151882E-03
  60.000000    	  61.000000    	 0.66765421    	 0.41928408E-03
  61.000000    	  62.000000    	 0.64542848    	 0.39817868E-03
  62.000000    	  63.000000    	 0.62026888    	 0.38068747E-03
  63.000000    	  64.000000    	 0.59167849    	 0.36611412E-03
  64.000000    	  65.000000    	 0.55941576    	 0.34875540E-03
  65.000000    	  66.000000    	 0.52465051    	 0.33738739E-03
  66.000000    	  67.000000    	 0.70200480    	 0.49785868E-03
  67.000000    	  68.000000    	 0.69763380    	 0.48028496E-03
  68.000000    	  69.000000    	 0.68883306    	 0.46103253E-03
  69.000000    	  70.000000    	 0.67655796    	 0.44471292E-03
  70.000000    	  71.000000    	 0.66048893    	 0.42709581E-03
  71.000000    	  72.000000    	 0.64040787    	 0.40081674E-03
  72.000000    	  73.000000    	 0.61758419    	 0.38588909E-03
  73.000000    	  74.000000    	 0.59148576    	 0.36791919E-03
  74.000000    	  75.000000    	 0.56239218    	 0.34914142E-03
  75.000000    	  76.000000    	 0.53076622    	 0.33635453E-03
  76.000000    	  77.000000    	 0.49533467    	 0.32281706E-03
  77.000000    	  78.000000    	 0.67959510    	 0.48120230E-03
  78.000000    	  79.000000    	 0.67552910    	 0.46837344E-03
  79.000000    	  80.000000    	 0.66628419    	 0.44859415E-03
  80.000000    	  81.000000    	 0.65324202    	 0.42562229E-03
  81.000000    	  82.000000    	 0.63605567    	 0.40943105E-03
  82.000000    	  83.000000    	 0.61556747    	 0.38772084E-03
  83.000000    	  84.000000    	 0.59159197    	 0.36920017E-03
  84.000000    	  85.000000    	 0.56544978    	 0.35288708E-03
  85.000000    	  86.000000    	 0.53609799    	 0.33752561E-03
  86.000000    	  87.000000    	 0.50415511    	 0.32634032E-03
  87.000000    	  88.000000    	 0.46890945    	 0.31068070E-03
  88.000000    	  89.000000    	 0.65801692    	 0.46740470E-03
  89.000000    	  90.000000    	 0.65371745    	 0.45029530E-03
  90.000000    	  91.000000    	 0.64410332    	 0.43242504E-03
  91.000000    	  92.000000    	 0.63046931    	 0.41744919E-03
  92.000000    	  93.000000    	 0.61270075    	 0.39505269E-03
  93.000000    	  94.000000    	 0.59150463    	 0.37411343E-03
  94.000000    	  95.000000    	 0.56779416    	 0.35815179E-03
  95.000000    	  96.000000    	 0.54068204    	 0.34082178E-03
  96.000000    	  97.000000    	 0.51128575    	 0.32707708E-03
  97.000000    	  98.000000    	 0.47936313    	 0.31186994E-03
  98.000000    	  99.000000    	 0.44461358    	 0.29947860E-03
  99.000000    	  100.00000    	 0.63824694    	 0.44861171E-03
  100.00000    	  101.00000    	 0.63287613    	 0.43260187E-03
  101.00000    	  102.00000    	 0.62281788    	 0.41760321E-03
  102.00000    	  103.00000    	 0.60859119    	 0.40159538E-03
  103.00000    	  104.00000    	 0.59095716    	 0.38379934E-03
  104.00000    	  105.00000    	 0.56912367    	 0.36231982E-03
  105.00000    	  106.00000    	 0.54478766    	 0.34764539E-03
  106.00000    	  107.00000    	 0.51793425    	 0.32988979E-03
  107.00000    	  108.00000    	 0.48823512    	 0.31468065E-03
  108.00000    	  109.00000    	 0.45604300    	 0.30169676E-03
  109.00000    	  110.00000    	 0.42182165    	 0.28920384E-03
  110.00000    	  111.00000    	 0.61856943    	 0.43459363E-03
  111.00000    	  112.00000    	 0.61343886    	 0.42236274E-03
  112.00000    	  113.00000    	 0.60312399    	 0.40585163E-03
  113.00000    	  114.00000    	 0.58862595    	 0.38962476E-03
  114.00000    	  115.00000    	 0.57016983    	 0.37149021E-03
  115.00000    	  116.00000    	 0.54829101    	 0.35408321E-03
  116.00000    	  117.00000    	 0.52354143    	 0.33467006E-03
  117.00000    	  118.00000    	 0.49609439    	 0.32101003E-03
  118.00000    	  119.00000    	 0.46684151    	 0.30606882E-03
  119.00000    	  120.00000    	 0.43485157    	 0.29173517E-03
  120.00000    	  121.00000    	 0.40074643    	 0.27942525E-03
  121.00000    	  122.00000    	 0.59951412    	 0.42641156E-03
  122.00000    	  123.00000    	 0.59490619    	 0.41156524E-03
  123.00000    	  124.00000    	 0.58433767    	 0.39784593E-03
  124.00000    	  125.00000    	 0.56873325    	 0.37770565E-03
  125.00000    	  126.00000    	 0.55029397    	 0.35986418E-03
  126.00000    	  127.00000    	 0.52858530    	 0.34213943E-03
  127.00000    	  128.00000    	 0.50348456    	 0.32562101E-03
  128.00000    	  129.00000    	 0.47629445    	 0.31091236E-03
  129.00000    	  130.00000    	 0.44691970    	 0.29761023E-03
  130.00000    	  131.00000    	 0.41527799    	 0.28332134E-03
  131.00000    	  132.00000    	 0.38154559    	 0.27096921E-03
  132.00000    	  133.00000    	 0.58201545    	 0.40915831E-03
  133.00000    	  134.00000    	 0.57657372    	 0.39805864E-03
  134.00000    	  135.00000    	 0.56576938    	 0.38129410E-03
  135.00000    	  136.00000    	 0.55142654    	 0.37151379E-03
  136.00000    	  137.00000    	 0.53156684    	 0.35045266E-03
  137.00000    	  138.00000    	 0.50993705    	 0.33281278E-03
  138.00000    	  139.00000    	 0.48460866    	 0.31690460E-03
  139.00000    	  140.00000    	 0.45771077    	 0.30314008E-03
  140.00000    	  141.00000    	 0.42812653    	 0.28918129E-03
  141.00000    	  142.00000    	 0.39666839    	 0.27617185E-03
  142.00000    	  143.00000    	 0.36343242    	 0.26246238E-03
  143.00000    	  144.00000    	 0.56453561    	 0.39779395E-03
  144.00000    	  145.00000    	 0.56000486    	 0.39535935E-03
  145.00000    	  146.00000    	 0.54905227    	 0.37576261E-03
  146.00000    	  147.00000    	 0.53329159    	 0.35727478E-03
  147.00000    	  148.00000    	 0.51443618    	 0.34259883E-03
  148.00000    	  149.00000    	 0.49169852    	 0.32662538E-03
  149.00000    	  150.00000    	 0.46711328    	 0.30958873E-03
  150.00000    	  151.00000    	 0.43998974    	 0.29422532E-03
  151.00000    	  152.00000    	 0.41057935    	 0.28151611E-03
  152.00000    	  153.00000    	 0.37920027    	 0.26691986E-03
  153.00000    	  154.00000    	 0.34661620    	 0.25600344E-03
  154.00000    	  155.00000    	 0.54831180    	 0.39381829E-03
  155.00000    	  156.00000    	 0.54301901    	 0.38225040E-03
  156.00000    	  157.00000    	 0.53235828    	 0.36752993E-03
  157.00000    	  158.00000    	 0.51712096    	 0.35077093E-03
  158.00000    	  159.00000    	 0.49761047    	 0.33492093E-03
  159.00000    	  160.00000    	 0.47548597    	 0.31978185E-03
  160.00000    	  161.00000    	 0.45042805    	 0.30197493E-03
  161.00000    	  162.00000    	 0.42291919    	 0.28634126E-03
  162.00000    	  163.00000    	 0.39378616    	 0.27255544E-03
  163.00000    	  164.00000    	 0.36307269    	 0.26092880E-03
  164.00000    	  165.00000    	 0.33059819    	 0.24812264E-03
  165.00000    	  166.00000    	 0.53223956    	 0.38370740E-03
  166.00000    	  167.00000    	 0.52680339    	 0.36862889E-03
  167.00000    	  168.00000    	 0.51642812    	 0.35827715E-03
  168.00000    	  169.00000    	 0.50069239    	 0.34277305E-03
  169.00000    	  170.00000    	 0.48181111    	 0.33148699E-03
  170.00000    	  171.00000    	 0.45932738    	 0.30906701E-03
  171.00000    	  172.00000    	 0.43468387    	 0.29594233E-03
  172.00000    	  173.00000    	 0.40749264    	 0.28043122E-03
  173.00000    	  174.00000    	 0.37837747    	 0.26601779E-03
  174.00000    	  175.00000    	 0.34782356    	 0.25310594E-03
  175.00000    	  176.00000    	 0.31620812    	 0.24182770E-03
  176.00000    	  177.00000    	 0.51783402    	 0.37168155E-03
  177.00000    	  178.00000    	 0.51168826    	 0.36570212E-03
  178.00000    	  179.00000    	 0.50105525    	 0.35101767E-03
  179.00000    	  180.00000    	 0.48585445    	 0.33453598E-03
  180.00000    	  181.00000    	 0.46683110    	 0.32131467E-03
  181.00000    	  182.00000    	 0.44421895    	 0.30383060E-03
  182.00000    	  183.00000    	 0.41944591    	 0.28944506E-03
  183.00000    	  184.00000    	 0.39241056    	 0.27195950E-03
  184.00000    	  185.00000    	 0.36358406    	 0.25927535E-03
  185.00000    	  186.00000    	 0.33366471    	 0.24733355E-03
  186.00000    	  187.00000    	 0.30215744    	 0.23529824E-03
  187.00000    	  188.00000    	 0.50304544    	 0.36827808E-03
  188.00000    	  189.00000    	 0.49710674    	 0.34976217E-03
  189.00000    	  190.00000    	 0.48668350    	 0.34347924E-03
  190.00000    	  191.00000    	 0.47108766    	 0.32642527E-03
  191.00000    	  192.00000    	 0.45220399    	 0.31227098E-03
  192.00000    	  193.00000    	 0.42983621    	 0.29904694E-03
  193.00000    	  194.00000    	 0.40517372    	 0.28231851E-03
  194.00000    	  195.00000    	 0.37872365    	 0.26867821E-03
  195.00000    	  196.00000    	 0.35001260    	 0.25353329E-03
  196.00000    	  197.00000    	 0.32009763    	 0.24077593E-03
  197.00000    	  198.00000    	 0.28939489    	 0.22997601E-03
  198.00000    	  199.00000    	 0.48895328    	 0.35781097E-03
  199.00000    	  200.00000    	 0.48370268    	 0.35372410E-03
  200.00000    	  201.00000    	 0.47272619    	 0.33170572E-03
  201.00000    	  202.00000    	 0.45752146    	 0.32242039E-03
  202.00000    	  203.00000    	 0.43797791    	 0.30540131E-03
  203.00000    	  204.00000    	 0.41594199    	 0.28977720E-03
  204.00000    	  205.00000    	 0.39147523    	 0.27499469E-03
  205.00000    	  206.00000    	 0.36508131    	 0.26340176E-03
  206.00000    	  207.00000    	 0.33696922    	 0.24903672E-03
  207.00000    	  208.00000    	 0.30738692    	 0.23560177E-03
  208.00000    	  209.00000    	 0.27701387    	 0.22428896E-03
  209.00000    	  210.00000    	 0.47568364    	 0.35336281E-03
  210.00000    	  211.00000    	 0.46983531    	 0.34035544E-03
  211.00000    	  212.00000    	 0.45881651    	 0.33051029E-03
  212.00000    	  213.00000    	 0.44399540    	 0.31294081E-03
  213.00000    	  214.00000    	 0.42499660    	 0.30304487E-03
  214.00000    	  215.00000    	 0.40275079    	 0.28577262E-03
  215.00000    	  216.00000    	 0.37864231    	 0.26967839E-03
  216.00000    	  217.00000    	 0.35215336    	 0.25667967E-03
  217.00000    	  218.00000    	 0.32427845    	 0.24274975E-03
  218.00000    	  219.00000    	 0.29531821    	 0.23154646E-03
  219.00000    	  220.00000    	 0.26555144    	 0.22012896E-03
  220.00000    	  221.00000    	 0.46263985    	 0.34927042E-03
  221.00000    	  222.00000    	 0.45697164    	 0.33617333E-03
  222.00000    	  223.00000    	 0.44696167    	 0.32384424E-03
  223.00000    	  224.00000    	 0.43096292    	 0.31084141E-03
  224.00000    	  225.00000    	 0.41221461    	 0.29378249E-03
  225.00000    	  226.00000    	 0.39090875    	 0.28321069E-03
  226.00000    	  227.00000    	 0.36631626    	 0.26491455E-03
  227.00000    	  228.00000    	 0.34000262    	 0.25147732E-03
  228.00000    	  229.00000    	 0.31274604    	 0.23755646E-03
  229.00000    	  230.00000    	 0.28372473    	 0.22526422E-03
  230.00000    	  231.00000    	 0.25498229    	 0.21479474E-03
  231.00000    	  232.00000    	 0.44989604    	 0.33727500E-03
  232.00000    	  233.00000    	 0.44431374    	 0.32971917E-03
  233.00000    	  234.00000    	 0.43353142    	 0.31496690E-03
  234.00000    	  235.00000    	 0.41879754    	 0.30284311E-03
  235.00000    	  236.00000    	 0.40013008    	 0.28935083E-03
  236.00000    	  237.00000    	 0.37834853    	 0.27368764E-03
  237.00000    	  238.00000    	 0.35415134    	 0.25894888E-03
  238.00000    	  239.00000    	 0.32874838    	 0.24536526E-03
  239.00000    	  240.00000    	 0.30123004    	 0.23344571E-03
  240.00000    	  241.00000    	 0.27322604    	 0.22050252E-03
  241.00000    	  242.00000    	 0.24455934    	 0.21004778E-03
  242.00000    	  243.00000    	 0.43731916    	 0.33136912E-03
  243.00000    	  244.00000    	 0.43234977    	 0.32366504E-03
  244.00000    	  245.00000    	 0.42162372    	 0.31041191E-03
  245.00000    	  246.00000    	 0.40695658    	 0.29647681E-03
  246.00000    	  247.00000    	 0.38868945    	 0.28516156E-03
  247.00000    	  248.00000    	 0.36713923    	 0.27083453E-03
  248.00000    	  249.00000    	 0.34306776    	 0.25495542E-03
  249.00000    	  250.00000    	 0.31739741    	 0.24063190E-03
  250.00000    	  251.00000    	 0.29061410    	 0.22763879E-03
  251.00000    	  252.00000    	 0.26302159    	 0.21600733E-03
  252.00000    	  253.00000    	 0.23495258    	 0.20554166E-03
  253.00000    	  254.00000    	 0.42574165    	 0.32852634E-03
  254.00000    	  255.00000    	 0.42065625    	 0.31614401E-03
  255.00000    	  256.00000    	 0.41058105    	 0.30543203E-03
  256.00000    	  257.00000    	 0.39556479    	 0.29242441E-03
  257.00000    	  258.00000    	 0.37735036    	 0.27746910E-03
  258.00000    	  259.00000    	 0.35593439    	 0.26473696E-03
  259.00000    	  260.00000    	 0.33219347    	 0.25153044E-03
  260.00000    	  261.00000    	 0.30675320    	 0.23547557E-03
  261.00000    	  262.00000    	 0.28044116    	 0.22538160E-03
  262.00000    	  263.00000    	 0.25325986    	 0.21156815E-03
  263.00000    	  264.00000    	 0.22598578    	 0.20108983E-03
  264.00000    	  265.00000    	 0.41478998    	 0.31989430E-03
  265.00000    	  266.00000    	 0.40927700    	 0.31252025E-03
  266.00000    	  267.00000    	 0.39946455    	 0.30539180E-03
  267.00000    	  268.00000    	 0.38448930    	 0.28621563E-03
  268.00000    	  269.00000    	 0.36642712    	 0.27554001E-03
  269.00000    	  270.00000    	 0.34543095    	 0.26046669E-03
  270.00000    	  271.00000    	 0.32178268    	 0.24485686E-03
  271.00000    	  272.00000    	 0.29709561    	 0.23261209E-03
  272.00000    	  273.00000    	 0.27094838    	 0.21884441E-03
  273.00000    	  274.00000    	 0.24396784    	 0.20711455E-03
  274.00000    	  275.00000    	 0.21713779    	 0.19718416E-03
  275.00000    	  276.00000    	 0.40344655    	 0.31515521E-03
  276.00000    	  277.00000    	 0.39804150    	 0.30292916E-03
  277.00000    	  278.00000    	 0.38814475    	 0.29338547E-03
  278.00000    	  279.00000    	 0.37351564    	 0.28168907E-03
  279.00000    	  280.00000    	 0.35570369    	 0.26835492E-03
  280.00000    	  281.00000    	 0.33484169    	 0.25600398E-03
  281.00000    	  282.00000    	 0.31184698    	 0.24044626E-03
  282.00000    	  283.00000    	 0.28717864    	 0.22781611E-03
  283.00000    	  284.00000    	 0.26148638    	 0.21563223E-03
  284.00000    	  285.00000    	 0.23509026    	 0.20443158E-03
  285.00000    	  286.00000    	 0.20872108    	 0.19320176E-03
  286.00000    	  287.00000    	 0.39278872    	 0.31080522E-03
  287.00000    	  288.00000    	 0.38783829    	 0.29777370E-03
  288.00000    	  289.00000    	 0.37789773    	 0.29032047E-03
  289.00000    	  290.00000    	 0.36361530    	 0.27745409E-03
  290.00000    	  291.00000    	 0.34567041    	 0.26362499E-03
  291.00000    	  292.00000    	 0.32512428    	 0.25163882E-03
  292.00000    	  293.00000    	 0.30238313    	 0.23724975E-03
  293.00000    	  294.00000    	 0.27791544    	 0.22294974E-03
  294.00000    	  295.00000    	 0.25254366    	 0.21081939E-03
  295.00000    	  296.00000    	 0.22684692    	 0.19977035E-03
  296.00000    	  297.00000    	 0.20098718    	 0.18949200E-03
  297.00000    	  298.00000    	 0.38277666    	 0.30604047E-03
  298.00000    	  299.00000    	 0.37726815    	 0.29537890E-03
  299.00000    	  300.00000    	 0.36754576    	 0.28805000E-03
  300.00000    	  301.00000    	 0.35328462    	 0.27319369E-03
  301.00000    	  302.00000    	 0.33573350    	 0.25915945E-03
  302.00000    	  303.00000    	 0.31557989    	 0.24710096E-03
  303.00000    	  304.00000    	 0.29294430    	 0.23229719E-03
  304.00000    	  305.00000    	 0.26905570    	 0.22011240E-03
  305.00000    	  306.00000    	 0.24407045    	 0.20803271E-03
  306.00000    	  307.00000    	 0.21892585    	 0.19608128E-03
  307.00000    	  308.00000    	 0.19358221    	 0.18637647E-03
  308.00000    	  309.00000    	 0.37224431    	 0.30148660E-03
  309.00000    	  310.00000    	 0.36740424    	 0.29148590E-03
  310.00000    	  311.00000    	 0.35778918    	 0.28369228E-03
  311.00000    	  312.00000    	 0.34390094    	 0.27141276E-03
  312.00000    	  313.00000    	 0.32627225    	 0.25645269E-03
  313.00000    	  314.00000    	 0.30636334    	 0.24271030E-03
  314.00000    	  315.00000    	 0.28421166    	 0.23196621E-03
  315.00000    	  316.00000    	 0.26055793    	 0.21571491E-03
  316.00000    	  317.00000    	 0.23592530    	 0.20481321E-03
  317.00000    	  318.00000    	 0.21090748    	 0.19311200E-03
  318.00000    	  319.00000    	 0.18636696    	 0.18278141E-03
  319.00000    	  320.00000    	 0.36248062    	 0.29633866E-03
  320.00000    	  321.00000    	 0.35769064    	 0.28688488E-03
  321.00000    	  322.00000    	 0.34778597    	 0.27794783E-03
  322.00000    	  323.00000    	 0.33424120    	 0.26328318E-03
  323.00000    	  324.00000    	 0.31735060    	 0.25281222E-03
  324.00000    	  325.00000    	 0.29748191    	 0.23814665E-03
  325.00000    	  326.00000    	 0.27543589    	 0.22443496E-03
  326.00000    	  327.00000    	 0.25216144    	 0.21201293E-03
  327.00000    	  328.00000    	 0.22798887    	 0.20010663E-03
  328.00000    	  329.00000    	 0.20333016    	 0.18963601E-03
  329.00000    	  330.00000    	 0.17976505    	 0.17975448E-03
  330.00000    	  331.00000    	 0.35282947    	 0.28949347E-03
  331.00000    	  332.00000    	 0.34783006    	 0.28265253E-03
  332.00000    	  333.00000    	 0.33878560    	 0.27382716E-03
  333.00000    	  334.00000    	 0.32522979    	 0.26098116E-03
  334.00000    	  335.00000    	 0.30773533    	 0.24730765E-03
  335.00000    	  336.00000    	 0.28838685    	 0.23479912E-03
  336.00000    	  337.00000    	 0.26723274    	 0.22182099E-03
  337.00000    	  338.00000    	 0.24409569    	 0.20854996E-03
  338.00000    	  339.00000    	 0.22049001    	 0.19624176E-03
  339.00000    	  340.00000    	 0.19662112    	 0.18605176E-03
  340.00000    	  341.00000    	 0.17317184    	 0.17656987E-03
  341.00000    	  342.00000    	 0.34373025    	 0.28852057E-03
  342.00000    	  343.00000    	 0.33896472    	 0.27818688E-03
  343.00000    	  344.00000    	 0.32958631    	 0.26772990E-03
  344.00000    	  345.00000    	 0.31638304    	 0.25696791E-03
  345.00000    	  346.00000    	 0.29972763    	 0.24537953E-03
  346.00000    	  347.00000    	 0.28040682    	 0.22992077E-03
  347.00000    	  348.00000    	 0.25901491    	 0.21850576E-03
  348.00000    	  349.00000    	 0.23667051    	 0.20625190E-03
  349.00000    	  350.00000    	 0.21341208    	 0.19356442E-03
  350.00000    	  351.00000    	 0.18993248    	 0.18318957E-03
  351.00000    	  352.00000    	 0.16712935    	 0.17357610E-03
  352.00000    	  353.00000    	 0.33494257    	 0.28173029E-03
  353.00000    	  354.00000    	 0.33000787    	 0.27477081E-03
  354.00000    	  355.00000    	 0.32090910    	 0.26478968E-03
  355.00000    	  356.00000    	 0.30771684    	 0.25106856E-03
  356.00000    	  357.00000    	 0.29160742    	 0.24247681E-03
  357.00000    	  358.00000    	 0.27237344    	 0.22869068E-03
  358.00000    	  359.00000    	 0.25153434    	 0.21394275E-03
  359.00000    	  360.00000    	 0.22922440    	 0.20212466E-03
  360.00000    	  361.00000    	 0.20650272    	 0.19153547E-03
  361.00000    	  362.00000    	 0.18360002    	 0.18030065E-03
  362.00000    	  363.00000    	 0.16110675    	 0.17046155E-03
  363.00000    	  364.00000    	 0.32609424    	 0.27869084E-03
  364.00000    	  365.00000    	 0.32155247    	 0.26981974E-03
  365.00000    	  366.00000    	 0.31295576    	 0.26043206E-03
  366.00000    	  367.00000    	 0.29968216    	 0.24903076E-03
  367.00000    	  368.00000    	 0.28301170    	 0.23721410E-03
  368.00000    	  369.00000    	 0.26468488    	 0.22371424E-03
  369.00000    	  370.00000    	 0.24391161    	 0.21055130E-03
  370.00000    	  371.00000    	 0.22225664    	 0.19822775E-03
  371.00000    	  372.00000    	 0.19983845    	 0.18737778E-03
  372.00000    	  373.00000    	 0.17752077    	 0.17747623E-03
  373.00000    	  374.00000    	 0.15558076    	 0.16748142E-03
  374.00000    	  375.00000    	 0.31819249    	 0.27292352E-03
  375.00000    	  376.00000    	 0.31344821    	 0.26660757E-03
  376.00000    	  377.00000    	 0.30454236    	 0.25574142E-03
  377.00000    	  378.00000    	 0.29174793    	 0.24473161E-03
  378.00000    	  379.00000    	 0.27581800    	 0.23204494E-03
  379.00000    	  380.00000    	 0.25717570    	 0.22025615E-03
  380.00000    	  381.00000    	 0.23711031    	 0.20863199E-03
  381.00000    	  382.00000    	 0.21560232    	 0.19507544E-03
  382.00000    	  383.00000    	 0.19382825    	 0.18484366E-03
  383.00000    	  384.00000    	 0.17189326    	 0.17483100E-03
  384.00000    	  385.00000    	 0.15033448    	 0.16478359E-03
  385.00000    	  386.00000    	 0.31038246    	 0.27158412E-03
  386.00000    	  387.00000    	 0.30595944    	 0.26102541E-03
  387.00000    	  388.00000    	 0.29705091    	 0.25116998E-03
  388.00000    	  389.00000    	 0.28438039    	 0.24151255E-03
  389.00000    	  390.00000    	 0.26862155    	 0.23058854E-03
  390.00000    	  391.00000    	 0.25069467    	 0.21872374E-03
  391.00000    	  392.00000    	 0.23044182    	 0.20490021E-03
  392.00000    	  393.00000    	 0.20927550    	 0.19252340E-03
  393.00000    	  394.00000    	 0.18765470    	 0.18160085E-03
  394.00000    	  395.00000    	 0.16614184    	 0.17184069E-03
  395.00000    	  396.00000    	 0.14533927    	 0.16233685E-03
  396.00000    	  397.00000    	 0.30281395    	 0.26476349E-03
  397.00000    	  398.00000    	 0.29841103    	 0.25739591E-03
  398.00000    	  399.00000    	 0.28987300    	 0.24812966E-03
  399.00000    	  400.00000    	 0.27720440    	 0.23796415E-03
  400.00000    	  401.00000    	 0.26189799    	 0.22658205E-03
  401.00000    	  402.00000    	 0.24392412    	 0.21448661E-03
  402.00000    	  403.00000    	 0.22410085    	 0.20224638E-03
  403.00000    	  404.00000    	 0.20338572    	 0.18983320E-03
  404.00000    	  405.00000    	 0.18200307    	 0.17887630E-03
  405.00000    	  406.00000    	 0.16093653    	 0.16893711E-03
  406.00000    	  407.00000    	 0.14078093    	 0.16049291E-03
  407.00000    	  408.00000    	 0.29594382    	 0.26515604E-03
  408.00000    	  409.00000    	 0.29122053    	 0.25525646E-03
  409.00000    	  410.00000    	 0.28271030    	 0.24490778E-03
  410.00000    	  411.00000    	 0.27038463    	 0.23554067E-03
  411.00000    	  412.00000    	 0.25503850    	 0.22314003E-03
  412.00000    	  413.00000    	 0.23733341    	 0.21050334E-03
  413.00000    	  414.00000    	 0.21796257    	 0.19826911E-03
  414.00000    	  415.00000    	 0.19737063    	 0.18768437E-03
  415.00000    	  416.00000    	 0.17655077    	 0.17663687E-03
  416.00000    	  417.00000    	 0.15597306    	 0.16635750E-03
  417.00000    	  418.00000    	 0.13589635    	 0.15759072E-03
  418.00000    	  419.00000    	 0.28929370    	 0.25892942E-03
  419.00000    	  420.00000    	 0.28479520    	 0.25136827E-03
  420.00000    	  421.00000    	 0.27582072    	 0.24312439E-03
  421.00000    	  422.00000    	 0.26385861    	 0.23014587E-03
  422.00000    	  423.00000    	 0.24886972    	 0.21961467E-03
  423.00000    	  424.00000    	 0.23113499    	 0.20937824E-03
  424.00000    	  425.00000    	 0.21187233    	 0.19599114E-03
  425.00000    	  426.00000    	 0.19202182    	 0.18461947E-03
  426.00000    	  427.00000    	 0.17136197    	 0.17380212E-03
  427.00000    	  428.00000    	 0.15120977    	 0.16408251E-03
  428.00000    	  429.00000    	 0.13159486    	 0.15489174E-03
  429.00000    	  430.00000    	 0.28281721    	 0.25469384E-03
  430.00000    	  431.00000    	 0.27848498    	 0.24807679E-03
  431.00000    	  432.00000    	 0.26985868    	 0.24171728E-03
  432.00000    	  433.00000    	 0.25765272    	 0.22771640E-03
  433.00000    	  434.00000    	 0.24281700    	 0.21583879E-03
  434.00000    	  435.00000    	 0.22532850    	 0.20465361E-03
  435.00000    	  436.00000    	 0.20645306    	 0.19262707E-03
  436.00000    	  437.00000    	 0.18671321    	 0.18172988E-03
  437.00000    	  438.00000    	 0.16666549    	 0.17223326E-03
  438.00000    	  439.00000    	 0.14651263    	 0.16168956E-03
  439.00000    	  440.00000    	 0.12735240    	 0.15374999E-03
  440.00000    	  441.00000    	 0.27632744    	 0.25150882E-03
  441.00000    	  442.00000    	 0.27215639    	 0.24616109E-03
  442.00000    	  443.00000    	 0.26350212    	 0.23588292E-03
  443.00000    	  444.00000    	 0.25155089    	 0.22435621E-03
  444.00000    	  445.00000    	 0.23708375    	 0.21321247E-03
  445.00000    	  446.00000    	 0.21988280    	 0.20354525E-03
  446.00000    	  447.00000    	 0.20116960    	 0.19012374E-03
  447.00000    	  448.00000    	 0.18142336    	 0.17928360E-03
  448.00000    	  449.00000    	 0.16169762    	 0.16868524E-03
  449.00000    	  450.00000    	 0.14207990    	 0.15917456E-03
  450.00000    	  451.00000    	 0.12352989    	 0.15040124E-03
  451.00000    	  452.00000    	 0.27019344    	 0.24965367E-03
  452.00000    	  453.00000    	 0.26608697    	 0.24110642E-03
  453.00000    	  454.00000    	 0.25798292    	 0.23349758E-03
  454.00000    	  455.00000    	 0.24605193    	 0.22119772E-03
  455.00000    	  456.00000    	 0.23117453    	 0.21135416E-03
  456.00000    	  457.00000    	 0.21417766    	 0.19879540E-03
  457.00000    	  458.00000    	 0.19582273    	 0.18841347E-03
  458.00000    	  459.00000    	 0.17661719    	 0.17698365E-03
  459.00000    	  460.00000    	 0.15718537    	 0.16717272E-03
  460.00000    	  461.00000    	 0.13801730    	 0.15706243E-03
  461.00000    	  462.00000    	 0.11978212    	 0.14816452E-03
  462.00000    	  463.00000    	 0.26427492    	 0.24754924E-03
  463.00000    	  464.00000    	 0.26030857    	 0.23889832E-03
  464.00000    	  465.00000    	 0.25233507    	 0.22822004E-03
  465.00000    	  466.00000    	 0.24042380    	 0.21923242E-03
  466.00000    	  467.00000    	 0.22569555    	 0.20788564E-03
  467.00000    	  468.00000    	 0.20907819    	 0.19579173E-03
  468.00000    	  469.00000    	 0.19094072    	 0.18497595E-03
  469.00000    	  470.00000    	 0.17178945    	 0.17383804E-03
  470.00000    	  471.00000    	 0.15267687    	 0.16408096E-03
  471.00000    	  472.00000    	 0.13406719    	 0.15505971E-03
  472.00000    	  473.00000    	 0.11605568    	 0.14638034E-03
  473.00000    	  474.00000    	 0.25855729    	 0.24100936E-03
  474.00000    	  475.00000    	 0.25457729    	 0.23517040E-03
  475.00000    	  476.00000    	 0.24644471    	 0.22509862E-03
  476.00000    	  477.00000    	 0.23504634    	 0.21617688E-03
  477.00000    	  478.00000    	 0.22061152    	 0.20542836E-03
  478.00000    	  479.00000    	 0.20407921    	 0.19408039E-03
  479.00000    	  480.00000    	 0.18587945    	 0.18229615E-03
  480.00000    	  481.00000    	 0.16748592    	 0.17219131E-03
  481.00000    	  482.00000    	 0.14841265    	 0.16213867E-03
  482.00000    	  483.00000    	 0.13035475    	 0.15306008E-03
  483.00000    	  484.00000    	 0.11264186    	 0.14411263E-03
  484.00000    	  485.00000    	 0.25329497    	 0.23953226E-03
  485.00000    	  486.00000    	 0.24921408    	 0.23177794E-03
  486.00000    	  487.00000    	 0.24066376    	 0.22250169E-03
  487.00000    	  488.00000    	 0.22970579    	 0.21402426E-03
  488.00000    	  489.00000    	 0.21580839    	 0.20298363E-03
  489.00000    	  490.00000    	 0.19911291    	 0.19139475E-03
  490.00000    	  491.00000    	 0.18134094    	 0.18046642E-03
  491.00000    	  492.00000    	 0.16316168    	 0.17059011E-03
  492.00000    	  493.00000    	 0.14429039    	 0.15959622E-03
  493.00000    	  494.00000    	 0.12634949    	 0.15059211E-03
  494.00000    	  495.00000    	 0.10908596    	 0.14167930E-03
  495.00000    	  496.00000    	 0.24792199    	 0.23627718E-03
  496.00000    	  497.00000    	 0.24372830    	 0.22800008E-03
  497.00000    	  498.00000    	 0.23601730    	 0.22051903E-03
  498.00000    	  499.00000    	 0.22465850    	 0.21009681E-03
  499.00000    	  500.00000    	 0.21064939    	 0.20043482E-03
  500.00000    	  501.00000    	 0.19458076    	 0.18879155E-03
  501.00000    	  502.00000    	 0.17718455    	 0.17805181E-03
  502.00000    	  503.00000    	 0.15887089    	 0.16744004E-03
  503.00000    	  504.00000    	 0.14056183    	 0.15796510E-03
  504.00000    	  505.00000    	 0.12268762    	 0.14842918E-03
  505.00000    	  506.00000    	 0.10604680    	 0.13995666E-03
  506.00000    	  507.00000    	 0.24252636    	 0.23294083E-03
  507.00000    	  508.00000    	 0.23901997    	 0.22669809E-03
  508.00000    	  509.00000    	 0.23085645    	 0.21703222E-03
  509.00000    	  510.00000    	 0.21957339    	 0.20832073E-03
  510.00000    	  511.00000    	 0.20547088    	 0.19781460E-03
  511.00000    	  512.00000    	 0.18959399    	 0.18591212E-03
  512.00000    	  513.00000    	 0.17240086    	 0.17551454E-03
  513.00000    	  514.00000    	 0.15464814    	 0.16525740E-03
  514.00000    	  515.00000    	 0.13671160    	 0.15626476E-03
  515.00000    	  516.00000    	 0.11926433    	 0.14669708E-03
  516.00000    	  517.00000    	 0.10286370    	 0.13778516E-03
  517.00000    	  518.00000    	 0.23787972    	 0.23050216E-03
  518.00000    	  519.00000    	 0.23319864    	 0.22327913E-03
  519.00000    	  520.00000    	 0.22623249    	 0.21602768E-03
  520.00000    	  521.00000    	 0.21466229    	 0.20482335E-03
  521.00000    	  522.00000    	 0.20083465    	 0.19491853E-03
  522.00000    	  523.00000    	 0.18522990    	 0.18373091E-03
  523.00000    	  524.00000    	 0.16834627    	 0.17387774E-03
  524.00000    	  525.00000    	 0.15049211    	 0.16314248E-03
  525.00000    	  526.00000    	 0.13285196    	 0.15361750E-03
  526.00000    	  527.00000    	 0.11595275    	 0.14481092E-03
  527.00000    	  528.00000    	 0.99783344E-01	 0.13584216E-03
  528.00000    	  529.00000    	 0.23252996    	 0.22657646E-03
  529.00000    	  530.00000    	 0.22846843    	 0.21995825E-03
  530.00000    	  531.00000    	 0.22074334    	 0.21271212E-03
  531.00000    	  532.00000    	 0.21020777    	 0.20321126E-03
  532.00000    	  533.00000    	 0.19677213    	 0.19284333E-03
  533.00000    	  534.00000    	 0.18089606    	 0.18199568E-03
  534.00000    	  535.00000    	 0.16423307    	 0.17173820E-03
  535.00000    	  536.00000    	 0.14668740    	 0.16116193E-03
  536.00000    	  537.00000    	 0.12953743    	 0.15181342E-03
  537.00000    	  538.00000    	 0.11288872    	 0.14290468E-03
  538.00000    	  539.00000    	 0.96994580E-01	 0.13408251E-03
  539.00000    	  540.00000    	 0.22809316    	 0.22466855E-03
  540.00000    	  541.00000    	 0.22412336    	 0.21880930E-03
  541.00000    	  542.00000    	 0.21604169    	 0.20898375E-03
  542.00000    	  543.00000    	 0.20550492    	 0.20001844E-03
  543.00000    	  544.00000    	 0.19213088    	 0.18944819E-03
  544.00000    	  545.00000    	 0.17704961    	 0.17954808E-03
  545.00000    	  546.00000    	 0.16034276    	 0.16914542E-03
  546.00000    	  547.00000    	 0.14301848    	 0.15886869E-03
  547.00000    	  548.00000    	 0.12604796    	 0.14989011E-03
  548.00000    	  549.00000    	 0.10954590    	 0.14074341E-03
  549.00000    	  550.00000    	 0.94278347E-01	 0.13235832E-03
  550.00000    	  551.00000    	 0.22332068    	 0.22189742E-03
  551.00000    	  552.00000    	 0.21954243    	 0.21539438E-03
  552.00000    	  553.00000    	 0.21212857    	 0.20686904E-03
  553.00000    	  554.00000    	 0.20117980    	 0.19718443E-03
  554.00000    	  555.00000    	 0.18760087    	 0.18681413E-03
  555.00000    	  556.00000    	 0.17254336    	 0.17777625E-03
  556.00000    	  557.00000    	 0.15623845    	 0.16752353E-03
  557.00000    	  558.00000    	 0.13958723    	 0.15734959E-03
  558.00000    	  559.00000    	 0.12264232    	 0.14797806E-03
  559.00000    	  560.00000    	 0.10651950    	 0.13916229E-03
  560.00000    	  561.00000    	 0.91325464E-01	 0.13001908E-03
  561.00000    	  562.00000    	 0.21854014    	 0.21898791E-03
  562.00000    	  563.00000    	 0.21465527    	 0.21229990E-03
  563.00000    	  564.00000    	 0.20764243    	 0.20456588E-03
  564.00000    	  565.00000    	 0.19682101    	 0.19551966E-03
  565.00000    	  566.00000    	 0.18350254    	 0.18507604E-03
  566.00000    	  567.00000    	 0.16849394    	 0.17469924E-03
  567.00000    	  568.00000    	 0.15237391    	 0.16450034E-03
  568.00000    	  569.00000    	 0.13575015    	 0.15491613E-03
  569.00000    	  570.00000    	 0.11966853    	 0.14619246E-03
  570.00000    	  571.00000    	 0.10374465    	 0.13747943E-03
  571.00000    	  572.00000    	 0.88671777E-01	 0.12889652E-03
  572.00000    	  573.00000    	 0.21419579    	 0.21628480E-03
  573.00000    	  574.00000    	 0.21016412    	 0.20933391E-03
  574.00000    	  575.00000    	 0.20326887    	 0.20174528E-03
  575.00000    	  576.00000    	 0.19258084    	 0.19399863E-03
  576.00000    	  577.00000    	 0.17971854    	 0.18385807E-03
  577.00000    	  578.00000    	 0.16457772    	 0.17274977E-03
  578.00000    	  579.00000    	 0.14877183    	 0.16256365E-03
  579.00000    	  580.00000    	 0.13241225    	 0.15318439E-03
  580.00000    	  581.00000    	 0.11643140    	 0.14436917E-03
  581.00000    	  582.00000    	 0.10084212    	 0.13543098E-03
  582.00000    	  583.00000    	 0.86322634E-01	 0.12682635E-03
  583.00000    	  584.00000    	 0.20984427    	 0.21378219E-03
  584.00000    	  585.00000    	 0.20626335    	 0.20763269E-03
  585.00000    	  586.00000    	 0.19851934    	 0.19891629E-03
  586.00000    	  587.00000    	 0.18840851    	 0.19027179E-03
  587.00000    	  588.00000    	 0.17573836    	 0.18094872E-03
  588.00000    	  589.00000    	 0.16100411    	 0.17041171E-03
  589.00000    	  590.00000    	 0.14537446    	 0.16101774E-03
  590.00000    	  591.00000    	 0.12921408    	 0.15132057E-03
  591.00000    	  592.00000    	 0.11334782    	 0.14260444E-03
  592.00000    	  593.00000    	 0.98094359E-01	 0.13352978E-03
  593.00000    	  594.00000    	 0.84013110E-01	 0.12505663E-03
  594.00000    	  595.00000    	 0.20577843    	 0.21122111E-03
  595.00000    	  596.00000    	 0.20226484    	 0.20503268E-03
  596.00000    	  597.00000    	 0.19471967    	 0.19698982E-03
  597.00000    	  598.00000    	 0.18434795    	 0.18775055E-03
  598.00000    	  599.00000    	 0.17184828    	 0.17867402E-03
  599.00000    	  600.00000    	 0.15742468    	 0.16847662E-03
  600.00000    	  601.00000    	 0.14195884    	 0.15894250E-03
  601.00000    	  602.00000    	 0.12611159    	 0.15025647E-03
  602.00000    	  603.00000    	 0.11036181    	 0.14056997E-03
  603.00000    	  604.00000    	 0.95580372E-01	 0.13209534E-03
  604.00000    	  605.00000    	 0.81653133E-01	 0.12366922E-03
  605.00000    	  606.00000    	 0.20138979    	 0.20875845E-03
  606.00000    	  607.00000    	 0.19767393    	 0.20232233E-03
  607.00000    	  608.00000    	 0.19086368    	 0.19464705E-03
  608.00000    	  609.00000    	 0.18078627    	 0.18593863E-03
  609.00000    	  610.00000    	 0.16782424    	 0.17597452E-03
  610.00000    	  611.00000    	 0.15369744    	 0.16640174E-03
  611.00000    	  612.00000    	 0.13825557    	 0.15665816E-03
  612.00000    	  613.00000    	 0.12292870    	 0.14777450E-03
  613.00000    	  614.00000    	 0.10752402    	 0.13882042E-03
  614.00000    	  615.00000    	 0.92950847E-01	 0.13067083E-03
  615.00000    	  616.00000    	 0.79489690E-01	 0.12197418E-03
  616.00000    	  617.00000    	 0.19734190    	 0.20669935E-03
  617.00000    	  618.00000    	 0.19348107    	 0.20031084E-03
  618.00000    	  619.00000    	 0.18670498    	 0.19228174E-03
  619.00000    	  620.00000    	 0.17683169    	 0.18344877E-03
  620.00000    	  621.00000    	 0.16423252    	 0.17414045E-03
  621.00000    	  622.00000    	 0.15017819    	 0.16451016E-03
  622.00000    	  623.00000    	 0.13504740    	 0.15491240E-03
  623.00000    	  624.00000    	 0.11995152    	 0.14614700E-03
  624.00000    	  625.00000    	 0.10495165    	 0.13744672E-03
  625.00000    	  626.00000    	 0.90435819E-01	 0.12863689E-03
  626.00000    	  627.00000    	 0.77047280E-01	 0.11992738E-03
  627.00000    	  628.00000    	 0.19337009    	 0.20391858E-03
  628.00000    	  629.00000    	 0.19001239    	 0.19759865E-03
  629.00000    	  630.00000    	 0.18280320    	 0.19032787E-03
  630.00000    	  631.00000    	 0.17299377    	 0.18118412E-03
  631.00000    	  632.00000    	 0.16075699    	 0.17193413E-03
  632.00000    	  633.00000    	 0.14694996    	 0.16265381E-03
  633.00000    	  634.00000    	 0.13192498    	 0.15309420E-03
  634.00000    	  635.00000    	 0.11692582    	 0.14431467E-03
  635.00000    	  636.00000    	 0.10203023    	 0.13559145E-03
  636.00000    	  637.00000    	 0.88009136E-01	 0.12692622E-03
  637.00000    	  638.00000    	 0.75087860E-01	 0.11867766E-03
  638.00000    	  639.00000    	 0.18984663    	 0.20171481E-03
  639.00000    	  640.00000    	 0.18608245    	 0.19532159E-03
  640.00000    	  641.00000    	 0.17887227    	 0.18761679E-03
  641.00000    	  642.00000    	 0.16914371    	 0.17893868E-03
  642.00000    	  643.00000    	 0.15724789    	 0.16989026E-03
  643.00000    	  644.00000    	 0.14367748    	 0.16058592E-03
  644.00000    	  645.00000    	 0.12884279    	 0.15133819E-03
  645.00000    	  646.00000    	 0.11386795    	 0.14238334E-03
  646.00000    	  647.00000    	 0.99410955E-01	 0.13378901E-03
  647.00000    	  648.00000    	 0.85602898E-01	 0.12520797E-03
  648.00000    	  649.00000    	 0.73055852E-01	 0.11722587E-03
  649.00000    	  650.00000    	 0.18573920    	 0.19935704E-03
  650.00000    	  651.00000    	 0.18229150    	 0.19286511E-03
  651.00000    	  652.00000    	 0.17553607    	 0.18544408E-03
  652.00000    	  653.00000    	 0.16577078    	 0.17704679E-03
  653.00000    	  654.00000    	 0.15387586    	 0.16798935E-03
  654.00000    	  655.00000    	 0.14018365    	 0.15863970E-03
  655.00000    	  656.00000    	 0.12617238    	 0.15011003E-03
  656.00000    	  657.00000    	 0.11133934    	 0.14097077E-03
  657.00000    	  658.00000    	 0.97082830E-01	 0.13227315E-03
  658.00000    	  659.00000    	 0.83486851E-01	 0.12413468E-03
  659.00000    	  660.00000    	 0.70913164E-01	 0.11557434E-03
  660.00000    	  661.00000    	 0.18223883    	 0.19700887E-03
  661.00000    	  662.00000    	 0.17843084    	 0.19091793E-03
  662.00000    	  663.00000    	 0.17213522    	 0.18348546E-03
  663.00000    	  664.00000    	 0.16228415    	 0.17493417E-03
  664.00000    	  665.00000    	 0.15038509    	 0.16589746E-03
  665.00000    	  666.00000    	 0.13700240    	 0.15669823E-03
  666.00000    	  667.00000    	 0.12283145    	 0.14785937E-03
  667.00000    	  668.00000    	 0.10852623    	 0.13927185E-03
  668.00000    	  669.00000    	 0.94496488E-01	 0.13053838E-03
  669.00000    	  670.00000    	 0.81273730E-01	 0.12249324E-03
  670.00000    	  671.00000    	 0.69035904E-01	 0.11403278E-03
  671.00000    	  672.00000    	 0.17845028    	 0.19475718E-03
  672.00000    	  673.00000    	 0.17485954    	 0.18852269E-03
  673.00000    	  674.00000    	 0.16844723    	 0.18113740E-03
  674.00000    	  675.00000    	 0.15867427    	 0.17267865E-03
  675.00000    	  676.00000    	 0.14723172    	 0.16407041E-03
  676.00000    	  677.00000    	 0.13411289    	 0.15509622E-03
  677.00000    	  678.00000    	 0.11997562    	 0.14615936E-03
  678.00000    	  679.00000    	 0.10591893    	 0.13773175E-03
  679.00000    	  680.00000    	 0.92245727E-01	 0.12907800E-03
  680.00000    	  681.00000    	 0.79146613E-01	 0.12057349E-03
  681.00000    	  682.00000    	 0.67239206E-01	 0.11279764E-03
  682.00000    	  683.00000    	 0.17496047    	 0.19260223E-03
  683.00000    	  684.00000    	 0.17142117    	 0.18636164E-03
  684.00000    	  685.00000    	 0.16476245    	 0.17905494E-03
  685.00000    	  686.00000    	 0.15564028    	 0.17093776E-03
  686.00000    	  687.00000    	 0.14409300    	 0.16226267E-03
  687.00000    	  688.00000    	 0.13092080    	 0.15319527E-03
  688.00000    	  689.00000    	 0.11727901    	 0.14466235E-03
  689.00000    	  690.00000    	 0.10337854    	 0.13602762E-03
  690.00000    	  691.00000    	 0.89834010E-01	 0.12766194E-03
  691.00000    	  692.00000    	 0.77048755E-01	 0.11903394E-03
  692.00000    	  693.00000    	 0.65480095E-01	 0.11143117E-03
  693.00000    	  694.00000    	 0.17130514    	 0.19019489E-03
  694.00000    	  695.00000    	 0.16813473    	 0.18426707E-03
  695.00000    	  696.00000    	 0.16104252    	 0.17686242E-03
  696.00000    	  697.00000    	 0.15206047    	 0.16866459E-03
  697.00000    	  698.00000    	 0.14068995    	 0.16008014E-03
  698.00000    	  699.00000    	 0.12802454    	 0.15164302E-03
  699.00000    	  700.00000    	 0.11462952    	 0.14295803E-03
  700.00000    	  701.00000    	 0.10080275    	 0.13446960E-03
  701.00000    	  702.00000    	 0.87616614E-01	 0.12610854E-03
  702.00000    	  703.00000    	 0.75100403E-01	 0.11757411E-03
  703.00000    	  704.00000    	 0.63714140E-01	 0.11075428E-03
  704.00000    	  705.00000    	 0.16789864    	 0.18805778E-03
  705.00000    	  706.00000    	 0.16464280    	 0.18212966E-03
  706.00000    	  707.00000    	 0.15804352    	 0.17487559E-03
  707.00000    	  708.00000    	 0.14914826    	 0.16707373E-03
  708.00000    	  709.00000    	 0.13771561    	 0.15844163E-03
  709.00000    	  710.00000    	 0.12512788    	 0.14972412E-03
  710.00000    	  711.00000    	 0.11187357    	 0.14119973E-03
  711.00000    	  712.00000    	 0.98339005E-01	 0.13286823E-03
  712.00000    	  713.00000    	 0.85280238E-01	 0.12417180E-03
  713.00000    	  714.00000    	 0.73238881E-01	 0.11620152E-03
  714.00000    	  715.00000    	 0.61961401E-01	 0.10836881E-03
  715.00000    	  716.00000    	 0.16463080    	 0.18613018E-03
  716.00000    	  717.00000    	 0.16116403    	 0.17991646E-03
  717.00000    	  718.00000    	 0.15527764    	 0.17317733E-03
  718.00000    	  719.00000    	 0.14572951    	 0.16484257E-03
  719.00000    	  720.00000    	 0.13478087    	 0.15659386E-03
  720.00000    	  721.00000    	 0.12224464    	 0.14800721E-03
  721.00000    	  722.00000    	 0.10917130    	 0.13959307E-03
  722.00000    	  723.00000    	 0.95973521E-01	 0.13121430E-03
  723.00000    	  724.00000    	 0.83394425E-01	 0.12311630E-03
  724.00000    	  725.00000    	 0.71395853E-01	 0.11498713E-03
  725.00000    	  726.00000    	 0.60381744E-01	 0.10724535E-03
  726.00000    	  727.00000    	 0.16110552    	 0.18367773E-03
  727.00000    	  728.00000    	 0.15794880    	 0.17794645E-03
  728.00000    	  729.00000    	 0.15196479    	 0.17106825E-03
  729.00000    	  730.00000    	 0.14272450    	 0.16304251E-03
  730.00000    	  731.00000    	 0.13208381    	 0.15501006E-03
  731.00000    	  732.00000    	 0.11972331    	 0.14658804E-03
  732.00000    	  733.00000    	 0.10658722    	 0.13801918E-03
  733.00000    	  734.00000    	 0.93706574E-01	 0.12982400E-03
  734.00000    	  735.00000    	 0.81310838E-01	 0.12152943E-03
  735.00000    	  736.00000    	 0.69442652E-01	 0.11324206E-03
  736.00000    	  737.00000    	 0.58706932E-01	 0.10578335E-03
  737.00000    	  738.00000    	 0.15801761    	 0.18175248E-03
  738.00000    	  739.00000    	 0.15491926    	 0.17607409E-03
  739.00000    	  740.00000    	 0.14845197    	 0.16890323E-03
  740.00000    	  741.00000    	 0.13982857    	 0.16132314E-03
  741.00000    	  742.00000    	 0.12907025    	 0.15307325E-03
  742.00000    	  743.00000    	 0.11695268    	 0.14470963E-03
  743.00000    	  744.00000    	 0.10429656    	 0.13667416E-03
  744.00000    	  745.00000    	 0.91436720E-01	 0.13150853E-03
  745.00000    	  746.00000    	 0.79174760E-01	 0.11997262E-03
  746.00000    	  747.00000    	 0.67692766E-01	 0.11207199E-03
  747.00000    	  748.00000    	 0.57238007E-01	 0.10451480E-03
  748.00000    	  749.00000    	 0.15481451    	 0.17956182E-03
  749.00000    	  750.00000    	 0.15160898    	 0.17384739E-03
  750.00000    	  751.00000    	 0.14520432    	 0.16682931E-03
  751.00000    	  752.00000    	 0.13671029    	 0.15933968E-03
  752.00000    	  753.00000    	 0.12623615    	 0.15127129E-03
  753.00000    	  754.00000    	 0.11427897    	 0.14316134E-03
  754.00000    	  755.00000    	 0.10190198    	 0.13503356E-03
  755.00000    	  756.00000    	 0.89256160E-01	 0.12669996E-03
  756.00000    	  757.00000    	 0.77123092E-01	 0.11842458E-03
  757.00000    	  758.00000    	 0.65890293E-01	 0.11096049E-03
  758.00000    	  759.00000    	 0.55875716E-01	 0.10365801E-03
  759.00000    	  760.00000    	 0.15175682    	 0.17743560E-03
  760.00000    	  761.00000    	 0.14857704    	 0.17192661E-03
  761.00000    	  762.00000    	 0.14236511    	 0.16514769E-03
  762.00000    	  763.00000    	 0.13389677    	 0.15759752E-03
  763.00000    	  764.00000    	 0.12368352    	 0.14982331E-03
  764.00000    	  765.00000    	 0.11180520    	 0.14168171E-03
  765.00000    	  766.00000    	 0.99674890E-01	 0.13367632E-03
  766.00000    	  767.00000    	 0.87054441E-01	 0.12534267E-03
  767.00000    	  768.00000    	 0.75253727E-01	 0.11722308E-03
  768.00000    	  769.00000    	 0.64226857E-01	 0.10922945E-03
  769.00000    	  770.00000    	 0.54207396E-01	 0.10196678E-03
  770.00000    	  771.00000    	 0.14875363    	 0.17565487E-03
  771.00000    	  772.00000    	 0.14553754    	 0.16999690E-03
  772.00000    	  773.00000    	 0.13960687    	 0.16332054E-03
  773.00000    	  774.00000    	 0.13112896    	 0.15587254E-03
  774.00000    	  775.00000    	 0.12069561    	 0.14798292E-03
  775.00000    	  776.00000    	 0.10902489    	 0.13974637E-03
  776.00000    	  777.00000    	 0.97203168E-01	 0.13215310E-03
  777.00000    	  778.00000    	 0.85005931E-01	 0.12399174E-03
  778.00000    	  779.00000    	 0.73398547E-01	 0.11567263E-03
  779.00000    	  780.00000    	 0.62752099E-01	 0.10805137E-03
  780.00000    	  781.00000    	 0.52846715E-01	 0.10107045E-03
  781.00000    	  782.00000    	 0.14572974    	 0.17355241E-03
  782.00000    	  783.00000    	 0.14277574    	 0.16812393E-03
  783.00000    	  784.00000    	 0.13696895    	 0.16157207E-03
  784.00000    	  785.00000    	 0.12844952    	 0.15412937E-03
  785.00000    	  786.00000    	 0.11805637    	 0.14632493E-03
  786.00000    	  787.00000    	 0.10685237    	 0.13854622E-03
  787.00000    	  788.00000    	 0.94743735E-01	 0.13037481E-03
  788.00000    	  789.00000    	 0.82863227E-01	 0.12219329E-03
  789.00000    	  790.00000    	 0.71618510E-01	 0.11436992E-03
  790.00000    	  791.00000    	 0.61197744E-01	 0.10675602E-03
  791.00000    	  792.00000    	 0.51508237E-01	 0.99618159E-04
  792.00000    	  793.00000    	 0.14263114    	 0.17144667E-03
  793.00000    	  794.00000    	 0.13975226    	 0.16605759E-03
  794.00000    	  795.00000    	 0.13391964    	 0.15964803E-03
  795.00000    	  796.00000    	 0.12566626    	 0.15238009E-03
  796.00000    	  797.00000    	 0.11568911    	 0.14490817E-03
  797.00000    	  798.00000    	 0.10447799    	 0.13699037E-03
  798.00000    	  799.00000    	 0.92760528E-01	 0.12903903E-03
  799.00000    	  800.00000    	 0.81207882E-01	 0.12118389E-03
  800.00000    	  801.00000    	 0.69930602E-01	 0.11321451E-03
  801.00000    	  802.00000    	 0.59106990E-01	 0.10481556E-03
  802.00000    	  803.00000    	 0.50147141E-01	 0.98512922E-04
  803.00000    	  804.00000    	 0.14002729    	 0.16964356E-03
  804.00000    	  805.00000    	 0.13671669    	 0.16406136E-03
  805.00000    	  806.00000    	 0.13113320    	 0.15796560E-03
  806.00000    	  807.00000    	 0.12303712    	 0.15066550E-03
  807.00000    	  808.00000    	 0.11322396    	 0.14312788E-03
  808.00000    	  809.00000    	 0.10231382    	 0.13573630E-03
  809.00000    	  810.00000    	 0.90598513E-01	 0.12762834E-03
  810.00000    	  811.00000    	 0.79282334E-01	 0.11991840E-03
  811.00000    	  812.00000    	 0.68209847E-01	 0.11166044E-03
  812.00000    	  813.00000    	 0.58059401E-01	 0.10416447E-03
  813.00000    	  814.00000    	 0.48981360E-01	 0.98595256E-04
  814.00000    	  815.00000    	 0.13705921    	 0.16759595E-03
  815.00000    	  816.00000    	 0.13404581    	 0.16223907E-03
  816.00000    	  817.00000    	 0.12838985    	 0.15604429E-03
  817.00000    	  818.00000    	 0.12039079    	 0.14908281E-03
  818.00000    	  819.00000    	 0.11069968    	 0.14159131E-03
  819.00000    	  820.00000    	 0.99755166E-01	 0.13383127E-03
  820.00000    	  821.00000    	 0.88468200E-01	 0.12620785E-03
  821.00000    	  822.00000    	 0.77364146E-01	 0.11831931E-03
  822.00000    	  823.00000    	 0.66466787E-01	 0.11032748E-03
  823.00000    	  824.00000    	 0.56711913E-01	 0.10294247E-03
  824.00000    	  825.00000    	 0.47706924E-01	 0.96538116E-04
  825.00000    	  826.00000    	 0.13426710    	 0.16563684E-03
  826.00000    	  827.00000    	 0.13123466    	 0.16037163E-03
  827.00000    	  828.00000    	 0.12573360    	 0.15428958E-03
  828.00000    	  829.00000    	 0.11776277    	 0.14732031E-03
  829.00000    	  830.00000    	 0.10813660    	 0.13993164E-03
  830.00000    	  831.00000    	 0.97775144E-01	 0.13262862E-03
  831.00000    	  832.00000    	 0.86517707E-01	 0.12479376E-03
  832.00000    	  833.00000    	 0.75293560E-01	 0.11679973E-03
  833.00000    	  834.00000    	 0.64855894E-01	 0.10912411E-03
  834.00000    	  835.00000    	 0.55148905E-01	 0.10160883E-03
  835.00000    	  836.00000    	 0.46449395E-01	 0.95392705E-04
  836.00000    	  837.00000    	 0.13150500    	 0.16372757E-03
  837.00000    	  838.00000    	 0.12872114    	 0.15866501E-03
  838.00000    	  839.00000    	 0.12329325    	 0.15263812E-03
  839.00000    	  840.00000    	 0.11539693    	 0.14577475E-03
  840.00000    	  841.00000    	 0.10581186    	 0.13849197E-03
  841.00000    	  842.00000    	 0.95389936E-01	 0.13112229E-03
  842.00000    	  843.00000    	 0.84487575E-01	 0.12401286E-03
  843.00000    	  844.00000    	 0.73569253E-01	 0.11543529E-03
  844.00000    	  845.00000    	 0.63332265E-01	 0.10781322E-03
  845.00000    	  846.00000    	 0.53863219E-01	 0.10062653E-03
  846.00000    	  847.00000    	 0.45302156E-01	 0.94181323E-04
  847.00000    	  848.00000    	 0.12907180    	 0.16204494E-03
  848.00000    	  849.00000    	 0.12619912    	 0.15691554E-03
  849.00000    	  850.00000    	 0.12064519    	 0.15106792E-03
  850.00000    	  851.00000    	 0.11301774    	 0.14418094E-03
  851.00000    	  852.00000    	 0.10362564    	 0.13713703E-03
  852.00000    	  853.00000    	 0.93163780E-01	 0.12957783E-03
  853.00000    	  854.00000    	 0.82430109E-01	 0.12199429E-03
  854.00000    	  855.00000    	 0.71838743E-01	 0.11411102E-03
  855.00000    	  856.00000    	 0.61802856E-01	 0.10688711E-03
  856.00000    	  857.00000    	 0.52435638E-01	 0.99512538E-04
  857.00000    	  858.00000    	 0.44222436E-01	 0.93093059E-04
  858.00000    	  859.00000    	 0.12635195    	 0.15998425E-03
  859.00000    	  860.00000    	 0.12368926    	 0.15519927E-03
  860.00000    	  861.00000    	 0.11826102    	 0.14938447E-03
  861.00000    	  862.00000    	 0.11073451    	 0.14276465E-03
  862.00000    	  863.00000    	 0.10128603    	 0.13544124E-03
  863.00000    	  864.00000    	 0.91111736E-01	 0.12809571E-03
  864.00000    	  865.00000    	 0.80528113E-01	 0.12052993E-03
  865.00000    	  866.00000    	 0.70255620E-01	 0.11286024E-03
  866.00000    	  867.00000    	 0.60399189E-01	 0.10531922E-03
  867.00000    	  868.00000    	 0.51101922E-01	 0.98285670E-04
  868.00000    	  869.00000    	 0.42963844E-01	 0.91912098E-04
  869.00000    	  870.00000    	 0.12380557    	 0.15821250E-03
  870.00000    	  871.00000    	 0.12095911    	 0.15338112E-03
  871.00000    	  872.00000    	 0.11562393    	 0.14740842E-03
  872.00000    	  873.00000    	 0.10823609    	 0.14103631E-03
  873.00000    	  874.00000    	 0.99222601E-01	 0.13416001E-03
  874.00000    	  875.00000    	 0.89073389E-01	 0.12672523E-03
  875.00000    	  876.00000    	 0.78729968E-01	 0.11925886E-03
  876.00000    	  877.00000    	 0.68549787E-01	 0.11144255E-03
  877.00000    	  878.00000    	 0.58854822E-01	 0.10420776E-03
  878.00000    	  879.00000    	 0.49829731E-01	 0.97065800E-04
  879.00000    	  880.00000    	 0.42028520E-01	 0.91173729E-04
  880.00000    	  881.00000    	 0.12103952    	 0.15632452E-03
  881.00000    	  882.00000    	 0.11831025    	 0.15143468E-03
  882.00000    	  883.00000    	 0.11317794    	 0.14587737E-03
  883.00000    	  884.00000    	 0.10589332    	 0.13949935E-03
  884.00000    	  885.00000    	 0.96970907E-01	 0.13265966E-03
  885.00000    	  886.00000    	 0.87353115E-01	 0.12555800E-03
  886.00000    	  887.00000    	 0.77013553E-01	 0.11791896E-03
  887.00000    	  888.00000    	 0.66942371E-01	 0.11033970E-03
  888.00000    	  889.00000    	 0.57382282E-01	 0.10288051E-03
  889.00000    	  890.00000    	 0.48765605E-01	 0.96247861E-04
  890.00000    	  891.00000    	 0.40856194E-01	 0.89810751E-04
  891.00000    	  892.00000    	 0.11868517    	 0.15444766E-03
  892.00000    	  893.00000    	 0.11588193    	 0.14980291E-03
  893.00000    	  894.00000    	 0.11068604    	 0.14413545E-03
  894.00000    	  895.00000    	 0.10368160    	 0.13801075E-03
  895.00000    	  896.00000    	 0.94950402E-01	 0.13122474E-03
  896.00000    	  897.00000    	 0.85225518E-01	 0.12530895E-03
  897.00000    	  898.00000    	 0.75205817E-01	 0.11642044E-03
  898.00000    	  899.00000    	 0.65449599E-01	 0.10915297E-03
  899.00000    	  900.00000    	 0.55944229E-01	 0.10154136E-03
  900.00000    	  901.00000    	 0.47429244E-01	 0.94822236E-04
  901.00000    	  902.00000    	 0.39825538E-01	 0.89043969E-04
  902.00000    	  903.00000    	 0.11641068    	 0.15293621E-03
  903.00000    	  904.00000    	 0.11377077    	 0.14828691E-03
  904.00000    	  905.00000    	 0.10867109    	 0.14273329E-03
  905.00000    	  906.00000    	 0.10143906    	 0.13641357E-03
  906.00000    	  907.00000    	 0.92865592E-01	 0.12972563E-03
  907.00000    	  908.00000    	 0.83367249E-01	 0.12272494E-03
  908.00000    	  909.00000    	 0.73553456E-01	 0.11520201E-03
  909.00000    	  910.00000    	 0.63738177E-01	 0.10754835E-03
  910.00000    	  911.00000    	 0.54772935E-01	 0.10115079E-03
  911.00000    	  912.00000    	 0.46318266E-01	 0.93701826E-04
  912.00000    	  913.00000    	 0.38849062E-01	 0.88035871E-04
  913.00000    	  914.00000    	 0.11406198    	 0.15121381E-03
  914.00000    	  915.00000    	 0.11139292    	 0.14656635E-03
  915.00000    	  916.00000    	 0.10633697    	 0.14107319E-03
  916.00000    	  917.00000    	 0.99445403E-01	 0.13512419E-03
  917.00000    	  918.00000    	 0.90764462E-01	 0.12841582E-03
  918.00000    	  919.00000    	 0.81446143E-01	 0.12136651E-03
  919.00000    	  920.00000    	 0.71785689E-01	 0.11373588E-03
  920.00000    	  921.00000    	 0.62262335E-01	 0.10651444E-03
  921.00000    	  922.00000    	 0.53321424E-01	 0.99659233E-04
  922.00000    	  923.00000    	 0.45244599E-01	 0.92899958E-04
  923.00000    	  924.00000    	 0.37957696E-01	 0.87182590E-04
  924.00000    	  925.00000    	 0.11180257    	 0.14960801E-03
  925.00000    	  926.00000    	 0.10929799    	 0.14514605E-03
  926.00000    	  927.00000    	 0.10429619    	 0.13976303E-03
  927.00000    	  928.00000    	 0.97325482E-01	 0.13375433E-03
  928.00000    	  929.00000    	 0.88963043E-01	 0.12728676E-03
  929.00000    	  930.00000    	 0.79686040E-01	 0.11996492E-03
  930.00000    	  931.00000    	 0.70142059E-01	 0.11253096E-03
  931.00000    	  932.00000    	 0.60816950E-01	 0.10574692E-03
  932.00000    	  933.00000    	 0.52089578E-01	 0.99545653E-04
  933.00000    	  934.00000    	 0.44038890E-01	 0.91542363E-04
  934.00000    	  935.00000    	 0.36979684E-01	 0.86038348E-04
  935.00000    	  936.00000    	 0.10950914    	 0.14791937E-03
  936.00000    	  937.00000    	 0.10678118    	 0.14333633E-03
  937.00000    	  938.00000    	 0.10205319    	 0.13822996E-03
  938.00000    	  939.00000    	 0.95198022E-01	 0.13221643E-03
  939.00000    	  940.00000    	 0.86921481E-01	 0.12570609E-03
  940.00000    	  941.00000    	 0.78011077E-01	 0.11879623E-03
  941.00000    	  942.00000    	 0.68578560E-01	 0.11149405E-03
  942.00000    	  943.00000    	 0.59435425E-01	 0.10403742E-03
  943.00000    	  944.00000    	 0.50759963E-01	 0.97001059E-04
  944.00000    	  945.00000    	 0.43034132E-01	 0.90732117E-04
  945.00000    	  946.00000    	 0.36147823E-01	 0.85887150E-04
  946.00000    	  947.00000    	 0.10720445    	 0.14635907E-03
  947.00000    	  948.00000    	 0.10475950    	 0.14194614E-03
  948.00000    	  949.00000    	 0.99697404E-01	 0.13660936E-03
  949.00000    	  950.00000    	 0.93231823E-01	 0.13099719E-03
  950.00000    	  951.00000    	 0.85068436E-01	 0.12431981E-03
  951.00000    	  952.00000    	 0.76235703E-01	 0.11757919E-03
  952.00000    	  953.00000    	 0.66860417E-01	 0.10984729E-03
  953.00000    	  954.00000    	 0.57997414E-01	 0.10286263E-03
  954.00000    	  955.00000    	 0.49615263E-01	 0.95974796E-04
  955.00000    	  956.00000    	 0.42058258E-01	 0.89795117E-04
  956.00000    	  957.00000    	 0.35070342E-01	 0.84031383E-04
  957.00000    	  958.00000    	 0.10496098    	 0.14465244E-03
  958.00000    	  959.00000    	 0.10250681    	 0.14035098E-03
  959.00000    	  960.00000    	 0.97717910E-01	 0.13517521E-03
  960.00000    	  961.00000    	 0.91141955E-01	 0.12946637E-03
  961.00000    	  962.00000    	 0.83028763E-01	 0.12278098E-03
  962.00000    	  963.00000    	 0.74283384E-01	 0.11582553E-03
  963.00000    	  964.00000    	 0.65582304E-01	 0.10908488E-03
  964.00000    	  965.00000    	 0.56590535E-01	 0.10236438E-03
  965.00000    	  966.00000    	 0.48341004E-01	 0.94501693E-04
  966.00000    	  967.00000    	 0.40939666E-01	 0.88522584E-04
  967.00000    	  968.00000    	 0.34257535E-01	 0.83305677E-04
  968.00000    	  969.00000    	 0.10273215    	 0.14314722E-03
  969.00000    	  970.00000    	 0.10033940    	 0.13887792E-03
  970.00000    	  971.00000    	 0.95723685E-01	 0.13386790E-03
  971.00000    	  972.00000    	 0.89144752E-01	 0.12802119E-03
  972.00000    	  973.00000    	 0.81314909E-01	 0.12170689E-03
  973.00000    	  974.00000    	 0.72658916E-01	 0.11460744E-03
  974.00000    	  975.00000    	 0.63858997E-01	 0.10758180E-03
  975.00000    	  976.00000    	 0.55295975E-01	 0.10050246E-03
  976.00000    	  977.00000    	 0.47331036E-01	 0.93789234E-04
  977.00000    	  978.00000    	 0.39924094E-01	 0.87680884E-04
  978.00000    	  979.00000    	 0.33567279E-01	 0.82550251E-04
  979.00000    	  980.00000    	 0.10077610    	 0.14174390E-03
  980.00000    	  981.00000    	 0.98211028E-01	 0.13738655E-03
  981.00000    	  982.00000    	 0.93607189E-01	 0.13237287E-03
  982.00000    	  983.00000    	 0.87134848E-01	 0.12660452E-03
  983.00000    	  984.00000    	 0.79637678E-01	 0.12058658E-03
  984.00000    	  985.00000    	 0.71180504E-01	 0.11363960E-03
  985.00000    	  986.00000    	 0.62300977E-01	 0.10627038E-03
  986.00000    	  987.00000    	 0.54142032E-01	 0.99644144E-04
  987.00000    	  988.00000    	 0.46046716E-01	 0.92519491E-04
  988.00000    	  989.00000    	 0.39057128E-01	 0.86782184E-04
  989.00000    	  990.00000    	 0.32545772E-01	 0.81489032E-04
  990.00000    	  991.00000    	 0.98235196E-01	 0.13988361E-03
  991.00000    	  992.00000    	 0.96018028E-01	 0.13586871E-03
  992.00000    	  993.00000    	 0.91806928E-01	 0.13119541E-03
  993.00000    	  994.00000    	 0.85225747E-01	 0.12511320E-03
  994.00000    	  995.00000    	 0.77722639E-01	 0.11897628E-03
  995.00000    	  996.00000    	 0.69706868E-01	 0.11243535E-03
  996.00000    	  997.00000    	 0.60995284E-01	 0.10523100E-03
  997.00000    	  998.00000    	 0.52716470E-01	 0.98111816E-04
  998.00000    	  999.00000    	 0.44953746E-01	 0.91612809E-04
  999.00000    	  1000.0000    	 0.38025673E-01	 0.85640060E-04
  1000.0000    	  1001.0000    	 0.31826068E-01	 0.80628713E-04
  1001.0000    	  1002.0000    	 0.96395311E-01	 0.13874954E-03
  1002.0000    	  1003.0000    	 0.94156901E-01	 0.13464132E-03
  1003.0000    	  1004.0000    	 0.89804362E-01	 0.12975689E-03
  1004.0000    	  1005.0000    	 0.83580810E-01	 0.12413781E-03
  1005.0000    	  1006.0000    	 0.76028067E-01	 0.11768089E-03
  1006.0000    	  1007.0000    	 0.67849267E-01	 0.11081197E-03
  1007.0000    	  1008.0000    	 0.59682920E-01	 0.10407447E-03
  1008.0000    	  1009.0000    	 0.51533166E-01	 0.97082521E-04
  1009.0000    	  1010.0000    	 0.44059228E-01	 0.91678012E-04
  1010.0000    	  1011.0000    	 0.37240755E-01	 0.85017977E-04
  1011.0000    	  1012.0000    	 0.31090166E-01	 0.79805300E-04
  1012.0000    	  1013.0000    	 0.94602758E-01	 0.13755280E-03
  1013.0000    	  1014.0000    	 0.91970393E-01	 0.13308567E-03
  1014.0000    	  1015.0000    	 0.87956494E-01	 0.12847678E-03
  1015.0000    	  1016.0000    	 0.81914732E-01	 0.12291474E-03
  1016.0000    	  1017.0000    	 0.74625852E-01	 0.11670534E-03
  1017.0000    	  1018.0000    	 0.66332228E-01	 0.10962731E-03
  1018.0000    	  1019.0000    	 0.58332235E-01	 0.10282786E-03
  1019.0000    	  1020.0000    	 0.50308514E-01	 0.95948489E-04
  1020.0000    	  1021.0000    	 0.43096505E-01	 0.89892117E-04
  1021.0000    	  1022.0000    	 0.36228278E-01	 0.83721752E-04
  1022.0000    	  1023.0000    	 0.30289199E-01	 0.79049988E-04
  1023.0000    	  1024.0000    	 0.92672048E-01	 0.13628308E-03
  1024.0000    	  1025.0000    	 0.90182237E-01	 0.13199471E-03
  1025.0000    	  1026.0000    	 0.85939651E-01	 0.12718408E-03
  1026.0000    	  1027.0000    	 0.80200545E-01	 0.12181369E-03
  1027.0000    	  1028.0000    	 0.72891544E-01	 0.11536534E-03
  1028.0000    	  1029.0000    	 0.65028647E-01	 0.10871846E-03
  1029.0000    	  1030.0000    	 0.56989926E-01	 0.10171032E-03
  1030.0000    	  1031.0000    	 0.49256477E-01	 0.95038141E-04
  1031.0000    	  1032.0000    	 0.41823112E-01	 0.88588747E-04
  1032.0000    	  1033.0000    	 0.35425341E-01	 0.83669393E-04
  1033.0000    	  1034.0000    	 0.29702139E-01	 0.78459554E-04
