0.000271356,0.000262695,0.00024739,0.000236197,0.000221558,0.000216463,0.0001981,0.000188444,0.000168838,0.000169295,0.000157098
0.000259522,0.000249654,0.000237382,0.000223759,0.000209507,0.000205494,0.000191105,0.000180157,0.000159001,0.00016175,0.000148848
0.000245943,0.000238821,0.000222994,0.000212098,0.000197822,0.000195331,0.00017928,0.000168735,0.000151701,0.000152988,0.000138236
0.000234588,0.000228746,0.000213572,0.000200805,0.000188323,0.000186153,0.000171825,0.000161943,0.000144439,0.000145309,0.000132054
0.000224225,0.000219335,0.000203865,0.000191374,0.000179603,0.000177634,0.000164105,0.000154832,0.000138136,0.000138582,0.000125336
0.000214984,0.000210929,0.00019524,0.000183481,0.000172293,0.000169162,0.000158084,0.000149101,0.000131725,0.000132726,0.000118823
0.000205442,0.000201958,0.000186373,0.000174961,0.000164595,0.000161992,0.000150193,0.000142431,0.00012717,0.000126267,0.000113336
0.000196341,0.000194507,0.000178448,0.000167978,0.000158118,0.000154548,0.000144092,0.000136852,0.000122138,0.000119731,0.000109533
0.000188319,0.000186136,0.000171357,0.000160879,0.000151853,0.000148128,0.000137943,0.000131517,0.000117538,0.000115274,0.000102911
0.000179989,0.000179307,0.000165903,0.000155057,0.000145945,0.000141799,0.000132577,0.000125816,0.000113311,0.000110293,9.81875e-05
0.000173718,0.000171558,0.000159542,0.000149482,0.000141615,0.000133677,0.000127168,0.000121118,0.000110186,0.000105984,9.35874e-05
0.000166827,0.000164401,0.000150402,0.000141727,0.000135782,0.000130276,0.000122187,0.000116814,0.000102477,0.000100855,8.94339e-05
0.000158593,0.000158695,0.000146287,0.000136428,0.000130727,0.000125484,0.000117902,0.000112143,0.000101128,9.73227e-05,8.60039e-05
0.000151976,0.000153599,0.000141542,0.000131277,0.000126561,0.000120277,0.000113468,0.000107785,9.82064e-05,9.29064e-05,8.29005e-05
0.000145796,0.000146644,0.000135793,0.000126451,0.000121652,0.00011529,0.0001098,0.000103122,9.43434e-05,8.90152e-05,7.95699e-05
0.000140426,0.000140899,0.000130333,0.000121715,0.000118231,0.000109193,0.000106043,9.853e-05,9.16105e-05,8.60646e-05,7.57643e-05
0.000133532,0.000136749,0.000125947,0.000117474,0.000112555,0.000107911,0.000102417,9.52172e-05,8.88989e-05,8.26701e-05,7.33444e-05
0.000130241,0.000131465,0.000120555,0.000111802,0.000109639,0.000103185,9.87117e-05,9.16066e-05,8.54537e-05,7.87427e-05,7.09965e-05
0.000122921,0.000125343,0.000117712,0.00010891,0.00010479,0.000100329,9.53125e-05,8.69845e-05,8.25761e-05,7.55712e-05,6.92583e-05
0.000121248,0.000121301,0.000111435,0.000103131,0.000102401,9.56446e-05,9.16715e-05,8.44829e-05,7.87396e-05,7.28584e-05,6.51761e-05
0.000113855,0.000116176,0.000108902,0.000101214,9.72978e-05,9.33715e-05,8.83398e-05,8.02633e-05,7.68482e-05,7.01224e-05,6.46637e-05
0.000110293,0.000112696,0.000103343,9.66058e-05,9.47819e-05,8.83975e-05,8.47361e-05,7.86904e-05,7.32576e-05,6.8462e-05,6.15725e-05
0.00010465,0.000108323,0.000101389,9.57594e-05,9.01958e-05,8.67577e-05,8.22265e-05,7.33897e-05,7.07624e-05,6.59197e-05,6.09983e-05
0.000102717,0.000104642,9.5605e-05,9.01472e-05,8.83312e-05,8.18659e-05,7.88727e-05,7.33832e-05,6.82707e-05,6.3827e-05,5.77613e-05
9.74893e-05,0.000100006,9.33236e-05,8.86773e-05,8.40263e-05,8.099e-05,7.59216e-05,6.95355e-05,6.60951e-05,6.09729e-05,5.69391e-05
9.59325e-05,9.65395e-05,8.88344e-05,8.39687e-05,8.17348e-05,7.57312e-05,7.24373e-05,6.79992e-05,6.3846e-05,5.93604e-05,5.42249e-05
9.08662e-05,9.32689e-05,8.64374e-05,8.15939e-05,7.85609e-05,7.49067e-05,7.0171e-05,6.45207e-05,6.16288e-05,5.66816e-05,5.28005e-05
9.09346e-05,8.9958e-05,8.33769e-05,7.72758e-05,7.65406e-05,7.05623e-05,6.68771e-05,6.40031e-05,5.93051e-05,5.54122e-05,5.0526e-05
8.47743e-05,8.68597e-05,8.02879e-05,7.61334e-05,7.29085e-05,6.9124e-05,6.52e-05,6.02283e-05,5.69195e-05,5.32422e-05,4.95078e-05
8.29382e-05,8.42039e-05,7.70676e-05,7.28159e-05,7.15956e-05,6.47205e-05,6.26588e-05,5.94508e-05,5.59864e-05,5.17564e-05,4.70786e-05
7.8206e-05,8.10575e-05,7.42281e-05,7.18666e-05,6.85751e-05,6.5055e-05,6.07566e-05,5.69286e-05,5.30878e-05,4.99299e-05,4.61987e-05
7.71364e-05,7.82053e-05,7.20127e-05,6.79403e-05,6.55422e-05,6.28358e-05,5.84782e-05,5.58154e-05,5.16955e-05,4.8303e-05,4.43273e-05
7.4113e-05,7.55979e-05,6.94161e-05,6.5759e-05,6.38114e-05,5.97571e-05,5.65461e-05,5.39569e-05,4.96887e-05,4.67606e-05,4.27061e-05
7.14195e-05,7.28715e-05,6.70334e-05,6.33653e-05,6.17265e-05,5.82843e-05,5.48711e-05,5.24985e-05,4.82218e-05,4.55001e-05,4.08232e-05
6.91234e-05,7.08449e-05,6.47371e-05,6.12206e-05,5.97037e-05,5.61218e-05,5.28745e-05,5.10192e-05,4.62412e-05,4.38258e-05,4.02707e-05
6.71861e-05,6.83661e-05,6.2317e-05,5.97233e-05,5.75565e-05,5.43513e-05,5.0868e-05,4.98435e-05,4.45335e-05,4.24905e-05,3.86106e-05
6.4607e-05,6.62665e-05,6.11131e-05,5.73458e-05,5.57226e-05,5.30971e-05,4.96815e-05,4.77962e-05,4.38548e-05,4.10642e-05,3.801e-05
6.28349e-05,6.44103e-05,5.88452e-05,5.52682e-05,5.43116e-05,5.09827e-05,4.84276e-05,4.6438e-05,4.29749e-05,3.96188e-05,3.60753e-05
6.01629e-05,6.21874e-05,5.64134e-05,5.33407e-05,5.19361e-05,4.98016e-05,4.67073e-05,4.52853e-05,4.07675e-05,3.83577e-05,3.51012e-05
5.79329e-05,5.91935e-05,5.50032e-05,5.14497e-05,4.94826e-05,4.80142e-05,4.5953e-05,4.45433e-05,4.08434e-05,3.71648e-05,3.25964e-05
5.61643e-05,5.73359e-05,5.3142e-05,4.98353e-05,4.91718e-05,4.6162e-05,4.47956e-05,4.30158e-05,3.90452e-05,3.60754e-05,3.17478e-05
5.49081e-05,5.54967e-05,5.17096e-05,4.80589e-05,4.7203e-05,4.5131e-05,4.29903e-05,4.14618e-05,3.75204e-05,3.5251e-05,3.10246e-05
5.25523e-05,5.46447e-05,4.91656e-05,4.57961e-05,4.60032e-05,4.36419e-05,4.1366e-05,3.9978e-05,3.64625e-05,3.38687e-05,3.02444e-05
5.14884e-05,5.23484e-05,4.80845e-05,4.4871e-05,4.43506e-05,4.24643e-05,4.03981e-05,3.91984e-05,3.55549e-05,3.27934e-05,2.87598e-05
4.89144e-05,5.03498e-05,4.758e-05,4.3582e-05,4.34332e-05,4.18044e-05,3.8906e-05,3.82559e-05,3.49182e-05,3.21702e-05,2.74781e-05
4.83795e-05,4.86995e-05,4.54644e-05,4.2552e-05,4.15603e-05,4.00739e-05,3.77812e-05,3.67432e-05,3.30557e-05,3.10097e-05,2.7101e-05
4.66309e-05,4.75021e-05,4.38485e-05,4.07964e-05,4.01142e-05,3.90046e-05,3.68131e-05,3.61144e-05,3.2432e-05,2.99837e-05,2.63337e-05
4.59965e-05,4.57169e-05,4.29119e-05,4.03791e-05,3.91179e-05,3.80776e-05,3.50687e-05,3.45426e-05,3.11833e-05,2.91076e-05,2.53056e-05
4.42227e-05,4.40619e-05,4.14591e-05,3.88054e-05,3.82081e-05,3.656e-05,3.47329e-05,3.31996e-05,3.01871e-05,2.82321e-05,2.46155e-05
4.32796e-05,4.3162e-05,4.01493e-05,3.71515e-05,3.67348e-05,3.55274e-05,3.37348e-05,3.24508e-05,2.95684e-05,2.73158e-05,2.38754e-05
4.19106e-05,4.17132e-05,3.89412e-05,3.65382e-05,3.60187e-05,3.45623e-05,3.27632e-05,3.1186e-05,2.84045e-05,2.64687e-05,2.31929e-05
4.08279e-05,3.97067e-05,3.87792e-05,3.57738e-05,3.51216e-05,3.40047e-05,3.18977e-05,3.05197e-05,2.76019e-05,2.59746e-05,2.25188e-05
4.00226e-05,3.97987e-05,3.6466e-05,3.46097e-05,3.39769e-05,3.30551e-05,3.03732e-05,2.9256e-05,2.66871e-05,2.47694e-05,2.20235e-05
3.89234e-05,3.80897e-05,3.62112e-05,3.37402e-05,3.32557e-05,3.22109e-05,2.99822e-05,2.87235e-05,2.62055e-05,2.42611e-05,2.1047e-05
3.77309e-05,3.69599e-05,3.50303e-05,3.27603e-05,3.22524e-05,3.11e-05,2.91233e-05,2.78896e-05,2.55107e-05,2.34643e-05,2.05681e-05
3.65285e-05,3.60773e-05,3.46345e-05,3.1852e-05,3.13472e-05,3.01197e-05,2.82963e-05,2.70317e-05,2.48615e-05,2.291e-05,2.01512e-05
3.58149e-05,3.46071e-05,3.34865e-05,3.11682e-05,3.07107e-05,2.94159e-05,2.76017e-05,2.62587e-05,2.4121e-05,2.22826e-05,1.95636e-05
3.47229e-05,3.41723e-05,3.23194e-05,3.01227e-05,3.00131e-05,2.87983e-05,2.68264e-05,2.54769e-05,2.33545e-05,2.15186e-05,1.89835e-05
3.39042e-05,3.30646e-05,3.14188e-05,2.9363e-05,2.90992e-05,2.79114e-05,2.60479e-05,2.47713e-05,2.2736e-05,2.09697e-05,1.85552e-05
3.32823e-05,3.22143e-05,3.06948e-05,2.87297e-05,2.82562e-05,2.71758e-05,2.53818e-05,2.40718e-05,2.20969e-05,2.05597e-05,1.81475e-05
3.23152e-05,3.13947e-05,2.99451e-05,2.79707e-05,2.74266e-05,2.6578e-05,2.42318e-05,2.33926e-05,2.15916e-05,1.98727e-05,1.76874e-05
3.11703e-05,3.055e-05,2.89976e-05,2.70792e-05,2.70218e-05,2.58268e-05,2.40436e-05,2.26518e-05,2.08574e-05,1.92998e-05,1.72552e-05
3.04807e-05,2.96716e-05,2.82188e-05,2.63598e-05,2.62483e-05,2.50395e-05,2.33262e-05,2.20934e-05,2.03677e-05,1.88405e-05,1.6856e-05
2.94772e-05,2.88957e-05,2.77408e-05,2.54809e-05,2.55651e-05,2.43476e-05,2.26758e-05,2.14695e-05,1.98459e-05,1.83621e-05,1.65213e-05
2.88906e-05,2.80474e-05,2.67201e-05,2.4976e-05,2.49444e-05,2.37148e-05,2.21288e-05,2.0939e-05,1.93333e-05,1.78862e-05,1.61137e-05
2.79293e-05,2.74164e-05,2.61189e-05,2.44076e-05,2.4204e-05,2.30996e-05,2.15113e-05,2.03285e-05,1.8895e-05,1.74293e-05,1.57246e-05
2.72829e-05,2.65688e-05,2.53669e-05,2.37806e-05,2.37601e-05,2.25534e-05,2.1057e-05,1.98156e-05,1.82819e-05,1.70474e-05,1.53692e-05
2.67426e-05,2.58861e-05,2.4857e-05,2.31236e-05,2.30657e-05,2.19738e-05,2.03651e-05,1.93539e-05,1.78331e-05,1.66357e-05,1.50132e-05
2.60857e-05,2.51348e-05,2.42368e-05,2.25706e-05,2.25306e-05,2.14251e-05,1.99012e-05,1.88267e-05,1.73537e-05,1.62478e-05,1.46811e-05
2.52546e-05,2.44962e-05,2.34975e-05,2.18759e-05,2.18602e-05,2.07771e-05,1.92817e-05,1.83373e-05,1.69437e-05,1.57552e-05,1.42532e-05
2.46147e-05,2.38895e-05,2.27871e-05,2.12969e-05,2.12692e-05,2.01624e-05,1.88479e-05,1.77869e-05,1.65917e-05,1.53034e-05,1.39366e-05
2.40391e-05,2.32128e-05,2.21627e-05,2.07223e-05,2.07864e-05,1.97271e-05,1.8414e-05,1.7258e-05,1.61568e-05,1.49738e-05,1.35984e-05
2.32822e-05,2.25907e-05,2.16053e-05,2.01275e-05,2.03283e-05,1.92321e-05,1.79834e-05,1.68987e-05,1.57006e-05,1.45924e-05,1.3254e-05
2.27705e-05,2.18846e-05,2.1097e-05,1.96978e-05,1.97958e-05,1.86852e-05,1.74364e-05,1.64569e-05,1.53107e-05,1.41737e-05,1.29715e-05
2.21784e-05,2.127e-05,2.04918e-05,1.91568e-05,1.93194e-05,1.81908e-05,1.7016e-05,1.60565e-05,1.49552e-05,1.38052e-05,1.26947e-05
2.1568e-05,2.08381e-05,1.99267e-05,1.86441e-05,1.87317e-05,1.77551e-05,1.66184e-05,1.56325e-05,1.45578e-05,1.34505e-05,1.23865e-05
2.10247e-05,2.01137e-05,1.93876e-05,1.81394e-05,1.82855e-05,1.72183e-05,1.62073e-05,1.52385e-05,1.41947e-05,1.31159e-05,1.19987e-05
2.036e-05,1.96096e-05,1.8901e-05,1.76484e-05,1.778e-05,1.68235e-05,1.57735e-05,1.48522e-05,1.38529e-05,1.27614e-05,1.17264e-05
1.9774e-05,1.90054e-05,1.83486e-05,1.7235e-05,1.73401e-05,1.63876e-05,1.54589e-05,1.44935e-05,1.35096e-05,1.24721e-05,1.14324e-05
1.93315e-05,1.84949e-05,1.79109e-05,1.67678e-05,1.68876e-05,1.59659e-05,1.50003e-05,1.40828e-05,1.31717e-05,1.21302e-05,1.11046e-05
1.87901e-05,1.80511e-05,1.74282e-05,1.63235e-05,1.64991e-05,1.55628e-05,1.46387e-05,1.36981e-05,1.2852e-05,1.17745e-05,1.08306e-05
1.83578e-05,1.74856e-05,1.69875e-05,1.59507e-05,1.60185e-05,1.51583e-05,1.42549e-05,1.33626e-05,1.25024e-05,1.15146e-05,1.05542e-05
1.78863e-05,1.70534e-05,1.64555e-05,1.55467e-05,1.56243e-05,1.47718e-05,1.39196e-05,1.30497e-05,1.21972e-05,1.11853e-05,1.02871e-05
1.74395e-05,1.65112e-05,1.61062e-05,1.51004e-05,1.52113e-05,1.43973e-05,1.35331e-05,1.27609e-05,1.18589e-05,1.09324e-05,1.00012e-05
1.69085e-05,1.61338e-05,1.56644e-05,1.47002e-05,1.48525e-05,1.4058e-05,1.32019e-05,1.24199e-05,1.15904e-05,1.06215e-05,9.72908e-06
1.64959e-05,1.56521e-05,1.52387e-05,1.44032e-05,1.4396e-05,1.36919e-05,1.28629e-05,1.2095e-05,1.13004e-05,1.03505e-05,9.48318e-06
1.60398e-05,1.52231e-05,1.48524e-05,1.39392e-05,1.40463e-05,1.3332e-05,1.25857e-05,1.18148e-05,1.10303e-05,1.00889e-05,9.23132e-06
1.56464e-05,1.48193e-05,1.44325e-05,1.3594e-05,1.3661e-05,1.2981e-05,1.22191e-05,1.14936e-05,1.07401e-05,9.82153e-06,8.97848e-06
1.52364e-05,1.45391e-05,1.40387e-05,1.32646e-05,1.33127e-05,1.26691e-05,1.19213e-05,1.118e-05,1.04401e-05,9.52543e-06,8.78023e-06
1.48423e-05,1.40182e-05,1.37404e-05,1.29316e-05,1.29372e-05,1.23287e-05,1.16234e-05,1.09408e-05,1.02343e-05,9.34622e-06,8.51256e-06
1.44458e-05,1.37412e-05,1.33426e-05,1.25602e-05,1.26216e-05,1.20175e-05,1.13138e-05,1.06574e-05,9.95031e-06,9.0763e-06,8.2799e-06
1.41153e-05,1.33252e-05,1.29921e-05,1.22559e-05,1.22895e-05,1.17075e-05,1.10448e-05,1.04008e-05,9.66995e-06,8.82598e-06,8.06013e-06
1.37331e-05,1.29802e-05,1.26135e-05,1.19812e-05,1.1958e-05,1.14094e-05,1.07399e-05,1.00941e-05,9.40192e-06,8.58892e-06,7.84238e-06
1.33836e-05,1.26322e-05,1.22925e-05,1.16405e-05,1.16485e-05,1.11103e-05,1.04857e-05,9.8758e-06,9.18887e-06,8.35783e-06,7.62825e-06
1.30374e-05,1.2282e-05,1.1987e-05,1.13521e-05,1.13294e-05,1.08475e-05,1.02254e-05,9.6399e-06,8.9428e-06,8.13047e-06,7.41382e-06
1.27681e-05,1.1989e-05,1.16846e-05,1.10825e-05,1.10862e-05,1.05817e-05,9.95777e-06,9.36742e-06,8.70746e-06,7.90245e-06,7.23155e-06
1.24206e-05,1.16927e-05,1.1382e-05,1.07567e-05,1.07762e-05,1.0312e-05,9.69439e-06,9.1498e-06,8.4999e-06,7.69787e-06,7.02628e-06
1.21015e-05,1.13709e-05,1.10613e-05,1.04801e-05,1.0497e-05,1.00388e-05,9.46614e-06,8.92242e-06,8.26287e-06,7.48515e-06,6.81928e-06
1.18032e-05,1.11329e-05,1.07633e-05,1.02143e-05,1.02237e-05,9.78637e-06,9.20656e-06,8.69798e-06,8.05737e-06,7.28849e-06,6.65769e-06
1.15205e-05,1.08327e-05,1.05233e-05,9.98448e-06,9.95167e-06,9.51217e-06,9.00001e-06,8.48032e-06,7.8392e-06,7.08164e-06,6.47577e-06
1.11946e-05,1.05549e-05,1.02643e-05,9.7497e-06,9.67309e-06,9.27528e-06,8.76567e-06,8.23904e-06,7.63032e-06,6.89899e-06,6.30452e-06
1.09478e-05,1.02418e-05,1.00208e-05,9.512e-06,9.44141e-06,9.05405e-06,8.54273e-06,8.06228e-06,7.42079e-06,6.70256e-06,6.10759e-06
1.06538e-05,1.00297e-05,9.75233e-06,9.24116e-06,9.19566e-06,8.84357e-06,8.31858e-06,7.81699e-06,7.22203e-06,6.51109e-06,5.97788e-06
1.03838e-05,9.71276e-06,9.49051e-06,9.01518e-06,8.98579e-06,8.6077e-06,8.10371e-06,7.65857e-06,7.0794e-06,6.34992e-06,5.78918e-06
1.01272e-05,9.52896e-06,9.24657e-06,8.80201e-06,8.74204e-06,8.37832e-06,7.89692e-06,7.478e-06,6.8761e-06,6.17507e-06,5.63554e-06
9.84962e-06,9.25719e-06,9.02057e-06,8.55049e-06,8.50005e-06,8.16765e-06,7.67943e-06,7.27111e-06,6.7151e-06,6.00082e-06,5.46226e-06
9.61275e-06,9.07127e-06,8.79049e-06,8.38124e-06,8.27498e-06,7.98189e-06,7.50893e-06,7.09295e-06,6.51118e-06,5.84722e-06,5.32575e-06
9.40936e-06,8.81819e-06,8.54481e-06,8.22246e-06,8.05363e-06,7.74447e-06,7.33759e-06,6.93912e-06,6.34587e-06,5.70221e-06,5.18644e-06
9.13985e-06,8.60813e-06,8.39115e-06,7.96182e-06,7.87641e-06,7.60003e-06,7.12495e-06,6.73839e-06,6.1874e-06,5.55343e-06,5.02899e-06
8.92268e-06,8.40228e-06,8.12121e-06,7.75812e-06,7.67781e-06,7.40594e-06,6.91559e-06,6.56963e-06,6.04648e-06,5.39305e-06,4.9062e-06
8.69083e-06,8.16089e-06,7.92623e-06,7.57241e-06,7.44748e-06,7.18105e-06,6.76762e-06,6.39998e-06,5.86642e-06,5.24026e-06,4.75371e-06
8.50204e-06,7.99187e-06,7.72447e-06,7.3717e-06,7.29824e-06,7.01609e-06,6.60297e-06,6.27654e-06,5.72269e-06,5.09211e-06,4.63904e-06
8.274e-06,7.77561e-06,7.54135e-06,7.19753e-06,7.09131e-06,6.81841e-06,6.4215e-06,6.13226e-06,5.57329e-06,4.96032e-06,4.50012e-06
8.08288e-06,7.58051e-06,7.40672e-06,7.07316e-06,6.93299e-06,6.65731e-06,6.26859e-06,5.95692e-06,5.43151e-06,4.84268e-06,4.37808e-06
7.8685e-06,7.44187e-06,7.22503e-06,6.87951e-06,6.74991e-06,6.50248e-06,6.09534e-06,5.80658e-06,5.28448e-06,4.71122e-06,4.26142e-06
7.63142e-06,7.21608e-06,7.03329e-06,6.6984e-06,6.56567e-06,6.3512e-06,5.96429e-06,5.62468e-06,5.15437e-06,4.57343e-06,4.12935e-06
7.45467e-06,7.03767e-06,6.83891e-06,6.56813e-06,6.43774e-06,6.15523e-06,5.80656e-06,5.50907e-06,5.01578e-06,4.45073e-06,4.03997e-06
7.24176e-06,6.87466e-06,6.71677e-06,6.36974e-06,6.25104e-06,6.03134e-06,5.66453e-06,5.43968e-06,4.90113e-06,4.35455e-06,3.91737e-06
7.09544e-06,6.67866e-06,6.50997e-06,6.23045e-06,6.11455e-06,5.86536e-06,5.53757e-06,5.23986e-06,4.76447e-06,4.2281e-06,3.803e-06
6.94679e-06,6.51275e-06,6.37798e-06,6.06047e-06,5.98401e-06,5.73793e-06,5.38589e-06,5.14887e-06,4.66568e-06,4.11649e-06,3.69758e-06
6.76356e-06,6.37744e-06,6.2252e-06,5.95498e-06,5.80562e-06,5.60251e-06,5.24576e-06,5.02261e-06,4.52748e-06,4.01519e-06,3.59134e-06
6.56532e-06,6.16961e-06,6.09216e-06,5.76986e-06,5.68152e-06,5.49289e-06,5.14375e-06,4.89038e-06,4.45415e-06,3.91877e-06,3.49925e-06
6.43743e-06,6.06577e-06,5.9109e-06,5.68671e-06,5.51293e-06,5.32307e-06,5.02702e-06,4.77211e-06,4.30052e-06,3.81188e-06,3.4039e-06
6.24533e-06,5.91583e-06,5.75754e-06,5.49244e-06,5.41473e-06,5.21366e-06,4.87343e-06,4.64017e-06,4.20727e-06,3.70221e-06,3.29724e-06
6.14435e-06,5.77564e-06,5.59105e-06,5.40144e-06,5.2867e-06,5.08466e-06,4.76712e-06,4.50904e-06,4.09202e-06,3.61513e-06,3.22122e-06
5.96556e-06,5.64114e-06,5.49347e-06,5.2431e-06,5.15804e-06,4.94264e-06,4.6508e-06,4.43264e-06,4.01444e-06,3.53398e-06,3.13308e-06
5.83165e-06,5.51387e-06,5.36546e-06,5.13133e-06,5.02901e-06,4.84562e-06,4.53661e-06,4.30863e-06,3.90447e-06,3.4545e-06,3.03847e-06
5.67813e-06,5.35024e-06,5.26315e-06,5.00014e-06,4.90702e-06,4.72578e-06,4.45067e-06,4.24449e-06,3.81021e-06,3.35874e-06,2.97859e-06
5.53315e-06,5.24237e-06,5.10542e-06,4.90723e-06,4.80551e-06,4.60652e-06,4.32799e-06,4.11758e-06,3.71543e-06,3.27609e-06,2.88915e-06
5.359e-06,5.11167e-06,5.0263e-06,4.78413e-06,4.67692e-06,4.51588e-06,4.25193e-06,4.0276e-06,3.63264e-06,3.2089e-06,2.80512e-06
5.25026e-06,4.98421e-06,4.89189e-06,4.69217e-06,4.57337e-06,4.40643e-06,4.13191e-06,3.94009e-06,3.55705e-06,3.11864e-06,2.74661e-06
5.11155e-06,4.86136e-06,4.76458e-06,4.5673e-06,4.47735e-06,4.31614e-06,4.02184e-06,3.82522e-06,3.47008e-06,3.04256e-06,2.65683e-06
5.03235e-06,4.75357e-06,4.67371e-06,4.4638e-06,4.38214e-06,4.20508e-06,3.95954e-06,3.75004e-06,3.39078e-06,2.96699e-06,2.60081e-06
4.8865e-06,4.65197e-06,4.53839e-06,4.37131e-06,4.2674e-06,4.10673e-06,3.84588e-06,3.6893e-06,3.30558e-06,2.90702e-06,2.53478e-06
4.79834e-06,4.55802e-06,4.44242e-06,4.26539e-06,4.17213e-06,4.00396e-06,3.75065e-06,3.57061e-06,3.21393e-06,2.82069e-06,2.46299e-06
4.69532e-06,4.43897e-06,4.3416e-06,4.15627e-06,4.05867e-06,3.90654e-06,3.67602e-06,3.51001e-06,3.14117e-06,2.75689e-06,2.40518e-06
4.57517e-06,4.32221e-06,4.24157e-06,4.05122e-06,3.9639e-06,3.8208e-06,3.59674e-06,3.41779e-06,3.0789e-06,2.67918e-06,2.3518e-06
4.43518e-06,4.22941e-06,4.17504e-06,3.97076e-06,3.88518e-06,3.74661e-06,3.5102e-06,3.36177e-06,3.01039e-06,2.62217e-06,2.29641e-06
4.30919e-06,4.11358e-06,4.05218e-06,3.88375e-06,3.79596e-06,3.66746e-06,3.42341e-06,3.23957e-06,2.95816e-06,2.56876e-06,2.21794e-06
4.25647e-06,4.02831e-06,3.95875e-06,3.79383e-06,3.74977e-06,3.58801e-06,3.3547e-06,3.19913e-06,2.89998e-06,2.50722e-06,2.17626e-06
4.14653e-06,3.96165e-06,3.87321e-06,3.74223e-06,3.63418e-06,3.51122e-06,3.29704e-06,3.08928e-06,2.8069e-06,2.44713e-06,2.12444e-06
4.05589e-06,3.874e-06,3.79159e-06,3.62141e-06,3.56294e-06,3.41818e-06,3.20537e-06,3.06063e-06,2.75233e-06,2.39559e-06,2.07179e-06
3.97163e-06,3.78157e-06,3.6895e-06,3.56078e-06,3.48302e-06,3.34426e-06,3.14033e-06,2.9681e-06,2.6781e-06,2.33719e-06,2.02199e-06
3.87191e-06,3.69873e-06,3.61927e-06,3.47749e-06,3.42171e-06,3.27329e-06,3.06553e-06,2.91527e-06,2.63289e-06,2.28186e-06,1.97488e-06
3.77674e-06,3.61421e-06,3.53033e-06,3.40999e-06,3.33716e-06,3.21111e-06,3.00714e-06,2.84392e-06,2.57605e-06,2.23548e-06,1.91423e-06
3.67273e-06,3.53326e-06,3.45724e-06,3.31752e-06,3.25143e-06,3.15039e-06,2.94084e-06,2.76549e-06,2.51914e-06,2.1892e-06,1.86917e-06
3.60562e-06,3.44997e-06,3.39659e-06,3.24176e-06,3.21328e-06,3.06721e-06,2.87271e-06,2.72271e-06,2.45228e-06,2.13652e-06,1.83015e-06
3.54175e-06,3.37365e-06,3.29654e-06,3.18304e-06,3.13383e-06,2.99827e-06,2.814e-06,2.64923e-06,2.40691e-06,2.08295e-06,1.791e-06
3.44943e-06,3.29195e-06,3.21877e-06,3.13409e-06,3.06101e-06,2.9367e-06,2.7539e-06,2.61108e-06,2.36761e-06,2.03777e-06,1.75821e-06
3.3641e-06,3.23274e-06,3.1681e-06,3.05864e-06,3.0009e-06,2.8743e-06,2.69775e-06,2.54587e-06,2.30383e-06,1.99132e-06,1.71334e-06
3.30104e-06,3.14644e-06,3.08895e-06,2.97461e-06,2.92034e-06,2.80865e-06,2.63722e-06,2.48308e-06,2.25784e-06,1.94854e-06,1.66943e-06
3.23823e-06,3.08181e-06,3.02283e-06,2.93395e-06,2.8613e-06,2.74538e-06,2.58205e-06,2.44585e-06,2.20917e-06,1.90292e-06,1.63625e-06
3.15571e-06,3.02202e-06,2.97496e-06,2.87529e-06,2.80032e-06,2.68748e-06,2.52404e-06,2.37675e-06,2.15614e-06,1.85851e-06,1.59881e-06
3.10077e-06,2.94349e-06,2.9068e-06,2.79524e-06,2.74682e-06,2.62976e-06,2.47703e-06,2.32366e-06,2.11472e-06,1.82155e-06,1.55764e-06
3.01317e-06,2.88068e-06,2.83939e-06,2.75649e-06,2.68014e-06,2.57925e-06,2.42927e-06,2.27933e-06,2.06886e-06,1.78378e-06,1.52527e-06
2.96237e-06,2.82278e-06,2.77451e-06,2.70162e-06,2.63114e-06,2.52508e-06,2.38146e-06,2.22398e-06,2.02535e-06,1.74407e-06,1.49287e-06
2.91117e-06,2.78308e-06,2.72047e-06,2.62179e-06,2.57389e-06,2.46586e-06,2.33025e-06,2.18607e-06,1.98433e-06,1.70408e-06,1.46811e-06
2.84499e-06,2.71881e-06,2.65612e-06,2.56008e-06,2.52923e-06,2.41788e-06,2.28802e-06,2.13161e-06,1.94232e-06,1.67621e-06,1.42401e-06
2.76586e-06,2.66068e-06,2.59753e-06,2.51788e-06,2.47835e-06,2.36839e-06,2.24283e-06,2.09318e-06,1.89677e-06,1.63796e-06,1.39703e-06
2.71693e-06,2.61433e-06,2.5323e-06,2.47318e-06,2.42651e-06,2.31055e-06,2.18704e-06,2.0589e-06,1.85213e-06,1.60629e-06,1.36926e-06
2.65603e-06,2.5447e-06,2.49039e-06,2.41935e-06,2.36011e-06,2.26544e-06,2.1516e-06,1.99514e-06,1.82105e-06,1.56676e-06,1.33775e-06
2.61407e-06,2.49351e-06,2.44253e-06,2.36166e-06,2.31762e-06,2.21721e-06,2.10606e-06,1.96581e-06,1.77865e-06,1.53162e-06,1.30675e-06
2.5419e-06,2.43855e-06,2.38336e-06,2.31947e-06,2.27792e-06,2.17923e-06,2.06153e-06,1.91717e-06,1.7514e-06,1.49755e-06,1.28253e-06
2.50418e-06,2.39906e-06,2.33328e-06,2.27235e-06,2.23185e-06,2.12545e-06,2.02102e-06,1.86941e-06,1.70963e-06,1.47419e-06,1.24867e-06
2.44269e-06,2.33851e-06,2.28524e-06,2.22707e-06,2.18558e-06,2.08928e-06,1.98656e-06,1.83365e-06,1.66882e-06,1.44336e-06,1.22277e-06
2.3916e-06,2.29358e-06,2.23964e-06,2.17677e-06,2.13893e-06,2.04009e-06,1.93788e-06,1.79827e-06,1.63502e-06,1.40826e-06,1.19887e-06
2.34005e-06,2.24321e-06,2.19726e-06,2.12632e-06,2.10924e-06,1.99573e-06,1.89837e-06,1.76727e-06,1.60464e-06,1.37579e-06,1.17587e-06
2.29514e-06,2.20322e-06,2.15194e-06,2.09108e-06,2.04917e-06,1.95695e-06,1.86409e-06,1.72342e-06,1.56637e-06,1.34997e-06,1.14877e-06
2.2483e-06,2.16047e-06,2.10723e-06,2.04863e-06,2.0073e-06,1.91478e-06,1.82591e-06,1.68863e-06,1.53325e-06,1.32132e-06,1.12419e-06
2.19658e-06,2.10962e-06,2.06542e-06,2.01094e-06,1.97007e-06,1.88218e-06,1.8027e-06,1.65602e-06,1.50239e-06,1.29461e-06,1.09921e-06
2.16948e-06,2.07016e-06,2.0171e-06,1.96879e-06,1.92045e-06,1.83668e-06,1.75105e-06,1.61574e-06,1.47001e-06,1.2661e-06,1.07709e-06
2.11745e-06,2.02875e-06,1.97278e-06,1.93284e-06,1.90173e-06,1.80282e-06,1.7198e-06,1.58272e-06,1.44587e-06,1.2388e-06,1.05673e-06
2.08032e-06,1.99254e-06,1.93338e-06,1.89136e-06,1.85498e-06,1.76308e-06,1.68532e-06,1.553e-06,1.40876e-06,1.21574e-06,1.03198e-06
2.03228e-06,1.94587e-06,1.89709e-06,1.8555e-06,1.81271e-06,1.72777e-06,1.65016e-06,1.52045e-06,1.38134e-06,1.18656e-06,1.01076e-06
1.98985e-06,1.90945e-06,1.86358e-06,1.81795e-06,1.78378e-06,1.69431e-06,1.62398e-06,1.49025e-06,1.35198e-06,1.16467e-06,9.89052e-07
1.94164e-06,1.87637e-06,1.82836e-06,1.77526e-06,1.75323e-06,1.65791e-06,1.58578e-06,1.45278e-06,1.32419e-06,1.14003e-06,9.64894e-07
1.91734e-06,1.83548e-06,1.78673e-06,1.74804e-06,1.72226e-06,1.62697e-06,1.55467e-06,1.42824e-06,1.29924e-06,1.11481e-06,9.47404e-07
1.87264e-06,1.80292e-06,1.75518e-06,1.70856e-06,1.67927e-06,1.59203e-06,1.53066e-06,1.39814e-06,1.2708e-06,1.09256e-06,9.25713e-07
1.83118e-06,1.77084e-06,1.7228e-06,1.6811e-06,1.6571e-06,1.56355e-06,1.50111e-06,1.37197e-06,1.24609e-06,1.07009e-06,9.08528e-07
1.80197e-06,1.73339e-06,1.68794e-06,1.65129e-06,1.62156e-06,1.53023e-06,1.47169e-06,1.34437e-06,1.21901e-06,1.04938e-06,8.89852e-07
1.76447e-06,1.69939e-06,1.64968e-06,1.61419e-06,1.58922e-06,1.50175e-06,1.44085e-06,1.31548e-06,1.19626e-06,1.02491e-06,8.71399e-07
1.73237e-06,1.67136e-06,1.62032e-06,1.58388e-06,1.56621e-06,1.46997e-06,1.40992e-06,1.28809e-06,1.17036e-06,1.00345e-06,8.53083e-07
1.6988e-06,1.63786e-06,1.58943e-06,1.55319e-06,1.52679e-06,1.44212e-06,1.3855e-06,1.25886e-06,1.14478e-06,9.84675e-07,8.3309e-07
1.66903e-06,1.6048e-06,1.55912e-06,1.52352e-06,1.49063e-06,1.41251e-06,1.35688e-06,1.23612e-06,1.1193e-06,9.62372e-07,8.17663e-07
1.63361e-06,1.57324e-06,1.53388e-06,1.49874e-06,1.47145e-06,1.38563e-06,1.33221e-06,1.21125e-06,1.0993e-06,9.42441e-07,8.0157e-07
1.60561e-06,1.54248e-06,1.50219e-06,1.46834e-06,1.43912e-06,1.35897e-06,1.30748e-06,1.18439e-06,1.07709e-06,9.23196e-07,7.82882e-07
1.57485e-06,1.5122e-06,1.47218e-06,1.44332e-06,1.41399e-06,1.33092e-06,1.28362e-06,1.16256e-06,1.05559e-06,9.03582e-07,7.68051e-07
1.54353e-06,1.48782e-06,1.44285e-06,1.41187e-06,1.39109e-06,1.30471e-06,1.25697e-06,1.13889e-06,1.03279e-06,8.86056e-07,7.51951e-07
1.516e-06,1.46412e-06,1.41712e-06,1.38346e-06,1.36456e-06,1.2812e-06,1.23189e-06,1.11664e-06,1.01205e-06,8.68835e-07,7.36498e-07
1.485e-06,1.437e-06,1.39034e-06,1.35977e-06,1.33871e-06,1.25514e-06,1.21061e-06,1.09567e-06,9.91463e-07,8.50403e-07,7.22191e-07
1.45668e-06,1.4081e-06,1.36478e-06,1.33429e-06,1.31308e-06,1.23153e-06,1.18603e-06,1.07048e-06,9.70889e-07,8.32568e-07,7.05926e-07
1.42808e-06,1.38131e-06,1.33744e-06,1.30781e-06,1.29061e-06,1.20848e-06,1.16377e-06,1.05002e-06,9.52547e-07,8.15131e-07,6.91409e-07
1.40736e-06,1.35614e-06,1.3152e-06,1.28672e-06,1.26618e-06,1.18497e-06,1.14224e-06,1.02885e-06,9.31166e-07,7.98845e-07,6.77535e-07
1.3787e-06,1.33151e-06,1.28856e-06,1.26152e-06,1.23886e-06,1.16348e-06,1.11965e-06,1.00913e-06,9.13556e-07,7.82173e-07,6.64336e-07
1.35398e-06,1.31151e-06,1.26438e-06,1.24242e-06,1.21902e-06,1.1402e-06,1.09983e-06,9.8888e-07,8.94132e-07,7.67049e-07,6.51047e-07
1.32588e-06,1.28565e-06,1.24266e-06,1.21835e-06,1.19759e-06,1.11904e-06,1.08003e-06,9.69998e-07,8.77155e-07,7.50646e-07,6.37915e-07
1.30686e-06,1.26283e-06,1.222e-06,1.19568e-06,1.1761e-06,1.10202e-06,1.06207e-06,9.52299e-07,8.60368e-07,7.36858e-07,6.26185e-07
1.28103e-06,1.2415e-06,1.20029e-06,1.17311e-06,1.15526e-06,1.08051e-06,1.0393e-06,9.3203e-07,8.43538e-07,7.20974e-07,6.12674e-07
1.25714e-06,1.21954e-06,1.18065e-06,1.15518e-06,1.1326e-06,1.06027e-06,1.02117e-06,9.13699e-07,8.25309e-07,7.072e-07,6.0134e-07
1.23508e-06,1.19696e-06,1.15916e-06,1.13247e-06,1.11394e-06,1.04145e-06,1.00117e-06,8.96997e-07,8.08942e-07,6.91761e-07,5.89176e-07
1.21314e-06,1.17565e-06,1.13786e-06,1.11399e-06,1.09371e-06,1.02301e-06,9.83507e-07,8.79271e-07,7.94517e-07,6.78699e-07,5.7796e-07
1.19183e-06,1.15519e-06,1.11688e-06,1.09432e-06,1.07451e-06,1.00245e-06,9.64937e-07,8.61347e-07,7.7951e-07,6.65719e-07,5.66154e-07
1.16935e-06,1.13628e-06,1.09713e-06,1.07597e-06,1.05551e-06,9.8783e-07,9.48905e-07,8.48053e-07,7.6442e-07,6.52368e-07,5.55015e-07
1.15137e-06,1.11864e-06,1.08114e-06,1.05789e-06,1.03908e-06,9.69847e-07,9.30131e-07,8.31347e-07,7.47965e-07,6.38246e-07,5.43278e-07
1.13016e-06,1.09828e-06,1.06026e-06,1.03951e-06,1.01847e-06,9.54338e-07,9.1517e-07,8.15225e-07,7.35116e-07,6.27473e-07,5.33659e-07
1.11136e-06,1.0808e-06,1.04474e-06,1.02079e-06,1.00154e-06,9.34406e-07,8.97831e-07,7.99055e-07,7.19201e-07,6.14493e-07,5.22636e-07
1.09292e-06,1.06177e-06,1.02257e-06,1.00326e-06,9.84526e-07,9.18077e-07,8.81326e-07,7.84396e-07,7.06039e-07,6.01545e-07,5.12391e-07
1.07274e-06,1.04476e-06,1.00842e-06,9.87217e-07,9.67486e-07,9.05174e-07,8.68469e-07,7.69251e-07,6.93244e-07,5.89556e-07,5.02998e-07
1.05108e-06,1.02749e-06,9.90544e-07,9.6981e-07,9.50578e-07,8.86779e-07,8.50774e-07,7.55544e-07,6.8077e-07,5.79121e-07,4.94071e-07
1.03257e-06,1.00784e-06,9.76663e-07,9.55955e-07,9.34185e-07,8.71462e-07,8.36551e-07,7.40929e-07,6.67891e-07,5.69491e-07,4.84969e-07
1.01688e-06,9.94506e-07,9.58198e-07,9.38511e-07,9.19286e-07,8.59439e-07,8.21259e-07,7.2675e-07,6.56185e-07,5.57653e-07,4.74293e-07
9.98718e-07,9.74619e-07,9.41652e-07,9.22561e-07,9.04323e-07,8.44884e-07,8.05235e-07,7.14938e-07,6.42898e-07,5.46447e-07,4.66625e-07
9.82862e-07,9.58544e-07,9.2759e-07,9.09592e-07,8.8945e-07,8.31125e-07,7.93866e-07,7.0322e-07,6.30896e-07,5.36636e-07,4.57826e-07
9.65929e-07,9.43019e-07,9.10672e-07,8.93613e-07,8.75722e-07,8.17265e-07,7.79884e-07,6.91279e-07,6.18721e-07,5.26745e-07,4.49505e-07
9.53204e-07,9.315e-07,8.99899e-07,8.79598e-07,8.59341e-07,8.05017e-07,7.65417e-07,6.78723e-07,6.07591e-07,5.15755e-07,4.42363e-07
9.36105e-07,9.13901e-07,8.82017e-07,8.65297e-07,8.4546e-07,7.89753e-07,7.53602e-07,6.65124e-07,5.97392e-07,5.07703e-07,4.33063e-07
9.14854e-07,8.97588e-07,8.66222e-07,8.51782e-07,8.29935e-07,7.76253e-07,7.42553e-07,6.5359e-07,5.86844e-07,4.98404e-07,4.25443e-07
9.08198e-07,8.85017e-07,8.5953e-07,8.37643e-07,8.16501e-07,7.65901e-07,7.26009e-07,6.43589e-07,5.76451e-07,4.89375e-07,4.1663e-07
8.89402e-07,8.6978e-07,8.39968e-07,8.2493e-07,8.04987e-07,7.51247e-07,7.17237e-07,6.3057e-07,5.66179e-07,4.80598e-07,4.09745e-07
8.77272e-07,8.5867e-07,8.29905e-07,8.12969e-07,7.9636e-07,7.40125e-07,7.05691e-07,6.19882e-07,5.57054e-07,4.71853e-07,4.03137e-07
8.59593e-07,8.37567e-07,8.1375e-07,8.0074e-07,7.80057e-07,7.28101e-07,6.93713e-07,6.11332e-07,5.47267e-07,4.64822e-07,3.95106e-07
8.42902e-07,8.30371e-07,8.01795e-07,7.89158e-07,7.67125e-07,7.17814e-07,6.81916e-07,6.00638e-07,5.3688e-07,4.56215e-07,3.88286e-07
8.33563e-07,8.16904e-07,7.93049e-07,7.76694e-07,7.54246e-07,7.0909e-07,6.71223e-07,5.90511e-07,5.28367e-07,4.48756e-07,3.81993e-07
8.20283e-07,8.07269e-07,7.81588e-07,7.66731e-07,7.43737e-07,6.97086e-07,6.5897e-07,5.82223e-07,5.18046e-07,4.40356e-07,3.7467e-07
8.08169e-07,7.92957e-07,7.6777e-07,7.53048e-07,7.33016e-07,6.86572e-07,6.50597e-07,5.71002e-07,5.10915e-07,4.32723e-07,3.68463e-07
7.94766e-07,7.77379e-07,7.56732e-07,7.41529e-07,7.22572e-07,6.74333e-07,6.40708e-07,5.61557e-07,5.02116e-07,4.24974e-07,3.62402e-07
7.81323e-07,7.70593e-07,7.4719e-07,7.33916e-07,7.1051e-07,6.68926e-07,6.30417e-07,5.53506e-07,4.95331e-07,4.18068e-07,3.56999e-07
7.69348e-07,7.5833e-07,7.34648e-07,7.19312e-07,6.98759e-07,6.58297e-07,6.21737e-07,5.43346e-07,4.86294e-07,4.11444e-07,3.49051e-07
7.60125e-07,7.47027e-07,7.23208e-07,7.10654e-07,6.90071e-07,6.46001e-07,6.10918e-07,5.37424e-07,4.78472e-07,4.04311e-07,3.4475e-07
7.43987e-07,7.34885e-07,7.14509e-07,6.99884e-07,6.79008e-07,6.4042e-07,6.00608e-07,5.28391e-07,4.69762e-07,3.97928e-07,3.38831e-07
7.33573e-07,7.24002e-07,7.01751e-07,6.90317e-07,6.68876e-07,6.2929e-07,5.92347e-07,5.18918e-07,4.63318e-07,3.91186e-07,3.3288e-07
7.21938e-07,7.1586e-07,6.91194e-07,6.80594e-07,6.58275e-07,6.18431e-07,5.82857e-07,5.11061e-07,4.55974e-07,3.84998e-07,3.26226e-07
7.14047e-07,7.02528e-07,6.85916e-07,6.72877e-07,6.49914e-07,6.11601e-07,5.74758e-07,5.04643e-07,4.48642e-07,3.80689e-07,3.20868e-07
6.99089e-07,6.94012e-07,6.73408e-07,6.61541e-07,6.41136e-07,6.03385e-07,5.67128e-07,4.95112e-07,4.41758e-07,3.72597e-07,3.15637e-07
6.91535e-07,6.85168e-07,6.63835e-07,6.50614e-07,6.29232e-07,5.95832e-07,5.57213e-07,4.88114e-07,4.3468e-07,3.67225e-07,3.10929e-07
6.80506e-07,6.74097e-07,6.56115e-07,6.43333e-07,6.20682e-07,5.87246e-07,5.48337e-07,4.81131e-07,4.27547e-07,3.61163e-07,3.06179e-07
6.69305e-07,6.63245e-07,6.46569e-07,6.32027e-07,6.13552e-07,5.76432e-07,5.4227e-07,4.73779e-07,4.21306e-07,3.55669e-07,3.01205e-07
6.57319e-07,6.55363e-07,6.35554e-07,6.25606e-07,6.02223e-07,5.69852e-07,5.34589e-07,4.66602e-07,4.1502e-07,3.50083e-07,2.95283e-07
6.5154e-07,6.47609e-07,6.27755e-07,6.15615e-07,5.93596e-07,5.62296e-07,5.25105e-07,4.61684e-07,4.09436e-07,3.45241e-07,2.90899e-07
6.37069e-07,6.34951e-07,6.19574e-07,6.08016e-07,5.85983e-07,5.55561e-07,5.17903e-07,4.53541e-07,4.02328e-07,3.39205e-07,2.86676e-07
6.32e-07,6.2775e-07,6.1139e-07,6.01637e-07,5.78427e-07,5.46865e-07,5.12305e-07,4.4671e-07,3.98215e-07,3.34062e-07,2.81973e-07
6.20002e-07,6.1629e-07,6.02663e-07,5.91596e-07,5.69906e-07,5.42462e-07,5.03803e-07,4.42469e-07,3.91247e-07,3.28637e-07,2.77683e-07
6.11371e-07,6.10127e-07,5.93177e-07,5.82083e-07,5.61569e-07,5.34546e-07,4.96904e-07,4.34616e-07,3.84979e-07,3.24e-07,2.72625e-07
6.01897e-07,6.0254e-07,5.84859e-07,5.74365e-07,5.53484e-07,5.22624e-07,4.88962e-07,4.25331e-07,3.79327e-07,3.18916e-07,2.68195e-07
5.97112e-07,5.89983e-07,5.75623e-07,5.68017e-07,5.47915e-07,5.16088e-07,4.82578e-07,4.21878e-07,3.73378e-07,3.14785e-07,2.65237e-07
5.79505e-07,5.81566e-07,5.67753e-07,5.60531e-07,5.37972e-07,5.1028e-07,4.77136e-07,4.16324e-07,3.67879e-07,3.09502e-07,2.6038e-07
5.73294e-07,5.72384e-07,5.61122e-07,5.52433e-07,5.33185e-07,5.05434e-07,4.68382e-07,4.09766e-07,3.63265e-07,3.06496e-07,2.55524e-07
5.67603e-07,5.67494e-07,5.54847e-07,5.43733e-07,5.2413e-07,4.98042e-07,4.63299e-07,4.05173e-07,3.57269e-07,3.01706e-07,2.51515e-07
5.59711e-07,5.61231e-07,5.46667e-07,5.39494e-07,5.19934e-07,4.9181e-07,4.55018e-07,4.00428e-07,3.54702e-07,2.96368e-07,2.47805e-07
5.5424e-07,5.46515e-07,5.40746e-07,5.32752e-07,5.106e-07,4.83388e-07,4.51653e-07,3.92631e-07,3.47767e-07,2.92709e-07,2.45572e-07
5.44696e-07,5.49073e-07,5.32814e-07,5.23624e-07,5.03976e-07,4.7854e-07,4.43735e-07,3.88386e-07,3.42521e-07,2.87438e-07,2.40088e-07
5.36903e-07,5.39382e-07,5.2488e-07,5.15248e-07,4.96241e-07,4.73526e-07,4.37217e-07,3.84181e-07,3.38087e-07,2.831e-07,2.36711e-07
5.28835e-07,5.30375e-07,5.17309e-07,5.09606e-07,4.91116e-07,4.67412e-07,4.33483e-07,3.78887e-07,3.32895e-07,2.80397e-07,2.34071e-07
5.23672e-07,5.26529e-07,5.14076e-07,5.0398e-07,4.85326e-07,4.59045e-07,4.25649e-07,3.72307e-07,3.29809e-07,2.74898e-07,2.29929e-07
5.15325e-07,5.15999e-07,5.06997e-07,4.99279e-07,4.78075e-07,4.57372e-07,4.2162e-07,3.67842e-07,3.2374e-07,2.72124e-07,2.26412e-07
5.05731e-07,5.1221e-07,5.02419e-07,4.91271e-07,4.71297e-07,4.50455e-07,4.13153e-07,3.6521e-07,3.21102e-07,2.67516e-07,2.22445e-07
4.96658e-07,5.03421e-07,4.93747e-07,4.85052e-07,4.63297e-07,4.49325e-07,4.10215e-07,3.58846e-07,3.16279e-07,2.6367e-07,2.19985e-07
4.94596e-07,4.95869e-07,4.85331e-07,4.76849e-07,4.58415e-07,4.36413e-07,4.04932e-07,3.55244e-07,3.10564e-07,2.61352e-07,2.16232e-07
4.85584e-07,4.92449e-07,4.82411e-07,4.70387e-07,4.54525e-07,4.3312e-07,3.99495e-07,3.48722e-07,3.07159e-07,2.56544e-07,2.11749e-07
4.79072e-07,4.85384e-07,4.76846e-07,4.67498e-07,4.47294e-07,4.2934e-07,3.93652e-07,3.47018e-07,3.02228e-07,2.54243e-07,2.09754e-07
4.72087e-07,4.80308e-07,4.68888e-07,4.59137e-07,4.42521e-07,4.21889e-07,3.89113e-07,3.40228e-07,2.99934e-07,2.49116e-07,2.06143e-07
4.65691e-07,4.72417e-07,4.66729e-07,4.54932e-07,4.3573e-07,4.18554e-07,3.838e-07,3.36943e-07,2.948e-07,2.4513e-07,2.02954e-07
4.57366e-07,4.6783e-07,4.55105e-07,4.51964e-07,4.31767e-07,4.12814e-07,3.77925e-07,3.33673e-07,2.90993e-07,2.41856e-07,2.00666e-07
4.50909e-07,4.61873e-07,4.48671e-07,4.44544e-07,4.25585e-07,4.05643e-07,3.73058e-07,3.25057e-07,2.8817e-07,2.37827e-07,1.98171e-07
4.46704e-07,4.53584e-07,4.43854e-07,4.40939e-07,4.19144e-07,4.01742e-07,3.6855e-07,3.23679e-07,2.83245e-07,2.34858e-07,1.95195e-07
4.42247e-07,4.47489e-07,4.37148e-07,4.3207e-07,4.14975e-07,3.94527e-07,3.64801e-07,3.20228e-07,2.7956e-07,2.31969e-07,1.93572e-07
4.35993e-07,4.39842e-07,4.33451e-07,4.27996e-07,4.06837e-07,3.90363e-07,3.59157e-07,3.15474e-07,2.76821e-07,2.29568e-07,1.89734e-07
4.29408e-07,4.34025e-07,4.28757e-07,4.22548e-07,4.02262e-07,3.86757e-07,3.54749e-07,3.11079e-07,2.73352e-07,2.27113e-07,1.86601e-07
4.21831e-07,4.31705e-07,4.22618e-07,4.17708e-07,3.97994e-07,3.82707e-07,3.51282e-07,3.09156e-07,2.68325e-07,2.24006e-07,1.84013e-07
4.15339e-07,4.23858e-07,4.18798e-07,4.1199e-07,3.92335e-07,3.76768e-07,3.44672e-07,3.03473e-07,2.6563e-07,2.20292e-07,1.80798e-07
4.11483e-07,4.15393e-07,4.11983e-07,4.03857e-07,3.89083e-07,3.69593e-07,3.41152e-07,2.98587e-07,2.62061e-07,2.16908e-07,1.78295e-07
4.04268e-07,4.12357e-07,4.06294e-07,4.0057e-07,3.84863e-07,3.69055e-07,3.36911e-07,2.94782e-07,2.59245e-07,2.14701e-07,1.74979e-07
3.99776e-07,4.07014e-07,4.02855e-07,3.97737e-07,3.77823e-07,3.62868e-07,3.32033e-07,2.91579e-07,2.56163e-07,2.11785e-07,1.73108e-07
3.96527e-07,4.02775e-07,3.97373e-07,3.90296e-07,3.73966e-07,3.57857e-07,3.27941e-07,2.8859e-07,2.52239e-07,2.09805e-07,1.70786e-07
3.87812e-07,3.9543e-07,3.8993e-07,3.84051e-07,3.6853e-07,3.52908e-07,3.22604e-07,2.83616e-07,2.48736e-07,2.06017e-07,1.67608e-07
3.83632e-07,3.91469e-07,3.88584e-07,3.82326e-07,3.6398e-07,3.50055e-07,3.20309e-07,2.8214e-07,2.44662e-07,2.04419e-07,1.6618e-07
3.7903e-07,3.872e-07,3.80597e-07,3.76328e-07,3.60838e-07,3.45358e-07,3.14621e-07,2.76041e-07,2.43449e-07,2.0051e-07,1.62411e-07
3.73456e-07,3.83451e-07,3.78582e-07,3.73772e-07,3.56881e-07,3.40002e-07,3.11577e-07,2.75623e-07,2.38723e-07,1.97719e-07,1.61059e-07
3.65945e-07,3.76443e-07,3.71784e-07,3.705e-07,3.49612e-07,3.37763e-07,3.08199e-07,2.71194e-07,2.37334e-07,1.94895e-07,1.58656e-07
3.64412e-07,3.71074e-07,3.68469e-07,3.66471e-07,3.46505e-07,3.3335e-07,3.03814e-07,2.68777e-07,2.34328e-07,1.92217e-07,1.56414e-07
3.58684e-07,3.65898e-07,3.62438e-07,3.59457e-07,3.42861e-07,3.29884e-07,2.99929e-07,2.64284e-07,2.31405e-07,1.89377e-07,1.53451e-07
3.57025e-07,3.60177e-07,3.58259e-07,3.55776e-07,3.36855e-07,3.23809e-07,2.97318e-07,2.63129e-07,2.27251e-07,1.87362e-07,1.53492e-07
3.47377e-07,3.5723e-07,3.54402e-07,3.49482e-07,3.34635e-07,3.20554e-07,2.93985e-07,2.56933e-07,2.24841e-07,1.84711e-07,1.49394e-07
3.44418e-07,3.53824e-07,3.51172e-07,3.44862e-07,3.28769e-07,3.15248e-07,2.87971e-07,2.52332e-07,2.20786e-07,1.82741e-07,1.4721e-07
