# xi0
# underflow	  35.460997    	 0.95282816E-01
# overflow	 0.12472032    	 0.85701771E-02
# sum	  41.744853    	 0.10505407    
# xmin	xmax	cross	numerror
  1034.0000    	  1035.0000    	 0.11468516E-01	 0.12860594E-02
  1035.0000    	  1036.0000    	 0.12586475E-01	 0.13309447E-02
  1036.0000    	  1037.0000    	 0.11159243E-01	 0.13804439E-02
  1037.0000    	  1038.0000    	 0.96179155E-02	 0.14875207E-02
  1038.0000    	  1039.0000    	 0.76061633E-02	 0.14864839E-02
  1039.0000    	  1040.0000    	 0.33927822E-02	 0.13912257E-02
  1040.0000    	  1041.0000    	-0.95447292E-04	 0.15105367E-02
  1041.0000    	  1042.0000    	-0.15707485E-02	 0.14553757E-02
  1042.0000    	  1043.0000    	-0.33315217E-02	 0.14046724E-02
  1043.0000    	  1044.0000    	-0.43198573E-02	 0.14118505E-02
  1044.0000    	  1045.0000    	-0.70779813E-02	 0.13468633E-02
  1045.0000    	  1046.0000    	 0.14962982E-01	 0.13130937E-02
  1046.0000    	  1047.0000    	 0.14203652E-01	 0.13628372E-02
  1047.0000    	  1048.0000    	 0.95417318E-02	 0.14012657E-02
  1048.0000    	  1049.0000    	 0.65652474E-02	 0.13366435E-02
  1049.0000    	  1050.0000    	 0.53581593E-02	 0.13794559E-02
  1050.0000    	  1051.0000    	 0.24996104E-02	 0.14453254E-02
  1051.0000    	  1052.0000    	 0.29132061E-02	 0.15804250E-02
  1052.0000    	  1053.0000    	-0.44895146E-02	 0.14703831E-02
  1053.0000    	  1054.0000    	-0.43639445E-02	 0.15327696E-02
  1054.0000    	  1055.0000    	-0.31645312E-02	 0.14016187E-02
  1055.0000    	  1056.0000    	-0.62941441E-02	 0.11874393E-02
  1056.0000    	  1057.0000    	 0.11102396E-01	 0.11960504E-02
  1057.0000    	  1058.0000    	 0.10567718E-01	 0.12163903E-02
  1058.0000    	  1059.0000    	 0.92672339E-02	 0.14976048E-02
  1059.0000    	  1060.0000    	 0.87222798E-02	 0.14181797E-02
  1060.0000    	  1061.0000    	 0.51452696E-02	 0.14380902E-02
  1061.0000    	  1062.0000    	 0.15246020E-02	 0.13407750E-02
  1062.0000    	  1063.0000    	-0.54747024E-03	 0.14799607E-02
  1063.0000    	  1064.0000    	-0.90841419E-03	 0.14534399E-02
  1064.0000    	  1065.0000    	-0.35821930E-02	 0.14673035E-02
  1065.0000    	  1066.0000    	-0.40167148E-02	 0.14342805E-02
  1066.0000    	  1067.0000    	-0.54041804E-02	 0.11122419E-02
  1067.0000    	  1068.0000    	 0.14864301E-01	 0.12705732E-02
  1068.0000    	  1069.0000    	 0.13785930E-01	 0.14215112E-02
  1069.0000    	  1070.0000    	 0.11026168E-01	 0.13461100E-02
  1070.0000    	  1071.0000    	 0.11365422E-01	 0.14395717E-02
  1071.0000    	  1072.0000    	 0.54915569E-02	 0.14872257E-02
  1072.0000    	  1073.0000    	 0.42933923E-02	 0.13985760E-02
  1073.0000    	  1074.0000    	 0.77907633E-03	 0.14477822E-02
  1074.0000    	  1075.0000    	-0.87217901E-03	 0.13011026E-02
  1075.0000    	  1076.0000    	-0.43969933E-02	 0.12408644E-02
  1076.0000    	  1077.0000    	-0.53893106E-02	 0.15411334E-02
  1077.0000    	  1078.0000    	-0.28707020E-02	 0.99868237E-03
  1078.0000    	  1079.0000    	 0.15792108E-01	 0.13875278E-02
  1079.0000    	  1080.0000    	 0.12600265E-01	 0.14196462E-02
  1080.0000    	  1081.0000    	 0.11677257E-01	 0.15208941E-02
  1081.0000    	  1082.0000    	 0.73603804E-02	 0.12394928E-02
  1082.0000    	  1083.0000    	 0.29070063E-02	 0.14634133E-02
  1083.0000    	  1084.0000    	 0.40090434E-02	 0.15110198E-02
  1084.0000    	  1085.0000    	 0.52789875E-04	 0.14200925E-02
  1085.0000    	  1086.0000    	-0.97318005E-03	 0.13501210E-02
  1086.0000    	  1087.0000    	-0.29141847E-02	 0.12203302E-02
  1087.0000    	  1088.0000    	-0.35236385E-02	 0.12041868E-02
  1088.0000    	  1089.0000    	-0.47393099E-02	 0.10777918E-02
  1089.0000    	  1090.0000    	 0.13701875E-01	 0.14289688E-02
  1090.0000    	  1091.0000    	 0.14916998E-01	 0.14307245E-02
  1091.0000    	  1092.0000    	 0.12500092E-01	 0.14442606E-02
  1092.0000    	  1093.0000    	 0.86227390E-02	 0.13776792E-02
  1093.0000    	  1094.0000    	 0.69323540E-02	 0.14534642E-02
  1094.0000    	  1095.0000    	 0.18475825E-02	 0.16755119E-02
  1095.0000    	  1096.0000    	 0.47788973E-03	 0.14551824E-02
  1096.0000    	  1097.0000    	-0.15232052E-02	 0.15588537E-02
  1097.0000    	  1098.0000    	-0.28987492E-02	 0.13336897E-02
  1098.0000    	  1099.0000    	-0.33991304E-02	 0.13140927E-02
  1099.0000    	  1100.0000    	-0.44398414E-02	 0.10277451E-02
  1100.0000    	  1101.0000    	 0.13296336E-01	 0.14037429E-02
  1101.0000    	  1102.0000    	 0.13807077E-01	 0.14541244E-02
  1102.0000    	  1103.0000    	 0.14364385E-01	 0.14049071E-02
  1103.0000    	  1104.0000    	 0.93683665E-02	 0.13082586E-02
  1104.0000    	  1105.0000    	 0.77505051E-02	 0.14169870E-02
  1105.0000    	  1106.0000    	 0.71413041E-03	 0.15068019E-02
  1106.0000    	  1107.0000    	 0.18246709E-02	 0.14631451E-02
  1107.0000    	  1108.0000    	-0.91643817E-03	 0.13470562E-02
  1108.0000    	  1109.0000    	-0.37139102E-02	 0.14588029E-02
  1109.0000    	  1110.0000    	-0.46628784E-02	 0.13065314E-02
  1110.0000    	  1111.0000    	-0.44492338E-02	 0.10492435E-02
  1111.0000    	  1112.0000    	 0.12763216E-01	 0.13885999E-02
  1112.0000    	  1113.0000    	 0.12256513E-01	 0.14402527E-02
  1113.0000    	  1114.0000    	 0.11833616E-01	 0.15206723E-02
  1114.0000    	  1115.0000    	 0.79714635E-02	 0.13049799E-02
  1115.0000    	  1116.0000    	 0.70700307E-02	 0.14586522E-02
  1116.0000    	  1117.0000    	 0.76495554E-02	 0.14133293E-02
  1117.0000    	  1118.0000    	 0.11492592E-02	 0.12836879E-02
  1118.0000    	  1119.0000    	-0.11545718E-02	 0.14155813E-02
  1119.0000    	  1120.0000    	-0.24390194E-02	 0.14656692E-02
  1120.0000    	  1121.0000    	-0.42539635E-02	 0.11029541E-02
  1121.0000    	  1122.0000    	-0.44046809E-02	 0.10429515E-02
  1122.0000    	  1123.0000    	 0.15923123E-01	 0.14310513E-02
  1123.0000    	  1124.0000    	 0.14422025E-01	 0.14711127E-02
  1124.0000    	  1125.0000    	 0.13844259E-01	 0.14073809E-02
  1125.0000    	  1126.0000    	 0.77807578E-02	 0.14222257E-02
  1126.0000    	  1127.0000    	 0.43109203E-02	 0.13216434E-02
  1127.0000    	  1128.0000    	 0.36675282E-02	 0.14794872E-02
  1128.0000    	  1129.0000    	 0.36658397E-03	 0.12780756E-02
  1129.0000    	  1130.0000    	-0.16694213E-02	 0.12953806E-02
  1130.0000    	  1131.0000    	-0.14473086E-02	 0.12955894E-02
  1131.0000    	  1132.0000    	-0.37993011E-02	 0.10869493E-02
  1132.0000    	  1133.0000    	-0.34786318E-02	 0.59736645E-03
  1133.0000    	  1134.0000    	 0.13188314E-01	 0.13555579E-02
  1134.0000    	  1135.0000    	 0.17811205E-01	 0.16292001E-02
  1135.0000    	  1136.0000    	 0.12214917E-01	 0.15014470E-02
  1136.0000    	  1137.0000    	 0.10513145E-01	 0.14513937E-02
  1137.0000    	  1138.0000    	 0.10334078E-01	 0.14983227E-02
  1138.0000    	  1139.0000    	 0.48864722E-02	 0.14373886E-02
  1139.0000    	  1140.0000    	-0.17862891E-03	 0.12851862E-02
  1140.0000    	  1141.0000    	 0.68610943E-03	 0.15361834E-02
  1141.0000    	  1142.0000    	 0.28727500E-03	 0.13391344E-02
  1142.0000    	  1143.0000    	-0.19671917E-02	 0.11762605E-02
  1143.0000    	  1144.0000    	-0.32271999E-02	 0.10002029E-02
  1144.0000    	  1145.0000    	 0.13637204E-01	 0.14674005E-02
  1145.0000    	  1146.0000    	 0.15145807E-01	 0.17541032E-02
  1146.0000    	  1147.0000    	 0.13652266E-01	 0.17697670E-02
  1147.0000    	  1148.0000    	 0.11099729E-01	 0.14445220E-02
  1148.0000    	  1149.0000    	 0.76203002E-02	 0.15739344E-02
  1149.0000    	  1150.0000    	 0.48256472E-02	 0.14351798E-02
  1150.0000    	  1151.0000    	 0.20968532E-02	 0.13120343E-02
  1151.0000    	  1152.0000    	-0.62495499E-03	 0.13763465E-02
  1152.0000    	  1153.0000    	-0.35865370E-02	 0.11993324E-02
  1153.0000    	  1154.0000    	-0.32819468E-02	 0.11085964E-02
  1154.0000    	  1155.0000    	-0.56765011E-02	 0.10084745E-02
  1155.0000    	  1156.0000    	 0.15399653E-01	 0.14168864E-02
  1156.0000    	  1157.0000    	 0.12793892E-01	 0.16389006E-02
  1157.0000    	  1158.0000    	 0.12275600E-01	 0.15392594E-02
  1158.0000    	  1159.0000    	 0.79455184E-02	 0.14502820E-02
  1159.0000    	  1160.0000    	 0.94635346E-02	 0.13915569E-02
  1160.0000    	  1161.0000    	 0.29771341E-02	 0.14666799E-02
  1161.0000    	  1162.0000    	 0.81553591E-03	 0.13544145E-02
  1162.0000    	  1163.0000    	 0.13296140E-02	 0.12466003E-02
  1163.0000    	  1164.0000    	-0.37601124E-02	 0.11711655E-02
  1164.0000    	  1165.0000    	-0.50442707E-02	 0.10221352E-02
  1165.0000    	  1166.0000    	-0.28896805E-02	 0.87117307E-03
  1166.0000    	  1167.0000    	 0.15216749E-01	 0.15652759E-02
  1167.0000    	  1168.0000    	 0.15601613E-01	 0.15413386E-02
  1168.0000    	  1169.0000    	 0.89842016E-02	 0.16337445E-02
  1169.0000    	  1170.0000    	 0.12290635E-01	 0.16238198E-02
  1170.0000    	  1171.0000    	 0.52888028E-02	 0.13731914E-02
  1171.0000    	  1172.0000    	 0.44122310E-02	 0.13386598E-02
  1172.0000    	  1173.0000    	 0.19043535E-02	 0.12721673E-02
  1173.0000    	  1174.0000    	-0.35982956E-03	 0.14013411E-02
  1174.0000    	  1175.0000    	 0.60914362E-03	 0.11281465E-02
  1175.0000    	  1176.0000    	-0.25392892E-02	 0.10154759E-02
  1176.0000    	  1177.0000    	-0.13607513E-02	 0.10100052E-02
  1177.0000    	  1178.0000    	 0.16462141E-01	 0.18832217E-02
  1178.0000    	  1179.0000    	 0.16029876E-01	 0.15174177E-02
  1179.0000    	  1180.0000    	 0.13940382E-01	 0.16911419E-02
  1180.0000    	  1181.0000    	 0.10462209E-01	 0.14801820E-02
  1181.0000    	  1182.0000    	 0.55799506E-02	 0.14709772E-02
  1182.0000    	  1183.0000    	 0.37448231E-02	 0.14586776E-02
  1183.0000    	  1184.0000    	 0.24821724E-02	 0.13679015E-02
  1184.0000    	  1185.0000    	 0.47307739E-03	 0.13044705E-02
  1185.0000    	  1186.0000    	-0.68294202E-03	 0.12166349E-02
  1186.0000    	  1187.0000    	-0.29675252E-02	 0.92781630E-03
  1187.0000    	  1188.0000    	-0.38813077E-02	 0.89931496E-03
  1188.0000    	  1189.0000    	 0.16272678E-01	 0.15825438E-02
  1189.0000    	  1190.0000    	 0.13572162E-01	 0.14852835E-02
  1190.0000    	  1191.0000    	 0.10270356E-01	 0.14715886E-02
  1191.0000    	  1192.0000    	 0.99252624E-02	 0.14683741E-02
  1192.0000    	  1193.0000    	 0.80476719E-02	 0.13350279E-02
  1193.0000    	  1194.0000    	 0.34042057E-02	 0.13012957E-02
  1194.0000    	  1195.0000    	 0.34628950E-02	 0.12541897E-02
  1195.0000    	  1196.0000    	 0.55851796E-03	 0.12055199E-02
  1196.0000    	  1197.0000    	-0.14384763E-02	 0.10432394E-02
  1197.0000    	  1198.0000    	-0.10577943E-02	 0.99687913E-03
  1198.0000    	  1199.0000    	-0.32511344E-02	 0.83994864E-03
  1199.0000    	  1200.0000    	 0.12211303E-01	 0.16032349E-02
  1200.0000    	  1201.0000    	 0.15575110E-01	 0.15311791E-02
  1201.0000    	  1202.0000    	 0.11542453E-01	 0.15721373E-02
  1202.0000    	  1203.0000    	 0.99599530E-02	 0.14236908E-02
  1203.0000    	  1204.0000    	 0.74856648E-02	 0.14641841E-02
  1204.0000    	  1205.0000    	 0.28353722E-02	 0.14689168E-02
  1205.0000    	  1206.0000    	 0.24810356E-02	 0.12990716E-02
  1206.0000    	  1207.0000    	-0.30690348E-03	 0.12189132E-02
  1207.0000    	  1208.0000    	-0.10532654E-02	 0.10621049E-02
  1208.0000    	  1209.0000    	-0.88703842E-03	 0.10541369E-02
  1209.0000    	  1210.0000    	-0.30948549E-02	 0.86765701E-03
  1210.0000    	  1211.0000    	 0.17453084E-01	 0.16448647E-02
  1211.0000    	  1212.0000    	 0.16678842E-01	 0.19630845E-02
  1212.0000    	  1213.0000    	 0.14863571E-01	 0.17320285E-02
  1213.0000    	  1214.0000    	 0.11723041E-01	 0.14525247E-02
  1214.0000    	  1215.0000    	 0.97788563E-02	 0.17442815E-02
  1215.0000    	  1216.0000    	 0.46162283E-02	 0.12955649E-02
  1216.0000    	  1217.0000    	 0.30053261E-02	 0.11978024E-02
  1217.0000    	  1218.0000    	 0.32587787E-02	 0.14492314E-02
  1218.0000    	  1219.0000    	-0.28390257E-02	 0.11256789E-02
  1219.0000    	  1220.0000    	-0.20586682E-02	 0.96395971E-03
  1220.0000    	  1221.0000    	-0.20536462E-02	 0.79949921E-03
  1221.0000    	  1222.0000    	 0.16012278E-01	 0.16131432E-02
  1222.0000    	  1223.0000    	 0.11253772E-01	 0.17613535E-02
  1223.0000    	  1224.0000    	 0.14658024E-01	 0.18017440E-02
  1224.0000    	  1225.0000    	 0.95024199E-02	 0.14488677E-02
  1225.0000    	  1226.0000    	 0.74948978E-02	 0.15210434E-02
  1226.0000    	  1227.0000    	 0.56316705E-02	 0.13597867E-02
  1227.0000    	  1228.0000    	 0.17932118E-02	 0.12303234E-02
  1228.0000    	  1229.0000    	-0.41305043E-03	 0.13216485E-02
  1229.0000    	  1230.0000    	-0.54425070E-03	 0.10499514E-02
  1230.0000    	  1231.0000    	-0.27637788E-02	 0.10718755E-02
  1231.0000    	  1232.0000    	-0.30305292E-02	 0.82787594E-03
  1232.0000    	  1233.0000    	 0.17174736E-01	 0.16216726E-02
  1233.0000    	  1234.0000    	 0.12583703E-01	 0.15774084E-02
  1234.0000    	  1235.0000    	 0.11051844E-01	 0.16000074E-02
  1235.0000    	  1236.0000    	 0.11337192E-01	 0.15501125E-02
  1236.0000    	  1237.0000    	 0.10289325E-01	 0.15217918E-02
  1237.0000    	  1238.0000    	 0.69580377E-02	 0.13128674E-02
  1238.0000    	  1239.0000    	 0.47317594E-02	 0.11826848E-02
  1239.0000    	  1240.0000    	-0.16569079E-02	 0.10792712E-02
  1240.0000    	  1241.0000    	-0.53945519E-03	 0.96880880E-03
  1241.0000    	  1242.0000    	-0.22770778E-02	 0.10215189E-02
  1242.0000    	  1243.0000    	-0.96496422E-03	 0.83824882E-03
  1243.0000    	  1244.0000    	 0.16023132E-01	 0.16701216E-02
  1244.0000    	  1245.0000    	 0.18291014E-01	 0.16838833E-02
  1245.0000    	  1246.0000    	 0.14904218E-01	 0.14920490E-02
  1246.0000    	  1247.0000    	 0.93555898E-02	 0.16104273E-02
  1247.0000    	  1248.0000    	 0.78134533E-02	 0.14118725E-02
  1248.0000    	  1249.0000    	 0.39243513E-02	 0.12679490E-02
  1249.0000    	  1250.0000    	 0.36427066E-02	 0.14024197E-02
  1250.0000    	  1251.0000    	 0.14188629E-02	 0.12551770E-02
  1251.0000    	  1252.0000    	-0.18609191E-02	 0.98399941E-03
  1252.0000    	  1253.0000    	-0.21226598E-03	 0.11153258E-02
  1253.0000    	  1254.0000    	-0.27515937E-02	 0.80019484E-03
  1254.0000    	  1255.0000    	 0.15882158E-01	 0.15502168E-02
  1255.0000    	  1256.0000    	 0.15174707E-01	 0.17181060E-02
  1256.0000    	  1257.0000    	 0.14166752E-01	 0.16755409E-02
  1257.0000    	  1258.0000    	 0.12664926E-01	 0.15717845E-02
  1258.0000    	  1259.0000    	 0.69991449E-02	 0.14472740E-02
  1259.0000    	  1260.0000    	 0.59721547E-02	 0.13996702E-02
  1260.0000    	  1261.0000    	 0.40285891E-02	 0.14246110E-02
  1261.0000    	  1262.0000    	-0.82358844E-03	 0.13817939E-02
  1262.0000    	  1263.0000    	 0.22757454E-04	 0.10170377E-02
  1263.0000    	  1264.0000    	-0.19372064E-02	 0.89402589E-03
  1264.0000    	  1265.0000    	-0.24884006E-02	 0.75126262E-03
  1265.0000    	  1266.0000    	 0.16248372E-01	 0.16771138E-02
  1266.0000    	  1267.0000    	 0.15724419E-01	 0.17394501E-02
  1267.0000    	  1268.0000    	 0.12618068E-01	 0.14664022E-02
  1268.0000    	  1269.0000    	 0.11606093E-01	 0.14209296E-02
  1269.0000    	  1270.0000    	 0.88457220E-02	 0.14486969E-02
  1270.0000    	  1271.0000    	 0.48792178E-02	 0.13486408E-02
  1271.0000    	  1272.0000    	 0.23007096E-02	 0.14337751E-02
  1272.0000    	  1273.0000    	 0.97533073E-03	 0.11682409E-02
  1273.0000    	  1274.0000    	-0.26447764E-02	 0.10573697E-02
  1274.0000    	  1275.0000    	-0.20883051E-03	 0.88819577E-03
  1275.0000    	  1276.0000    	-0.77914617E-03	 0.76496878E-03
  1276.0000    	  1277.0000    	 0.17109167E-01	 0.19165053E-02
  1277.0000    	  1278.0000    	 0.16926344E-01	 0.20360511E-02
  1278.0000    	  1279.0000    	 0.14455961E-01	 0.15318853E-02
  1279.0000    	  1280.0000    	 0.10674471E-01	 0.14562527E-02
  1280.0000    	  1281.0000    	 0.10395684E-01	 0.16247658E-02
  1281.0000    	  1282.0000    	 0.63659126E-02	 0.15087207E-02
  1282.0000    	  1283.0000    	 0.44066618E-02	 0.12718120E-02
  1283.0000    	  1284.0000    	 0.95228884E-05	 0.11918790E-02
  1284.0000    	  1285.0000    	-0.21952214E-04	 0.10908674E-02
  1285.0000    	  1286.0000    	-0.17472669E-02	 0.92906723E-03
  1286.0000    	  1287.0000    	-0.16024090E-02	 0.77989660E-03
  1287.0000    	  1288.0000    	 0.14923544E-01	 0.18766868E-02
  1288.0000    	  1289.0000    	 0.14955314E-01	 0.21786402E-02
  1289.0000    	  1290.0000    	 0.10808576E-01	 0.17080037E-02
  1290.0000    	  1291.0000    	 0.10315914E-01	 0.15277651E-02
  1291.0000    	  1292.0000    	 0.97085593E-02	 0.13177166E-02
  1292.0000    	  1293.0000    	 0.68819117E-02	 0.14844728E-02
  1293.0000    	  1294.0000    	 0.38261447E-02	 0.15029394E-02
  1294.0000    	  1295.0000    	-0.55278680E-04	 0.11053377E-02
  1295.0000    	  1296.0000    	-0.45826819E-03	 0.91728437E-03
  1296.0000    	  1297.0000    	-0.22955367E-02	 0.89708847E-03
  1297.0000    	  1298.0000    	-0.36431566E-02	 0.74418760E-03
  1298.0000    	  1299.0000    	 0.19129936E-01	 0.17910422E-02
  1299.0000    	  1300.0000    	 0.17829803E-01	 0.19397772E-02
  1300.0000    	  1301.0000    	 0.13873788E-01	 0.15755635E-02
  1301.0000    	  1302.0000    	 0.11731610E-01	 0.15838857E-02
  1302.0000    	  1303.0000    	 0.84827371E-02	 0.17553409E-02
  1303.0000    	  1304.0000    	 0.68369826E-02	 0.13067484E-02
  1304.0000    	  1305.0000    	 0.34408516E-02	 0.13343899E-02
  1305.0000    	  1306.0000    	 0.19124929E-04	 0.11857947E-02
  1306.0000    	  1307.0000    	 0.15134589E-03	 0.89014238E-03
  1307.0000    	  1308.0000    	-0.59486946E-03	 0.98022814E-03
  1308.0000    	  1309.0000    	-0.43342560E-03	 0.82635214E-03
  1309.0000    	  1310.0000    	 0.15588013E-01	 0.19683365E-02
  1310.0000    	  1311.0000    	 0.13155055E-01	 0.19947264E-02
  1311.0000    	  1312.0000    	 0.13607184E-01	 0.18780081E-02
  1312.0000    	  1313.0000    	 0.81650333E-02	 0.18126944E-02
  1313.0000    	  1314.0000    	 0.76876093E-02	 0.16477995E-02
  1314.0000    	  1315.0000    	 0.69053160E-02	 0.14522604E-02
  1315.0000    	  1316.0000    	 0.73259995E-03	 0.11131687E-02
  1316.0000    	  1317.0000    	 0.20892957E-02	 0.11119721E-02
  1317.0000    	  1318.0000    	 0.30104470E-03	 0.90220742E-03
  1318.0000    	  1319.0000    	 0.75250721E-03	 0.92258724E-03
  1319.0000    	  1320.0000    	-0.52937124E-03	 0.83102365E-03
  1320.0000    	  1321.0000    	 0.14924796E-01	 0.19036574E-02
  1321.0000    	  1322.0000    	 0.12766664E-01	 0.18703844E-02
  1322.0000    	  1323.0000    	 0.13865064E-01	 0.17956889E-02
  1323.0000    	  1324.0000    	 0.12135019E-01	 0.17509007E-02
  1324.0000    	  1325.0000    	 0.82084571E-02	 0.15729959E-02
  1325.0000    	  1326.0000    	 0.62570132E-02	 0.13275541E-02
  1326.0000    	  1327.0000    	 0.59161289E-02	 0.13700863E-02
  1327.0000    	  1328.0000    	 0.23922069E-02	 0.10991341E-02
  1328.0000    	  1329.0000    	-0.32098226E-03	 0.10115577E-02
  1329.0000    	  1330.0000    	-0.12387767E-02	 0.82974191E-03
  1330.0000    	  1331.0000    	-0.12158012E-02	 0.72423463E-03
  1331.0000    	  1332.0000    	 0.18474044E-01	 0.19588237E-02
  1332.0000    	  1333.0000    	 0.13860703E-01	 0.18627247E-02
  1333.0000    	  1334.0000    	 0.14175432E-01	 0.15852346E-02
  1334.0000    	  1335.0000    	 0.10518136E-01	 0.16869057E-02
  1335.0000    	  1336.0000    	 0.65257188E-02	 0.14865458E-02
  1336.0000    	  1337.0000    	 0.37170805E-02	 0.13444188E-02
  1337.0000    	  1338.0000    	 0.43473589E-02	 0.11447276E-02
  1338.0000    	  1339.0000    	 0.21670989E-03	 0.10162063E-02
  1339.0000    	  1340.0000    	-0.94698054E-03	 0.98198827E-03
  1340.0000    	  1341.0000    	-0.84148880E-03	 0.80435735E-03
  1341.0000    	  1342.0000    	-0.22201018E-02	 0.68008523E-03
  1342.0000    	  1343.0000    	 0.14390766E-01	 0.17431669E-02
  1343.0000    	  1344.0000    	 0.18377674E-01	 0.19449342E-02
  1344.0000    	  1345.0000    	 0.13959856E-01	 0.16992503E-02
  1345.0000    	  1346.0000    	 0.92067781E-02	 0.15848409E-02
  1346.0000    	  1347.0000    	 0.98253484E-02	 0.15690432E-02
  1347.0000    	  1348.0000    	 0.76162204E-02	 0.13350701E-02
  1348.0000    	  1349.0000    	 0.42486940E-02	 0.13654754E-02
  1349.0000    	  1350.0000    	 0.16056517E-02	 0.11392002E-02
  1350.0000    	  1351.0000    	 0.19719650E-02	 0.93362060E-03
  1351.0000    	  1352.0000    	-0.17677399E-03	 0.80675438E-03
  1352.0000    	  1353.0000    	-0.44681010E-03	 0.67688033E-03
  1353.0000    	  1354.0000    	 0.11943955E-01	 0.17417231E-02
  1354.0000    	  1355.0000    	 0.14855524E-01	 0.20368107E-02
  1355.0000    	  1356.0000    	 0.12931086E-01	 0.19456667E-02
  1356.0000    	  1357.0000    	 0.95828229E-02	 0.15287135E-02
  1357.0000    	  1358.0000    	 0.97136048E-02	 0.17494391E-02
  1358.0000    	  1359.0000    	 0.57093064E-02	 0.17482582E-02
  1359.0000    	  1360.0000    	 0.48748764E-02	 0.13618004E-02
  1360.0000    	  1361.0000    	 0.35370760E-02	 0.10557500E-02
  1361.0000    	  1362.0000    	 0.16589507E-02	 0.10080687E-02
  1362.0000    	  1363.0000    	 0.29294786E-04	 0.68741761E-03
  1363.0000    	  1364.0000    	-0.93820226E-03	 0.74932915E-03
  1364.0000    	  1365.0000    	 0.17782489E-01	 0.19611492E-02
  1365.0000    	  1366.0000    	 0.11419839E-01	 0.20875250E-02
  1366.0000    	  1367.0000    	 0.12374633E-01	 0.16725886E-02
  1367.0000    	  1368.0000    	 0.12536535E-01	 0.17018859E-02
  1368.0000    	  1369.0000    	 0.86817362E-02	 0.14054727E-02
  1369.0000    	  1370.0000    	 0.25183428E-02	 0.17333637E-02
  1370.0000    	  1371.0000    	 0.47419709E-02	 0.12804145E-02
  1371.0000    	  1372.0000    	 0.23750803E-02	 0.10395967E-02
  1372.0000    	  1373.0000    	-0.50988370E-03	 0.98782003E-03
  1373.0000    	  1374.0000    	-0.18796834E-02	 0.81443448E-03
  1374.0000    	  1375.0000    	-0.19160556E-02	 0.73735033E-03
  1375.0000    	  1376.0000    	 0.18327631E-01	 0.18343896E-02
  1376.0000    	  1377.0000    	 0.13099453E-01	 0.21455317E-02
  1377.0000    	  1378.0000    	 0.13803222E-01	 0.19882105E-02
  1378.0000    	  1379.0000    	 0.13189937E-01	 0.18034205E-02
  1379.0000    	  1380.0000    	 0.97979936E-02	 0.13969491E-02
  1380.0000    	  1381.0000    	 0.87988231E-02	 0.14983780E-02
  1381.0000    	  1382.0000    	 0.44399550E-02	 0.12248712E-02
  1382.0000    	  1383.0000    	 0.14482652E-02	 0.11134155E-02
  1383.0000    	  1384.0000    	 0.12858308E-03	 0.90627133E-03
  1384.0000    	  1385.0000    	-0.49992070E-03	 0.65484899E-03
  1385.0000    	  1386.0000    	-0.16028858E-02	 0.64716374E-03
  1386.0000    	  1387.0000    	 0.17331433E-01	 0.17920259E-02
  1387.0000    	  1388.0000    	 0.14031760E-01	 0.20813081E-02
  1388.0000    	  1389.0000    	 0.12274250E-01	 0.19599453E-02
  1389.0000    	  1390.0000    	 0.11841377E-01	 0.16605846E-02
  1390.0000    	  1391.0000    	 0.91859855E-02	 0.14010283E-02
  1391.0000    	  1392.0000    	 0.39461920E-02	 0.13765347E-02
  1392.0000    	  1393.0000    	 0.39471486E-02	 0.12312615E-02
  1393.0000    	  1394.0000    	 0.28442909E-02	 0.10747449E-02
  1394.0000    	  1395.0000    	 0.16605182E-02	 0.87047494E-03
  1395.0000    	  1396.0000    	-0.52860677E-03	 0.80063800E-03
  1396.0000    	  1397.0000    	 0.49153140E-04	 0.44666092E-03
  1397.0000    	  1398.0000    	 0.11576862E-01	 0.17412436E-02
  1398.0000    	  1399.0000    	 0.13361221E-01	 0.21333805E-02
  1399.0000    	  1400.0000    	 0.14513495E-01	 0.17006473E-02
  1400.0000    	  1401.0000    	 0.11846752E-01	 0.15653836E-02
  1401.0000    	  1402.0000    	 0.11934519E-01	 0.14738467E-02
  1402.0000    	  1403.0000    	 0.58258094E-02	 0.13915296E-02
  1403.0000    	  1404.0000    	 0.42135842E-02	 0.13518516E-02
  1404.0000    	  1405.0000    	 0.52935612E-03	 0.10829110E-02
  1405.0000    	  1406.0000    	-0.50431152E-03	 0.81643329E-03
  1406.0000    	  1407.0000    	 0.10138619E-03	 0.80126473E-03
  1407.0000    	  1408.0000    	-0.12045251E-02	 0.70467391E-03
  1408.0000    	  1409.0000    	 0.17391171E-01	 0.16893598E-02
  1409.0000    	  1410.0000    	 0.16037736E-01	 0.19203977E-02
  1410.0000    	  1411.0000    	 0.15237846E-01	 0.19026132E-02
  1411.0000    	  1412.0000    	 0.10736923E-01	 0.15452834E-02
  1412.0000    	  1413.0000    	 0.77650361E-02	 0.14910133E-02
  1413.0000    	  1414.0000    	 0.68973414E-02	 0.13319815E-02
  1414.0000    	  1415.0000    	 0.32653608E-02	 0.12656716E-02
  1415.0000    	  1416.0000    	 0.11303467E-02	 0.10043949E-02
  1416.0000    	  1417.0000    	 0.20288488E-03	 0.78789108E-03
  1417.0000    	  1418.0000    	-0.17873562E-03	 0.68054998E-03
  1418.0000    	  1419.0000    	-0.57856659E-03	 0.71843493E-03
  1419.0000    	  1420.0000    	 0.16583316E-01	 0.18458527E-02
  1420.0000    	  1421.0000    	 0.16998592E-01	 0.20397493E-02
  1421.0000    	  1422.0000    	 0.13029749E-01	 0.19538814E-02
  1422.0000    	  1423.0000    	 0.14715631E-01	 0.21800908E-02
  1423.0000    	  1424.0000    	 0.87518109E-02	 0.15571715E-02
  1424.0000    	  1425.0000    	 0.48824936E-02	 0.13052574E-02
  1425.0000    	  1426.0000    	 0.21877887E-02	 0.11657409E-02
  1426.0000    	  1427.0000    	 0.30390577E-02	 0.99426158E-03
  1427.0000    	  1428.0000    	 0.59121808E-03	 0.92266653E-03
  1428.0000    	  1429.0000    	 0.30131534E-03	 0.83918096E-03
  1429.0000    	  1430.0000    	-0.28627320E-03	 0.72026641E-03
  1430.0000    	  1431.0000    	 0.12713074E-01	 0.18901728E-02
  1431.0000    	  1432.0000    	 0.15826349E-01	 0.19715466E-02
  1432.0000    	  1433.0000    	 0.13988904E-01	 0.16428242E-02
  1433.0000    	  1434.0000    	 0.11892489E-01	 0.17893529E-02
  1434.0000    	  1435.0000    	 0.82294863E-02	 0.14856785E-02
  1435.0000    	  1436.0000    	 0.54879936E-02	 0.14591106E-02
  1436.0000    	  1437.0000    	 0.31104918E-02	 0.12449268E-02
  1437.0000    	  1438.0000    	 0.23369392E-02	 0.10350766E-02
  1438.0000    	  1439.0000    	 0.23361206E-03	 0.92362641E-03
  1439.0000    	  1440.0000    	-0.25530489E-03	 0.82945870E-03
  1440.0000    	  1441.0000    	-0.24522135E-04	 0.65058245E-03
  1441.0000    	  1442.0000    	 0.11872428E-01	 0.19711827E-02
  1442.0000    	  1443.0000    	 0.12937984E-01	 0.19261353E-02
  1443.0000    	  1444.0000    	 0.14542321E-01	 0.17249475E-02
  1444.0000    	  1445.0000    	 0.13239932E-01	 0.18279924E-02
  1445.0000    	  1446.0000    	 0.90192246E-02	 0.15075831E-02
  1446.0000    	  1447.0000    	 0.49673768E-02	 0.13881118E-02
  1447.0000    	  1448.0000    	 0.30563439E-02	 0.11025247E-02
  1448.0000    	  1449.0000    	 0.25914209E-02	 0.10462818E-02
  1449.0000    	  1450.0000    	 0.89319845E-03	 0.84216998E-03
  1450.0000    	  1451.0000    	-0.10436875E-02	 0.76678687E-03
  1451.0000    	  1452.0000    	-0.11571656E-02	 0.63573381E-03
  1452.0000    	  1453.0000    	 0.12769384E-01	 0.20084738E-02
  1453.0000    	  1454.0000    	 0.12952696E-01	 0.19441148E-02
  1454.0000    	  1455.0000    	 0.13510100E-01	 0.15956173E-02
  1455.0000    	  1456.0000    	 0.14783473E-01	 0.18404016E-02
  1456.0000    	  1457.0000    	 0.88362111E-02	 0.17183810E-02
  1457.0000    	  1458.0000    	 0.73660111E-02	 0.12727502E-02
  1458.0000    	  1459.0000    	 0.51146015E-02	 0.11519422E-02
  1459.0000    	  1460.0000    	 0.31412954E-02	 0.94240725E-03
  1460.0000    	  1461.0000    	 0.16692584E-02	 0.10185408E-02
  1461.0000    	  1462.0000    	 0.33354868E-03	 0.85042763E-03
  1462.0000    	  1463.0000    	 0.11102369E-03	 0.62924475E-03
  1463.0000    	  1464.0000    	 0.16852070E-01	 0.18168787E-02
  1464.0000    	  1465.0000    	 0.12553837E-01	 0.20386096E-02
  1465.0000    	  1466.0000    	 0.10153279E-01	 0.16445724E-02
  1466.0000    	  1467.0000    	 0.92635479E-02	 0.16714324E-02
  1467.0000    	  1468.0000    	 0.84793472E-02	 0.16420297E-02
  1468.0000    	  1469.0000    	 0.71067581E-02	 0.12312660E-02
  1469.0000    	  1470.0000    	 0.27313774E-02	 0.11627923E-02
  1470.0000    	  1471.0000    	 0.31635251E-02	 0.87708277E-03
  1471.0000    	  1472.0000    	-0.98162127E-04	 0.94512613E-03
  1472.0000    	  1473.0000    	-0.89636786E-03	 0.73557551E-03
  1473.0000    	  1474.0000    	-0.60358404E-03	 0.47139816E-03
  1474.0000    	  1475.0000    	 0.15879359E-01	 0.17967682E-02
  1475.0000    	  1476.0000    	 0.13969548E-01	 0.24522892E-02
  1476.0000    	  1477.0000    	 0.12428610E-01	 0.18422197E-02
  1477.0000    	  1478.0000    	 0.10180419E-01	 0.19099979E-02
  1478.0000    	  1479.0000    	 0.71151995E-02	 0.15074404E-02
  1479.0000    	  1480.0000    	 0.79712423E-02	 0.14221943E-02
  1480.0000    	  1481.0000    	 0.51642934E-02	 0.13817120E-02
  1481.0000    	  1482.0000    	 0.30248649E-02	 0.90876659E-03
  1482.0000    	  1483.0000    	 0.11873360E-02	 0.98205773E-03
  1483.0000    	  1484.0000    	-0.25977583E-03	 0.72196077E-03
  1484.0000    	  1485.0000    	-0.12241226E-02	 0.54662621E-03
  1485.0000    	  1486.0000    	 0.19633741E-01	 0.19147963E-02
  1486.0000    	  1487.0000    	 0.12052399E-01	 0.19171622E-02
  1487.0000    	  1488.0000    	 0.14418812E-01	 0.19534357E-02
  1488.0000    	  1489.0000    	 0.12485256E-01	 0.15946417E-02
  1489.0000    	  1490.0000    	 0.76167297E-02	 0.14374362E-02
  1490.0000    	  1491.0000    	 0.64043082E-02	 0.13423170E-02
  1491.0000    	  1492.0000    	 0.51462547E-02	 0.11726235E-02
  1492.0000    	  1493.0000    	 0.29053085E-02	 0.99267855E-03
  1493.0000    	  1494.0000    	 0.12847031E-02	 0.83943937E-03
  1494.0000    	  1495.0000    	 0.16504852E-02	 0.78956815E-03
  1495.0000    	  1496.0000    	-0.56057874E-03	 0.57324339E-03
  1496.0000    	  1497.0000    	 0.15287469E-01	 0.18263874E-02
  1497.0000    	  1498.0000    	 0.10298311E-01	 0.21649950E-02
  1498.0000    	  1499.0000    	 0.13385855E-01	 0.16849396E-02
  1499.0000    	  1500.0000    	 0.10108666E-01	 0.16424131E-02
  1500.0000    	  1501.0000    	 0.11224621E-01	 0.15461215E-02
  1501.0000    	  1502.0000    	 0.73927428E-02	 0.13368823E-02
  1502.0000    	  1503.0000    	 0.53385410E-02	 0.11569374E-02
  1503.0000    	  1504.0000    	 0.27432365E-02	 0.10778587E-02
  1504.0000    	  1505.0000    	 0.50958352E-03	 0.87166365E-03
  1505.0000    	  1506.0000    	-0.77512617E-03	 0.66706814E-03
  1506.0000    	  1507.0000    	-0.12458040E-03	 0.54809116E-03
  1507.0000    	  1508.0000    	 0.16110674E-01	 0.19019360E-02
  1508.0000    	  1509.0000    	 0.13552366E-01	 0.19229697E-02
  1509.0000    	  1510.0000    	 0.10737232E-01	 0.16230781E-02
  1510.0000    	  1511.0000    	 0.11261919E-01	 0.16603125E-02
  1511.0000    	  1512.0000    	 0.68396984E-02	 0.16015776E-02
  1512.0000    	  1513.0000    	 0.62573307E-02	 0.13885267E-02
  1513.0000    	  1514.0000    	 0.41519768E-02	 0.11171475E-02
  1514.0000    	  1515.0000    	 0.15165764E-02	 0.90109406E-03
  1515.0000    	  1516.0000    	 0.16291136E-02	 0.10953860E-02
  1516.0000    	  1517.0000    	 0.14849109E-02	 0.68404963E-03
  1517.0000    	  1518.0000    	 0.75500631E-03	 0.41927445E-03
  1518.0000    	  1519.0000    	 0.18410220E-01	 0.20166006E-02
  1519.0000    	  1520.0000    	 0.15817107E-01	 0.21428090E-02
  1520.0000    	  1521.0000    	 0.17145153E-01	 0.20229006E-02
  1521.0000    	  1522.0000    	 0.11616700E-01	 0.16032830E-02
  1522.0000    	  1523.0000    	 0.10041545E-01	 0.16736887E-02
  1523.0000    	  1524.0000    	 0.53827218E-02	 0.13425092E-02
  1524.0000    	  1525.0000    	 0.38614901E-02	 0.10149508E-02
  1525.0000    	  1526.0000    	 0.25574035E-02	 0.10068540E-02
  1526.0000    	  1527.0000    	 0.63169402E-03	 0.91616165E-03
  1527.0000    	  1528.0000    	 0.48366765E-03	 0.72459458E-03
  1528.0000    	  1529.0000    	-0.65742248E-03	 0.53707475E-03
  1529.0000    	  1530.0000    	 0.11518710E-01	 0.21827588E-02
  1530.0000    	  1531.0000    	 0.12985047E-01	 0.19750720E-02
  1531.0000    	  1532.0000    	 0.14159663E-01	 0.19623964E-02
  1532.0000    	  1533.0000    	 0.93980808E-02	 0.16471097E-02
  1533.0000    	  1534.0000    	 0.65779331E-02	 0.14982330E-02
  1534.0000    	  1535.0000    	 0.83520462E-02	 0.13446223E-02
  1535.0000    	  1536.0000    	 0.61490122E-02	 0.12093573E-02
  1536.0000    	  1537.0000    	 0.14377168E-02	 0.95887261E-03
  1537.0000    	  1538.0000    	 0.13595030E-02	 0.70219285E-03
  1538.0000    	  1539.0000    	 0.65430106E-03	 0.66464812E-03
  1539.0000    	  1540.0000    	-0.35943114E-03	 0.51938560E-03
  1540.0000    	  1541.0000    	 0.11852491E-01	 0.21423013E-02
  1541.0000    	  1542.0000    	 0.15270071E-01	 0.20116925E-02
  1542.0000    	  1543.0000    	 0.13638616E-01	 0.21027672E-02
  1543.0000    	  1544.0000    	 0.11695732E-01	 0.18348052E-02
  1544.0000    	  1545.0000    	 0.10939375E-01	 0.14982885E-02
  1545.0000    	  1546.0000    	 0.77586918E-02	 0.15831311E-02
  1546.0000    	  1547.0000    	 0.15968698E-02	 0.12636121E-02
  1547.0000    	  1548.0000    	 0.27283291E-02	 0.87300495E-03
  1548.0000    	  1549.0000    	 0.13894847E-02	 0.76465194E-03
  1549.0000    	  1550.0000    	-0.24366314E-03	 0.63408077E-03
  1550.0000    	  1551.0000    	 0.51505162E-03	 0.53408477E-03
  1551.0000    	  1552.0000    	 0.17341365E-01	 0.20481792E-02
  1552.0000    	  1553.0000    	 0.16264735E-01	 0.22858780E-02
  1553.0000    	  1554.0000    	 0.10754369E-01	 0.18655943E-02
  1554.0000    	  1555.0000    	 0.86394232E-02	 0.19671962E-02
  1555.0000    	  1556.0000    	 0.84892118E-02	 0.13790525E-02
  1556.0000    	  1557.0000    	 0.52138776E-02	 0.13529239E-02
  1557.0000    	  1558.0000    	 0.70014767E-02	 0.12095897E-02
  1558.0000    	  1559.0000    	 0.29410762E-02	 0.92656507E-03
  1559.0000    	  1560.0000    	 0.11939525E-02	 0.68567180E-03
  1560.0000    	  1561.0000    	-0.65384983E-03	 0.77891644E-03
  1561.0000    	  1562.0000    	 0.11542731E-04	 0.53772170E-03
  1562.0000    	  1563.0000    	 0.19233302E-01	 0.21858610E-02
  1563.0000    	  1564.0000    	 0.13819150E-01	 0.21036306E-02
  1564.0000    	  1565.0000    	 0.13710811E-01	 0.21332155E-02
  1565.0000    	  1566.0000    	 0.10174019E-01	 0.15923322E-02
  1566.0000    	  1567.0000    	 0.96605638E-02	 0.15439608E-02
  1567.0000    	  1568.0000    	 0.72298935E-02	 0.12746678E-02
  1568.0000    	  1569.0000    	 0.49257501E-02	 0.11254947E-02
  1569.0000    	  1570.0000    	 0.39926486E-02	 0.90378670E-03
  1570.0000    	  1571.0000    	 0.10986062E-02	 0.82240504E-03
  1571.0000    	  1572.0000    	-0.28996678E-03	 0.61964607E-03
  1572.0000    	  1573.0000    	-0.74901243E-03	 0.59806246E-03
  1573.0000    	  1574.0000    	 0.16710396E-01	 0.19684444E-02
  1574.0000    	  1575.0000    	 0.18638608E-01	 0.22271619E-02
  1575.0000    	  1576.0000    	 0.12536821E-01	 0.18252804E-02
  1576.0000    	  1577.0000    	 0.11961946E-01	 0.16921928E-02
  1577.0000    	  1578.0000    	 0.99959956E-02	 0.14392241E-02
  1578.0000    	  1579.0000    	 0.45105319E-02	 0.12300680E-02
  1579.0000    	  1580.0000    	 0.47345947E-02	 0.10477491E-02
  1580.0000    	  1581.0000    	 0.20042657E-02	 0.92114076E-03
  1581.0000    	  1582.0000    	 0.26053028E-02	 0.89682224E-03
  1582.0000    	  1583.0000    	 0.39590715E-03	 0.65612721E-03
  1583.0000    	  1584.0000    	 0.41789644E-03	 0.46956955E-03
  1584.0000    	  1585.0000    	 0.14753982E-01	 0.17846043E-02
  1585.0000    	  1586.0000    	 0.11524471E-01	 0.19982925E-02
  1586.0000    	  1587.0000    	 0.13421596E-01	 0.22783768E-02
  1587.0000    	  1588.0000    	 0.12393903E-01	 0.19085664E-02
  1588.0000    	  1589.0000    	 0.82893418E-02	 0.14647256E-02
  1589.0000    	  1590.0000    	 0.82644572E-02	 0.13613115E-02
  1590.0000    	  1591.0000    	 0.44294258E-02	 0.12590511E-02
  1591.0000    	  1592.0000    	 0.15257495E-02	 0.84824335E-03
  1592.0000    	  1593.0000    	 0.20879908E-02	 0.76839361E-03
  1593.0000    	  1594.0000    	-0.51377486E-03	 0.66225809E-03
  1594.0000    	  1595.0000    	 0.39143563E-03	 0.48977079E-03
  1595.0000    	  1596.0000    	 0.14934565E-01	 0.19745853E-02
  1596.0000    	  1597.0000    	 0.14386381E-01	 0.21967484E-02
  1597.0000    	  1598.0000    	 0.14113701E-01	 0.19134540E-02
  1598.0000    	  1599.0000    	 0.11959576E-01	 0.16472646E-02
  1599.0000    	  1600.0000    	 0.78617648E-02	 0.16156097E-02
  1600.0000    	  1601.0000    	 0.62237170E-02	 0.12741103E-02
  1601.0000    	  1602.0000    	 0.61740858E-02	 0.10738612E-02
  1602.0000    	  1603.0000    	 0.16781184E-02	 0.92761723E-03
  1603.0000    	  1604.0000    	 0.98188067E-03	 0.77547080E-03
  1604.0000    	  1605.0000    	 0.89030153E-03	 0.62973731E-03
  1605.0000    	  1606.0000    	 0.48326866E-03	 0.46997335E-03
  1606.0000    	  1607.0000    	 0.16747562E-01	 0.22533455E-02
  1607.0000    	  1608.0000    	 0.13810736E-01	 0.19844518E-02
  1608.0000    	  1609.0000    	 0.14314638E-01	 0.17828311E-02
  1609.0000    	  1610.0000    	 0.83282423E-02	 0.14874948E-02
  1610.0000    	  1611.0000    	 0.79857624E-02	 0.14599969E-02
  1611.0000    	  1612.0000    	 0.52468504E-02	 0.12247477E-02
  1612.0000    	  1613.0000    	 0.49386657E-02	 0.99628789E-03
  1613.0000    	  1614.0000    	 0.35502499E-02	 0.89245130E-03
  1614.0000    	  1615.0000    	 0.17875858E-02	 0.70611895E-03
  1615.0000    	  1616.0000    	 0.40219169E-03	 0.57945113E-03
  1616.0000    	  1617.0000    	-0.82182855E-03	 0.52882529E-03
  1617.0000    	  1618.0000    	 0.15571181E-01	 0.22365363E-02
  1618.0000    	  1619.0000    	 0.16125319E-01	 0.17065959E-02
  1619.0000    	  1620.0000    	 0.96662061E-02	 0.17712528E-02
  1620.0000    	  1621.0000    	 0.89807996E-02	 0.15995787E-02
  1621.0000    	  1622.0000    	 0.10354499E-01	 0.13806595E-02
  1622.0000    	  1623.0000    	 0.69917147E-02	 0.12430597E-02
  1623.0000    	  1624.0000    	 0.37510998E-02	 0.10036617E-02
  1624.0000    	  1625.0000    	 0.39805316E-02	 0.79010018E-03
  1625.0000    	  1626.0000    	 0.14637304E-02	 0.65464300E-03
  1626.0000    	  1627.0000    	 0.20091827E-03	 0.59503682E-03
  1627.0000    	  1628.0000    	-0.32007599E-03	 0.53371890E-03
  1628.0000    	  1629.0000    	 0.15272717E-01	 0.19862573E-02
  1629.0000    	  1630.0000    	 0.12864716E-01	 0.19937394E-02
  1630.0000    	  1631.0000    	 0.12667400E-01	 0.19860591E-02
  1631.0000    	  1632.0000    	 0.11666175E-01	 0.16267564E-02
  1632.0000    	  1633.0000    	 0.78167010E-02	 0.15362442E-02
  1633.0000    	  1634.0000    	 0.43755710E-02	 0.14880102E-02
  1634.0000    	  1635.0000    	 0.52289834E-02	 0.11064352E-02
  1635.0000    	  1636.0000    	 0.23352410E-02	 0.86876887E-03
  1636.0000    	  1637.0000    	 0.56634822E-03	 0.69778088E-03
  1637.0000    	  1638.0000    	 0.12881225E-02	 0.64576102E-03
  1638.0000    	  1639.0000    	-0.55587994E-03	 0.48719850E-03
  1639.0000    	  1640.0000    	 0.14590658E-01	 0.22509023E-02
  1640.0000    	  1641.0000    	 0.97493088E-02	 0.18715169E-02
  1641.0000    	  1642.0000    	 0.99403594E-02	 0.20477938E-02
  1642.0000    	  1643.0000    	 0.11875036E-01	 0.17018935E-02
  1643.0000    	  1644.0000    	 0.46012925E-02	 0.15688683E-02
  1644.0000    	  1645.0000    	 0.57180991E-02	 0.15272170E-02
  1645.0000    	  1646.0000    	 0.49659882E-02	 0.10828216E-02
  1646.0000    	  1647.0000    	 0.31876272E-02	 0.92208131E-03
  1647.0000    	  1648.0000    	 0.11168494E-02	 0.72069620E-03
  1648.0000    	  1649.0000    	 0.19999995E-02	 0.65917577E-03
  1649.0000    	  1650.0000    	-0.67819810E-04	 0.51629608E-03
  1650.0000    	  1651.0000    	 0.16750812E-01	 0.20156990E-02
  1651.0000    	  1652.0000    	 0.11771562E-01	 0.18991448E-02
  1652.0000    	  1653.0000    	 0.11836846E-01	 0.19741398E-02
  1653.0000    	  1654.0000    	 0.89798787E-02	 0.17648624E-02
  1654.0000    	  1655.0000    	 0.90057041E-02	 0.16921305E-02
  1655.0000    	  1656.0000    	 0.65492321E-02	 0.14064476E-02
  1656.0000    	  1657.0000    	 0.38301614E-02	 0.10924921E-02
  1657.0000    	  1658.0000    	 0.24161536E-02	 0.91899587E-03
  1658.0000    	  1659.0000    	 0.12387368E-02	 0.78555051E-03
  1659.0000    	  1660.0000    	 0.84373728E-03	 0.47426553E-03
  1660.0000    	  1661.0000    	 0.48328092E-03	 0.50308824E-03
  1661.0000    	  1662.0000    	 0.12447446E-01	 0.20927893E-02
  1662.0000    	  1663.0000    	 0.12462861E-01	 0.18449582E-02
  1663.0000    	  1664.0000    	 0.14327092E-01	 0.17829435E-02
  1664.0000    	  1665.0000    	 0.11420421E-01	 0.16062720E-02
  1665.0000    	  1666.0000    	 0.94832590E-02	 0.18471144E-02
  1666.0000    	  1667.0000    	 0.36349021E-02	 0.15269802E-02
  1667.0000    	  1668.0000    	 0.57314500E-02	 0.10697844E-02
  1668.0000    	  1669.0000    	 0.24380105E-02	 0.85072706E-03
  1669.0000    	  1670.0000    	 0.17682404E-03	 0.63955832E-03
  1670.0000    	  1671.0000    	 0.16901688E-02	 0.63525937E-03
  1671.0000    	  1672.0000    	-0.34027402E-03	 0.45369562E-03
  1672.0000    	  1673.0000    	 0.15682365E-01	 0.19500342E-02
  1673.0000    	  1674.0000    	 0.18733751E-01	 0.21133440E-02
  1674.0000    	  1675.0000    	 0.13981247E-01	 0.19684323E-02
  1675.0000    	  1676.0000    	 0.11140349E-01	 0.15943239E-02
  1676.0000    	  1677.0000    	 0.86429098E-02	 0.14807239E-02
  1677.0000    	  1678.0000    	 0.66962461E-02	 0.14141613E-02
  1678.0000    	  1679.0000    	 0.53342247E-02	 0.10134519E-02
  1679.0000    	  1680.0000    	 0.25973633E-02	 0.95264194E-03
  1680.0000    	  1681.0000    	 0.16189658E-02	 0.63327981E-03
  1681.0000    	  1682.0000    	 0.11308932E-03	 0.64433163E-03
  1682.0000    	  1683.0000    	-0.25798091E-03	 0.43484571E-03
  1683.0000    	  1684.0000    	 0.11070464E-01	 0.20107051E-02
  1684.0000    	  1685.0000    	 0.14885849E-01	 0.21987169E-02
  1685.0000    	  1686.0000    	 0.13860134E-01	 0.17631378E-02
  1686.0000    	  1687.0000    	 0.79995703E-02	 0.16621013E-02
  1687.0000    	  1688.0000    	 0.12443307E-01	 0.14344292E-02
  1688.0000    	  1689.0000    	 0.52274886E-02	 0.12144119E-02
  1689.0000    	  1690.0000    	 0.46614379E-02	 0.11579660E-02
  1690.0000    	  1691.0000    	 0.17509369E-02	 0.91680980E-03
  1691.0000    	  1692.0000    	 0.15338565E-02	 0.82651790E-03
  1692.0000    	  1693.0000    	 0.53251099E-03	 0.52785067E-03
  1693.0000    	  1694.0000    	 0.71097336E-03	 0.51869215E-03
  1694.0000    	  1695.0000    	 0.13017682E-01	 0.21510988E-02
  1695.0000    	  1696.0000    	 0.13336568E-01	 0.19220189E-02
  1696.0000    	  1697.0000    	 0.10957942E-01	 0.17182143E-02
  1697.0000    	  1698.0000    	 0.67447459E-02	 0.17556239E-02
  1698.0000    	  1699.0000    	 0.69913909E-02	 0.16593182E-02
  1699.0000    	  1700.0000    	 0.81323576E-02	 0.13202806E-02
  1700.0000    	  1701.0000    	 0.54462147E-02	 0.10625209E-02
  1701.0000    	  1702.0000    	 0.17356450E-02	 0.89725414E-03
  1702.0000    	  1703.0000    	 0.15970302E-02	 0.83529488E-03
  1703.0000    	  1704.0000    	 0.74798001E-03	 0.53864022E-03
  1704.0000    	  1705.0000    	 0.56040478E-03	 0.41399549E-03
  1705.0000    	  1706.0000    	 0.14516324E-01	 0.22154237E-02
  1706.0000    	  1707.0000    	 0.15120197E-01	 0.18979754E-02
  1707.0000    	  1708.0000    	 0.12530214E-01	 0.17360816E-02
  1708.0000    	  1709.0000    	 0.10870666E-01	 0.13767348E-02
  1709.0000    	  1710.0000    	 0.61923127E-02	 0.15859085E-02
  1710.0000    	  1711.0000    	 0.63402980E-02	 0.14849765E-02
  1711.0000    	  1712.0000    	 0.41426499E-02	 0.11160901E-02
  1712.0000    	  1713.0000    	 0.35877929E-02	 0.78287078E-03
  1713.0000    	  1714.0000    	 0.13648799E-02	 0.73002854E-03
  1714.0000    	  1715.0000    	 0.88237176E-03	 0.53728383E-03
  1715.0000    	  1716.0000    	 0.73031770E-03	 0.50376837E-03
  1716.0000    	  1717.0000    	 0.11569658E-01	 0.19951756E-02
  1717.0000    	  1718.0000    	 0.14435041E-01	 0.21124921E-02
  1718.0000    	  1719.0000    	 0.13109111E-01	 0.16470223E-02
  1719.0000    	  1720.0000    	 0.11456256E-01	 0.17120538E-02
  1720.0000    	  1721.0000    	 0.98599543E-02	 0.16306737E-02
  1721.0000    	  1722.0000    	 0.50451925E-02	 0.12968790E-02
  1722.0000    	  1723.0000    	 0.31162273E-02	 0.11265275E-02
  1723.0000    	  1724.0000    	 0.39430887E-02	 0.86293033E-03
  1724.0000    	  1725.0000    	 0.99843271E-03	 0.69004724E-03
  1725.0000    	  1726.0000    	 0.96575753E-03	 0.52853247E-03
  1726.0000    	  1727.0000    	 0.43864533E-03	 0.49808797E-03
  1727.0000    	  1728.0000    	 0.14181137E-01	 0.20293798E-02
  1728.0000    	  1729.0000    	 0.12957677E-01	 0.17898132E-02
  1729.0000    	  1730.0000    	 0.12037387E-01	 0.19141127E-02
  1730.0000    	  1731.0000    	 0.11767708E-01	 0.17177452E-02
  1731.0000    	  1732.0000    	 0.54038477E-02	 0.16177245E-02
  1732.0000    	  1733.0000    	 0.51787982E-02	 0.12434991E-02
  1733.0000    	  1734.0000    	 0.32738636E-02	 0.10968400E-02
  1734.0000    	  1735.0000    	 0.19027883E-02	 0.96546386E-03
  1735.0000    	  1736.0000    	 0.14602165E-02	 0.72886132E-03
  1736.0000    	  1737.0000    	 0.57744339E-03	 0.61147354E-03
  1737.0000    	  1738.0000    	 0.16302849E-03	 0.47010862E-03
  1738.0000    	  1739.0000    	 0.13448340E-01	 0.18841558E-02
  1739.0000    	  1740.0000    	 0.12974126E-01	 0.17210062E-02
  1740.0000    	  1741.0000    	 0.15205866E-01	 0.19873838E-02
  1741.0000    	  1742.0000    	 0.89934107E-02	 0.15786317E-02
  1742.0000    	  1743.0000    	 0.77582718E-02	 0.14766910E-02
  1743.0000    	  1744.0000    	 0.65288756E-02	 0.12305928E-02
  1744.0000    	  1745.0000    	 0.55883692E-02	 0.99663832E-03
  1745.0000    	  1746.0000    	 0.23292194E-02	 0.89237353E-03
  1746.0000    	  1747.0000    	 0.84404228E-03	 0.71827548E-03
  1747.0000    	  1748.0000    	 0.16734619E-02	 0.58016304E-03
  1748.0000    	  1749.0000    	 0.42701389E-03	 0.40918576E-03
  1749.0000    	  1750.0000    	 0.15296822E-01	 0.21424713E-02
  1750.0000    	  1751.0000    	 0.14109713E-01	 0.19216814E-02
  1751.0000    	  1752.0000    	 0.10750690E-01	 0.20604505E-02
  1752.0000    	  1753.0000    	 0.10903401E-01	 0.15244314E-02
  1753.0000    	  1754.0000    	 0.67788092E-02	 0.14158366E-02
  1754.0000    	  1755.0000    	 0.56958328E-02	 0.14363448E-02
  1755.0000    	  1756.0000    	 0.45188729E-02	 0.11505962E-02
  1756.0000    	  1757.0000    	 0.21719176E-02	 0.85183466E-03
  1757.0000    	  1758.0000    	 0.45733036E-04	 0.66003701E-03
  1758.0000    	  1759.0000    	 0.14367559E-02	 0.63975783E-03
  1759.0000    	  1760.0000    	 0.47061931E-03	 0.37295528E-03
  1760.0000    	  1761.0000    	 0.15113197E-01	 0.20932951E-02
  1761.0000    	  1762.0000    	 0.13767293E-01	 0.18405580E-02
  1762.0000    	  1763.0000    	 0.10374077E-01	 0.17553781E-02
  1763.0000    	  1764.0000    	 0.12490679E-01	 0.15872604E-02
  1764.0000    	  1765.0000    	 0.89808012E-02	 0.14449168E-02
  1765.0000    	  1766.0000    	 0.79622794E-02	 0.12466361E-02
  1766.0000    	  1767.0000    	 0.36328911E-02	 0.11183370E-02
  1767.0000    	  1768.0000    	 0.31366698E-02	 0.76957388E-03
  1768.0000    	  1769.0000    	 0.23334014E-02	 0.74530703E-03
  1769.0000    	  1770.0000    	 0.90242271E-03	 0.60566141E-03
  1770.0000    	  1771.0000    	 0.17320845E-03	 0.39746960E-03
  1771.0000    	  1772.0000    	 0.13390859E-01	 0.19996006E-02
  1772.0000    	  1773.0000    	 0.13388484E-01	 0.17398015E-02
  1773.0000    	  1774.0000    	 0.88609235E-02	 0.18935064E-02
  1774.0000    	  1775.0000    	 0.93218106E-02	 0.16205342E-02
  1775.0000    	  1776.0000    	 0.66295830E-02	 0.15454297E-02
  1776.0000    	  1777.0000    	 0.70066622E-02	 0.12675240E-02
  1777.0000    	  1778.0000    	 0.52870375E-02	 0.11991309E-02
  1778.0000    	  1779.0000    	 0.32019190E-02	 0.81386086E-03
  1779.0000    	  1780.0000    	 0.20383917E-02	 0.74370716E-03
  1780.0000    	  1781.0000    	 0.13791004E-02	 0.53291024E-03
  1781.0000    	  1782.0000    	 0.10198704E-04	 0.42241755E-03
  1782.0000    	  1783.0000    	 0.14066484E-01	 0.19264128E-02
  1783.0000    	  1784.0000    	 0.13715582E-01	 0.16931647E-02
  1784.0000    	  1785.0000    	 0.15772900E-01	 0.18214486E-02
  1785.0000    	  1786.0000    	 0.12868017E-01	 0.17375860E-02
  1786.0000    	  1787.0000    	 0.60042971E-02	 0.16249055E-02
  1787.0000    	  1788.0000    	 0.55836456E-02	 0.10547253E-02
  1788.0000    	  1789.0000    	 0.26268710E-02	 0.10782765E-02
  1789.0000    	  1790.0000    	 0.36985863E-02	 0.94360456E-03
  1790.0000    	  1791.0000    	 0.12646802E-02	 0.73350144E-03
  1791.0000    	  1792.0000    	 0.41774668E-03	 0.55458921E-03
  1792.0000    	  1793.0000    	 0.89992011E-03	 0.40653722E-03
  1793.0000    	  1794.0000    	 0.14931488E-01	 0.21118878E-02
  1794.0000    	  1795.0000    	 0.11460242E-01	 0.20759792E-02
  1795.0000    	  1796.0000    	 0.11226517E-01	 0.17426711E-02
  1796.0000    	  1797.0000    	 0.84594268E-02	 0.18430064E-02
  1797.0000    	  1798.0000    	 0.84025497E-02	 0.15019924E-02
  1798.0000    	  1799.0000    	 0.60734655E-02	 0.12685220E-02
  1799.0000    	  1800.0000    	 0.49611046E-02	 0.10600253E-02
  1800.0000    	  1801.0000    	 0.20739980E-02	 0.86314547E-03
  1801.0000    	  1802.0000    	 0.22831808E-02	 0.68357970E-03
  1802.0000    	  1803.0000    	 0.15141435E-03	 0.55154726E-03
  1803.0000    	  1804.0000    	 0.63413110E-03	 0.32145761E-03
  1804.0000    	  1805.0000    	 0.13479841E-01	 0.20528643E-02
  1805.0000    	  1806.0000    	 0.13672523E-01	 0.21040137E-02
  1806.0000    	  1807.0000    	 0.13491855E-01	 0.16873663E-02
  1807.0000    	  1808.0000    	 0.83585837E-02	 0.17075955E-02
  1808.0000    	  1809.0000    	 0.76024326E-02	 0.13397507E-02
  1809.0000    	  1810.0000    	 0.72987190E-02	 0.11180119E-02
  1810.0000    	  1811.0000    	 0.55498585E-02	 0.10909857E-02
  1811.0000    	  1812.0000    	 0.28838326E-02	 0.75002062E-03
  1812.0000    	  1813.0000    	 0.15377816E-02	 0.68945005E-03
  1813.0000    	  1814.0000    	 0.10624113E-03	 0.53018878E-03
  1814.0000    	  1815.0000    	-0.36523160E-03	 0.52554498E-03
  1815.0000    	  1816.0000    	 0.10650978E-01	 0.20539914E-02
  1816.0000    	  1817.0000    	 0.79088392E-02	 0.18270303E-02
  1817.0000    	  1818.0000    	 0.95724255E-02	 0.15690637E-02
  1818.0000    	  1819.0000    	 0.10888544E-01	 0.15419310E-02
  1819.0000    	  1820.0000    	 0.54840757E-02	 0.13099395E-02
  1820.0000    	  1821.0000    	 0.61480834E-02	 0.11748289E-02
  1821.0000    	  1822.0000    	 0.34852462E-02	 0.10140520E-02
  1822.0000    	  1823.0000    	 0.34461637E-02	 0.84152081E-03
  1823.0000    	  1824.0000    	-0.43559976E-03	 0.70972131E-03
  1824.0000    	  1825.0000    	 0.13028564E-02	 0.53220395E-03
  1825.0000    	  1826.0000    	 0.54052730E-03	 0.36449795E-03
  1826.0000    	  1827.0000    	 0.13896879E-01	 0.21007301E-02
  1827.0000    	  1828.0000    	 0.12217848E-01	 0.17804014E-02
  1828.0000    	  1829.0000    	 0.12994091E-01	 0.17541445E-02
  1829.0000    	  1830.0000    	 0.86583511E-02	 0.15102683E-02
  1830.0000    	  1831.0000    	 0.58988025E-02	 0.13521791E-02
  1831.0000    	  1832.0000    	 0.74484332E-02	 0.11522526E-02
  1832.0000    	  1833.0000    	 0.42694059E-02	 0.11488813E-02
  1833.0000    	  1834.0000    	 0.27846591E-02	 0.82679923E-03
  1834.0000    	  1835.0000    	 0.30695916E-02	 0.61881279E-03
  1835.0000    	  1836.0000    	 0.40327251E-03	 0.48146276E-03
  1836.0000    	  1837.0000    	 0.10600481E-03	 0.40272410E-03
  1837.0000    	  1838.0000    	 0.14137570E-01	 0.20724498E-02
  1838.0000    	  1839.0000    	 0.11972795E-01	 0.20935853E-02
  1839.0000    	  1840.0000    	 0.11937469E-01	 0.16930153E-02
  1840.0000    	  1841.0000    	 0.10831866E-01	 0.14426371E-02
  1841.0000    	  1842.0000    	 0.82500813E-02	 0.13298320E-02
  1842.0000    	  1843.0000    	 0.58816290E-02	 0.10403129E-02
  1843.0000    	  1844.0000    	 0.32929986E-02	 0.95442007E-03
  1844.0000    	  1845.0000    	 0.20689735E-02	 0.81525936E-03
  1845.0000    	  1846.0000    	 0.19298477E-02	 0.61229571E-03
  1846.0000    	  1847.0000    	 0.60790974E-03	 0.49299175E-03
  1847.0000    	  1848.0000    	 0.38548766E-03	 0.40906354E-03
  1848.0000    	  1849.0000    	 0.15624250E-01	 0.20805189E-02
  1849.0000    	  1850.0000    	 0.13901245E-01	 0.19472064E-02
  1850.0000    	  1851.0000    	 0.11615403E-01	 0.17965538E-02
  1851.0000    	  1852.0000    	 0.97806105E-02	 0.17569111E-02
  1852.0000    	  1853.0000    	 0.98784987E-02	 0.14360077E-02
  1853.0000    	  1854.0000    	 0.52031801E-02	 0.11333797E-02
  1854.0000    	  1855.0000    	 0.54733231E-02	 0.10822040E-02
  1855.0000    	  1856.0000    	 0.44694699E-02	 0.84914528E-03
  1856.0000    	  1857.0000    	 0.19171402E-02	 0.66529477E-03
  1857.0000    	  1858.0000    	 0.44299908E-03	 0.48847437E-03
  1858.0000    	  1859.0000    	 0.43664325E-03	 0.26408738E-03
  1859.0000    	  1860.0000    	 0.15064672E-01	 0.22580790E-02
  1860.0000    	  1861.0000    	 0.11232781E-01	 0.16832033E-02
  1861.0000    	  1862.0000    	 0.12094186E-01	 0.17184494E-02
  1862.0000    	  1863.0000    	 0.93149826E-02	 0.14965541E-02
  1863.0000    	  1864.0000    	 0.77812862E-02	 0.13166705E-02
  1864.0000    	  1865.0000    	 0.61365584E-02	 0.12159315E-02
  1865.0000    	  1866.0000    	 0.38831098E-02	 0.11102317E-02
  1866.0000    	  1867.0000    	 0.18214000E-02	 0.87932102E-03
  1867.0000    	  1868.0000    	 0.24264965E-02	 0.69898939E-03
  1868.0000    	  1869.0000    	 0.14246495E-02	 0.43163965E-03
  1869.0000    	  1870.0000    	 0.22915571E-04	 0.39006900E-03
  1870.0000    	  1871.0000    	 0.12967358E-01	 0.19162453E-02
  1871.0000    	  1872.0000    	 0.14469463E-01	 0.18625540E-02
  1872.0000    	  1873.0000    	 0.12120869E-01	 0.15521222E-02
  1873.0000    	  1874.0000    	 0.96356441E-02	 0.18665625E-02
  1874.0000    	  1875.0000    	 0.91154644E-02	 0.13463064E-02
  1875.0000    	  1876.0000    	 0.50165495E-02	 0.11221635E-02
  1876.0000    	  1877.0000    	 0.49887003E-02	 0.98156445E-03
  1877.0000    	  1878.0000    	 0.40419429E-02	 0.69529155E-03
  1878.0000    	  1879.0000    	 0.74026469E-03	 0.69290310E-03
  1879.0000    	  1880.0000    	 0.27277645E-03	 0.48715432E-03
  1880.0000    	  1881.0000    	 0.50526293E-03	 0.40112866E-03
  1881.0000    	  1882.0000    	 0.12469246E-01	 0.18982756E-02
  1882.0000    	  1883.0000    	 0.12239595E-01	 0.18106656E-02
  1883.0000    	  1884.0000    	 0.11512501E-01	 0.14029252E-02
  1884.0000    	  1885.0000    	 0.94470359E-02	 0.13449778E-02
  1885.0000    	  1886.0000    	 0.61169710E-02	 0.13386556E-02
  1886.0000    	  1887.0000    	 0.64279882E-02	 0.11625203E-02
  1887.0000    	  1888.0000    	 0.40798461E-02	 0.96901669E-03
  1888.0000    	  1889.0000    	 0.36765759E-02	 0.75870991E-03
  1889.0000    	  1890.0000    	 0.24972278E-02	 0.66696731E-03
  1890.0000    	  1891.0000    	 0.38276778E-03	 0.54239756E-03
  1891.0000    	  1892.0000    	-0.12947569E-03	 0.37837961E-03
  1892.0000    	  1893.0000    	 0.12450258E-01	 0.17454836E-02
  1893.0000    	  1894.0000    	 0.99714833E-02	 0.18115055E-02
  1894.0000    	  1895.0000    	 0.84236164E-02	 0.17364178E-02
  1895.0000    	  1896.0000    	 0.10551100E-01	 0.16032395E-02
  1896.0000    	  1897.0000    	 0.65718932E-02	 0.12893538E-02
  1897.0000    	  1898.0000    	 0.78607866E-02	 0.10610310E-02
  1898.0000    	  1899.0000    	 0.42242511E-02	 0.10777931E-02
  1899.0000    	  1900.0000    	 0.13056779E-02	 0.97497062E-03
  1900.0000    	  1901.0000    	 0.13246095E-02	 0.68775470E-03
  1901.0000    	  1902.0000    	-0.21354680E-04	 0.49038447E-03
  1902.0000    	  1903.0000    	 0.25192798E-03	 0.41789650E-03
  1903.0000    	  1904.0000    	 0.10794962E-01	 0.17103591E-02
  1904.0000    	  1905.0000    	 0.10402253E-01	 0.17475334E-02
  1905.0000    	  1906.0000    	 0.11029574E-01	 0.18088779E-02
  1906.0000    	  1907.0000    	 0.93396992E-02	 0.15597759E-02
  1907.0000    	  1908.0000    	 0.54452618E-02	 0.12176744E-02
  1908.0000    	  1909.0000    	 0.37551006E-02	 0.12295957E-02
  1909.0000    	  1910.0000    	 0.38999524E-02	 0.90530655E-03
  1910.0000    	  1911.0000    	 0.31585362E-02	 0.88966960E-03
  1911.0000    	  1912.0000    	 0.10300857E-02	 0.60810019E-03
  1912.0000    	  1913.0000    	 0.61892580E-03	 0.58038012E-03
  1913.0000    	  1914.0000    	 0.56504511E-03	 0.35311339E-03
  1914.0000    	  1915.0000    	 0.14361904E-01	 0.18434174E-02
  1915.0000    	  1916.0000    	 0.94153902E-02	 0.16063293E-02
  1916.0000    	  1917.0000    	 0.11024216E-01	 0.17781586E-02
  1917.0000    	  1918.0000    	 0.12154228E-01	 0.13934243E-02
  1918.0000    	  1919.0000    	 0.78299514E-02	 0.13043661E-02
  1919.0000    	  1920.0000    	 0.22462285E-02	 0.11100554E-02
  1920.0000    	  1921.0000    	 0.44994267E-02	 0.10711934E-02
  1921.0000    	  1922.0000    	 0.30421520E-02	 0.81954197E-03
  1922.0000    	  1923.0000    	 0.11982482E-02	 0.66661749E-03
  1923.0000    	  1924.0000    	 0.11278150E-02	 0.53206792E-03
  1924.0000    	  1925.0000    	-0.21823730E-03	 0.30042354E-03
  1925.0000    	  1926.0000    	 0.13315082E-01	 0.19540734E-02
  1926.0000    	  1927.0000    	 0.11439848E-01	 0.15453497E-02
  1927.0000    	  1928.0000    	 0.68593777E-02	 0.18406960E-02
  1928.0000    	  1929.0000    	 0.86615091E-02	 0.14951219E-02
  1929.0000    	  1930.0000    	 0.82152565E-02	 0.12166322E-02
  1930.0000    	  1931.0000    	 0.84686683E-02	 0.11819808E-02
  1931.0000    	  1932.0000    	 0.15615930E-02	 0.97033426E-03
  1932.0000    	  1933.0000    	 0.29317919E-02	 0.85708195E-03
  1933.0000    	  1934.0000    	 0.11090140E-02	 0.61710106E-03
  1934.0000    	  1935.0000    	 0.41401844E-03	 0.54853243E-03
  1935.0000    	  1936.0000    	 0.61157413E-03	 0.33143265E-03
  1936.0000    	  1937.0000    	 0.16699613E-01	 0.23490231E-02
  1937.0000    	  1938.0000    	 0.12563493E-01	 0.19491156E-02
  1938.0000    	  1939.0000    	 0.11147568E-01	 0.16948629E-02
  1939.0000    	  1940.0000    	 0.10013533E-01	 0.15707931E-02
  1940.0000    	  1941.0000    	 0.78186269E-02	 0.12448688E-02
  1941.0000    	  1942.0000    	 0.41676704E-02	 0.10687747E-02
  1942.0000    	  1943.0000    	 0.46077149E-02	 0.95428536E-03
  1943.0000    	  1944.0000    	 0.28142300E-02	 0.66995738E-03
  1944.0000    	  1945.0000    	 0.20309949E-02	 0.64368289E-03
  1945.0000    	  1946.0000    	 0.13959200E-02	 0.53030127E-03
  1946.0000    	  1947.0000    	 0.60034513E-03	 0.23735554E-03
  1947.0000    	  1948.0000    	 0.10994228E-01	 0.19758622E-02
  1948.0000    	  1949.0000    	 0.88719433E-02	 0.16068393E-02
  1949.0000    	  1950.0000    	 0.10142265E-01	 0.16458094E-02
  1950.0000    	  1951.0000    	 0.89811008E-02	 0.14630847E-02
  1951.0000    	  1952.0000    	 0.73349977E-02	 0.14676876E-02
  1952.0000    	  1953.0000    	 0.69145716E-02	 0.12421373E-02
  1953.0000    	  1954.0000    	 0.49664051E-02	 0.85174296E-03
  1954.0000    	  1955.0000    	 0.12955475E-02	 0.89159023E-03
  1955.0000    	  1956.0000    	 0.18441279E-02	 0.64039326E-03
  1956.0000    	  1957.0000    	 0.14803912E-02	 0.39693921E-03
  1957.0000    	  1958.0000    	 0.86239521E-03	 0.14370891E-03
  1958.0000    	  1959.0000    	 0.11052181E-01	 0.17158690E-02
  1959.0000    	  1960.0000    	 0.11929705E-01	 0.18759295E-02
  1960.0000    	  1961.0000    	 0.11799557E-01	 0.16978015E-02
  1961.0000    	  1962.0000    	 0.78755779E-02	 0.15165256E-02
  1962.0000    	  1963.0000    	 0.65715022E-02	 0.14185866E-02
  1963.0000    	  1964.0000    	 0.53233194E-02	 0.12234765E-02
  1964.0000    	  1965.0000    	 0.48776917E-02	 0.76435631E-03
  1965.0000    	  1966.0000    	 0.19585508E-02	 0.78492641E-03
  1966.0000    	  1967.0000    	 0.10654800E-02	 0.61560165E-03
  1967.0000    	  1968.0000    	 0.27468864E-03	 0.46282576E-03
  1968.0000    	  1969.0000    	 0.79653215E-03	 0.29834937E-03
  1969.0000    	  1970.0000    	 0.13021084E-01	 0.18431472E-02
  1970.0000    	  1971.0000    	 0.96942741E-02	 0.21613355E-02
  1971.0000    	  1972.0000    	 0.10900071E-01	 0.17308131E-02
  1972.0000    	  1973.0000    	 0.84948073E-02	 0.15477438E-02
  1973.0000    	  1974.0000    	 0.82394294E-02	 0.11842392E-02
  1974.0000    	  1975.0000    	 0.51108176E-02	 0.11707580E-02
  1975.0000    	  1976.0000    	 0.38398997E-02	 0.10640821E-02
  1976.0000    	  1977.0000    	 0.40699843E-02	 0.74468225E-03
  1977.0000    	  1978.0000    	 0.15862301E-02	 0.67703685E-03
  1978.0000    	  1979.0000    	 0.64374989E-03	 0.45278550E-03
  1979.0000    	  1980.0000    	 0.30959676E-03	 0.24726879E-03
  1980.0000    	  1981.0000    	 0.98541821E-02	 0.21232852E-02
  1981.0000    	  1982.0000    	 0.10879965E-01	 0.18591814E-02
  1982.0000    	  1983.0000    	 0.11180979E-01	 0.14956707E-02
  1983.0000    	  1984.0000    	 0.76224905E-02	 0.14881939E-02
  1984.0000    	  1985.0000    	 0.68208150E-02	 0.12643573E-02
  1985.0000    	  1986.0000    	 0.40317219E-02	 0.12011739E-02
  1986.0000    	  1987.0000    	 0.38111922E-02	 0.11156639E-02
  1987.0000    	  1988.0000    	 0.30104612E-02	 0.74877979E-03
  1988.0000    	  1989.0000    	 0.83457557E-03	 0.69784727E-03
  1989.0000    	  1990.0000    	 0.13435076E-02	 0.51384739E-03
  1990.0000    	  1991.0000    	 0.80223062E-04	 0.34215652E-03
  1991.0000    	  1992.0000    	 0.12073378E-01	 0.20517099E-02
  1992.0000    	  1993.0000    	 0.13772674E-01	 0.20426501E-02
  1993.0000    	  1994.0000    	 0.88912151E-02	 0.14550689E-02
  1994.0000    	  1995.0000    	 0.12039344E-01	 0.13354926E-02
  1995.0000    	  1996.0000    	 0.56145053E-02	 0.14326243E-02
  1996.0000    	  1997.0000    	 0.44502229E-02	 0.13134587E-02
  1997.0000    	  1998.0000    	 0.36385629E-02	 0.92022819E-03
  1998.0000    	  1999.0000    	 0.15124265E-02	 0.90950543E-03
  1999.0000    	  2000.0000    	 0.21700066E-02	 0.64608352E-03
  2000.0000    	  2001.0000    	 0.11661576E-02	 0.49572724E-03
  2001.0000    	  2002.0000    	-0.14150882E-03	 0.38620728E-03
  2002.0000    	  2003.0000    	 0.98611047E-02	 0.18293849E-02
  2003.0000    	  2004.0000    	 0.90287435E-02	 0.18227234E-02
  2004.0000    	  2005.0000    	 0.10016657E-01	 0.14967012E-02
  2005.0000    	  2006.0000    	 0.73355087E-02	 0.14638180E-02
  2006.0000    	  2007.0000    	 0.56247373E-02	 0.12707664E-02
  2007.0000    	  2008.0000    	 0.61833296E-02	 0.10352252E-02
  2008.0000    	  2009.0000    	 0.39624587E-02	 0.94175736E-03
  2009.0000    	  2010.0000    	 0.36568730E-02	 0.86211604E-03
  2010.0000    	  2011.0000    	 0.14857286E-02	 0.65271152E-03
  2011.0000    	  2012.0000    	 0.19434284E-03	 0.45165370E-03
  2012.0000    	  2013.0000    	 0.15649291E-03	 0.35464130E-03
  2013.0000    	  2014.0000    	 0.13995971E-01	 0.17569245E-02
  2014.0000    	  2015.0000    	 0.86806052E-02	 0.16902187E-02
  2015.0000    	  2016.0000    	 0.10090679E-01	 0.16284936E-02
  2016.0000    	  2017.0000    	 0.77703701E-02	 0.13234781E-02
  2017.0000    	  2018.0000    	 0.72142305E-02	 0.11172516E-02
  2018.0000    	  2019.0000    	 0.56432711E-02	 0.10293226E-02
  2019.0000    	  2020.0000    	 0.17905532E-02	 0.97398828E-03
  2020.0000    	  2021.0000    	 0.27055444E-02	 0.84170422E-03
  2021.0000    	  2022.0000    	 0.44197168E-03	 0.54257918E-03
  2022.0000    	  2023.0000    	 0.12141062E-02	 0.53178226E-03
  2023.0000    	  2024.0000    	 0.29400228E-03	 0.38032331E-03
