0.000252617,0.000251487,0.000248986,0.000244836,0.000238782,0.000230581,0.000220152,0.000207485,0.00019301,0.000176971,0.000159766
0.000236443,0.000235069,0.00023236,0.0002278,0.000221351,0.000212867,0.000202269,0.000189777,0.000175622,0.000160179,0.000143842
0.000221484,0.000220097,0.000216945,0.000212112,0.000205365,0.000196699,0.000186118,0.000173758,0.00016009,0.00014527,0.000129686
0.000206897,0.000205305,0.000202017,0.000196918,0.000189936,0.000181128,0.000170536,0.000158464,0.000145164,0.00013098,0.000116248
0.00019457,0.000192915,0.000189485,0.000184247,0.000177171,0.000168358,0.00015789,0.000146103,0.000133247,0.000119653,0.000105645
0.000183705,0.000182001,0.00017849,0.000173204,0.00016606,0.000157357,0.000147049,0.000135564,0.000123194,0.00011013,9.67719e-05
0.000172832,0.000171101,0.000167529,0.000162173,0.000155093,0.000146428,0.000136347,0.00012519,0.000113222,0.000100753,8.80872e-05
0.000163304,0.000161552,0.000157962,0.000152606,0.000145587,0.000137052,0.000127206,0.000116379,0.000104841,9.2903e-05,8.08485e-05
0.000154467,0.000152703,0.000149125,0.000143797,0.000136872,0.000128496,0.000118905,0.000108414,9.73017e-05,8.58729e-05,7.43975e-05
0.000146389,0.000144614,0.000141085,0.000135808,0.000128989,0.000120784,0.000111461,0.000101297,9.05954e-05,7.96476e-05,6.87076e-05
0.000138681,0.000136927,0.000133429,0.000128228,0.000121557,0.000113554,0.000104499,9.4679e-05,8.43818e-05,7.38987e-05,6.34758e-05
0.00013172,0.00012998,0.000126524,0.000121421,0.000114907,0.000107103,9.83208e-05,8.88281e-05,7.89133e-05,6.88528e-05,5.89064e-05
0.000124953,0.000123235,0.00011986,0.000114869,0.000108514,0.000100929,9.24223e-05,8.32688e-05,7.37343e-05,6.4102e-05,5.46188e-05
0.000118781,0.000117097,0.000113799,0.000108925,0.00010273,9.53617e-05,8.71263e-05,7.82922e-05,6.91126e-05,5.98805e-05,5.08221e-05
0.000112951,0.000111303,0.000108075,0.000103333,9.73153e-05,9.01635e-05,8.21975e-05,7.36747e-05,6.48427e-05,5.59872e-05,4.73387e-05
0.000107668,0.000106073,0.000102924,9.82986e-05,9.24386e-05,8.55055e-05,7.77959e-05,6.95486e-05,6.1042e-05,5.25436e-05,4.42605e-05
0.000102696,0.000101128,9.80695e-05,9.35611e-05,8.78659e-05,8.11594e-05,7.36754e-05,6.57282e-05,5.75376e-05,4.93585e-05,4.14395e-05
9.7855e-05,9.63259e-05,9.33353e-05,8.89786e-05,8.34497e-05,7.6933e-05,6.97079e-05,6.20313e-05,5.41323e-05,4.62956e-05,3.87247e-05
9.3462e-05,9.19781e-05,8.90693e-05,8.4831e-05,7.94605e-05,7.31376e-05,6.61459e-05,5.87185e-05,5.1112e-05,4.35744e-05,3.6332e-05
8.94312e-05,8.79758e-05,8.51457e-05,8.10335e-05,7.58011e-05,6.96754e-05,6.28877e-05,5.57022e-05,4.83596e-05,4.11154e-05,3.41668e-05
8.55486e-05,8.41423e-05,8.13831e-05,7.73741e-05,7.22928e-05,6.63413e-05,5.97739e-05,5.2818e-05,4.57377e-05,3.87614e-05,3.21138e-05
8.20517e-05,8.06732e-05,7.79883e-05,7.40885e-05,6.91236e-05,6.33502e-05,5.69654e-05,5.0246e-05,4.33885e-05,3.66829e-05,3.0297e-05
7.86948e-05,7.73588e-05,7.47155e-05,7.09259e-05,6.61122e-05,6.04765e-05,5.42914e-05,4.77811e-05,4.11573e-05,3.46735e-05,2.85639e-05
7.56146e-05,7.43089e-05,7.17355e-05,6.80311e-05,6.33329e-05,5.78679e-05,5.18442e-05,4.55332e-05,3.91162e-05,3.28795e-05,2.69968e-05
7.26296e-05,7.13571e-05,6.88432e-05,6.52536e-05,6.06628e-05,5.53436e-05,4.94982e-05,4.33749e-05,3.71759e-05,3.11651e-05,2.55139e-05
6.96926e-05,6.84499e-05,6.60071e-05,6.24774e-05,5.80195e-05,5.28462e-05,4.71662e-05,4.12292e-05,3.52415e-05,2.94489e-05,2.40457e-05
6.71977e-05,6.59868e-05,6.35886e-05,6.01413e-05,5.57885e-05,5.07384e-05,4.52191e-05,3.94451e-05,3.36416e-05,2.80397e-05,2.28422e-05
6.46827e-05,6.35001e-05,6.11633e-05,5.77946e-05,5.35414e-05,4.86354e-05,4.3245e-05,3.765e-05,3.20315e-05,2.66316e-05,2.16337e-05
6.23477e-05,6.11899e-05,5.88982e-05,5.56121e-05,5.14605e-05,4.66695e-05,4.14358e-05,3.59867e-05,3.05459e-05,2.53314e-05,2.05267e-05
6.01939e-05,5.90589e-05,5.68318e-05,5.36018e-05,4.95524e-05,4.48795e-05,3.97783e-05,3.44748e-05,2.91973e-05,2.41602e-05,1.95347e-05
5.804e-05,5.69279e-05,5.47388e-05,5.1597e-05,4.76334e-05,4.30726e-05,3.81105e-05,3.29611e-05,2.78483e-05,2.29845e-05,1.85381e-05
5.59872e-05,5.48964e-05,5.2764e-05,4.96842e-05,4.58168e-05,4.13678e-05,3.65322e-05,3.15337e-05,2.65775e-05,2.18847e-05,1.7611e-05
5.40784e-05,5.30093e-05,5.09225e-05,4.79115e-05,4.41286e-05,3.97876e-05,3.50777e-05,3.02171e-05,2.54123e-05,2.08785e-05,1.67656e-05
5.22641e-05,5.12148e-05,4.91749e-05,4.62277e-05,4.25287e-05,3.82905e-05,3.37017e-05,2.89757e-05,2.43148e-05,1.99335e-05,1.59744e-05
5.05509e-05,4.95264e-05,4.75245e-05,4.46446e-05,4.10237e-05,3.6886e-05,3.24126e-05,2.7816e-05,2.32986e-05,1.90597e-05,1.52442e-05
4.88783e-05,4.78696e-05,4.59169e-05,4.30932e-05,3.95538e-05,3.55144e-05,3.11597e-05,2.66848e-05,2.23018e-05,1.82046e-05,1.45332e-05
4.72692e-05,4.6285e-05,4.43659e-05,4.1608e-05,3.81517e-05,3.42019e-05,2.9958e-05,2.56101e-05,2.13598e-05,1.74007e-05,1.38663e-05
4.57385e-05,4.4773e-05,4.28948e-05,4.01961e-05,3.68175e-05,3.29598e-05,2.8824e-05,2.45961e-05,2.04741e-05,1.66461e-05,1.32432e-05
4.42866e-05,4.33387e-05,4.14977e-05,3.88587e-05,3.55522e-05,3.17817e-05,2.77538e-05,2.36373e-05,1.96428e-05,1.59386e-05,1.26569e-05
4.2895e-05,4.19735e-05,4.01685e-05,3.75787e-05,3.43569e-05,3.06725e-05,2.67382e-05,2.27371e-05,1.88591e-05,1.5275e-05,1.21128e-05
4.1504e-05,4.06e-05,3.883e-05,3.63026e-05,3.3147e-05,2.9553e-05,2.57236e-05,2.18367e-05,1.80773e-05,1.46146e-05,1.1571e-05
4.02024e-05,3.9315e-05,3.75822e-05,3.51067e-05,3.20238e-05,2.85141e-05,2.47822e-05,2.10016e-05,1.73536e-05,1.4007e-05,1.10739e-05
3.89554e-05,3.80874e-05,3.63897e-05,3.39662e-05,3.09553e-05,2.75228e-05,2.38844e-05,2.02082e-05,1.667e-05,1.34326e-05,1.06056e-05
3.77414e-05,3.68922e-05,3.52278e-05,3.28566e-05,2.99134e-05,2.65663e-05,2.30192e-05,1.94452e-05,1.60122e-05,1.2883e-05,1.0158e-05
3.66192e-05,3.5783e-05,3.41567e-05,3.18307e-05,2.89502e-05,2.56837e-05,2.22191e-05,1.87457e-05,1.54031e-05,1.23779e-05,9.7504e-06
3.54551e-05,3.46446e-05,3.30455e-05,3.07726e-05,2.79656e-05,2.47736e-05,2.14036e-05,1.80251e-05,1.47957e-05,1.1868e-05,9.32991e-06
3.43922e-05,3.35936e-05,3.20295e-05,2.98023e-05,2.70586e-05,2.39431e-05,2.06561e-05,1.73678e-05,1.42292e-05,1.14019e-05,8.95261e-06
3.33419e-05,3.25651e-05,3.10289e-05,2.88536e-05,2.61745e-05,2.3133e-05,1.99289e-05,1.67345e-05,1.3694e-05,1.09543e-05,8.59237e-06
3.23362e-05,3.15832e-05,3.00775e-05,2.79439e-05,2.53293e-05,2.23576e-05,1.92341e-05,1.61289e-05,1.31796e-05,1.05311e-05,8.24775e-06
3.13878e-05,3.06445e-05,2.91734e-05,2.70832e-05,2.45278e-05,2.1629e-05,1.85832e-05,1.55589e-05,1.26901e-05,1.01339e-05,7.92863e-06
3.04369e-05,2.97183e-05,2.82744e-05,2.62297e-05,2.37343e-05,2.09031e-05,1.7934e-05,1.49986e-05,1.22223e-05,9.74436e-06,7.61519e-06
2.95419e-05,2.88354e-05,2.74197e-05,2.54191e-05,2.29822e-05,2.02199e-05,1.73298e-05,1.44706e-05,1.17792e-05,9.3788e-06,7.32319e-06
2.86915e-05,2.79986e-05,2.66194e-05,2.46582e-05,2.22789e-05,1.95747e-05,1.67561e-05,1.39747e-05,1.13658e-05,9.03986e-06,7.05569e-06
2.78147e-05,2.71387e-05,2.57841e-05,2.38727e-05,2.15459e-05,1.89182e-05,1.61717e-05,1.34713e-05,1.09366e-05,8.6923e-06,6.77687e-06
2.6991e-05,2.63312e-05,2.50047e-05,2.31343e-05,2.08616e-05,1.82987e-05,1.5623e-05,1.29983e-05,1.05415e-05,8.37042e-06,6.52154e-06
2.62337e-05,2.55908e-05,2.42909e-05,2.2459e-05,2.02361e-05,1.77327e-05,1.51222e-05,1.25681e-05,1.01801e-05,8.07828e-06,6.28987e-06
2.54656e-05,2.48343e-05,2.35614e-05,2.17734e-05,1.96001e-05,1.71639e-05,1.46203e-05,1.21364e-05,9.8189e-06,7.78691e-06,6.05835e-06
2.47144e-05,2.40964e-05,2.28548e-05,2.11049e-05,1.89844e-05,1.66047e-05,1.41296e-05,1.17159e-05,9.47146e-06,7.50347e-06,5.83548e-06
2.39975e-05,2.33907e-05,2.21771e-05,2.04667e-05,1.83949e-05,1.60739e-05,1.36636e-05,1.1318e-05,9.14121e-06,7.23668e-06,5.62563e-06
2.33304e-05,2.27363e-05,2.15483e-05,1.98767e-05,1.78506e-05,1.55852e-05,1.32355e-05,1.09531e-05,8.83873e-06,6.99248e-06,5.43434e-06
2.2693e-05,2.21067e-05,2.09447e-05,1.93115e-05,1.73267e-05,1.5118e-05,1.28264e-05,1.06032e-05,8.54949e-06,6.75968e-06,5.25284e-06
2.20126e-05,2.14408e-05,2.03069e-05,1.87073e-05,1.67745e-05,1.4619e-05,1.23904e-05,1.02337e-05,8.24386e-06,6.5144e-06,5.05936e-06
2.13804e-05,2.08206e-05,1.97115e-05,1.8149e-05,1.62601e-05,1.41588e-05,1.1989e-05,9.89258e-06,7.96344e-06,6.2894e-06,4.88375e-06
2.07865e-05,2.02406e-05,1.91546e-05,1.7626e-05,1.578e-05,1.37288e-05,1.16144e-05,9.57581e-06,7.70137e-06,6.08057e-06,4.72135e-06
2.0195e-05,1.96571e-05,1.85969e-05,1.71037e-05,1.53002e-05,1.33006e-05,1.12423e-05,9.26022e-06,7.44392e-06,5.87331e-06,4.55961e-06
1.96528e-05,1.91242e-05,1.80869e-05,1.66264e-05,1.48594e-05,1.29092e-05,1.09005e-05,8.97147e-06,7.20596e-06,5.683e-06,4.40954e-06
1.91033e-05,1.85863e-05,1.75732e-05,1.61439e-05,1.44222e-05,1.25165e-05,1.05622e-05,8.6877e-06,6.97521e-06,5.49739e-06,4.26947e-06
1.85627e-05,1.80553e-05,1.70642e-05,1.56693e-05,1.39852e-05,1.21275e-05,1.02252e-05,8.40238e-06,6.74219e-06,5.3128e-06,4.12458e-06
1.80686e-05,1.75739e-05,1.66033e-05,1.524e-05,1.35917e-05,1.17788e-05,9.92397e-06,8.14819e-06,6.53464e-06,5.14854e-06,3.99628e-06
1.75505e-05,1.70643e-05,1.61151e-05,1.47819e-05,1.31751e-05,1.14085e-05,9.60363e-06,7.87912e-06,6.31557e-06,4.97276e-06,3.86153e-06
1.70667e-05,1.659e-05,1.56629e-05,1.43587e-05,1.27883e-05,1.10673e-05,9.30868e-06,7.63138e-06,6.11419e-06,4.813e-06,3.73751e-06
1.66093e-05,1.614e-05,1.52327e-05,1.39598e-05,1.24281e-05,1.07449e-05,9.03292e-06,7.40139e-06,5.92542e-06,4.66261e-06,3.62208e-06
1.61412e-05,1.56854e-05,1.47966e-05,1.35514e-05,1.20544e-05,1.04143e-05,8.74624e-06,7.16117e-06,5.73075e-06,4.50902e-06,3.50183e-06
1.56869e-05,1.52383e-05,1.43714e-05,1.31544e-05,1.16927e-05,1.00943e-05,8.47154e-06,6.93081e-06,5.54379e-06,4.35978e-06,3.38733e-06
1.52573e-05,1.48178e-05,1.39697e-05,1.27802e-05,1.13526e-05,9.79348e-06,8.21312e-06,6.71489e-06,5.36858e-06,4.22091e-06,3.27978e-06
1.48574e-05,1.44272e-05,1.3596e-05,1.2433e-05,1.10373e-05,9.51398e-06,7.97266e-06,6.51535e-06,5.20729e-06,4.09331e-06,3.18116e-06
1.44366e-05,1.40149e-05,1.32036e-05,1.20671e-05,1.07052e-05,9.22197e-06,7.72288e-06,6.3059e-06,5.03712e-06,3.95813e-06,3.0765e-06
1.40438e-05,1.36308e-05,1.28372e-05,1.17264e-05,1.03961e-05,8.94963e-06,7.48951e-06,6.11155e-06,4.87976e-06,3.83361e-06,2.98002e-06
1.36641e-05,1.32599e-05,1.24833e-05,1.13975e-05,1.00981e-05,8.68717e-06,7.26494e-06,5.92454e-06,4.7285e-06,3.71387e-06,2.88717e-06
1.32922e-05,1.28964e-05,1.21371e-05,1.10759e-05,9.80712e-06,8.4312e-06,7.0461e-06,5.74267e-06,4.58144e-06,3.59764e-06,2.79703e-06
1.29379e-05,1.2551e-05,1.18079e-05,1.07702e-05,9.53154e-06,8.18911e-06,6.83991e-06,5.57076e-06,4.44248e-06,3.48786e-06,2.71185e-06
1.25873e-05,1.22087e-05,1.14821e-05,1.04685e-05,9.25795e-06,7.94887e-06,6.63437e-06,5.40087e-06,4.3053e-06,3.37965e-06,2.62764e-06
1.22481e-05,1.18767e-05,1.11663e-05,1.01752e-05,8.99311e-06,7.71616e-06,6.43588e-06,5.23649e-06,4.17262e-06,3.27458e-06,2.54611e-06
1.19245e-05,1.15618e-05,1.08659e-05,9.89735e-06,8.74242e-06,7.49659e-06,6.24883e-06,5.08142e-06,4.04819e-06,3.17646e-06,2.46923e-06
1.16045e-05,1.1249e-05,1.05696e-05,9.62244e-06,8.49552e-06,7.28001e-06,6.06546e-06,4.92936e-06,3.92525e-06,3.07948e-06,2.39406e-06
1.12951e-05,1.09475e-05,1.02823e-05,9.35685e-06,8.25568e-06,7.07044e-06,5.88659e-06,4.78214e-06,3.8069e-06,2.98598e-06,2.32127e-06
1.09879e-05,1.06472e-05,9.99742e-06,9.09294e-06,8.01882e-06,6.86315e-06,5.71091e-06,4.63639e-06,3.68962e-06,2.89367e-06,2.24928e-06
1.06921e-05,1.03593e-05,9.7236e-06,8.84019e-06,7.79145e-06,6.66473e-06,5.54231e-06,4.49762e-06,3.57806e-06,2.80583e-06,2.18073e-06
1.04115e-05,1.00862e-05,9.4647e-06,8.60101e-06,7.57708e-06,6.47777e-06,5.38406e-06,4.36698e-06,3.47295e-06,2.7231e-06,2.11622e-06
1.01342e-05,9.81596e-06,9.20762e-06,8.36414e-06,7.36403e-06,6.29189e-06,5.22639e-06,4.23739e-06,3.36899e-06,2.64142e-06,2.05114e-06
9.86498e-06,9.55391e-06,8.95922e-06,8.13467e-06,7.15855e-06,6.11269e-06,5.07507e-06,4.11282e-06,3.26925e-06,2.56276e-06,1.99103e-06
9.60436e-06,9.30009e-06,8.7186e-06,7.91318e-06,6.95995e-06,5.94007e-06,4.92915e-06,3.99293e-06,3.17344e-06,2.48741e-06,1.93194e-06
9.35108e-06,9.0539e-06,8.48533e-06,7.69821e-06,6.76799e-06,5.77324e-06,4.78857e-06,3.87745e-06,3.08079e-06,2.41459e-06,1.8749e-06
9.10444e-06,8.81368e-06,8.25787e-06,7.48891e-06,6.58051e-06,5.61037e-06,4.651e-06,3.76466e-06,2.99043e-06,2.34371e-06,1.81945e-06
8.86579e-06,8.58132e-06,8.03805e-06,7.28648e-06,6.39967e-06,5.45324e-06,4.51872e-06,3.65621e-06,2.90378e-06,2.27561e-06,1.76614e-06
8.63467e-06,8.35663e-06,7.82553e-06,7.09109e-06,6.22528e-06,5.30216e-06,4.39138e-06,3.5519e-06,2.82043e-06,2.2101e-06,1.71253e-06
8.40872e-06,8.13691e-06,7.61756e-06,6.90012e-06,6.05477e-06,5.15437e-06,4.26724e-06,3.45018e-06,2.73878e-06,2.14643e-06,1.66484e-06
8.18915e-06,7.92338e-06,7.41551e-06,6.71469e-06,5.88952e-06,5.01136e-06,4.14704e-06,3.35193e-06,2.66081e-06,2.08497e-06,1.61663e-06
7.97655e-06,7.71685e-06,7.22025e-06,6.53544e-06,5.72991e-06,4.87334e-06,4.03112e-06,3.25722e-06,2.58511e-06,2.02573e-06,1.57015e-06
7.77139e-06,7.51729e-06,7.03198e-06,6.36288e-06,5.5761e-06,4.7405e-06,3.9195e-06,3.16603e-06,2.51262e-06,1.96874e-06,1.52533e-06
7.56953e-06,7.32148e-06,6.847e-06,6.19288e-06,5.4251e-06,4.61003e-06,3.81044e-06,3.07707e-06,2.44203e-06,1.91318e-06,1.48163e-06
7.37497e-06,7.13219e-06,6.66821e-06,6.02959e-06,5.27984e-06,4.48462e-06,3.70531e-06,2.99143e-06,2.37335e-06,1.8597e-06,1.43604e-06
7.18698e-06,6.94959e-06,6.49639e-06,5.8719e-06,5.1396e-06,4.36352e-06,3.6043e-06,2.90894e-06,2.30759e-06,1.80805e-06,1.39918e-06
7.00264e-06,6.77053e-06,6.32679e-06,5.71717e-06,5.0021e-06,4.24534e-06,3.50529e-06,2.82836e-06,2.24347e-06,1.75829e-06,1.35978e-06
6.82146e-06,6.59479e-06,6.16133e-06,5.56569e-06,4.86787e-06,4.12976e-06,3.40865e-06,2.74985e-06,2.18092e-06,1.70915e-06,1.32124e-06
6.64868e-06,6.42719e-06,6.00335e-06,5.42125e-06,4.7397e-06,4.0194e-06,3.31666e-06,2.67504e-06,2.12152e-06,1.66265e-06,1.28452e-06
6.47961e-06,6.26284e-06,5.84845e-06,5.27961e-06,4.61415e-06,3.91156e-06,3.22649e-06,2.60182e-06,2.06311e-06,1.61699e-06,1.24859e-06
6.31714e-06,6.10534e-06,5.70005e-06,5.14404e-06,4.49427e-06,3.80845e-06,3.14054e-06,2.53214e-06,2.00856e-06,1.57354e-06,1.20928e-06
6.15803e-06,5.95073e-06,5.55465e-06,5.01111e-06,4.37639e-06,3.70727e-06,3.05648e-06,2.46361e-06,1.95331e-06,1.53113e-06,1.18089e-06
6.00193e-06,5.79955e-06,5.41239e-06,4.88163e-06,4.26204e-06,3.60935e-06,2.97494e-06,2.39764e-06,1.90092e-06,1.49004e-06,1.14864e-06
5.84982e-06,5.65199e-06,5.27344e-06,4.75501e-06,4.15005e-06,3.5134e-06,2.89513e-06,2.33303e-06,1.84959e-06,1.44998e-06,1.11693e-06
5.7048e-06,5.51136e-06,5.14108e-06,4.63454e-06,4.04363e-06,3.42233e-06,2.81929e-06,2.2715e-06,1.80085e-06,1.4118e-06,1.08694e-06
5.56257e-06,5.37331e-06,5.01142e-06,4.5164e-06,3.93918e-06,3.33283e-06,2.74502e-06,2.21148e-06,1.75316e-06,1.37457e-06,1.05749e-06
5.42525e-06,5.24003e-06,4.88637e-06,4.40288e-06,3.83909e-06,3.24721e-06,2.67391e-06,2.154e-06,1.70631e-06,1.33859e-06,1.02303e-06
5.29002e-06,5.10888e-06,4.76303e-06,4.29011e-06,3.73953e-06,3.16217e-06,2.60356e-06,2.09688e-06,1.66215e-06,1.30342e-06,1.00145e-06
5.15793e-06,4.98103e-06,4.64298e-06,4.18092e-06,3.6434e-06,3.08008e-06,2.53537e-06,2.04196e-06,1.61862e-06,1.26922e-06,9.7451e-07
5.03166e-06,4.85858e-06,4.52788e-06,4.07644e-06,3.55142e-06,3.00158e-06,2.47022e-06,1.98936e-06,1.57697e-06,1.23671e-06,9.48955e-07
4.90872e-06,4.73948e-06,4.41615e-06,3.97489e-06,3.46182e-06,2.92506e-06,2.40697e-06,1.93817e-06,1.53645e-06,1.20488e-06,9.23917e-07
4.78565e-06,4.62025e-06,4.30418e-06,3.87328e-06,3.37246e-06,2.84893e-06,2.3439e-06,1.8874e-06,1.49619e-06,1.17338e-06,8.99028e-07
4.67096e-06,4.50923e-06,4.20004e-06,3.77876e-06,3.28944e-06,2.77816e-06,2.28523e-06,1.8403e-06,1.45872e-06,1.14394e-06,8.69223e-07
4.557e-06,4.39856e-06,4.09639e-06,3.68464e-06,3.20636e-06,2.7074e-06,2.22709e-06,1.79298e-06,1.41996e-06,1.11472e-06,8.52898e-07
4.44945e-06,4.29482e-06,3.99894e-06,3.59617e-06,3.12898e-06,2.64137e-06,2.17248e-06,1.74918e-06,1.38679e-06,1.0876e-06,8.31763e-07
4.338e-06,4.18683e-06,3.89766e-06,3.50422e-06,3.04826e-06,2.57283e-06,2.11565e-06,1.70359e-06,1.35179e-06,1.05925e-06,8.09389e-07
4.23375e-06,4.08597e-06,3.80291e-06,3.41855e-06,2.97277e-06,2.5089e-06,2.06286e-06,1.66109e-06,1.31675e-06,1.03282e-06,7.88674e-07
4.13157e-06,3.98667e-06,3.71021e-06,3.33449e-06,2.89924e-06,2.44632e-06,2.01106e-06,1.61941e-06,1.28385e-06,1.00705e-06,7.68314e-07
4.03307e-06,3.89154e-06,3.62102e-06,3.25371e-06,2.82817e-06,2.38575e-06,1.96167e-06,1.57937e-06,1.25225e-06,9.82103e-07,7.48953e-07
3.93505e-06,3.79647e-06,3.53221e-06,3.17301e-06,2.75761e-06,2.32592e-06,1.9122e-06,1.53957e-06,1.22063e-06,9.57457e-07,7.29546e-07
3.84245e-06,3.70688e-06,3.4485e-06,3.09729e-06,2.6912e-06,2.26962e-06,1.86569e-06,1.50219e-06,1.19124e-06,9.34278e-07,7.11469e-07
3.74857e-06,3.61613e-06,3.3634e-06,3.02042e-06,2.62396e-06,2.21269e-06,1.81865e-06,1.46457e-06,1.16126e-06,9.10853e-07,6.93117e-07
3.66198e-06,3.53246e-06,3.28494e-06,2.9496e-06,2.56184e-06,2.15985e-06,1.77547e-06,1.42962e-06,1.13381e-06,8.8912e-07,6.76251e-07
3.57526e-06,3.44833e-06,3.20641e-06,2.87869e-06,2.49999e-06,2.10747e-06,1.73193e-06,1.39493e-06,1.10623e-06,8.67517e-07,6.59443e-07
3.48976e-06,3.36553e-06,3.12911e-06,2.80853e-06,2.43863e-06,2.05567e-06,1.68937e-06,1.36068e-06,1.0792e-06,8.46166e-07,6.42733e-07
3.40916e-06,3.2876e-06,3.05629e-06,2.74279e-06,2.38109e-06,2.0069e-06,1.64929e-06,1.32852e-06,1.05379e-06,8.26144e-07,6.27214e-07
3.32892e-06,3.20991e-06,2.98346e-06,2.67693e-06,2.32333e-06,1.95774e-06,1.60904e-06,1.296e-06,1.02801e-06,8.05872e-07,6.11318e-07
3.25003e-06,3.13361e-06,2.91242e-06,2.61295e-06,2.26769e-06,1.91096e-06,1.57024e-06,1.26522e-06,1.00361e-06,7.86642e-07,5.96581e-07
3.17563e-06,3.06182e-06,2.84539e-06,2.55234e-06,2.21488e-06,1.86614e-06,1.53356e-06,1.2355e-06,9.80283e-07,7.68239e-07,5.82183e-07
3.10085e-06,2.98971e-06,2.77788e-06,2.49137e-06,2.16166e-06,1.82116e-06,1.49673e-06,1.20596e-06,9.56883e-07,7.49672e-07,5.67858e-07
3.02955e-06,2.92056e-06,2.71328e-06,2.43322e-06,2.11088e-06,1.77814e-06,1.46143e-06,1.17763e-06,9.34491e-07,7.32115e-07,5.54228e-07
2.9599e-06,2.85331e-06,2.6503e-06,2.37656e-06,2.06131e-06,1.73646e-06,1.42711e-06,1.15003e-06,9.12663e-07,7.14924e-07,5.40891e-07
2.89164e-06,2.78708e-06,2.58875e-06,2.32088e-06,2.01302e-06,1.6956e-06,1.39347e-06,1.12323e-06,8.91479e-07,6.98233e-07,5.27887e-07
2.82488e-06,2.72273e-06,2.52854e-06,2.26676e-06,1.96578e-06,1.65579e-06,1.36079e-06,1.09687e-06,8.70667e-07,6.81715e-07,5.15137e-07
2.76027e-06,2.66028e-06,2.47035e-06,2.21433e-06,1.91982e-06,1.6169e-06,1.32911e-06,1.07143e-06,8.5055e-07,6.65793e-07,5.02849e-07
2.69595e-06,2.59814e-06,2.41239e-06,2.16208e-06,1.87452e-06,1.57862e-06,1.29761e-06,1.04621e-06,8.30501e-07,6.49967e-07,4.90618e-07
2.63503e-06,2.53921e-06,2.35753e-06,2.11252e-06,1.83149e-06,1.5424e-06,1.26771e-06,1.02226e-06,8.11589e-07,6.34989e-07,4.79051e-07
2.57602e-06,2.48231e-06,2.30456e-06,2.06472e-06,1.78977e-06,1.50747e-06,1.23897e-06,9.99246e-07,7.93249e-07,6.20504e-07,4.67823e-07
2.51868e-06,2.42706e-06,2.25273e-06,2.01825e-06,1.7494e-06,1.47319e-06,1.211e-06,9.7674e-07,7.75466e-07,6.06506e-07,4.56985e-07
2.46259e-06,2.37295e-06,2.20219e-06,1.97285e-06,1.71013e-06,1.43991e-06,1.18362e-06,9.54729e-07,7.58167e-07,5.92788e-07,4.4642e-07
2.40452e-06,2.31641e-06,2.14998e-06,1.92559e-06,1.66902e-06,1.40535e-06,1.15526e-06,9.321e-07,7.40286e-07,5.78434e-07,4.35311e-07
2.35067e-06,2.2645e-06,2.10146e-06,1.88209e-06,1.63111e-06,1.37343e-06,1.12912e-06,9.1104e-07,7.23643e-07,5.6535e-07,4.25134e-07
2.29707e-06,2.21287e-06,2.0533e-06,1.83878e-06,1.59341e-06,1.34169e-06,1.10314e-06,8.90179e-07,7.07101e-07,5.52134e-07,4.15013e-07
2.24634e-06,2.16367e-06,2.00753e-06,1.79769e-06,1.55762e-06,1.31155e-06,1.07844e-06,8.70424e-07,6.91369e-07,5.3965e-07,4.05308e-07
2.19676e-06,2.11588e-06,1.96307e-06,1.75777e-06,1.52297e-06,1.28238e-06,1.05438e-06,8.51086e-07,6.76056e-07,5.27575e-07,3.95944e-07
2.14837e-06,2.06953e-06,1.9197e-06,1.71885e-06,1.48928e-06,1.25385e-06,1.03114e-06,8.32431e-07,6.61266e-07,5.15782e-07,3.86873e-07
2.10132e-06,2.02375e-06,1.87715e-06,1.68059e-06,1.45604e-06,1.2259e-06,1.00814e-06,8.14023e-07,6.46676e-07,5.04258e-07,3.77856e-07
2.05426e-06,1.97842e-06,1.83487e-06,1.64275e-06,1.42295e-06,1.19816e-06,9.85486e-07,7.95711e-07,6.32182e-07,4.92765e-07,3.68938e-07
2.00855e-06,1.93417e-06,1.79389e-06,1.60572e-06,1.39093e-06,1.17119e-06,9.63381e-07,7.77999e-07,6.18154e-07,4.81568e-07,3.60204e-07
1.96597e-06,1.89302e-06,1.75554e-06,1.57139e-06,1.36115e-06,1.14607e-06,9.42772e-07,7.61553e-07,6.05132e-07,4.71067e-07,3.52217e-07
1.92249e-06,1.85116e-06,1.71681e-06,1.53624e-06,1.33065e-06,1.12053e-06,9.21983e-07,7.44621e-07,5.91717e-07,4.60435e-07,3.43837e-07
1.87924e-06,1.80948e-06,1.67784e-06,1.50146e-06,1.30055e-06,1.09522e-06,9.01125e-07,7.27924e-07,5.78449e-07,4.49965e-07,3.35676e-07
1.83916e-06,1.77088e-06,1.64194e-06,1.46928e-06,1.27265e-06,1.0717e-06,8.8187e-07,7.12443e-07,5.6609e-07,4.40222e-07,3.28027e-07
1.80002e-06,1.73303e-06,1.6067e-06,1.43765e-06,1.24536e-06,1.04866e-06,8.63024e-07,6.97372e-07,5.54106e-07,4.30569e-07,3.2058e-07
1.76036e-06,1.6948e-06,1.57123e-06,1.40579e-06,1.21754e-06,1.02544e-06,8.43875e-07,6.8189e-07,5.41849e-07,4.2098e-07,3.13095e-07
1.7214e-06,1.65712e-06,1.53627e-06,1.37449e-06,1.19047e-06,1.00261e-06,8.25203e-07,6.66947e-07,5.2995e-07,4.11449e-07,3.05633e-07
1.68528e-06,1.62237e-06,1.50403e-06,1.34539e-06,1.16528e-06,9.81457e-07,8.07906e-07,6.53039e-07,5.18883e-07,4.02651e-07,2.98731e-07
1.64841e-06,1.58693e-06,1.471e-06,1.31591e-06,1.13973e-06,9.60007e-07,7.90313e-07,6.38833e-07,5.07593e-07,3.93693e-07,2.91721e-07
1.61247e-06,1.55219e-06,1.43873e-06,1.28704e-06,1.11469e-06,9.38912e-07,7.73043e-07,6.24989e-07,4.96545e-07,3.84895e-07,2.84877e-07
1.57934e-06,1.52018e-06,1.40907e-06,1.26046e-06,1.09167e-06,9.19478e-07,7.5716e-07,6.12273e-07,4.86411e-07,3.76812e-07,2.78633e-07
1.54468e-06,1.48691e-06,1.37808e-06,1.23277e-06,1.06762e-06,8.99414e-07,7.40655e-07,5.98906e-07,4.75766e-07,3.68383e-07,2.7196e-07
1.5119e-06,1.45532e-06,1.34875e-06,1.20649e-06,1.04487e-06,8.80305e-07,7.25004e-07,5.8631e-07,4.65723e-07,3.60402e-07,2.65711e-07
1.48057e-06,1.42503e-06,1.32063e-06,1.18127e-06,1.0231e-06,8.61994e-07,7.10032e-07,5.7422e-07,4.56175e-07,3.52758e-07,2.59811e-07
1.44969e-06,1.39523e-06,1.29295e-06,1.15652e-06,1.00161e-06,8.43915e-07,6.9525e-07,5.62368e-07,4.46615e-07,3.45245e-07,2.53834e-07
1.41909e-06,1.36572e-06,1.26565e-06,1.13196e-06,9.80501e-07,8.2615e-07,6.8069e-07,5.50691e-07,4.37314e-07,3.37859e-07,2.48073e-07
1.3887e-06,1.33661e-06,1.23853e-06,1.1078e-06,9.59523e-07,8.08577e-07,6.66277e-07,5.39005e-07,4.27989e-07,3.30476e-07,2.42264e-07
1.35939e-06,1.30824e-06,1.21225e-06,1.08425e-06,9.39204e-07,7.91533e-07,6.52307e-07,5.27813e-07,4.19017e-07,3.23295e-07,2.36675e-07
1.33093e-06,1.28087e-06,1.1869e-06,1.06155e-06,9.19525e-07,7.75026e-07,6.38802e-07,5.16899e-07,4.10385e-07,3.16389e-07,2.31312e-07
1.30364e-06,1.2547e-06,1.16258e-06,1.03983e-06,9.00736e-07,7.59215e-07,6.25879e-07,5.06562e-07,4.01998e-07,3.09736e-07,2.26166e-07
1.2766e-06,1.22857e-06,1.13837e-06,1.01815e-06,8.82001e-07,7.43563e-07,6.13039e-07,4.96166e-07,3.93752e-07,3.0325e-07,2.21032e-07
1.24996e-06,1.20291e-06,1.11457e-06,9.96857e-07,8.63582e-07,7.28095e-07,6.00348e-07,4.85927e-07,3.8556e-07,2.96717e-07,2.15984e-07
1.22421e-06,1.17819e-06,1.09166e-06,9.76338e-07,8.4591e-07,7.13248e-07,5.88207e-07,4.76148e-07,3.77779e-07,2.90484e-07,2.11166e-07
1.199e-06,1.1538e-06,1.0691e-06,9.56158e-07,8.28462e-07,6.98613e-07,5.76216e-07,4.66469e-07,3.70074e-07,2.84375e-07,2.06375e-07
1.17412e-06,1.12987e-06,1.0469e-06,9.36362e-07,8.11339e-07,6.84252e-07,5.64444e-07,4.56994e-07,3.62434e-07,2.78331e-07,2.01673e-07
1.15038e-06,1.10708e-06,1.02578e-06,9.17421e-07,7.95032e-07,6.70524e-07,5.53237e-07,4.47981e-07,3.55207e-07,2.726e-07,1.97227e-07
1.12677e-06,1.08443e-06,1.00475e-06,8.98731e-07,7.78792e-07,6.57005e-07,5.42108e-07,4.38947e-07,3.47966e-07,2.66875e-07,1.92766e-07
1.10396e-06,1.0624e-06,9.84323e-07,8.80515e-07,7.63067e-07,6.43794e-07,5.31278e-07,4.3022e-07,3.40988e-07,2.61326e-07,1.88475e-07
1.08169e-06,1.04094e-06,9.6452e-07,8.62752e-07,7.47756e-07,6.3091e-07,5.20741e-07,4.21751e-07,3.34253e-07,2.55937e-07,1.8432e-07
1.05984e-06,1.01988e-06,9.44977e-07,8.45355e-07,7.32701e-07,6.18287e-07,5.10409e-07,4.13396e-07,3.27518e-07,2.50632e-07,1.8022e-07
1.03819e-06,9.99055e-07,9.257e-07,8.2813e-07,7.17836e-07,6.05834e-07,5.00195e-07,4.0518e-07,3.20938e-07,2.45398e-07,1.7617e-07
1.0173e-06,9.78962e-07,9.0709e-07,8.11443e-07,7.03486e-07,5.93797e-07,4.90352e-07,3.97202e-07,3.14574e-07,2.40349e-07,1.72288e-07
9.96925e-07,9.59388e-07,8.88949e-07,7.95252e-07,6.89491e-07,5.82087e-07,4.80762e-07,3.89452e-07,3.08357e-07,2.35404e-07,1.68463e-07
9.77184e-07,9.40401e-07,8.71354e-07,7.79546e-07,6.75943e-07,5.70736e-07,4.71463e-07,3.81921e-07,3.02345e-07,2.30622e-07,1.6481e-07
9.57436e-07,9.21409e-07,8.53769e-07,7.63888e-07,6.62411e-07,5.59357e-07,4.62129e-07,3.74415e-07,2.96279e-07,2.25843e-07,1.61137e-07
9.38598e-07,9.03256e-07,8.37001e-07,7.48913e-07,6.49448e-07,5.48511e-07,4.53256e-07,3.67242e-07,2.90535e-07,2.21277e-07,1.57648e-07
9.19748e-07,8.85141e-07,8.20208e-07,7.33928e-07,6.36556e-07,5.37692e-07,4.44369e-07,3.60045e-07,2.84777e-07,2.16729e-07,1.54143e-07
9.0172e-07,8.67781e-07,8.04133e-07,7.1959e-07,6.24198e-07,5.2733e-07,4.35869e-07,3.53173e-07,2.79243e-07,2.12365e-07,1.50797e-07
8.83967e-07,8.50725e-07,7.88342e-07,7.05499e-07,6.12026e-07,5.1713e-07,4.27511e-07,3.46409e-07,2.73823e-07,2.08065e-07,1.47521e-07
8.66698e-07,8.34087e-07,7.72965e-07,6.9176e-07,6.00193e-07,5.07197e-07,4.19366e-07,3.39831e-07,2.68557e-07,2.03894e-07,1.44349e-07
8.49697e-07,8.17795e-07,7.5787e-07,6.78317e-07,5.88582e-07,4.97472e-07,4.11387e-07,3.33361e-07,2.63381e-07,1.998e-07,1.41215e-07
8.33095e-07,8.01781e-07,7.43067e-07,6.65103e-07,5.77186e-07,4.87917e-07,4.03552e-07,3.27043e-07,2.58269e-07,1.95754e-07,1.3814e-07
8.16959e-07,7.86319e-07,7.28742e-07,6.5236e-07,5.66163e-07,4.78696e-07,3.95981e-07,3.20885e-07,2.53361e-07,1.91863e-07,1.35201e-07
8.00974e-07,7.70913e-07,7.14501e-07,6.3963e-07,5.55204e-07,4.69492e-07,3.88439e-07,3.148e-07,2.48462e-07,1.87992e-07,1.32252e-07
7.85491e-07,7.5603e-07,7.00741e-07,6.27346e-07,5.44614e-07,4.60616e-07,3.8115e-07,3.08892e-07,2.43726e-07,1.84245e-07,1.29411e-07
7.70452e-07,7.41563e-07,6.87348e-07,6.15422e-07,5.34309e-07,4.51977e-07,3.74063e-07,3.03153e-07,2.39117e-07,1.80609e-07,1.26652e-07
7.55558e-07,7.27262e-07,6.74134e-07,6.03613e-07,5.24134e-07,4.43454e-07,3.67064e-07,2.97481e-07,2.34559e-07,1.77009e-07,1.23938e-07
7.41215e-07,7.13437e-07,6.61346e-07,5.92214e-07,5.14324e-07,4.35214e-07,3.60301e-07,2.92007e-07,2.30167e-07,1.73537e-07,1.21315e-07
7.26921e-07,6.99723e-07,6.48657e-07,5.80907e-07,5.0456e-07,4.27026e-07,3.53579e-07,2.86549e-07,2.2578e-07,1.70073e-07,1.18722e-07
7.13142e-07,6.86477e-07,6.364e-07,5.69979e-07,4.9514e-07,4.19113e-07,3.47081e-07,2.81294e-07,2.21558e-07,1.66753e-07,1.16201e-07
6.99602e-07,6.73458e-07,6.24372e-07,5.59247e-07,4.85885e-07,4.11365e-07,3.40702e-07,2.76125e-07,2.17403e-07,1.63458e-07,1.13727e-07
6.86321e-07,6.60693e-07,6.12562e-07,5.48724e-07,4.76806e-07,4.03743e-07,3.34462e-07,2.71046e-07,2.1332e-07,1.60254e-07,1.11333e-07
6.73392e-07,6.48257e-07,6.01068e-07,5.38478e-07,4.6797e-07,3.96328e-07,3.2836e-07,2.66098e-07,2.09343e-07,1.57116e-07,1.08984e-07
6.6075e-07,6.36105e-07,5.89832e-07,5.28447e-07,4.59331e-07,3.89088e-07,3.22412e-07,2.61253e-07,2.05451e-07,1.54048e-07,1.06689e-07
6.48292e-07,6.24124e-07,5.78755e-07,5.18587e-07,4.50804e-07,3.81942e-07,3.16532e-07,2.565e-07,2.01624e-07,1.51037e-07,1.04442e-07
6.36236e-07,6.12526e-07,5.68026e-07,5.09029e-07,4.42569e-07,3.75016e-07,3.10837e-07,2.51888e-07,1.97913e-07,1.48118e-07,1.02274e-07
6.24277e-07,6.01038e-07,5.57412e-07,4.99558e-07,4.34397e-07,3.68165e-07,3.05205e-07,2.47301e-07,1.9423e-07,1.45221e-07,1.00113e-07
6.12726e-07,5.89959e-07,5.47177e-07,4.90417e-07,4.26517e-07,3.61552e-07,2.99776e-07,2.42879e-07,1.90687e-07,1.42432e-07,9.80365e-08
6.01374e-07,5.79034e-07,5.37068e-07,4.81419e-07,4.18752e-07,3.55033e-07,2.94407e-07,2.38524e-07,1.87172e-07,1.39674e-07,9.59881e-08
5.90243e-07,5.68322e-07,5.27169e-07,4.72597e-07,4.11139e-07,3.48639e-07,2.89144e-07,2.34253e-07,1.8377e-07,1.36975e-07,9.3992e-08
5.79379e-07,5.57865e-07,5.17496e-07,4.63968e-07,4.03696e-07,3.42386e-07,2.83997e-07,2.30062e-07,1.80362e-07,1.34329e-07,9.20364e-08
5.68785e-07,5.47673e-07,5.08093e-07,4.55587e-07,3.96487e-07,3.36322e-07,2.79e-07,2.26007e-07,1.77108e-07,1.31765e-07,9.01413e-08
5.58342e-07,5.37664e-07,4.98824e-07,4.47325e-07,3.89341e-07,3.30326e-07,2.74073e-07,2.21986e-07,1.73865e-07,1.2924e-07,8.82471e-08
5.48118e-07,5.27823e-07,4.89733e-07,4.39233e-07,3.82353e-07,3.2446e-07,2.69236e-07,2.18065e-07,1.70711e-07,1.26755e-07,8.64466e-08
5.38192e-07,5.18275e-07,4.80898e-07,4.31342e-07,3.75553e-07,3.18747e-07,2.64531e-07,2.14225e-07,1.67623e-07,1.24345e-07,8.46739e-08
5.28333e-07,5.08806e-07,4.72153e-07,4.23558e-07,3.68835e-07,3.13102e-07,2.59871e-07,2.10442e-07,1.64576e-07,1.21955e-07,8.29186e-08
5.18772e-07,4.99615e-07,4.6366e-07,4.15988e-07,3.62293e-07,3.07613e-07,2.55344e-07,2.06754e-07,1.61619e-07,1.19634e-07,8.12173e-08
5.09431e-07,4.90665e-07,4.55381e-07,4.08607e-07,3.5593e-07,3.02248e-07,2.50932e-07,2.03162e-07,1.58728e-07,1.17376e-07,7.95555e-08
5.00246e-07,4.81809e-07,4.47208e-07,4.01316e-07,3.49625e-07,2.96963e-07,2.46564e-07,1.99604e-07,1.55865e-07,1.15132e-07,7.792e-08
4.91234e-07,4.7315e-07,4.39202e-07,3.94179e-07,3.43472e-07,2.91783e-07,2.42295e-07,1.96123e-07,1.53067e-07,1.12951e-07,7.63282e-08
4.82507e-07,4.64771e-07,4.31454e-07,3.87272e-07,3.375e-07,2.86764e-07,2.38153e-07,1.92751e-07,1.50347e-07,1.10843e-07,7.47843e-08
4.73907e-07,4.56488e-07,4.23808e-07,3.80444e-07,3.31618e-07,2.81817e-07,2.34068e-07,1.89418e-07,1.47675e-07,1.08738e-07,7.32544e-08
4.65435e-07,4.48379e-07,4.1631e-07,3.73766e-07,3.25843e-07,2.76949e-07,2.30053e-07,1.86151e-07,1.45045e-07,1.06686e-07,7.17669e-08
4.57178e-07,4.40419e-07,4.08948e-07,3.67202e-07,3.20182e-07,2.72189e-07,2.26126e-07,1.82937e-07,1.4246e-07,1.04683e-07,7.03076e-08
4.49095e-07,4.32649e-07,4.01773e-07,3.60805e-07,3.14657e-07,2.6754e-07,2.22276e-07,1.79797e-07,1.39935e-07,1.02711e-07,6.88482e-08
4.4117e-07,4.2502e-07,3.94715e-07,3.54517e-07,3.09221e-07,2.62965e-07,2.18494e-07,1.76718e-07,1.37462e-07,1.0074e-07,6.75208e-08
4.33451e-07,4.17608e-07,3.87874e-07,3.48402e-07,3.03942e-07,2.58529e-07,2.14827e-07,1.73721e-07,1.35048e-07,9.88606e-08,6.61666e-08
4.25803e-07,4.10275e-07,3.81086e-07,3.42362e-07,2.98725e-07,2.54136e-07,2.11188e-07,1.7076e-07,1.32664e-07,9.70133e-08,6.48302e-08
4.18457e-07,4.03205e-07,3.74541e-07,3.36529e-07,2.93675e-07,2.49893e-07,2.07672e-07,1.67899e-07,1.30363e-07,9.52222e-08,6.35367e-08
4.11055e-07,3.96078e-07,3.67963e-07,3.30655e-07,2.88605e-07,2.45603e-07,2.04136e-07,1.65003e-07,1.28039e-07,9.3418e-08,6.2242e-08
4.03979e-07,3.89269e-07,3.61682e-07,3.25061e-07,2.83754e-07,2.41533e-07,2.00767e-07,1.62243e-07,1.25835e-07,9.16975e-08,6.09947e-08
3.96944e-07,3.82518e-07,3.55434e-07,3.19477e-07,2.78941e-07,2.37453e-07,1.97402e-07,1.59498e-07,1.23626e-07,8.99793e-08,5.97768e-08
3.90044e-07,3.75907e-07,3.4933e-07,3.1403e-07,2.74234e-07,2.33494e-07,1.94109e-07,1.56819e-07,1.2146e-07,8.83198e-08,5.85997e-08
3.83329e-07,3.69424e-07,3.43327e-07,3.08682e-07,2.69613e-07,2.29588e-07,1.90881e-07,1.54173e-07,1.19343e-07,8.66624e-08,5.7406e-08
3.76839e-07,3.63184e-07,3.37564e-07,3.03547e-07,2.65163e-07,2.25838e-07,1.87766e-07,1.51632e-07,1.17241e-07,8.50766e-08,5.62745e-08
3.70366e-07,3.56941e-07,3.31801e-07,2.98397e-07,2.60713e-07,2.22095e-07,1.84666e-07,1.49102e-07,1.15274e-07,8.35636e-08,5.51076e-08
3.63967e-07,3.50817e-07,3.26129e-07,2.93332e-07,2.56333e-07,2.18397e-07,1.81599e-07,1.46594e-07,1.13236e-07,8.20122e-08,5.40052e-08
3.57786e-07,3.44866e-07,3.20613e-07,2.88396e-07,2.52064e-07,2.14784e-07,1.78611e-07,1.44142e-07,1.11269e-07,8.0487e-08,5.29238e-08
3.51632e-07,3.3897e-07,3.15172e-07,2.83559e-07,2.47875e-07,2.11259e-07,1.75686e-07,1.41743e-07,1.09365e-07,7.90089e-08,5.18744e-08
3.45761e-07,3.33279e-07,3.09897e-07,2.78833e-07,2.43793e-07,2.07794e-07,1.72817e-07,1.39398e-07,1.07465e-07,7.75542e-08,5.08411e-08
3.39876e-07,3.27634e-07,3.047e-07,2.74225e-07,2.39796e-07,2.04446e-07,1.70031e-07,1.37122e-07,1.05667e-07,7.61438e-08,4.98445e-08
3.34095e-07,3.22101e-07,2.99577e-07,2.69638e-07,2.35832e-07,2.01082e-07,1.67241e-07,1.34844e-07,1.03818e-07,7.47429e-08,4.88505e-08
3.28448e-07,3.16706e-07,2.94586e-07,2.65183e-07,2.31975e-07,1.97833e-07,1.64539e-07,1.32638e-07,1.02046e-07,7.33794e-08,4.78917e-08
3.22967e-07,3.11405e-07,2.89688e-07,2.60822e-07,2.28201e-07,1.94632e-07,1.61891e-07,1.30457e-07,1.00307e-07,7.20386e-08,4.69387e-08
3.17579e-07,3.06239e-07,2.84913e-07,2.56542e-07,2.24486e-07,1.91498e-07,1.59286e-07,1.28333e-07,9.85918e-08,7.07345e-08,4.60236e-08
3.12297e-07,3.0112e-07,2.80174e-07,2.52334e-07,2.20847e-07,1.88427e-07,1.56725e-07,1.26239e-07,9.69319e-08,6.94458e-08,4.51202e-08
3.07084e-07,2.96133e-07,2.75559e-07,2.48201e-07,2.17269e-07,1.85394e-07,1.54208e-07,1.24175e-07,9.52701e-08,6.81743e-08,4.42344e-08
3.0197e-07,2.91254e-07,2.71061e-07,2.44181e-07,2.13777e-07,1.82455e-07,1.51756e-07,1.22176e-07,9.36661e-08,6.69473e-08,4.33669e-08
2.96963e-07,2.86413e-07,2.66563e-07,2.4017e-07,2.1031e-07,1.79508e-07,1.49315e-07,1.20166e-07,9.20607e-08,6.57208e-08,4.25181e-08
2.92074e-07,2.81716e-07,2.62218e-07,2.36284e-07,2.0694e-07,1.76658e-07,1.46947e-07,1.18225e-07,9.05101e-08,6.45317e-08,4.16887e-08
2.873e-07,2.77112e-07,2.57979e-07,2.32506e-07,2.03666e-07,1.73887e-07,1.44648e-07,1.1634e-07,8.90112e-08,6.33881e-08,4.08788e-08
2.82569e-07,2.72577e-07,2.53774e-07,2.28734e-07,2.00399e-07,1.71125e-07,1.42348e-07,1.14448e-07,8.74936e-08,6.22332e-08,4.0086e-08
2.7795e-07,2.68179e-07,2.49694e-07,2.25103e-07,1.97242e-07,1.68486e-07,1.40126e-07,1.12633e-07,8.60418e-08,6.11244e-08,3.93092e-08
2.73432e-07,2.63816e-07,2.45648e-07,2.21488e-07,1.94126e-07,1.65805e-07,1.37912e-07,1.10827e-07,8.45857e-08,6.00214e-08,3.85565e-08
2.68942e-07,2.59495e-07,2.41664e-07,2.17915e-07,1.91022e-07,1.63187e-07,1.35729e-07,1.09031e-07,8.31571e-08,5.89337e-08,3.77975e-08
2.646e-07,2.55309e-07,2.37801e-07,2.14475e-07,1.88037e-07,1.60654e-07,1.33624e-07,1.0731e-07,8.17782e-08,5.78963e-08,3.70784e-08
2.60292e-07,2.51167e-07,2.33955e-07,2.11035e-07,1.85052e-07,1.58124e-07,1.31509e-07,1.05583e-07,8.04043e-08,5.68442e-08,3.63475e-08
2.56047e-07,2.47129e-07,2.30224e-07,2.07713e-07,1.82168e-07,1.55686e-07,1.29475e-07,1.03917e-07,7.90711e-08,5.58359e-08,3.56574e-08
2.51972e-07,2.43171e-07,2.26553e-07,2.04421e-07,1.79316e-07,1.53264e-07,1.27463e-07,1.02256e-07,7.77541e-08,5.48288e-08,3.49728e-08
2.4791e-07,2.39262e-07,2.22947e-07,2.01197e-07,1.76512e-07,1.50887e-07,1.25474e-07,1.00636e-07,7.64555e-08,5.38569e-08,3.42967e-08
2.43933e-07,2.35448e-07,2.19421e-07,1.98042e-07,1.73778e-07,1.48542e-07,1.23533e-07,9.9043e-08,7.51934e-08,5.2898e-08,3.3638e-08
2.40045e-07,2.31691e-07,2.15948e-07,1.94944e-07,1.71086e-07,1.46274e-07,1.21634e-07,9.74863e-08,7.39432e-08,5.19552e-08,3.29861e-08
2.36194e-07,2.28035e-07,2.12559e-07,1.91916e-07,1.68458e-07,1.44055e-07,1.19771e-07,9.59667e-08,7.27321e-08,5.10411e-08,3.23777e-08
2.32444e-07,2.24388e-07,2.09183e-07,1.88896e-07,1.65832e-07,1.41816e-07,1.1791e-07,9.44392e-08,7.15174e-08,5.01291e-08,3.17465e-08
2.28986e-07,2.21007e-07,2.06043e-07,1.86062e-07,1.63365e-07,1.39733e-07,1.16167e-07,9.2998e-08,7.03686e-08,4.92622e-08,3.11545e-08
2.25213e-07,2.17436e-07,2.0275e-07,1.83145e-07,1.60842e-07,1.37575e-07,1.14376e-07,9.15353e-08,6.92084e-08,4.8384e-08,3.05422e-08
2.21599e-07,2.1396e-07,1.99529e-07,1.80262e-07,1.58332e-07,1.35449e-07,1.12594e-07,9.00797e-08,6.80509e-08,4.75218e-08,2.99709e-08
2.18101e-07,2.10638e-07,1.96453e-07,1.77515e-07,1.55945e-07,1.33431e-07,1.10899e-07,8.86975e-08,6.69509e-08,4.66956e-08,2.94171e-08
2.1476e-07,2.07376e-07,1.93435e-07,1.74812e-07,1.536e-07,1.31423e-07,1.09228e-07,8.73252e-08,6.58599e-08,4.58834e-08,2.88648e-08
2.11418e-07,2.04172e-07,1.90475e-07,1.72161e-07,1.51294e-07,1.29471e-07,1.07593e-07,8.59839e-08,6.47971e-08,4.50924e-08,2.8332e-08
2.08087e-07,2.00974e-07,1.87511e-07,1.69505e-07,1.48983e-07,1.27502e-07,1.05955e-07,8.46407e-08,6.37273e-08,4.42987e-08,2.77748e-08
2.04935e-07,1.97937e-07,1.84684e-07,1.66983e-07,1.46801e-07,1.25648e-07,1.044e-07,8.33543e-08,6.27203e-08,4.35334e-08,2.7288e-08
2.01682e-07,1.94853e-07,1.81835e-07,1.64432e-07,1.44575e-07,1.23755e-07,1.02819e-07,8.20696e-08,6.1691e-08,4.27714e-08,2.6769e-08
1.98578e-07,1.91826e-07,1.79027e-07,1.61915e-07,1.42379e-07,1.21892e-07,1.01262e-07,8.07862e-08,6.06841e-08,4.20147e-08,2.62612e-08
1.95525e-07,1.8889e-07,1.76308e-07,1.59486e-07,1.40272e-07,1.20099e-07,9.97592e-08,7.95486e-08,5.97078e-08,4.12803e-08,2.57524e-08
1.92543e-07,1.86013e-07,1.73651e-07,1.57105e-07,1.38188e-07,1.18331e-07,9.82847e-08,7.83383e-08,5.8751e-08,4.05754e-08,2.52874e-08
1.89565e-07,1.83162e-07,1.71001e-07,1.54734e-07,1.36131e-07,1.16572e-07,9.68088e-08,7.71398e-08,5.77955e-08,3.98687e-08,2.48236e-08
1.8668e-07,1.80429e-07,1.68477e-07,1.52469e-07,1.34165e-07,1.14898e-07,9.54146e-08,7.59875e-08,5.68886e-08,3.919e-08,2.43812e-08
