-0.00252536,-0.00261062,-0.00276729,-0.00297694,-0.00320966,-0.00343896,-0.00363744,-0.00378574,-0.00388135,-0.00391237,-0.00388069
-0.00270363,-0.00277428,-0.00290882,-0.00308183,-0.00327147,-0.00345546,-0.00360625,-0.003713,-0.00376924,-0.00376737,-0.00370931
-0.0028255,-0.00288734,-0.00299257,-0.00313522,-0.00328641,-0.00342963,-0.00354179,-0.00361117,-0.00363741,-0.00360806,-0.0035263
-0.00289155,-0.00293954,-0.00302671,-0.00313929,-0.00325666,-0.00336314,-0.00343916,-0.00347871,-0.0034749,-0.00342301,-0.003325
-0.00296329,-0.00300227,-0.00307181,-0.00316048,-0.00325022,-0.00332691,-0.00337448,-0.00338744,-0.00336069,-0.00328937,-0.00317559
-0.00302377,-0.00305481,-0.00310965,-0.00317856,-0.0032435,-0.00329664,-0.00331994,-0.0033102,-0.0032659,-0.00317703,-0.00304894
-0.00304199,-0.00306635,-0.00310778,-0.00315779,-0.00320344,-0.00323312,-0.00323588,-0.00320745,-0.00314469,-0.003043,-0.00290477
-0.00305775,-0.00307599,-0.0031064,-0.00314108,-0.00316943,-0.00318015,-0.00316548,-0.00312123,-0.00304403,-0.0029305,-0.00278301
-0.00306018,-0.00307314,-0.00309411,-0.00311552,-0.00312881,-0.00312404,-0.00309432,-0.00303581,-0.00294665,-0.002823,-0.00266747
-0.00305933,-0.00306742,-0.00308096,-0.00309091,-0.00309075,-0.00307182,-0.00302968,-0.00295882,-0.00285881,-0.00272648,-0.00256403
-0.00304138,-0.00304659,-0.00305235,-0.00305237,-0.00304095,-0.0030114,-0.00295781,-0.00287693,-0.00276843,-0.00262878,-0.00246023
-0.00302631,-0.00302689,-0.00302553,-0.00301796,-0.00299799,-0.00295755,-0.00289487,-0.00280474,-0.00268768,-0.00254145,-0.00236829
-0.00299304,-0.00299082,-0.00298554,-0.00297002,-0.00294179,-0.00289278,-0.00282148,-0.00272469,-0.00260142,-0.00244942,-0.00227275
-0.00296427,-0.00295992,-0.00294994,-0.00292875,-0.00289245,-0.00283631,-0.00275752,-0.00265433,-0.00252494,-0.00236868,-0.00218821
-0.00292627,-0.00291956,-0.00290555,-0.00287917,-0.00283702,-0.00277447,-0.00268957,-0.00258062,-0.00244597,-0.0022861,-0.00210339
-0.00289876,-0.0028903,-0.00287286,-0.00284175,-0.00279304,-0.00272539,-0.00263478,-0.00251948,-0.00238003,-0.00221708,-0.00203089
-0.00286537,-0.00285466,-0.00283442,-0.00279831,-0.00274534,-0.00267256,-0.00257647,-0.00245743,-0.00231447,-0.00214694,-0.00195982
-0.00282375,-0.00281155,-0.00278821,-0.00274963,-0.00269229,-0.00261478,-0.00251464,-0.00239127,-0.00224436,-0.00207551,-0.00188684
-0.00278433,-0.00277054,-0.0027454,-0.0027032,-0.00264206,-0.00256032,-0.00245675,-0.00232931,-0.00217962,-0.00200866,-0.00181968
-0.00275113,-0.00273584,-0.00270833,-0.00266387,-0.00259843,-0.00251332,-0.00240514,-0.00227475,-0.00212209,-0.00194941,-0.00175905
-0.00271073,-0.00269497,-0.00266513,-0.00261735,-0.00254907,-0.00246011,-0.00234942,-0.00221564,-0.00206108,-0.00188637,-0.00169642
-0.00267599,-0.00265921,-0.00262723,-0.00257729,-0.0025053,-0.00241351,-0.00229883,-0.00216357,-0.00200604,-0.00183067,-0.00163995
-0.00264062,-0.00262293,-0.00258842,-0.00253629,-0.00246228,-0.00236641,-0.00224997,-0.00211191,-0.00195252,-0.00177515,-0.00158583
-0.00260447,-0.00258595,-0.00254998,-0.00249519,-0.00241843,-0.00232082,-0.00220087,-0.00206078,-0.00189949,-0.0017224,-0.00153242
-0.00256746,-0.00254833,-0.00251073,-0.00245458,-0.00237473,-0.00227443,-0.00215281,-0.00201056,-0.00184834,-0.00167067,-0.00148036
-0.00252415,-0.00250427,-0.00246576,-0.00240663,-0.00232525,-0.00222301,-0.00209916,-0.00195528,-0.0017923,-0.00161467,-0.0014271
-0.00249328,-0.00247283,-0.00243247,-0.00237155,-0.00228789,-0.00218315,-0.00205784,-0.00191199,-0.00174806,-0.0015699,-0.00138333
-0.00245612,-0.0024352,-0.00239387,-0.00233116,-0.00224539,-0.0021394,-0.00201133,-0.00186485,-0.00170036,-0.00152287,-0.0013373
-0.00242021,-0.0023987,-0.00235582,-0.00229187,-0.00220433,-0.0020963,-0.00196748,-0.00181917,-0.00165438,-0.00147716,-0.0012932
-0.00238855,-0.0023663,-0.00232296,-0.00225674,-0.00216802,-0.00205844,-0.00192785,-0.00177835,-0.00161321,-0.00143658,-0.00125383
-0.00235105,-0.00232817,-0.00228353,-0.00221667,-0.00212619,-0.00201468,-0.00188352,-0.00173357,-0.00156821,-0.00139238,-0.00121148
-0.00231268,-0.0022896,-0.00224432,-0.0021757,-0.0020845,-0.00197184,-0.00183936,-0.00168938,-0.00152426,-0.00134973,-0.0011708
-0.00227767,-0.00225412,-0.00220784,-0.00213828,-0.00204565,-0.00193198,-0.0017987,-0.00164827,-0.0014835,-0.00131009,-0.00113301
-0.0022427,-0.00221866,-0.00217186,-0.00210114,-0.0020075,-0.00189289,-0.00175898,-0.00160854,-0.00144402,-0.001272,-0.00109754
-0.00220936,-0.00218517,-0.00213725,-0.002066,-0.00197119,-0.00185569,-0.00172122,-0.00157061,-0.00140715,-0.00123612,-0.00106282
-0.00217418,-0.00214953,-0.00210139,-0.00202884,-0.00193336,-0.0018174,-0.00168276,-0.00153208,-0.00136913,-0.00119966,-0.00102861
-0.00213868,-0.00211404,-0.00206483,-0.00199192,-0.00189611,-0.00177911,-0.00164423,-0.00149409,-0.00133195,-0.00116426,-0.000996131
-0.00210343,-0.00207846,-0.00202894,-0.00195541,-0.0018591,-0.00174177,-0.00160677,-0.00145713,-0.0012961,-0.0011301,-0.000964338
-0.00206983,-0.00204448,-0.00199458,-0.00192059,-0.00182364,-0.0017059,-0.00157128,-0.00142177,-0.00126234,-0.00109789,-0.000934192
-0.00203622,-0.00201125,-0.00196082,-0.00188608,-0.00178942,-0.00167159,-0.00153651,-0.00138801,-0.00122985,-0.00106709,-0.000906509
-0.00199908,-0.00197397,-0.001923,-0.00184844,-0.00175113,-0.00163342,-0.00149896,-0.00135152,-0.00119458,-0.00103404,-0.000875655
-0.00196494,-0.00193941,-0.00188841,-0.00181335,-0.00171606,-0.00159847,-0.00146458,-0.0013179,-0.00116222,-0.00100402,-0.000848169
-0.00193122,-0.00190572,-0.00185449,-0.00177928,-0.00168206,-0.0015643,-0.00143082,-0.00128525,-0.00113115,-0.000974986,-0.000821831
-0.00189645,-0.00187084,-0.00181945,-0.00174427,-0.00164696,-0.0015299,-0.00139706,-0.0012526,-0.00110004,-0.000946206,-0.000795649
-0.00186543,-0.00183957,-0.00178823,-0.00171286,-0.0016154,-0.00149894,-0.00136643,-0.00122335,-0.00107168,-0.000920151,-0.000772338
-0.00182888,-0.00180346,-0.00175178,-0.00167651,-0.00157971,-0.00146344,-0.00133221,-0.00119028,-0.00104132,-0.000891723,-0.000745008
-0.00179707,-0.00177122,-0.00171981,-0.00164443,-0.00154788,-0.00143223,-0.00130172,-0.00116101,-0.00101319,-0.000866405,-0.000722136
-0.00176289,-0.0017372,-0.00168562,-0.00161074,-0.00151466,-0.0013996,-0.00127016,-0.00113108,-0.000985629,-0.000840573,-0.00069913
-0.00173004,-0.00170481,-0.00165325,-0.0015783,-0.00148281,-0.00136828,-0.00123984,-0.00110226,-0.000958818,-0.000816169,-0.000676952
-0.00169917,-0.0016736,-0.00162228,-0.00154755,-0.00145253,-0.00133889,-0.00121153,-0.00107513,-0.000932933,-0.00079317,-0.00065642
-0.00166597,-0.001641,-0.00158977,-0.00151522,-0.00142076,-0.0013078,-0.00118148,-0.00104707,-0.000907506,-0.000769549,-0.000635383
-0.00163503,-0.00160979,-0.00155868,-0.00148458,-0.00139075,-0.00127871,-0.00115392,-0.00102073,-0.000883312,-0.000747393,-0.000615804
-0.00160479,-0.00157961,-0.00152894,-0.00145517,-0.00136204,-0.00125051,-0.00112681,-0.000995243,-0.000860059,-0.000726338,-0.000597465
-0.0015719,-0.00154695,-0.00149642,-0.00142327,-0.00133075,-0.00122072,-0.0010983,-0.000968634,-0.000835118,-0.000704116,-0.0005778
-0.00154052,-0.00151581,-0.00146539,-0.0013927,-0.00130093,-0.00119205,-0.00107096,-0.000943019,-0.000811758,-0.000683121,-0.000559467
-0.00151255,-0.00148816,-0.00143795,-0.00136563,-0.0012745,-0.00116652,-0.00104658,-0.000920284,-0.000790794,-0.00066445,-0.000543115
-0.00148204,-0.00145769,-0.00140777,-0.00133614,-0.00124575,-0.00113921,-0.00102067,-0.000896114,-0.000768747,-0.000644789,-0.000525936
-0.00145175,-0.00142759,-0.00137821,-0.0013071,-0.00121764,-0.00111205,-0.000995125,-0.000872345,-0.000747225,-0.000625545,-0.000509298
-0.00142232,-0.0013982,-0.00134925,-0.00127874,-0.00119011,-0.00108574,-0.00097031,-0.000849388,-0.000726419,-0.000607059,-0.00049334
-0.00139528,-0.00137133,-0.0013227,-0.00125285,-0.00116498,-0.0010617,-0.000947671,-0.000828466,-0.000707453,-0.000590206,-0.00047883
-0.00136886,-0.00134489,-0.00129667,-0.00122756,-0.00114033,-0.00103837,-0.000925763,-0.000808083,-0.000689028,-0.000573911,-0.000464845
-0.0013393,-0.00131565,-0.001268,-0.00119933,-0.00111334,-0.00101252,-0.000901531,-0.000785904,-0.000668997,-0.000556296,-0.000449682
-0.00131144,-0.00128798,-0.00124075,-0.00117285,-0.00108771,-0.000988215,-0.000878815,-0.000764997,-0.000650276,-0.000539844,-0.00043563
-0.00128536,-0.00126222,-0.00121539,-0.00114812,-0.0010639,-0.000965582,-0.000857661,-0.000745621,-0.000632781,-0.000524561,-0.000422637
-0.00125904,-0.00123594,-0.00118966,-0.00112314,-0.00103984,-0.000942823,-0.000836479,-0.000726175,-0.000615496,-0.000509346,-0.000409635
-0.00123441,-0.00121149,-0.00116571,-0.00109987,-0.00101736,-0.000921687,-0.00081674,-0.000708212,-0.000599394,-0.000495319,-0.000397658
-0.00120908,-0.00118632,-0.00114107,-0.00107595,-0.000994532,-0.000900001,-0.000796662,-0.000689942,-0.000583149,-0.000480986,-0.000385789
-0.00118374,-0.00116116,-0.0011164,-0.00105212,-0.000971577,-0.000878336,-0.000776623,-0.000671627,-0.000566904,-0.000466952,-0.000373818
-0.00116058,-0.00113834,-0.00109402,-0.00103054,-0.000950856,-0.000858868,-0.000758611,-0.000655186,-0.000552297,-0.000454336,-0.000363108
-0.00113566,-0.00111355,-0.00106974,-0.00100694,-0.000928404,-0.000837795,-0.000739132,-0.000637563,-0.000536705,-0.000440741,-0.000351805
-0.0011121,-0.00109027,-0.00104701,-0.00098488,-0.000907333,-0.00081814,-0.000720988,-0.000621119,-0.000522183,-0.000428209,-0.000341282
-0.00108991,-0.00106811,-0.00102539,-0.000964091,-0.000887712,-0.000799498,-0.000703939,-0.00060579,-0.000508541,-0.000416393,-0.000331461
-0.00106666,-0.00104523,-0.00100293,-0.000942455,-0.000866957,-0.000780162,-0.000686044,-0.000589647,-0.000494365,-0.000404279,-0.000321241
-0.0010439,-0.00102265,-0.000981037,-0.000921282,-0.000846839,-0.000761347,-0.000668853,-0.000574127,-0.000480729,-0.000392482,-0.000311505
-0.00102206,-0.00100103,-0.000959917,-0.000900956,-0.000827526,-0.000743324,-0.000652335,-0.000559291,-0.000467698,-0.000381338,-0.000302206
-0.00100166,-0.000980866,-0.00094018,-0.000881971,-0.000809522,-0.000726458,-0.000636839,-0.000545461,-0.000455619,-0.000371,-0.000293648
-0.000979833,-0.000959265,-0.000919219,-0.000861804,-0.000790424,-0.000708732,-0.000620736,-0.000530953,-0.000442907,-0.000360086,-0.000284621
-0.00095927,-0.00093895,-0.000899406,-0.000842781,-0.000772393,-0.000691981,-0.000605426,-0.000517276,-0.000430966,-0.000349914,-0.000276204
-0.00093943,-0.000919373,-0.000880309,-0.000824453,-0.000755051,-0.000675867,-0.00059077,-0.000504163,-0.000419541,-0.000340177,-0.00026815
-0.000919492,-0.000899662,-0.000861163,-0.000806078,-0.000737709,-0.000659788,-0.000576146,-0.000491136,-0.000408204,-0.00033055,-0.00026021
-0.000900559,-0.000881022,-0.000843015,-0.000788655,-0.000721324,-0.000644607,-0.000562399,-0.000478832,-0.000397504,-0.000321487,-0.000252759
-0.00088156,-0.000862275,-0.000824798,-0.000771257,-0.000704874,-0.000629368,-0.00054853,-0.000466566,-0.00038686,-0.000312471,-0.000245335
-0.00086325,-0.00084415,-0.000807221,-0.000754416,-0.000688986,-0.000614668,-0.000535199,-0.00045476,-0.000376605,-0.000303771,-0.000238203
-0.000845442,-0.000826628,-0.000790129,-0.000738109,-0.000673647,-0.000600513,-0.000522389,-0.00044338,-0.000366822,-0.000295523,-0.000231095
-0.000827622,-0.000809027,-0.000773124,-0.000721789,-0.000658369,-0.000586398,-0.000509711,-0.000432106,-0.000357048,-0.000287297,-0.000224675
-0.00081044,-0.000792128,-0.00075666,-0.000706096,-0.000643583,-0.000572804,-0.000497356,-0.000421276,-0.00034774,-0.000279427,-0.000218221
-0.000793053,-0.000774914,-0.000740026,-0.000690187,-0.000628728,-0.000559114,-0.00048508,-0.000410345,-0.000338286,-0.000271537,-0.000211772
-0.000776129,-0.000758291,-0.000723843,-0.00067479,-0.000614277,-0.000545855,-0.000473101,-0.000399828,-0.000329241,-0.000263968,-0.000205586
-0.000760182,-0.000742607,-0.000708705,-0.000660345,-0.000600776,-0.000533466,-0.000461956,-0.00039001,-0.00032076,-0.000256869,-0.000199794
-0.000744334,-0.000727015,-0.000693508,-0.000645939,-0.000587261,-0.000521048,-0.000450783,-0.000380202,-0.000312305,-0.000249867,-0.000193531
-0.000728555,-0.000711487,-0.000678492,-0.000631591,-0.000573876,-0.000508761,-0.000439788,-0.000370549,-0.000304099,-0.000242956,-0.00018844
-0.000713155,-0.00069632,-0.000663823,-0.000617664,-0.000560853,-0.000496862,-0.000429121,-0.000361198,-0.000296139,-0.000236323,-0.000183005
-0.000698258,-0.000681715,-0.000649688,-0.000604214,-0.00054835,-0.000485437,-0.000418922,-0.000352268,-0.000288537,-0.000229951,-0.000177808
-0.000683561,-0.000667242,-0.000635701,-0.00059095,-0.000535955,-0.00047411,-0.000408769,-0.000343403,-0.000280907,-0.000223676,-0.000172702
-0.000669301,-0.000653207,-0.000622171,-0.000578075,-0.000523973,-0.00046315,-0.000398992,-0.000334869,-0.000273647,-0.000217641,-0.000167797
-0.000655422,-0.000639563,-0.000608999,-0.000565591,-0.000512371,-0.000452601,-0.000389546,-0.000326636,-0.000266636,-0.000211815,-0.000162408
-0.000641709,-0.000626095,-0.000595981,-0.000553259,-0.000500882,-0.000442122,-0.000380238,-0.000318499,-0.000259619,-0.000206117,-0.000158449
-0.000628106,-0.000612721,-0.000583045,-0.000541023,-0.000489529,-0.000431793,-0.000371046,-0.000310516,-0.000252963,-0.000200533,-0.000153937
-0.000615029,-0.000599899,-0.000570664,-0.000529293,-0.000478661,-0.000421918,-0.000362252,-0.000302879,-0.000246465,-0.000195191,-0.000149625
-0.0006023,-0.000587387,-0.000558634,-0.000517922,-0.000468087,-0.000412321,-0.000353716,-0.000295462,-0.00024022,-0.000190023,-0.000145449
-0.000589592,-0.000574951,-0.000546636,-0.000506526,-0.000457562,-0.000402764,-0.000345264,-0.000288146,-0.000234118,-0.000184932,-0.000141349
-0.000577398,-0.000562951,-0.000535066,-0.000495653,-0.000447475,-0.000393613,-0.000337141,-0.000281119,-0.000228078,-0.000180046,-0.000136664
-0.000565527,-0.000551313,-0.000523902,-0.00048506,-0.000437668,-0.000384703,-0.000329293,-0.000274301,-0.000222323,-0.00017531,-0.000133651
-0.000553762,-0.000539747,-0.000512708,-0.00047454,-0.000427933,-0.000375927,-0.000321494,-0.000267576,-0.000216667,-0.000170725,-0.000129942
-0.000542057,-0.000528291,-0.000501694,-0.00046415,-0.000418348,-0.000367252,-0.000313824,-0.000260972,-0.000211094,-0.000166153,-0.000126307
-0.000530991,-0.000517459,-0.00049126,-0.000454319,-0.000409259,-0.000359015,-0.000306586,-0.000254724,-0.00020586,-0.000161866,-0.000122866
-0.000519944,-0.000506606,-0.000480831,-0.000444484,-0.000400188,-0.000350859,-0.000299349,-0.000248515,-0.00020062,-0.000157603,-0.000119472
-0.000509422,-0.000496301,-0.00047092,-0.000435142,-0.000391595,-0.000343086,-0.000292514,-0.000242634,-0.000195831,-0.000153567,-0.000115418
-0.000498961,-0.000486038,-0.000461083,-0.00042585,-0.000383016,-0.00033536,-0.000285724,-0.000236778,-0.00019079,-0.000149591,-0.000113094
-0.000488505,-0.000475809,-0.000451233,-0.000416624,-0.000374529,-0.000327724,-0.00027902,-0.000231028,-0.000185983,-0.000145672,-0.000110005
-0.000478399,-0.000465898,-0.00044171,-0.000407663,-0.000366282,-0.000320314,-0.0002725,-0.000225452,-0.000181318,-0.000141901,-0.000106988
-0.00046872,-0.000456421,-0.000432598,-0.000399115,-0.000358422,-0.000313253,-0.000266288,-0.000220113,-0.000176878,-0.000138286,-0.000104149
-0.00045921,-0.000447084,-0.000423652,-0.000390721,-0.000350691,-0.00030629,-0.000260189,-0.000214914,-0.000172538,-0.000134777,-0.000101366
-0.000449824,-0.000437888,-0.000414848,-0.000382488,-0.000343143,-0.000299506,-0.000254256,-0.000209839,-0.000168159,-0.000131327,-9.78046e-05
-0.000440603,-0.000428847,-0.000406176,-0.000374299,-0.000335618,-0.000292774,-0.000248367,-0.000204803,-0.000164107,-0.000127964,-9.60044e-05
-0.000431493,-0.000419945,-0.000397646,-0.000366294,-0.000328288,-0.000286208,-0.00024262,-0.000199917,-0.000160051,-0.000124668,-9.34121e-05
-0.000422808,-0.000411426,-0.000389468,-0.000358646,-0.00032128,-0.000279934,-0.000237126,-0.000195242,-0.000156175,-0.000121551,-9.0974e-05
-0.000414346,-0.000403158,-0.000381545,-0.000351225,-0.000314471,-0.000273826,-0.000231811,-0.000190692,-0.000152417,-0.000118507,-8.85918e-05
-0.000405663,-0.000394653,-0.000373399,-0.00034361,-0.000307507,-0.000267608,-0.000226376,-0.000186097,-0.000148607,-0.000115442,-8.61981e-05
-0.00039764,-0.000386819,-0.000365891,-0.000336584,-0.000301079,-0.000261869,-0.000221367,-0.000181853,-0.000145081,-0.000112599,-8.31503e-05
-0.00038961,-0.000378938,-0.000358364,-0.00032954,-0.000294613,-0.000256097,-0.000216364,-0.000177575,-0.000141407,-0.00010977,-8.17571e-05
-0.00038205,-0.000371579,-0.000351302,-0.000322926,-0.000288597,-0.000250701,-0.000211676,-0.000173612,-0.000138288,-0.000107146,-7.97292e-05
-0.000374038,-0.000363734,-0.000343796,-0.00031591,-0.000282194,-0.000245012,-0.000206699,-0.000169414,-0.000134954,-0.000104373,-7.75719e-05
-0.000366616,-0.000356471,-0.000336831,-0.000309415,-0.000276242,-0.000239735,-0.000202121,-0.000165545,-0.000131612,-0.000101803,-7.55864e-05
-0.000359207,-0.000349187,-0.000329905,-0.000302934,-0.000270356,-0.000234486,-0.000197547,-0.00016168,-0.000128446,-9.92754e-05,-7.36002e-05
-0.00035209,-0.000342264,-0.000323273,-0.000296749,-0.000264689,-0.000229421,-0.00019322,-0.000157989,-0.00012542,-9.68361e-05,-7.17429e-05
-0.000344899,-0.00033522,-0.000316562,-0.000290458,-0.000258976,-0.000224358,-0.000188811,-0.000154277,-0.000122356,-9.44103e-05,-6.98587e-05
-0.000338197,-0.000328678,-0.000310318,-0.000284639,-0.000253661,-0.00021964,-0.000184717,-0.000150818,-0.000119539,-9.21502e-05,-6.81182e-05
-0.000331238,-0.000321885,-0.000303821,-0.000278591,-0.00024817,-0.000214773,-0.000180495,-0.000147284,-0.000116619,-8.98384e-05,-6.63417e-05
-0.000324915,-0.000315714,-0.000297913,-0.000273103,-0.000243163,-0.000210308,-0.00017667,-0.000144032,-0.000113976,-8.77161e-05,-6.4724e-05
-0.000318455,-0.000309379,-0.000291879,-0.000267492,-0.00023808,-0.000205807,-0.000172735,-0.000140759,-0.000111281,-8.55785e-05,-6.30841e-05
-0.000312058,-0.000303122,-0.000285926,-0.000261923,-0.000233019,-0.000201341,-0.000168887,-0.00013752,-0.000108643,-8.34702e-05,-6.14693e-05
-0.00030605,-0.000297249,-0.000280333,-0.000256719,-0.000228281,-0.000197138,-0.000165271,-0.000134487,-0.00010617,-8.15004e-05,-5.99701e-05
-0.000299907,-0.000291262,-0.000274606,-0.000251405,-0.00022345,-0.000192848,-0.000161594,-0.000131387,-0.00010364,-7.95018e-05,-5.84372e-05
-0.000293981,-0.000285461,-0.000269097,-0.000246279,-0.000218809,-0.000188762,-0.000158038,-0.000128439,-0.000101228,-7.75813e-05,-5.69949e-05
-0.000288336,-0.000279973,-0.000263862,-0.000241407,-0.0002144,-0.000184854,-0.000154685,-0.000125603,-9.89331e-05,-7.57644e-05,-5.5599e-05
-0.000282638,-0.000274415,-0.000258559,-0.000236477,-0.000209932,-0.000180908,-0.000151302,-0.000122776,-9.66303e-05,-7.39314e-05,-5.4214e-05
-0.000277196,-0.00026909,-0.000253484,-0.000231771,-0.000205666,-0.000177132,-0.000148064,-0.000120069,-9.4428e-05,-7.21964e-05,-5.29038e-05
-0.000271831,-0.000263856,-0.000248483,-0.00022714,-0.000201461,-0.00017344,-0.000144886,-0.00011741,-9.2268e-05,-7.0495e-05,-5.16121e-05
-0.000266528,-0.000258657,-0.000243559,-0.000222553,-0.00019733,-0.000169796,-0.000141749,-0.000114809,-9.01606e-05,-6.88331e-05,-5.03475e-05
-0.000261357,-0.000253632,-0.000238763,-0.000218112,-0.000193309,-0.000166257,-0.000138719,-0.000112269,-8.81035e-05,-6.7203e-05,-4.912e-05
-0.000256305,-0.0002487,-0.000234076,-0.000213772,-0.000189356,-0.000162771,-0.000135752,-0.000109794,-8.61003e-05,-6.56214e-05,-4.79387e-05
-0.000251282,-0.000243802,-0.000229418,-0.000209449,-0.00018547,-0.000159345,-0.00013281,-0.000107351,-8.41137e-05,-6.40587e-05,-4.67641e-05
-0.000246467,-0.000239104,-0.000224958,-0.000205301,-0.000181736,-0.000156067,-0.000129991,-0.000105009,-8.22248e-05,-6.25728e-05,-4.56469e-05
-0.000241809,-0.000234566,-0.000220653,-0.000201306,-0.000178119,-0.000152913,-0.000127285,-0.000102762,-8.0398e-05,-6.11307e-05,-4.45673e-05
-0.000237263,-0.000230146,-0.000216425,-0.000197406,-0.000174608,-0.000149807,-0.000124642,-0.00010056,-7.8623e-05,-5.9745e-05,-4.35287e-05
-0.000232814,-0.000225816,-0.000212304,-0.000193596,-0.000171189,-0.000146792,-0.000122058,-9.84109e-05,-7.69016e-05,-5.8394e-05,-4.25152e-05
-0.000228167,-0.000221245,-0.000208001,-0.00018959,-0.00016758,-0.000143631,-0.000119363,-9.61879e-05,-7.51134e-05,-5.69745e-05,-4.14606e-05
-0.000223844,-0.000217039,-0.000203992,-0.000185895,-0.000164243,-0.000140709,-0.00011687,-9.41146e-05,-7.3448e-05,-5.56777e-05,-4.04856e-05
-0.00021953,-0.000212847,-0.000200007,-0.000182211,-0.00016092,-0.000137798,-0.000114394,-9.20613e-05,-7.17955e-05,-5.43737e-05,-3.95209e-05
-0.00021543,-0.000208831,-0.000196201,-0.000178698,-0.00015775,-0.000135022,-0.000112028,-9.01118e-05,-7.02196e-05,-5.31401e-05,-3.86029e-05
-0.000211409,-0.000204921,-0.000192494,-0.000175276,-0.000154672,-0.00013233,-0.000109726,-8.82025e-05,-6.86885e-05,-5.19446e-05,-3.77121e-05
-0.000207455,-0.000201097,-0.000188851,-0.000171914,-0.000151659,-0.000129678,-0.00010748,-8.63492e-05,-6.72e-05,-5.07811e-05,-3.68514e-05
-0.000203603,-0.000197315,-0.000185268,-0.000168604,-0.000148685,-0.00012708,-0.000105263,-8.45224e-05,-6.57369e-05,-4.9641e-05,-3.59912e-05
-0.000199735,-0.000193556,-0.000181692,-0.000165314,-0.000145711,-0.00012449,-0.000103069,-8.27013e-05,-6.42803e-05,-4.85081e-05,-3.51492e-05
-0.000195968,-0.000189876,-0.00017822,-0.000162091,-0.000142828,-0.000121968,-0.000100926,-8.09365e-05,-6.28735e-05,-4.74038e-05,-3.43281e-05
-0.000192438,-0.000186433,-0.000174951,-0.000159083,-0.000140128,-0.000119607,-9.89227e-05,-7.92924e-05,-6.15618e-05,-4.63689e-05,-3.35733e-05
-0.000188826,-0.000182923,-0.000171641,-0.000156001,-0.000137363,-0.000117203,-9.68954e-05,-7.76033e-05,-6.02112e-05,-4.53192e-05,-3.27883e-05
-0.000185234,-0.000179431,-0.000168317,-0.000152952,-0.000134634,-0.000114824,-9.48682e-05,-7.59379e-05,-5.88824e-05,-4.42905e-05,-3.20324e-05
-0.000181875,-0.000176166,-0.000165223,-0.000150105,-0.000132081,-0.000112594,-9.29809e-05,-7.43876e-05,-5.76391e-05,-4.33314e-05,-3.13159e-05
-0.000178588,-0.000172958,-0.000162183,-0.000147302,-0.000129581,-0.000110405,-9.11301e-05,-7.28739e-05,-5.6431e-05,-4.23819e-05,-3.06193e-05
-0.000175246,-0.000169707,-0.000159109,-0.000144468,-0.000127027,-0.000108198,-8.92511e-05,-7.13209e-05,-5.51995e-05,-4.1439e-05,-2.99227e-05
-0.00017197,-0.00016651,-0.000156087,-0.00014169,-0.000124546,-0.00010603,-8.74206e-05,-6.9824e-05,-5.40053e-05,-4.0505e-05,-2.92333e-05
-0.000168888,-0.000163517,-0.00015326,-0.000139071,-0.000122205,-0.000103996,-8.57051e-05,-6.84132e-05,-5.28861e-05,-3.96386e-05,-2.85892e-05
-0.000165767,-0.00016049,-0.000150388,-0.000136438,-0.000119849,-0.000101951,-8.39752e-05,-6.69891e-05,-5.17536e-05,-3.8762e-05,-2.79429e-05
-0.0001627,-0.000157499,-0.000147557,-0.000133839,-0.000117523,-9.99249e-05,-8.22609e-05,-6.55886e-05,-5.06416e-05,-3.78994e-05,-2.73043e-05
-0.000159841,-0.000154712,-0.000144928,-0.000131421,-0.000115361,-9.80406e-05,-8.06768e-05,-6.42975e-05,-4.96138e-05,-3.71032e-05,-2.67309e-05
-0.000156878,-0.000151843,-0.000142207,-0.000128926,-0.000113125,-9.6107e-05,-7.9042e-05,-6.29511e-05,-4.85471e-05,-3.62807e-05,-2.6113e-05
-0.000154053,-0.000149095,-0.000139609,-0.000126538,-0.000110992,-9.42555e-05,-7.74822e-05,-6.16753e-05,-4.75332e-05,-3.54999e-05,-2.55355e-05
-0.000151332,-0.000146442,-0.000137101,-0.000124231,-0.000108937,-9.24706e-05,-7.59816e-05,-6.04483e-05,-4.65668e-05,-3.475e-05,-2.49862e-05
-0.000148633,-0.000143814,-0.000134617,-0.000121951,-0.000106897,-9.07011e-05,-7.4494e-05,-5.92353e-05,-4.5602e-05,-3.40104e-05,-2.44314e-05
-0.000145979,-0.000141229,-0.00013218,-0.000119706,-0.000104906,-8.89684e-05,-7.30372e-05,-5.80487e-05,-4.46624e-05,-3.32885e-05,-2.39029e-05
-0.000143321,-0.000138659,-0.000129745,-0.000117478,-0.000102913,-8.72486e-05,-7.15862e-05,-5.68595e-05,-4.37222e-05,-3.25656e-05,-2.33616e-05
-0.00014075,-0.00013615,-0.00012738,-0.000115304,-0.00010098,-8.55748e-05,-7.01794e-05,-5.57174e-05,-4.28142e-05,-3.18651e-05,-2.28442e-05
-0.000138233,-0.000133707,-0.000125077,-0.00011319,-9.90919e-05,-8.39424e-05,-6.88093e-05,-5.45965e-05,-4.1937e-05,-3.11873e-05,-2.23435e-05
-0.000135822,-0.000131374,-0.000122869,-0.000111169,-9.72912e-05,-8.23811e-05,-6.75015e-05,-5.35365e-05,-4.10899e-05,-3.05368e-05,-2.18721e-05
-0.000133424,-0.000129035,-0.000120664,-0.000109146,-9.54901e-05,-8.08302e-05,-6.61967e-05,-5.24718e-05,-4.02538e-05,-2.99019e-05,-2.13928e-05
-0.000131058,-0.000126737,-0.000118494,-0.000107156,-9.3716e-05,-7.9297e-05,-6.49085e-05,-5.14233e-05,-3.94285e-05,-2.92647e-05,-2.09204e-05
-0.000128766,-0.000124515,-0.0001164,-0.000105233,-9.20123e-05,-7.78219e-05,-6.36726e-05,-5.04179e-05,-3.86368e-05,-2.8655e-05,-2.04687e-05
-0.000126497,-0.000122303,-0.000114318,-0.000103323,-9.03136e-05,-7.63546e-05,-6.2447e-05,-4.94184e-05,-3.78521e-05,-2.80561e-05,-2.00265e-05
-0.000124259,-0.000120131,-0.000112268,-0.00010145,-8.86462e-05,-7.49163e-05,-6.12408e-05,-4.84421e-05,-3.70767e-05,-2.74656e-05,-1.95871e-05
-0.000122119,-0.000118055,-0.000110309,-9.96523e-05,-8.70533e-05,-7.35387e-05,-6.00903e-05,-4.75096e-05,-3.63417e-05,-2.6905e-05,-1.917e-05
-0.000119975,-0.000115982,-0.000108353,-9.78686e-05,-8.5461e-05,-7.21707e-05,-5.89468e-05,-4.6575e-05,-3.56049e-05,-2.63448e-05,-1.87509e-05
-0.000117904,-0.000113964,-0.00010645,-9.61299e-05,-8.39184e-05,-7.08408e-05,-5.78295e-05,-4.56726e-05,-3.48951e-05,-2.58017e-05,-1.83558e-05
-0.000115871,-0.000111988,-0.000104594,-9.44269e-05,-8.24074e-05,-6.95368e-05,-5.67408e-05,-4.47939e-05,-3.42088e-05,-2.52749e-05,-1.7968e-05
-0.00011387,-0.000110043,-0.000102759,-9.27527e-05,-8.0919e-05,-6.82547e-05,-5.56719e-05,-4.3926e-05,-3.35229e-05,-2.47568e-05,-1.7586e-05
-0.000111895,-0.000108125,-0.000100954,-9.1102e-05,-7.94532e-05,-6.6996e-05,-5.46189e-05,-4.30779e-05,-3.28545e-05,-2.42475e-05,-1.721e-05
-0.000109962,-0.000106252,-9.91889e-05,-8.94822e-05,-7.80247e-05,-6.57664e-05,-5.3593e-05,-4.22423e-05,-3.22041e-05,-2.37507e-05,-1.68429e-05
-0.000108078,-0.000104427,-9.74694e-05,-8.79124e-05,-7.66298e-05,-6.4567e-05,-5.25942e-05,-4.14362e-05,-3.1571e-05,-2.32678e-05,-1.64871e-05
-0.000106259,-0.000102659,-9.58028e-05,-8.63871e-05,-7.52799e-05,-6.34075e-05,-5.16285e-05,-4.06517e-05,-3.09632e-05,-2.28017e-05,-1.61454e-05
-0.000104408,-0.000100867,-9.41168e-05,-8.48517e-05,-7.39174e-05,-6.2233e-05,-5.06504e-05,-3.98657e-05,-3.03379e-05,-2.23332e-05,-1.58047e-05
-0.000102658,-9.91632e-05,-9.25157e-05,-8.339e-05,-7.26177e-05,-6.11188e-05,-4.97248e-05,-3.91183e-05,-2.97524e-05,-2.18885e-05,-1.5481e-05
-0.000100885,-9.74469e-05,-9.08998e-05,-8.1915e-05,-7.13158e-05,-6.00005e-05,-4.87909e-05,-3.83632e-05,-2.9164e-05,-2.14429e-05,-1.51475e-05
-9.91966e-05,-9.5806e-05,-8.9356e-05,-8.05056e-05,-7.00709e-05,-5.8928e-05,-4.79009e-05,-3.76461e-05,-2.8595e-05,-2.10177e-05,-1.48347e-05
-9.75274e-05,-9.41894e-05,-8.78346e-05,-7.91173e-05,-6.8841e-05,-5.78766e-05,-4.70239e-05,-3.69379e-05,-2.80449e-05,-2.05982e-05,-1.45287e-05
-9.58899e-05,-9.25963e-05,-8.63359e-05,-7.77502e-05,-6.76339e-05,-5.68389e-05,-4.61631e-05,-3.62458e-05,-2.75034e-05,-2.01899e-05,-1.4235e-05
-9.4284e-05,-9.10483e-05,-8.48803e-05,-7.64239e-05,-6.64599e-05,-5.58342e-05,-4.53265e-05,-3.55713e-05,-2.69829e-05,-1.97932e-05,-1.39464e-05
-9.26959e-05,-8.95011e-05,-8.34262e-05,-7.50983e-05,-6.52887e-05,-5.48316e-05,-4.44939e-05,-3.49035e-05,-2.64532e-05,-1.9395e-05,-1.36532e-05
-9.11496e-05,-8.80095e-05,-8.2023e-05,-7.38241e-05,-6.41582e-05,-5.38657e-05,-4.3692e-05,-3.42551e-05,-2.59561e-05,-1.90159e-05,-1.33788e-05
-8.9618e-05,-8.65206e-05,-8.06232e-05,-7.25451e-05,-6.30303e-05,-5.28981e-05,-4.28909e-05,-3.36137e-05,-2.54549e-05,-1.86374e-05,-1.31016e-05
-8.81287e-05,-8.50778e-05,-7.92703e-05,-7.13096e-05,-6.19407e-05,-5.19662e-05,-4.21167e-05,-3.29906e-05,-2.49701e-05,-1.82716e-05,-1.28351e-05
-8.66862e-05,-8.36775e-05,-7.79519e-05,-7.01132e-05,-6.08815e-05,-5.10594e-05,-4.13657e-05,-3.23886e-05,-2.45011e-05,-1.79184e-05,-1.25765e-05
-8.52415e-05,-8.22816e-05,-7.6644e-05,-6.89164e-05,-5.98265e-05,-5.01594e-05,-4.06191e-05,-3.17885e-05,-2.40336e-05,-1.75668e-05,-1.2323e-05
-8.3852e-05,-8.09318e-05,-7.5375e-05,-6.77634e-05,-5.88125e-05,-4.92907e-05,-3.9901e-05,-3.12126e-05,-2.35878e-05,-1.72295e-05,-1.20759e-05
-8.24535e-05,-7.95801e-05,-7.41049e-05,-6.66074e-05,-5.77922e-05,-4.84153e-05,-3.91788e-05,-3.0632e-05,-2.31365e-05,-1.68895e-05,-1.18341e-05
-8.11098e-05,-7.82778e-05,-7.2881e-05,-6.54944e-05,-5.68118e-05,-4.75791e-05,-3.84844e-05,-3.00777e-05,-2.27052e-05,-1.65672e-05,-1.15953e-05
-7.97933e-05,-7.70033e-05,-7.16869e-05,-6.44048e-05,-5.58516e-05,-4.67612e-05,-3.78051e-05,-2.9534e-05,-2.22829e-05,-1.62468e-05,-1.13603e-05
-7.8479e-05,-7.57292e-05,-7.04894e-05,-6.3318e-05,-5.48935e-05,-4.59427e-05,-3.71325e-05,-2.89926e-05,-2.18627e-05,-1.59333e-05,-1.11377e-05
-7.72069e-05,-7.44978e-05,-6.9335e-05,-6.22686e-05,-5.39695e-05,-4.51529e-05,-3.64783e-05,-2.84704e-05,-2.14574e-05,-1.56286e-05,-1.09147e-05
-7.59615e-05,-7.32893e-05,-6.82004e-05,-6.12355e-05,-5.3061e-05,-4.43844e-05,-3.58403e-05,-2.79566e-05,-2.10599e-05,-1.53297e-05,-1.06976e-05
-7.47214e-05,-7.20874e-05,-6.70735e-05,-6.02132e-05,-5.21568e-05,-4.36121e-05,-3.5205e-05,-2.74519e-05,-2.06676e-05,-1.50358e-05,-1.04887e-05
-7.35292e-05,-7.09297e-05,-6.59856e-05,-5.92269e-05,-5.1291e-05,-4.28702e-05,-3.45929e-05,-2.69647e-05,-2.02905e-05,-1.47531e-05,-1.02863e-05
-7.23258e-05,-6.97664e-05,-6.48966e-05,-5.8235e-05,-5.0418e-05,-4.21286e-05,-3.39812e-05,-2.64738e-05,-1.99116e-05,-1.44693e-05,-1.00803e-05
-7.11735e-05,-6.86563e-05,-6.38567e-05,-5.72877e-05,-4.95865e-05,-4.14183e-05,-3.33987e-05,-2.60065e-05,-1.95525e-05,-1.41998e-05,-9.88581e-06
-7.00369e-05,-6.7552e-05,-6.28192e-05,-5.63484e-05,-4.87589e-05,-4.07159e-05,-3.28174e-05,-2.55443e-05,-1.91926e-05,-1.39306e-05,-9.69164e-06
-6.89137e-05,-6.64624e-05,-6.17995e-05,-5.5422e-05,-4.79448e-05,-4.00213e-05,-3.22462e-05,-2.50898e-05,-1.88485e-05,-1.3668e-05,-9.50303e-06
-6.78226e-05,-6.5401e-05,-6.08019e-05,-5.45165e-05,-4.71495e-05,-3.93446e-05,-3.1689e-05,-2.4644e-05,-1.84959e-05,-1.3411e-05,-9.31821e-06
-6.6747e-05,-6.43615e-05,-5.98322e-05,-5.36358e-05,-4.63782e-05,-3.8688e-05,-3.11469e-05,-2.42139e-05,-1.81657e-05,-1.31619e-05,-9.14223e-06
-6.56885e-05,-6.33411e-05,-5.88721e-05,-5.27653e-05,-4.5612e-05,-3.80362e-05,-3.06128e-05,-2.37858e-05,-1.78334e-05,-1.29173e-05,-8.95598e-06
-6.46465e-05,-6.23301e-05,-5.79268e-05,-5.19096e-05,-4.48597e-05,-3.73986e-05,-3.00874e-05,-2.33698e-05,-1.75135e-05,-1.26764e-05,-8.7894e-06
-6.36409e-05,-6.13533e-05,-5.70085e-05,-5.10753e-05,-4.41293e-05,-3.67773e-05,-2.95771e-05,-2.2962e-05,-1.7198e-05,-1.24442e-05,-8.62366e-06
-6.26205e-05,-6.03682e-05,-5.60879e-05,-5.02425e-05,-4.33985e-05,-3.61567e-05,-2.90655e-05,-2.2557e-05,-1.68864e-05,-1.2209e-05,-8.45542e-06
-6.16369e-05,-5.94166e-05,-5.51977e-05,-4.94361e-05,-4.26887e-05,-3.55565e-05,-2.85718e-05,-2.21641e-05,-1.65854e-05,-1.19837e-05,-8.29292e-06
-6.06749e-05,-5.84936e-05,-5.43317e-05,-4.865e-05,-4.20015e-05,-3.49694e-05,-2.80922e-05,-2.17833e-05,-1.6292e-05,-1.1764e-05,-8.13418e-06
-5.97253e-05,-5.75686e-05,-5.34672e-05,-4.78663e-05,-4.13122e-05,-3.43881e-05,-2.76135e-05,-2.14028e-05,-1.5999e-05,-1.15468e-05,-7.98294e-06
-5.87928e-05,-5.66655e-05,-5.2622e-05,-4.71013e-05,-4.06431e-05,-3.38193e-05,-2.71478e-05,-2.10323e-05,-1.5715e-05,-1.13356e-05,-7.82899e-06
-5.7892e-05,-5.5796e-05,-5.18076e-05,-4.63638e-05,-3.99947e-05,-3.32705e-05,-2.66968e-05,-2.06755e-05,-1.54391e-05,-1.11335e-05,-7.68387e-06
-5.70017e-05,-5.49313e-05,-5.09992e-05,-4.56301e-05,-3.93548e-05,-3.2728e-05,-2.62522e-05,-2.03218e-05,-1.51687e-05,-1.09293e-05,-7.54191e-06
-5.61059e-05,-5.40733e-05,-5.01965e-05,-4.49036e-05,-3.87171e-05,-3.21864e-05,-2.5809e-05,-1.99715e-05,-1.48994e-05,-1.07298e-05,-7.39849e-06
-5.52431e-05,-5.32327e-05,-4.94096e-05,-4.41917e-05,-3.80956e-05,-3.16606e-05,-2.53786e-05,-1.96292e-05,-1.46366e-05,-1.05358e-05,-7.25889e-06
-5.43963e-05,-5.24135e-05,-4.86437e-05,-4.34992e-05,-3.74891e-05,-3.11473e-05,-2.49576e-05,-1.92946e-05,-1.43806e-05,-1.03432e-05,-7.11392e-06
-5.35623e-05,-5.16043e-05,-4.78861e-05,-4.28147e-05,-3.68895e-05,-3.06397e-05,-2.45416e-05,-1.89665e-05,-1.41295e-05,-1.01493e-05,-6.9973e-06
-5.27489e-05,-5.08198e-05,-4.71532e-05,-4.21495e-05,-3.63082e-05,-3.01493e-05,-2.414e-05,-1.86484e-05,-1.38846e-05,-9.96856e-06,-6.8723e-06
-5.1937e-05,-5.00387e-05,-4.64222e-05,-4.14902e-05,-3.57315e-05,-2.96621e-05,-2.37406e-05,-1.83328e-05,-1.36431e-05,-9.79202e-06,-6.74235e-06
-5.11653e-05,-4.92889e-05,-4.57199e-05,-4.08557e-05,-3.51754e-05,-2.91931e-05,-2.33563e-05,-1.80297e-05,-1.34112e-05,-9.62024e-06,-6.62084e-06
-5.03695e-05,-4.85178e-05,-4.50004e-05,-4.02045e-05,-3.46074e-05,-2.87103e-05,-2.29637e-05,-1.77188e-05,-1.31736e-05,-9.44416e-06,-6.49298e-06
-4.96238e-05,-4.77949e-05,-4.43268e-05,-3.95968e-05,-3.40727e-05,-2.82615e-05,-2.25964e-05,-1.74272e-05,-1.29533e-05,-9.27736e-06,-6.37551e-06
-4.88647e-05,-4.70636e-05,-4.36418e-05,-3.89764e-05,-3.35337e-05,-2.78025e-05,-2.22237e-05,-1.71337e-05,-1.2727e-05,-9.1082e-06,-6.25741e-06
-4.81214e-05,-4.63493e-05,-4.29754e-05,-3.83733e-05,-3.30074e-05,-2.73588e-05,-2.18599e-05,-1.68477e-05,-1.25073e-05,-8.94977e-06,-6.14916e-06
-4.74029e-05,-4.56489e-05,-4.23202e-05,-3.77827e-05,-3.24917e-05,-2.69226e-05,-2.15048e-05,-1.65661e-05,-1.22941e-05,-8.78757e-06,-6.02688e-06
-4.67078e-05,-4.49776e-05,-4.16929e-05,-3.7217e-05,-3.19962e-05,-2.65056e-05,-2.11625e-05,-1.62971e-05,-1.20798e-05,-8.63806e-06,-5.92339e-06
-4.60146e-05,-4.43022e-05,-4.1064e-05,-3.66475e-05,-3.15002e-05,-2.60878e-05,-2.08223e-05,-1.60294e-05,-1.18847e-05,-8.49609e-06,-5.81124e-06
-4.53104e-05,-4.36272e-05,-4.04325e-05,-3.60772e-05,-3.1003e-05,-2.56678e-05,-2.04803e-05,-1.57597e-05,-1.16754e-05,-8.34489e-06,-5.69877e-06
-4.46411e-05,-4.2979e-05,-3.9825e-05,-3.55273e-05,-3.05242e-05,-2.52631e-05,-2.01519e-05,-1.54996e-05,-1.1477e-05,-8.19737e-06,-5.59781e-06
-4.39691e-05,-4.23326e-05,-3.92224e-05,-3.49854e-05,-3.00504e-05,-2.48653e-05,-1.98272e-05,-1.52428e-05,-1.12846e-05,-8.05477e-06,-5.49401e-06
-4.33279e-05,-4.17056e-05,-3.86353e-05,-3.44546e-05,-2.95895e-05,-2.44745e-05,-1.951e-05,-1.49935e-05,-1.10921e-05,-7.91394e-06,-5.39564e-06
-4.26868e-05,-4.1087e-05,-3.80615e-05,-3.39394e-05,-2.91385e-05,-2.40979e-05,-1.92023e-05,-1.47514e-05,-1.09127e-05,-7.77591e-06,-5.3007e-06
-4.20502e-05,-4.04761e-05,-3.74897e-05,-3.34226e-05,-2.8689e-05,-2.37175e-05,-1.88931e-05,-1.45089e-05,-1.07249e-05,-7.6445e-06,-5.20435e-06
-4.14303e-05,-3.98827e-05,-3.69356e-05,-3.29217e-05,-2.82526e-05,-2.33511e-05,-1.8595e-05,-1.42747e-05,-1.05464e-05,-7.51148e-06,-5.11002e-06
-4.08277e-05,-3.92944e-05,-3.63874e-05,-3.24304e-05,-2.78243e-05,-2.29892e-05,-1.83018e-05,-1.40426e-05,-1.03711e-05,-7.38158e-06,-5.02261e-06
-4.02298e-05,-3.87195e-05,-3.5851e-05,-3.19443e-05,-2.74002e-05,-2.26333e-05,-1.80121e-05,-1.38164e-05,-1.01979e-05,-7.25531e-06,-4.93116e-06
-3.9645e-05,-3.81475e-05,-3.53172e-05,-3.14656e-05,-2.69846e-05,-2.22845e-05,-1.77275e-05,-1.3593e-05,-1.0031e-05,-7.13053e-06,-4.84412e-06
-3.90678e-05,-3.7594e-05,-3.48002e-05,-3.09985e-05,-2.65783e-05,-2.19417e-05,-1.74497e-05,-1.33743e-05,-9.86341e-06,-7.0081e-06,-4.76016e-06
-3.84982e-05,-3.705e-05,-3.42949e-05,-3.05425e-05,-2.618e-05,-2.16087e-05,-1.71778e-05,-1.31623e-05,-9.70211e-06,-6.88954e-06,-4.66475e-06
-3.79387e-05,-3.6505e-05,-3.37831e-05,-3.00832e-05,-2.57815e-05,-2.12724e-05,-1.69063e-05,-1.29477e-05,-9.5401e-06,-6.77114e-06,-4.59336e-06
-3.73925e-05,-3.5977e-05,-3.32911e-05,-2.96391e-05,-2.53948e-05,-2.09471e-05,-1.66435e-05,-1.27413e-05,-9.38421e-06,-6.65371e-06,-4.51233e-06
-3.68581e-05,-3.5459e-05,-3.28114e-05,-2.92076e-05,-2.50198e-05,-2.06323e-05,-1.63885e-05,-1.25409e-05,-9.23419e-06,-6.54648e-06,-4.43172e-06
-3.632e-05,-3.49413e-05,-3.23273e-05,-2.87701e-05,-2.46398e-05,-2.03143e-05,-1.61303e-05,-1.23382e-05,-9.07926e-06,-6.43303e-06,-4.35382e-06
-3.58021e-05,-3.44474e-05,-3.18648e-05,-2.83548e-05,-2.42782e-05,-2.0014e-05,-1.58843e-05,-1.21455e-05,-8.93347e-06,-6.32623e-06,-4.27837e-06
-3.52944e-05,-3.39534e-05,-3.14034e-05,-2.79403e-05,-2.39201e-05,-1.9709e-05,-1.56387e-05,-1.19549e-05,-8.78751e-06,-6.21995e-06,-4.21018e-06
-3.47864e-05,-3.34622e-05,-3.09477e-05,-2.75281e-05,-2.35617e-05,-1.94096e-05,-1.53965e-05,-1.17633e-05,-8.64387e-06,-6.1147e-06,-4.12875e-06
-3.42945e-05,-3.29854e-05,-3.05045e-05,-2.71311e-05,-2.32166e-05,-1.91196e-05,-1.51618e-05,-1.15809e-05,-8.5052e-06,-6.01641e-06,-4.06083e-06
-3.3799e-05,-3.25076e-05,-3.00576e-05,-2.67288e-05,-2.28675e-05,-1.88271e-05,-1.49245e-05,-1.13959e-05,-8.36642e-06,-5.91154e-06,-3.97971e-06
-3.3314e-05,-3.20452e-05,-2.96276e-05,-2.63433e-05,-2.25321e-05,-1.85471e-05,-1.46975e-05,-1.12182e-05,-8.23159e-06,-5.81345e-06,-3.91868e-06
-3.28478e-05,-3.15897e-05,-2.92018e-05,-2.59603e-05,-2.22003e-05,-1.82687e-05,-1.4473e-05,-1.10417e-05,-8.09942e-06,-5.71369e-06,-3.85056e-06
-3.23806e-05,-3.11381e-05,-2.87838e-05,-2.55838e-05,-2.18728e-05,-1.79948e-05,-1.42509e-05,-1.08691e-05,-7.96821e-06,-5.62109e-06,-3.78203e-06
-3.19203e-05,-3.06948e-05,-2.83709e-05,-2.52127e-05,-2.15514e-05,-1.77229e-05,-1.40324e-05,-1.06987e-05,-7.84047e-06,-5.52765e-06,-3.71486e-06
-3.14744e-05,-3.02617e-05,-2.79687e-05,-2.48519e-05,-2.12383e-05,-1.74623e-05,-1.38213e-05,-1.05338e-05,-7.71491e-06,-5.43555e-06,-3.64545e-06
-3.10301e-05,-2.98391e-05,-2.75741e-05,-2.44974e-05,-2.09312e-05,-1.72066e-05,-1.36133e-05,-1.0372e-05,-7.59326e-06,-5.34667e-06,-3.59333e-06
-3.05935e-05,-2.94123e-05,-2.71771e-05,-2.41412e-05,-2.0622e-05,-1.69466e-05,-1.34043e-05,-1.02091e-05,-7.47046e-06,-5.2574e-06,-3.52499e-06
-3.01883e-05,-2.90154e-05,-2.68066e-05,-2.38061e-05,-2.03318e-05,-1.67054e-05,-1.32093e-05,-1.00553e-05,-7.35472e-06,-5.17328e-06,-3.46296e-06
-2.97542e-05,-2.86028e-05,-2.64233e-05,-2.3464e-05,-2.00361e-05,-1.64558e-05,-1.3009e-05,-9.90013e-06,-7.23797e-06,-5.08448e-06,-3.39711e-06
-2.93302e-05,-2.8193e-05,-2.6042e-05,-2.31219e-05,-1.9739e-05,-1.62088e-05,-1.28089e-05,-9.74466e-06,-7.12091e-06,-5.00257e-06,-3.34386e-06
-2.89205e-05,-2.78031e-05,-2.56792e-05,-2.27962e-05,-1.94572e-05,-1.59741e-05,-1.26185e-05,-9.59716e-06,-7.00989e-06,-4.92147e-06,-3.29057e-06
-2.85296e-05,-2.74201e-05,-2.53229e-05,-2.24757e-05,-1.91808e-05,-1.57416e-05,-1.24319e-05,-9.45118e-06,-6.9e-06,-4.84317e-06,-3.23454e-06
-2.81379e-05,-2.7043e-05,-2.49731e-05,-2.21623e-05,-1.89089e-05,-1.55155e-05,-1.22489e-05,-9.30895e-06,-6.79357e-06,-4.76736e-06,-3.18787e-06
-2.7742e-05,-2.66622e-05,-2.46186e-05,-2.18436e-05,-1.8633e-05,-1.52846e-05,-1.2064e-05,-9.16498e-06,-6.68482e-06,-4.68977e-06,-3.11853e-06
-2.73698e-05,-2.63017e-05,-2.4282e-05,-2.15427e-05,-1.83738e-05,-1.50686e-05,-1.18892e-05,-9.0278e-06,-6.58331e-06,-4.61158e-06,-3.07628e-06
-2.69854e-05,-2.59367e-05,-2.39428e-05,-2.12381e-05,-1.81094e-05,-1.48477e-05,-1.17117e-05,-8.89071e-06,-6.4796e-06,-4.53701e-06,-3.02384e-06
-2.66132e-05,-2.55725e-05,-2.36039e-05,-2.09345e-05,-1.78463e-05,-1.46292e-05,-1.15363e-05,-8.75316e-06,-6.37757e-06,-4.46164e-06,-2.96905e-06
-2.62499e-05,-2.52231e-05,-2.32787e-05,-2.06435e-05,-1.75954e-05,-1.44199e-05,-1.13671e-05,-8.62158e-06,-6.27908e-06,-4.38847e-06,-2.91368e-06
-2.58934e-05,-2.48774e-05,-2.29589e-05,-2.0357e-05,-1.73462e-05,-1.42127e-05,-1.12011e-05,-8.49203e-06,-6.18226e-06,-4.31958e-06,-2.86334e-06
-2.55362e-05,-2.45348e-05,-2.26394e-05,-2.00708e-05,-1.70997e-05,-1.40067e-05,-1.10345e-05,-8.3645e-06,-6.08548e-06,-4.25108e-06,-2.81734e-06
-2.51888e-05,-2.42053e-05,-2.23337e-05,-1.97957e-05,-1.6863e-05,-1.38088e-05,-1.08768e-05,-8.24051e-06,-5.9932e-06,-4.18246e-06,-2.77533e-06
