0.000120675,0.000119062,0.000117685,0.000117859,0.000114368,0.000111268,0.000109117,0.000107929,0.000104099,9.81158e-05,9.5496e-05
0.000116924,0.000116338,0.000114316,0.000113841,0.000111034,0.000108127,0.000105101,0.000102402,0.000100541,9.40022e-05,9.06796e-05
0.000114329,0.000113432,0.000110736,0.000109994,0.000105998,0.000105204,0.000101024,9.84772e-05,9.5443e-05,8.97189e-05,8.60266e-05
0.000111423,0.000110686,0.000107831,0.000106566,0.000103524,0.000102139,9.7639e-05,9.41296e-05,9.16901e-05,8.60849e-05,8.10163e-05
0.000108932,0.000108147,0.000105006,0.000103342,0.000100578,9.93523e-05,9.44892e-05,9.06578e-05,8.81891e-05,8.25999e-05,7.70778e-05
0.000106442,0.000105744,0.000102615,0.000100177,9.79569e-05,9.67481e-05,9.14608e-05,8.73115e-05,8.47389e-05,7.9161e-05,7.34058e-05
0.000104289,0.000103254,9.99604e-05,9.7501e-05,9.507e-05,9.40302e-05,8.88735e-05,8.45906e-05,8.18612e-05,7.6121e-05,7.0132e-05
0.000101814,0.000100822,9.759e-05,9.49689e-05,9.28871e-05,9.13558e-05,8.65155e-05,8.18592e-05,7.90334e-05,7.315e-05,6.72229e-05
9.98848e-05,9.85942e-05,9.55278e-05,9.23684e-05,9.00826e-05,8.88726e-05,8.39635e-05,7.92335e-05,7.6198e-05,7.02597e-05,6.42309e-05
9.75911e-05,9.60804e-05,9.3561e-05,9.01067e-05,8.78854e-05,8.59445e-05,8.16332e-05,7.6692e-05,7.36535e-05,6.74516e-05,6.18966e-05
9.51765e-05,9.42381e-05,9.14624e-05,8.77859e-05,8.53954e-05,8.43659e-05,7.95298e-05,7.45666e-05,7.14315e-05,6.50626e-05,5.91673e-05
9.36389e-05,9.21561e-05,8.94644e-05,8.58046e-05,8.40865e-05,8.18893e-05,7.75578e-05,7.16801e-05,6.83773e-05,6.20329e-05,5.66953e-05
9.12775e-05,8.99818e-05,8.7849e-05,8.33283e-05,8.15125e-05,7.92037e-05,7.54571e-05,6.95712e-05,6.59987e-05,6.00932e-05,5.4325e-05
8.94768e-05,8.76667e-05,8.62082e-05,8.14223e-05,7.92712e-05,7.69134e-05,7.31995e-05,6.76626e-05,6.41621e-05,5.79053e-05,5.24991e-05
8.74903e-05,8.56319e-05,8.43068e-05,7.98769e-05,7.77022e-05,7.44254e-05,7.12981e-05,6.53402e-05,6.19468e-05,5.57497e-05,5.03787e-05
8.54298e-05,8.38945e-05,8.23729e-05,7.82393e-05,7.54878e-05,7.28141e-05,6.9391e-05,6.35132e-05,5.96565e-05,5.35531e-05,4.84407e-05
8.40401e-05,8.20146e-05,8.16674e-05,7.62409e-05,7.35339e-05,7.03877e-05,6.73392e-05,6.09949e-05,5.80118e-05,5.17734e-05,4.67155e-05
8.20906e-05,7.97651e-05,7.91337e-05,7.45833e-05,7.20776e-05,6.81208e-05,6.56258e-05,5.94176e-05,5.61505e-05,4.96619e-05,4.48218e-05
7.9871e-05,7.78061e-05,7.73454e-05,7.30059e-05,7.04554e-05,6.61467e-05,6.36516e-05,5.74779e-05,5.469e-05,4.84083e-05,4.33137e-05
7.80345e-05,7.60571e-05,7.51541e-05,7.14133e-05,6.87081e-05,6.44141e-05,6.19549e-05,5.57974e-05,5.25049e-05,4.68569e-05,4.16572e-05
7.62598e-05,7.42337e-05,7.39985e-05,6.96943e-05,6.70022e-05,6.23841e-05,6.01317e-05,5.40079e-05,5.13199e-05,4.51402e-05,4.02986e-05
7.45309e-05,7.26663e-05,7.25504e-05,6.78393e-05,6.49814e-05,6.069e-05,5.84906e-05,5.2748e-05,4.92705e-05,4.34232e-05,3.91207e-05
7.27624e-05,7.08825e-05,7.05563e-05,6.61971e-05,6.33867e-05,5.86672e-05,5.66619e-05,5.07406e-05,4.80672e-05,4.2332e-05,3.78646e-05
7.12668e-05,6.9682e-05,6.956e-05,6.46514e-05,6.16323e-05,5.73191e-05,5.52656e-05,4.94035e-05,4.58724e-05,4.02727e-05,3.63234e-05
6.93665e-05,6.75243e-05,6.73808e-05,6.32977e-05,6.03273e-05,5.58823e-05,5.35445e-05,4.7891e-05,4.52748e-05,3.94044e-05,3.53281e-05
6.73821e-05,6.62907e-05,6.57325e-05,6.1448e-05,5.89098e-05,5.40902e-05,5.21348e-05,4.64356e-05,4.34468e-05,3.80748e-05,3.38505e-05
6.58497e-05,6.44437e-05,6.41187e-05,5.99534e-05,5.72586e-05,5.26318e-05,5.054e-05,4.48496e-05,4.22008e-05,3.67517e-05,3.28501e-05
6.39266e-05,6.32702e-05,6.21518e-05,5.8451e-05,5.57053e-05,5.11e-05,4.92242e-05,4.35981e-05,4.07009e-05,3.58162e-05,3.1722e-05
6.27476e-05,6.15263e-05,6.07297e-05,5.67798e-05,5.40317e-05,4.99098e-05,4.75678e-05,4.22409e-05,3.9525e-05,3.45007e-05,3.06736e-05
6.08778e-05,6.02517e-05,5.93086e-05,5.50446e-05,5.27476e-05,4.82653e-05,4.6173e-05,4.08465e-05,3.81853e-05,3.3364e-05,2.9609e-05
5.95399e-05,5.87479e-05,5.77083e-05,5.38023e-05,5.12307e-05,4.72658e-05,4.49127e-05,3.94915e-05,3.69775e-05,3.22558e-05,2.87066e-05
5.79237e-05,5.69727e-05,5.58135e-05,5.22626e-05,4.97755e-05,4.60153e-05,4.33395e-05,3.84293e-05,3.57654e-05,3.16011e-05,2.77769e-05
5.64271e-05,5.57002e-05,5.43809e-05,5.07309e-05,4.81956e-05,4.45739e-05,4.21402e-05,3.72508e-05,3.45482e-05,3.04605e-05,2.68198e-05
5.49118e-05,5.42835e-05,5.29737e-05,4.92601e-05,4.67879e-05,4.34997e-05,4.09043e-05,3.60648e-05,3.35419e-05,2.93835e-05,2.59643e-05
5.35456e-05,5.28859e-05,5.14224e-05,4.79526e-05,4.55158e-05,4.19096e-05,3.96772e-05,3.48162e-05,3.23086e-05,2.8559e-05,2.5085e-05
5.21982e-05,5.16926e-05,5.00311e-05,4.64724e-05,4.40299e-05,4.09956e-05,3.82081e-05,3.38434e-05,3.13985e-05,2.75732e-05,2.41851e-05
5.06471e-05,4.99048e-05,4.83776e-05,4.51896e-05,4.2735e-05,3.96176e-05,3.7e-05,3.27101e-05,3.04313e-05,2.68954e-05,2.33323e-05
4.9185e-05,4.84246e-05,4.7046e-05,4.37864e-05,4.13998e-05,3.84976e-05,3.58128e-05,3.17663e-05,2.9464e-05,2.60431e-05,2.2512e-05
4.79329e-05,4.74056e-05,4.58753e-05,4.25658e-05,4.01557e-05,3.71027e-05,3.48523e-05,3.06382e-05,2.83701e-05,2.50699e-05,2.19054e-05
4.65687e-05,4.57258e-05,4.4213e-05,4.14774e-05,3.88175e-05,3.63034e-05,3.35897e-05,2.99012e-05,2.75858e-05,2.46337e-05,2.13374e-05
4.52183e-05,4.45398e-05,4.3077e-05,4.02039e-05,3.76507e-05,3.5109e-05,3.2406e-05,2.88925e-05,2.674e-05,2.35879e-05,2.04366e-05
4.40234e-05,4.33593e-05,4.19099e-05,3.89279e-05,3.64298e-05,3.39622e-05,3.13609e-05,2.79069e-05,2.59083e-05,2.29235e-05,1.97433e-05
4.28961e-05,4.19321e-05,4.06031e-05,3.78668e-05,3.52885e-05,3.3013e-05,3.05088e-05,2.70755e-05,2.53052e-05,2.20872e-05,1.91015e-05
4.15833e-05,4.06769e-05,3.9329e-05,3.66247e-05,3.41235e-05,3.19356e-05,2.93648e-05,2.6233e-05,2.43133e-05,2.14292e-05,1.84021e-05
4.05438e-05,3.95548e-05,3.86586e-05,3.57401e-05,3.30904e-05,3.12889e-05,2.86121e-05,2.55121e-05,2.39323e-05,2.08635e-05,1.77223e-05
3.93062e-05,3.82322e-05,3.69438e-05,3.42724e-05,3.21051e-05,2.9963e-05,2.75233e-05,2.45781e-05,2.28384e-05,2.01075e-05,1.71689e-05
3.83979e-05,3.72737e-05,3.60428e-05,3.32159e-05,3.11012e-05,2.90974e-05,2.67834e-05,2.38531e-05,2.22907e-05,1.94776e-05,1.65788e-05
3.71738e-05,3.572e-05,3.47578e-05,3.22841e-05,3.00838e-05,2.81044e-05,2.57778e-05,2.309e-05,2.14939e-05,1.88927e-05,1.59886e-05
3.59347e-05,3.47086e-05,3.34963e-05,3.12567e-05,2.90019e-05,2.72036e-05,2.49796e-05,2.23895e-05,2.06723e-05,1.8232e-05,1.55001e-05
3.50724e-05,3.36943e-05,3.25411e-05,3.02894e-05,2.82078e-05,2.63718e-05,2.41646e-05,2.16939e-05,2.00991e-05,1.75533e-05,1.49438e-05
3.38611e-05,3.25081e-05,3.1449e-05,2.92977e-05,2.72973e-05,2.54756e-05,2.33486e-05,2.09713e-05,1.93938e-05,1.7021e-05,1.43966e-05
3.28034e-05,3.17947e-05,3.07042e-05,2.82491e-05,2.64705e-05,2.47336e-05,2.2633e-05,2.02796e-05,1.8645e-05,1.65001e-05,1.38144e-05
3.18891e-05,3.05743e-05,2.94734e-05,2.74676e-05,2.56866e-05,2.39204e-05,2.2039e-05,1.96981e-05,1.81026e-05,1.57584e-05,1.34461e-05
3.09591e-05,2.96295e-05,2.8718e-05,2.67425e-05,2.49104e-05,2.31419e-05,2.12173e-05,1.90965e-05,1.75755e-05,1.53638e-05,1.28905e-05
3.00916e-05,2.87066e-05,2.77882e-05,2.59408e-05,2.41466e-05,2.24353e-05,2.05028e-05,1.85026e-05,1.69418e-05,1.47976e-05,1.24097e-05
2.91732e-05,2.77957e-05,2.69601e-05,2.522e-05,2.34732e-05,2.17436e-05,1.98696e-05,1.79876e-05,1.64149e-05,1.42806e-05,1.19949e-05
2.83037e-05,2.70682e-05,2.62219e-05,2.44625e-05,2.27064e-05,2.10941e-05,1.92433e-05,1.74032e-05,1.58714e-05,1.38635e-05,1.1498e-05
2.74389e-05,2.61361e-05,2.52834e-05,2.36245e-05,2.20365e-05,2.0443e-05,1.86935e-05,1.68104e-05,1.5373e-05,1.33243e-05,1.11195e-05
2.66394e-05,2.53453e-05,2.45458e-05,2.29387e-05,2.14023e-05,1.98126e-05,1.80611e-05,1.63002e-05,1.48176e-05,1.28231e-05,1.07045e-05
2.59148e-05,2.46303e-05,2.38018e-05,2.23295e-05,2.08338e-05,1.91908e-05,1.7522e-05,1.58123e-05,1.43503e-05,1.23924e-05,1.03468e-05
2.52458e-05,2.38647e-05,2.31987e-05,2.15761e-05,2.02963e-05,1.87443e-05,1.69385e-05,1.52839e-05,1.39416e-05,1.19399e-05,9.92447e-06
2.44516e-05,2.31243e-05,2.24209e-05,2.10216e-05,1.95702e-05,1.80616e-05,1.65348e-05,1.48154e-05,1.344e-05,1.15249e-05,9.58485e-06
2.37128e-05,2.25069e-05,2.17421e-05,2.04079e-05,1.9081e-05,1.75715e-05,1.59431e-05,1.43753e-05,1.29636e-05,1.10876e-05,9.24967e-06
2.30582e-05,2.1814e-05,2.11278e-05,1.98734e-05,1.85661e-05,1.70528e-05,1.54767e-05,1.39363e-05,1.25885e-05,1.06976e-05,8.91743e-06
2.24914e-05,2.12777e-05,2.04984e-05,1.93109e-05,1.80488e-05,1.66139e-05,1.4984e-05,1.35088e-05,1.21514e-05,1.03113e-05,8.61705e-06
2.18676e-05,2.08322e-05,2.00605e-05,1.88372e-05,1.76605e-05,1.61527e-05,1.46059e-05,1.31472e-05,1.18451e-05,9.98385e-06,8.30743e-06
2.12014e-05,2.01089e-05,1.93575e-05,1.82513e-05,1.70306e-05,1.56639e-05,1.4207e-05,1.2696e-05,1.1362e-05,9.64352e-06,8.02331e-06
2.06157e-05,1.96253e-05,1.88618e-05,1.77424e-05,1.66754e-05,1.52499e-05,1.37091e-05,1.23388e-05,1.09968e-05,9.24962e-06,7.74029e-06
1.99607e-05,1.91709e-05,1.83667e-05,1.73013e-05,1.61989e-05,1.48658e-05,1.33222e-05,1.20037e-05,1.0637e-05,8.94294e-06,7.50952e-06
1.95941e-05,1.85978e-05,1.78724e-05,1.68787e-05,1.58175e-05,1.44308e-05,1.29026e-05,1.16193e-05,1.03048e-05,8.62481e-06,7.23567e-06
1.91094e-05,1.81457e-05,1.7342e-05,1.643e-05,1.54525e-05,1.40296e-05,1.25289e-05,1.12611e-05,1.00041e-05,8.3529e-06,6.99368e-06
1.86594e-05,1.76308e-05,1.6929e-05,1.61302e-05,1.50291e-05,1.36902e-05,1.22141e-05,1.09307e-05,9.75769e-06,8.06959e-06,6.75e-06
1.81094e-05,1.73024e-05,1.64327e-05,1.56332e-05,1.46839e-05,1.3314e-05,1.19134e-05,1.06135e-05,9.41031e-06,7.82585e-06,6.55104e-06
1.76223e-05,1.67572e-05,1.60814e-05,1.52338e-05,1.42674e-05,1.29964e-05,1.15732e-05,1.03302e-05,9.12814e-06,7.55831e-06,6.33086e-06
1.72582e-05,1.64465e-05,1.56798e-05,1.48849e-05,1.39038e-05,1.26312e-05,1.12396e-05,1.00312e-05,8.85334e-06,7.33377e-06,6.12906e-06
1.68524e-05,1.60823e-05,1.53052e-05,1.4597e-05,1.36041e-05,1.23193e-05,1.09742e-05,9.74748e-06,8.6222e-06,7.09224e-06,5.95043e-06
1.64545e-05,1.56785e-05,1.4943e-05,1.41735e-05,1.32915e-05,1.19812e-05,1.06483e-05,9.48778e-06,8.33731e-06,6.87604e-06,5.76016e-06
1.60751e-05,1.53253e-05,1.46027e-05,1.39029e-05,1.29306e-05,1.17213e-05,1.03911e-05,9.21936e-06,8.12522e-06,6.65509e-06,5.58539e-06
1.56579e-05,1.49927e-05,1.4305e-05,1.3555e-05,1.264e-05,1.14079e-05,1.00957e-05,8.99099e-06,7.88452e-06,6.48114e-06,5.42259e-06
1.53418e-05,1.46331e-05,1.39595e-05,1.32552e-05,1.23491e-05,1.11153e-05,9.82796e-06,8.73835e-06,7.66392e-06,6.27794e-06,5.26051e-06
1.50262e-05,1.43381e-05,1.36399e-05,1.29948e-05,1.20551e-05,1.08298e-05,9.59507e-06,8.53152e-06,7.45726e-06,6.11997e-06,5.11086e-06
1.46349e-05,1.39974e-05,1.33488e-05,1.27144e-05,1.17758e-05,1.05803e-05,9.33259e-06,8.31234e-06,7.23542e-06,5.91542e-06,4.96187e-06
1.43163e-05,1.37111e-05,1.30156e-05,1.24459e-05,1.15491e-05,1.02981e-05,9.10353e-06,8.07864e-06,7.03269e-06,5.75954e-06,4.81988e-06
1.40252e-05,1.34603e-05,1.27638e-05,1.2098e-05,1.12826e-05,1.00733e-05,8.88503e-06,7.84655e-06,6.85017e-06,5.5868e-06,4.69007e-06
1.36974e-05,1.31417e-05,1.24479e-05,1.18553e-05,1.09966e-05,9.82248e-06,8.6591e-06,7.67646e-06,6.64867e-06,5.45285e-06,4.55017e-06
1.34429e-05,1.28197e-05,1.22282e-05,1.15867e-05,1.07471e-05,9.56111e-06,8.42648e-06,7.4922e-06,6.48389e-06,5.28843e-06,4.43299e-06
1.3113e-05,1.25889e-05,1.19475e-05,1.13753e-05,1.04713e-05,9.34211e-06,8.23322e-06,7.29747e-06,6.30591e-06,5.15132e-06,4.30037e-06
1.28574e-05,1.23088e-05,1.17126e-05,1.1088e-05,1.02667e-05,9.11012e-06,8.02897e-06,7.09792e-06,6.15419e-06,5.01181e-06,4.18814e-06
1.25623e-05,1.20459e-05,1.14037e-05,1.09281e-05,9.99648e-06,8.89244e-06,7.86115e-06,6.91871e-06,5.99868e-06,4.87442e-06,4.07714e-06
1.23462e-05,1.18125e-05,1.12513e-05,1.061e-05,9.836e-06,8.66666e-06,7.63751e-06,6.75345e-06,5.83574e-06,4.76195e-06,3.96039e-06
1.20034e-05,1.15426e-05,1.08994e-05,1.04297e-05,9.57077e-06,8.49141e-06,7.473e-06,6.58246e-06,5.66311e-06,4.62514e-06,3.849e-06
1.17775e-05,1.13064e-05,1.0718e-05,1.01424e-05,9.37287e-06,8.26507e-06,7.27382e-06,6.42154e-06,5.53087e-06,4.50676e-06,3.75205e-06
1.15138e-05,1.10632e-05,1.04625e-05,9.95811e-06,9.14259e-06,8.07073e-06,7.09929e-06,6.24425e-06,5.38502e-06,4.37805e-06,3.64943e-06
1.12516e-05,1.0825e-05,1.02586e-05,9.70659e-06,8.95001e-06,7.87979e-06,6.93292e-06,6.12835e-06,5.24039e-06,4.27002e-06,3.5535e-06
1.10361e-05,1.06135e-05,1.00521e-05,9.51583e-06,8.73036e-06,7.668e-06,6.76871e-06,5.99081e-06,5.10518e-06,4.1689e-06,3.45607e-06
1.07715e-05,1.03785e-05,9.82006e-06,9.29414e-06,8.54484e-06,7.494e-06,6.58636e-06,5.80649e-06,4.98657e-06,4.06041e-06,3.3735e-06
1.05658e-05,1.01809e-05,9.59662e-06,9.10031e-06,8.34423e-06,7.30014e-06,6.44724e-06,5.68841e-06,4.83816e-06,3.96163e-06,3.27339e-06
1.03097e-05,9.9447e-06,9.41529e-06,8.85778e-06,8.1811e-06,7.12484e-06,6.27548e-06,5.55206e-06,4.72525e-06,3.86336e-06,3.18676e-06
1.00805e-05,9.73879e-06,9.18121e-06,8.68446e-06,7.977e-06,6.96416e-06,6.13885e-06,5.40723e-06,4.60829e-06,3.76131e-06,3.10207e-06
9.8694e-06,9.51578e-06,9.00312e-06,8.47561e-06,7.82481e-06,6.78159e-06,5.97687e-06,5.27979e-06,4.49225e-06,3.6716e-06,3.01466e-06
9.63313e-06,9.29686e-06,8.75224e-06,8.30952e-06,7.63135e-06,6.63148e-06,5.83111e-06,5.14077e-06,4.3773e-06,3.57291e-06,2.94267e-06
9.41701e-06,9.10298e-06,8.6187e-06,8.10305e-06,7.47429e-06,6.47105e-06,5.69807e-06,5.01548e-06,4.26424e-06,3.48725e-06,2.86561e-06
9.18082e-06,8.9273e-06,8.33618e-06,7.96135e-06,7.28457e-06,6.30847e-06,5.57135e-06,4.90195e-06,4.1277e-06,3.40777e-06,2.78702e-06
9.04505e-06,8.72208e-06,8.28712e-06,7.76617e-06,7.16732e-06,6.15051e-06,5.43622e-06,4.79481e-06,4.05291e-06,3.32059e-06,2.72163e-06
8.79747e-06,8.52807e-06,8.03105e-06,7.5976e-06,6.96249e-06,6.01976e-06,5.30968e-06,4.66372e-06,3.95047e-06,3.22822e-06,2.64826e-06
8.64256e-06,8.32881e-06,7.87521e-06,7.43688e-06,6.79418e-06,5.87556e-06,5.16498e-06,4.57507e-06,3.84178e-06,3.1526e-06,2.56989e-06
8.43304e-06,8.16387e-06,7.6967e-06,7.2587e-06,6.67327e-06,5.75316e-06,5.05886e-06,4.4571e-06,3.75304e-06,3.07591e-06,2.49533e-06
8.21475e-06,7.98566e-06,7.51036e-06,7.09387e-06,6.50241e-06,5.59393e-06,4.95196e-06,4.34451e-06,3.66296e-06,2.99973e-06,2.45079e-06
8.05491e-06,7.81895e-06,7.38408e-06,6.94253e-06,6.40265e-06,5.47488e-06,4.83633e-06,4.25879e-06,3.55427e-06,2.94706e-06,2.36467e-06
7.87564e-06,7.66151e-06,7.219e-06,6.80415e-06,6.23918e-06,5.33621e-06,4.7099e-06,4.13713e-06,3.48162e-06,2.86146e-06,2.31024e-06
7.72105e-06,7.47935e-06,7.04501e-06,6.63493e-06,6.09651e-06,5.22113e-06,4.58969e-06,4.05656e-06,3.38697e-06,2.78431e-06,2.25155e-06
7.53701e-06,7.34586e-06,6.90085e-06,6.48827e-06,5.96416e-06,5.1015e-06,4.48407e-06,3.92799e-06,3.31771e-06,2.7164e-06,2.20381e-06
7.40006e-06,7.18031e-06,6.75074e-06,6.3389e-06,5.82177e-06,4.99353e-06,4.38286e-06,3.8573e-06,3.22348e-06,2.64315e-06,2.13232e-06
7.20301e-06,7.03382e-06,6.59028e-06,6.21066e-06,5.70609e-06,4.84217e-06,4.29244e-06,3.74436e-06,3.15452e-06,2.58163e-06,2.09062e-06
7.07265e-06,6.89649e-06,6.47185e-06,6.07146e-06,5.58649e-06,4.76004e-06,4.1909e-06,3.66596e-06,3.06044e-06,2.53272e-06,2.0238e-06
6.89663e-06,6.73803e-06,6.34411e-06,5.93107e-06,5.4611e-06,4.63588e-06,4.07629e-06,3.57873e-06,2.99742e-06,2.46747e-06,1.96921e-06
6.71674e-06,6.57891e-06,6.17403e-06,5.80077e-06,5.3324e-06,4.53123e-06,3.9935e-06,3.48918e-06,2.92875e-06,2.4153e-06,1.93081e-06
6.60873e-06,6.42545e-06,6.03628e-06,5.65888e-06,5.21244e-06,4.43994e-06,3.91676e-06,3.42865e-06,2.86283e-06,2.35126e-06,1.8787e-06
6.45205e-06,6.28789e-06,5.9194e-06,5.53441e-06,5.08645e-06,4.32509e-06,3.82038e-06,3.35443e-06,2.77769e-06,2.28868e-06,1.82777e-06
6.32855e-06,6.13541e-06,5.81448e-06,5.41242e-06,4.96646e-06,4.24678e-06,3.73804e-06,3.27066e-06,2.72313e-06,2.23432e-06,1.79477e-06
6.20042e-06,6.05676e-06,5.71297e-06,5.29424e-06,4.88864e-06,4.15664e-06,3.65218e-06,3.20922e-06,2.64099e-06,2.18472e-06,1.72288e-06
6.04327e-06,5.89603e-06,5.59553e-06,5.18814e-06,4.78903e-06,4.05531e-06,3.5881e-06,3.13937e-06,2.58396e-06,2.15063e-06,1.7024e-06
5.9293e-06,5.7873e-06,5.46608e-06,5.06517e-06,4.67193e-06,3.97775e-06,3.49578e-06,3.06493e-06,2.5219e-06,2.07603e-06,1.64904e-06
5.81406e-06,5.63582e-06,5.32177e-06,4.94026e-06,4.55503e-06,3.87774e-06,3.41129e-06,2.983e-06,2.46269e-06,2.03177e-06,1.59766e-06
5.67048e-06,5.56615e-06,5.22668e-06,4.83204e-06,4.4653e-06,3.78672e-06,3.32978e-06,2.92537e-06,2.39834e-06,1.97293e-06,1.55908e-06
5.58274e-06,5.41798e-06,5.1227e-06,4.74276e-06,4.36401e-06,3.70244e-06,3.2652e-06,2.84854e-06,2.34674e-06,1.944e-06,1.5228e-06
5.46031e-06,5.32829e-06,5.03115e-06,4.63717e-06,4.2921e-06,3.62649e-06,3.19205e-06,2.78449e-06,2.27702e-06,1.88937e-06,1.48056e-06
5.35445e-06,5.17313e-06,4.90923e-06,4.54078e-06,4.1795e-06,3.55835e-06,3.12535e-06,2.72408e-06,2.23742e-06,1.84703e-06,1.45152e-06
5.23596e-06,5.08981e-06,4.82136e-06,4.439e-06,4.11257e-06,3.47148e-06,3.05326e-06,2.657e-06,2.17654e-06,1.79834e-06,1.40842e-06
5.12266e-06,4.98486e-06,4.71681e-06,4.34594e-06,4.01853e-06,3.38453e-06,2.98824e-06,2.60362e-06,2.12553e-06,1.75564e-06,1.37543e-06
5.00194e-06,4.88273e-06,4.61729e-06,4.24859e-06,3.94383e-06,3.33304e-06,2.93573e-06,2.55047e-06,2.07204e-06,1.7134e-06,1.34418e-06
4.92282e-06,4.7742e-06,4.52466e-06,4.16616e-06,3.84622e-06,3.25834e-06,2.85786e-06,2.49231e-06,2.03165e-06,1.67121e-06,1.2995e-06
4.83695e-06,4.69128e-06,4.45023e-06,4.06964e-06,3.75968e-06,3.18708e-06,2.79813e-06,2.42937e-06,1.98315e-06,1.62994e-06,1.27545e-06
4.72433e-06,4.58041e-06,4.363e-06,3.97792e-06,3.68794e-06,3.13178e-06,2.74843e-06,2.38569e-06,1.93862e-06,1.60692e-06,1.23931e-06
4.62918e-06,4.49965e-06,4.27414e-06,3.8952e-06,3.6023e-06,3.07355e-06,2.68511e-06,2.32641e-06,1.88504e-06,1.54852e-06,1.20362e-06
4.55568e-06,4.42956e-06,4.19175e-06,3.81419e-06,3.54519e-06,2.99602e-06,2.62605e-06,2.27262e-06,1.84829e-06,1.51362e-06,1.18107e-06
4.46317e-06,4.32764e-06,4.10912e-06,3.73503e-06,3.46344e-06,2.93412e-06,2.56037e-06,2.22574e-06,1.79709e-06,1.48281e-06,1.1498e-06
4.37052e-06,4.22344e-06,4.03263e-06,3.65855e-06,3.38977e-06,2.87839e-06,2.51854e-06,2.1823e-06,1.75916e-06,1.45657e-06,1.12245e-06
4.30329e-06,4.16342e-06,3.94576e-06,3.58472e-06,3.31641e-06,2.81659e-06,2.45321e-06,2.12501e-06,1.7174e-06,1.40505e-06,1.09934e-06
4.20018e-06,4.0662e-06,3.85855e-06,3.52145e-06,3.25153e-06,2.75679e-06,2.41289e-06,2.08413e-06,1.68117e-06,1.38809e-06,1.06559e-06
4.12793e-06,4.02634e-06,3.79516e-06,3.44935e-06,3.19733e-06,2.69932e-06,2.35666e-06,2.03931e-06,1.63885e-06,1.35089e-06,1.0451e-06
4.03968e-06,3.91146e-06,3.72505e-06,3.36249e-06,3.11974e-06,2.65842e-06,2.31274e-06,1.99282e-06,1.60456e-06,1.32499e-06,1.01642e-06
3.97223e-06,3.86013e-06,3.646e-06,3.30781e-06,3.05759e-06,2.59048e-06,2.26784e-06,1.94823e-06,1.56278e-06,1.29605e-06,9.96292e-07
3.90462e-06,3.76848e-06,3.59435e-06,3.24116e-06,3.00096e-06,2.55163e-06,2.21538e-06,1.90509e-06,1.53841e-06,1.26405e-06,9.68658e-07
3.83213e-06,3.72548e-06,3.54413e-06,3.17525e-06,2.95763e-06,2.50372e-06,2.17622e-06,1.85799e-06,1.50119e-06,1.23423e-06,9.44046e-07
3.77687e-06,3.64076e-06,3.45451e-06,3.10323e-06,2.90396e-06,2.46968e-06,2.12998e-06,1.8306e-06,1.46019e-06,1.20276e-06,9.21525e-07
3.70213e-06,3.57092e-06,3.37513e-06,3.04968e-06,2.833e-06,2.40948e-06,2.0772e-06,1.79474e-06,1.43346e-06,1.17048e-06,9.00999e-07
3.61654e-06,3.51166e-06,3.30818e-06,3.00047e-06,2.7702e-06,2.34796e-06,2.0485e-06,1.75212e-06,1.40272e-06,1.14689e-06,8.7867e-07
3.54531e-06,3.44119e-06,3.25219e-06,2.93936e-06,2.72693e-06,2.31238e-06,2.01097e-06,1.71867e-06,1.37407e-06,1.12366e-06,8.60466e-07
3.49623e-06,3.37473e-06,3.20951e-06,2.87722e-06,2.66768e-06,2.27134e-06,1.95963e-06,1.68106e-06,1.34168e-06,1.09602e-06,8.39204e-07
3.42292e-06,3.32343e-06,3.13505e-06,2.81998e-06,2.61017e-06,2.22159e-06,1.92474e-06,1.64145e-06,1.3149e-06,1.07084e-06,8.23717e-07
3.36298e-06,3.25448e-06,3.09494e-06,2.76337e-06,2.56713e-06,2.19027e-06,1.88831e-06,1.60864e-06,1.28586e-06,1.04746e-06,8.07934e-07
3.30899e-06,3.19252e-06,3.02796e-06,2.71106e-06,2.52437e-06,2.14151e-06,1.84637e-06,1.57738e-06,1.25919e-06,1.02612e-06,7.86039e-07
3.24982e-06,3.13659e-06,2.95631e-06,2.66055e-06,2.46251e-06,2.10511e-06,1.80993e-06,1.5467e-06,1.22723e-06,1.00097e-06,7.68102e-07
3.18829e-06,3.07956e-06,2.91051e-06,2.60701e-06,2.41606e-06,2.07127e-06,1.77384e-06,1.5156e-06,1.20522e-06,9.8236e-07,7.5235e-07
3.13486e-06,3.03376e-06,2.85454e-06,2.56661e-06,2.37728e-06,2.02938e-06,1.74459e-06,1.48395e-06,1.18241e-06,9.61176e-07,7.33948e-07
3.0748e-06,2.97497e-06,2.81014e-06,2.51948e-06,2.32189e-06,1.9948e-06,1.7056e-06,1.45391e-06,1.16167e-06,9.398e-07,7.15556e-07
3.03003e-06,2.92405e-06,2.75775e-06,2.47506e-06,2.28693e-06,1.94356e-06,1.67702e-06,1.41958e-06,1.13662e-06,9.16971e-07,6.98569e-07
2.97546e-06,2.86813e-06,2.70941e-06,2.43191e-06,2.24494e-06,1.91211e-06,1.64059e-06,1.39827e-06,1.11315e-06,8.99493e-07,6.82422e-07
2.91292e-06,2.82116e-06,2.66285e-06,2.38712e-06,2.20302e-06,1.87547e-06,1.61057e-06,1.36918e-06,1.09222e-06,8.85445e-07,6.67326e-07
2.86714e-06,2.76641e-06,2.60462e-06,2.34925e-06,2.16659e-06,1.8363e-06,1.5833e-06,1.34465e-06,1.07104e-06,8.62313e-07,6.58424e-07
2.8314e-06,2.73071e-06,2.5624e-06,2.30092e-06,2.11789e-06,1.81622e-06,1.54977e-06,1.31758e-06,1.04363e-06,8.42509e-07,6.42606e-07
2.78079e-06,2.6772e-06,2.52052e-06,2.26187e-06,2.08067e-06,1.78115e-06,1.52471e-06,1.29006e-06,1.02696e-06,8.29725e-07,6.27905e-07
2.72977e-06,2.63196e-06,2.47931e-06,2.22238e-06,2.04548e-06,1.75236e-06,1.49643e-06,1.26865e-06,1.00948e-06,8.11584e-07,6.17176e-07
2.694e-06,2.58727e-06,2.43211e-06,2.17723e-06,2.00973e-06,1.72175e-06,1.46568e-06,1.2441e-06,9.88481e-07,7.97055e-07,6.0358e-07
2.64002e-06,2.54234e-06,2.3898e-06,2.14012e-06,1.9694e-06,1.68706e-06,1.43747e-06,1.21844e-06,9.67882e-07,7.78559e-07,5.89359e-07
2.58807e-06,2.48995e-06,2.34344e-06,2.10205e-06,1.92551e-06,1.64788e-06,1.41143e-06,1.19105e-06,9.47745e-07,7.62866e-07,5.77156e-07
2.55886e-06,2.45948e-06,2.31517e-06,2.06786e-06,1.90601e-06,1.63591e-06,1.38851e-06,1.1757e-06,9.30233e-07,7.49646e-07,5.65708e-07
2.51706e-06,2.41806e-06,2.27396e-06,2.03273e-06,1.8686e-06,1.60693e-06,1.36384e-06,1.15511e-06,9.12357e-07,7.33703e-07,5.54266e-07
2.47332e-06,2.38293e-06,2.22794e-06,1.9951e-06,1.82735e-06,1.57741e-06,1.33423e-06,1.13341e-06,8.96985e-07,7.15947e-07,5.44958e-07
2.4248e-06,2.3407e-06,2.18367e-06,1.96254e-06,1.80061e-06,1.54385e-06,1.31543e-06,1.11385e-06,8.80521e-07,7.04074e-07,5.35094e-07
2.39013e-06,2.29671e-06,2.15207e-06,1.93882e-06,1.76828e-06,1.51371e-06,1.29068e-06,1.08747e-06,8.64162e-07,6.93866e-07,5.21936e-07
2.34729e-06,2.25969e-06,2.11326e-06,1.89622e-06,1.74188e-06,1.49101e-06,1.2664e-06,1.06832e-06,8.48785e-07,6.77904e-07,5.12221e-07
2.30832e-06,2.2204e-06,2.07008e-06,1.86396e-06,1.70719e-06,1.46685e-06,1.24238e-06,1.05109e-06,8.3299e-07,6.63708e-07,5.03862e-07
2.27549e-06,2.18367e-06,2.03957e-06,1.83192e-06,1.67591e-06,1.4429e-06,1.22057e-06,1.03114e-06,8.17596e-07,6.51452e-07,4.92337e-07
2.23721e-06,2.1477e-06,2.00496e-06,1.79864e-06,1.65336e-06,1.41666e-06,1.19772e-06,1.00798e-06,8.00368e-07,6.39914e-07,4.81156e-07
2.19553e-06,2.10844e-06,1.9657e-06,1.77279e-06,1.61838e-06,1.38456e-06,1.17494e-06,9.93095e-07,7.86312e-07,6.27188e-07,4.72558e-07
2.16496e-06,2.08682e-06,1.94277e-06,1.73893e-06,1.59099e-06,1.37219e-06,1.15569e-06,9.74364e-07,7.71899e-07,6.14876e-07,4.64523e-07
2.13353e-06,2.04442e-06,1.91601e-06,1.71553e-06,1.56688e-06,1.34857e-06,1.13449e-06,9.59992e-07,7.5934e-07,6.0413e-07,4.53793e-07
2.10115e-06,2.01146e-06,1.87209e-06,1.68739e-06,1.53737e-06,1.32544e-06,1.11651e-06,9.42859e-07,7.47403e-07,5.93708e-07,4.4706e-07
2.06212e-06,1.97899e-06,1.84514e-06,1.65535e-06,1.51153e-06,1.30095e-06,1.09852e-06,9.25008e-07,7.32514e-07,5.82065e-07,4.38362e-07
2.02694e-06,1.94353e-06,1.81714e-06,1.63106e-06,1.48794e-06,1.27602e-06,1.07595e-06,9.07444e-07,7.18623e-07,5.71038e-07,4.29604e-07
2.00164e-06,1.91517e-06,1.78826e-06,1.60105e-06,1.46908e-06,1.26332e-06,1.06198e-06,8.94653e-07,7.0598e-07,5.61565e-07,4.22958e-07
1.96805e-06,1.88569e-06,1.74985e-06,1.57524e-06,1.44094e-06,1.23967e-06,1.04347e-06,8.80003e-07,6.939e-07,5.50249e-07,4.15712e-07
1.93705e-06,1.85181e-06,1.72591e-06,1.54937e-06,1.41378e-06,1.22106e-06,1.0255e-06,8.62486e-07,6.83384e-07,5.40452e-07,4.07882e-07
1.90384e-06,1.82879e-06,1.69242e-06,1.51967e-06,1.38948e-06,1.19992e-06,1.00676e-06,8.47164e-07,6.70158e-07,5.28777e-07,4.01776e-07
1.87392e-06,1.79472e-06,1.66649e-06,1.49811e-06,1.36638e-06,1.18013e-06,9.91922e-07,8.31991e-07,6.58567e-07,5.20455e-07,3.94564e-07
1.84384e-06,1.76735e-06,1.6386e-06,1.47642e-06,1.34619e-06,1.15832e-06,9.72562e-07,8.20504e-07,6.48882e-07,5.10478e-07,3.85178e-07
1.81589e-06,1.73765e-06,1.60908e-06,1.45269e-06,1.32482e-06,1.13622e-06,9.56876e-07,8.04131e-07,6.36526e-07,5.01465e-07,3.7821e-07
1.79114e-06,1.70961e-06,1.58599e-06,1.43043e-06,1.30497e-06,1.121e-06,9.4071e-07,7.90434e-07,6.25944e-07,4.9316e-07,3.70595e-07
1.76081e-06,1.68017e-06,1.56021e-06,1.40766e-06,1.28128e-06,1.10187e-06,9.26694e-07,7.77471e-07,6.14337e-07,4.84576e-07,3.65527e-07
1.73313e-06,1.65811e-06,1.53899e-06,1.37956e-06,1.25801e-06,1.08326e-06,9.10132e-07,7.63337e-07,6.05024e-07,4.75517e-07,3.59133e-07
1.70579e-06,1.63002e-06,1.51008e-06,1.36362e-06,1.24116e-06,1.06711e-06,8.97759e-07,7.52438e-07,5.94329e-07,4.66302e-07,3.52581e-07
1.67803e-06,1.60321e-06,1.48231e-06,1.34142e-06,1.21926e-06,1.04992e-06,8.81519e-07,7.39944e-07,5.8498e-07,4.58676e-07,3.47139e-07
1.65809e-06,1.57809e-06,1.45994e-06,1.3191e-06,1.20142e-06,1.03504e-06,8.65919e-07,7.27476e-07,5.75449e-07,4.50549e-07,3.40329e-07
1.62682e-06,1.55357e-06,1.43465e-06,1.29945e-06,1.17998e-06,1.0178e-06,8.52485e-07,7.14892e-07,5.66148e-07,4.43401e-07,3.34713e-07
1.60245e-06,1.53086e-06,1.41604e-06,1.27884e-06,1.16542e-06,1.00166e-06,8.40609e-07,7.03686e-07,5.56863e-07,4.35813e-07,3.29287e-07
1.58046e-06,1.50692e-06,1.39457e-06,1.25846e-06,1.14502e-06,9.85492e-07,8.27034e-07,6.9151e-07,5.46738e-07,4.27856e-07,3.23728e-07
1.5587e-06,1.48144e-06,1.3734e-06,1.23839e-06,1.12803e-06,9.71257e-07,8.13489e-07,6.81846e-07,5.37332e-07,4.21102e-07,3.18543e-07
1.53225e-06,1.45858e-06,1.34776e-06,1.22177e-06,1.10939e-06,9.56043e-07,8.00702e-07,6.69878e-07,5.29578e-07,4.14039e-07,3.12885e-07
1.51105e-06,1.43697e-06,1.32887e-06,1.20183e-06,1.09315e-06,9.40201e-07,7.88671e-07,6.5965e-07,5.21893e-07,4.07498e-07,3.07043e-07
1.4856e-06,1.41694e-06,1.30656e-06,1.18296e-06,1.07615e-06,9.24216e-07,7.74221e-07,6.48064e-07,5.13485e-07,3.99757e-07,3.03208e-07
1.46401e-06,1.39465e-06,1.28696e-06,1.16332e-06,1.05989e-06,9.10521e-07,7.64134e-07,6.3862e-07,5.05568e-07,3.93363e-07,2.97231e-07
1.44043e-06,1.3756e-06,1.26803e-06,1.14903e-06,1.0459e-06,8.99126e-07,7.53408e-07,6.29269e-07,4.98373e-07,3.87197e-07,2.92501e-07
1.42215e-06,1.35471e-06,1.24777e-06,1.13041e-06,1.02754e-06,8.84093e-07,7.40995e-07,6.17771e-07,4.88753e-07,3.81856e-07,2.87159e-07
1.39746e-06,1.33253e-06,1.23047e-06,1.11303e-06,1.01101e-06,8.68458e-07,7.28727e-07,6.07636e-07,4.81409e-07,3.75029e-07,2.82706e-07
1.3791e-06,1.31449e-06,1.21138e-06,1.09871e-06,9.9853e-07,8.56328e-07,7.20529e-07,5.9808e-07,4.73796e-07,3.6786e-07,2.77302e-07
1.35856e-06,1.29519e-06,1.19553e-06,1.08244e-06,9.84274e-07,8.44874e-07,7.07898e-07,5.90534e-07,4.66624e-07,3.62539e-07,2.73487e-07
1.34027e-06,1.27442e-06,1.1745e-06,1.06457e-06,9.67423e-07,8.32818e-07,6.95989e-07,5.80744e-07,4.59399e-07,3.56618e-07,2.69637e-07
1.32183e-06,1.255e-06,1.15849e-06,1.04794e-06,9.54712e-07,8.18853e-07,6.87284e-07,5.72465e-07,4.52599e-07,3.51081e-07,2.64356e-07
1.30031e-06,1.23696e-06,1.14527e-06,1.03303e-06,9.40917e-07,8.07502e-07,6.76831e-07,5.63694e-07,4.46466e-07,3.45243e-07,2.60985e-07
1.28434e-06,1.21957e-06,1.1246e-06,1.02105e-06,9.27693e-07,7.94728e-07,6.65226e-07,5.55128e-07,4.40039e-07,3.38886e-07,2.56652e-07
1.26591e-06,1.20097e-06,1.10901e-06,1.00372e-06,9.14881e-07,7.84288e-07,6.56983e-07,5.46608e-07,4.32596e-07,3.34228e-07,2.52734e-07
1.24868e-06,1.18573e-06,1.09292e-06,9.90162e-07,9.01083e-07,7.74118e-07,6.46056e-07,5.38805e-07,4.25905e-07,3.29595e-07,2.48466e-07
1.23065e-06,1.16716e-06,1.07638e-06,9.75957e-07,8.8935e-07,7.63624e-07,6.36896e-07,5.30143e-07,4.20189e-07,3.24296e-07,2.44655e-07
1.21196e-06,1.15107e-06,1.06151e-06,9.63888e-07,8.76693e-07,7.505e-07,6.27193e-07,5.21875e-07,4.14049e-07,3.1941e-07,2.40787e-07
1.19658e-06,1.13345e-06,1.04567e-06,9.48396e-07,8.60941e-07,7.39821e-07,6.17882e-07,5.13475e-07,4.07e-07,3.13808e-07,2.36799e-07
1.18291e-06,1.11644e-06,1.03413e-06,9.34163e-07,8.53457e-07,7.32096e-07,6.11547e-07,5.07481e-07,4.02026e-07,3.09314e-07,2.32495e-07
1.16463e-06,1.10061e-06,1.02003e-06,9.23822e-07,8.39129e-07,7.20234e-07,6.0029e-07,4.98808e-07,3.95433e-07,3.04624e-07,2.29101e-07
1.14992e-06,1.08737e-06,1.00632e-06,9.11089e-07,8.28751e-07,7.1023e-07,5.94659e-07,4.92287e-07,3.90045e-07,3.00497e-07,2.25757e-07
1.13336e-06,1.07108e-06,9.86331e-07,8.97949e-07,8.1615e-07,6.99128e-07,5.83049e-07,4.82806e-07,3.84222e-07,2.94528e-07,2.22591e-07
1.11723e-06,1.05638e-06,9.77283e-07,8.86762e-07,8.04195e-07,6.91089e-07,5.75627e-07,4.77458e-07,3.7857e-07,2.91035e-07,2.18989e-07
1.10159e-06,1.04204e-06,9.65122e-07,8.74019e-07,7.93754e-07,6.80965e-07,5.69319e-07,4.71681e-07,3.73274e-07,2.86813e-07,2.15358e-07
1.08934e-06,1.02764e-06,9.49634e-07,8.6384e-07,7.84215e-07,6.73381e-07,5.59827e-07,4.63757e-07,3.68275e-07,2.83005e-07,2.11757e-07
1.07346e-06,1.01415e-06,9.39972e-07,8.52469e-07,7.72031e-07,6.61965e-07,5.54016e-07,4.58426e-07,3.63504e-07,2.78094e-07,2.08745e-07
1.05841e-06,1.00008e-06,9.25825e-07,8.39925e-07,7.61342e-07,6.53906e-07,5.45418e-07,4.52375e-07,3.57884e-07,2.74045e-07,2.04999e-07
1.04437e-06,9.85443e-07,9.12572e-07,8.26847e-07,7.53018e-07,6.44691e-07,5.38241e-07,4.45353e-07,3.54403e-07,2.69868e-07,2.03078e-07
1.03288e-06,9.75065e-07,9.01775e-07,8.16977e-07,7.45279e-07,6.35915e-07,5.30523e-07,4.39034e-07,3.48226e-07,2.66435e-07,1.99251e-07
1.01858e-06,9.60534e-07,8.90185e-07,8.08208e-07,7.32467e-07,6.28218e-07,5.24412e-07,4.32883e-07,3.42877e-07,2.63211e-07,1.96075e-07
1.00574e-06,9.47244e-07,8.80175e-07,7.99229e-07,7.22843e-07,6.21954e-07,5.16923e-07,4.27301e-07,3.38086e-07,2.58435e-07,1.9243e-07
9.91728e-07,9.34152e-07,8.67895e-07,7.8753e-07,7.11662e-07,6.10988e-07,5.09563e-07,4.21787e-07,3.34162e-07,2.54459e-07,1.89748e-07
9.79465e-07,9.24889e-07,8.5476e-07,7.75943e-07,7.03746e-07,6.02727e-07,5.03369e-07,4.14166e-07,3.28749e-07,2.51882e-07,1.87291e-07
9.68838e-07,9.09933e-07,8.4614e-07,7.67295e-07,6.94436e-07,5.95399e-07,4.98056e-07,4.09453e-07,3.24459e-07,2.48243e-07,1.84388e-07
9.537e-07,9.02236e-07,8.33104e-07,7.56869e-07,6.86397e-07,5.87751e-07,4.90624e-07,4.03396e-07,3.20003e-07,2.44763e-07,1.81266e-07
9.37916e-07,8.89155e-07,8.22296e-07,7.48315e-07,6.79105e-07,5.805e-07,4.83239e-07,3.98598e-07,3.16098e-07,2.41515e-07,1.79356e-07
9.30009e-07,8.76453e-07,8.11923e-07,7.3918e-07,6.68141e-07,5.73271e-07,4.7737e-07,3.92598e-07,3.11505e-07,2.37621e-07,1.75496e-07
9.1987e-07,8.6475e-07,8.0394e-07,7.29514e-07,6.59635e-07,5.67069e-07,4.736e-07,3.87958e-07,3.0661e-07,2.35307e-07,1.73233e-07
9.08175e-07,8.55837e-07,7.93533e-07,7.19512e-07,6.52495e-07,5.582e-07,4.66582e-07,3.82855e-07,3.03389e-07,2.31635e-07,1.70606e-07
8.96988e-07,8.44203e-07,7.83182e-07,7.10394e-07,6.43189e-07,5.52779e-07,4.59553e-07,3.77721e-07,2.99059e-07,2.28146e-07,1.67868e-07
8.86005e-07,8.36391e-07,7.73975e-07,7.01998e-07,6.34154e-07,5.46152e-07,4.54051e-07,3.73566e-07,2.9444e-07,2.24787e-07,1.65546e-07
8.73929e-07,8.25083e-07,7.65068e-07,6.93254e-07,6.28785e-07,5.38158e-07,4.49939e-07,3.68263e-07,2.91561e-07,2.21631e-07,1.62923e-07
8.63633e-07,8.13687e-07,7.55316e-07,6.8265e-07,6.21806e-07,5.32044e-07,4.42648e-07,3.62969e-07,2.88022e-07,2.19505e-07,1.60859e-07
8.5554e-07,8.03646e-07,7.48339e-07,6.7796e-07,6.11666e-07,5.26199e-07,4.39173e-07,3.58679e-07,2.83494e-07,2.15236e-07,1.58294e-07
8.44194e-07,7.93203e-07,7.37314e-07,6.68371e-07,6.02114e-07,5.17367e-07,4.33375e-07,3.53185e-07,2.79052e-07,2.12645e-07,1.55604e-07
8.32755e-07,7.86632e-07,7.28151e-07,6.62098e-07,5.96577e-07,5.11636e-07,4.27448e-07,3.49528e-07,2.76023e-07,2.09372e-07,1.53747e-07
8.23024e-07,7.75301e-07,7.17919e-07,6.51961e-07,5.88205e-07,5.06816e-07,4.19329e-07,3.43205e-07,2.72057e-07,2.07082e-07,1.50935e-07
8.11793e-07,7.66685e-07,7.09945e-07,6.45451e-07,5.81712e-07,4.99959e-07,4.15674e-07,3.40156e-07,2.68665e-07,2.04065e-07,1.48982e-07
8.06127e-07,7.58373e-07,7.02529e-07,6.37259e-07,5.74907e-07,4.94171e-07,4.1162e-07,3.36086e-07,2.651e-07,2.01231e-07,1.47075e-07
7.95914e-07,7.47925e-07,6.95846e-07,6.308e-07,5.69175e-07,4.88016e-07,4.0705e-07,3.33238e-07,2.61051e-07,1.98693e-07,1.44924e-07
7.85511e-07,7.40937e-07,6.84917e-07,6.22736e-07,5.61877e-07,4.80925e-07,4.00821e-07,3.27969e-07,2.5807e-07,1.95489e-07,1.41682e-07
7.75645e-07,7.30438e-07,6.77617e-07,6.1612e-07,5.54036e-07,4.77658e-07,3.95406e-07,3.24108e-07,2.54725e-07,1.93899e-07,1.40266e-07
7.67141e-07,7.21804e-07,6.68494e-07,6.09958e-07,5.47346e-07,4.70316e-07,3.90561e-07,3.18189e-07,2.51566e-07,1.91458e-07,1.38313e-07
7.57301e-07,7.15462e-07,6.62695e-07,6.03135e-07,5.40804e-07,4.65987e-07,3.87925e-07,3.15989e-07,2.47567e-07,1.88434e-07,1.35964e-07
7.48702e-07,7.07089e-07,6.54574e-07,5.9557e-07,5.35739e-07,4.60178e-07,3.83478e-07,3.12515e-07,2.45172e-07,1.85808e-07,1.34194e-07
7.41215e-07,7.00639e-07,6.45348e-07,5.87808e-07,5.28881e-07,4.53646e-07,3.7841e-07,3.07919e-07,2.42008e-07,1.83261e-07,1.32162e-07
7.32765e-07,6.89892e-07,6.41028e-07,5.82266e-07,5.22116e-07,4.51428e-07,3.74377e-07,3.04412e-07,2.39252e-07,1.8076e-07,1.30331e-07
7.24932e-07,6.82694e-07,6.31791e-07,5.74419e-07,5.18394e-07,4.44995e-07,3.68583e-07,3.01102e-07,2.36223e-07,1.78094e-07,1.2849e-07
7.14899e-07,6.761e-07,6.2366e-07,5.69309e-07,5.09008e-07,4.39116e-07,3.6506e-07,2.95677e-07,2.31445e-07,1.7626e-07,1.26804e-07
7.05263e-07,6.69048e-07,6.17813e-07,5.64424e-07,5.05594e-07,4.34581e-07,3.60256e-07,2.92927e-07,2.28649e-07,1.74254e-07,1.24351e-07
6.9432e-07,6.58902e-07,6.09398e-07,5.55092e-07,4.983e-07,4.27755e-07,3.56275e-07,2.89616e-07,2.27302e-07,1.72723e-07,1.22319e-07
6.91207e-07,6.52836e-07,6.05356e-07,5.50699e-07,4.92791e-07,4.23705e-07,3.52763e-07,2.84804e-07,2.23764e-07,1.69113e-07,1.20592e-07
6.82079e-07,6.46155e-07,5.96145e-07,5.4365e-07,4.88376e-07,4.19971e-07,3.49146e-07,2.82914e-07,2.21157e-07,1.6737e-07,1.19121e-07
6.78849e-07,6.39743e-07,5.92218e-07,5.38733e-07,4.81017e-07,4.15779e-07,3.44619e-07,2.7921e-07,2.17883e-07,1.6485e-07,1.17172e-07
6.65858e-07,6.31963e-07,5.85332e-07,5.33425e-07,4.77084e-07,4.08803e-07,3.4035e-07,2.76787e-07,2.15966e-07,1.6161e-07,1.15463e-07
6.60433e-07,6.25893e-07,5.77161e-07,5.26449e-07,4.70263e-07,4.04671e-07,3.36657e-07,2.72687e-07,2.12437e-07,1.60613e-07,1.1345e-07
6.51267e-07,6.19792e-07,5.71073e-07,5.20532e-07,4.64104e-07,3.99739e-07,3.33105e-07,2.69307e-07,2.09606e-07,1.58378e-07,1.11821e-07
6.4573e-07,6.12043e-07,5.65257e-07,5.14032e-07,4.60461e-07,3.95862e-07,3.28592e-07,2.65805e-07,2.07294e-07,1.55843e-07,1.10675e-07
6.3791e-07,6.05221e-07,5.57915e-07,5.09594e-07,4.55116e-07,3.91511e-07,3.24653e-07,2.62431e-07,2.0488e-07,1.53902e-07,1.09178e-07
6.31817e-07,5.97338e-07,5.52818e-07,5.0426e-07,4.51555e-07,3.87664e-07,3.22064e-07,2.59787e-07,2.02154e-07,1.52635e-07,1.0776e-07
6.24912e-07,5.89778e-07,5.48221e-07,5.00208e-07,4.44514e-07,3.84455e-07,3.18027e-07,2.56715e-07,1.99794e-07,1.49898e-07,1.05797e-07
6.17498e-07,5.83581e-07,5.41108e-07,4.93982e-07,4.3802e-07,3.79795e-07,3.1444e-07,2.52911e-07,1.97166e-07,1.47971e-07,1.04454e-07
6.10182e-07,5.7763e-07,5.35399e-07,4.90135e-07,4.35175e-07,3.74044e-07,3.10005e-07,2.50682e-07,1.95694e-07,1.46128e-07,1.02646e-07
6.03584e-07,5.72823e-07,5.30497e-07,4.8293e-07,4.29922e-07,3.70082e-07,3.07479e-07,2.47081e-07,1.92109e-07,1.44165e-07,1.01278e-07
5.9615e-07,5.67448e-07,5.2342e-07,4.7749e-07,4.24958e-07,3.66736e-07,3.04372e-07,2.44362e-07,1.89446e-07,1.42761e-07,9.96033e-08
5.89905e-07,5.61439e-07,5.18579e-07,4.72796e-07,4.19903e-07,3.60947e-07,3.01113e-07,2.4085e-07,1.87946e-07,1.40209e-07,9.80991e-08
5.86023e-07,5.55201e-07,5.14197e-07,4.6708e-07,4.1574e-07,3.59565e-07,2.98523e-07,2.38117e-07,1.84959e-07,1.38363e-07,9.65733e-08
5.76305e-07,5.4863e-07,5.07504e-07,4.61642e-07,4.11271e-07,3.53461e-07,2.95071e-07,2.3528e-07,1.83122e-07,1.36655e-07,9.51232e-08
5.71319e-07,5.42983e-07,5.03834e-07,4.61507e-07,4.0656e-07,3.50585e-07,2.90612e-07,2.33707e-07,1.80473e-07,1.34808e-07,9.42201e-08
5.65923e-07,5.35949e-07,4.96404e-07,4.54279e-07,4.02613e-07,3.46554e-07,2.89315e-07,2.31149e-07,1.79189e-07,1.32647e-07,9.27793e-08
5.59934e-07,5.33211e-07,4.91524e-07,4.47631e-07,3.9871e-07,3.4233e-07,2.8419e-07,2.28098e-07,1.75714e-07,1.31383e-07,9.12304e-08
5.55123e-07,5.26825e-07,4.87173e-07,4.43139e-07,3.93768e-07,3.38685e-07,2.82426e-07,2.25737e-07,1.739e-07,1.29373e-07,8.97107e-08
5.5006e-07,5.23046e-07,4.81136e-07,4.40752e-07,3.89052e-07,3.3553e-07,2.77909e-07,2.23227e-07,1.71315e-07,1.28612e-07,8.87635e-08
5.42668e-07,5.15134e-07,4.75532e-07,4.32936e-07,3.84999e-07,3.31116e-07,2.74907e-07,2.20199e-07,1.69296e-07,1.2648e-07,8.69008e-08
5.36519e-07,5.1254e-07,4.70502e-07,4.30891e-07,3.81258e-07,3.27506e-07,2.71204e-07,2.17871e-07,1.67437e-07,1.24509e-07,8.6197e-08
