3.17589e-06,2.92814e-06,2.73076e-06,2.57459e-06,2.46481e-06,2.37368e-06,2.31086e-06,2.29197e-06,2.23763e-06,2.24298e-06,2.27212e-06
2.92362e-06,2.69623e-06,2.51556e-06,2.37393e-06,2.26642e-06,2.18754e-06,2.12724e-06,2.10065e-06,2.05495e-06,2.04743e-06,2.0791e-06
2.70078e-06,2.49542e-06,2.32763e-06,2.19999e-06,2.1054e-06,2.02061e-06,1.96134e-06,1.94044e-06,1.89267e-06,1.8863e-06,1.90705e-06
2.49698e-06,2.30732e-06,2.15642e-06,2.03994e-06,1.95046e-06,1.87383e-06,1.81741e-06,1.7899e-06,1.75249e-06,1.73928e-06,1.75711e-06
2.32769e-06,2.15107e-06,2.01337e-06,1.90614e-06,1.82278e-06,1.75099e-06,1.69769e-06,1.6674e-06,1.63524e-06,1.62086e-06,1.63397e-06
2.1821e-06,2.01849e-06,1.88969e-06,1.79078e-06,1.71306e-06,1.65056e-06,1.59463e-06,1.56333e-06,1.53412e-06,1.52372e-06,1.52948e-06
2.04575e-06,1.89203e-06,1.77478e-06,1.68178e-06,1.60885e-06,1.54874e-06,1.49967e-06,1.46789e-06,1.43933e-06,1.42944e-06,1.43437e-06
1.927e-06,1.78315e-06,1.67415e-06,1.58669e-06,1.51777e-06,1.46373e-06,1.41628e-06,1.38517e-06,1.35715e-06,1.3504e-06,1.35267e-06
1.82005e-06,1.68495e-06,1.5834e-06,1.50094e-06,1.43567e-06,1.38683e-06,1.3412e-06,1.31092e-06,1.28353e-06,1.27774e-06,1.2796e-06
1.72365e-06,1.59661e-06,1.50176e-06,1.42379e-06,1.36182e-06,1.31705e-06,1.27356e-06,1.24391e-06,1.21759e-06,1.21282e-06,1.21519e-06
1.63563e-06,1.51518e-06,1.42677e-06,1.35288e-06,1.29413e-06,1.25184e-06,1.21052e-06,1.18212e-06,1.15753e-06,1.15237e-06,1.15497e-06
1.55552e-06,1.44306e-06,1.35861e-06,1.28815e-06,1.2325e-06,1.19334e-06,1.15425e-06,1.12724e-06,1.10354e-06,1.09925e-06,1.10119e-06
1.4813e-06,1.37385e-06,1.29506e-06,1.22829e-06,1.17492e-06,1.13727e-06,1.10076e-06,1.07436e-06,1.0532e-06,1.04769e-06,1.05059e-06
1.41377e-06,1.31181e-06,1.23684e-06,1.17391e-06,1.1228e-06,1.08632e-06,1.05191e-06,1.02637e-06,1.00733e-06,1.00095e-06,1.00518e-06
1.35051e-06,1.25435e-06,1.18276e-06,1.12307e-06,1.07429e-06,1.03968e-06,1.00698e-06,9.82039e-07,9.65475e-07,9.58103e-07,9.62655e-07
1.29322e-06,1.2021e-06,1.13313e-06,1.07681e-06,1.02969e-06,9.95356e-07,9.64664e-07,9.40872e-07,9.26637e-07,9.1713e-07,9.22383e-07
1.23911e-06,1.15274e-06,1.08672e-06,1.03323e-06,9.87885e-07,9.54909e-07,9.27694e-07,9.03008e-07,8.91547e-07,8.7977e-07,8.86724e-07
1.18747e-06,1.10624e-06,1.04295e-06,9.92173e-07,9.49034e-07,9.15728e-07,8.89868e-07,8.66598e-07,8.55665e-07,8.457e-07,8.52585e-07
1.14129e-06,1.0648e-06,1.00378e-06,9.55469e-07,9.15306e-07,8.8067e-07,8.57191e-07,8.33902e-07,8.23658e-07,8.14423e-07,8.21293e-07
1.09791e-06,1.02499e-06,9.66133e-07,9.20225e-07,8.81861e-07,8.47896e-07,8.2553e-07,8.02766e-07,7.93264e-07,7.85217e-07,7.90515e-07
1.05664e-06,9.86773e-07,9.30879e-07,8.86642e-07,8.50183e-07,8.1617e-07,7.95428e-07,7.72714e-07,7.63882e-07,7.56435e-07,7.62185e-07
1.01897e-06,9.50422e-07,8.96751e-07,8.54783e-07,8.17187e-07,7.86766e-07,7.65197e-07,7.44583e-07,7.34497e-07,7.30404e-07,7.34061e-07
9.81914e-07,9.16857e-07,8.66198e-07,8.24947e-07,7.89056e-07,7.58837e-07,7.39709e-07,7.18246e-07,7.08973e-07,7.04451e-07,7.09565e-07
9.48914e-07,8.8622e-07,8.37571e-07,7.97192e-07,7.62282e-07,7.34012e-07,7.13998e-07,6.94373e-07,6.85162e-07,6.81486e-07,6.84703e-07
9.17221e-07,8.56992e-07,8.10006e-07,7.7171e-07,7.3828e-07,7.08985e-07,6.91249e-07,6.71811e-07,6.60802e-07,6.58223e-07,6.62394e-07
8.86308e-07,8.28335e-07,7.83497e-07,7.46013e-07,7.13834e-07,6.86703e-07,6.68414e-07,6.49707e-07,6.37917e-07,6.39113e-07,6.39199e-07
8.5965e-07,8.03203e-07,7.60385e-07,7.23746e-07,6.91559e-07,6.66272e-07,6.48295e-07,6.30944e-07,6.16964e-07,6.21106e-07,6.18528e-07
8.32698e-07,7.78997e-07,7.36773e-07,7.01821e-07,6.71259e-07,6.46687e-07,6.29262e-07,6.11273e-07,5.97212e-07,6.02472e-07,5.99682e-07
8.07877e-07,7.55233e-07,7.15699e-07,6.81321e-07,6.51601e-07,6.27028e-07,6.10028e-07,5.9403e-07,5.78373e-07,5.85179e-07,5.81368e-07
7.85011e-07,7.3444e-07,6.96323e-07,6.62112e-07,6.33659e-07,6.1055e-07,5.92228e-07,5.77864e-07,5.62196e-07,5.69766e-07,5.63514e-07
7.62585e-07,7.13248e-07,6.76624e-07,6.43884e-07,6.1566e-07,5.92896e-07,5.76409e-07,5.61989e-07,5.44957e-07,5.53752e-07,5.47772e-07
7.4152e-07,6.94085e-07,6.58432e-07,6.2638e-07,5.98844e-07,5.77398e-07,5.6062e-07,5.47077e-07,5.29896e-07,5.39221e-07,5.31463e-07
7.21978e-07,6.75886e-07,6.41475e-07,6.1021e-07,5.83388e-07,5.62611e-07,5.46132e-07,5.3321e-07,5.15799e-07,5.25415e-07,5.16887e-07
7.0354e-07,6.58702e-07,6.25449e-07,5.94972e-07,5.6884e-07,5.48621e-07,5.32505e-07,5.20138e-07,5.0253e-07,5.12377e-07,5.03434e-07
6.86315e-07,6.42972e-07,6.10087e-07,5.80855e-07,5.5525e-07,5.35985e-07,5.20663e-07,5.07599e-07,4.90671e-07,5.00107e-07,4.91484e-07
6.69471e-07,6.26709e-07,5.95645e-07,5.6678e-07,5.4178e-07,5.2255e-07,5.07439e-07,4.96064e-07,4.79012e-07,4.88634e-07,4.79019e-07
6.53268e-07,6.12012e-07,5.81683e-07,5.53762e-07,5.29176e-07,5.10541e-07,4.95893e-07,4.84628e-07,4.68667e-07,4.75676e-07,4.68065e-07
6.37998e-07,5.97805e-07,5.68274e-07,5.41231e-07,5.17078e-07,4.98931e-07,4.84751e-07,4.73824e-07,4.58771e-07,4.64425e-07,4.57562e-07
6.23181e-07,5.84131e-07,5.55338e-07,5.28988e-07,5.05415e-07,4.87937e-07,4.742e-07,4.63348e-07,4.49554e-07,4.5463e-07,4.477e-07
6.09216e-07,5.71212e-07,5.42978e-07,5.17436e-07,4.94347e-07,4.77073e-07,4.63878e-07,4.53637e-07,4.4033e-07,4.44633e-07,4.38086e-07
5.95231e-07,5.5806e-07,5.30622e-07,5.05908e-07,4.833e-07,4.66318e-07,4.5378e-07,4.43603e-07,4.31244e-07,4.33921e-07,4.29273e-07
5.81869e-07,5.45413e-07,5.18747e-07,4.94836e-07,4.72604e-07,4.564e-07,4.44114e-07,4.34025e-07,4.22943e-07,4.24295e-07,4.20776e-07
5.69304e-07,5.33407e-07,5.07399e-07,4.84402e-07,4.62965e-07,4.46083e-07,4.34796e-07,4.24737e-07,4.14897e-07,4.14247e-07,4.12809e-07
5.5581e-07,5.20983e-07,4.95631e-07,4.73319e-07,4.51876e-07,4.35866e-07,4.25284e-07,4.15316e-07,4.06659e-07,4.04223e-07,4.04095e-07
5.43534e-07,5.10595e-07,4.8507e-07,4.63325e-07,4.4186e-07,4.26674e-07,4.1671e-07,4.07246e-07,3.98656e-07,3.95256e-07,3.96364e-07
5.30361e-07,4.9714e-07,4.72966e-07,4.52202e-07,4.3157e-07,4.16883e-07,4.06881e-07,3.96998e-07,3.90366e-07,3.8597e-07,3.87382e-07
5.18659e-07,4.86122e-07,4.62719e-07,4.42617e-07,4.22353e-07,4.07964e-07,3.98388e-07,3.88334e-07,3.82698e-07,3.77174e-07,3.79884e-07
5.05496e-07,4.73621e-07,4.50619e-07,4.31335e-07,4.11554e-07,3.97361e-07,3.88604e-07,3.78784e-07,3.73251e-07,3.67518e-07,3.70766e-07
4.92748e-07,4.61761e-07,4.39537e-07,4.20833e-07,4.01504e-07,3.87879e-07,3.79472e-07,3.69754e-07,3.6481e-07,3.58302e-07,3.62414e-07
4.80398e-07,4.49933e-07,4.28509e-07,4.10426e-07,3.91521e-07,3.78208e-07,3.70238e-07,3.60356e-07,3.56415e-07,3.49064e-07,3.54301e-07
4.679e-07,4.38244e-07,4.17342e-07,3.99867e-07,3.81465e-07,3.68395e-07,3.61015e-07,3.5136e-07,3.47411e-07,3.39896e-07,3.45511e-07
4.56022e-07,4.26346e-07,4.06165e-07,3.89303e-07,3.71315e-07,3.6039e-07,3.51633e-07,3.41942e-07,3.38815e-07,3.33032e-07,3.36919e-07
4.44469e-07,4.1467e-07,3.95236e-07,3.79254e-07,3.62667e-07,3.48597e-07,3.42508e-07,3.32421e-07,3.29867e-07,3.21686e-07,3.29236e-07
4.30932e-07,4.02512e-07,3.8378e-07,3.68032e-07,3.51077e-07,3.38373e-07,3.32783e-07,3.23051e-07,3.20416e-07,3.12143e-07,3.19398e-07
4.18382e-07,3.90422e-07,3.72454e-07,3.57213e-07,3.40794e-07,3.28403e-07,3.23195e-07,3.13472e-07,3.11106e-07,3.02875e-07,3.10608e-07
4.06061e-07,3.82367e-07,3.60987e-07,3.46578e-07,3.30254e-07,3.18726e-07,3.13652e-07,3.06037e-07,3.02035e-07,2.93338e-07,3.01846e-07
3.92662e-07,3.66224e-07,3.49915e-07,3.35133e-07,3.18765e-07,3.08335e-07,3.03958e-07,2.94481e-07,2.92261e-07,2.84488e-07,2.92428e-07
3.80849e-07,3.5389e-07,3.38385e-07,3.24394e-07,3.09597e-07,2.97936e-07,2.94028e-07,2.84577e-07,2.83188e-07,2.75286e-07,2.83562e-07
3.68297e-07,3.41703e-07,3.27013e-07,3.13407e-07,2.99157e-07,2.87737e-07,2.84192e-07,2.7488e-07,2.73781e-07,2.66073e-07,2.74517e-07
3.56019e-07,3.29673e-07,3.15762e-07,3.02531e-07,2.88818e-07,2.77617e-07,2.74637e-07,2.65356e-07,2.64859e-07,2.57003e-07,2.65574e-07
3.44339e-07,3.17877e-07,3.046e-07,2.91725e-07,2.78613e-07,2.67337e-07,2.64886e-07,2.55867e-07,2.54866e-07,2.48303e-07,2.56575e-07
3.31404e-07,3.05602e-07,2.93244e-07,2.80692e-07,2.68117e-07,2.57322e-07,2.54896e-07,2.45971e-07,2.45802e-07,2.38667e-07,2.47219e-07
3.19242e-07,2.9364e-07,2.82073e-07,2.69868e-07,2.57825e-07,2.47271e-07,2.45145e-07,2.36373e-07,2.36534e-07,2.29727e-07,2.38055e-07
3.07441e-07,2.87638e-07,2.70772e-07,2.59404e-07,2.47283e-07,2.37857e-07,2.35606e-07,2.29944e-07,2.27545e-07,2.20322e-07,2.29161e-07
2.9523e-07,2.70079e-07,2.59966e-07,2.48378e-07,2.37374e-07,2.27367e-07,2.25774e-07,2.17317e-07,2.18115e-07,2.12136e-07,2.19974e-07
2.88265e-07,2.63617e-07,2.54466e-07,2.42673e-07,2.31975e-07,2.21914e-07,2.2038e-07,2.11777e-07,2.12606e-07,2.07027e-07,2.14764e-07
2.71804e-07,2.47171e-07,2.38277e-07,2.27253e-07,2.17305e-07,2.081e-07,2.069e-07,1.98662e-07,2.00404e-07,1.94935e-07,2.02538e-07
2.60279e-07,2.36058e-07,2.27585e-07,2.16814e-07,2.0726e-07,1.98213e-07,1.97054e-07,1.89403e-07,1.91028e-07,1.86457e-07,1.9331e-07
2.49574e-07,2.25247e-07,2.17244e-07,2.06761e-07,1.97633e-07,1.88823e-07,1.8784e-07,1.80609e-07,1.82313e-07,1.78495e-07,1.84368e-07
2.38171e-07,2.14729e-07,2.06995e-07,1.96754e-07,1.88157e-07,1.7969e-07,1.78768e-07,1.71688e-07,1.73726e-07,1.69921e-07,1.76168e-07
2.27763e-07,2.0461e-07,1.97107e-07,1.87159e-07,1.78991e-07,1.70814e-07,1.70034e-07,1.63154e-07,1.65424e-07,1.61885e-07,1.67987e-07
2.17169e-07,1.94822e-07,1.87702e-07,1.78036e-07,1.70113e-07,1.62135e-07,1.61638e-07,1.55279e-07,1.57736e-07,1.54285e-07,1.60323e-07
2.07777e-07,1.85355e-07,1.78292e-07,1.68916e-07,1.61423e-07,1.53914e-07,1.53119e-07,1.47007e-07,1.49447e-07,1.46781e-07,1.52033e-07
1.98122e-07,1.76071e-07,1.69308e-07,1.60195e-07,1.53034e-07,1.45898e-07,1.45148e-07,1.39244e-07,1.41837e-07,1.39394e-07,1.44682e-07
1.88925e-07,1.67328e-07,1.6061e-07,1.51779e-07,1.44904e-07,1.38172e-07,1.37381e-07,1.318e-07,1.34476e-07,1.3242e-07,1.37445e-07
1.79835e-07,1.59289e-07,1.52273e-07,1.43779e-07,1.37096e-07,1.30902e-07,1.29812e-07,1.24743e-07,1.27357e-07,1.25771e-07,1.30725e-07
1.71712e-07,1.51193e-07,1.44228e-07,1.35909e-07,1.2958e-07,1.23652e-07,1.22706e-07,1.17887e-07,1.20599e-07,1.19339e-07,1.23748e-07
1.63746e-07,1.43865e-07,1.3667e-07,1.28607e-07,1.22487e-07,1.16974e-07,1.15913e-07,1.11511e-07,1.14184e-07,1.13232e-07,1.17413e-07
1.56293e-07,1.37078e-07,1.29613e-07,1.21783e-07,1.15881e-07,1.1074e-07,1.09557e-07,1.05582e-07,1.08153e-07,1.07497e-07,1.11464e-07
1.49414e-07,1.30863e-07,1.23082e-07,1.15465e-07,1.09753e-07,1.04977e-07,1.03659e-07,1.00108e-07,1.0255e-07,1.0218e-07,1.05917e-07
1.43134e-07,1.25229e-07,1.17123e-07,1.09681e-07,1.04196e-07,9.97357e-08,9.83817e-08,9.51564e-08,9.74532e-08,9.72882e-08,1.00816e-07
1.37353e-07,1.20056e-07,1.11642e-07,1.0457e-07,9.90993e-08,9.48888e-08,9.33216e-08,9.0619e-08,9.27225e-08,9.27922e-08,9.59593e-08
1.32007e-07,1.1536e-07,1.06679e-07,9.97313e-08,9.4535e-08,9.04761e-08,8.89159e-08,8.65046e-08,8.83796e-08,8.86297e-08,9.19165e-08
1.27615e-07,1.11189e-07,1.02313e-07,9.55539e-08,9.04623e-08,8.65763e-08,8.49992e-08,8.29262e-08,8.46441e-08,8.50079e-08,8.79685e-08
1.23014e-07,1.07405e-07,9.83854e-08,9.17432e-08,8.67921e-08,8.31232e-08,8.14388e-08,7.95768e-08,8.1138e-08,8.16654e-08,8.47093e-08
1.19011e-07,1.03876e-07,9.47736e-08,8.83395e-08,8.35016e-08,7.99562e-08,7.81987e-08,7.6586e-08,7.79812e-08,7.86573e-08,8.17343e-08
1.15301e-07,1.00622e-07,9.14646e-08,8.52338e-08,8.0469e-08,7.71182e-08,7.53379e-08,7.38525e-08,7.50599e-08,7.5841e-08,7.87997e-08
1.11897e-07,9.7636e-08,8.84705e-08,8.23529e-08,7.77339e-08,7.45521e-08,7.27069e-08,7.13911e-08,7.24691e-08,7.33786e-08,7.62353e-08
1.08771e-07,9.49716e-08,8.57923e-08,7.97596e-08,7.52795e-08,7.22905e-08,7.0449e-08,6.91979e-08,7.01678e-08,7.11668e-08,7.38775e-08
1.05784e-07,9.23551e-08,8.32491e-08,7.7307e-08,7.30042e-08,7.0096e-08,6.8143e-08,6.70956e-08,6.79457e-08,6.90849e-08,7.17531e-08
1.02974e-07,9.00734e-08,8.09437e-08,7.51784e-08,7.09339e-08,6.80844e-08,6.6168e-08,6.52343e-08,6.59729e-08,6.70846e-08,6.95985e-08
1.00539e-07,8.79565e-08,7.88723e-08,7.32501e-08,6.90566e-08,6.62557e-08,6.43698e-08,6.3605e-08,6.42001e-08,6.53292e-08,6.80563e-08
9.80972e-08,8.59566e-08,7.69642e-08,7.14244e-08,6.73692e-08,6.46237e-08,6.28185e-08,6.20676e-08,6.25882e-08,6.37141e-08,6.63535e-08
9.58367e-08,8.40016e-08,7.52299e-08,6.98316e-08,6.58289e-08,6.31454e-08,6.12626e-08,6.06151e-08,6.11025e-08,6.22535e-08,6.47846e-08
9.38138e-08,8.2214e-08,7.36457e-08,6.83781e-08,6.44177e-08,6.1776e-08,5.99381e-08,5.92715e-08,5.97113e-08,6.08866e-08,6.34893e-08
9.18499e-08,8.04518e-08,7.20786e-08,6.68259e-08,6.30599e-08,6.04544e-08,5.86735e-08,5.80058e-08,5.84279e-08,5.95962e-08,6.21692e-08
8.98376e-08,7.87091e-08,7.05721e-08,6.53933e-08,6.17287e-08,5.91951e-08,5.74137e-08,5.67668e-08,5.71736e-08,5.82829e-08,6.09026e-08
8.78686e-08,7.70449e-08,6.90861e-08,6.40046e-08,6.04379e-08,5.79507e-08,5.61972e-08,5.55665e-08,5.59762e-08,5.71247e-08,5.96665e-08
8.60741e-08,7.53996e-08,6.76394e-08,6.26378e-08,5.917e-08,5.67436e-08,5.49992e-08,5.43813e-08,5.48086e-08,5.59607e-08,5.84798e-08
8.41397e-08,7.37764e-08,6.62357e-08,6.13074e-08,5.79452e-08,5.55837e-08,5.38745e-08,5.32567e-08,5.36762e-08,5.48163e-08,5.7304e-08
8.23784e-08,7.22589e-08,6.48681e-08,6.00223e-08,5.67322e-08,5.43976e-08,5.27543e-08,5.21363e-08,5.25662e-08,5.37069e-08,5.61953e-08
8.05556e-08,7.07699e-08,6.35327e-08,5.87515e-08,5.55582e-08,5.32944e-08,5.16681e-08,5.10611e-08,5.14906e-08,5.26421e-08,5.5101e-08
7.88893e-08,6.92373e-08,6.22745e-08,5.74992e-08,5.44049e-08,5.22078e-08,5.06554e-08,4.99915e-08,5.04292e-08,5.14627e-08,5.40237e-08
7.71354e-08,6.78571e-08,6.09554e-08,5.62973e-08,5.3271e-08,5.11321e-08,4.95495e-08,4.8971e-08,4.9402e-08,5.0547e-08,5.2976e-08
7.55382e-08,6.64073e-08,5.97104e-08,5.50855e-08,5.21575e-08,5.00553e-08,4.8537e-08,4.79428e-08,4.83967e-08,4.95295e-08,5.19277e-08
7.39691e-08,6.50275e-08,5.84837e-08,5.39239e-08,5.10699e-08,4.90277e-08,4.75448e-08,4.69502e-08,4.74031e-08,4.85303e-08,5.09355e-08
7.24092e-08,6.37473e-08,5.73706e-08,5.28463e-08,5.00863e-08,4.80747e-08,4.66285e-08,4.60419e-08,4.65098e-08,4.7608e-08,4.99873e-08
7.07647e-08,6.24288e-08,5.6205e-08,5.17341e-08,4.90509e-08,4.70832e-08,4.56742e-08,4.51004e-08,4.55741e-08,4.66633e-08,4.90016e-08
6.92765e-08,6.11132e-08,5.50625e-08,5.06385e-08,4.80311e-08,4.61165e-08,4.47375e-08,4.41619e-08,4.46351e-08,4.55316e-08,4.80633e-08
6.79296e-08,5.97334e-08,5.38103e-08,4.94522e-08,4.69226e-08,4.50698e-08,4.373e-08,4.31475e-08,4.36494e-08,4.46877e-08,4.70044e-08
6.62638e-08,5.8433e-08,5.26845e-08,4.83865e-08,4.59368e-08,4.41126e-08,4.28085e-08,4.22605e-08,4.27504e-08,4.37701e-08,4.60909e-08
6.4849e-08,5.71996e-08,5.15631e-08,4.73434e-08,4.49594e-08,4.31849e-08,4.19001e-08,4.13793e-08,4.18679e-08,4.29074e-08,4.51944e-08
6.33154e-08,5.59422e-08,5.04662e-08,4.62969e-08,4.39999e-08,4.22675e-08,4.10295e-08,4.0496e-08,4.09901e-08,4.19412e-08,4.42253e-08
6.19876e-08,5.47464e-08,4.9382e-08,4.52707e-08,4.30582e-08,4.13714e-08,4.01708e-08,3.96435e-08,4.01371e-08,4.11167e-08,4.32933e-08
6.06592e-08,5.35202e-08,4.83254e-08,4.42807e-08,4.2118e-08,4.04779e-08,3.93041e-08,3.87788e-08,3.92747e-08,3.99822e-08,4.24053e-08
5.9185e-08,5.233e-08,4.72418e-08,4.32778e-08,4.11975e-08,3.95879e-08,3.84529e-08,3.79415e-08,3.84471e-08,3.93284e-08,4.15189e-08
5.78543e-08,5.11982e-08,4.61895e-08,4.23072e-08,4.02864e-08,3.8725e-08,3.7604e-08,3.71213e-08,3.76273e-08,3.85178e-08,4.07082e-08
5.65723e-08,4.99967e-08,4.51477e-08,4.13365e-08,3.93967e-08,3.78672e-08,3.67994e-08,3.63008e-08,3.68133e-08,3.76615e-08,3.97359e-08
5.51867e-08,4.88723e-08,4.41461e-08,4.03817e-08,3.8512e-08,3.70254e-08,3.59817e-08,3.54954e-08,3.59966e-08,3.67988e-08,3.89598e-08
5.38743e-08,4.77867e-08,4.31419e-08,3.94481e-08,3.76524e-08,3.62092e-08,3.51932e-08,3.47134e-08,3.5215e-08,3.60221e-08,3.81182e-08
5.26343e-08,4.66738e-08,4.21903e-08,3.85342e-08,3.68027e-08,3.54071e-08,3.44076e-08,3.39325e-08,3.44185e-08,3.49383e-08,3.73277e-08
5.1231e-08,4.56196e-08,4.11769e-08,3.7645e-08,3.59561e-08,3.45849e-08,3.36131e-08,3.31744e-08,3.36795e-08,3.43539e-08,3.65192e-08
5.00029e-08,4.45036e-08,4.02391e-08,3.67468e-08,3.51266e-08,3.37746e-08,3.28542e-08,3.24107e-08,3.2918e-08,3.35101e-08,3.55689e-08
4.89667e-08,4.34704e-08,3.92768e-08,3.58695e-08,3.43111e-08,3.2998e-08,3.20965e-08,3.16578e-08,3.21514e-08,3.28016e-08,3.49223e-08
4.78135e-08,4.24285e-08,3.83488e-08,3.50094e-08,3.35082e-08,3.22201e-08,3.1351e-08,3.09252e-08,3.14134e-08,3.20158e-08,3.41116e-08
4.65787e-08,4.14581e-08,3.74078e-08,3.41575e-08,3.27067e-08,3.14673e-08,3.06187e-08,3.02058e-08,3.06861e-08,3.12567e-08,3.32752e-08
4.54883e-08,4.03999e-08,3.65571e-08,3.3344e-08,3.19263e-08,3.07066e-08,2.98968e-08,2.94856e-08,2.99505e-08,3.01925e-08,3.25207e-08
4.41949e-08,3.94167e-08,3.56123e-08,3.2513e-08,3.11602e-08,2.99733e-08,2.9179e-08,2.87955e-08,2.92594e-08,2.97457e-08,3.17374e-08
4.32217e-08,3.84324e-08,3.4724e-08,3.17036e-08,3.03957e-08,2.92194e-08,2.84682e-08,2.80957e-08,2.85497e-08,2.89946e-08,3.09768e-08
4.21295e-08,3.74546e-08,3.38475e-08,3.09042e-08,2.96426e-08,2.85236e-08,2.77737e-08,2.74099e-08,2.78593e-08,2.82818e-08,3.02394e-08
4.10632e-08,3.65236e-08,3.2998e-08,3.01159e-08,2.89087e-08,2.78035e-08,2.70858e-08,2.67414e-08,2.71796e-08,2.75691e-08,2.94608e-08
4.00354e-08,3.55041e-08,3.21421e-08,2.93315e-08,2.81729e-08,2.71007e-08,2.64068e-08,2.6066e-08,2.64954e-08,2.68443e-08,2.87524e-08
3.89738e-08,3.46508e-08,3.13385e-08,2.85887e-08,2.74553e-08,2.64112e-08,2.57377e-08,2.54113e-08,2.58309e-08,2.61302e-08,2.80364e-08
3.81884e-08,3.40513e-08,3.07055e-08,2.80408e-08,2.69619e-08,2.5927e-08,2.52824e-08,2.4952e-08,2.53564e-08,2.5655e-08,2.75199e-08
3.69432e-08,3.28539e-08,2.96889e-08,2.70741e-08,2.60427e-08,2.50807e-08,2.44273e-08,2.41202e-08,2.45163e-08,2.4782e-08,2.66324e-08
3.59112e-08,3.19912e-08,2.88873e-08,2.63443e-08,2.53533e-08,2.43895e-08,2.37867e-08,2.34936e-08,2.38765e-08,2.41116e-08,2.59307e-08
3.49768e-08,3.11326e-08,2.8104e-08,2.5631e-08,2.46785e-08,2.3736e-08,2.31515e-08,2.2876e-08,2.32478e-08,2.34724e-08,2.5315e-08
3.40464e-08,3.02902e-08,2.73149e-08,2.49644e-08,2.40115e-08,2.30921e-08,2.25375e-08,2.22611e-08,2.2634e-08,2.2808e-08,2.45933e-08
3.31773e-08,2.93645e-08,2.65917e-08,2.42698e-08,2.33559e-08,2.24655e-08,2.19309e-08,2.16666e-08,2.20268e-08,2.22087e-08,2.39161e-08
3.20705e-08,2.86862e-08,2.58533e-08,2.36018e-08,2.27241e-08,2.18572e-08,2.13391e-08,2.10835e-08,2.14293e-08,2.15211e-08,2.32619e-08
3.13191e-08,2.78777e-08,2.51437e-08,2.29687e-08,2.21021e-08,2.125e-08,2.07542e-08,2.05119e-08,2.08377e-08,2.09577e-08,2.26137e-08
3.04578e-08,2.71272e-08,2.44095e-08,2.23242e-08,2.14969e-08,2.07112e-08,2.01819e-08,1.9949e-08,2.02735e-08,2.03763e-08,2.20167e-08
2.96297e-08,2.64634e-08,2.37417e-08,2.17208e-08,2.08884e-08,2.00843e-08,1.96225e-08,1.94051e-08,1.97047e-08,1.97755e-08,2.13858e-08
2.87908e-08,2.56464e-08,2.30722e-08,2.1112e-08,2.03078e-08,1.95244e-08,1.90824e-08,1.88738e-08,1.91619e-08,1.92154e-08,2.07859e-08
2.80048e-08,2.48969e-08,2.24244e-08,2.05257e-08,1.97389e-08,1.89312e-08,1.855e-08,1.8356e-08,1.86152e-08,1.86545e-08,2.0206e-08
2.7299e-08,2.41049e-08,2.17751e-08,1.99637e-08,1.9197e-08,1.83877e-08,1.80294e-08,1.78334e-08,1.81083e-08,1.81574e-08,1.96091e-08
2.64496e-08,2.35176e-08,2.11073e-08,1.94003e-08,1.86416e-08,1.78655e-08,1.75276e-08,1.73371e-08,1.75897e-08,1.76462e-08,1.90465e-08
2.57201e-08,2.28388e-08,2.0547e-08,1.88621e-08,1.81045e-08,1.73877e-08,1.70214e-08,1.68486e-08,1.70755e-08,1.70688e-08,1.84649e-08
2.47654e-08,2.21759e-08,1.99543e-08,1.8308e-08,1.75828e-08,1.68858e-08,1.65266e-08,1.63704e-08,1.65856e-08,1.65297e-08,1.79229e-08
2.42187e-08,2.14763e-08,1.93642e-08,1.77954e-08,1.70679e-08,1.63898e-08,1.60508e-08,1.58918e-08,1.61025e-08,1.61103e-08,1.74068e-08
2.36165e-08,2.09109e-08,1.88122e-08,1.72677e-08,1.6573e-08,1.59103e-08,1.55844e-08,1.54346e-08,1.56341e-08,1.56483e-08,1.68932e-08
2.29089e-08,2.03013e-08,1.82656e-08,1.67385e-08,1.60951e-08,1.54448e-08,1.5134e-08,1.49936e-08,1.5179e-08,1.51852e-08,1.64049e-08
2.22174e-08,1.9725e-08,1.76576e-08,1.62962e-08,1.56305e-08,1.49993e-08,1.47011e-08,1.45566e-08,1.47313e-08,1.47225e-08,1.59092e-08
2.16787e-08,1.91376e-08,1.72159e-08,1.5822e-08,1.51775e-08,1.45577e-08,1.42767e-08,1.41302e-08,1.43081e-08,1.43681e-08,1.54007e-08
2.10776e-08,1.85851e-08,1.67131e-08,1.53764e-08,1.47494e-08,1.41335e-08,1.38559e-08,1.37245e-08,1.38909e-08,1.39499e-08,1.49522e-08
2.04986e-08,1.80528e-08,1.62331e-08,1.49347e-08,1.43196e-08,1.37248e-08,1.3462e-08,1.33336e-08,1.34777e-08,1.35212e-08,1.44649e-08
1.98925e-08,1.75537e-08,1.58007e-08,1.45179e-08,1.39233e-08,1.3401e-08,1.30919e-08,1.29594e-08,1.30943e-08,1.31472e-08,1.40653e-08
1.93562e-08,1.70555e-08,1.54135e-08,1.41286e-08,1.3521e-08,1.29758e-08,1.27148e-08,1.25931e-08,1.27126e-08,1.27809e-08,1.36613e-08
1.88491e-08,1.65318e-08,1.49109e-08,1.37187e-08,1.31539e-08,1.25979e-08,1.23663e-08,1.22413e-08,1.23507e-08,1.24332e-08,1.32674e-08
1.8366e-08,1.62587e-08,1.45112e-08,1.33549e-08,1.28039e-08,1.2257e-08,1.20332e-08,1.19129e-08,1.20099e-08,1.20961e-08,1.28962e-08
1.77926e-08,1.56863e-08,1.4216e-08,1.30187e-08,1.24567e-08,1.19245e-08,1.17154e-08,1.15901e-08,1.16874e-08,1.17723e-08,1.25346e-08
1.75393e-08,1.5295e-08,1.37641e-08,1.26756e-08,1.21437e-08,1.16131e-08,1.14009e-08,1.1287e-08,1.13771e-08,1.15161e-08,1.21853e-08
1.71015e-08,1.49135e-08,1.34053e-08,1.2351e-08,1.1834e-08,1.13103e-08,1.11109e-08,1.09932e-08,1.10755e-08,1.11735e-08,1.1848e-08
1.67066e-08,1.45315e-08,1.31548e-08,1.20691e-08,1.15337e-08,1.10346e-08,1.08378e-08,1.0714e-08,1.07928e-08,1.08941e-08,1.15274e-08
1.6364e-08,1.41915e-08,1.27502e-08,1.17607e-08,1.12653e-08,1.06938e-08,1.05714e-08,1.04527e-08,1.05222e-08,1.0634e-08,1.1252e-08
1.59885e-08,1.38399e-08,1.24601e-08,1.14825e-08,1.10003e-08,1.05041e-08,1.03152e-08,1.01976e-08,1.02597e-08,1.03857e-08,1.09781e-08
1.56681e-08,1.3527e-08,1.21788e-08,1.12782e-08,1.07516e-08,1.02751e-08,1.0077e-08,9.96012e-09,1.00207e-08,1.01166e-08,1.07284e-08
1.52978e-08,1.31991e-08,1.19061e-08,1.09086e-08,1.051e-08,1.00322e-08,9.84607e-09,9.72972e-09,9.77701e-09,9.92068e-09,1.05133e-08
1.4983e-08,1.29011e-08,1.16443e-08,1.06654e-08,1.02802e-08,9.8107e-09,9.62638e-09,9.51202e-09,9.55312e-09,9.70407e-09,1.02755e-08
1.46514e-08,1.25481e-08,1.13935e-08,1.04865e-08,1.00568e-08,9.59524e-09,9.41862e-09,9.31033e-09,9.3535e-09,9.54854e-09,9.99558e-09
1.4486e-08,1.24358e-08,1.11674e-08,1.02378e-08,9.85661e-09,9.45183e-09,9.21703e-09,9.10859e-09,9.13942e-09,9.31005e-09,9.79345e-09
1.42094e-08,1.21672e-08,1.09118e-08,1.00871e-08,9.65063e-09,9.19596e-09,9.02225e-09,8.91843e-09,8.94383e-09,9.05258e-09,9.5209e-09
1.38522e-08,1.19096e-08,1.06966e-08,9.81117e-09,9.45501e-09,9.01437e-09,8.83351e-09,8.72651e-09,8.74979e-09,8.91531e-09,9.37026e-09
1.36046e-08,1.15971e-08,1.04917e-08,9.6407e-09,9.25914e-09,8.80915e-09,8.65275e-09,8.54448e-09,8.56989e-09,8.75259e-09,9.17471e-09
1.33479e-08,1.13427e-08,1.02723e-08,9.44768e-09,9.07742e-09,8.64822e-09,8.48081e-09,8.37104e-09,8.39699e-09,8.58424e-09,8.98096e-09
1.31076e-08,1.11314e-08,1.00116e-08,9.24825e-09,8.90518e-09,8.50172e-09,8.31098e-09,8.20006e-09,8.22266e-09,8.44715e-09,8.80287e-09
1.28689e-08,1.08862e-08,9.87631e-09,9.14999e-09,8.74362e-09,8.31583e-09,8.14881e-09,8.04326e-09,8.06194e-09,8.21414e-09,8.63107e-09
1.26115e-08,1.06768e-08,9.6993e-09,8.91017e-09,8.56874e-09,8.16129e-09,7.98918e-09,7.88909e-09,7.90802e-09,8.16456e-09,8.46204e-09
1.23278e-08,1.03792e-08,9.50595e-09,8.77019e-09,8.40847e-09,8.00887e-09,7.84471e-09,7.73519e-09,7.75241e-09,7.95692e-09,8.30075e-09
1.21822e-08,1.02721e-08,9.33703e-09,8.5842e-09,8.25959e-09,7.86203e-09,7.69809e-09,7.59586e-09,7.60994e-09,7.80755e-09,8.10183e-09
1.19434e-08,1.00821e-08,9.17154e-09,8.42563e-09,8.11132e-09,7.72238e-09,7.55579e-09,7.45617e-09,7.46616e-09,7.66712e-09,7.99651e-09
1.17762e-08,9.89476e-09,8.99935e-09,8.36941e-09,7.97171e-09,7.58724e-09,7.42694e-09,7.31883e-09,7.33112e-09,7.48066e-09,7.85321e-09
1.15327e-08,9.72236e-09,8.85672e-09,8.06948e-09,7.83589e-09,7.41336e-09,7.29253e-09,7.19176e-09,7.19487e-09,7.40508e-09,7.7819e-09
1.13431e-08,9.56494e-09,8.72072e-09,7.93106e-09,7.70486e-09,7.32647e-09,7.16778e-09,7.06924e-09,7.07526e-09,7.28279e-09,7.65809e-09
1.11898e-08,9.37288e-09,8.55468e-09,7.89304e-09,7.57911e-09,7.21495e-09,7.05102e-09,6.95061e-09,6.96507e-09,7.15667e-09,7.46215e-09
1.09982e-08,9.22007e-09,8.42555e-09,7.7287e-09,7.45396e-09,7.10086e-09,6.92706e-09,6.83611e-09,6.8468e-09,7.09635e-09,7.34102e-09
1.08099e-08,9.05761e-09,8.27864e-09,7.59832e-09,7.32809e-09,6.98163e-09,6.80855e-09,6.71725e-09,6.7255e-09,6.92621e-09,7.22561e-09
1.06201e-08,8.89577e-09,8.13576e-09,7.4701e-09,7.20646e-09,6.86716e-09,6.69474e-09,6.60736e-09,6.60817e-09,6.8078e-09,7.07114e-09
1.0422e-08,8.74159e-09,7.99918e-09,7.34034e-09,7.08705e-09,6.75801e-09,6.58346e-09,6.4961e-09,6.49089e-09,6.70323e-09,7.00179e-09
1.0194e-08,8.5186e-09,7.86118e-09,7.21298e-09,6.96619e-09,6.6469e-09,6.4719e-09,6.38857e-09,6.38099e-09,6.59325e-09,6.88883e-09
1.00808e-08,8.44121e-09,7.72874e-09,7.09198e-09,6.85163e-09,6.53687e-09,6.35965e-09,6.27478e-09,6.27711e-09,6.47769e-09,6.76238e-09
9.95313e-09,8.28276e-09,7.598e-09,6.97172e-09,6.73499e-09,6.43845e-09,6.25192e-09,6.16845e-09,6.17195e-09,6.37642e-09,6.65757e-09
9.74024e-09,8.13746e-09,7.46511e-09,6.8502e-09,6.62081e-09,6.32017e-09,6.14437e-09,6.06489e-09,6.06563e-09,6.26133e-09,6.54071e-09
9.57798e-09,8.00724e-09,7.3423e-09,6.73295e-09,6.50872e-09,6.20401e-09,6.0398e-09,5.96364e-09,5.96388e-09,6.15565e-09,6.43299e-09
9.39935e-09,7.85415e-09,7.20915e-09,6.6175e-09,6.39837e-09,6.11166e-09,5.93566e-09,5.8593e-09,5.85981e-09,6.05232e-09,6.32248e-09
9.24373e-09,7.70557e-09,7.08279e-09,6.5077e-09,6.29028e-09,6.00928e-09,5.83397e-09,5.7623e-09,5.7608e-09,5.948e-09,6.17674e-09
9.03889e-09,7.57491e-09,6.9589e-09,6.3904e-09,6.18212e-09,5.91042e-09,5.73405e-09,5.66354e-09,5.65848e-09,5.84123e-09,6.10573e-09
8.9507e-09,7.43084e-09,6.83883e-09,6.28046e-09,6.07481e-09,5.80833e-09,5.63449e-09,5.56451e-09,5.56195e-09,5.748e-09,6.00429e-09
8.69884e-09,7.24712e-09,6.72046e-09,6.12032e-09,5.96865e-09,5.71349e-09,5.53599e-09,5.46702e-09,5.46301e-09,5.65313e-09,5.94309e-09
8.60134e-09,7.16632e-09,6.5977e-09,6.06261e-09,5.86618e-09,5.61371e-09,5.43855e-09,5.37304e-09,5.36907e-09,5.55197e-09,5.79605e-09
8.45281e-09,7.03671e-09,6.47774e-09,5.95594e-09,5.76356e-09,5.51695e-09,5.34318e-09,5.28139e-09,5.27466e-09,5.45532e-09,5.69499e-09
8.33054e-09,6.95147e-09,6.35947e-09,5.8355e-09,5.66485e-09,5.4243e-09,5.24927e-09,5.18641e-09,5.18296e-09,5.36038e-09,5.59668e-09
8.14665e-09,6.78488e-09,6.24103e-09,5.74769e-09,5.5621e-09,5.32744e-09,5.15556e-09,5.09617e-09,5.08976e-09,5.26508e-09,5.4967e-09
8.00653e-09,6.6676e-09,6.13461e-09,5.6485e-09,5.46445e-09,5.22859e-09,5.06477e-09,5.00858e-09,5.00046e-09,5.1705e-09,5.37299e-09
7.85434e-09,6.54007e-09,6.01791e-09,5.54416e-09,5.36595e-09,5.14185e-09,4.97409e-09,4.9167e-09,4.90804e-09,5.0796e-09,5.30248e-09
7.7235e-09,6.42565e-09,5.90342e-09,5.47894e-09,5.26924e-09,5.05034e-09,4.88521e-09,4.8294e-09,4.821e-09,4.96216e-09,5.20644e-09
7.56776e-09,6.29991e-09,5.79519e-09,5.34455e-09,5.17445e-09,4.96081e-09,4.79594e-09,4.74237e-09,4.73365e-09,4.89767e-09,5.11646e-09
7.4241e-09,6.18771e-09,5.68949e-09,5.24928e-09,5.0798e-09,4.87312e-09,4.70891e-09,4.6562e-09,4.64634e-09,4.81032e-09,5.02204e-09
7.29247e-09,6.0736e-09,5.58272e-09,5.15116e-09,4.98689e-09,4.78529e-09,4.62456e-09,4.57288e-09,4.56433e-09,4.7434e-09,4.93047e-09
7.13858e-09,5.96006e-09,5.48383e-09,5.05786e-09,4.89432e-09,4.6997e-09,4.53892e-09,4.48995e-09,4.47697e-09,4.63277e-09,4.84202e-09
7.01565e-09,5.84832e-09,5.37204e-09,4.96457e-09,4.80461e-09,4.61286e-09,4.45441e-09,4.40583e-09,4.39342e-09,4.54847e-09,4.75219e-09
6.88148e-09,5.73597e-09,5.27089e-09,4.8755e-09,4.71617e-09,4.52951e-09,4.37178e-09,4.32551e-09,4.31231e-09,4.46219e-09,4.64201e-09
6.75108e-09,5.63042e-09,5.16863e-09,4.78239e-09,4.62757e-09,4.44571e-09,4.29114e-09,4.24465e-09,4.23123e-09,4.37885e-09,4.5761e-09
6.62059e-09,5.5254e-09,5.06453e-09,4.69397e-09,4.54227e-09,4.36303e-09,4.2136e-09,4.16569e-09,4.15037e-09,4.29488e-09,4.49196e-09
6.48777e-09,5.42303e-09,4.97384e-09,4.58612e-09,4.45596e-09,4.28433e-09,4.1328e-09,4.08781e-09,4.07163e-09,4.21377e-09,4.42302e-09
6.36352e-09,5.31541e-09,4.87481e-09,4.51926e-09,4.37145e-09,4.20332e-09,4.05466e-09,4.01134e-09,3.99596e-09,4.13209e-09,4.32293e-09
6.24539e-09,5.21524e-09,4.78237e-09,4.4337e-09,4.28843e-09,4.12575e-09,3.97853e-09,3.93644e-09,3.92026e-09,4.06571e-09,4.23945e-09
6.12805e-09,5.11411e-09,4.68791e-09,4.34989e-09,4.20649e-09,4.04855e-09,3.90276e-09,3.86269e-09,3.84408e-09,3.97411e-09,4.16333e-09
6.00263e-09,5.0189e-09,4.59717e-09,4.26823e-09,4.12558e-09,3.9715e-09,3.831e-09,3.78852e-09,3.77015e-09,3.89501e-09,4.08129e-09
5.88023e-09,4.91853e-09,4.50896e-09,4.1873e-09,4.04742e-09,3.89909e-09,3.75688e-09,3.71624e-09,3.69756e-09,3.82175e-09,4.00249e-09
5.76799e-09,4.82536e-09,4.41726e-09,4.10644e-09,3.97029e-09,3.82231e-09,3.68379e-09,3.6452e-09,3.62533e-09,3.74864e-09,3.91971e-09
5.6566e-09,4.73116e-09,4.33241e-09,4.02738e-09,3.89178e-09,3.74944e-09,3.61322e-09,3.5759e-09,3.55402e-09,3.67232e-09,3.84594e-09
5.54286e-09,4.64068e-09,4.24519e-09,3.95036e-09,3.81724e-09,3.67645e-09,3.5439e-09,3.50613e-09,3.48378e-09,3.59868e-09,3.76842e-09
5.42285e-09,4.54982e-09,4.16481e-09,3.87655e-09,3.74384e-09,3.60634e-09,3.47751e-09,3.43806e-09,3.41604e-09,3.52466e-09,3.69606e-09
5.32414e-09,4.462e-09,4.07798e-09,3.79979e-09,3.67053e-09,3.53601e-09,3.40727e-09,3.37175e-09,3.34857e-09,3.45427e-09,3.61971e-09
5.21706e-09,4.37534e-09,3.99756e-09,3.72668e-09,3.59861e-09,3.46744e-09,3.34154e-09,3.30638e-09,3.28273e-09,3.38546e-09,3.54684e-09
5.11278e-09,4.2911e-09,3.9156e-09,3.65503e-09,3.52787e-09,3.40111e-09,3.27738e-09,3.24184e-09,3.2177e-09,3.31502e-09,3.47291e-09
5.0077e-09,4.20667e-09,3.83896e-09,3.58398e-09,3.46201e-09,3.33201e-09,3.21226e-09,3.17843e-09,3.15169e-09,3.24798e-09,3.40305e-09
4.90799e-09,4.12424e-09,3.75723e-09,3.5142e-09,3.39231e-09,3.26751e-09,3.15128e-09,3.11547e-09,3.09318e-09,3.17685e-09,3.33373e-09
4.80622e-09,4.0457e-09,3.68584e-09,3.44557e-09,3.32535e-09,3.20303e-09,3.0873e-09,3.05414e-09,3.02712e-09,3.11456e-09,3.26351e-09
4.71292e-09,3.96769e-09,3.61112e-09,3.37871e-09,3.25926e-09,3.13837e-09,3.02805e-09,2.99307e-09,2.96364e-09,3.04712e-09,3.19073e-09
4.61327e-09,3.88771e-09,3.53708e-09,3.31204e-09,3.1947e-09,3.07724e-09,2.96495e-09,2.9331e-09,2.9038e-09,2.98717e-09,3.12636e-09
4.52477e-09,3.81193e-09,3.46502e-09,3.24733e-09,3.13137e-09,3.01558e-09,2.90588e-09,2.87407e-09,2.84479e-09,2.9244e-09,3.05888e-09
4.4248e-09,3.73527e-09,3.39452e-09,3.18295e-09,3.06891e-09,2.95578e-09,2.84541e-09,2.81648e-09,2.78543e-09,2.86351e-09,2.99402e-09
4.32615e-09,3.6629e-09,3.32735e-09,3.12069e-09,3.00738e-09,2.89333e-09,2.79161e-09,2.75925e-09,2.72578e-09,2.80357e-09,2.9291e-09
4.24232e-09,3.59102e-09,3.25681e-09,3.05897e-09,2.94809e-09,2.83756e-09,2.73432e-09,2.70352e-09,2.6722e-09,2.7422e-09,2.86622e-09
4.15924e-09,3.52061e-09,3.19083e-09,2.99931e-09,2.89076e-09,2.78254e-09,2.67972e-09,2.64848e-09,2.61877e-09,2.68144e-09,2.80366e-09
4.06637e-09,3.45265e-09,3.12137e-09,2.94061e-09,2.8332e-09,2.72397e-09,2.62594e-09,2.59466e-09,2.56481e-09,2.62405e-09,2.74098e-09
3.99353e-09,3.38696e-09,3.06159e-09,2.88263e-09,2.77593e-09,2.67091e-09,2.57365e-09,2.5433e-09,2.51073e-09,2.56874e-09,2.68178e-09
3.90321e-09,3.32099e-09,3.00027e-09,2.82628e-09,2.72106e-09,2.61677e-09,2.52215e-09,2.49134e-09,2.45831e-09,2.51241e-09,2.62298e-09
3.81856e-09,3.26103e-09,2.94517e-09,2.77211e-09,2.66827e-09,2.5636e-09,2.47312e-09,2.44015e-09,2.40734e-09,2.46003e-09,2.56564e-09
3.74854e-09,3.197e-09,2.88251e-09,2.71733e-09,2.61706e-09,2.514e-09,2.42165e-09,2.3929e-09,2.36124e-09,2.40314e-09,2.51153e-09
3.66852e-09,3.13695e-09,2.82488e-09,2.66575e-09,2.56461e-09,2.46426e-09,2.37274e-09,2.3453e-09,2.31311e-09,2.35221e-09,2.45161e-09
3.59703e-09,3.07629e-09,2.76965e-09,2.61558e-09,2.51631e-09,2.41672e-09,2.32948e-09,2.29858e-09,2.26668e-09,2.30526e-09,2.40221e-09
3.52538e-09,3.02105e-09,2.71394e-09,2.56527e-09,2.46532e-09,2.36823e-09,2.28399e-09,2.25248e-09,2.22301e-09,2.25436e-09,2.34621e-09
3.45636e-09,2.96337e-09,2.66294e-09,2.51828e-09,2.42121e-09,2.32425e-09,2.24025e-09,2.20967e-09,2.17612e-09,2.2087e-09,2.29567e-09
3.38895e-09,2.90864e-09,2.61259e-09,2.47121e-09,2.37584e-09,2.27823e-09,2.19628e-09,2.16588e-09,2.13215e-09,2.15932e-09,2.25102e-09
3.3255e-09,2.8544e-09,2.56104e-09,2.42619e-09,2.33039e-09,2.23479e-09,2.15448e-09,2.12356e-09,2.09119e-09,2.11386e-09,2.1997e-09
3.26234e-09,2.8023e-09,2.51284e-09,2.38267e-09,2.28723e-09,2.19334e-09,2.11398e-09,2.08335e-09,2.05024e-09,2.07003e-09,2.15562e-09
3.20171e-09,2.75471e-09,2.46739e-09,2.34053e-09,2.24429e-09,2.1524e-09,2.07473e-09,2.04382e-09,2.0123e-09,2.03052e-09,2.10643e-09
3.13463e-09,2.70418e-09,2.41768e-09,2.30014e-09,2.20596e-09,2.11061e-09,2.03617e-09,2.00623e-09,1.97459e-09,1.98465e-09,2.06191e-09
3.0845e-09,2.65494e-09,2.37919e-09,2.25921e-09,2.1682e-09,2.07562e-09,1.99387e-09,1.9701e-09,1.93587e-09,1.94583e-09,2.01639e-09
3.02533e-09,2.61038e-09,2.3351e-09,2.22105e-09,2.12868e-09,2.03755e-09,1.96292e-09,1.93199e-09,1.89831e-09,1.90991e-09,1.97428e-09
2.97607e-09,2.56398e-09,2.2952e-09,2.18345e-09,2.09206e-09,2.00483e-09,1.92841e-09,1.89872e-09,1.86641e-09,1.87269e-09,1.93906e-09
2.92015e-09,2.52172e-09,2.25573e-09,2.148e-09,2.05622e-09,1.96592e-09,1.89376e-09,1.86408e-09,1.82995e-09,1.83628e-09,1.89563e-09
2.86823e-09,2.47969e-09,2.21823e-09,2.11239e-09,2.02129e-09,1.93246e-09,1.86066e-09,1.83129e-09,1.79675e-09,1.80115e-09,1.85731e-09
2.81329e-09,2.43953e-09,2.18281e-09,2.07799e-09,1.98932e-09,1.89989e-09,1.82842e-09,1.80009e-09,1.76511e-09,1.7656e-09,1.82529e-09
2.76234e-09,2.40087e-09,2.1441e-09,2.04437e-09,1.95982e-09,1.86304e-09,1.79901e-09,1.76756e-09,1.73318e-09,1.73554e-09,1.78547e-09
2.72402e-09,2.36181e-09,2.10934e-09,2.01131e-09,1.92295e-09,1.83678e-09,1.76633e-09,1.73868e-09,1.70072e-09,1.70733e-09,1.75175e-09
2.68033e-09,2.32311e-09,2.07454e-09,1.98089e-09,1.8888e-09,1.80592e-09,1.73934e-09,1.70986e-09,1.67397e-09,1.67118e-09,1.7145e-09
2.63298e-09,2.28509e-09,2.04e-09,1.94915e-09,1.86271e-09,1.77732e-09,1.71009e-09,1.68085e-09,1.64476e-09,1.6432e-09,1.68285e-09
2.59113e-09,2.25545e-09,2.01035e-09,1.91815e-09,1.83559e-09,1.74972e-09,1.68214e-09,1.65524e-09,1.61821e-09,1.60839e-09,1.64977e-09
2.54978e-09,2.21925e-09,1.97649e-09,1.88924e-09,1.80515e-09,1.72128e-09,1.65544e-09,1.62695e-09,1.59238e-09,1.58326e-09,1.61873e-09
2.50722e-09,2.18646e-09,1.94598e-09,1.86092e-09,1.77526e-09,1.69478e-09,1.62958e-09,1.60145e-09,1.5688e-09,1.5629e-09,1.59396e-09
2.4643e-09,2.15301e-09,1.91775e-09,1.83325e-09,1.75595e-09,1.66252e-09,1.60483e-09,1.5758e-09,1.53827e-09,1.5312e-09,1.55911e-09
2.43226e-09,2.12382e-09,1.88577e-09,1.80637e-09,1.72397e-09,1.64268e-09,1.5785e-09,1.5498e-09,1.51547e-09,1.50342e-09,1.52965e-09
2.39714e-09,2.09408e-09,1.85799e-09,1.78019e-09,1.69782e-09,1.61741e-09,1.55897e-09,1.52687e-09,1.49245e-09,1.47289e-09,1.50686e-09
2.36337e-09,2.05918e-09,1.83113e-09,1.75373e-09,1.67336e-09,1.59256e-09,1.53011e-09,1.50377e-09,1.46838e-09,1.45391e-09,1.47423e-09
2.32443e-09,2.02821e-09,1.80327e-09,1.72838e-09,1.64844e-09,1.56856e-09,1.50715e-09,1.48053e-09,1.44647e-09,1.42963e-09,1.45356e-09
2.28863e-09,2.00046e-09,1.77649e-09,1.70305e-09,1.62383e-09,1.54606e-09,1.48434e-09,1.45938e-09,1.42262e-09,1.406e-09,1.42216e-09
2.24892e-09,1.96738e-09,1.75479e-09,1.68155e-09,1.60179e-09,1.52446e-09,1.4638e-09,1.43624e-09,1.39802e-09,1.39296e-09,1.39599e-09
2.22015e-09,1.94276e-09,1.72733e-09,1.65647e-09,1.57701e-09,1.5009e-09,1.44117e-09,1.4156e-09,1.3807e-09,1.35787e-09,1.37162e-09
2.19092e-09,1.91619e-09,1.70087e-09,1.63253e-09,1.5544e-09,1.47927e-09,1.41948e-09,1.3942e-09,1.35865e-09,1.33744e-09,1.35004e-09
2.163e-09,1.88938e-09,1.67828e-09,1.61054e-09,1.5327e-09,1.45702e-09,1.39963e-09,1.37255e-09,1.33966e-09,1.31562e-09,1.33074e-09
2.13001e-09,1.86664e-09,1.654e-09,1.58748e-09,1.51133e-09,1.43713e-09,1.37884e-09,1.35467e-09,1.31965e-09,1.2953e-09,1.30263e-09
2.10077e-09,1.83858e-09,1.62919e-09,1.56659e-09,1.49204e-09,1.41692e-09,1.35941e-09,1.33489e-09,1.301e-09,1.27304e-09,1.28315e-09
2.06995e-09,1.81495e-09,1.60785e-09,1.54508e-09,1.46954e-09,1.39695e-09,1.33999e-09,1.31614e-09,1.28149e-09,1.25667e-09,1.26046e-09
2.04513e-09,1.78008e-09,1.58757e-09,1.52294e-09,1.45027e-09,1.37812e-09,1.32229e-09,1.29887e-09,1.26366e-09,1.23576e-09,1.23917e-09
2.01731e-09,1.76292e-09,1.56669e-09,1.50386e-09,1.42993e-09,1.3591e-09,1.30405e-09,1.2804e-09,1.24443e-09,1.21429e-09,1.22725e-09
1.98788e-09,1.74049e-09,1.54521e-09,1.48386e-09,1.41099e-09,1.34088e-09,1.28542e-09,1.2626e-09,1.2281e-09,1.19583e-09,1.201e-09
1.96281e-09,1.71975e-09,1.52439e-09,1.46457e-09,1.39207e-09,1.32418e-09,1.26856e-09,1.24557e-09,1.21237e-09,1.17772e-09,1.17753e-09
1.93777e-09,1.69274e-09,1.50551e-09,1.44549e-09,1.37377e-09,1.30567e-09,1.25132e-09,1.2271e-09,1.1948e-09,1.16409e-09,1.1637e-09
1.91041e-09,1.67578e-09,1.48497e-09,1.42835e-09,1.35634e-09,1.28997e-09,1.23519e-09,1.21281e-09,1.179e-09,1.14631e-09,1.14446e-09
1.88716e-09,1.65313e-09,1.46798e-09,1.41096e-09,1.33806e-09,1.27177e-09,1.21988e-09,1.19814e-09,1.16559e-09,1.13048e-09,1.13318e-09
