0.0109622,0.0108559,0.0106469,0.0103277,0.00991174,0.00940324,0.00881937,0.00817969,0.00751075,0.00683288,0.00616467
0.010253,0.0101559,0.00996136,0.00966556,0.00927899,0.008803,0.00825524,0.00765438,0.00702267,0.00638277,0.00575141
0.00958553,0.00949442,0.00931577,0.00904237,0.00868089,0.00823631,0.00772268,0.00715802,0.00656313,0.0059586,0.005361
0.00896327,0.00887964,0.00871315,0.0084586,0.00812166,0.00770564,0.0072242,0.00669323,0.00613259,0.00556346,0.00499917
0.00843205,0.00835368,0.00819731,0.00795872,0.00764172,0.00725002,0.00679587,0.00629443,0.00576403,0.0052248,0.00468974
0.00796278,0.0078888,0.00774065,0.00751558,0.0072161,0.00684519,0.00641554,0.00594064,0.0054372,0.00492463,0.00441607
0.00750885,0.007439,0.00729957,0.00708724,0.00680408,0.00645417,0.00604768,0.00559812,0.00512139,0.00463552,0.0041525
0.00710997,0.00704382,0.00691133,0.00670949,0.00644094,0.00610881,0.00572336,0.00529637,0.00484291,0.00438102,0.0039208
0.00673308,0.00666993,0.00654399,0.00635257,0.00609728,0.00578211,0.00541591,0.00501052,0.00458003,0.00414011,0.00370212
0.00639612,0.00633537,0.00621493,0.00603299,0.00578939,0.00548934,0.00514069,0.00475495,0.00434439,0.00392515,0.00350706
0.00608008,0.00602215,0.00590786,0.00573308,0.00550126,0.00521512,0.0048831,0.0045155,0.00412453,0.00372397,0.00332456
0.00578933,0.00573427,0.0056229,0.00545762,0.00523573,0.0049628,0.00464616,0.00429477,0.00392226,0.00353893,0.00315767
0.00550611,0.00545315,0.00534783,0.00518849,0.00497694,0.00471671,0.00441471,0.00408045,0.00372457,0.00335924,0.00299445
0.00525294,0.00520151,0.00510107,0.0049482,0.00474563,0.00449685,0.00420824,0.00388878,0.00354873,0.00319889,0.00284957
0.00500772,0.00495869,0.00486155,0.00471537,0.00452195,0.0042842,0.00400871,0.00370362,0.00337854,0.00304402,0.00270982
0.0047895,0.00474222,0.00464885,0.00450849,0.00432311,0.00409533,0.00383138,0.00353974,0.0032278,0.00290718,0.00258613
0.00458308,0.00453752,0.00444803,0.00431365,0.00413615,0.00391754,0.00366481,0.00338465,0.00308584,0.00277805,0.00246968
0.00438166,0.00433787,0.00425206,0.00412296,0.00395236,0.0037434,0.00350139,0.00323349,0.00294732,0.00265208,0.00235625
0.0041934,0.0041518,0.00406856,0.00394492,0.00378142,0.00358126,0.00334945,0.00309258,0.00281857,0.00253476,0.00225063
0.00401965,0.00397939,0.00389937,0.00378062,0.00362384,0.00343197,0.00320947,0.00296325,0.00269976,0.00242705,0.00215383
0.00385081,0.00381238,0.00373553,0.00362175,0.00347148,0.00328747,0.00307432,0.00283792,0.00258539,0.00232319,0.00206021
0.00369528,0.00365765,0.00358497,0.0034753,0.00333104,0.00315451,0.00294976,0.00272302,0.00248,0.00222785,0.00197439
0.00354748,0.00351188,0.00344056,0.0033362,0.00319801,0.00302848,0.00283203,0.00261382,0.00238017,0.00213725,0.00189314
0.00340641,0.00337176,0.00330455,0.00320357,0.00307126,0.00290858,0.00271982,0.00251062,0.0022852,0.00205182,0.00181606
0.00327003,0.0032374,0.00317225,0.00307563,0.00294885,0.00279287,0.00261165,0.0024104,0.00219407,0.00196891,0.00174188
0.00313823,0.00310669,0.00304405,0.00295215,0.00283038,0.00268084,0.00250707,0.0023138,0.00210584,0.00188903,0.00167025
0.00301918,0.00298878,0.00292858,0.00284047,0.00272381,0.00258009,0.00241321,0.0022271,0.00202679,0.00181736,0.00160607
0.00290368,0.00287477,0.00281683,0.00273227,0.00262043,0.00248255,0.00232194,0.0021431,0.00194966,0.0017478,0.00154374
0.00279216,0.00276448,0.00270909,0.00262823,0.00252096,0.00238862,0.00223449,0.00206224,0.00187608,0.00168131,0.00148398
0.00269008,0.00266355,0.0026108,0.00253352,0.0024299,0.00230285,0.00215433,0.00198832,0.00180888,0.00162054,0.00142963
0.00258809,0.00256269,0.00251167,0.00243711,0.00233905,0.00221663,0.00207429,0.00191447,0.00174121,0.00155935,0.00137477
0.00248978,0.00246542,0.00241686,0.00234567,0.00225117,0.00213419,0.00199715,0.00184345,0.00167657,0.00150099,0.00132262
0.00239702,0.00237373,0.00232726,0.00225922,0.00216872,0.00205635,0.00192465,0.00177664,0.00161558,0.00144594,0.00127343
0.00231033,0.00228802,0.00224339,0.00217824,0.00209156,0.00198354,0.00185692,0.00171405,0.00155855,0.00139441,0.00122751
0.00222691,0.00220577,0.00216304,0.00210045,0.00201756,0.00191379,0.00179178,0.00165432,0.00150396,0.00134527,0.00118335
0.00214645,0.00212596,0.00208526,0.0020255,0.00194576,0.00184622,0.00172886,0.0015962,0.0014512,0.0012977,0.00114086
0.00206879,0.00204933,0.00201053,0.00195329,0.00187696,0.00178127,0.00166831,0.00154051,0.00140035,0.00125181,0.0011
0.00199478,0.00197641,0.00193959,0.00188459,0.00181131,0.00171969,0.00161071,0.00148735,0.00135195,0.00120815,0.0010611
0.00192477,0.00190709,0.00187196,0.00181857,0.00174911,0.00166104,0.00155597,0.00143708,0.00130602,0.00116697,0.00102409
0.00185827,0.00184143,0.0018076,0.00175709,0.00168972,0.00160504,0.00150405,0.001389,0.00126247,0.00112755,0.000989256
0.00179042,0.00177452,0.00174225,0.00169413,0.00162961,0.00154836,0.00145121,0.00134045,0.0012181,0.00108761,0.000953663
0.00172811,0.00171279,0.00168208,0.00163565,0.00157426,0.00149623,0.00140253,0.00129566,0.00117728,0.00105094,0.000920877
0.00166841,0.00165412,0.00162456,0.00158068,0.00152128,0.00144643,0.00135622,0.00125276,0.00113829,0.00101587,0.000889702
0.00160994,0.00159614,0.00156812,0.00152603,0.00146937,0.00139722,0.00131034,0.00121057,0.00109998,0.000981345,0.000858877
0.00155674,0.0015437,0.00151669,0.00147667,0.00142212,0.00135252,0.0012688,0.00117218,0.00106501,0.000949793,0.000831093
0.00150092,0.0014884,0.00146234,0.00142435,0.00137227,0.00130552,0.00122517,0.00113215,0.00102845,0.000916918,0.000801688
0.00145079,0.00143906,0.00141474,0.00137789,0.00132791,0.00126368,0.00118612,0.00109604,0.000995708,0.000887581,0.000775514
0.00140009,0.00138887,0.00136499,0.00133063,0.0012826,0.00122083,0.00114626,0.00105935,0.000962223,0.000857409,0.000748806
0.00135273,0.00134185,0.0013187,0.00128603,0.0012402,0.00118099,0.00110898,0.0010252,0.000931126,0.000829353,0.000723906
0.00130829,0.00129799,0.00127642,0.0012447,0.00120077,0.00114362,0.0010742,0.000993001,0.000901953,0.0008031,0.000700558
0.00126342,0.00125367,0.00123251,0.00120274,0.00116061,0.0011059,0.00103893,0.000960627,0.000872301,0.000776547,0.000677071
0.00122219,0.00121276,0.00119303,0.00116389,0.00112384,0.00107108,0.00100639,0.000930709,0.000844977,0.00075213,0.000655316
0.00118169,0.00117281,0.001154,0.00112641,0.0010877,0.00103701,0.000974738,0.00090126,0.000818275,0.00072823,0.00063401
0.00114131,0.001133,0.00111507,0.00108873,0.00105169,0.00100289,0.000942903,0.000872006,0.000791626,0.00070419,0.000612865
0.00110271,0.00109484,0.00107778,0.0010527,0.00101721,0.00097034,0.000912482,0.000843927,0.000766107,0.000681277,0.000592582
0.00106786,0.00106033,0.00104409,0.00101998,0.000985961,0.000940813,0.000884848,0.000818566,0.000742976,0.000660538,0.000574218
0.00103222,0.00102515,0.00100967,0.000986755,0.000954115,0.000910652,0.000856776,0.000792563,0.000719314,0.000639291,0.00055549
0.0009979,0.000991191,0.000976488,0.000954607,0.000923379,0.000881585,0.000829597,0.000767507,0.000696538,0.000618877,0.000537377
0.000964974,0.0009586,0.000944585,0.000923755,0.000893802,0.000853652,0.000803476,0.000743409,0.000674603,0.000599197,0.000520015
0.000934445,0.000928375,0.000915053,0.000895145,0.000866364,0.000827701,0.000779254,0.000721059,0.000654249,0.000580948,0.000503897
0.000905188,0.000899472,0.000886659,0.000867898,0.000840142,0.000802786,0.000755957,0.000699505,0.000634687,0.000563409,0.000488431
0.000874961,0.000869562,0.000857477,0.000839331,0.000812924,0.000777069,0.000731905,0.000677387,0.000614502,0.000545314,0.00047245
0.000846363,0.000841247,0.0008298,0.000812524,0.000787208,0.000752772,0.000709137,0.000656357,0.000595436,0.000528202,0.00045737
0.000819582,0.000814709,0.000803851,0.000787286,0.000763024,0.000729874,0.00068768,0.000636661,0.000577419,0.000512109,0.00044315
0.000793601,0.000789037,0.000778739,0.000762972,0.000739677,0.000707731,0.00066701,0.000617458,0.000559999,0.000496501,0.000429417
0.000768734,0.000764482,0.000754643,0.000739607,0.000717214,0.000686482,0.000647118,0.000599092,0.000543268,0.000481544,0.000416246
0.000744427,0.000740325,0.000731068,0.000716674,0.000695227,0.000665605,0.000627584,0.000581077,0.00052686,0.000466844,0.000403304
0.000720787,0.000716922,0.000708109,0.000694448,0.000673872,0.000645396,0.000608617,0.000563554,0.000510941,0.000452612,0.000390746
0.000698918,0.000695271,0.000686963,0.000673856,0.000654119,0.000626643,0.000591054,0.000547311,0.000496185,0.000439431,0.000379086
0.000676446,0.00067301,0.00066511,0.000652644,0.000633719,0.000607293,0.000572919,0.000530567,0.000480943,0.000425766,0.000367133
0.000655303,0.000652123,0.000644644,0.000632751,0.000614574,0.000589135,0.000555897,0.000514853,0.000466632,0.000412979,0.000355874
0.000635471,0.000632484,0.000625369,0.000614003,0.000596541,0.000572017,0.00053985,0.000500044,0.000453134,0.000400863,0.000345305
0.00061544,0.000612626,0.000605973,0.000595118,0.000578407,0.000554758,0.000523691,0.000485085,0.000439559,0.000388805,0.000334613
0.000596295,0.000593668,0.000587365,0.000576997,0.000561023,0.00053825,0.000508164,0.000470754,0.000426522,0.00037713,0.000324424
0.00057796,0.000575491,0.000569539,0.000559692,0.00054433,0.00052239,0.000493305,0.000457012,0.000414004,0.000365945,0.000314588
0.000560617,0.000558288,0.000552675,0.000543293,0.000528503,0.000507364,0.0004792,0.00044399,0.000402146,0.000355368,0.000305334
0.000543181,0.000540998,0.000535715,0.000526739,0.000512582,0.000492243,0.000464979,0.000430844,0.000390202,0.000344684,0.000295975
0.000526592,0.000524581,0.000519597,0.000511046,0.000497501,0.00047785,0.000451482,0.000418362,0.000378856,0.00033454,0.000287057
0.000510909,0.000508974,0.000504296,0.000496149,0.00048307,0.00046418,0.000438657,0.000406485,0.000368047,0.000324887,0.000278655
0.00049522,0.000493446,0.000489056,0.000481289,0.000468786,0.000450555,0.000425825,0.000394655,0.000357279,0.000315293,0.00027023
0.000480587,0.00047891,0.000474811,0.000467376,0.000455394,0.000437775,0.000413869,0.000383563,0.000347194,0.00030627,0.000262355
0.00046609,0.000464539,0.00046067,0.000453614,0.00044211,0.000425155,0.000401977,0.000372562,0.000337184,0.000297359,0.000254564
0.000452278,0.000450893,0.000447229,0.000440507,0.000429454,0.000413097,0.000390618,0.000362085,0.00032765,0.000288854,0.000247105
0.000438987,0.000437671,0.000434268,0.000427866,0.000417254,0.000401486,0.000379668,0.000351969,0.000318471,0.000280695,0.000239937
0.000425927,0.000424724,0.000421497,0.000415413,0.000405214,0.000389995,0.000368909,0.000341978,0.000309358,0.000272559,0.000232862
0.00041353,0.000412399,0.000409391,0.000403592,0.000393856,0.00037912,0.000358627,0.000332523,0.000300761,0.000264875,0.000226182
0.000401055,0.000400043,0.000397273,0.000391749,0.000382336,0.000368226,0.000348404,0.000323007,0.000292097,0.000257181,0.000219465
0.0003892,0.000388275,0.000385657,0.0003804,0.00037143,0.000357763,0.000338573,0.000313925,0.000283842,0.000249827,0.000213042
0.000378005,0.000377192,0.000374728,0.000369717,0.00036111,0.000347895,0.000329295,0.00030532,0.000276008,0.000242839,0.000206988
0.000367131,0.000366303,0.000364094,0.000359342,0.000351057,0.000338313,0.00032027,0.000296972,0.000268406,0.000236089,0.000201107
0.000356336,0.000355665,0.000353569,0.000349068,0.000341116,0.000328786,0.000311262,0.000288662,0.000260873,0.000229365,0.000195215
0.000345916,0.000345292,0.000343339,0.000339062,0.000331438,0.000319584,0.000302593,0.000280604,0.000253558,0.000222869,0.000189564
0.000336019,0.000335506,0.000333707,0.000329611,0.000322307,0.000310826,0.000294333,0.000272985,0.000246601,0.000216685,0.00018419
0.000326314,0.00032583,0.000324172,0.000320317,0.000313287,0.000302214,0.000286223,0.000265457,0.000239776,0.000210622,0.000178903
0.000317057,0.000316654,0.000315125,0.00031144,0.000304699,0.000293991,0.000278493,0.000258288,0.000233252,0.000204808,0.000173869
0.000308072,0.000307712,0.000306344,0.000302797,0.000296345,0.000286022,0.000270961,0.000251316,0.000226924,0.000199172,0.000168964
0.000299327,0.000299026,0.000297759,0.000294472,0.000288278,0.000278266,0.000263643,0.000244555,0.000220752,0.000193709,0.000164242
0.000290654,0.000290439,0.000289249,0.000286133,0.000280174,0.000270512,0.000256341,0.000237778,0.000214619,0.000188249,0.000159484
0.000282533,0.000282369,0.000281293,0.000278331,0.000272588,0.000263268,0.000249493,0.000231449,0.000208855,0.00018313,0.00015504
0.000274642,0.000274467,0.000273497,0.000270725,0.000265227,0.000256201,0.000242837,0.000225258,0.000203234,0.000178141,0.00015072
0.000266849,0.00026673,0.000265877,0.000263213,0.000257948,0.000249223,0.000236258,0.000219155,0.000197689,0.000173218,0.000146452
0.000259454,0.000259355,0.000258602,0.000256081,0.000251013,0.000242603,0.000229983,0.000213379,0.000192429,0.000168517,0.0001424
0.000252283,0.000252231,0.000251597,0.000249176,0.000244346,0.000236181,0.000223959,0.000207722,0.000187301,0.000163991,0.000138471
0.00024526,0.000245209,0.000244627,0.00024242,0.000237745,0.000229879,0.000217996,0.000202241,0.000182297,0.000159552,0.000134635
0.00023836,0.000238426,0.000237882,0.000235786,0.000231315,0.000223718,0.000212136,0.000196812,0.000177368,0.00015519,0.000130858
0.000231866,0.000232019,0.000231524,0.000229547,0.000225259,0.000217879,0.000206652,0.000191716,0.000172773,0.000151087,0.000127305
0.000225483,0.000225605,0.0002252,0.000223332,0.000219206,0.00021209,0.000201166,0.00018665,0.000168155,0.000147017,0.000123781
0.000219441,0.000219551,0.000219274,0.000217501,0.00021353,0.000206653,0.000196037,0.000181894,0.000163804,0.000143164,0.000120449
0.000213503,0.00021362,0.000213403,0.000211758,0.00020794,0.000201239,0.000190916,0.000177144,0.000159494,0.000139357,0.00011717
0.000207559,0.00020779,0.000207616,0.000206018,0.000202385,0.000195879,0.000185881,0.000172473,0.000155272,0.000135594,0.000113935
0.000201893,0.000202133,0.000202006,0.000200548,0.000197047,0.000190751,0.000181012,0.000167969,0.000151186,0.000131968,0.000110804
0.000196478,0.000196784,0.000196709,0.000195315,0.000191983,0.000185919,0.000176364,0.000163654,0.000147276,0.000128522,0.000107828
0.000191246,0.00019158,0.000191521,0.000190235,0.000186995,0.000181145,0.000171923,0.000159498,0.000143488,0.000125158,0.000104943
0.00018611,0.000186438,0.000186442,0.000185231,0.00018212,0.000176457,0.000167412,0.000155387,0.000139755,0.000121891,0.00010211
0.00018112,0.000181475,0.000181504,0.000180413,0.000177416,0.000171946,0.000163141,0.000151396,0.000136138,0.000118667,9.9338e-05
0.00017621,0.000176579,0.000176727,0.00017566,0.000172781,0.000167452,0.000158965,0.000147481,0.0001326,0.000115535,9.66233e-05
0.000171566,0.000171962,0.000172145,0.000171123,0.000168408,0.000163169,0.000154903,0.000143755,0.000129217,0.000112536,9.40629e-05
0.000167049,0.000167501,0.000167682,0.000166748,0.000164131,0.000159098,0.000151025,0.000140121,0.000125938,0.00010967,9.16023e-05
0.000162542,0.000162935,0.000163189,0.000162358,0.000159833,0.000154995,0.000147119,0.000136526,0.000122646,0.000106733,8.90855e-05
0.000158361,0.000158764,0.000159064,0.000158258,0.000155796,0.00015114,0.000143469,0.000133144,0.000119576,0.000104018,8.67491e-05
0.000154166,0.000154642,0.000154942,0.000154259,0.000151882,0.000147301,0.000139847,0.000129823,0.000116564,0.000101352,8.44648e-05
0.000150273,0.000150734,0.000151044,0.000150397,0.000148177,0.000143723,0.00013639,0.000126627,0.000113629,9.88026e-05,8.22736e-05
0.000146206,0.000146729,0.000147053,0.00014648,0.000144283,0.000139998,0.000132939,0.000123371,0.000110692,9.61964e-05,8.00375e-05
0.000142436,0.000142939,0.000143383,0.000142747,0.000140687,0.000136501,0.000129655,0.00012033,0.00010795,9.37559e-05,7.79473e-05
0.000138677,0.000139162,0.000139647,0.000139121,0.000137152,0.000133097,0.000126422,0.000117332,0.000105205,9.13504e-05,7.58829e-05
0.000135158,0.000135659,0.000136135,0.000135668,0.000133738,0.000129835,0.000123283,0.000114414,0.000102581,8.90377e-05,7.39003e-05
0.000131602,0.000132133,0.000132601,0.000132203,0.000130338,0.000126573,0.000120188,0.000111546,9.99758e-05,8.67297e-05,7.19308e-05
0.000128279,0.000128799,0.000129363,0.000128967,0.000127169,0.0001235,0.000117306,0.000108834,9.7523e-05,8.45726e-05,7.00969e-05
0.000124909,0.000125463,0.000125986,0.000125681,0.000123949,0.0001204,0.000114327,0.000106104,9.50521e-05,8.239e-05,6.82193e-05
0.000121822,0.000122292,0.00012293,0.000122629,0.000120964,0.000117551,0.000111601,0.000103596,9.27649e-05,8.03754e-05,6.6503e-05
0.00011871,0.000119284,0.000119806,0.00011959,0.000117975,0.000114647,0.000108861,0.000101031,9.04407e-05,7.83532e-05,6.47763e-05
0.000115888,0.00011623,0.000116832,0.000116551,0.000115087,0.000111775,0.000106148,9.85736e-05,8.82341e-05,7.63677e-05,6.30748e-05
0.000112751,0.000113336,0.000113957,0.00011377,0.00011228,0.000109122,0.000103672,9.621e-05,8.60746e-05,7.44883e-05,6.14832e-05
0.000109856,0.000110411,0.000111101,0.000110869,0.000109491,0.000106444,0.000101079,9.38273e-05,8.39282e-05,7.25969e-05,5.98511e-05
0.000107132,0.000107683,0.000108339,0.000108206,0.000106863,0.000103887,9.86724e-05,9.15624e-05,8.18677e-05,7.07786e-05,5.8319e-05
0.000104396,0.000105025,0.000105708,0.000105562,0.000104297,0.000101403,9.62796e-05,8.93921e-05,7.98935e-05,6.90551e-05,5.68422e-05
0.000101794,0.000102406,0.000103108,0.000103022,0.000101775,9.89552e-05,9.39859e-05,8.72194e-05,7.7954e-05,6.73286e-05,5.53639e-05
9.92675e-05,9.99035e-05,0.000100602,0.000100527,9.93049e-05,9.66015e-05,9.17275e-05,8.51514e-05,7.6059e-05,6.5682e-05,5.39777e-05
9.67972e-05,9.74214e-05,9.81396e-05,9.80989e-05,9.69571e-05,9.42947e-05,8.95257e-05,8.31252e-05,7.42281e-05,6.40792e-05,5.26057e-05
9.44331e-05,9.50382e-05,9.57017e-05,9.57207e-05,9.46106e-05,9.20364e-05,8.73866e-05,8.11482e-05,7.25832e-05,6.24827e-05,5.13486e-05
9.20311e-05,9.26102e-05,9.34169e-05,9.34343e-05,9.23189e-05,8.98813e-05,8.53345e-05,7.92069e-05,7.0691e-05,6.09657e-05,4.99671e-05
8.98083e-05,9.04085e-05,9.11808e-05,9.11766e-05,9.01425e-05,8.77123e-05,8.32822e-05,7.73288e-05,6.89881e-05,5.94704e-05,4.86994e-05
8.78055e-05,8.81628e-05,8.89447e-05,8.89734e-05,8.79867e-05,8.56565e-05,8.13118e-05,7.5493e-05,6.71405e-05,5.80085e-05,4.73782e-05
8.54083e-05,8.60358e-05,8.68116e-05,8.68679e-05,8.591e-05,8.3626e-05,7.93731e-05,7.37143e-05,6.56889e-05,5.66005e-05,4.63166e-05
8.3362e-05,8.39708e-05,8.4756e-05,8.48382e-05,8.38981e-05,8.16992e-05,7.75565e-05,7.20191e-05,6.41386e-05,5.52436e-05,4.51643e-05
8.13674e-05,8.19659e-05,8.2762e-05,8.28707e-05,8.19476e-05,7.97574e-05,7.57178e-05,7.03323e-05,6.26617e-05,5.39305e-05,4.40502e-05
7.93544e-05,8.00265e-05,8.07867e-05,8.09422e-05,8.00571e-05,7.79691e-05,7.39928e-05,6.87224e-05,6.11752e-05,5.2645e-05,4.29101e-05
7.73819e-05,7.8017e-05,7.88275e-05,7.89612e-05,7.81168e-05,7.61185e-05,7.22239e-05,6.70614e-05,5.96669e-05,5.1327e-05,4.18465e-05
7.55439e-05,7.61521e-05,7.69259e-05,7.71281e-05,7.63166e-05,7.43239e-05,7.05282e-05,6.54964e-05,5.82446e-05,5.00906e-05,4.07961e-05
7.36974e-05,7.42892e-05,7.51064e-05,7.52926e-05,7.45032e-05,7.25824e-05,6.88802e-05,6.39609e-05,5.68789e-05,4.88867e-05,3.98533e-05
7.18996e-05,7.25282e-05,7.33885e-05,7.35409e-05,7.28085e-05,7.09128e-05,6.72902e-05,6.25046e-05,5.5544e-05,4.77138e-05,3.87802e-05
7.01767e-05,7.08222e-05,7.1675e-05,7.18482e-05,7.112e-05,6.92962e-05,6.57739e-05,6.10779e-05,5.42581e-05,4.65898e-05,3.7845e-05
6.85136e-05,6.91478e-05,6.99784e-05,7.01753e-05,6.95119e-05,6.76841e-05,6.42282e-05,5.96809e-05,5.30066e-05,4.5506e-05,3.69247e-05
6.6903e-05,6.75192e-05,6.83447e-05,6.85768e-05,6.79062e-05,6.61624e-05,6.2784e-05,5.83195e-05,5.19463e-05,4.44093e-05,3.60504e-05
6.52539e-05,6.59323e-05,6.6749e-05,6.69853e-05,6.62874e-05,6.46388e-05,6.13138e-05,5.69658e-05,5.05817e-05,4.33482e-05,3.50688e-05
6.37265e-05,6.43401e-05,6.51908e-05,6.54281e-05,6.47953e-05,6.31825e-05,5.99252e-05,5.56656e-05,4.93864e-05,4.23148e-05,3.4198e-05
6.22829e-05,6.28663e-05,6.37342e-05,6.39856e-05,6.33571e-05,6.17497e-05,5.85655e-05,5.44224e-05,4.82781e-05,4.13511e-05,3.3437e-05
6.07022e-05,6.13638e-05,6.22749e-05,6.25199e-05,6.19122e-05,6.03823e-05,5.72593e-05,5.31834e-05,4.71559e-05,4.03549e-05,3.25497e-05
5.9315e-05,5.98962e-05,6.07958e-05,6.10506e-05,6.04705e-05,5.8954e-05,5.59262e-05,5.19354e-05,4.60529e-05,3.93926e-05,3.17378e-05
5.79161e-05,5.85685e-05,5.94163e-05,5.96667e-05,5.91304e-05,5.76433e-05,5.46744e-05,5.07957e-05,4.50086e-05,3.84869e-05,3.09769e-05
5.66637e-05,5.71714e-05,5.8076e-05,5.83589e-05,5.78073e-05,5.63646e-05,5.35261e-05,4.9663e-05,4.39869e-05,3.76554e-05,3.02367e-05
5.52459e-05,5.58947e-05,5.67297e-05,5.69902e-05,5.64729e-05,5.50993e-05,5.22452e-05,4.85444e-05,4.29694e-05,3.67119e-05,2.94669e-05
5.3938e-05,5.45519e-05,5.54246e-05,5.57084e-05,5.52058e-05,5.38516e-05,5.10458e-05,4.74352e-05,4.20099e-05,3.5843e-05,2.87991e-05
5.27126e-05,5.32565e-05,5.41899e-05,5.44878e-05,5.39691e-05,5.26556e-05,4.99111e-05,4.63904e-05,4.10417e-05,3.50243e-05,2.80807e-05
5.14724e-05,5.21249e-05,5.29467e-05,5.32496e-05,5.27561e-05,5.14716e-05,4.87061e-05,4.53509e-05,4.0111e-05,3.41598e-05,2.7401e-05
5.02637e-05,5.08468e-05,5.17571e-05,5.20175e-05,5.1564e-05,5.03061e-05,4.76079e-05,4.43338e-05,3.91773e-05,3.33609e-05,2.67274e-05
4.91086e-05,4.97262e-05,5.06118e-05,5.08804e-05,5.04475e-05,4.92441e-05,4.65509e-05,4.33669e-05,3.83159e-05,3.25928e-05,2.6093e-05
4.80823e-05,4.8582e-05,4.94655e-05,4.97462e-05,4.93444e-05,4.81244e-05,4.56004e-05,4.23974e-05,3.7444e-05,3.18896e-05,2.5487e-05
4.6853e-05,4.75288e-05,4.83428e-05,4.86493e-05,4.82598e-05,4.7072e-05,4.46044e-05,4.14662e-05,3.6608e-05,3.11626e-05,2.48253e-05
4.58183e-05,4.63891e-05,4.72858e-05,4.76211e-05,4.71836e-05,4.60417e-05,4.37152e-05,4.05602e-05,3.57912e-05,3.05094e-05,2.42369e-05
4.4757e-05,4.53082e-05,4.62371e-05,4.65726e-05,4.61248e-05,4.50795e-05,4.26604e-05,3.96567e-05,3.49866e-05,2.97385e-05,2.36836e-05
4.37623e-05,4.43347e-05,4.51984e-05,4.55216e-05,4.51414e-05,4.4058e-05,4.16692e-05,3.88139e-05,3.42156e-05,2.91011e-05,2.31517e-05
4.27393e-05,4.33106e-05,4.41644e-05,4.45084e-05,4.41589e-05,4.30784e-05,4.08201e-05,3.79483e-05,3.34432e-05,2.84072e-05,2.25354e-05
4.17571e-05,4.23077e-05,4.32886e-05,4.3541e-05,4.31594e-05,4.21566e-05,3.98959e-05,3.71142e-05,3.2685e-05,2.776e-05,2.20259e-05
4.08258e-05,4.13648e-05,4.226e-05,4.25947e-05,4.22279e-05,4.12175e-05,3.90322e-05,3.63003e-05,3.19751e-05,2.71243e-05,2.14982e-05
3.98887e-05,4.04571e-05,4.13565e-05,4.16652e-05,4.1326e-05,4.03439e-05,3.81743e-05,3.55264e-05,3.12646e-05,2.654e-05,2.10031e-05
3.90357e-05,3.9513e-05,4.03771e-05,4.07854e-05,4.04209e-05,3.9469e-05,3.73521e-05,3.47665e-05,3.05911e-05,2.59608e-05,2.05029e-05
3.8117e-05,3.86109e-05,3.95485e-05,3.9895e-05,3.95467e-05,3.86213e-05,3.66382e-05,3.40022e-05,2.99114e-05,2.53749e-05,2.00191e-05
3.72667e-05,3.77199e-05,3.86281e-05,3.90365e-05,3.87057e-05,3.78041e-05,3.57607e-05,3.32703e-05,2.92602e-05,2.47686e-05,1.95474e-05
3.6431e-05,3.7015e-05,3.78664e-05,3.82473e-05,3.78704e-05,3.69759e-05,3.49329e-05,3.25613e-05,2.86203e-05,2.42648e-05,1.90848e-05
3.56266e-05,3.61997e-05,3.70038e-05,3.73071e-05,3.70878e-05,3.61857e-05,3.4225e-05,3.18524e-05,2.79752e-05,2.36385e-05,1.86107e-05
3.48851e-05,3.53397e-05,3.62236e-05,3.65515e-05,3.62566e-05,3.54159e-05,3.3423e-05,3.11705e-05,2.73788e-05,2.3145e-05,1.82021e-05
3.4108e-05,3.45428e-05,3.54433e-05,3.58397e-05,3.54332e-05,3.46676e-05,3.27714e-05,3.05128e-05,2.67725e-05,2.26645e-05,1.77721e-05
3.32846e-05,3.38132e-05,3.4695e-05,3.50154e-05,3.473e-05,3.39113e-05,3.21264e-05,2.98667e-05,2.61916e-05,2.2139e-05,1.7357e-05
3.25664e-05,3.31324e-05,3.38659e-05,3.42806e-05,3.40236e-05,3.31908e-05,3.13944e-05,2.92223e-05,2.56495e-05,2.16396e-05,1.69634e-05
3.18837e-05,3.24315e-05,3.32673e-05,3.36025e-05,3.32598e-05,3.25166e-05,3.07216e-05,2.86079e-05,2.50579e-05,2.11989e-05,1.65594e-05
3.10797e-05,3.1645e-05,3.25572e-05,3.28355e-05,3.25191e-05,3.18217e-05,3.00834e-05,2.79951e-05,2.45162e-05,2.07331e-05,1.62035e-05
3.03881e-05,3.0922e-05,3.18835e-05,3.20942e-05,3.18726e-05,3.11509e-05,2.94471e-05,2.74239e-05,2.40026e-05,2.01563e-05,1.5822e-05
2.97892e-05,3.02088e-05,3.1179e-05,3.15188e-05,3.11618e-05,3.0494e-05,2.89035e-05,2.68174e-05,2.34747e-05,1.97965e-05,1.5408e-05
2.90883e-05,2.95883e-05,3.04051e-05,3.0817e-05,3.0595e-05,2.98297e-05,2.81027e-05,2.62893e-05,2.30212e-05,1.93256e-05,1.50568e-05
2.85178e-05,2.8965e-05,2.98365e-05,3.01578e-05,2.98651e-05,2.91862e-05,2.75663e-05,2.56714e-05,2.24888e-05,1.89205e-05,1.47056e-05
2.79443e-05,2.82515e-05,2.92728e-05,2.95209e-05,2.92986e-05,2.85648e-05,2.70128e-05,2.51593e-05,2.20177e-05,1.85329e-05,1.43762e-05
2.72769e-05,2.77461e-05,2.85123e-05,2.89266e-05,2.85557e-05,2.80482e-05,2.64303e-05,2.46285e-05,2.1568e-05,1.8098e-05,1.40706e-05
2.66933e-05,2.72035e-05,2.79844e-05,2.83023e-05,2.80957e-05,2.7431e-05,2.58094e-05,2.40926e-05,2.10394e-05,1.77339e-05,1.37309e-05
2.61533e-05,2.64759e-05,2.73976e-05,2.77029e-05,2.74983e-05,2.67946e-05,2.52257e-05,2.3569e-05,2.06232e-05,1.73266e-05,1.34095e-05
2.55343e-05,2.59219e-05,2.6837e-05,2.71383e-05,2.69333e-05,2.61968e-05,2.47903e-05,2.31142e-05,2.0224e-05,1.69684e-05,1.30735e-05
2.4943e-05,2.53e-05,2.63272e-05,2.65728e-05,2.63314e-05,2.57801e-05,2.42328e-05,2.26579e-05,1.97339e-05,1.65462e-05,1.28222e-05
2.4473e-05,2.48503e-05,2.57451e-05,2.60362e-05,2.57992e-05,2.51947e-05,2.37657e-05,2.21615e-05,1.9368e-05,1.62107e-05,1.25436e-05
2.3952e-05,2.43661e-05,2.51617e-05,2.55401e-05,2.52578e-05,2.46883e-05,2.32872e-05,2.17018e-05,1.89122e-05,1.58694e-05,1.22808e-05
2.34041e-05,2.37612e-05,2.46478e-05,2.4961e-05,2.47448e-05,2.41673e-05,2.27447e-05,2.12768e-05,1.85056e-05,1.55562e-05,1.195e-05
2.2936e-05,2.33588e-05,2.41098e-05,2.44499e-05,2.41906e-05,2.37059e-05,2.23594e-05,2.08131e-05,1.81442e-05,1.51855e-05,1.17482e-05
2.24666e-05,2.2867e-05,2.37094e-05,2.3922e-05,2.37436e-05,2.32043e-05,2.1949e-05,2.0407e-05,1.77869e-05,1.48692e-05,1.13924e-05
2.18546e-05,2.22748e-05,2.31724e-05,2.35026e-05,2.32409e-05,2.27462e-05,2.12986e-05,2.00066e-05,1.73664e-05,1.45431e-05,1.11498e-05
2.1397e-05,2.18863e-05,2.26976e-05,2.29056e-05,2.27891e-05,2.22246e-05,2.09226e-05,1.95488e-05,1.69961e-05,1.42166e-05,1.09062e-05
2.09916e-05,2.14287e-05,2.22412e-05,2.25204e-05,2.23017e-05,2.1748e-05,2.04871e-05,1.91417e-05,1.66933e-05,1.39241e-05,1.06598e-05
2.05244e-05,2.09991e-05,2.17623e-05,2.19759e-05,2.18524e-05,2.13549e-05,2.00518e-05,1.87643e-05,1.63232e-05,1.36356e-05,1.04055e-05
2.00871e-05,2.05632e-05,2.13967e-05,2.15743e-05,2.13514e-05,2.08692e-05,1.97872e-05,1.83705e-05,1.60202e-05,1.33521e-05,1.0182e-05
1.97403e-05,2.00307e-05,2.08793e-05,2.11852e-05,2.10163e-05,2.0517e-05,1.92993e-05,1.80181e-05,1.56222e-05,1.30606e-05,9.9319e-06
1.92529e-05,1.9692e-05,2.04766e-05,2.07337e-05,2.05243e-05,2.01167e-05,1.89663e-05,1.77062e-05,1.52391e-05,1.27596e-05,9.72394e-06
1.88295e-05,1.93063e-05,1.99962e-05,2.03318e-05,2.01063e-05,1.97143e-05,1.84002e-05,1.73467e-05,1.50166e-05,1.24462e-05,9.5377e-06
1.84133e-05,1.88633e-05,1.97089e-05,1.98698e-05,1.9702e-05,1.93129e-05,1.80964e-05,1.69826e-05,1.47055e-05,1.21909e-05,9.2997e-06
1.8009e-05,1.84457e-05,1.93408e-05,1.95338e-05,1.93777e-05,1.88519e-05,1.79426e-05,1.67571e-05,1.44508e-05,1.19791e-05,9.0834e-06
1.77121e-05,1.80127e-05,1.88541e-05,1.91479e-05,1.88958e-05,1.85707e-05,1.74543e-05,1.63309e-05,1.41254e-05,1.171e-05,8.91376e-06
1.72362e-05,1.7719e-05,1.8474e-05,1.87384e-05,1.85658e-05,1.81504e-05,1.72176e-05,1.60006e-05,1.38235e-05,1.1467e-05,8.70618e-06
1.68739e-05,1.74268e-05,1.81054e-05,1.83971e-05,1.81106e-05,1.77147e-05,1.66977e-05,1.57161e-05,1.35615e-05,1.12074e-05,8.5138e-06
1.67057e-05,1.70145e-05,1.76884e-05,1.8046e-05,1.78385e-05,1.74472e-05,1.64195e-05,1.53229e-05,1.33072e-05,1.09975e-05,8.30865e-06
1.62953e-05,1.65698e-05,1.73722e-05,1.77034e-05,1.74452e-05,1.70862e-05,1.60774e-05,1.50355e-05,1.29856e-05,1.07566e-05,8.11091e-06
1.59246e-05,1.62699e-05,1.71343e-05,1.72849e-05,1.71151e-05,1.68157e-05,1.56807e-05,1.47564e-05,1.27365e-05,1.05135e-05,7.97599e-06
1.569e-05,1.60603e-05,1.67152e-05,1.69789e-05,1.67327e-05,1.65498e-05,1.5464e-05,1.44447e-05,1.24781e-05,1.03153e-05,7.73799e-06
1.53275e-05,1.55865e-05,1.63666e-05,1.65763e-05,1.64734e-05,1.61135e-05,1.51495e-05,1.41322e-05,1.22509e-05,1.01028e-05,7.60545e-06
1.49435e-05,1.51873e-05,1.60973e-05,1.63919e-05,1.61562e-05,1.57695e-05,1.48604e-05,1.39304e-05,1.19362e-05,9.91311e-06,7.44672e-06
1.4684e-05,1.48855e-05,1.57382e-05,1.59582e-05,1.57747e-05,1.54624e-05,1.45829e-05,1.35917e-05,1.16686e-05,9.67695e-06,7.27028e-06
1.43955e-05,1.46262e-05,1.54393e-05,1.56359e-05,1.54387e-05,1.52019e-05,1.42676e-05,1.33428e-05,1.15054e-05,9.47207e-06,7.15178e-06
1.39968e-05,1.43582e-05,1.49979e-05,1.53825e-05,1.52032e-05,1.48609e-05,1.39413e-05,1.30541e-05,1.12408e-05,9.34054e-06,6.93315e-06
1.38311e-05,1.39875e-05,1.4882e-05,1.5043e-05,1.47895e-05,1.45276e-05,1.36402e-05,1.27969e-05,1.1052e-05,9.06997e-06,6.80633e-06
1.34886e-05,1.36988e-05,1.45822e-05,1.47479e-05,1.4578e-05,1.42963e-05,1.34621e-05,1.2582e-05,1.08307e-05,8.89613e-06,6.66796e-06
1.3171e-05,1.34265e-05,1.42491e-05,1.45266e-05,1.42768e-05,1.39206e-05,1.30947e-05,1.23275e-05,1.06557e-05,8.73354e-06,6.48025e-06
1.30009e-05,1.31924e-05,1.39817e-05,1.428e-05,1.40327e-05,1.37943e-05,1.29578e-05,1.21071e-05,1.03714e-05,8.52793e-06,6.40153e-06
1.26721e-05,1.29504e-05,1.37028e-05,1.39188e-05,1.36793e-05,1.34822e-05,1.26575e-05,1.18266e-05,1.01796e-05,8.35796e-06,6.23417e-06
1.23331e-05,1.27129e-05,1.34016e-05,1.35544e-05,1.34668e-05,1.32407e-05,1.23203e-05,1.16278e-05,9.94692e-06,8.18146e-06,6.0999e-06
1.21851e-05,1.24497e-05,1.31649e-05,1.33988e-05,1.31268e-05,1.29949e-05,1.21678e-05,1.14051e-05,9.77083e-06,8.00155e-06,5.98025e-06
1.19417e-05,1.21612e-05,1.28884e-05,1.31492e-05,1.29441e-05,1.26867e-05,1.19131e-05,1.11278e-05,9.61043e-06,7.86622e-06,5.84185e-06
1.16606e-05,1.19408e-05,1.26798e-05,1.28625e-05,1.25622e-05,1.2507e-05,1.15545e-05,1.0941e-05,9.38647e-06,7.70154e-06,5.73606e-06
1.14217e-05,1.16801e-05,1.24524e-05,1.25439e-05,1.2515e-05,1.20587e-05,1.14267e-05,1.07396e-05,9.2226e-06,7.54144e-06,5.59917e-06
1.12799e-05,1.13773e-05,1.20768e-05,1.23982e-05,1.21168e-05,1.19799e-05,1.12005e-05,1.05465e-05,8.99466e-06,7.38673e-06,5.51245e-06
1.09474e-05,1.12485e-05,1.19487e-05,1.2137e-05,1.19158e-05,1.17011e-05,1.0981e-05,1.03818e-05,8.82815e-06,7.2296e-06,5.37009e-06
1.07605e-05,1.09437e-05,1.16556e-05,1.19341e-05,1.17181e-05,1.15238e-05,1.0742e-05,1.01191e-05,8.74498e-06,7.07377e-06,5.20777e-06
1.05577e-05,1.07887e-05,1.14287e-05,1.16443e-05,1.14879e-05,1.13381e-05,1.06239e-05,9.90203e-06,8.55186e-06,6.93657e-06,5.11183e-06
1.02336e-05,1.05897e-05,1.13042e-05,1.15076e-05,1.12485e-05,1.10849e-05,1.03758e-05,9.75713e-06,8.30353e-06,6.8035e-06,5.02137e-06
1.00877e-05,1.03277e-05,1.10029e-05,1.11903e-05,1.10599e-05,1.07876e-05,1.01301e-05,9.54874e-06,8.14992e-06,6.68181e-06,4.91486e-06
9.9579e-06,1.01183e-05,1.07974e-05,1.1076e-05,1.08249e-05,1.05875e-05,9.97008e-06,9.38172e-06,8.05665e-06,6.52832e-06,4.82547e-06
9.73551e-06,9.87429e-06,1.06713e-05,1.0772e-05,1.06387e-05,1.047e-05,9.81348e-06,9.20736e-06,7.87388e-06,6.40476e-06,4.71849e-06
9.56424e-06,9.80067e-06,1.0404e-05,1.06062e-05,1.04146e-05,1.03159e-05,9.53424e-06,9.02343e-06,7.7085e-06,6.26141e-06,4.59993e-06
9.3825e-06,9.59365e-06,1.02012e-05,1.03858e-05,1.02241e-05,1.00593e-05,9.40976e-06,8.81181e-06,7.56486e-06,6.1519e-06,4.49283e-06
9.23239e-06,9.32004e-06,1.00494e-05,1.02379e-05,9.9839e-06,9.88462e-06,9.26097e-06,8.64395e-06,7.40862e-06,6.01451e-06,4.42068e-06
9.01642e-06,9.07722e-06,9.85933e-06,9.98758e-06,9.85277e-06,9.6853e-06,9.08024e-06,8.50793e-06,7.25669e-06,5.89063e-06,4.3078e-06
8.74989e-06,8.97208e-06,9.61699e-06,9.80725e-06,9.65398e-06,9.51317e-06,8.83443e-06,8.34053e-06,7.10219e-06,5.79645e-06,4.25532e-06
8.73014e-06,8.79877e-06,9.42198e-06,9.63192e-06,9.48318e-06,9.26448e-06,8.73785e-06,8.22954e-06,7.0047e-06,5.68375e-06,4.16228e-06
8.42943e-06,8.59049e-06,9.297e-06,9.47448e-06,9.28486e-06,9.123e-06,8.61174e-06,8.0643e-06,6.88144e-06,5.53754e-06,4.05021e-06
8.3725e-06,8.47444e-06,9.12704e-06,9.27184e-06,9.09933e-06,9.00879e-06,8.42223e-06,7.93792e-06,6.75812e-06,5.41222e-06,3.97985e-06
8.13398e-06,8.21627e-06,8.94853e-06,9.07775e-06,8.93304e-06,8.74618e-06,8.17405e-06,7.7293e-06,6.6317e-06,5.3398e-06,3.86122e-06
8.05525e-06,8.16437e-06,8.79632e-06,8.96202e-06,8.86616e-06,8.65566e-06,8.06244e-06,7.59056e-06,6.45956e-06,5.22812e-06,3.8089e-06
7.83542e-06,7.92165e-06,8.5788e-06,8.71447e-06,8.55754e-06,8.48553e-06,7.87823e-06,7.43046e-06,6.33342e-06,5.12136e-06,3.73668e-06
7.61118e-06,7.72072e-06,8.47031e-06,8.56824e-06,8.4373e-06,8.31038e-06,7.78997e-06,7.31111e-06,6.21496e-06,5.02749e-06,3.66307e-06
7.60213e-06,7.62492e-06,8.28694e-06,8.39058e-06,8.32474e-06,8.05453e-06,7.58303e-06,7.19873e-06,6.12446e-06,4.94227e-06,3.59445e-06
7.29266e-06,7.50205e-06,8.12544e-06,8.33629e-06,8.13222e-06,7.93694e-06,7.39604e-06,7.03916e-06,6.0204e-06,4.82033e-06,3.48289e-06
7.21407e-06,7.37561e-06,8.01181e-06,8.15527e-06,8.02745e-06,7.82716e-06,7.34526e-06,6.87642e-06,5.88705e-06,4.72848e-06,3.40974e-06
7.12428e-06,7.30196e-06,7.8367e-06,8.00928e-06,7.84865e-06,7.64562e-06,7.23494e-06,6.74584e-06,5.79043e-06,4.64676e-06,3.34873e-06
6.90432e-06,7.08027e-06,7.68031e-06,7.84548e-06,7.68346e-06,7.48517e-06,7.0391e-06,6.64327e-06,5.67538e-06,4.54324e-06,3.30401e-06
6.80482e-06,6.95134e-06,7.57299e-06,7.70106e-06,7.48819e-06,7.39121e-06,6.87748e-06,6.53276e-06,5.54903e-06,4.45724e-06,3.22815e-06
6.6568e-06,6.89814e-06,7.39439e-06,7.56355e-06,7.40419e-06,7.27606e-06,6.77097e-06,6.41734e-06,5.41738e-06,4.37384e-06,3.14956e-06
6.58707e-06,6.68618e-06,7.26749e-06,7.43797e-06,7.2878e-06,7.09579e-06,6.61868e-06,6.28311e-06,5.34267e-06,4.27745e-06,3.08427e-06
6.34989e-06,6.51844e-06,7.1886e-06,7.21231e-06,7.09909e-06,6.92214e-06,6.52498e-06,6.16482e-06,5.22107e-06,4.20851e-06,3.02152e-06
6.2767e-06,6.39887e-06,7.03143e-06,7.13169e-06,6.98149e-06,6.84299e-06,6.53832e-06,6.0592e-06,5.17747e-06,4.10597e-06,2.95139e-06
6.19828e-06,6.23154e-06,6.89946e-06,6.98222e-06,6.79218e-06,6.71283e-06,6.31774e-06,5.96416e-06,5.04706e-06,4.03386e-06,2.91609e-06
6.04594e-06,6.18322e-06,6.7081e-06,6.86972e-06,6.71656e-06,6.54866e-06,6.20603e-06,5.8541e-06,4.9599e-06,3.95893e-06,2.84857e-06
5.94755e-06,6.02581e-06,6.62606e-06,6.7674e-06,6.61106e-06,6.4778e-06,6.09015e-06,5.73163e-06,4.85761e-06,3.87209e-06,2.77969e-06
5.83234e-06,5.95443e-06,6.4893e-06,6.62332e-06,6.45262e-06,6.3359e-06,5.93334e-06,5.61341e-06,4.77604e-06,3.77972e-06,2.72595e-06
5.81386e-06,5.80755e-06,6.34428e-06,6.47715e-06,6.38726e-06,6.2277e-06,5.89239e-06,5.50182e-06,4.69592e-06,3.7433e-06,2.68028e-06
5.59455e-06,5.66813e-06,6.28866e-06,6.40515e-06,6.22986e-06,6.13493e-06,5.71082e-06,5.41379e-06,4.57116e-06,3.64726e-06,2.61823e-06
5.63074e-06,5.62072e-06,6.09657e-06,6.31173e-06,6.07643e-06,6.0331e-06,5.60853e-06,5.29141e-06,4.5019e-06,3.60405e-06,2.59591e-06
5.48223e-06,5.4493e-06,6.08147e-06,6.16936e-06,5.97303e-06,5.92397e-06,5.5092e-06,5.21324e-06,4.3991e-06,3.4941e-06,2.52237e-06
5.2689e-06,5.35326e-06,5.93649e-06,6.02234e-06,5.87177e-06,5.79276e-06,5.39802e-06,5.10631e-06,4.34376e-06,3.44022e-06,2.46374e-06
5.22217e-06,5.24363e-06,5.82073e-06,5.92909e-06,5.75542e-06,5.65806e-06,5.35141e-06,5.02066e-06,4.24558e-06,3.37018e-06,2.42697e-06
5.11806e-06,5.22713e-06,5.75706e-06,5.83402e-06,5.61248e-06,5.63566e-06,5.29882e-06,4.95357e-06,4.16903e-06,3.30153e-06,2.36162e-06
4.99971e-06,5.13235e-06,5.58912e-06,5.68334e-06,5.57741e-06,5.43824e-06,5.1632e-06,4.8407e-06,4.11421e-06,3.26207e-06,2.32884e-06
4.91109e-06,5.04377e-06,5.52753e-06,5.63225e-06,5.42065e-06,5.36414e-06,5.03848e-06,4.73092e-06,4.02163e-06,3.17228e-06,2.2654e-06
4.75541e-06,4.83022e-06,5.45119e-06,5.50881e-06,5.30644e-06,5.26754e-06,4.91246e-06,4.70029e-06,3.9493e-06,3.13799e-06,2.22937e-06
4.72709e-06,4.75845e-06,5.34091e-06,5.41785e-06,5.2106e-06,5.12949e-06,4.8588e-06,4.58743e-06,3.90273e-06,3.06388e-06,2.1973e-06
4.6285e-06,4.6703e-06,5.20546e-06,5.29187e-06,5.14802e-06,5.09665e-06,4.77152e-06,4.53993e-06,3.79375e-06,3.01766e-06,2.1511e-06
4.57791e-06,4.59326e-06,5.14423e-06,5.25093e-06,5.00175e-06,4.99131e-06,4.65594e-06,4.44816e-06,3.73669e-06,2.93854e-06,2.12001e-06
4.52237e-06,4.48775e-06,5.01462e-06,5.10712e-06,4.97579e-06,4.92367e-06,4.58954e-06,4.35547e-06,3.65899e-06,2.90344e-06,2.07458e-06
4.40733e-06,4.46718e-06,4.95844e-06,5.03415e-06,4.91953e-06,4.77748e-06,4.4907e-06,4.26372e-06,3.59667e-06,2.85624e-06,2.02227e-06
4.32443e-06,4.3268e-06,4.79288e-06,4.91219e-06,4.78325e-06,4.79756e-06,4.50673e-06,4.18812e-06,3.53379e-06,2.80617e-06,2.00765e-06
