-0.00130259,-0.00127651,-0.00124317,-0.00119824,-0.00114036,-0.00108015,-0.00101603,-0.000954627,-0.000898708,-0.000848978,-0.000809259
-0.00130312,-0.00128011,-0.00124909,-0.00120609,-0.00115222,-0.00109127,-0.00102751,-0.000963837,-0.000903354,-0.000849739,-0.000804444
-0.00128515,-0.00126891,-0.00124091,-0.00120209,-0.00114988,-0.00109103,-0.00102574,-0.000961464,-0.000898624,-0.000841211,-0.000792359
-0.00126101,-0.00123979,-0.00121466,-0.00117794,-0.00112915,-0.00107239,-0.00100842,-0.000943984,-0.000879657,-0.000820277,-0.000769762
-0.0012482,-0.00122744,-0.00120386,-0.00116888,-0.00112185,-0.00106536,-0.00100202,-0.000936591,-0.00087073,-0.000809828,-0.000757147
-0.00124064,-0.00121904,-0.00119588,-0.00116287,-0.00111665,-0.00105927,-0.000997656,-0.000930593,-0.000864244,-0.000801675,-0.000746565
-0.00121806,-0.00119734,-0.00117564,-0.00114321,-0.001098,-0.00104239,-0.00098014,-0.000913922,-0.00084678,-0.000783981,-0.000728904
-0.0012016,-0.00118093,-0.00115955,-0.00112763,-0.00108313,-0.00102805,-0.000966236,-0.00089986,-0.000832566,-0.000769541,-0.000713194
-0.00118601,-0.00116468,-0.00114366,-0.00111233,-0.00106772,-0.0010128,-0.000951655,-0.000885241,-0.000818221,-0.000755191,-0.000698984
-0.0011713,-0.00114969,-0.00112921,-0.00109777,-0.00105297,-0.000998481,-0.000938073,-0.000871339,-0.000804529,-0.00074154,-0.000685226
-0.00115315,-0.00113094,-0.00111168,-0.00107845,-0.00103533,-0.000980501,-0.00092004,-0.000854386,-0.000787834,-0.000725641,-0.000669977
-0.00113959,-0.00111665,-0.00109446,-0.00106476,-0.00101881,-0.000964816,-0.000905509,-0.00083955,-0.000773887,-0.000711728,-0.000655581
-0.0011211,-0.00109833,-0.00107636,-0.00104448,-0.000999737,-0.000946039,-0.000886086,-0.000821834,-0.000756818,-0.000695487,-0.000639564
-0.00110461,-0.0010813,-0.00106057,-0.00102672,-0.00098261,-0.00092898,-0.000869653,-0.000806069,-0.000741491,-0.000680678,-0.000625062
-0.0010766,-0.00106307,-0.00104093,-0.00100864,-0.000963718,-0.000910338,-0.000852352,-0.000788653,-0.000725078,-0.00066504,-0.000610264
-0.00107187,-0.0010482,-0.0010261,-0.000993494,-0.000949453,-0.000895734,-0.000837077,-0.000774641,-0.000711451,-0.000652361,-0.000597992
-0.00105706,-0.00103258,-0.00100945,-0.000978545,-0.000932116,-0.000879712,-0.000821554,-0.000759211,-0.000697598,-0.000638879,-0.000584917
-0.00103839,-0.00101451,-0.00099099,-0.00095835,-0.000913878,-0.000860592,-0.000803586,-0.000742894,-0.000681418,-0.000624241,-0.000570711
-0.00102146,-0.000997226,-0.000973097,-0.000941281,-0.0008961,-0.000843804,-0.000787645,-0.000727465,-0.000667533,-0.000610207,-0.000558161
-0.00100609,-0.000982537,-0.000958673,-0.000926194,-0.000881433,-0.000829127,-0.000773252,-0.000714142,-0.000654726,-0.000598308,-0.000546486
-0.000988516,-0.000964784,-0.000941173,-0.000908848,-0.000863847,-0.000812412,-0.000757613,-0.000698751,-0.000640795,-0.000585059,-0.000534177
-0.00097258,-0.000949605,-0.000926514,-0.000892447,-0.00084887,-0.000798082,-0.000742981,-0.000686012,-0.000627763,-0.000573821,-0.000522577
-0.000955926,-0.000933016,-0.000909422,-0.000877288,-0.000832597,-0.000783358,-0.000729347,-0.000671707,-0.000615667,-0.000561633,-0.000511821
-0.000939401,-0.000917716,-0.000893652,-0.000861453,-0.000818184,-0.000768497,-0.000715227,-0.000659065,-0.000602842,-0.000551357,-0.000500968
-0.000930515,-0.000901181,-0.000877969,-0.000846138,-0.000802791,-0.000754177,-0.000701767,-0.000646465,-0.000591416,-0.000540013,-0.00049062
-0.000903214,-0.000882035,-0.000859047,-0.00082752,-0.000784945,-0.000737103,-0.000685826,-0.000631513,-0.000577856,-0.000527026,-0.000479087
-0.000889135,-0.000868301,-0.000845014,-0.000814722,-0.000772285,-0.000725226,-0.000674844,-0.00062091,-0.000568134,-0.000517907,-0.000470298
-0.00087116,-0.00085159,-0.000829122,-0.000798174,-0.000757111,-0.000710691,-0.000660966,-0.000608508,-0.000556566,-0.000506929,-0.000460305
-0.000853785,-0.000835357,-0.000813248,-0.000783037,-0.000742611,-0.000697132,-0.000648504,-0.00059676,-0.000545738,-0.000497137,-0.000450758
-0.000839855,-0.000821411,-0.000799792,-0.000769776,-0.00073033,-0.000684959,-0.000637333,-0.000586684,-0.000536373,-0.000488732,-0.000442813
-0.00082062,-0.000804383,-0.000783235,-0.000753739,-0.000714978,-0.000671261,-0.000624383,-0.000574717,-0.000525475,-0.000478263,-0.000433016
-0.000804902,-0.000787968,-0.000767358,-0.000738278,-0.000700356,-0.000657568,-0.00061146,-0.000563033,-0.000514968,-0.000468339,-0.000423382
-0.000787879,-0.000772691,-0.000752607,-0.000723995,-0.000686954,-0.000645165,-0.000599912,-0.000552533,-0.000505312,-0.000459339,-0.000414924
-0.000771632,-0.000757484,-0.000737815,-0.000709774,-0.00067362,-0.000632735,-0.000588427,-0.00054207,-0.000495732,-0.000450403,-0.000406715
-0.000755784,-0.00074333,-0.00072423,-0.000696456,-0.000661374,-0.000621443,-0.000577878,-0.000532564,-0.00048691,-0.000442262,-0.00039893
-0.000740145,-0.000728039,-0.000709271,-0.0006824,-0.000647779,-0.00060892,-0.000566407,-0.000522144,-0.000477552,-0.000433818,-0.000391223
-0.000724204,-0.000712884,-0.000694767,-0.000668377,-0.000634894,-0.000597017,-0.00055546,-0.000512171,-0.000468433,-0.000424942,-0.000382608
-0.000707425,-0.000698079,-0.0006805,-0.000654665,-0.00062206,-0.000585111,-0.000544545,-0.000502256,-0.000459419,-0.000416547,-0.000374711
-0.000692711,-0.000683718,-0.000666814,-0.000641334,-0.000609741,-0.000573818,-0.000533902,-0.000492787,-0.000450659,-0.000408691,-0.000367752
-0.000675504,-0.000669975,-0.000653648,-0.000628772,-0.000598,-0.000562658,-0.000523841,-0.000483457,-0.000442317,-0.000400871,-0.000360593
-0.000658782,-0.00065497,-0.000639299,-0.000614893,-0.00058493,-0.000550771,-0.000512955,-0.000473539,-0.000433457,-0.000392382,-0.000352873
-0.000647459,-0.000640948,-0.000625343,-0.00060192,-0.000572855,-0.000539677,-0.000502502,-0.000464341,-0.000424876,-0.000384643,-0.00034573
-0.000627979,-0.000627759,-0.000612027,-0.000589333,-0.000560677,-0.000528845,-0.000492766,-0.000455381,-0.000416558,-0.000376968,-0.000338782
-0.000612398,-0.000613379,-0.000598697,-0.00057648,-0.000549161,-0.00051781,-0.000482714,-0.000446201,-0.000408305,-0.000369258,-0.000331622
-0.000597827,-0.000600257,-0.00058644,-0.000564391,-0.000538481,-0.000507676,-0.000473724,-0.000437897,-0.000400457,-0.000362075,-0.000325267
-0.000589105,-0.000586594,-0.000572798,-0.000551776,-0.000526237,-0.000496662,-0.000463173,-0.000428435,-0.00039217,-0.000354473,-0.000317772
-0.000575559,-0.00057376,-0.000559819,-0.000540538,-0.000515251,-0.000486512,-0.000453917,-0.000419968,-0.00038416,-0.000347376,-0.000311299
-0.000561522,-0.000560767,-0.000547759,-0.000528039,-0.000504182,-0.000476214,-0.000444838,-0.000411455,-0.000376594,-0.000340236,-0.000304718
-0.000548398,-0.000548159,-0.000535609,-0.000515542,-0.00049318,-0.0004662,-0.000435172,-0.00040303,-0.000368996,-0.000333172,-0.000298129
-0.000535599,-0.000536111,-0.000523159,-0.000505056,-0.000482827,-0.000456583,-0.000426426,-0.000394949,-0.000361602,-0.000326451,-0.000292014
-0.00052245,-0.000523578,-0.000511836,-0.000492842,-0.000472042,-0.000446753,-0.00041727,-0.000386726,-0.000354129,-0.000319564,-0.000285584
-0.000519034,-0.000511554,-0.000500219,-0.000482614,-0.000461945,-0.000437284,-0.000408029,-0.000378728,-0.000346827,-0.000312968,-0.000279481
-0.00049832,-0.000500804,-0.000489046,-0.000472227,-0.00045152,-0.000428335,-0.000400293,-0.000371533,-0.00034004,-0.00030675,-0.000273995
-0.000485156,-0.00048805,-0.000477478,-0.000460927,-0.000441649,-0.000418549,-0.000391301,-0.000363091,-0.000332561,-0.000299912,-0.000267564
-0.000473137,-0.00047647,-0.000466261,-0.000450223,-0.000431728,-0.000409297,-0.000382815,-0.000355336,-0.000325519,-0.000293397,-0.000261642
-0.00046176,-0.000465864,-0.000456072,-0.000439771,-0.00042276,-0.000400888,-0.000374906,-0.000348234,-0.000319133,-0.000287598,-0.000256315
-0.000450562,-0.000454253,-0.000445514,-0.000430293,-0.000413164,-0.000392015,-0.000366964,-0.000340794,-0.000312271,-0.000281216,-0.000250573
-0.000439439,-0.000443868,-0.00043473,-0.000420208,-0.000403602,-0.000383265,-0.000358818,-0.000333457,-0.000305536,-0.000275245,-0.000244986
-0.00042855,-0.000433243,-0.000424427,-0.000410389,-0.000394433,-0.000374721,-0.000350957,-0.000326242,-0.000298931,-0.00026926,-0.000239551
-0.000418439,-0.000423396,-0.000414936,-0.000401354,-0.000385954,-0.000366839,-0.000343699,-0.000319583,-0.000292854,-0.000263801,-0.000234508
-0.000408454,-0.000413922,-0.000405596,-0.000392591,-0.000377863,-0.000359107,-0.000337165,-0.00031322,-0.000286907,-0.0002584,-0.000229699
-0.000397957,-0.000403442,-0.000395544,-0.000382862,-0.000368587,-0.0003507,-0.000328795,-0.000305921,-0.00028042,-0.000252513,-0.000224232
-0.00038798,-0.00039363,-0.000386036,-0.000373805,-0.000360094,-0.000342763,-0.000321471,-0.000299268,-0.000274261,-0.000246956,-0.000219193
-0.000378255,-0.000384404,-0.000377158,-0.000364535,-0.000352228,-0.000335309,-0.000314419,-0.000292939,-0.000268574,-0.000241804,-0.000214533
-0.000369382,-0.000375201,-0.000368152,-0.000356758,-0.000344042,-0.000327773,-0.000307676,-0.000286587,-0.000262676,-0.000236465,-0.000209687
-0.000360871,-0.000366683,-0.000359905,-0.000348823,-0.000336603,-0.000320846,-0.000301242,-0.000280699,-0.000256848,-0.000231576,-0.000205219
-0.000352206,-0.000357799,-0.000351387,-0.000340721,-0.000328935,-0.000313651,-0.000294657,-0.000274639,-0.000251729,-0.000226658,-0.000200727
-0.000343393,-0.00034911,-0.000342824,-0.000332619,-0.000321268,-0.000306495,-0.000288054,-0.00026853,-0.00024612,-0.000221626,-0.000196178
-0.000335586,-0.000341211,-0.000335144,-0.000325291,-0.000314352,-0.000299975,-0.000282059,-0.000263058,-0.000241087,-0.000217075,-0.000192201
-0.000327082,-0.000332701,-0.000326867,-0.00031741,-0.00030691,-0.000293002,-0.000275575,-0.000257097,-0.000235638,-0.000212168,-0.000187611
-0.000318991,-0.000324765,-0.000319149,-0.000310053,-0.000299944,-0.000286445,-0.00026953,-0.00025152,-0.000230541,-0.000207565,-0.000183427
-0.0003118,-0.000317408,-0.00031191,-0.000303212,-0.000293405,-0.000280349,-0.000263893,-0.00024628,-0.000225721,-0.000203276,-0.000179532
-0.000303803,-0.000309413,-0.000304247,-0.000295891,-0.00028642,-0.000273786,-0.000257858,-0.000240758,-0.000220702,-0.000198702,-0.000175328
-0.000296712,-0.000301786,-0.000296821,-0.000288766,-0.000279738,-0.000267487,-0.00025201,-0.000235353,-0.000215714,-0.000194224,-0.000171335
-0.000289129,-0.000294506,-0.000289756,-0.000282026,-0.0002733,-0.000261438,-0.00024646,-0.000230192,-0.000210985,-0.000189965,-0.000167488
-0.000283182,-0.000287736,-0.000283211,-0.000275855,-0.000267338,-0.000255856,-0.000241347,-0.000225393,-0.000206599,-0.000186058,-0.00016392
-0.00027554,-0.000280523,-0.000276176,-0.000269094,-0.000260963,-0.000249825,-0.00023573,-0.000220256,-0.000201888,-0.000181761,-0.000160107
-0.000269768,-0.000273792,-0.000269597,-0.000262839,-0.000254972,-0.000244191,-0.000230537,-0.000215429,-0.000197467,-0.000177773,-0.000156488
-0.000262968,-0.000267224,-0.00026326,-0.000256789,-0.000249166,-0.00023873,-0.000225498,-0.000210752,-0.000193178,-0.000173921,-0.000153391
-0.000257352,-0.000260772,-0.000256949,-0.000250792,-0.000243434,-0.000233332,-0.000220501,-0.000206112,-0.000188918,-0.000170102,-0.000149489
-0.000250426,-0.000254659,-0.000250956,-0.000245086,-0.000237983,-0.000228185,-0.000215733,-0.000201696,-0.000184883,-0.000166493,-0.000146152
-0.000245508,-0.000248524,-0.000244994,-0.000239392,-0.000232553,-0.000223048,-0.000210993,-0.000197248,-0.000180812,-0.0001628,-0.000142814
-0.000239735,-0.000242589,-0.000239179,-0.000233823,-0.000227212,-0.000218028,-0.000206326,-0.000192929,-0.000176854,-0.000159209,-0.000139553
-0.000234196,-0.000236888,-0.000233665,-0.000228535,-0.000222118,-0.000213238,-0.000201914,-0.000188823,-0.000173086,-0.000155806,-0.000136453
-0.00022742,-0.000231195,-0.000228115,-0.000223238,-0.000217027,-0.000208496,-0.000197434,-0.000184683,-0.000169299,-0.000152343,-0.000133343
-0.00022326,-0.000225654,-0.000222776,-0.000218106,-0.000212101,-0.000203806,-0.000193127,-0.000180639,-0.000165609,-0.000148988,-0.000130352
-0.000215999,-0.000220058,-0.000217322,-0.000212929,-0.000207096,-0.000199102,-0.000188741,-0.000176564,-0.000161872,-0.000145588,-0.000127259
-0.000212725,-0.000214699,-0.000212106,-0.000207945,-0.000202289,-0.000194563,-0.000184548,-0.000172636,-0.000158283,-0.000142327,-0.000124323
-0.000207442,-0.000209736,-0.000207202,-0.000203261,-0.000197807,-0.000190335,-0.000180623,-0.00016897,-0.000154899,-0.000139264,-0.000121531
-0.000204081,-0.000204673,-0.000202247,-0.000198519,-0.000193218,-0.000186001,-0.000176614,-0.000165221,-0.000151477,-0.000136165,-0.000118776
-0.000198558,-0.000199696,-0.000197437,-0.000193918,-0.000188805,-0.000181819,-0.000172699,-0.000161576,-0.00014816,-0.000133112,-0.000116009
-0.000193721,-0.000194928,-0.000192795,-0.000189476,-0.000184516,-0.000177755,-0.000168936,-0.000158048,-0.000144906,-0.000130176,-0.000113366
-0.000188936,-0.000190347,-0.000188268,-0.000185092,-0.000180329,-0.000173811,-0.000165203,-0.000154602,-0.000141768,-0.000127301,-0.000110781
-0.000184288,-0.000185748,-0.000183796,-0.000180801,-0.000176207,-0.000169902,-0.000161551,-0.000151186,-0.000138646,-0.000124447,-0.000108212
-0.000179701,-0.000181305,-0.000179443,-0.000176569,-0.000172178,-0.000166082,-0.000157952,-0.000147868,-0.00013556,-0.000121678,-0.000105698
-0.000175344,-0.000177022,-0.000175244,-0.000172516,-0.000168293,-0.000162411,-0.000154503,-0.000144646,-0.000132583,-0.000118974,-0.000103281
-0.000171002,-0.000172779,-0.000171112,-0.000168516,-0.000164463,-0.000158776,-0.000151097,-0.000141478,-0.000129674,-0.000116327,-0.000100893
-0.000166813,-0.000168645,-0.000167067,-0.000164611,-0.000160703,-0.000155206,-0.000147743,-0.00013835,-0.000126807,-0.00011373,-9.8558e-05
-0.000162732,-0.000164633,-0.000163158,-0.000160805,-0.00015708,-0.000151758,-0.000144492,-0.000135322,-0.000124068,-0.000111199,-9.63176e-05
-0.000158823,-0.000160773,-0.00015937,-0.000157156,-0.000153546,-0.000148414,-0.000141347,-0.000132399,-0.000121362,-0.000108739,-9.41101e-05
-0.00015491,-0.000156964,-0.00015564,-0.000153501,-0.000150068,-0.000145099,-0.000138222,-0.000129484,-0.000118683,-0.000106314,-9.19454e-05
-0.000151178,-0.000153296,-0.000152002,-0.000149999,-0.000146687,-0.000141879,-0.000135212,-0.000126668,-0.000116097,-0.000103959,-8.9833e-05
-0.000147509,-0.000149688,-0.000148522,-0.000146568,-0.000143426,-0.000138791,-0.000132287,-0.00012395,-0.000113573,-0.00010167,-8.77384e-05
-0.000143967,-0.00014616,-0.000145024,-0.000143246,-0.00014019,-0.000135688,-0.000129376,-0.000121235,-0.000111107,-9.94226e-05,-8.57699e-05
-0.000140441,-0.000142693,-0.000141642,-0.000139919,-0.00013702,-0.000132665,-0.000126523,-0.000118567,-0.000108634,-9.71896e-05,-8.37875e-05
-0.000137083,-0.000139381,-0.000138406,-0.000136762,-0.000133971,-0.000129771,-0.000123795,-0.000116028,-0.000106288,-9.50583e-05,-8.18919e-05
-0.000133778,-0.000136127,-0.000135186,-0.000133653,-0.000130973,-0.000126911,-0.000121087,-0.0001135,-0.000103967,-9.29492e-05,-8.00201e-05
-0.000130626,-0.000133008,-0.000132116,-0.000130656,-0.000128082,-0.000124153,-0.000118488,-0.000111081,-0.000101734,-9.09266e-05,-7.82209e-05
-0.000127483,-0.000129875,-0.000129073,-0.000127703,-0.000125245,-0.00012144,-0.000115927,-0.000108681,-9.9529e-05,-8.89208e-05,-7.64468e-05
-0.000124445,-0.000126831,-0.0001261,-0.000124772,-0.000122446,-0.000118757,-0.00011339,-0.000106308,-9.73505e-05,-8.69484e-05,-7.4696e-05
-0.000121463,-0.000123893,-0.000123188,-0.000121949,-0.000119701,-0.000116143,-0.00011093,-0.000104004,-9.52237e-05,-8.50178e-05,-7.29934e-05
-0.000118599,-0.000121045,-0.0001204,-0.000119229,-0.000117096,-0.000113633,-0.00010856,-0.000101773,-9.32268e-05,-8.31679e-05,-7.13872e-05
-0.000115813,-0.000118273,-0.000117666,-0.000116569,-0.00011451,-0.000111181,-0.000106233,-9.9615e-05,-9.11739e-05,-8.13495e-05,-6.97486e-05
-0.000113113,-0.000115603,-0.000114999,-0.000113979,-0.000111994,-0.000108769,-0.000103964,-9.74918e-05,-8.9195e-05,-7.95598e-05,-6.81866e-05
-0.000110425,-0.000112875,-0.000112374,-0.000111401,-0.000109523,-0.000106403,-0.000101714,-9.53798e-05,-8.72759e-05,-7.7798e-05,-6.66305e-05
-0.00010785,-0.00011029,-0.000109811,-0.000108907,-0.000107096,-0.000104073,-9.95094e-05,-9.33218e-05,-8.53958e-05,-7.61037e-05,-6.51209e-05
-0.000105351,-0.000107787,-0.000107346,-0.000106484,-0.000104774,-0.000101838,-9.7398e-05,-9.13265e-05,-8.36139e-05,-7.44525e-05,-6.36977e-05
-0.000102938,-0.000105343,-0.000104948,-0.000104148,-0.000102496,-9.96629e-05,-9.53421e-05,-8.9407e-05,-8.1781e-05,-7.28441e-05,-6.22595e-05
-0.000100501,-0.000102896,-0.000102531,-0.000101778,-0.000100207,-9.74632e-05,-9.32549e-05,-8.74624e-05,-7.99867e-05,-7.12154e-05,-6.08288e-05
-9.82501e-05,-0.000100637,-0.000100273,-9.95673e-05,-9.80621e-05,-9.54112e-05,-9.13091e-05,-8.56345e-05,-7.83013e-05,-6.96934e-05,-5.94944e-05
-9.59599e-05,-9.83079e-05,-9.80093e-05,-9.73636e-05,-9.59282e-05,-9.33645e-05,-8.93657e-05,-8.38119e-05,-7.66316e-05,-6.81734e-05,-5.81603e-05
-9.38681e-05,-9.61534e-05,-9.59002e-05,-9.52893e-05,-9.39149e-05,-9.14145e-05,-8.75246e-05,-8.20743e-05,-7.50338e-05,-6.67597e-05,-5.69208e-05
-9.165e-05,-9.39157e-05,-9.3698e-05,-9.31269e-05,-9.18145e-05,-8.94062e-05,-8.56082e-05,-8.02958e-05,-7.33308e-05,-6.52626e-05,-5.55742e-05
-8.95639e-05,-9.18383e-05,-9.16147e-05,-9.10894e-05,-8.9842e-05,-8.75182e-05,-8.38152e-05,-7.85988e-05,-7.1835e-05,-6.38379e-05,-5.43819e-05
-8.75396e-05,-8.97628e-05,-8.95675e-05,-8.9089e-05,-8.79056e-05,-8.56389e-05,-8.20317e-05,-7.69396e-05,-7.02956e-05,-6.24477e-05,-5.31712e-05
-8.55882e-05,-8.77622e-05,-8.76051e-05,-8.71565e-05,-8.60132e-05,-8.38405e-05,-8.03186e-05,-7.5321e-05,-6.88138e-05,-6.11165e-05,-5.20169e-05
-8.36137e-05,-8.57595e-05,-8.56261e-05,-8.52203e-05,-8.41491e-05,-8.20392e-05,-7.86031e-05,-7.37142e-05,-6.7337e-05,-5.97706e-05,-5.08425e-05
-8.18088e-05,-8.38859e-05,-8.37801e-05,-8.34122e-05,-8.2374e-05,-8.03287e-05,-7.69874e-05,-7.21992e-05,-6.59302e-05,-5.85106e-05,-4.97602e-05
-7.99287e-05,-8.19751e-05,-8.18876e-05,-8.15546e-05,-8.05737e-05,-7.85944e-05,-7.53321e-05,-7.06412e-05,-6.4507e-05,-5.72186e-05,-4.86376e-05
-7.82165e-05,-8.01973e-05,-8.01423e-05,-7.98429e-05,-7.88986e-05,-7.69795e-05,-7.38003e-05,-6.92007e-05,-6.31805e-05,-5.6023e-05,-4.76054e-05
-7.65031e-05,-7.84223e-05,-7.8376e-05,-7.81182e-05,-7.72253e-05,-7.53628e-05,-7.22551e-05,-6.77519e-05,-6.1853e-05,-5.48158e-05,-4.65616e-05
-7.47996e-05,-7.66765e-05,-7.66502e-05,-7.6409e-05,-7.55589e-05,-7.37592e-05,-7.07269e-05,-6.63144e-05,-6.05378e-05,-5.36245e-05,-4.55297e-05
-7.32101e-05,-7.50239e-05,-7.50045e-05,-7.48008e-05,-7.39902e-05,-7.22403e-05,-6.92876e-05,-6.49704e-05,-5.92782e-05,-5.2502e-05,-4.45517e-05
-7.16084e-05,-7.333e-05,-7.3365e-05,-7.31878e-05,-7.24042e-05,-7.07189e-05,-6.78277e-05,-6.35994e-05,-5.80225e-05,-5.13697e-05,-4.35756e-05
-7.00483e-05,-7.17381e-05,-7.17551e-05,-7.15997e-05,-7.08747e-05,-6.92359e-05,-6.64154e-05,-6.22696e-05,-5.68119e-05,-5.02594e-05,-4.26111e-05
-6.8585e-05,-7.01895e-05,-7.0232e-05,-7.01036e-05,-6.94148e-05,-6.78216e-05,-6.50662e-05,-6.10021e-05,-5.56337e-05,-4.92088e-05,-4.16999e-05
-6.71037e-05,-6.86484e-05,-6.87062e-05,-6.85987e-05,-6.79336e-05,-6.63948e-05,-6.37093e-05,-5.97314e-05,-5.44653e-05,-4.81565e-05,-4.0788e-05
-6.56864e-05,-6.71523e-05,-6.72376e-05,-6.71554e-05,-6.65243e-05,-6.50268e-05,-6.24139e-05,-5.84999e-05,-5.33402e-05,-4.71411e-05,-3.99113e-05
-6.43107e-05,-6.57055e-05,-6.57988e-05,-6.57404e-05,-6.51357e-05,-6.37032e-05,-6.11347e-05,-5.72957e-05,-5.22297e-05,-4.61431e-05,-3.90441e-05
-6.29678e-05,-6.42789e-05,-6.4392e-05,-6.43561e-05,-6.37818e-05,-6.23787e-05,-5.98786e-05,-5.61208e-05,-5.11461e-05,-4.51662e-05,-3.82028e-05
-6.16409e-05,-6.28945e-05,-6.30136e-05,-6.29983e-05,-6.24598e-05,-6.10966e-05,-5.86496e-05,-5.49726e-05,-5.00824e-05,-4.42124e-05,-3.73784e-05
-6.03324e-05,-6.15351e-05,-6.16746e-05,-6.16702e-05,-6.11566e-05,-5.98364e-05,-5.74569e-05,-5.38312e-05,-4.90486e-05,-4.3277e-05,-3.65783e-05
-5.90398e-05,-6.02038e-05,-6.03402e-05,-6.03614e-05,-5.98754e-05,-5.85966e-05,-5.62622e-05,-5.27222e-05,-4.80187e-05,-4.23549e-05,-3.57805e-05
-5.78239e-05,-5.89145e-05,-5.90668e-05,-5.91032e-05,-5.86507e-05,-5.74084e-05,-5.51286e-05,-5.16497e-05,-4.70363e-05,-4.14652e-05,-3.50201e-05
-5.66218e-05,-5.76755e-05,-5.78348e-05,-5.78837e-05,-5.74554e-05,-5.62528e-05,-5.40245e-05,-5.06071e-05,-4.60802e-05,-4.06068e-05,-3.42921e-05
-5.54653e-05,-5.64504e-05,-5.6632e-05,-5.67066e-05,-5.62895e-05,-5.51322e-05,-5.29485e-05,-4.95921e-05,-4.51526e-05,-3.97648e-05,-3.35903e-05
-5.4321e-05,-5.52578e-05,-5.54587e-05,-5.55431e-05,-5.51538e-05,-5.40257e-05,-5.18946e-05,-4.86075e-05,-4.42376e-05,-3.89399e-05,-3.28799e-05
-5.31512e-05,-5.40684e-05,-5.42442e-05,-5.43421e-05,-5.3987e-05,-5.28793e-05,-5.07999e-05,-4.75786e-05,-4.32935e-05,-3.80992e-05,-3.21407e-05
-5.2077e-05,-5.29054e-05,-5.31151e-05,-5.32319e-05,-5.28897e-05,-5.18176e-05,-4.97819e-05,-4.66211e-05,-4.24168e-05,-3.73072e-05,-3.1451e-05
-5.09784e-05,-5.17864e-05,-5.19896e-05,-5.21143e-05,-5.17969e-05,-5.07592e-05,-4.87667e-05,-4.56633e-05,-4.15369e-05,-3.65159e-05,-3.07616e-05
-4.99378e-05,-5.07158e-05,-5.09185e-05,-5.10556e-05,-5.07507e-05,-4.97451e-05,-4.77995e-05,-4.4748e-05,-4.06991e-05,-3.57656e-05,-3.01061e-05
-4.89434e-05,-4.96585e-05,-4.98697e-05,-5.00239e-05,-4.97377e-05,-4.87577e-05,-4.68523e-05,-4.38617e-05,-3.98813e-05,-3.50274e-05,-2.94645e-05
-4.79654e-05,-4.86239e-05,-4.88487e-05,-4.90107e-05,-4.87417e-05,-4.77912e-05,-4.59275e-05,-4.29891e-05,-3.90837e-05,-3.4307e-05,-2.88446e-05
-4.70328e-05,-4.76133e-05,-4.78448e-05,-4.80209e-05,-4.77585e-05,-4.68412e-05,-4.50179e-05,-4.21308e-05,-3.82914e-05,-3.35967e-05,-2.82271e-05
-4.61334e-05,-4.6601e-05,-4.68513e-05,-4.7034e-05,-4.67913e-05,-4.5898e-05,-4.41161e-05,-4.12765e-05,-3.75118e-05,-3.28983e-05,-2.762e-05
-4.51796e-05,-4.56365e-05,-4.58757e-05,-4.60706e-05,-4.58467e-05,-4.49752e-05,-4.3232e-05,-4.04451e-05,-3.67456e-05,-3.22173e-05,-2.70234e-05
-4.42811e-05,-4.47182e-05,-4.49661e-05,-4.51643e-05,-4.49533e-05,-4.41117e-05,-4.24043e-05,-3.96638e-05,-3.60345e-05,-3.15734e-05,-2.64636e-05
-4.33673e-05,-4.37993e-05,-4.40315e-05,-4.42434e-05,-4.40539e-05,-4.32318e-05,-4.15552e-05,-3.88649e-05,-3.52988e-05,-3.09226e-05,-2.5894e-05
-4.24714e-05,-4.28566e-05,-4.31177e-05,-4.33271e-05,-4.31507e-05,-4.2358e-05,-4.07185e-05,-3.80758e-05,-3.45785e-05,-3.02693e-05,-2.53335e-05
-4.16375e-05,-4.19854e-05,-4.22612e-05,-4.24786e-05,-4.23145e-05,-4.15387e-05,-3.99338e-05,-3.73372e-05,-3.3898e-05,-2.96612e-05,-2.48069e-05
-4.08294e-05,-4.11623e-05,-4.14143e-05,-4.16407e-05,-4.14904e-05,-4.07368e-05,-3.91608e-05,-3.66112e-05,-3.32371e-05,-2.90653e-05,-2.42894e-05
-3.99694e-05,-4.02956e-05,-4.05676e-05,-4.07998e-05,-4.06549e-05,-3.99233e-05,-3.83886e-05,-3.58775e-05,-3.2561e-05,-2.846e-05,-2.37715e-05
-3.91402e-05,-3.94607e-05,-3.97314e-05,-3.99733e-05,-3.98404e-05,-3.91289e-05,-3.76228e-05,-3.51569e-05,-3.19038e-05,-2.78718e-05,-2.32589e-05
-3.83504e-05,-3.86825e-05,-3.89493e-05,-3.91944e-05,-3.90753e-05,-3.83807e-05,-3.69075e-05,-3.44796e-05,-3.12764e-05,-2.73167e-05,-2.27773e-05
-3.75524e-05,-3.78859e-05,-3.81619e-05,-3.84086e-05,-3.83002e-05,-3.76277e-05,-3.61819e-05,-3.37965e-05,-3.06528e-05,-2.67554e-05,-2.22977e-05
-3.67794e-05,-3.71079e-05,-3.73845e-05,-3.7639e-05,-3.75371e-05,-3.68812e-05,-3.54663e-05,-3.31243e-05,-3.00376e-05,-2.62025e-05,-2.18203e-05
-3.60368e-05,-3.63786e-05,-3.66572e-05,-3.69179e-05,-3.68267e-05,-3.61845e-05,-3.48021e-05,-3.24959e-05,-2.94661e-05,-2.56916e-05,-2.13771e-05
-3.53131e-05,-3.56306e-05,-3.59181e-05,-3.61779e-05,-3.60933e-05,-3.54728e-05,-3.41146e-05,-3.18481e-05,-2.88706e-05,-2.51559e-05,-2.09208e-05
-3.45877e-05,-3.49155e-05,-3.52052e-05,-3.5469e-05,-3.53946e-05,-3.47914e-05,-3.34583e-05,-3.1229e-05,-2.83031e-05,-2.46496e-05,-2.04825e-05
-3.39019e-05,-3.42147e-05,-3.45225e-05,-3.4785e-05,-3.4723e-05,-3.41331e-05,-3.28266e-05,-3.06349e-05,-2.77538e-05,-2.41604e-05,-2.00628e-05
-3.3224e-05,-3.35532e-05,-3.38481e-05,-3.41192e-05,-3.40562e-05,-3.34804e-05,-3.22031e-05,-3.0044e-05,-2.72157e-05,-2.36827e-05,-1.9648e-05
-3.25542e-05,-3.28796e-05,-3.31761e-05,-3.34557e-05,-3.34e-05,-3.28391e-05,-3.15874e-05,-2.94599e-05,-2.66842e-05,-2.3211e-05,-1.92355e-05
-3.19012e-05,-3.22096e-05,-3.25204e-05,-3.27934e-05,-3.27484e-05,-3.22025e-05,-3.0974e-05,-2.88845e-05,-2.61538e-05,-2.2733e-05,-1.883e-05
-3.12571e-05,-3.15754e-05,-3.18766e-05,-3.2156e-05,-3.21159e-05,-3.15861e-05,-3.03785e-05,-2.83229e-05,-2.56401e-05,-2.22748e-05,-1.84351e-05
-3.06331e-05,-3.09507e-05,-3.12538e-05,-3.15322e-05,-3.15012e-05,-3.09826e-05,-2.98006e-05,-2.77774e-05,-2.5139e-05,-2.18276e-05,-1.80509e-05
-3.00242e-05,-3.03629e-05,-3.06562e-05,-3.09387e-05,-3.09097e-05,-3.04101e-05,-2.92448e-05,-2.72499e-05,-2.46611e-05,-2.14001e-05,-1.76799e-05
-2.9438e-05,-2.97456e-05,-3.0059e-05,-3.03446e-05,-3.03258e-05,-2.98307e-05,-2.86894e-05,-2.67301e-05,-2.41828e-05,-2.09751e-05,-1.73162e-05
-2.88538e-05,-2.91601e-05,-2.94761e-05,-2.97587e-05,-2.97427e-05,-2.92646e-05,-2.81458e-05,-2.6214e-05,-2.37083e-05,-2.05517e-05,-1.69539e-05
-2.82939e-05,-2.8578e-05,-2.89035e-05,-2.91894e-05,-2.91842e-05,-2.87162e-05,-2.76125e-05,-2.57145e-05,-2.32524e-05,-2.01452e-05,-1.66025e-05
-2.77338e-05,-2.80381e-05,-2.83485e-05,-2.86341e-05,-2.86281e-05,-2.81727e-05,-2.70962e-05,-2.52226e-05,-2.28011e-05,-1.97466e-05,-1.62614e-05
-2.71836e-05,-2.74814e-05,-2.77966e-05,-2.80861e-05,-2.80852e-05,-2.76394e-05,-2.6579e-05,-2.47377e-05,-2.23614e-05,-1.93523e-05,-1.59205e-05
-2.66505e-05,-2.6934e-05,-2.72665e-05,-2.7559e-05,-2.75649e-05,-2.71271e-05,-2.60869e-05,-2.42724e-05,-2.19345e-05,-1.8974e-05,-1.55966e-05
-2.61351e-05,-2.64435e-05,-2.67499e-05,-2.7035e-05,-2.70442e-05,-2.66225e-05,-2.55986e-05,-2.38108e-05,-2.15132e-05,-1.85975e-05,-1.52769e-05
-2.56304e-05,-2.5939e-05,-2.62421e-05,-2.65268e-05,-2.65373e-05,-2.61242e-05,-2.51223e-05,-2.33631e-05,-2.11043e-05,-1.82319e-05,-1.49659e-05
-2.51281e-05,-2.54188e-05,-2.57431e-05,-2.60329e-05,-2.60495e-05,-2.56403e-05,-2.46583e-05,-2.29266e-05,-2.07015e-05,-1.78747e-05,-1.46617e-05
-2.46435e-05,-2.49381e-05,-2.52564e-05,-2.55455e-05,-2.55638e-05,-2.5166e-05,-2.41989e-05,-2.24941e-05,-2.03071e-05,-1.75241e-05,-1.43613e-05
-2.41475e-05,-2.44511e-05,-2.47699e-05,-2.50602e-05,-2.5082e-05,-2.46933e-05,-2.37448e-05,-2.20649e-05,-1.99154e-05,-1.71772e-05,-1.40642e-05
-2.37063e-05,-2.39741e-05,-2.43029e-05,-2.45893e-05,-2.46149e-05,-2.42381e-05,-2.3305e-05,-2.1648e-05,-1.95329e-05,-1.68416e-05,-1.37756e-05
-2.32493e-05,-2.35252e-05,-2.38477e-05,-2.41303e-05,-2.4161e-05,-2.3792e-05,-2.28746e-05,-2.12416e-05,-1.91667e-05,-1.65116e-05,-1.34947e-05
-2.28128e-05,-2.30707e-05,-2.34032e-05,-2.36829e-05,-2.37216e-05,-2.3362e-05,-2.24571e-05,-2.08509e-05,-1.8804e-05,-1.61931e-05,-1.32225e-05
-2.23598e-05,-2.26542e-05,-2.29588e-05,-2.32436e-05,-2.32775e-05,-2.29268e-05,-2.20384e-05,-2.04541e-05,-1.84411e-05,-1.58706e-05,-1.2948e-05
-2.19348e-05,-2.22162e-05,-2.25351e-05,-2.28157e-05,-2.28557e-05,-2.25111e-05,-2.16387e-05,-2.00782e-05,-1.80953e-05,-1.55666e-05,-1.26855e-05
-2.15176e-05,-2.17684e-05,-2.21076e-05,-2.23889e-05,-2.24292e-05,-2.20909e-05,-2.12345e-05,-1.96969e-05,-1.77409e-05,-1.52556e-05,-1.24251e-05
-2.11137e-05,-2.13685e-05,-2.17021e-05,-2.19782e-05,-2.20245e-05,-2.16932e-05,-2.08511e-05,-1.9335e-05,-1.74177e-05,-1.49631e-05,-1.21769e-05
-2.07158e-05,-2.09526e-05,-2.1299e-05,-2.15774e-05,-2.16224e-05,-2.12977e-05,-2.04704e-05,-1.8974e-05,-1.70842e-05,-1.46716e-05,-1.19286e-05
-2.03338e-05,-2.05822e-05,-2.09091e-05,-2.11823e-05,-2.1231e-05,-2.09138e-05,-2.01016e-05,-1.86286e-05,-1.67623e-05,-1.43907e-05,-1.16909e-05
-1.99614e-05,-2.01983e-05,-2.05231e-05,-2.07982e-05,-2.08472e-05,-2.05363e-05,-1.97343e-05,-1.82828e-05,-1.64524e-05,-1.41101e-05,-1.14533e-05
-1.95795e-05,-1.98208e-05,-2.01451e-05,-2.0417e-05,-2.04679e-05,-2.01647e-05,-1.93751e-05,-1.79435e-05,-1.61372e-05,-1.38369e-05,-1.12212e-05
-1.92149e-05,-1.9454e-05,-1.9779e-05,-2.00498e-05,-2.01012e-05,-1.98042e-05,-1.90262e-05,-1.76147e-05,-1.58463e-05,-1.35702e-05,-1.09973e-05
-1.88471e-05,-1.90856e-05,-1.94096e-05,-1.96783e-05,-1.97326e-05,-1.94412e-05,-1.86769e-05,-1.72867e-05,-1.55357e-05,-1.33058e-05,-1.07723e-05
-1.84986e-05,-1.87352e-05,-1.90567e-05,-1.93252e-05,-1.93787e-05,-1.90924e-05,-1.83412e-05,-1.69696e-05,-1.52493e-05,-1.30494e-05,-1.05555e-05
-1.8149e-05,-1.83905e-05,-1.87155e-05,-1.89784e-05,-1.90346e-05,-1.87548e-05,-1.80156e-05,-1.66612e-05,-1.49584e-05,-1.28021e-05,-1.03462e-05
-1.78133e-05,-1.80445e-05,-1.83711e-05,-1.86352e-05,-1.86916e-05,-1.84169e-05,-1.76882e-05,-1.63541e-05,-1.46822e-05,-1.25534e-05,-1.01325e-05
-1.75024e-05,-1.76974e-05,-1.80453e-05,-1.83057e-05,-1.83637e-05,-1.8094e-05,-1.7378e-05,-1.60584e-05,-1.44172e-05,-1.23174e-05,-9.93508e-06
-1.71642e-05,-1.74125e-05,-1.77134e-05,-1.79722e-05,-1.80309e-05,-1.77665e-05,-1.70609e-05,-1.57629e-05,-1.41404e-05,-1.20766e-05,-9.73272e-06
-1.68471e-05,-1.70628e-05,-1.73948e-05,-1.76513e-05,-1.77146e-05,-1.74537e-05,-1.67585e-05,-1.54785e-05,-1.38805e-05,-1.18491e-05,-9.53912e-06
-1.65318e-05,-1.67528e-05,-1.70845e-05,-1.73394e-05,-1.73987e-05,-1.71452e-05,-1.64604e-05,-1.51973e-05,-1.36163e-05,-1.16209e-05,-9.34684e-06
-1.62411e-05,-1.64546e-05,-1.67768e-05,-1.70273e-05,-1.70917e-05,-1.68405e-05,-1.6167e-05,-1.492e-05,-1.33689e-05,-1.13994e-05,-9.16119e-06
-1.59388e-05,-1.61652e-05,-1.64796e-05,-1.67322e-05,-1.67909e-05,-1.65457e-05,-1.58819e-05,-1.46495e-05,-1.31237e-05,-1.11825e-05,-8.98065e-06
-1.56616e-05,-1.58621e-05,-1.61869e-05,-1.6431e-05,-1.6497e-05,-1.62551e-05,-1.56016e-05,-1.43907e-05,-1.2883e-05,-1.09713e-05,-8.8025e-06
-1.53859e-05,-1.55784e-05,-1.58953e-05,-1.61419e-05,-1.62037e-05,-1.59672e-05,-1.53232e-05,-1.41281e-05,-1.26429e-05,-1.07613e-05,-8.62586e-06
-1.50922e-05,-1.52923e-05,-1.56181e-05,-1.58581e-05,-1.59221e-05,-1.5691e-05,-1.50561e-05,-1.38773e-05,-1.23993e-05,-1.05602e-05,-8.45721e-06
-1.48186e-05,-1.50214e-05,-1.53372e-05,-1.55775e-05,-1.56408e-05,-1.54123e-05,-1.47874e-05,-1.36245e-05,-1.21827e-05,-1.03576e-05,-8.28679e-06
-1.4551e-05,-1.47516e-05,-1.50686e-05,-1.53018e-05,-1.53696e-05,-1.5145e-05,-1.45294e-05,-1.33794e-05,-1.19623e-05,-1.0163e-05,-8.12274e-06
-1.42961e-05,-1.44914e-05,-1.48064e-05,-1.50398e-05,-1.5104e-05,-1.48825e-05,-1.42763e-05,-1.31465e-05,-1.17369e-05,-9.9711e-06,-7.96411e-06
-1.40381e-05,-1.42266e-05,-1.45437e-05,-1.47733e-05,-1.48399e-05,-1.46225e-05,-1.40253e-05,-1.29086e-05,-1.15343e-05,-9.78351e-06,-7.80633e-06
-1.37904e-05,-1.3973e-05,-1.42904e-05,-1.45155e-05,-1.45835e-05,-1.437e-05,-1.37816e-05,-1.26844e-05,-1.13193e-05,-9.60033e-06,-7.65366e-06
-1.35512e-05,-1.3724e-05,-1.40415e-05,-1.42632e-05,-1.43326e-05,-1.41217e-05,-1.35422e-05,-1.24567e-05,-1.11114e-05,-9.42041e-06,-7.50085e-06
-1.32988e-05,-1.34713e-05,-1.37959e-05,-1.40167e-05,-1.40855e-05,-1.38781e-05,-1.33064e-05,-1.22348e-05,-1.09128e-05,-9.24423e-06,-7.35519e-06
-1.30729e-05,-1.32424e-05,-1.35576e-05,-1.3776e-05,-1.38432e-05,-1.36397e-05,-1.30758e-05,-1.20178e-05,-1.07198e-05,-9.07127e-06,-7.21113e-06
-1.28396e-05,-1.29944e-05,-1.33219e-05,-1.35369e-05,-1.36049e-05,-1.3406e-05,-1.28491e-05,-1.18083e-05,-1.05114e-05,-8.9023e-06,-7.07028e-06
-1.26113e-05,-1.27782e-05,-1.30896e-05,-1.33029e-05,-1.33708e-05,-1.31736e-05,-1.26252e-05,-1.1594e-05,-1.03257e-05,-8.73329e-06,-6.9308e-06
-1.23963e-05,-1.25574e-05,-1.2865e-05,-1.30823e-05,-1.31423e-05,-1.29482e-05,-1.24076e-05,-1.1392e-05,-1.01394e-05,-8.57071e-06,-6.79506e-06
-1.21721e-05,-1.23426e-05,-1.26451e-05,-1.28516e-05,-1.29192e-05,-1.2728e-05,-1.21949e-05,-1.1189e-05,-9.95835e-06,-8.41181e-06,-6.66265e-06
-1.19774e-05,-1.21218e-05,-1.24263e-05,-1.26365e-05,-1.26984e-05,-1.25098e-05,-1.19845e-05,-1.09962e-05,-9.77682e-06,-8.25432e-06,-6.53235e-06
-1.17531e-05,-1.19053e-05,-1.22146e-05,-1.24171e-05,-1.24824e-05,-1.22968e-05,-1.17784e-05,-1.08025e-05,-9.59121e-06,-8.10097e-06,-6.40504e-06
-1.15511e-05,-1.17001e-05,-1.20079e-05,-1.22092e-05,-1.2273e-05,-1.20896e-05,-1.15786e-05,-1.06164e-05,-9.42988e-06,-7.95178e-06,-6.28099e-06
-1.13568e-05,-1.1498e-05,-1.18033e-05,-1.19972e-05,-1.20654e-05,-1.18853e-05,-1.13811e-05,-1.04313e-05,-9.26083e-06,-7.80542e-06,-6.15916e-06
-1.11497e-05,-1.13093e-05,-1.16026e-05,-1.18012e-05,-1.18611e-05,-1.1683e-05,-1.11858e-05,-1.0245e-05,-9.09551e-06,-7.65947e-06,-6.03897e-06
-1.09639e-05,-1.1099e-05,-1.14055e-05,-1.15955e-05,-1.16625e-05,-1.1486e-05,-1.09957e-05,-1.00709e-05,-8.93118e-06,-7.51776e-06,-5.92243e-06
-1.07736e-05,-1.08956e-05,-1.12132e-05,-1.14066e-05,-1.14664e-05,-1.12929e-05,-1.08083e-05,-9.89528e-06,-8.76183e-06,-7.37965e-06,-5.80759e-06
-1.05926e-05,-1.07467e-05,-1.10228e-05,-1.12079e-05,-1.12731e-05,-1.11026e-05,-1.06249e-05,-9.72401e-06,-8.61487e-06,-7.24328e-06,-5.69512e-06
-1.04113e-05,-1.05683e-05,-1.08384e-05,-1.10272e-05,-1.1086e-05,-1.09175e-05,-1.0446e-05,-9.55734e-06,-8.46261e-06,-7.11144e-06,-5.58466e-06
-1.02333e-05,-1.03756e-05,-1.06572e-05,-1.08365e-05,-1.09007e-05,-1.07349e-05,-1.02689e-05,-9.38743e-06,-8.30363e-06,-6.97946e-06,-5.47811e-06
-1.00656e-05,-1.02118e-05,-1.04807e-05,-1.0663e-05,-1.072e-05,-1.05576e-05,-1.00979e-05,-9.23213e-06,-8.17603e-06,-6.85359e-06,-5.37397e-06
-9.88737e-06,-1.00336e-05,-1.03029e-05,-1.04765e-05,-1.05402e-05,-1.03783e-05,-9.92536e-06,-9.07113e-06,-8.01898e-06,-6.7257e-06,-5.26826e-06
-9.722e-06,-9.86461e-06,-1.01339e-05,-1.03125e-05,-1.03675e-05,-1.0207e-05,-9.76064e-06,-8.92108e-06,-7.88792e-06,-6.60282e-06,-5.16786e-06
-9.55971e-06,-9.68682e-06,-9.96426e-06,-1.01317e-05,-1.01943e-05,-1.00366e-05,-9.59549e-06,-8.7639e-06,-7.73844e-06,-6.48336e-06,-5.06863e-06
-9.38629e-06,-9.53569e-06,-9.79797e-06,-9.9698e-06,-1.0026e-05,-9.87042e-06,-9.43433e-06,-8.60958e-06,-7.60282e-06,-6.36418e-06,-4.96834e-06
-9.2368e-06,-9.37349e-06,-9.63585e-06,-9.80252e-06,-9.86045e-06,-9.70609e-06,-9.27714e-06,-8.46731e-06,-7.46758e-06,-6.24757e-06,-4.87634e-06
-9.0873e-06,-9.22111e-06,-9.47858e-06,-9.64344e-06,-9.70068e-06,-9.54884e-06,-9.12376e-06,-8.32562e-06,-7.33776e-06,-6.13541e-06,-4.78365e-06
-8.9378e-06,-9.03158e-06,-9.32341e-06,-9.47738e-06,-9.5423e-06,-9.39128e-06,-8.97293e-06,-8.18491e-06,-7.218e-06,-6.02309e-06,-4.69298e-06
-8.78108e-06,-8.87381e-06,-9.16886e-06,-9.32973e-06,-9.38315e-06,-9.23552e-06,-8.82113e-06,-8.04426e-06,-7.08087e-06,-5.91387e-06,-4.60245e-06
-8.63268e-06,-8.72502e-06,-9.01814e-06,-9.16317e-06,-9.22972e-06,-9.08368e-06,-8.67451e-06,-7.90935e-06,-6.96089e-06,-5.80802e-06,-4.51498e-06
-8.49034e-06,-8.59208e-06,-8.87e-06,-9.02722e-06,-9.07856e-06,-8.93415e-06,-8.53003e-06,-7.77367e-06,-6.82254e-06,-5.70061e-06,-4.42775e-06
-8.35005e-06,-8.43646e-06,-8.7252e-06,-8.86516e-06,-8.9307e-06,-8.78791e-06,-8.38982e-06,-7.64739e-06,-6.71806e-06,-5.59955e-06,-4.3444e-06
-8.21918e-06,-8.3016e-06,-8.58392e-06,-8.73006e-06,-8.7874e-06,-8.64521e-06,-8.25182e-06,-7.51489e-06,-6.6087e-06,-5.49568e-06,-4.26243e-06
-8.07426e-06,-8.1617e-06,-8.44379e-06,-8.58569e-06,-8.64337e-06,-8.50259e-06,-8.11479e-06,-7.38917e-06,-6.48263e-06,-5.39785e-06,-4.18062e-06
-7.94341e-06,-8.02911e-06,-8.30695e-06,-8.44773e-06,-8.50443e-06,-8.36536e-06,-7.98162e-06,-7.26053e-06,-6.37163e-06,-5.30001e-06,-4.1015e-06
-7.8098e-06,-7.89379e-06,-8.17413e-06,-8.31096e-06,-8.3662e-06,-8.23043e-06,-7.85011e-06,-7.1438e-06,-6.2473e-06,-5.20511e-06,-4.02346e-06
-7.68197e-06,-7.75814e-06,-8.04172e-06,-8.17928e-06,-8.23144e-06,-8.09641e-06,-7.72152e-06,-7.02582e-06,-6.15112e-06,-5.1112e-06,-3.94746e-06
-7.55603e-06,-7.62622e-06,-7.9116e-06,-8.04366e-06,-8.09904e-06,-7.96502e-06,-7.59526e-06,-6.90972e-06,-6.0541e-06,-5.01795e-06,-3.87377e-06
-7.4342e-06,-7.51082e-06,-7.78439e-06,-7.91475e-06,-7.96851e-06,-7.83606e-06,-7.47102e-06,-6.79414e-06,-5.9397e-06,-4.92993e-06,-3.80021e-06
-7.31394e-06,-7.38826e-06,-7.66006e-06,-7.78948e-06,-7.8421e-06,-7.71076e-06,-7.34984e-06,-6.67659e-06,-5.85075e-06,-4.84226e-06,-3.7285e-06
-7.19668e-06,-7.26866e-06,-7.53646e-06,-7.65932e-06,-7.71524e-06,-7.5856e-06,-7.22905e-06,-6.57062e-06,-5.73605e-06,-4.75386e-06,-3.65773e-06
-7.08208e-06,-7.14401e-06,-7.41629e-06,-7.53997e-06,-7.59292e-06,-7.46366e-06,-7.11152e-06,-6.46522e-06,-5.62541e-06,-4.66845e-06,-3.58876e-06
-6.96959e-06,-7.03599e-06,-7.30019e-06,-7.4196e-06,-7.47179e-06,-7.34453e-06,-6.99738e-06,-6.35752e-06,-5.55178e-06,-4.58517e-06,-3.52221e-06
-6.85343e-06,-6.91675e-06,-7.18134e-06,-7.30165e-06,-7.35215e-06,-7.2264e-06,-6.88237e-06,-6.2512e-06,-5.44502e-06,-4.504e-06,-3.4555e-06
-6.75407e-06,-6.80649e-06,-7.06937e-06,-7.18783e-06,-7.23725e-06,-7.1135e-06,-6.77247e-06,-6.14361e-06,-5.34109e-06,-4.42378e-06,-3.39126e-06
-6.6426e-06,-6.692e-06,-6.95836e-06,-7.07293e-06,-7.1222e-06,-6.99917e-06,-6.6631e-06,-6.04811e-06,-5.25984e-06,-4.34605e-06,-3.32694e-06
-6.52842e-06,-6.58463e-06,-6.84696e-06,-6.96089e-06,-7.00858e-06,-6.88613e-06,-6.55476e-06,-5.94822e-06,-5.16939e-06,-4.26811e-06,-3.26479e-06
-6.42841e-06,-6.48271e-06,-6.74036e-06,-6.85106e-06,-6.89834e-06,-6.77829e-06,-6.45033e-06,-5.85213e-06,-5.09205e-06,-4.19133e-06,-3.2038e-06
-6.32058e-06,-6.37666e-06,-6.63224e-06,-6.74102e-06,-6.78896e-06,-6.66948e-06,-6.34551e-06,-5.75486e-06,-4.99451e-06,-4.11665e-06,-3.14329e-06
-6.22105e-06,-6.27916e-06,-6.53022e-06,-6.63598e-06,-6.68249e-06,-6.56409e-06,-6.24308e-06,-5.65431e-06,-4.89825e-06,-4.0443e-06,-3.08449e-06
-6.11922e-06,-6.17463e-06,-6.42557e-06,-6.53082e-06,-6.5768e-06,-6.45974e-06,-6.14313e-06,-5.56836e-06,-4.82582e-06,-3.97222e-06,-3.02699e-06
-6.01615e-06,-6.07898e-06,-6.32557e-06,-6.42824e-06,-6.47364e-06,-6.35779e-06,-6.04465e-06,-5.47763e-06,-4.74349e-06,-3.90205e-06,-2.97016e-06
-5.91427e-06,-5.98771e-06,-6.22577e-06,-6.32694e-06,-6.37129e-06,-6.25616e-06,-5.94795e-06,-5.3877e-06,-4.66267e-06,-3.8337e-06,-2.91451e-06
-5.83391e-06,-5.8827e-06,-6.12906e-06,-6.22801e-06,-6.27221e-06,-6.15874e-06,-5.85269e-06,-5.30026e-06,-4.58363e-06,-3.76633e-06,-2.86081e-06
-5.73848e-06,-5.78345e-06,-6.03409e-06,-6.12772e-06,-6.17553e-06,-6.06281e-06,-5.75946e-06,-5.20906e-06,-4.50734e-06,-3.70029e-06,-2.80762e-06
-5.64651e-06,-5.70191e-06,-5.93899e-06,-6.03443e-06,-6.07775e-06,-5.96641e-06,-5.66733e-06,-5.12925e-06,-4.42893e-06,-3.63441e-06,-2.75493e-06
-5.56665e-06,-5.60401e-06,-5.84888e-06,-5.93847e-06,-5.98563e-06,-5.87522e-06,-5.58009e-06,-5.05546e-06,-4.37062e-06,-3.57454e-06,-2.70569e-06
-5.4753e-06,-5.52133e-06,-5.75775e-06,-5.85016e-06,-5.89163e-06,-5.78404e-06,-5.49005e-06,-4.9634e-06,-4.28119e-06,-3.5089e-06,-2.65455e-06
-5.38409e-06,-5.43003e-06,-5.66662e-06,-5.75746e-06,-5.79909e-06,-5.69097e-06,-5.40174e-06,-4.88445e-06,-4.20788e-06,-3.44607e-06,-2.60434e-06
-5.30065e-06,-5.34703e-06,-5.57975e-06,-5.66922e-06,-5.70922e-06,-5.60289e-06,-5.31604e-06,-4.80045e-06,-4.13867e-06,-3.38615e-06,-2.55709e-06
-5.21793e-06,-5.27083e-06,-5.49346e-06,-5.58261e-06,-5.62196e-06,-5.51548e-06,-5.2334e-06,-4.72892e-06,-4.06736e-06,-3.32689e-06,-2.51016e-06
-5.13209e-06,-5.17496e-06,-5.41035e-06,-5.49618e-06,-5.53607e-06,-5.43017e-06,-5.15129e-06,-4.65443e-06,-3.99997e-06,-3.26926e-06,-2.46332e-06
-5.05819e-06,-5.10074e-06,-5.32639e-06,-5.41097e-06,-5.45002e-06,-5.34571e-06,-5.06932e-06,-4.57883e-06,-3.93194e-06,-3.21159e-06,-2.41713e-06
-4.97505e-06,-5.01412e-06,-5.24627e-06,-5.33176e-06,-5.36894e-06,-5.26418e-06,-4.99051e-06,-4.50998e-06,-3.85523e-06,-3.15568e-06,-2.37351e-06
-4.90871e-06,-4.95031e-06,-5.16584e-06,-5.24675e-06,-5.28555e-06,-5.18291e-06,-4.91226e-06,-4.42927e-06,-3.80361e-06,-3.10095e-06,-2.32957e-06
-4.82294e-06,-4.86723e-06,-5.08439e-06,-5.16581e-06,-5.20331e-06,-5.10055e-06,-4.83415e-06,-4.36365e-06,-3.73772e-06,-3.04631e-06,-2.28611e-06
-4.75196e-06,-4.79378e-06,-5.00853e-06,-5.08712e-06,-5.12411e-06,-5.02288e-06,-4.75882e-06,-4.29464e-06,-3.67552e-06,-2.99347e-06,-2.24428e-06
-4.66982e-06,-4.71697e-06,-4.93191e-06,-5.01003e-06,-5.04642e-06,-4.94581e-06,-4.68446e-06,-4.22745e-06,-3.61438e-06,-2.94171e-06,-2.20333e-06
-4.60275e-06,-4.64977e-06,-4.85689e-06,-4.93315e-06,-4.96859e-06,-4.86988e-06,-4.61121e-06,-4.16077e-06,-3.55367e-06,-2.8903e-06,-2.16266e-06
-4.53309e-06,-4.57614e-06,-4.78323e-06,-4.85925e-06,-4.89333e-06,-4.7952e-06,-4.53981e-06,-4.09121e-06,-3.49689e-06,-2.841e-06,-2.12349e-06
