0.0373821,0.0364592,0.0358344,0.0346752,0.0327417,0.031357,0.0295645,0.0275515,0.0252966,0.0234208,0.0213963
0.0347811,0.0342342,0.0337096,0.032521,0.0305674,0.0292249,0.0275821,0.0254473,0.0236016,0.0216534,0.0197241
0.0326249,0.0318013,0.031521,0.0303075,0.0286251,0.0271381,0.0254878,0.023717,0.021579,0.0198489,0.0180278
0.0305936,0.029854,0.029401,0.0283534,0.0267035,0.0253982,0.0237326,0.0219714,0.0202298,0.0183602,0.0166598
0.0287261,0.0280617,0.027593,0.0266527,0.0250393,0.023775,0.0222181,0.0205121,0.0188454,0.0170409,0.0154315
0.0270607,0.0264734,0.0260592,0.0251299,0.023555,0.0222973,0.0208858,0.0191928,0.0176496,0.0158833,0.0143598
0.0255298,0.024923,0.0244583,0.0236346,0.0221475,0.020979,0.0195506,0.0180005,0.0164926,0.0148017,0.0133478
0.024158,0.0235135,0.0230755,0.0223476,0.0209089,0.0197626,0.0184052,0.0169141,0.0155026,0.0138778,0.012483
0.0228228,0.0222803,0.0217849,0.021084,0.0197054,0.0186314,0.0173136,0.0159051,0.0145415,0.0129539,0.0116495
0.0215588,0.0211363,0.020679,0.0199578,0.0185538,0.0176028,0.016322,0.0150234,0.0136893,0.0121372,0.010907
0.0204822,0.0199174,0.0195783,0.0188963,0.0177284,0.016639,0.0154345,0.0141294,0.0129359,0.0113633,0.0102294
0.0195491,0.0191275,0.0185543,0.0180571,0.0167573,0.0158029,0.0146035,0.0134007,0.0120816,0.0108552,0.00960966
0.0184982,0.0181287,0.0175919,0.0170185,0.0159115,0.0149181,0.013834,0.01264,0.0114996,0.0101386,0.00905776
0.0175344,0.0172223,0.0167597,0.0162286,0.0151335,0.0141687,0.0130914,0.0119818,0.0109379,0.00955447,0.00855768
0.0167143,0.0163524,0.0158727,0.0153745,0.0143129,0.0134556,0.0124067,0.0113508,0.0102927,0.00902167,0.00804211
0.0159363,0.015636,0.0151338,0.0146185,0.0136423,0.0127994,0.0118118,0.0107602,0.0098093,0.00851684,0.00758614
0.0152788,0.0148099,0.0144324,0.0139688,0.0130367,0.0122538,0.0112005,0.0102394,0.00927984,0.00805575,0.00718351
0.0145429,0.0142991,0.0137376,0.0133245,0.0123686,0.0116519,0.0106596,0.00970823,0.00892482,0.0076823,0.00686556
0.0137746,0.0135676,0.0130575,0.0126795,0.011793,0.011084,0.0101463,0.00926934,0.00841729,0.00725878,0.00647128
0.0131523,0.0131034,0.0124594,0.012084,0.0112188,0.0105359,0.00974747,0.00881328,0.0080097,0.00689306,0.00609815
0.0125591,0.0123763,0.0118663,0.0115632,0.0107179,0.0100772,0.00922453,0.00840884,0.00760789,0.00653278,0.00581132
0.0119981,0.0118584,0.0113816,0.0110906,0.0102661,0.00964621,0.00881083,0.0080131,0.00724313,0.00627158,0.00549952
0.0114925,0.0112138,0.0108918,0.0105449,0.00978205,0.00917592,0.00841093,0.00762924,0.00683614,0.00590546,0.00521819
0.0110433,0.0108628,0.0104205,0.0101156,0.00939867,0.00884271,0.00802981,0.00727765,0.00658937,0.00570429,0.00494531
0.0105065,0.0103081,0.00993992,0.00965474,0.00892318,0.00842489,0.00767447,0.00695117,0.00626545,0.00536127,0.00470194
0.0101038,0.00992361,0.00950002,0.0091999,0.00861494,0.00804848,0.00733537,0.00658905,0.00597796,0.00513627,0.00449903
0.00963095,0.00948556,0.00912053,0.00887478,0.0082259,0.00772382,0.00700685,0.00633138,0.00570491,0.00488521,0.00429305
0.00927359,0.00914212,0.0087159,0.00842642,0.0078808,0.00738163,0.00670956,0.00605616,0.00545859,0.00466263,0.00405612
0.00885949,0.00871444,0.00838762,0.00817613,0.00758356,0.00707445,0.00640991,0.00580637,0.0052183,0.00447077,0.00388821
0.00853405,0.00842897,0.00804975,0.00778171,0.00722352,0.00678853,0.00616606,0.00554098,0.00504121,0.00428762,0.00373015
0.00814409,0.00805843,0.00766821,0.00753125,0.00695103,0.006544,0.00591619,0.00527897,0.00479465,0.00405714,0.00354575
0.00784135,0.00777192,0.0073478,0.0071829,0.0066646,0.00627126,0.00566328,0.00506004,0.00458316,0.00388011,0.00333297
0.00752684,0.00742986,0.00708118,0.00689008,0.00638256,0.00598858,0.0054338,0.00486495,0.00438542,0.00372063,0.00321289
0.00721182,0.0071617,0.00681111,0.006651,0.00614529,0.00577242,0.00519283,0.00467262,0.00420801,0.00358239,0.00306073
0.00693543,0.00689348,0.00648699,0.00634581,0.0058611,0.00550908,0.00504202,0.00445708,0.0040473,0.00339362,0.00294031
0.00666589,0.00662859,0.00624097,0.00613668,0.00566537,0.00529045,0.00482332,0.00428345,0.00387477,0.00330323,0.00282399
0.00640429,0.00634021,0.00600593,0.00588469,0.0054337,0.00512065,0.00462852,0.00408632,0.0037247,0.00312531,0.00269125
0.0061681,0.006103,0.00579366,0.00564666,0.00521668,0.00494342,0.00445944,0.00392239,0.00358051,0.00301578,0.00256735
0.00593351,0.00590804,0.00554768,0.00543524,0.00498787,0.00472715,0.00429931,0.00378415,0.00343105,0.0028829,0.00246048
0.00574948,0.00567606,0.00540385,0.0051928,0.00486641,0.00459292,0.00409712,0.00364505,0.0033069,0.00277583,0.0023298
0.00549712,0.00543376,0.00519425,0.00501945,0.00466047,0.00439106,0.00394002,0.00349476,0.00318278,0.00267892,0.00226158
0.00527642,0.00523676,0.00497842,0.00486061,0.00446121,0.00422366,0.00378934,0.00337431,0.00304476,0.0025624,0.00217009
0.00508593,0.00504119,0.00478906,0.0046319,0.0042984,0.00408134,0.00366248,0.00323016,0.00294406,0.00245941,0.00207741
0.00490835,0.00486046,0.00460293,0.00449326,0.00415213,0.00392573,0.00351336,0.00310656,0.00282748,0.00238187,0.00198948
0.00472118,0.00472911,0.00443788,0.00433443,0.00402251,0.00376475,0.00340311,0.00299584,0.0027166,0.00229389,0.00192353
0.00455892,0.0045091,0.00430025,0.00419365,0.00387294,0.00361185,0.00326632,0.00288553,0.00258525,0.00217713,0.00183475
0.00437992,0.00436534,0.00410704,0.00403528,0.00373584,0.00350679,0.0031519,0.0027756,0.00250339,0.00209367,0.00176288
0.00424154,0.00419522,0.00397941,0.00390209,0.00359228,0.00334626,0.00301018,0.00268072,0.00241287,0.00201703,0.00170868
0.00410081,0.00404695,0.00385166,0.00375276,0.00347448,0.00326127,0.00293212,0.00258892,0.00230972,0.00193297,0.00162621
0.00394459,0.00389538,0.00371526,0.00363694,0.00335741,0.00315464,0.00281966,0.00248588,0.00220922,0.00186515,0.00155619
0.0037931,0.00376065,0.00358608,0.00349049,0.00323649,0.00303553,0.00272662,0.00240301,0.00215148,0.0017903,0.0014962
0.00365437,0.00364731,0.00346851,0.00339655,0.00314763,0.00291636,0.00259866,0.00231157,0.00207332,0.00174065,0.00144921
0.0035504,0.00351229,0.00333926,0.00326084,0.00300636,0.00281336,0.00251533,0.0022256,0.00201195,0.00167673,0.00139441
0.0034158,0.00337363,0.00324674,0.00315154,0.00290328,0.00272668,0.00242066,0.00215364,0.00192911,0.00160426,0.00135355
0.00330883,0.00327479,0.00310805,0.00304477,0.00280354,0.00261319,0.00235088,0.00207298,0.00185024,0.00154244,0.00128379
0.00318844,0.00316072,0.00299714,0.00292472,0.00269814,0.00252921,0.00227056,0.00199984,0.00179602,0.0014964,0.00124122
0.00309112,0.00305721,0.00290287,0.00285075,0.00263354,0.00244357,0.00219621,0.0019337,0.00171766,0.00143368,0.0011886
0.00297965,0.00294714,0.00282625,0.0027482,0.0025361,0.00236916,0.00211113,0.00186915,0.00166229,0.00138198,0.00114952
0.00288736,0.00285051,0.00271839,0.00265596,0.00245146,0.0022853,0.00203825,0.00179973,0.00160411,0.00133515,0.00110398
0.00279339,0.00275481,0.00262125,0.00257657,0.00236146,0.00219674,0.00197068,0.00174945,0.00155577,0.00128482,0.00106794
0.00269249,0.00267038,0.00254757,0.00249839,0.00231586,0.00211441,0.00189911,0.00168117,0.00150583,0.00125217,0.00102795
0.0026033,0.00258963,0.00246438,0.00240535,0.00223025,0.00208142,0.00183587,0.00162945,0.0014473,0.00120081,0.000985863
0.00252302,0.00249265,0.0023794,0.00232381,0.00214308,0.00199973,0.0017741,0.00156704,0.00139405,0.00115597,0.000951995
0.00243687,0.00241758,0.00229923,0.00223792,0.00206986,0.00193252,0.00171712,0.00151889,0.00135016,0.00111819,0.000918729
0.00236896,0.00234033,0.00222613,0.00218011,0.00200698,0.00187349,0.00165943,0.00147494,0.00129946,0.00107576,0.000880872
0.00227525,0.00226801,0.00214934,0.00211132,0.0019452,0.00180695,0.001607,0.00142446,0.00126682,0.0010416,0.000851494
0.00222776,0.00219932,0.00209684,0.00204426,0.00188725,0.00175349,0.00155928,0.00137984,0.0012105,0.00100143,0.000824546
0.00214478,0.00211765,0.00202162,0.0019779,0.00182709,0.00169283,0.00150109,0.0013277,0.00118074,0.000974114,0.000796936
0.00207631,0.00203871,0.00196706,0.0019133,0.00176637,0.00162823,0.00145318,0.00128753,0.0011531,0.0009487,0.000771845
0.00201034,0.00198993,0.00190264,0.00185126,0.00170911,0.00158694,0.00140848,0.00124612,0.00110295,0.000907777,0.000739774
0.00194732,0.0019234,0.00183382,0.00179729,0.00165008,0.00153143,0.00136457,0.00120886,0.00106569,0.00087246,0.000709539
0.00188847,0.00185632,0.00178175,0.00174033,0.00160523,0.00149682,0.00131731,0.00116749,0.00102824,0.000844414,0.00068745
0.00182715,0.00180811,0.00172941,0.0016894,0.00154969,0.00144953,0.00127112,0.001131,0.000998905,0.000817144,0.000663183
0.0017764,0.00174364,0.0016694,0.00163524,0.00151504,0.0013904,0.00123549,0.00108824,0.000966645,0.000792526,0.00064078
0.00172362,0.00169722,0.00162304,0.00158666,0.00145911,0.00136051,0.00119581,0.00106792,0.000932292,0.000763447,0.000620349
0.00166324,0.00164709,0.00156794,0.00153227,0.00141436,0.00132121,0.00116053,0.00102654,0.000903833,0.000741938,0.000598307
0.00161415,0.00159433,0.00153019,0.00148777,0.00136704,0.00127383,0.00112428,0.00099837,0.000873785,0.000712442,0.000577502
0.00156429,0.00155109,0.00148407,0.00144185,0.00133637,0.00123727,0.00109682,0.00096354,0.000847549,0.000694202,0.000557851
0.00152545,0.00149964,0.00143895,0.00140426,0.0012828,0.00119919,0.00105463,0.000940225,0.00082148,0.000672345,0.00053798
0.00147319,0.00146118,0.00139323,0.00135856,0.00125349,0.00117039,0.00102445,0.000908105,0.000798412,0.000649966,0.00052022
0.00142742,0.00140785,0.00135905,0.00132249,0.00121157,0.00112744,0.000994011,0.000881781,0.000763297,0.000627312,0.000500559
0.00138345,0.00136745,0.00131381,0.00127878,0.00118153,0.00109668,0.000966567,0.000850473,0.000746432,0.000608878,0.000485838
0.00133899,0.00134348,0.00128174,0.00124484,0.00114361,0.00106472,0.000935068,0.000831385,0.00072119,0.000589821,0.000468725
0.00130366,0.00129361,0.00123566,0.00120552,0.00110917,0.00103712,0.000908397,0.0008106,0.000711945,0.000569705,0.000456902
0.00126484,0.00125353,0.00121378,0.00116938,0.00107474,0.00100261,0.000876457,0.000783769,0.000679638,0.000550661,0.000440444
0.00122424,0.00122445,0.00117366,0.00113164,0.00105505,0.000986328,0.000857944,0.000755773,0.000658859,0.000539203,0.000429772
0.0011922,0.00117882,0.00113183,0.00110456,0.00101501,0.000948504,0.000826184,0.000735772,0.000635357,0.000519902,0.000411376
0.00115883,0.00115268,0.00110092,0.00106905,0.000988555,0.000922803,0.000807055,0.000711825,0.000621617,0.000504695,0.000400117
0.00112113,0.00112187,0.0010779,0.00103791,0.000970524,0.000893817,0.00078706,0.00068652,0.000597498,0.000487736,0.000385895
0.00110565,0.00109202,0.00104102,0.00101034,0.000937471,0.000873981,0.00076488,0.000665751,0.000584039,0.000474191,0.000368322
0.00106796,0.00104809,0.00101511,0.000972922,0.000912027,0.000839573,0.000737276,0.000648124,0.000563781,0.000456484,0.000358559
0.00103445,0.00102559,0.000982641,0.000956482,0.000883889,0.000821918,0.000719551,0.000633172,0.000553038,0.000446075,0.000350549
0.0010038,0.000997397,0.000957981,0.000926727,0.000857537,0.000793766,0.000694319,0.00061746,0.000533906,0.000432125,0.000341968
0.000975286,0.000967577,0.000927766,0.000899352,0.000834693,0.000774077,0.000679101,0.000596243,0.00051595,0.00042007,0.00033023
0.000945979,0.000942074,0.000902033,0.000878575,0.000809197,0.000753537,0.000659215,0.000586139,0.000499968,0.000403977,0.000317434
0.000925055,0.00091402,0.000880929,0.000858283,0.000791741,0.000737584,0.000637492,0.000560674,0.000493813,0.000392111,0.000305965
0.000896044,0.000892305,0.000861488,0.000829163,0.000763346,0.000713107,0.000621768,0.000551219,0.000477875,0.000379066,0.000295964
0.000876399,0.000868877,0.000831249,0.000805263,0.000748341,0.000695271,0.000606668,0.000533949,0.000462925,0.000371802,0.000290306
0.000854813,0.000844186,0.000814176,0.000787794,0.000728887,0.000676437,0.000590804,0.000515016,0.000447885,0.000361202,0.000280987
0.0008261,0.00082535,0.000786301,0.000765653,0.000708028,0.000658391,0.000574764,0.000503246,0.000435337,0.000349446,0.000271917
0.000803756,0.000801664,0.000769221,0.000740856,0.000688608,0.000637707,0.000558384,0.000490626,0.000424498,0.000340313,0.000263472
0.0007802,0.000774501,0.000743122,0.000721405,0.000667935,0.000624515,0.000545038,0.000475296,0.000412974,0.000330957,0.000254805
0.000758934,0.000760234,0.000730522,0.000700777,0.000646901,0.000600047,0.000531007,0.000465893,0.00039997,0.000317118,0.000246076
0.000740708,0.000733638,0.000700277,0.000680093,0.000636761,0.000591224,0.00051414,0.000451609,0.00038775,0.00031052,0.000240539
0.00072364,0.000713946,0.000691371,0.00066495,0.00062234,0.000572203,0.000500771,0.000435619,0.000378593,0.000303462,0.000233386
0.000705815,0.00069971,0.000669156,0.000644216,0.000599864,0.000560328,0.000489659,0.000421145,0.000367934,0.000291092,0.000226534
0.000680643,0.000675062,0.000656705,0.000631327,0.000589798,0.000546498,0.000481211,0.000416398,0.000358831,0.000285873,0.000217866
0.000673811,0.000669524,0.000630761,0.000613497,0.000569755,0.00052746,0.000463837,0.000408132,0.000343,0.000277287,0.000213295
0.000646054,0.000642479,0.000620975,0.000595996,0.000555674,0.000520207,0.000455321,0.000396936,0.000338007,0.000267498,0.000204828
0.000633665,0.000627107,0.000604259,0.000582283,0.000541081,0.000498797,0.000441397,0.000381953,0.000327641,0.000263287,0.000202228
0.000616698,0.000610643,0.000585927,0.000563763,0.000523793,0.000488779,0.000429552,0.000371449,0.00031901,0.000254584,0.000194852
0.000597245,0.000591995,0.000572599,0.000553111,0.000515021,0.000474625,0.00041276,0.000358361,0.000311498,0.00025017,0.000189814
0.000584866,0.000580436,0.000559169,0.000541284,0.00050056,0.000463493,0.000406071,0.000352701,0.000303578,0.000236698,0.000183327
0.000568773,0.000564814,0.000542109,0.000519869,0.000487182,0.00045442,0.000397595,0.000341263,0.000296829,0.000232927,0.000177898
0.000551181,0.000546917,0.000533967,0.000508183,0.000476786,0.000441454,0.000386306,0.000335545,0.000287633,0.000225176,0.00017195
0.000539891,0.000534114,0.000519172,0.000499366,0.00046749,0.000429516,0.000375051,0.000327097,0.000278231,0.000222815,0.000166982
0.000527764,0.000518118,0.000506387,0.000486698,0.000456118,0.000416346,0.000367738,0.000317481,0.000272447,0.000215722,0.000163225
0.000510225,0.000508669,0.000494508,0.000473341,0.000440896,0.000406886,0.000361219,0.000310417,0.000266134,0.000211789,0.000158678
0.000500817,0.000500603,0.000482544,0.000458672,0.000429751,0.000397924,0.000351381,0.000301209,0.000258546,0.00020274,0.000154079
0.000488212,0.000479846,0.000469778,0.000450596,0.000419813,0.000388476,0.000342355,0.000289159,0.000251919,0.000198478,0.00014802
0.000474817,0.000471553,0.000458871,0.000441045,0.000407222,0.000375855,0.000330233,0.000287385,0.00024554,0.000190619,0.000144205
0.000467952,0.000458813,0.000444907,0.000422244,0.000400953,0.000368169,0.000326007,0.000274539,0.000237899,0.000188335,0.000142353
0.000452975,0.00045239,0.000434737,0.000416432,0.000392367,0.00035603,0.000314824,0.000274005,0.000231144,0.000182872,0.000137739
0.000438163,0.00043262,0.000432593,0.000407208,0.000382112,0.000347999,0.000311857,0.000262651,0.000228431,0.000179665,0.000133903
0.000430582,0.000425324,0.000416443,0.000398838,0.000370735,0.000339438,0.000299159,0.000258938,0.00022014,0.000172507,0.000129015
0.000422279,0.000416577,0.000403907,0.000387656,0.000362283,0.000329378,0.000295854,0.000251245,0.000215786,0.000169432,0.000127422
0.000411672,0.000405543,0.00039504,0.000378193,0.000350555,0.00032401,0.000285912,0.000246304,0.00020925,0.000163626,0.000123006
0.000400095,0.000396956,0.000383811,0.000370414,0.000342321,0.000314841,0.000279571,0.000238748,0.000205446,0.000160406,0.000118952
0.000390056,0.000385808,0.000374681,0.000359136,0.000334708,0.000308016,0.000272227,0.000233908,0.000199883,0.000156496,0.00011685
0.00038515,0.000380082,0.000365868,0.00035024,0.00032791,0.000296593,0.000267854,0.000227622,0.000195197,0.000154182,0.000113561
0.000376589,0.000368843,0.000355984,0.000342182,0.000323995,0.000294799,0.000259492,0.000222736,0.000190563,0.000148167,0.000110847
0.000361081,0.000361445,0.000350019,0.000336931,0.000312465,0.000285612,0.000254485,0.000216214,0.000184306,0.000144379,0.000107193
0.000353192,0.000350781,0.000341104,0.000326655,0.000303993,0.000279811,0.000249501,0.000211296,0.000180649,0.000141057,0.000104664
0.00034775,0.000343416,0.000330914,0.000320218,0.00029931,0.000271431,0.00024375,0.000205828,0.000174104,0.000137603,0.000102172
0.000338184,0.000335714,0.000327211,0.00031222,0.000292746,0.000267171,0.00023757,0.000200171,0.000172006,0.000131632,9.93336e-05
0.000331866,0.000326855,0.000318252,0.000307065,0.000283297,0.000258534,0.000228525,0.000196486,0.000165224,0.000129719,9.66238e-05
0.000323815,0.000320061,0.000309809,0.000299093,0.000277336,0.000253556,0.000222532,0.000193102,0.000160759,0.000125974,9.39457e-05
0.0003173,0.000312358,0.000301997,0.000289868,0.000271722,0.000247924,0.00021942,0.000186205,0.000157821,0.000123223,9.11931e-05
0.000307072,0.000305519,0.000298322,0.000284634,0.000266708,0.000239074,0.000213014,0.000183781,0.000154934,0.000121471,8.86061e-05
0.000302171,0.000297468,0.000287087,0.000278849,0.000259824,0.000235795,0.000211063,0.000177172,0.000150007,0.000116002,8.63486e-05
0.000293089,0.000292453,0.000281815,0.000270512,0.000253302,0.000229578,0.000204094,0.000174895,0.000147414,0.000114847,8.35265e-05
0.0002882,0.000284254,0.000275465,0.000263412,0.000247206,0.000226461,0.000202698,0.000168578,0.000144698,0.000111658,8.30316e-05
0.000281588,0.000277463,0.000269285,0.000257264,0.000241655,0.000219128,0.000195983,0.000164978,0.000139826,0.000107982,8.04841e-05
0.000273869,0.000269223,0.000263801,0.000253268,0.000237854,0.000215586,0.000190896,0.000161444,0.000136839,0.00010643,7.80434e-05
0.000267184,0.000265313,0.000258902,0.000247517,0.000230539,0.000209751,0.000184698,0.000159987,0.000132653,0.000103927,7.54901e-05
0.000260522,0.000257836,0.000252903,0.000240374,0.00022771,0.000204689,0.000183318,0.00015494,0.000130741,0.000102332,7.46627e-05
0.000251897,0.000253535,0.000248125,0.000238014,0.000222716,0.000197582,0.000176631,0.000152154,0.000127774,9.88548e-05,7.15248e-05
0.000247693,0.000248426,0.000240353,0.000230991,0.000215533,0.000196602,0.000174075,0.000147002,0.000123786,9.52154e-05,6.99515e-05
0.000243499,0.000242034,0.000233046,0.000227349,0.000212399,0.000190503,0.000169739,0.000143995,0.000120285,9.36558e-05,6.84766e-05
0.000237265,0.00023665,0.000230491,0.00022152,0.000208151,0.00018498,0.000165361,0.000141746,0.000117634,9.2273e-05,6.61803e-05
0.000233898,0.000232306,0.000227345,0.000216463,0.000201606,0.00018193,0.00016305,0.000138524,0.00011521,8.88627e-05,6.50039e-05
0.000230344,0.000226895,0.000222717,0.000212328,0.000199729,0.000178809,0.000157624,0.000134589,0.000111243,8.65461e-05,6.33678e-05
0.00022169,0.000220941,0.000218758,0.000206104,0.000194646,0.000174128,0.000155265,0.00013183,0.000109895,8.52102e-05,6.15936e-05
0.000217777,0.000217283,0.00021302,0.00020164,0.000191228,0.000169774,0.000151859,0.000128713,0.000107347,8.27269e-05,5.99228e-05
0.000213369,0.00021185,0.000208442,0.00019781,0.000187656,0.0001653,0.000148541,0.000125394,0.000105112,8.16946e-05,5.86657e-05
0.000206973,0.000207435,0.000203166,0.000193731,0.000182616,0.000161833,0.000145198,0.00012252,0.000102823,7.94474e-05,5.69011e-05
0.00020391,0.000204294,0.000199831,0.000190558,0.000178054,0.000159173,0.000141559,0.000118879,0.0001006,7.66063e-05,5.52822e-05
0.000199707,0.000199002,0.000193601,0.000185929,0.000173632,0.000154295,0.000139772,0.000117827,9.81663e-05,7.64962e-05,5.50292e-05
0.000195758,0.000195038,0.00018885,0.000182498,0.000169839,0.000151309,0.000135639,0.000115337,9.5851e-05,7.38421e-05,5.29012e-05
0.000192874,0.000190919,0.000184137,0.000179328,0.00016748,0.000147954,0.000132679,0.000111791,9.30567e-05,7.18162e-05,5.17047e-05
0.00018924,0.000188386,0.000181506,0.000173555,0.00016308,0.000145976,0.000130002,0.0001103,9.10051e-05,7.02689e-05,5.01584e-05
0.000182,0.000182889,0.000178342,0.000169693,0.000159402,0.000140224,0.000126764,0.000108292,8.95347e-05,6.89304e-05,4.89343e-05
0.000179815,0.000178729,0.000173675,0.000166555,0.000156286,0.000138348,0.000124099,0.000105254,8.70106e-05,6.70088e-05,4.80444e-05
0.000174628,0.000175284,0.000170668,0.000162324,0.000153089,0.000135868,0.000121617,0.000102151,8.537e-05,6.57557e-05,4.68212e-05
0.000170485,0.000171343,0.000166651,0.000159699,0.000148707,0.000132209,0.000119438,0.000100746,8.30605e-05,6.42997e-05,4.60541e-05
0.000167579,0.000167823,0.000163103,0.000156372,0.000146539,0.000129415,0.000116598,9.84297e-05,8.13814e-05,6.25877e-05,4.458e-05
0.000164798,0.000165087,0.000160304,0.000152648,0.000144071,0.000127362,0.000114553,9.62948e-05,7.96776e-05,6.0789e-05,4.35086e-05
0.000160471,0.000161112,0.000156496,0.000150238,0.000140147,0.000124603,0.000111596,9.43121e-05,7.78521e-05,5.95602e-05,4.22775e-05
0.000157076,0.000157066,0.000153235,0.000148263,0.000137523,0.000121378,0.000108978,9.2546e-05,7.56977e-05,5.8374e-05,4.1226e-05
0.000153544,0.000154711,0.000149779,0.000144685,0.000134223,0.000117716,0.000106732,9.06465e-05,7.44766e-05,5.70618e-05,4.01407e-05
0.000151298,0.000151349,0.000147278,0.000140084,0.000131899,0.000116679,0.000105251,8.76492e-05,7.34076e-05,5.50554e-05,3.93857e-05
0.000147418,0.000148367,0.000143053,0.000137907,0.000129979,0.000115094,0.000102737,8.56604e-05,7.09344e-05,5.43089e-05,3.81824e-05
0.000144477,0.00014545,0.000140366,0.000135059,0.00012697,0.000111813,0.000100904,8.37238e-05,6.98656e-05,5.27596e-05,3.74218e-05
0.000141967,0.00014252,0.00013838,0.000132369,0.00012397,0.000109671,9.83766e-05,8.24397e-05,6.79966e-05,5.164e-05,3.65149e-05
0.000137644,0.000139242,0.000135173,0.000129515,0.000121295,0.000106666,9.65632e-05,8.09619e-05,6.68718e-05,5.08936e-05,3.55724e-05
0.00013567,0.000136517,0.000134272,0.00012685,0.000120244,0.000104903,9.48119e-05,7.94815e-05,6.55319e-05,4.98956e-05,3.48202e-05
0.000132814,0.000133806,0.000129975,0.000124495,0.000116278,0.000102456,9.29631e-05,7.70794e-05,6.38535e-05,4.82112e-05,3.39344e-05
0.000129674,0.000131182,0.000128005,0.000122176,0.000114098,9.94818e-05,9.02929e-05,7.60249e-05,6.25239e-05,4.73874e-05,3.29301e-05
0.000125456,0.000129297,0.000124206,0.000120262,0.000111887,9.765e-05,8.87471e-05,7.40529e-05,6.12928e-05,4.66504e-05,3.18102e-05
0.000124498,0.000126287,0.000122655,0.000117346,0.00010992,9.59416e-05,8.67313e-05,7.29402e-05,5.93001e-05,4.57394e-05,3.14904e-05
0.000122029,0.000123119,0.000120171,0.000115231,0.000107869,9.40742e-05,8.51197e-05,7.14155e-05,5.88382e-05,4.45359e-05,3.08068e-05
0.000118229,0.000121036,0.000117858,0.000112383,0.000105146,9.16573e-05,8.34288e-05,6.93539e-05,5.79561e-05,4.33614e-05,2.99751e-05
0.00011741,0.000117798,0.000115735,0.000110598,0.00010303,9.00812e-05,8.1823e-05,6.8525e-05,5.5834e-05,4.25552e-05,2.93193e-05
0.000115219,0.000116453,0.000113376,0.000108337,0.000101642,8.80192e-05,7.95698e-05,6.70427e-05,5.44329e-05,4.12499e-05,2.82684e-05
0.0001121,0.00011359,0.000111497,0.000105484,9.98247e-05,8.62406e-05,7.83013e-05,6.55753e-05,5.3949e-05,4.08769e-05,2.79931e-05
0.000109269,0.000111031,0.000108846,0.000103502,9.82097e-05,8.42459e-05,7.69019e-05,6.42316e-05,5.24758e-05,3.98999e-05,2.71133e-05
0.000108109,0.00011004,0.000107046,0.000101527,9.64689e-05,8.34825e-05,7.55938e-05,6.26183e-05,5.16454e-05,3.90987e-05,2.65513e-05
0.000104659,0.000107551,0.000104003,0.000100364,9.39748e-05,8.09754e-05,7.40745e-05,6.12079e-05,5.05743e-05,3.84101e-05,2.5779e-05
0.000103844,0.000105297,0.000102247,9.89173e-05,9.16925e-05,7.94183e-05,7.26552e-05,6.05897e-05,4.95951e-05,3.6922e-05,2.5439e-05
0.00010162,0.000103692,0.000100182,9.67637e-05,8.98603e-05,7.78834e-05,7.11077e-05,5.89592e-05,4.84826e-05,3.63448e-05,2.47894e-05
9.8601e-05,0.000101055,9.85083e-05,9.35781e-05,8.82764e-05,7.68899e-05,6.94827e-05,5.81708e-05,4.75108e-05,3.57452e-05,2.42832e-05
9.75833e-05,9.91547e-05,9.76738e-05,9.28987e-05,8.716e-05,7.492e-05,6.82748e-05,5.67347e-05,4.68057e-05,3.52772e-05,2.36454e-05
9.48796e-05,9.7086e-05,9.47074e-05,9.05284e-05,8.48229e-05,7.35052e-05,6.7159e-05,5.53067e-05,4.57876e-05,3.37356e-05,2.31206e-05
9.36563e-05,9.52744e-05,9.32429e-05,8.92218e-05,8.34446e-05,7.22448e-05,6.52882e-05,5.46091e-05,4.47731e-05,3.34987e-05,2.25886e-05
9.13032e-05,9.3343e-05,9.08764e-05,8.66583e-05,8.19246e-05,7.07498e-05,6.3812e-05,5.31872e-05,4.37033e-05,3.27726e-05,2.17773e-05
8.91349e-05,9.16951e-05,8.92631e-05,8.56846e-05,8.04621e-05,6.92694e-05,6.28434e-05,5.22131e-05,4.27979e-05,3.22521e-05,2.13265e-05
8.85456e-05,9.0641e-05,8.725e-05,8.40145e-05,7.8306e-05,6.7349e-05,6.14756e-05,5.12259e-05,4.15773e-05,3.14299e-05,2.1111e-05
8.63769e-05,8.77844e-05,8.58734e-05,8.22186e-05,7.67959e-05,6.62797e-05,6.04601e-05,5.04212e-05,4.06643e-05,3.05062e-05,2.06672e-05
8.48778e-05,8.67168e-05,8.46957e-05,8.1119e-05,7.57841e-05,6.46428e-05,5.90376e-05,4.88988e-05,3.99933e-05,3.00793e-05,1.96772e-05
8.27649e-05,8.48484e-05,8.26387e-05,7.9417e-05,7.42679e-05,6.36312e-05,5.81183e-05,4.78975e-05,3.90977e-05,2.98178e-05,1.95375e-05
8.11453e-05,8.32698e-05,8.10744e-05,7.75107e-05,7.28435e-05,6.23309e-05,5.72767e-05,4.70492e-05,3.83525e-05,2.87797e-05,1.90881e-05
7.9462e-05,8.17852e-05,7.94136e-05,7.67485e-05,7.12297e-05,6.15356e-05,5.62495e-05,4.58317e-05,3.79606e-05,2.79769e-05,1.87129e-05
7.75549e-05,7.99633e-05,7.84049e-05,7.48571e-05,6.93913e-05,5.99772e-05,5.47421e-05,4.51996e-05,3.73512e-05,2.75662e-05,1.84092e-05
7.58346e-05,7.91967e-05,7.63524e-05,7.33974e-05,6.87458e-05,5.87381e-05,5.38143e-05,4.42616e-05,3.65625e-05,2.70197e-05,1.77308e-05
7.49187e-05,7.77235e-05,7.5298e-05,7.19285e-05,6.71961e-05,5.77844e-05,5.24718e-05,4.33709e-05,3.51256e-05,2.65763e-05,1.74787e-05
7.38694e-05,7.632e-05,7.37378e-05,7.0911e-05,6.59778e-05,5.63838e-05,5.18498e-05,4.25791e-05,3.46769e-05,2.59953e-05,1.69546e-05
7.1781e-05,7.46241e-05,7.1944e-05,6.91316e-05,6.48212e-05,5.59511e-05,5.10462e-05,4.18039e-05,3.43804e-05,2.51852e-05,1.64926e-05
7.09365e-05,7.29506e-05,7.03144e-05,6.82102e-05,6.34388e-05,5.45114e-05,4.95124e-05,4.08718e-05,3.33156e-05,2.50233e-05,1.62065e-05
6.89228e-05,7.20463e-05,6.94892e-05,6.61971e-05,6.23132e-05,5.36681e-05,4.8797e-05,3.97332e-05,3.28914e-05,2.44265e-05,1.55218e-05
6.78556e-05,7.01656e-05,6.78475e-05,6.56972e-05,6.12614e-05,5.28747e-05,4.76096e-05,3.88228e-05,3.16684e-05,2.39196e-05,1.54118e-05
6.69764e-05,6.92174e-05,6.68939e-05,6.39781e-05,5.99986e-05,5.14906e-05,4.71321e-05,3.84296e-05,3.15217e-05,2.32624e-05,1.48766e-05
6.48769e-05,6.80466e-05,6.58983e-05,6.34795e-05,5.90157e-05,5.02788e-05,4.59006e-05,3.73464e-05,3.10064e-05,2.26287e-05,1.47089e-05
6.35917e-05,6.65549e-05,6.44179e-05,6.14126e-05,5.7596e-05,4.96268e-05,4.48518e-05,3.68416e-05,3.02684e-05,2.21461e-05,1.4564e-05
6.19168e-05,6.55545e-05,6.31344e-05,6.03406e-05,5.70248e-05,4.87143e-05,4.44454e-05,3.63705e-05,2.96006e-05,2.18337e-05,1.42283e-05
6.17503e-05,6.42138e-05,6.18814e-05,5.95429e-05,5.56372e-05,4.79446e-05,4.36644e-05,3.5667e-05,2.88839e-05,2.1106e-05,1.39001e-05
6.10013e-05,6.28981e-05,6.0994e-05,5.80992e-05,5.46999e-05,4.66041e-05,4.26569e-05,3.47464e-05,2.83723e-05,2.10215e-05,1.33256e-05
5.90761e-05,6.1825e-05,5.98158e-05,5.69843e-05,5.37265e-05,4.59696e-05,4.18506e-05,3.41878e-05,2.8031e-05,2.08598e-05,1.31471e-05
5.77133e-05,6.12359e-05,5.84681e-05,5.61406e-05,5.30377e-05,4.44686e-05,4.09865e-05,3.35105e-05,2.72513e-05,2.01603e-05,1.27692e-05
5.68613e-05,5.91975e-05,5.77101e-05,5.50825e-05,5.14707e-05,4.43136e-05,4.05763e-05,3.27412e-05,2.70637e-05,1.97676e-05,1.23705e-05
5.65282e-05,5.82803e-05,5.60403e-05,5.51176e-05,5.09884e-05,4.34165e-05,3.97028e-05,3.22585e-05,2.62574e-05,1.92999e-05,1.23109e-05
5.57201e-05,5.79082e-05,5.55056e-05,5.30637e-05,4.98485e-05,4.2361e-05,3.83078e-05,3.18983e-05,2.57122e-05,1.91071e-05,1.20854e-05
5.4104e-05,5.63061e-05,5.4541e-05,5.2645e-05,4.90856e-05,4.18457e-05,3.78721e-05,3.09581e-05,2.51917e-05,1.8521e-05,1.17148e-05
5.3425e-05,5.56694e-05,5.35134e-05,5.1459e-05,4.79778e-05,4.09594e-05,3.72367e-05,3.01584e-05,2.48081e-05,1.80167e-05,1.14687e-05
5.17732e-05,5.4524e-05,5.27409e-05,5.03792e-05,4.71778e-05,4.01853e-05,3.6422e-05,2.96643e-05,2.41299e-05,1.76827e-05,1.13542e-05
5.06538e-05,5.30786e-05,5.12927e-05,4.95036e-05,4.62096e-05,3.95727e-05,3.58745e-05,2.9313e-05,2.39571e-05,1.73989e-05,1.10494e-05
4.98042e-05,5.22898e-05,5.07392e-05,4.87677e-05,4.52018e-05,3.89464e-05,3.5236e-05,2.86169e-05,2.33004e-05,1.7109e-05,1.07951e-05
4.86735e-05,5.13774e-05,4.95265e-05,4.78358e-05,4.40727e-05,3.82937e-05,3.45312e-05,2.81633e-05,2.30449e-05,1.66292e-05,1.06524e-05
4.80625e-05,5.03591e-05,4.85533e-05,4.70031e-05,4.3521e-05,3.76409e-05,3.41374e-05,2.79103e-05,2.23956e-05,1.6643e-05,1.04926e-05
4.71569e-05,4.97011e-05,4.77909e-05,4.60509e-05,4.25101e-05,3.70409e-05,3.34563e-05,2.73031e-05,2.20389e-05,1.59553e-05,1.01646e-05
4.64537e-05,4.89212e-05,4.68637e-05,4.58849e-05,4.22452e-05,3.58767e-05,3.26213e-05,2.66301e-05,2.14629e-05,1.57573e-05,9.91962e-06
4.57655e-05,4.81248e-05,4.61353e-05,4.47278e-05,4.11339e-05,3.57779e-05,3.21979e-05,2.58795e-05,2.11958e-05,1.5285e-05,9.6521e-06
4.47197e-05,4.71087e-05,4.52371e-05,4.39521e-05,4.03711e-05,3.50093e-05,3.15863e-05,2.53515e-05,2.06972e-05,1.51168e-05,9.51245e-06
4.3944e-05,4.63761e-05,4.47778e-05,4.27461e-05,3.94715e-05,3.40723e-05,3.09041e-05,2.52116e-05,2.04069e-05,1.49438e-05,9.45275e-06
4.35526e-05,4.56205e-05,4.33732e-05,4.25603e-05,3.925e-05,3.36533e-05,3.02468e-05,2.45412e-05,1.99853e-05,1.44874e-05,9.07304e-06
4.26509e-05,4.46236e-05,4.25663e-05,4.13591e-05,3.88503e-05,3.28574e-05,2.95303e-05,2.39647e-05,1.94066e-05,1.42359e-05,8.68944e-06
4.18996e-05,4.41441e-05,4.19966e-05,4.11239e-05,3.75862e-05,3.23808e-05,2.91159e-05,2.36197e-05,1.91429e-05,1.39037e-05,8.62259e-06
4.07442e-05,4.28047e-05,4.11925e-05,3.989e-05,3.65906e-05,3.16888e-05,2.89044e-05,2.32386e-05,1.87481e-05,1.38846e-05,8.7005e-06
4.0419e-05,4.22421e-05,4.04729e-05,3.9753e-05,3.64486e-05,3.15661e-05,2.80593e-05,2.30496e-05,1.86239e-05,1.34644e-05,8.49743e-06
3.91777e-05,4.16516e-05,3.98191e-05,3.83896e-05,3.57834e-05,3.08121e-05,2.77638e-05,2.22067e-05,1.80285e-05,1.31165e-05,8.13496e-06
3.89459e-05,4.11687e-05,3.93514e-05,3.81953e-05,3.51949e-05,3.0394e-05,2.71229e-05,2.18257e-05,1.78198e-05,1.3039e-05,7.88128e-06
3.7822e-05,4.01487e-05,3.84223e-05,3.70736e-05,3.42598e-05,3.03648e-05,2.6622e-05,2.15192e-05,1.76721e-05,1.27415e-05,7.91353e-06
3.71107e-05,3.93468e-05,3.74183e-05,3.69568e-05,3.35192e-05,2.94937e-05,2.60158e-05,2.12003e-05,1.70685e-05,1.2437e-05,7.8411e-06
3.68286e-05,3.8787e-05,3.74326e-05,3.59068e-05,3.3325e-05,2.87357e-05,2.58698e-05,2.05715e-05,1.68902e-05,1.19053e-05,7.41056e-06
3.5588e-05,3.77918e-05,3.62327e-05,3.54775e-05,3.29827e-05,2.83243e-05,2.55953e-05,2.0318e-05,1.64229e-05,1.18394e-05,7.34705e-06
3.50892e-05,3.73944e-05,3.58301e-05,3.42083e-05,3.20001e-05,2.76443e-05,2.46607e-05,1.99427e-05,1.61417e-05,1.15272e-05,7.16724e-06
3.47225e-05,3.65928e-05,3.49651e-05,3.41358e-05,3.16068e-05,2.72547e-05,2.40916e-05,1.97975e-05,1.58654e-05,1.16641e-05,7.08e-06
3.41669e-05,3.59614e-05,3.44991e-05,3.32364e-05,3.1057e-05,2.65567e-05,2.3563e-05,1.93125e-05,1.54484e-05,1.13485e-05,6.78196e-06
3.33533e-05,3.5611e-05,3.3638e-05,3.28429e-05,3.05538e-05,2.59298e-05,2.35002e-05,1.8824e-05,1.52432e-05,1.08945e-05,6.70309e-06
3.28831e-05,3.49655e-05,3.3073e-05,3.21636e-05,2.96326e-05,2.56632e-05,2.31393e-05,1.86877e-05,1.496e-05,1.06849e-05,6.61353e-06
3.2041e-05,3.40884e-05,3.28971e-05,3.21301e-05,2.92786e-05,2.5011e-05,2.26682e-05,1.8306e-05,1.46964e-05,1.05583e-05,6.47243e-06
3.16444e-05,3.36682e-05,3.24092e-05,3.11479e-05,2.85204e-05,2.44622e-05,2.22355e-05,1.7901e-05,1.43303e-05,1.03081e-05,6.44462e-06
3.11834e-05,3.30189e-05,3.15234e-05,3.09238e-05,2.82169e-05,2.46466e-05,2.18372e-05,1.74916e-05,1.40295e-05,1.01508e-05,6.19051e-06
3.00704e-05,3.25814e-05,3.09159e-05,3.00366e-05,2.77721e-05,2.39258e-05,2.13357e-05,1.72523e-05,1.39398e-05,9.92606e-06,6.03701e-06
2.99769e-05,3.18423e-05,3.0249e-05,2.96075e-05,2.75062e-05,2.35188e-05,2.1197e-05,1.691e-05,1.3442e-05,9.71009e-06,5.9233e-06
2.9018e-05,3.12495e-05,3.00156e-05,2.88441e-05,2.72386e-05,2.32654e-05,2.07514e-05,1.67187e-05,1.35068e-05,9.57172e-06,5.78184e-06
2.83688e-05,3.05514e-05,2.97201e-05,2.87241e-05,2.64302e-05,2.30827e-05,2.06834e-05,1.65003e-05,1.30884e-05,9.23049e-06,5.7837e-06
2.81071e-05,2.9937e-05,2.89965e-05,2.86228e-05,2.60872e-05,2.27138e-05,1.98349e-05,1.61151e-05,1.28478e-05,9.15136e-06,5.68401e-06
2.75725e-05,2.97584e-05,2.83801e-05,2.73678e-05,2.55678e-05,2.2087e-05,1.97589e-05,1.58887e-05,1.26498e-05,8.90391e-06,5.43381e-06
2.71874e-05,2.89711e-05,2.77806e-05,2.67425e-05,2.51316e-05,2.16116e-05,1.94344e-05,1.56444e-05,1.22938e-05,8.73958e-06,5.41395e-06
2.6639e-05,2.85081e-05,2.78951e-05,2.62272e-05,2.46365e-05,2.1289e-05,1.88979e-05,1.52228e-05,1.21574e-05,8.64031e-06,5.27447e-06
2.62584e-05,2.81245e-05,2.69579e-05,2.60567e-05,2.41337e-05,2.09916e-05,1.86639e-05,1.48235e-05,1.18407e-05,8.39277e-06,5.11387e-06
2.54918e-05,2.79135e-05,2.62631e-05,2.55309e-05,2.36758e-05,2.05679e-05,1.82082e-05,1.47721e-05,1.17127e-05,8.40634e-06,5.03532e-06
2.5555e-05,2.77498e-05,2.59547e-05,2.55765e-05,2.33712e-05,2.02225e-05,1.80183e-05,1.436e-05,1.14043e-05,8.14436e-06,4.89153e-06
2.48074e-05,2.67147e-05,2.57053e-05,2.51354e-05,2.27533e-05,1.98634e-05,1.77321e-05,1.4183e-05,1.11281e-05,7.81415e-06,4.89157e-06
2.40382e-05,2.61688e-05,2.51623e-05,2.45853e-05,2.28818e-05,1.986e-05,1.73317e-05,1.39933e-05,1.10212e-05,7.79976e-06,4.67528e-06
2.42165e-05,2.60441e-05,2.45924e-05,2.46062e-05,2.20418e-05,1.94105e-05,1.69741e-05,1.37017e-05,1.06788e-05,7.63934e-06,4.61137e-06
2.32802e-05,2.54754e-05,2.44712e-05,2.37934e-05,2.17542e-05,1.89188e-05,1.67865e-05,1.35355e-05,1.05999e-05,7.53425e-06,4.58676e-06
2.32e-05,2.47475e-05,2.39565e-05,2.35967e-05,2.14907e-05,1.85281e-05,1.64701e-05,1.31847e-05,1.04282e-05,7.34258e-06,4.49216e-06
2.23041e-05,2.45457e-05,2.35146e-05,2.267e-05,2.11134e-05,1.83374e-05,1.61182e-05,1.29385e-05,1.03033e-05,7.20757e-06,4.37717e-06
2.22094e-05,2.42287e-05,2.31531e-05,2.25067e-05,2.07527e-05,1.80059e-05,1.58714e-05,1.27202e-05,1.00239e-05,7.0258e-06,4.29826e-06
2.20482e-05,2.33197e-05,2.28912e-05,2.22124e-05,2.05612e-05,1.77849e-05,1.56933e-05,1.24475e-05,9.69923e-06,7.03664e-06,4.07481e-06
2.18265e-05,2.31903e-05,2.25248e-05,2.18454e-05,1.99393e-05,1.74677e-05,1.53871e-05,1.23418e-05,9.58663e-06,6.85205e-06,4.04447e-06
2.11376e-05,2.30202e-05,2.18484e-05,2.11331e-05,1.95508e-05,1.69246e-05,1.5197e-05,1.20864e-05,9.56534e-06,6.64449e-06,4.03314e-06
2.07732e-05,2.24553e-05,2.14306e-05,2.11169e-05,1.93204e-05,1.67793e-05,1.48417e-05,1.1763e-05,9.33419e-06,6.52271e-06,3.93311e-06
2.04117e-05,2.20101e-05,2.11285e-05,2.07324e-05,1.90338e-05,1.67084e-05,1.46233e-05,1.15393e-05,9.17297e-06,6.43939e-06,3.77854e-06
2.02664e-05,2.18319e-05,2.06016e-05,2.04208e-05,1.85533e-05,1.61534e-05,1.42754e-05,1.13667e-05,9.06706e-06,6.25537e-06,3.6814e-06
2.0158e-05,2.15762e-05,2.07307e-05,1.98092e-05,1.83133e-05,1.60158e-05,1.4043e-05,1.12634e-05,8.82086e-06,6.11513e-06,3.6311e-06
1.93383e-05,2.11379e-05,2.03224e-05,1.93883e-05,1.79939e-05,1.55549e-05,1.38506e-05,1.10046e-05,8.58443e-06,5.98982e-06,3.61352e-06
1.86699e-05,2.07883e-05,1.99301e-05,1.92515e-05,1.75972e-05,1.54766e-05,1.35222e-05,1.07834e-05,8.48449e-06,5.77885e-06,3.47452e-06
1.87774e-05,2.06425e-05,1.93837e-05,1.9187e-05,1.73287e-05,1.53057e-05,1.33437e-05,1.06264e-05,8.21596e-06,5.7632e-06,3.4297e-06
1.86014e-05,2.02192e-05,1.92376e-05,1.87874e-05,1.71089e-05,1.4856e-05,1.31149e-05,1.03721e-05,8.13832e-06,5.71818e-06,3.30969e-06
1.80457e-05,2.0119e-05,1.87525e-05,1.85196e-05,1.66875e-05,1.44044e-05,1.27896e-05,1.02808e-05,7.82021e-06,5.54235e-06,3.35855e-06
1.77354e-05,1.94047e-05,1.81716e-05,1.78795e-05,1.65383e-05,1.451e-05,1.26199e-05,1.01892e-05,7.92581e-06,5.64477e-06,3.30194e-06
1.75464e-05,1.89875e-05,1.81876e-05,1.78459e-05,1.63324e-05,1.42182e-05,1.23929e-05,9.83995e-06,7.72177e-06,5.21037e-06,3.1513e-06
