0.000361661,0.000350234,0.000347333,0.000342118,0.000330055,0.000324908,0.00030668,0.00029573,0.000280398,0.000267621,0.000245299
0.00034163,0.000331187,0.000328923,0.000321871,0.000311564,0.000305368,0.000288024,0.000276522,0.000261999,0.000248306,0.00022849
0.000324809,0.000314174,0.000312399,0.000305237,0.00029303,0.000287408,0.000270804,0.000260534,0.000244768,0.000229571,0.000211071
0.00030886,0.000298695,0.000296332,0.000289527,0.000277958,0.000271388,0.000254042,0.000244771,0.000228911,0.000214302,0.000196938
0.000294829,0.000285123,0.000282424,0.00027534,0.000263528,0.000257115,0.000240193,0.000231507,0.000215579,0.000200801,0.000184362
0.000281334,0.000272702,0.000269949,0.000262107,0.00025085,0.000244199,0.000228032,0.000219472,0.000204011,0.000189252,0.000173518
0.00026994,0.000261033,0.000257772,0.000250217,0.000238246,0.000232312,0.000216208,0.000208402,0.000192641,0.000177905,0.000162883
0.000258415,0.0002506,0.000246349,0.000239656,0.000227191,0.00022195,0.000206057,0.000198346,0.00018294,0.00016794,0.000153941
0.000248543,0.000240132,0.000236476,0.000228575,0.000216527,0.000211246,0.000196023,0.000188697,0.000173478,0.000159334,0.00014513
0.000239165,0.000230988,0.000226716,0.000218834,0.000207437,0.000201929,0.000187007,0.000180059,0.000164978,0.000151137,0.000137739
0.000230097,0.000221465,0.000218295,0.000210041,0.000197362,0.000193192,0.00017882,0.000170775,0.000157179,0.000144095,0.00013066
0.000220104,0.000214543,0.000209128,0.000200809,0.000189646,0.000185682,0.000171348,0.000164101,0.000149656,0.000137481,0.000122993
0.000213685,0.000204519,0.000201417,0.000193038,0.000181061,0.000177073,0.000163466,0.000156568,0.00014306,0.000130501,0.000117719
0.000205666,0.000197757,0.000193975,0.000185541,0.000174258,0.000170152,0.000156944,0.00014939,0.000136219,0.000124802,0.000111844
0.000198386,0.000190159,0.000186466,0.000177844,0.000167175,0.00016311,0.000150274,0.000142927,0.000130541,0.000119414,0.000106204
0.00019151,0.000183126,0.000179728,0.000171526,0.000160797,0.000156745,0.000144077,0.00013641,0.000124878,0.000114052,0.000101583
0.000184103,0.00017641,0.00017295,0.000163811,0.000154954,0.000151104,0.000139016,0.000131577,0.000119403,0.00010949,9.65282e-05
0.000178707,0.000170311,0.000167169,0.000158289,0.000149672,0.000145308,0.000132998,0.000125668,0.000114339,0.00010459,9.20532e-05
0.000172327,0.000164465,0.000160749,0.000152008,0.000143727,0.000139418,0.000128365,0.000120408,0.000109296,0.000100218,8.79485e-05
0.00016666,0.000158522,0.000155601,0.000146839,0.000138757,0.000134117,0.000122759,0.000115114,0.000105375,9.58094e-05,8.42799e-05
0.000160739,0.000153116,0.000149768,0.000140948,0.000133625,0.000129168,0.000118761,0.000110761,0.000100454,9.2014e-05,8.02906e-05
0.000155166,0.000147925,0.000145718,0.000135913,0.000129073,0.000124617,0.000114092,0.000106207,9.66556e-05,8.81003e-05,7.68948e-05
0.000149224,0.000142589,0.000139167,0.00013093,0.00012449,0.000119452,0.000109769,0.000102246,9.25014e-05,8.48385e-05,7.36289e-05
0.000144632,0.000137571,0.000135869,0.000126278,0.000120414,0.00011588,0.000105864,9.79671e-05,8.92852e-05,8.1075e-05,7.03153e-05
0.000139479,0.000133045,0.000130355,0.000121856,0.000116086,0.000110617,0.000101988,9.4182e-05,8.5413e-05,7.77956e-05,6.7215e-05
0.000135165,0.000128276,0.00012611,0.0001173,0.000111744,0.000106496,9.8251e-05,9.03412e-05,8.23106e-05,7.45632e-05,6.45424e-05
0.00012978,0.000123946,0.000121631,0.000113169,0.000108388,0.000102864,9.46818e-05,8.68754e-05,7.85712e-05,7.1477e-05,6.16432e-05
0.00012599,0.000119559,0.000117559,0.000109353,0.000104393,9.8809e-05,9.10523e-05,8.35302e-05,7.63941e-05,6.88821e-05,5.92974e-05
0.000121223,0.000115174,0.000113661,0.000105368,0.000101318,9.52111e-05,8.7989e-05,8.0167e-05,7.28853e-05,6.5815e-05,5.66677e-05
0.000117329,0.000111236,0.000109936,0.000102013,9.78393e-05,9.1521e-05,8.46445e-05,7.73996e-05,7.00401e-05,6.33249e-05,5.42201e-05
0.000112526,0.000107798,0.0001058,9.75579e-05,9.38063e-05,8.848e-05,8.15888e-05,7.38047e-05,6.70031e-05,6.07173e-05,5.21458e-05
0.00010894,0.000103598,0.000102616,9.4839e-05,9.06515e-05,8.49217e-05,7.84665e-05,7.10415e-05,6.44275e-05,5.81066e-05,5.00227e-05
0.000104951,9.99155e-05,9.87525e-05,9.14768e-05,8.78301e-05,8.18507e-05,7.56258e-05,6.83763e-05,6.21496e-05,5.58273e-05,4.79072e-05
0.000101132,9.65237e-05,9.5128e-05,8.80143e-05,8.46122e-05,7.8696e-05,7.27003e-05,6.55049e-05,5.97517e-05,5.35787e-05,4.60109e-05
9.76606e-05,9.30171e-05,9.20121e-05,8.51747e-05,8.18226e-05,7.59837e-05,7.01827e-05,6.33361e-05,5.73815e-05,5.15758e-05,4.40787e-05
9.40486e-05,8.93384e-05,8.88809e-05,8.18458e-05,7.90759e-05,7.33286e-05,6.77491e-05,6.06329e-05,5.5292e-05,4.94134e-05,4.23561e-05
9.09449e-05,8.68321e-05,8.57978e-05,7.9172e-05,7.622e-05,7.06422e-05,6.53273e-05,5.84213e-05,5.29762e-05,4.71774e-05,4.08554e-05
8.73848e-05,8.37663e-05,8.24511e-05,7.63183e-05,7.32327e-05,6.77687e-05,6.27833e-05,5.61356e-05,5.10192e-05,4.55443e-05,3.91175e-05
8.46041e-05,8.07276e-05,7.97274e-05,7.37199e-05,7.05942e-05,6.53814e-05,6.05986e-05,5.40961e-05,4.88932e-05,4.41054e-05,3.73868e-05
8.11933e-05,7.79847e-05,7.66478e-05,7.19168e-05,6.81942e-05,6.25174e-05,5.84343e-05,5.20482e-05,4.67646e-05,4.21266e-05,3.61483e-05
7.80667e-05,7.49405e-05,7.39478e-05,6.88141e-05,6.61142e-05,6.04051e-05,5.61024e-05,4.99571e-05,4.53544e-05,4.03291e-05,3.46385e-05
7.55866e-05,7.21791e-05,7.14593e-05,6.63589e-05,6.3314e-05,5.82365e-05,5.4053e-05,4.80214e-05,4.35937e-05,3.88719e-05,3.32022e-05
7.27329e-05,7.00956e-05,6.89081e-05,6.43725e-05,6.13807e-05,5.64948e-05,5.22303e-05,4.62382e-05,4.20446e-05,3.71439e-05,3.21081e-05
6.98907e-05,6.72507e-05,6.61582e-05,6.16953e-05,5.89822e-05,5.39545e-05,4.99883e-05,4.42952e-05,4.02122e-05,3.57433e-05,3.05979e-05
6.72465e-05,6.50273e-05,6.39613e-05,5.98427e-05,5.72262e-05,5.2409e-05,4.80774e-05,4.28504e-05,3.90803e-05,3.42299e-05,2.9513e-05
6.52296e-05,6.22568e-05,6.17372e-05,5.74524e-05,5.48085e-05,5.02348e-05,4.62983e-05,4.10226e-05,3.71069e-05,3.29271e-05,2.82725e-05
6.32584e-05,6.03827e-05,5.97994e-05,5.57602e-05,5.2841e-05,4.87898e-05,4.49057e-05,3.97749e-05,3.5899e-05,3.14746e-05,2.72556e-05
6.04742e-05,5.79538e-05,5.71327e-05,5.35853e-05,5.09619e-05,4.68111e-05,4.28114e-05,3.80693e-05,3.42631e-05,3.03739e-05,2.61152e-05
5.83726e-05,5.61146e-05,5.53304e-05,5.17355e-05,4.90883e-05,4.49161e-05,4.1333e-05,3.66145e-05,3.29538e-05,2.9254e-05,2.50892e-05
5.63656e-05,5.3998e-05,5.34547e-05,4.97527e-05,4.72175e-05,4.33905e-05,3.98957e-05,3.51413e-05,3.16795e-05,2.80511e-05,2.4123e-05
5.45665e-05,5.21882e-05,5.14954e-05,4.82204e-05,4.54498e-05,4.16994e-05,3.84074e-05,3.39845e-05,3.0499e-05,2.70103e-05,2.31625e-05
5.28669e-05,5.06164e-05,4.98152e-05,4.64701e-05,4.36164e-05,4.01368e-05,3.71246e-05,3.25507e-05,2.92051e-05,2.59303e-05,2.21209e-05
5.0731e-05,4.91077e-05,4.77365e-05,4.47375e-05,4.22973e-05,3.88546e-05,3.55406e-05,3.12019e-05,2.79749e-05,2.49253e-05,2.13501e-05
4.89874e-05,4.72242e-05,4.61168e-05,4.3387e-05,4.07022e-05,3.75113e-05,3.42462e-05,3.03202e-05,2.71038e-05,2.38822e-05,2.05083e-05
4.73522e-05,4.53581e-05,4.45956e-05,4.175e-05,3.92352e-05,3.60455e-05,3.29939e-05,2.9152e-05,2.6057e-05,2.29974e-05,1.96922e-05
4.57094e-05,4.37842e-05,4.29856e-05,4.03491e-05,3.79733e-05,3.4775e-05,3.17672e-05,2.81745e-05,2.5186e-05,2.20883e-05,1.89211e-05
4.43793e-05,4.23322e-05,4.16885e-05,3.90136e-05,3.64867e-05,3.35008e-05,3.0724e-05,2.71323e-05,2.42528e-05,2.12663e-05,1.81749e-05
4.2756e-05,4.11821e-05,4.01877e-05,3.77083e-05,3.51801e-05,3.24574e-05,2.9593e-05,2.61179e-05,2.32629e-05,2.04334e-05,1.7481e-05
4.14565e-05,3.98343e-05,3.88852e-05,3.64182e-05,3.39546e-05,3.12669e-05,2.85429e-05,2.51761e-05,2.23945e-05,1.96671e-05,1.67936e-05
4.02226e-05,3.85951e-05,3.76479e-05,3.51812e-05,3.28995e-05,3.02358e-05,2.75174e-05,2.43054e-05,2.15702e-05,1.898e-05,1.6157e-05
3.88264e-05,3.73247e-05,3.64543e-05,3.40157e-05,3.17482e-05,2.92401e-05,2.66574e-05,2.34032e-05,2.07426e-05,1.82809e-05,1.55351e-05
3.77754e-05,3.62378e-05,3.5313e-05,3.29487e-05,3.05099e-05,2.81815e-05,2.57056e-05,2.26673e-05,2.01004e-05,1.75676e-05,1.49195e-05
3.65245e-05,3.50824e-05,3.41235e-05,3.19191e-05,2.95715e-05,2.72311e-05,2.48184e-05,2.1883e-05,1.93746e-05,1.69317e-05,1.44015e-05
3.5359e-05,3.4009e-05,3.30468e-05,3.09117e-05,2.86821e-05,2.6332e-05,2.39592e-05,2.11683e-05,1.87419e-05,1.63122e-05,1.38437e-05
3.42672e-05,3.30217e-05,3.20878e-05,2.99153e-05,2.76819e-05,2.55136e-05,2.32191e-05,2.04538e-05,1.80958e-05,1.57781e-05,1.33722e-05
3.3584e-05,3.21124e-05,3.11855e-05,2.92045e-05,2.67911e-05,2.48104e-05,2.25579e-05,1.98941e-05,1.75326e-05,1.52433e-05,1.29559e-05
3.24014e-05,3.11525e-05,3.02232e-05,2.81282e-05,2.59707e-05,2.3855e-05,2.16777e-05,1.91565e-05,1.69088e-05,1.46474e-05,1.24001e-05
3.14663e-05,3.03322e-05,2.93003e-05,2.72836e-05,2.51527e-05,2.30965e-05,2.10518e-05,1.85461e-05,1.63129e-05,1.41349e-05,1.20018e-05
3.05472e-05,2.94904e-05,2.84047e-05,2.656e-05,2.43317e-05,2.23652e-05,2.04311e-05,1.79594e-05,1.57907e-05,1.3687e-05,1.1598e-05
2.96684e-05,2.85469e-05,2.76264e-05,2.57303e-05,2.36191e-05,2.16587e-05,1.97168e-05,1.74005e-05,1.53148e-05,1.32227e-05,1.11987e-05
2.88879e-05,2.76181e-05,2.6834e-05,2.49535e-05,2.28836e-05,2.10021e-05,1.91072e-05,1.68772e-05,1.48195e-05,1.28157e-05,1.08259e-05
2.81242e-05,2.68564e-05,2.61493e-05,2.42423e-05,2.22547e-05,2.04772e-05,1.86081e-05,1.63921e-05,1.43991e-05,1.24334e-05,1.04845e-05
2.72751e-05,2.6209e-05,2.53385e-05,2.35695e-05,2.16009e-05,1.97835e-05,1.79656e-05,1.58829e-05,1.39066e-05,1.19758e-05,1.01223e-05
2.67207e-05,2.54727e-05,2.4709e-05,2.29085e-05,2.09642e-05,1.92084e-05,1.74414e-05,1.53594e-05,1.3473e-05,1.16007e-05,9.78015e-06
2.59431e-05,2.48214e-05,2.40692e-05,2.22733e-05,2.03919e-05,1.86437e-05,1.69576e-05,1.49813e-05,1.30966e-05,1.12413e-05,9.45557e-06
2.52568e-05,2.41933e-05,2.33266e-05,2.16765e-05,1.9833e-05,1.81167e-05,1.64737e-05,1.45366e-05,1.26969e-05,1.09435e-05,9.18179e-06
2.45595e-05,2.35063e-05,2.27661e-05,2.10261e-05,1.9265e-05,1.76113e-05,1.5951e-05,1.41463e-05,1.23399e-05,1.05555e-05,8.88884e-06
2.396e-05,2.29557e-05,2.21502e-05,2.05343e-05,1.87668e-05,1.71222e-05,1.55727e-05,1.37222e-05,1.19892e-05,1.02637e-05,8.61146e-06
2.32819e-05,2.23882e-05,2.15129e-05,2.00206e-05,1.82533e-05,1.66779e-05,1.50613e-05,1.33398e-05,1.16577e-05,9.96869e-06,8.34793e-06
2.27691e-05,2.17686e-05,2.09836e-05,1.94492e-05,1.77779e-05,1.6227e-05,1.46992e-05,1.29791e-05,1.13174e-05,9.66846e-06,8.10259e-06
2.21498e-05,2.12411e-05,2.04454e-05,1.89142e-05,1.733e-05,1.57806e-05,1.42756e-05,1.2653e-05,1.10032e-05,9.38923e-06,7.87592e-06
2.16665e-05,2.06879e-05,1.99127e-05,1.84391e-05,1.68843e-05,1.53584e-05,1.38943e-05,1.22637e-05,1.06901e-05,9.11705e-06,7.63247e-06
2.10265e-05,2.02195e-05,1.93837e-05,1.79209e-05,1.64109e-05,1.49593e-05,1.35546e-05,1.19405e-05,1.03983e-05,8.84249e-06,7.42111e-06
2.06525e-05,1.96378e-05,1.89157e-05,1.75239e-05,1.60279e-05,1.45799e-05,1.31957e-05,1.16636e-05,1.01219e-05,8.60411e-06,7.2189e-06
2.00603e-05,1.9182e-05,1.84499e-05,1.70551e-05,1.55483e-05,1.41779e-05,1.2776e-05,1.13197e-05,9.83848e-06,8.33801e-06,6.99551e-06
1.96407e-05,1.87813e-05,1.80466e-05,1.66731e-05,1.52367e-05,1.37965e-05,1.25489e-05,1.10822e-05,9.5827e-06,8.10011e-06,6.79605e-06
1.90541e-05,1.8219e-05,1.76023e-05,1.62329e-05,1.48792e-05,1.34803e-05,1.21055e-05,1.07311e-05,9.30688e-06,7.90886e-06,6.59627e-06
1.87066e-05,1.78193e-05,1.71365e-05,1.58455e-05,1.44812e-05,1.31078e-05,1.1847e-05,1.04792e-05,9.09012e-06,7.68664e-06,6.41092e-06
1.81929e-05,1.74305e-05,1.67506e-05,1.54051e-05,1.41155e-05,1.27849e-05,1.15285e-05,1.01792e-05,8.80491e-06,7.47937e-06,6.22797e-06
1.77647e-05,1.70827e-05,1.62885e-05,1.50713e-05,1.38131e-05,1.24754e-05,1.12696e-05,9.99054e-06,8.62569e-06,7.29279e-06,6.04317e-06
1.74019e-05,1.65493e-05,1.58926e-05,1.46256e-05,1.33966e-05,1.21062e-05,1.09435e-05,9.68115e-06,8.36164e-06,7.09797e-06,5.89165e-06
1.6949e-05,1.61558e-05,1.54984e-05,1.43054e-05,1.31097e-05,1.18444e-05,1.0676e-05,9.41826e-06,8.14764e-06,6.88758e-06,5.72805e-06
1.65892e-05,1.57481e-05,1.51291e-05,1.39772e-05,1.27798e-05,1.15634e-05,1.03718e-05,9.20731e-06,7.93814e-06,6.6856e-06,5.57646e-06
1.61435e-05,1.53963e-05,1.47529e-05,1.36201e-05,1.24895e-05,1.12469e-05,1.01561e-05,8.95822e-06,7.73947e-06,6.51557e-06,5.4209e-06
1.57579e-05,1.50397e-05,1.43817e-05,1.32527e-05,1.21437e-05,1.09718e-05,9.87029e-06,8.73131e-06,7.5523e-06,6.34898e-06,5.26749e-06
1.53734e-05,1.46739e-05,1.39989e-05,1.29435e-05,1.18845e-05,1.07619e-05,9.64058e-06,8.52873e-06,7.3231e-06,6.20309e-06,5.13501e-06
1.50226e-05,1.43725e-05,1.37462e-05,1.26126e-05,1.15777e-05,1.04463e-05,9.37814e-06,8.28828e-06,7.1661e-06,6.03768e-06,4.98243e-06
1.46725e-05,1.40001e-05,1.33721e-05,1.23258e-05,1.13044e-05,1.0187e-05,9.15367e-06,8.09339e-06,6.98874e-06,5.85782e-06,4.85758e-06
1.43184e-05,1.36827e-05,1.30809e-05,1.20359e-05,1.10393e-05,9.95314e-06,8.92406e-06,7.90657e-06,6.798e-06,5.71882e-06,4.73272e-06
1.39907e-05,1.33544e-05,1.27855e-05,1.17618e-05,1.07771e-05,9.71975e-06,8.71768e-06,7.71665e-06,6.62168e-06,5.57111e-06,4.60158e-06
1.36392e-05,1.30196e-05,1.24382e-05,1.14811e-05,1.05135e-05,9.51288e-06,8.46225e-06,7.52099e-06,6.43622e-06,5.4048e-06,4.47114e-06
1.33124e-05,1.27721e-05,1.21469e-05,1.11908e-05,1.02828e-05,9.26989e-06,8.3148e-06,7.34335e-06,6.29195e-06,5.28047e-06,4.35685e-06
1.30759e-05,1.24599e-05,1.18733e-05,1.08971e-05,9.98857e-06,9.03622e-06,8.02711e-06,7.12807e-06,6.10474e-06,5.12983e-06,4.24508e-06
1.26852e-05,1.21936e-05,1.15928e-05,1.06636e-05,9.82112e-06,8.81523e-06,7.87764e-06,6.99034e-06,5.99253e-06,5.01962e-06,4.1546e-06
1.2409e-05,1.18938e-05,1.13239e-05,1.04083e-05,9.56775e-06,8.62663e-06,7.67671e-06,6.78536e-06,5.82029e-06,4.88778e-06,4.03033e-06
1.2084e-05,1.16781e-05,1.10388e-05,1.01705e-05,9.34221e-06,8.42182e-06,7.51016e-06,6.67634e-06,5.68153e-06,4.75405e-06,3.91454e-06
1.18127e-05,1.13411e-05,1.07568e-05,9.94415e-06,9.09612e-06,8.22607e-06,7.30644e-06,6.48265e-06,5.53645e-06,4.64651e-06,3.80561e-06
1.15598e-05,1.11236e-05,1.05476e-05,9.7241e-06,8.93815e-06,8.0707e-06,7.1614e-06,6.35126e-06,5.37736e-06,4.52938e-06,3.72035e-06
1.13128e-05,1.08756e-05,1.03442e-05,9.4545e-06,8.69522e-06,7.84506e-06,6.96037e-06,6.15995e-06,5.29183e-06,4.41812e-06,3.62093e-06
1.10703e-05,1.06417e-05,1.00503e-05,9.23244e-06,8.51613e-06,7.6727e-06,6.79368e-06,6.0272e-06,5.1579e-06,4.28855e-06,3.52777e-06
1.07909e-05,1.03801e-05,9.82957e-06,9.04137e-06,8.29289e-06,7.46676e-06,6.63999e-06,5.87233e-06,5.01108e-06,4.17656e-06,3.44558e-06
1.05752e-05,1.01604e-05,9.61521e-06,8.82715e-06,8.134e-06,7.30015e-06,6.5044e-06,5.74139e-06,4.89431e-06,4.09531e-06,3.38097e-06
1.02695e-05,9.87502e-06,9.39707e-06,8.64398e-06,7.91088e-06,7.1392e-06,6.29609e-06,5.6163e-06,4.76226e-06,4.01055e-06,3.28293e-06
1.01369e-05,9.7316e-06,9.12814e-06,8.43793e-06,7.76773e-06,7.00714e-06,6.17198e-06,5.52775e-06,4.64813e-06,3.91047e-06,3.1868e-06
9.88635e-06,9.47539e-06,8.97433e-06,8.22178e-06,7.5624e-06,6.83514e-06,6.00723e-06,5.35606e-06,4.54901e-06,3.79885e-06,3.10433e-06
9.67059e-06,9.30691e-06,8.74623e-06,8.05019e-06,7.41201e-06,6.67424e-06,5.91565e-06,5.22661e-06,4.44384e-06,3.70636e-06,3.03192e-06
9.44365e-06,9.0882e-06,8.58829e-06,7.87471e-06,7.23526e-06,6.53408e-06,5.75768e-06,5.10125e-06,4.32787e-06,3.61608e-06,2.97077e-06
9.26091e-06,8.89676e-06,8.3644e-06,7.7031e-06,7.10177e-06,6.38943e-06,5.64822e-06,4.99754e-06,4.21841e-06,3.52448e-06,2.88058e-06
9.00439e-06,8.69338e-06,8.18801e-06,7.5326e-06,6.93644e-06,6.23867e-06,5.49862e-06,4.87472e-06,4.12378e-06,3.4497e-06,2.80371e-06
8.80068e-06,8.55467e-06,7.99407e-06,7.35662e-06,6.76839e-06,6.08547e-06,5.4027e-06,4.79126e-06,4.01916e-06,3.37012e-06,2.75376e-06
8.65771e-06,8.3347e-06,7.86477e-06,7.17095e-06,6.61492e-06,5.96384e-06,5.25504e-06,4.65667e-06,3.94864e-06,3.28631e-06,2.66719e-06
8.49913e-06,8.21368e-06,7.64068e-06,6.99826e-06,6.4676e-06,5.81776e-06,5.13651e-06,4.58249e-06,3.8644e-06,3.20376e-06,2.62838e-06
8.24963e-06,7.96686e-06,7.48254e-06,6.87463e-06,6.32695e-06,5.72419e-06,5.01328e-06,4.45781e-06,3.75067e-06,3.12465e-06,2.54174e-06
8.05933e-06,7.8108e-06,7.30011e-06,6.72788e-06,6.18397e-06,5.58107e-06,4.90546e-06,4.32721e-06,3.66393e-06,3.05986e-06,2.47099e-06
7.92736e-06,7.64568e-06,7.20245e-06,6.59285e-06,6.05005e-06,5.46081e-06,4.79288e-06,4.25565e-06,3.58366e-06,2.98325e-06,2.42472e-06
7.74116e-06,7.48334e-06,7.03299e-06,6.43234e-06,5.92757e-06,5.33956e-06,4.6782e-06,4.1682e-06,3.50545e-06,2.90584e-06,2.35704e-06
7.58695e-06,7.30269e-06,6.8936e-06,6.27847e-06,5.78082e-06,5.22085e-06,4.58284e-06,4.05662e-06,3.42487e-06,2.83858e-06,2.30533e-06
7.40248e-06,7.15718e-06,6.72882e-06,6.19352e-06,5.66983e-06,5.10157e-06,4.475e-06,3.97531e-06,3.32551e-06,2.77437e-06,2.26338e-06
7.25612e-06,6.98176e-06,6.58676e-06,6.0402e-06,5.5413e-06,5.00205e-06,4.37513e-06,3.86918e-06,3.25838e-06,2.70975e-06,2.20003e-06
7.10393e-06,6.88564e-06,6.43218e-06,5.92337e-06,5.44257e-06,4.89424e-06,4.30088e-06,3.82093e-06,3.19418e-06,2.65871e-06,2.13956e-06
6.96024e-06,6.71288e-06,6.30478e-06,5.78919e-06,5.3103e-06,4.80313e-06,4.18701e-06,3.70676e-06,3.10774e-06,2.60719e-06,2.11232e-06
6.78848e-06,6.5916e-06,6.17842e-06,5.64903e-06,5.21966e-06,4.69755e-06,4.12783e-06,3.63816e-06,3.04447e-06,2.53967e-06,2.05117e-06
6.66505e-06,6.4428e-06,6.05161e-06,5.53955e-06,5.11716e-06,4.60707e-06,4.02524e-06,3.54367e-06,2.97601e-06,2.4891e-06,1.99743e-06
6.51723e-06,6.33014e-06,5.9094e-06,5.42476e-06,5.01434e-06,4.50766e-06,3.93705e-06,3.48022e-06,2.91546e-06,2.41856e-06,1.94509e-06
6.35887e-06,6.17037e-06,5.78165e-06,5.32381e-06,4.88822e-06,4.41546e-06,3.84824e-06,3.4067e-06,2.83884e-06,2.366e-06,1.90756e-06
6.2589e-06,6.0575e-06,5.69425e-06,5.19998e-06,4.80594e-06,4.32218e-06,3.77555e-06,3.33704e-06,2.78047e-06,2.31011e-06,1.85658e-06
6.14543e-06,5.93744e-06,5.54661e-06,5.10762e-06,4.70191e-06,4.22369e-06,3.70356e-06,3.25096e-06,2.72017e-06,2.25757e-06,1.81553e-06
6.04077e-06,5.83235e-06,5.42941e-06,5.01319e-06,4.61261e-06,4.14908e-06,3.61915e-06,3.19669e-06,2.65902e-06,2.20921e-06,1.77621e-06
5.86765e-06,5.68372e-06,5.32802e-06,4.88398e-06,4.49538e-06,4.06716e-06,3.53803e-06,3.1246e-06,2.59794e-06,2.17041e-06,1.73842e-06
5.75827e-06,5.59533e-06,5.21304e-06,4.78365e-06,4.41152e-06,3.96521e-06,3.45969e-06,3.04381e-06,2.53816e-06,2.12262e-06,1.70603e-06
5.67206e-06,5.4688e-06,5.11402e-06,4.69794e-06,4.32375e-06,3.88673e-06,3.3974e-06,2.99176e-06,2.48542e-06,2.07638e-06,1.661e-06
5.52186e-06,5.36483e-06,5.01386e-06,4.62032e-06,4.23383e-06,3.81054e-06,3.32572e-06,2.92357e-06,2.43844e-06,2.01493e-06,1.62215e-06
5.44971e-06,5.24914e-06,4.90146e-06,4.50836e-06,4.15253e-06,3.73178e-06,3.23269e-06,2.85887e-06,2.38274e-06,1.98513e-06,1.58291e-06
5.32018e-06,5.14804e-06,4.81081e-06,4.41979e-06,4.07175e-06,3.66044e-06,3.1905e-06,2.79607e-06,2.33504e-06,1.93484e-06,1.54752e-06
5.21169e-06,5.03689e-06,4.72672e-06,4.31652e-06,3.995e-06,3.58296e-06,3.12414e-06,2.72896e-06,2.28546e-06,1.88859e-06,1.51307e-06
5.0967e-06,4.94634e-06,4.61002e-06,4.24608e-06,3.88559e-06,3.52456e-06,3.06365e-06,2.69619e-06,2.23204e-06,1.85177e-06,1.48152e-06
5.00376e-06,4.84664e-06,4.51709e-06,4.16363e-06,3.83144e-06,3.45423e-06,2.99883e-06,2.63812e-06,2.17096e-06,1.81543e-06,1.43769e-06
4.92079e-06,4.75477e-06,4.44853e-06,4.0713e-06,3.76188e-06,3.37968e-06,2.93301e-06,2.57979e-06,2.12838e-06,1.7738e-06,1.41031e-06
4.81206e-06,4.6699e-06,4.34591e-06,3.98918e-06,3.68869e-06,3.30714e-06,2.88681e-06,2.51991e-06,2.08703e-06,1.7419e-06,1.38424e-06
4.71528e-06,4.55535e-06,4.26779e-06,3.91947e-06,3.61183e-06,3.24227e-06,2.83277e-06,2.46916e-06,2.04329e-06,1.6988e-06,1.34769e-06
4.6257e-06,4.46787e-06,4.18354e-06,3.84784e-06,3.54261e-06,3.17362e-06,2.76288e-06,2.41748e-06,1.99442e-06,1.65896e-06,1.32124e-06
4.53866e-06,4.39131e-06,4.101e-06,3.77228e-06,3.47589e-06,3.1155e-06,2.71899e-06,2.36399e-06,1.95845e-06,1.62472e-06,1.29368e-06
4.47407e-06,4.30126e-06,4.00551e-06,3.70308e-06,3.41128e-06,3.05483e-06,2.6573e-06,2.3208e-06,1.92135e-06,1.58934e-06,1.25588e-06
4.35702e-06,4.23091e-06,3.93725e-06,3.62839e-06,3.33131e-06,2.99826e-06,2.59602e-06,2.28026e-06,1.86914e-06,1.55958e-06,1.23592e-06
4.27825e-06,4.14379e-06,3.85345e-06,3.55489e-06,3.27112e-06,2.93657e-06,2.55174e-06,2.22009e-06,1.83459e-06,1.52484e-06,1.20741e-06
4.20087e-06,4.06748e-06,3.79185e-06,3.48371e-06,3.2103e-06,2.87216e-06,2.50061e-06,2.1834e-06,1.79849e-06,1.49487e-06,1.18075e-06
4.13343e-06,3.97457e-06,3.71256e-06,3.42347e-06,3.14978e-06,2.82679e-06,2.46009e-06,2.14008e-06,1.75726e-06,1.4574e-06,1.15539e-06
4.02811e-06,3.90498e-06,3.648e-06,3.35624e-06,3.0903e-06,2.75704e-06,2.4104e-06,2.09602e-06,1.72572e-06,1.43264e-06,1.1336e-06
3.95489e-06,3.81552e-06,3.58364e-06,3.29309e-06,3.02822e-06,2.70829e-06,2.36845e-06,2.05221e-06,1.68656e-06,1.39788e-06,1.1061e-06
3.88893e-06,3.75667e-06,3.5138e-06,3.23226e-06,2.98152e-06,2.65649e-06,2.32394e-06,2.009e-06,1.65556e-06,1.36906e-06,1.08095e-06
3.81944e-06,3.68209e-06,3.45316e-06,3.17164e-06,2.91583e-06,2.60955e-06,2.27653e-06,1.97033e-06,1.61447e-06,1.34076e-06,1.0579e-06
3.73159e-06,3.61973e-06,3.37182e-06,3.10764e-06,2.85484e-06,2.56166e-06,2.21901e-06,1.93246e-06,1.57959e-06,1.31173e-06,1.03719e-06
3.67233e-06,3.55173e-06,3.31693e-06,3.04767e-06,2.81193e-06,2.50997e-06,2.1859e-06,1.88841e-06,1.55351e-06,1.28837e-06,1.01605e-06
3.60682e-06,3.48766e-06,3.2595e-06,2.99253e-06,2.74968e-06,2.46663e-06,2.14462e-06,1.86029e-06,1.5182e-06,1.2574e-06,9.93667e-07
3.53702e-06,3.40886e-06,3.18685e-06,2.93706e-06,2.70091e-06,2.41705e-06,2.10221e-06,1.81974e-06,1.49011e-06,1.23182e-06,9.71936e-07
3.47294e-06,3.3554e-06,3.13551e-06,2.88599e-06,2.65317e-06,2.3667e-06,2.06281e-06,1.78088e-06,1.45865e-06,1.20648e-06,9.49865e-07
3.41039e-06,3.29386e-06,3.07384e-06,2.84264e-06,2.61332e-06,2.33011e-06,2.02297e-06,1.73849e-06,1.42868e-06,1.18432e-06,9.27545e-07
3.34516e-06,3.22793e-06,3.01961e-06,2.78171e-06,2.55348e-06,2.28252e-06,1.9892e-06,1.7135e-06,1.40254e-06,1.15872e-06,9.1102e-07
3.28482e-06,3.17195e-06,2.95997e-06,2.72643e-06,2.50713e-06,2.24238e-06,1.9514e-06,1.68138e-06,1.37652e-06,1.13526e-06,8.94077e-07
3.21283e-06,3.11104e-06,2.90696e-06,2.67165e-06,2.46088e-06,2.20239e-06,1.91253e-06,1.64777e-06,1.34047e-06,1.11342e-06,8.71545e-07
3.16932e-06,3.05906e-06,2.85527e-06,2.63205e-06,2.4146e-06,2.15032e-06,1.86654e-06,1.61601e-06,1.31723e-06,1.0897e-06,8.57004e-07
3.12037e-06,3.00767e-06,2.80492e-06,2.57853e-06,2.37108e-06,2.1186e-06,1.83589e-06,1.57729e-06,1.29245e-06,1.06913e-06,8.37e-07
3.05172e-06,2.94944e-06,2.75613e-06,2.53171e-06,2.33393e-06,2.07363e-06,1.8071e-06,1.54975e-06,1.26836e-06,1.04521e-06,8.18457e-07
2.99915e-06,2.89476e-06,2.70322e-06,2.49026e-06,2.2855e-06,2.03885e-06,1.77215e-06,1.52337e-06,1.2376e-06,1.02469e-06,8.02298e-07
2.942e-06,2.83725e-06,2.65473e-06,2.4443e-06,2.24422e-06,1.99965e-06,1.74129e-06,1.49332e-06,1.21673e-06,1.00463e-06,7.84947e-07
2.88368e-06,2.78299e-06,2.61272e-06,2.40567e-06,2.20415e-06,1.96379e-06,1.71025e-06,1.4617e-06,1.19495e-06,9.85566e-07,7.67941e-07
2.83994e-06,2.73837e-06,2.56644e-06,2.35693e-06,2.16683e-06,1.92962e-06,1.6771e-06,1.43203e-06,1.17107e-06,9.64845e-07,7.51714e-07
2.78051e-06,2.69204e-06,2.51981e-06,2.3124e-06,2.12239e-06,1.8932e-06,1.64621e-06,1.40625e-06,1.14497e-06,9.45852e-07,7.37035e-07
2.73982e-06,2.6365e-06,2.47883e-06,2.27575e-06,2.08944e-06,1.86152e-06,1.62474e-06,1.38124e-06,1.12649e-06,9.26329e-07,7.21827e-07
2.68841e-06,2.59447e-06,2.43385e-06,2.23478e-06,2.04838e-06,1.82254e-06,1.59163e-06,1.35748e-06,1.10374e-06,9.10469e-07,7.07304e-07
2.64474e-06,2.54997e-06,2.3908e-06,2.19213e-06,2.01238e-06,1.78886e-06,1.55925e-06,1.32828e-06,1.08444e-06,8.89909e-07,6.9379e-07
2.60843e-06,2.50374e-06,2.34479e-06,2.1538e-06,1.97822e-06,1.75893e-06,1.53157e-06,1.30602e-06,1.06293e-06,8.72009e-07,6.78485e-07
2.54887e-06,2.45929e-06,2.30077e-06,2.11367e-06,1.94123e-06,1.7255e-06,1.50671e-06,1.28289e-06,1.04373e-06,8.54922e-07,6.6571e-07
2.50764e-06,2.41367e-06,2.26366e-06,2.07885e-06,1.90536e-06,1.69263e-06,1.47909e-06,1.25587e-06,1.02197e-06,8.40225e-07,6.53509e-07
2.46709e-06,2.37529e-06,2.22868e-06,2.0447e-06,1.87257e-06,1.66076e-06,1.45271e-06,1.23428e-06,1.00576e-06,8.23064e-07,6.37768e-07
2.41992e-06,2.33911e-06,2.18874e-06,2.00663e-06,1.83805e-06,1.63405e-06,1.42228e-06,1.21144e-06,9.86061e-07,8.08746e-07,6.25625e-07
2.38101e-06,2.29767e-06,2.15041e-06,1.97179e-06,1.80434e-06,1.60715e-06,1.39794e-06,1.18967e-06,9.65678e-07,7.94536e-07,6.12937e-07
2.3405e-06,2.25941e-06,2.11711e-06,1.94064e-06,1.77514e-06,1.57786e-06,1.37462e-06,1.16575e-06,9.47726e-07,7.75597e-07,6.01495e-07
2.29765e-06,2.21322e-06,2.08036e-06,1.90606e-06,1.74456e-06,1.54392e-06,1.35202e-06,1.14619e-06,9.29895e-07,7.62811e-07,5.89393e-07
2.25881e-06,2.17603e-06,2.04547e-06,1.87126e-06,1.71033e-06,1.51785e-06,1.32925e-06,1.12454e-06,9.13847e-07,7.47586e-07,5.76593e-07
2.22288e-06,2.14345e-06,2.00873e-06,1.83859e-06,1.68321e-06,1.49254e-06,1.3034e-06,1.10283e-06,8.96859e-07,7.34628e-07,5.65864e-07
2.18301e-06,2.1039e-06,1.9755e-06,1.80814e-06,1.65277e-06,1.46674e-06,1.27881e-06,1.08617e-06,8.8164e-07,7.1837e-07,5.5524e-07
2.15051e-06,2.0713e-06,1.93983e-06,1.77837e-06,1.62654e-06,1.44129e-06,1.25805e-06,1.06463e-06,8.62382e-07,7.0567e-07,5.44058e-07
2.11587e-06,2.03586e-06,1.90942e-06,1.74867e-06,1.59802e-06,1.41672e-06,1.23454e-06,1.04451e-06,8.47625e-07,6.92009e-07,5.33378e-07
2.08026e-06,2.00065e-06,1.87218e-06,1.71979e-06,1.57302e-06,1.39176e-06,1.21349e-06,1.02389e-06,8.32775e-07,6.79896e-07,5.23105e-07
2.0425e-06,1.97009e-06,1.84784e-06,1.68758e-06,1.54112e-06,1.36733e-06,1.19464e-06,1.00766e-06,8.17168e-07,6.67067e-07,5.12805e-07
2.01136e-06,1.93663e-06,1.82159e-06,1.66469e-06,1.51968e-06,1.34308e-06,1.17579e-06,9.90209e-07,8.01421e-07,6.55559e-07,5.01076e-07
1.97653e-06,1.90483e-06,1.78593e-06,1.63045e-06,1.48719e-06,1.31842e-06,1.1545e-06,9.72896e-07,7.86785e-07,6.42294e-07,4.92499e-07
1.94156e-06,1.86972e-06,1.7564e-06,1.60697e-06,1.46243e-06,1.29554e-06,1.13533e-06,9.5668e-07,7.72742e-07,6.3112e-07,4.83498e-07
1.91008e-06,1.84276e-06,1.72932e-06,1.58054e-06,1.43884e-06,1.27444e-06,1.1139e-06,9.38714e-07,7.60704e-07,6.19418e-07,4.74037e-07
1.87787e-06,1.81172e-06,1.70198e-06,1.55283e-06,1.41313e-06,1.25055e-06,1.09649e-06,9.2147e-07,7.4612e-07,6.08202e-07,4.63935e-07
1.85177e-06,1.78559e-06,1.67393e-06,1.5267e-06,1.3901e-06,1.23073e-06,1.07754e-06,9.08146e-07,7.32723e-07,5.95745e-07,4.56603e-07
1.82093e-06,1.75103e-06,1.64631e-06,1.50551e-06,1.36815e-06,1.20935e-06,1.05908e-06,8.88888e-07,7.20382e-07,5.85123e-07,4.47824e-07
1.79221e-06,1.72629e-06,1.62177e-06,1.48059e-06,1.34562e-06,1.1896e-06,1.03839e-06,8.75542e-07,7.07366e-07,5.75804e-07,4.39814e-07
1.75974e-06,1.69287e-06,1.59335e-06,1.45506e-06,1.32458e-06,1.16902e-06,1.02361e-06,8.58861e-07,6.95598e-07,5.65909e-07,4.31131e-07
1.73733e-06,1.67238e-06,1.56891e-06,1.4358e-06,1.30353e-06,1.1476e-06,1.00491e-06,8.45657e-07,6.82788e-07,5.54501e-07,4.21742e-07
1.7082e-06,1.64142e-06,1.54113e-06,1.40864e-06,1.28427e-06,1.13074e-06,9.89481e-07,8.27228e-07,6.70843e-07,5.45506e-07,4.15699e-07
1.68114e-06,1.61792e-06,1.51787e-06,1.38443e-06,1.2643e-06,1.10974e-06,9.73467e-07,8.16638e-07,6.60153e-07,5.35729e-07,4.07001e-07
1.65422e-06,1.59201e-06,1.49092e-06,1.36475e-06,1.24048e-06,1.09108e-06,9.55439e-07,8.02293e-07,6.49074e-07,5.25627e-07,3.99181e-07
1.63118e-06,1.56857e-06,1.47106e-06,1.34579e-06,1.22064e-06,1.07495e-06,9.40997e-07,7.88938e-07,6.37195e-07,5.15777e-07,3.92145e-07
1.60339e-06,1.54194e-06,1.44783e-06,1.32054e-06,1.20193e-06,1.05809e-06,9.25834e-07,7.75381e-07,6.25268e-07,5.07856e-07,3.8479e-07
1.57503e-06,1.51866e-06,1.42585e-06,1.29709e-06,1.17855e-06,1.04189e-06,9.10521e-07,7.62837e-07,6.15438e-07,4.97247e-07,3.77369e-07
1.55255e-06,1.49547e-06,1.40249e-06,1.27844e-06,1.16365e-06,1.0221e-06,8.94958e-07,7.50333e-07,6.04883e-07,4.88761e-07,3.69877e-07
1.52665e-06,1.47423e-06,1.38557e-06,1.25672e-06,1.1414e-06,1.00573e-06,8.79539e-07,7.36832e-07,5.95447e-07,4.79387e-07,3.6358e-07
1.50416e-06,1.44933e-06,1.35827e-06,1.23825e-06,1.1253e-06,9.90576e-07,8.66835e-07,7.25137e-07,5.85603e-07,4.71545e-07,3.56645e-07
1.48216e-06,1.43017e-06,1.33916e-06,1.2205e-06,1.10699e-06,9.6973e-07,8.5283e-07,7.12361e-07,5.74673e-07,4.63279e-07,3.50331e-07
1.46039e-06,1.40967e-06,1.31652e-06,1.19973e-06,1.0887e-06,9.56259e-07,8.37896e-07,7.00878e-07,5.64801e-07,4.55175e-07,3.43516e-07
1.43887e-06,1.38687e-06,1.30116e-06,1.1813e-06,1.07297e-06,9.41109e-07,8.25733e-07,6.88509e-07,5.56568e-07,4.47643e-07,3.37832e-07
1.41829e-06,1.3637e-06,1.27533e-06,1.1648e-06,1.05784e-06,9.25299e-07,8.1207e-07,6.78268e-07,5.47973e-07,4.38874e-07,3.3147e-07
1.39181e-06,1.3431e-06,1.26006e-06,1.14824e-06,1.0389e-06,9.10933e-07,7.99704e-07,6.67162e-07,5.37281e-07,4.32164e-07,3.25431e-07
1.37462e-06,1.32526e-06,1.2387e-06,1.13067e-06,1.02302e-06,8.967e-07,7.88397e-07,6.56714e-07,5.28035e-07,4.24507e-07,3.18894e-07
1.35259e-06,1.30608e-06,1.21977e-06,1.1116e-06,1.00677e-06,8.82357e-07,7.72641e-07,6.4481e-07,5.19897e-07,4.16262e-07,3.13488e-07
1.33397e-06,1.28347e-06,1.2003e-06,1.09519e-06,9.91622e-07,8.69149e-07,7.61218e-07,6.35665e-07,5.09949e-07,4.10244e-07,3.07712e-07
1.31232e-06,1.26552e-06,1.18361e-06,1.07918e-06,9.773e-07,8.55104e-07,7.48925e-07,6.2482e-07,5.03854e-07,4.02205e-07,3.02302e-07
1.29412e-06,1.2482e-06,1.16587e-06,1.06196e-06,9.62857e-07,8.42513e-07,7.39115e-07,6.15052e-07,4.93706e-07,3.96011e-07,2.96678e-07
1.27585e-06,1.23211e-06,1.14743e-06,1.04597e-06,9.46714e-07,8.29606e-07,7.2531e-07,6.04044e-07,4.85418e-07,3.88394e-07,2.91546e-07
1.25321e-06,1.20672e-06,1.13324e-06,1.0323e-06,9.31556e-07,8.16038e-07,7.15276e-07,5.94386e-07,4.78431e-07,3.82801e-07,2.86042e-07
1.2382e-06,1.19713e-06,1.11239e-06,1.01432e-06,9.16811e-07,8.05466e-07,7.04327e-07,5.86421e-07,4.69724e-07,3.76748e-07,2.80736e-07
1.21885e-06,1.17642e-06,1.09743e-06,1.00166e-06,9.05902e-07,7.88072e-07,6.91605e-07,5.76093e-07,4.63119e-07,3.68755e-07,2.76067e-07
1.2017e-06,1.16037e-06,1.08066e-06,9.85368e-07,8.90809e-07,7.77146e-07,6.81354e-07,5.66362e-07,4.56153e-07,3.62454e-07,2.71358e-07
1.18463e-06,1.14482e-06,1.06161e-06,9.72414e-07,8.78624e-07,7.67093e-07,6.70927e-07,5.57113e-07,4.48115e-07,3.56164e-07,2.66604e-07
1.16668e-06,1.12913e-06,1.04824e-06,9.58342e-07,8.62601e-07,7.55163e-07,6.60989e-07,5.5014e-07,4.41155e-07,3.50113e-07,2.61841e-07
1.14945e-06,1.10831e-06,1.03454e-06,9.43695e-07,8.51737e-07,7.45301e-07,6.51541e-07,5.42669e-07,4.33481e-07,3.44737e-07,2.56864e-07
1.13263e-06,1.09518e-06,1.0188e-06,9.30187e-07,8.37023e-07,7.3162e-07,6.40397e-07,5.31948e-07,4.26428e-07,3.38733e-07,2.53107e-07
1.11954e-06,1.07625e-06,1.00449e-06,9.13254e-07,8.25303e-07,7.21553e-07,6.32306e-07,5.22182e-07,4.19845e-07,3.34361e-07,2.48913e-07
1.10115e-06,1.06475e-06,9.89551e-07,9.02698e-07,8.12938e-07,7.11654e-07,6.21307e-07,5.15867e-07,4.13682e-07,3.2735e-07,2.43652e-07
1.08265e-06,1.05033e-06,9.75189e-07,8.89676e-07,8.03437e-07,7.00544e-07,6.12233e-07,5.08267e-07,4.06818e-07,3.22113e-07,2.39332e-07
1.07176e-06,1.03567e-06,9.63946e-07,8.75986e-07,7.86523e-07,6.89209e-07,6.02543e-07,4.99767e-07,3.9979e-07,3.16666e-07,2.35071e-07
1.05427e-06,1.01929e-06,9.47652e-07,8.64212e-07,7.78e-07,6.79055e-07,5.93585e-07,4.91192e-07,3.93814e-07,3.11834e-07,2.3149e-07
1.04258e-06,1.00522e-06,9.33129e-07,8.49928e-07,7.67808e-07,6.68109e-07,5.83832e-07,4.83457e-07,3.87871e-07,3.0587e-07,2.27283e-07
1.02663e-06,9.90215e-07,9.18811e-07,8.39477e-07,7.57841e-07,6.62524e-07,5.77428e-07,4.76947e-07,3.81792e-07,3.01296e-07,2.23559e-07
1.01e-06,9.7719e-07,9.09269e-07,8.25008e-07,7.45064e-07,6.51672e-07,5.66452e-07,4.70304e-07,3.76223e-07,2.96945e-07,2.1869e-07
9.97613e-07,9.6237e-07,8.92816e-07,8.15128e-07,7.35002e-07,6.39942e-07,5.59719e-07,4.60755e-07,3.69575e-07,2.90904e-07,2.15629e-07
9.843e-07,9.51302e-07,8.83552e-07,8.04475e-07,7.2292e-07,6.31253e-07,5.49839e-07,4.54044e-07,3.64171e-07,2.86258e-07,2.11377e-07
9.72845e-07,9.39046e-07,8.68215e-07,7.93047e-07,7.16844e-07,6.20866e-07,5.43195e-07,4.48306e-07,3.5837e-07,2.81243e-07,2.08265e-07
9.593e-07,9.28509e-07,8.56124e-07,7.81594e-07,7.02708e-07,6.10901e-07,5.34109e-07,4.40861e-07,3.53464e-07,2.76772e-07,2.04421e-07
9.4607e-07,9.12695e-07,8.44501e-07,7.69792e-07,6.95644e-07,6.0354e-07,5.24988e-07,4.3377e-07,3.48014e-07,2.72539e-07,2.01588e-07
9.33109e-07,9.03098e-07,8.34168e-07,7.58423e-07,6.83363e-07,5.95473e-07,5.18717e-07,4.27727e-07,3.41857e-07,2.68569e-07,1.97712e-07
9.16946e-07,8.86927e-07,8.22956e-07,7.4746e-07,6.74463e-07,5.85616e-07,5.11108e-07,4.20834e-07,3.38026e-07,2.63641e-07,1.94166e-07
9.07729e-07,8.79843e-07,8.09254e-07,7.40648e-07,6.65749e-07,5.77556e-07,5.04111e-07,4.16309e-07,3.31056e-07,2.58749e-07,1.90843e-07
8.94727e-07,8.6534e-07,7.98134e-07,7.28901e-07,6.57126e-07,5.69063e-07,4.96071e-07,4.07432e-07,3.27458e-07,2.55333e-07,1.88016e-07
8.80654e-07,8.55288e-07,7.85311e-07,7.18504e-07,6.45523e-07,5.61988e-07,4.86596e-07,4.01531e-07,3.22643e-07,2.50482e-07,1.84216e-07
8.7079e-07,8.39537e-07,7.75066e-07,7.06849e-07,6.3832e-07,5.5375e-07,4.82178e-07,3.96826e-07,3.16648e-07,2.47005e-07,1.81391e-07
8.58139e-07,8.29793e-07,7.66241e-07,6.99793e-07,6.29093e-07,5.44978e-07,4.75751e-07,3.8945e-07,3.11783e-07,2.4333e-07,1.78611e-07
8.47554e-07,8.18862e-07,7.54551e-07,6.89579e-07,6.21165e-07,5.37822e-07,4.68327e-07,3.84561e-07,3.0735e-07,2.39472e-07,1.75037e-07
8.34794e-07,8.08848e-07,7.44713e-07,6.7909e-07,6.10287e-07,5.30164e-07,4.59853e-07,3.78511e-07,3.03659e-07,2.34494e-07,1.7177e-07
8.23873e-07,7.98808e-07,7.34121e-07,6.7091e-07,6.0172e-07,5.22748e-07,4.52978e-07,3.7218e-07,2.98995e-07,2.31657e-07,1.69079e-07
8.13694e-07,7.88752e-07,7.21972e-07,6.6202e-07,5.94724e-07,5.14491e-07,4.47366e-07,3.67567e-07,2.9366e-07,2.27192e-07,1.66767e-07
8.03056e-07,7.77629e-07,7.13327e-07,6.54587e-07,5.89074e-07,5.0774e-07,4.41272e-07,3.62143e-07,2.89016e-07,2.25339e-07,1.63706e-07
7.95856e-07,7.66169e-07,7.05435e-07,6.4582e-07,5.79387e-07,5.02267e-07,4.33581e-07,3.57441e-07,2.85052e-07,2.20797e-07,1.60787e-07
7.8155e-07,7.56777e-07,6.9248e-07,6.36493e-07,5.72314e-07,4.94139e-07,4.30272e-07,3.51875e-07,2.81416e-07,2.17677e-07,1.58559e-07
7.74049e-07,7.46174e-07,6.85034e-07,6.27613e-07,5.6247e-07,4.87369e-07,4.22542e-07,3.44037e-07,2.76249e-07,2.14226e-07,1.5565e-07
7.61698e-07,7.34686e-07,6.75519e-07,6.16618e-07,5.56744e-07,4.80334e-07,4.16253e-07,3.40275e-07,2.72839e-07,2.09759e-07,1.52868e-07
7.50557e-07,7.25722e-07,6.67387e-07,6.103e-07,5.48758e-07,4.74109e-07,4.11825e-07,3.3611e-07,2.68027e-07,2.06731e-07,1.50923e-07
7.41814e-07,7.15409e-07,6.547e-07,6.00756e-07,5.39408e-07,4.67333e-07,4.04138e-07,3.31361e-07,2.64224e-07,2.03533e-07,1.47674e-07
7.31552e-07,7.05549e-07,6.49481e-07,5.9383e-07,5.35109e-07,4.60615e-07,3.98982e-07,3.2711e-07,2.60821e-07,2.0018e-07,1.45745e-07
7.23524e-07,6.98434e-07,6.40582e-07,5.84439e-07,5.26923e-07,4.53592e-07,3.92937e-07,3.21606e-07,2.56855e-07,1.97461e-07,1.43062e-07
7.14353e-07,6.90927e-07,6.3324e-07,5.78667e-07,5.18339e-07,4.49638e-07,3.86408e-07,3.17655e-07,2.53097e-07,1.93966e-07,1.40901e-07
7.01774e-07,6.80714e-07,6.24395e-07,5.69449e-07,5.12655e-07,4.42476e-07,3.81217e-07,3.13298e-07,2.49292e-07,1.90843e-07,1.37966e-07
6.95477e-07,6.71127e-07,6.15705e-07,5.60986e-07,5.04048e-07,4.35704e-07,3.76267e-07,3.07652e-07,2.45071e-07,1.87979e-07,1.35929e-07
6.86689e-07,6.65392e-07,6.07669e-07,5.53909e-07,4.98796e-07,4.30341e-07,3.71751e-07,3.03051e-07,2.42115e-07,1.85104e-07,1.339e-07
6.79155e-07,6.55756e-07,5.98393e-07,5.47997e-07,4.94521e-07,4.23072e-07,3.65738e-07,2.98234e-07,2.37889e-07,1.81728e-07,1.31429e-07
6.68448e-07,6.45758e-07,5.9125e-07,5.3905e-07,4.85105e-07,4.1816e-07,3.60402e-07,2.94349e-07,2.34453e-07,1.7916e-07,1.29379e-07
6.60457e-07,6.36616e-07,5.8363e-07,5.34326e-07,4.79554e-07,4.13003e-07,3.56511e-07,2.91554e-07,2.3074e-07,1.76549e-07,1.27473e-07
6.50821e-07,6.28442e-07,5.76284e-07,5.2511e-07,4.7296e-07,4.08164e-07,3.51316e-07,2.86864e-07,2.2747e-07,1.74288e-07,1.25107e-07
6.4369e-07,6.21065e-07,5.69036e-07,5.18564e-07,4.66078e-07,4.03617e-07,3.46118e-07,2.82522e-07,2.24171e-07,1.71765e-07,1.23601e-07
6.35597e-07,6.14988e-07,5.62453e-07,5.12764e-07,4.60623e-07,3.97222e-07,3.40674e-07,2.78657e-07,2.21176e-07,1.68774e-07,1.21353e-07
6.26274e-07,6.04902e-07,5.54644e-07,5.05358e-07,4.53624e-07,3.92193e-07,3.35137e-07,2.76061e-07,2.1835e-07,1.65828e-07,1.19452e-07
6.20731e-07,5.96626e-07,5.46019e-07,4.98669e-07,4.47459e-07,3.8624e-07,3.30854e-07,2.70566e-07,2.14615e-07,1.63559e-07,1.17697e-07
6.10107e-07,5.9018e-07,5.38512e-07,4.92504e-07,4.43044e-07,3.80852e-07,3.27623e-07,2.66797e-07,2.11856e-07,1.61052e-07,1.15506e-07
6.04443e-07,5.83577e-07,5.31334e-07,4.86443e-07,4.38438e-07,3.76252e-07,3.22589e-07,2.62181e-07,2.08777e-07,1.57977e-07,1.13658e-07
5.94742e-07,5.76268e-07,5.25268e-07,4.78938e-07,4.32757e-07,3.71475e-07,3.17686e-07,2.58986e-07,2.06278e-07,1.56107e-07,1.11902e-07
5.88017e-07,5.67665e-07,5.17159e-07,4.72725e-07,4.25856e-07,3.65892e-07,3.14733e-07,2.54545e-07,2.02464e-07,1.53804e-07,1.09863e-07
5.81685e-07,5.62532e-07,5.11631e-07,4.67298e-07,4.20008e-07,3.60946e-07,3.09994e-07,2.52231e-07,1.99821e-07,1.51529e-07,1.08648e-07
