0.000199074,0.000193377,0.000185632,0.000176295,0.0001681,0.000161574,0.000145606,0.000138285,0.000125754,0.000115328,0.000108487
0.000195814,0.000190609,0.000183824,0.000174107,0.000167582,0.000159881,0.000145047,0.000135213,0.000123626,0.000114006,0.000106335
0.000193886,0.000187603,0.000181487,0.000172439,0.000164109,0.000156823,0.000142497,0.000132914,0.00012098,0.000111649,0.000104619
0.000190725,0.000184963,0.000179028,0.000170038,0.000162601,0.000154668,0.000140817,0.000130396,0.000118975,0.000109779,0.000101593
0.000188059,0.000181799,0.000176406,0.000167569,0.000159835,0.000151699,0.000138475,0.000127856,0.000116037,0.000107338,9.85472e-05
0.000185293,0.000178539,0.000173991,0.000164784,0.000157265,0.000148569,0.000136328,0.000125299,0.000113057,0.000105185,9.54254e-05
0.000182166,0.00017539,0.000171207,0.000162252,0.000154108,0.000145512,0.000133123,0.000122664,0.000110034,0.000102103,9.23465e-05
0.000179231,0.000172166,0.000168266,0.000159216,0.000150515,0.00014247,0.000130127,0.000120028,0.000107236,9.94403e-05,8.9526e-05
0.000175945,0.000168919,0.000165595,0.000156619,0.000147965,0.000139022,0.000127145,0.000117138,0.000103833,9.65936e-05,8.62111e-05
0.000172674,0.00016589,0.000163145,0.000153589,0.000144368,0.000135534,0.00012429,0.000114433,0.000100832,9.40832e-05,8.30748e-05
0.000169124,0.000162711,0.000159487,0.000150683,0.000141563,0.000132074,0.000121275,0.000111327,9.75702e-05,9.09142e-05,8.07582e-05
0.000165351,0.000159524,0.000156602,0.000147616,0.000138112,0.000128842,0.000117809,0.000107131,9.51283e-05,8.82191e-05,7.76309e-05
0.00016264,0.00015595,0.000153549,0.000144565,0.000135258,0.000126081,0.00011441,0.000105845,9.18928e-05,8.52543e-05,7.5057e-05
0.000159267,0.000152791,0.000150114,0.000140877,0.000132027,0.000122199,0.000112076,0.000102416,8.92063e-05,8.2927e-05,7.23503e-05
0.000155739,0.000149715,0.000146686,0.000138274,0.000128471,0.000119439,0.000108396,9.9425e-05,8.61896e-05,8.02979e-05,6.96589e-05
0.000152451,0.000147003,0.000144248,0.000134817,0.000125164,0.000115883,0.000105557,9.60503e-05,8.41185e-05,7.79385e-05,6.74011e-05
0.000148713,0.000143126,0.000140587,0.000131148,0.00012178,0.000113944,0.000101645,9.39445e-05,8.10487e-05,7.4926e-05,6.47156e-05
0.000144824,0.000140173,0.000137164,0.000128444,0.000119081,0.000110195,9.98279e-05,9.02383e-05,7.91453e-05,7.29629e-05,6.26086e-05
0.000142253,0.000136768,0.000132895,0.000124751,0.000114861,0.000107158,9.63222e-05,8.78788e-05,7.54705e-05,7.07086e-05,6.04509e-05
0.000138582,0.00013431,0.000129782,0.000121836,0.000112028,0.00010372,9.43653e-05,8.50467e-05,7.3509e-05,6.88388e-05,5.83672e-05
0.000135173,0.000130518,0.000126108,0.000118229,0.000108579,0.000101208,9.08024e-05,8.23989e-05,7.0846e-05,6.60432e-05,5.634e-05
0.000131219,0.000127757,0.000122919,0.000115299,0.000105902,9.78977e-05,8.86655e-05,7.96085e-05,6.92723e-05,6.36127e-05,5.43494e-05
0.000128237,0.000123958,0.000119643,0.000111937,0.000102396,9.5203e-05,8.49956e-05,7.70879e-05,6.61389e-05,6.12029e-05,5.27509e-05
0.000124076,0.000121628,0.000116608,0.000108872,9.98123e-05,9.26001e-05,8.31921e-05,7.4596e-05,6.52127e-05,5.94206e-05,5.05172e-05
0.000121386,0.000117878,0.000112904,0.00010563,9.62495e-05,8.96233e-05,8.02496e-05,7.20536e-05,6.22151e-05,5.72059e-05,4.89365e-05
0.000117276,0.000114695,0.000109562,0.000102913,9.34903e-05,8.71092e-05,7.8171e-05,6.95207e-05,6.07059e-05,5.54261e-05,4.69264e-05
0.000114355,0.000111613,0.000106564,9.93441e-05,9.07838e-05,8.42622e-05,7.55476e-05,6.72635e-05,5.86258e-05,5.34254e-05,4.5642e-05
0.000110577,0.000108317,0.00010298,9.69848e-05,8.77953e-05,8.15954e-05,7.35919e-05,6.49682e-05,5.66904e-05,5.17427e-05,4.3738e-05
0.000107792,0.000105362,0.000100359,9.32625e-05,8.52261e-05,7.90366e-05,7.08276e-05,6.30069e-05,5.49269e-05,4.97897e-05,4.24766e-05
0.000104044,0.00010264,9.70353e-05,9.10996e-05,8.23646e-05,7.69619e-05,6.86802e-05,6.07713e-05,5.35058e-05,4.82754e-05,4.0538e-05
0.000101305,9.98077e-05,9.42392e-05,8.78494e-05,7.99267e-05,7.43675e-05,6.62001e-05,5.91102e-05,5.14186e-05,4.62035e-05,3.96098e-05
9.79443e-05,9.63486e-05,9.07358e-05,8.55395e-05,7.7535e-05,7.20271e-05,6.45127e-05,5.68361e-05,4.98995e-05,4.46926e-05,3.80495e-05
9.50549e-05,9.3346e-05,8.80892e-05,8.25128e-05,7.49925e-05,6.95396e-05,6.21521e-05,5.50213e-05,4.82334e-05,4.31445e-05,3.67044e-05
9.15901e-05,9.05251e-05,8.52506e-05,7.99693e-05,7.26899e-05,6.74249e-05,5.99822e-05,5.33356e-05,4.66031e-05,4.16128e-05,3.54595e-05
8.94948e-05,8.75247e-05,8.25921e-05,7.73592e-05,7.01437e-05,6.51471e-05,5.80797e-05,5.13999e-05,4.49001e-05,4.01257e-05,3.41147e-05
8.66454e-05,8.4564e-05,7.99715e-05,7.4546e-05,6.8143e-05,6.31226e-05,5.61752e-05,4.98511e-05,4.35856e-05,3.89067e-05,3.31196e-05
8.35166e-05,8.20465e-05,7.69219e-05,7.24421e-05,6.57792e-05,6.08455e-05,5.42568e-05,4.79358e-05,4.21634e-05,3.72784e-05,3.18441e-05
8.10247e-05,7.93415e-05,7.44126e-05,7.00428e-05,6.34756e-05,5.89089e-05,5.26172e-05,4.65979e-05,4.05584e-05,3.59818e-05,3.06807e-05
7.88655e-05,7.65421e-05,7.19158e-05,6.77831e-05,6.15127e-05,5.7119e-05,5.07652e-05,4.48268e-05,3.91397e-05,3.46957e-05,2.9566e-05
7.63415e-05,7.38605e-05,6.99873e-05,6.59696e-05,5.93183e-05,5.53728e-05,4.93791e-05,4.32113e-05,3.80284e-05,3.36159e-05,2.84311e-05
7.3391e-05,7.13958e-05,6.74597e-05,6.34848e-05,5.72061e-05,5.32478e-05,4.73804e-05,4.17591e-05,3.66328e-05,3.22973e-05,2.75324e-05
7.09822e-05,6.89939e-05,6.47961e-05,6.13301e-05,5.56613e-05,5.15502e-05,4.57686e-05,4.04466e-05,3.54735e-05,3.1104e-05,2.65919e-05
6.88046e-05,6.6929e-05,6.3106e-05,5.94686e-05,5.38894e-05,5.00048e-05,4.42861e-05,3.92523e-05,3.44157e-05,3.00026e-05,2.55285e-05
6.63646e-05,6.44587e-05,6.04609e-05,5.73244e-05,5.18983e-05,4.81289e-05,4.26386e-05,3.79222e-05,3.29354e-05,2.88256e-05,2.4681e-05
6.39911e-05,6.25091e-05,5.86004e-05,5.55041e-05,5.03244e-05,4.69308e-05,4.11801e-05,3.70384e-05,3.19407e-05,2.78715e-05,2.42017e-05
6.195e-05,6.02318e-05,5.66134e-05,5.35868e-05,4.87921e-05,4.49822e-05,3.97305e-05,3.52789e-05,3.08184e-05,2.67591e-05,2.27268e-05
6.004e-05,5.83702e-05,5.47776e-05,5.22265e-05,4.74429e-05,4.38139e-05,3.84409e-05,3.43078e-05,2.99213e-05,2.58699e-05,2.20762e-05
5.78284e-05,5.62372e-05,5.28759e-05,5.01285e-05,4.55316e-05,4.22419e-05,3.71015e-05,3.2858e-05,2.86763e-05,2.49097e-05,2.10993e-05
5.60397e-05,5.45011e-05,5.1189e-05,4.84278e-05,4.42134e-05,4.06366e-05,3.5949e-05,3.20389e-05,2.78648e-05,2.38672e-05,2.02837e-05
5.41869e-05,5.25262e-05,4.93827e-05,4.70045e-05,4.28023e-05,3.93335e-05,3.46728e-05,3.09205e-05,2.68028e-05,2.29487e-05,1.95534e-05
5.25814e-05,5.09771e-05,4.78281e-05,4.53862e-05,4.15341e-05,3.80473e-05,3.36147e-05,2.98907e-05,2.58681e-05,2.21748e-05,1.87284e-05
5.08987e-05,4.91933e-05,4.61422e-05,4.39787e-05,4.02345e-05,3.68947e-05,3.24257e-05,2.85515e-05,2.49403e-05,2.13044e-05,1.80963e-05
4.92786e-05,4.76854e-05,4.47232e-05,4.26572e-05,3.89292e-05,3.56332e-05,3.13265e-05,2.77137e-05,2.41013e-05,2.05932e-05,1.72582e-05
4.75563e-05,4.60455e-05,4.33024e-05,4.12687e-05,3.7558e-05,3.45555e-05,3.03749e-05,2.6811e-05,2.32084e-05,1.98902e-05,1.67468e-05
4.60781e-05,4.46113e-05,4.18358e-05,3.9839e-05,3.64419e-05,3.33971e-05,2.93935e-05,2.58869e-05,2.24343e-05,1.91326e-05,1.6078e-05
4.47812e-05,4.33008e-05,4.05151e-05,3.86405e-05,3.54467e-05,3.23047e-05,2.84277e-05,2.50543e-05,2.17851e-05,1.84557e-05,1.55424e-05
4.34049e-05,4.18843e-05,3.92446e-05,3.74137e-05,3.42524e-05,3.13613e-05,2.74762e-05,2.42347e-05,2.08912e-05,1.77563e-05,1.49762e-05
4.19943e-05,4.06385e-05,3.81271e-05,3.63051e-05,3.31158e-05,3.03529e-05,2.66671e-05,2.33927e-05,2.0149e-05,1.71823e-05,1.43277e-05
4.07784e-05,3.94328e-05,3.69627e-05,3.51513e-05,3.21897e-05,2.93852e-05,2.57873e-05,2.25828e-05,1.94332e-05,1.65123e-05,1.37706e-05
3.95978e-05,3.8213e-05,3.58704e-05,3.41756e-05,3.12184e-05,2.84565e-05,2.49747e-05,2.18288e-05,1.87791e-05,1.59469e-05,1.32425e-05
3.84948e-05,3.72074e-05,3.48291e-05,3.30226e-05,3.0231e-05,2.76502e-05,2.42237e-05,2.107e-05,1.80307e-05,1.5351e-05,1.27809e-05
3.7324e-05,3.61267e-05,3.39095e-05,3.21293e-05,2.93464e-05,2.6801e-05,2.34785e-05,2.04274e-05,1.75106e-05,1.48751e-05,1.22929e-05
3.62809e-05,3.5068e-05,3.28736e-05,3.11356e-05,2.85297e-05,2.5955e-05,2.27801e-05,1.97854e-05,1.69116e-05,1.43174e-05,1.18335e-05
3.52894e-05,3.40962e-05,3.19589e-05,3.02285e-05,2.77527e-05,2.51668e-05,2.21037e-05,1.916e-05,1.63668e-05,1.38181e-05,1.14362e-05
3.42319e-05,3.31337e-05,3.11165e-05,2.93613e-05,2.6976e-05,2.45014e-05,2.1488e-05,1.8536e-05,1.58109e-05,1.33274e-05,1.09672e-05
3.34462e-05,3.2369e-05,3.03301e-05,2.86535e-05,2.61974e-05,2.38678e-05,2.08668e-05,1.80485e-05,1.53488e-05,1.29524e-05,1.06795e-05
3.24341e-05,3.14521e-05,2.95338e-05,2.76801e-05,2.53945e-05,2.30166e-05,2.01905e-05,1.7395e-05,1.47931e-05,1.24969e-05,1.02116e-05
3.16419e-05,3.0511e-05,2.86627e-05,2.70134e-05,2.46752e-05,2.23494e-05,1.96348e-05,1.68578e-05,1.42629e-05,1.20437e-05,9.85868e-06
3.09244e-05,2.97425e-05,2.78874e-05,2.62817e-05,2.39755e-05,2.16944e-05,1.91124e-05,1.6373e-05,1.38206e-05,1.16374e-05,9.52836e-06
2.99542e-05,2.89843e-05,2.72283e-05,2.55e-05,2.3316e-05,2.11293e-05,1.85709e-05,1.58567e-05,1.34089e-05,1.12796e-05,9.20695e-06
2.92527e-05,2.82271e-05,2.65332e-05,2.48347e-05,2.26994e-05,2.05473e-05,1.80581e-05,1.54054e-05,1.29913e-05,1.09401e-05,8.89886e-06
2.8524e-05,2.75401e-05,2.59407e-05,2.42097e-05,2.20941e-05,2.005e-05,1.75574e-05,1.48942e-05,1.25668e-05,1.06009e-05,8.57381e-06
2.78552e-05,2.68674e-05,2.52352e-05,2.35831e-05,2.15185e-05,1.95051e-05,1.70861e-05,1.45288e-05,1.22113e-05,1.0283e-05,8.34663e-06
2.71668e-05,2.61874e-05,2.46429e-05,2.29477e-05,2.09163e-05,1.89237e-05,1.66229e-05,1.40302e-05,1.18334e-05,9.96761e-06,8.05818e-06
2.64384e-05,2.54957e-05,2.40914e-05,2.23955e-05,2.04548e-05,1.84209e-05,1.61441e-05,1.36781e-05,1.14577e-05,9.637e-06,7.79956e-06
2.57762e-05,2.49157e-05,2.34745e-05,2.19054e-05,1.98943e-05,1.79504e-05,1.57493e-05,1.32508e-05,1.11251e-05,9.37936e-06,7.5588e-06
2.51934e-05,2.42369e-05,2.2947e-05,2.1281e-05,1.93587e-05,1.74507e-05,1.52725e-05,1.29181e-05,1.0815e-05,9.08453e-06,7.334e-06
2.45897e-05,2.3792e-05,2.2427e-05,2.0744e-05,1.88336e-05,1.70188e-05,1.49122e-05,1.2572e-05,1.04956e-05,8.84318e-06,7.10496e-06
2.40884e-05,2.30788e-05,2.18062e-05,2.02404e-05,1.83966e-05,1.65241e-05,1.4508e-05,1.22497e-05,1.01526e-05,8.57273e-06,6.91157e-06
2.34235e-05,2.26407e-05,2.13672e-05,1.97762e-05,1.79185e-05,1.6156e-05,1.41367e-05,1.18737e-05,9.90911e-06,8.31572e-06,6.7078e-06
2.29223e-05,2.2004e-05,2.08856e-05,1.93291e-05,1.74492e-05,1.57391e-05,1.37569e-05,1.15926e-05,9.64748e-06,8.11497e-06,6.51375e-06
2.2354e-05,2.15618e-05,2.03762e-05,1.88118e-05,1.70256e-05,1.53336e-05,1.34329e-05,1.12504e-05,9.37571e-06,7.86072e-06,6.31478e-06
2.18785e-05,2.10864e-05,1.9937e-05,1.84295e-05,1.6594e-05,1.49818e-05,1.3061e-05,1.09951e-05,9.12132e-06,7.62707e-06,6.15483e-06
2.13591e-05,2.05917e-05,1.9507e-05,1.79259e-05,1.62267e-05,1.46258e-05,1.27746e-05,1.06401e-05,8.87077e-06,7.40895e-06,5.97943e-06
2.08365e-05,2.00798e-05,1.90486e-05,1.75252e-05,1.5793e-05,1.42593e-05,1.2441e-05,1.03771e-05,8.631e-06,7.2228e-06,5.81317e-06
2.03051e-05,1.95917e-05,1.86135e-05,1.71391e-05,1.54576e-05,1.38596e-05,1.20832e-05,1.01432e-05,8.40991e-06,7.03587e-06,5.64841e-06
1.99132e-05,1.91668e-05,1.81471e-05,1.67118e-05,1.50683e-05,1.3554e-05,1.1815e-05,9.86166e-06,8.21417e-06,6.83073e-06,5.5124e-06
1.94416e-05,1.87304e-05,1.78008e-05,1.63195e-05,1.47094e-05,1.32266e-05,1.15509e-05,9.60149e-06,7.96914e-06,6.66353e-06,5.3501e-06
1.89698e-05,1.84154e-05,1.73967e-05,1.59198e-05,1.43327e-05,1.29042e-05,1.12659e-05,9.35807e-06,7.76414e-06,6.49327e-06,5.2116e-06
1.86957e-05,1.79291e-05,1.70269e-05,1.55321e-05,1.40449e-05,1.2549e-05,1.09876e-05,9.16662e-06,7.57553e-06,6.35411e-06,5.07617e-06
1.81795e-05,1.75102e-05,1.66436e-05,1.52451e-05,1.36677e-05,1.23008e-05,1.07279e-05,8.88017e-06,7.36353e-06,6.18524e-06,4.90062e-06
1.77395e-05,1.71182e-05,1.62221e-05,1.4858e-05,1.33431e-05,1.19944e-05,1.04414e-05,8.65859e-06,7.17942e-06,5.99123e-06,4.79763e-06
1.73224e-05,1.675e-05,1.58744e-05,1.4518e-05,1.3046e-05,1.17174e-05,1.02078e-05,8.44992e-06,6.9727e-06,5.8366e-06,4.68236e-06
1.6929e-05,1.63502e-05,1.55336e-05,1.41793e-05,1.27302e-05,1.14206e-05,9.92387e-06,8.2346e-06,6.82011e-06,5.68555e-06,4.54939e-06
1.6516e-05,1.59885e-05,1.51056e-05,1.38216e-05,1.24855e-05,1.1115e-05,9.66325e-06,8.06747e-06,6.62832e-06,5.55317e-06,4.44016e-06
1.6217e-05,1.56559e-05,1.4825e-05,1.35316e-05,1.21889e-05,1.08688e-05,9.44526e-06,7.85967e-06,6.45526e-06,5.39758e-06,4.3337e-06
1.57814e-05,1.53326e-05,1.45425e-05,1.32296e-05,1.19043e-05,1.06357e-05,9.23972e-06,7.66014e-06,6.32415e-06,5.27972e-06,4.20671e-06
1.54353e-05,1.49422e-05,1.42097e-05,1.29446e-05,1.16176e-05,1.03666e-05,8.98974e-06,7.44485e-06,6.15519e-06,5.12175e-06,4.09417e-06
1.51462e-05,1.45799e-05,1.38599e-05,1.26221e-05,1.13639e-05,1.01161e-05,8.80254e-06,7.26224e-06,6.00287e-06,5.01242e-06,4.00401e-06
1.47691e-05,1.43198e-05,1.36005e-05,1.23223e-05,1.10524e-05,9.89485e-06,8.57523e-06,7.10639e-06,5.85645e-06,4.88238e-06,3.8938e-06
1.44218e-05,1.40085e-05,1.32272e-05,1.20625e-05,1.08064e-05,9.64713e-06,8.34584e-06,6.92643e-06,5.71113e-06,4.74894e-06,3.81222e-06
1.41988e-05,1.36905e-05,1.29589e-05,1.17889e-05,1.05578e-05,9.41406e-06,8.17439e-06,6.75091e-06,5.58157e-06,4.62275e-06,3.68427e-06
1.37708e-05,1.34084e-05,1.26549e-05,1.14995e-05,1.0315e-05,9.20008e-06,7.98701e-06,6.57546e-06,5.43655e-06,4.51264e-06,3.59621e-06
1.35108e-05,1.30684e-05,1.24467e-05,1.1292e-05,1.01027e-05,8.98292e-06,7.75434e-06,6.43077e-06,5.31701e-06,4.41058e-06,3.50235e-06
1.32001e-05,1.27917e-05,1.21242e-05,1.10087e-05,9.87976e-06,8.77545e-06,7.60646e-06,6.27097e-06,5.17131e-06,4.31141e-06,3.42524e-06
1.28936e-05,1.24985e-05,1.1888e-05,1.07547e-05,9.64565e-06,8.52438e-06,7.41853e-06,6.15026e-06,5.04944e-06,4.2031e-06,3.34481e-06
1.26852e-05,1.22963e-05,1.15798e-05,1.05159e-05,9.41512e-06,8.36678e-06,7.25968e-06,5.99489e-06,4.94522e-06,4.09814e-06,3.25613e-06
1.24253e-05,1.20199e-05,1.13655e-05,1.02612e-05,9.21816e-06,8.19577e-06,7.07871e-06,5.85067e-06,4.82279e-06,3.99344e-06,3.17005e-06
1.21417e-05,1.18284e-05,1.1081e-05,1.00375e-05,9.0426e-06,8.01593e-06,6.91239e-06,5.7052e-06,4.72369e-06,3.90838e-06,3.09564e-06
1.18228e-05,1.14509e-05,1.08554e-05,9.83498e-06,8.86731e-06,7.80199e-06,6.7482e-06,5.56778e-06,4.58354e-06,3.80163e-06,3.01414e-06
1.15731e-05,1.12847e-05,1.06602e-05,9.61688e-06,8.60165e-06,7.62017e-06,6.62994e-06,5.42441e-06,4.49246e-06,3.71321e-06,2.93226e-06
1.13194e-05,1.0975e-05,1.03896e-05,9.43157e-06,8.43247e-06,7.46816e-06,6.47733e-06,5.27998e-06,4.37701e-06,3.63452e-06,2.86398e-06
1.10453e-05,1.07443e-05,1.01803e-05,9.18797e-06,8.25744e-06,7.28978e-06,6.2874e-06,5.18776e-06,4.2662e-06,3.56133e-06,2.80127e-06
1.08618e-05,1.05074e-05,1.00004e-05,9.00649e-06,8.10591e-06,7.11782e-06,6.15281e-06,5.08327e-06,4.18787e-06,3.43658e-06,2.73684e-06
1.0639e-05,1.02937e-05,9.73943e-06,8.80395e-06,7.8813e-06,6.96144e-06,6.02614e-06,4.94053e-06,4.09165e-06,3.37137e-06,2.65945e-06
1.03908e-05,1.01305e-05,9.53709e-06,8.62549e-06,7.72613e-06,6.80825e-06,5.88922e-06,4.82609e-06,3.98803e-06,3.28506e-06,2.60107e-06
1.01525e-05,9.89274e-06,9.35682e-06,8.42252e-06,7.55891e-06,6.65616e-06,5.76948e-06,4.71643e-06,3.89111e-06,3.21105e-06,2.53114e-06
9.97001e-06,9.62011e-06,9.17701e-06,8.28689e-06,7.39176e-06,6.5097e-06,5.6158e-06,4.60674e-06,3.82647e-06,3.12778e-06,2.48113e-06
9.74965e-06,9.50792e-06,8.97459e-06,8.04132e-06,7.2403e-06,6.35488e-06,5.50054e-06,4.50518e-06,3.72163e-06,3.06737e-06,2.41396e-06
9.60532e-06,9.28761e-06,8.75113e-06,7.90464e-06,7.08473e-06,6.18377e-06,5.36946e-06,4.39283e-06,3.65131e-06,2.98705e-06,2.36331e-06
9.35414e-06,9.10297e-06,8.61154e-06,7.75918e-06,6.942e-06,6.09108e-06,5.27403e-06,4.28453e-06,3.56842e-06,2.93229e-06,2.29403e-06
9.1662e-06,8.85995e-06,8.40593e-06,7.59717e-06,6.81094e-06,5.93126e-06,5.11187e-06,4.2035e-06,3.48461e-06,2.84055e-06,2.24766e-06
9.00062e-06,8.70626e-06,8.2429e-06,7.40292e-06,6.63009e-06,5.80776e-06,5.02131e-06,4.1088e-06,3.4006e-06,2.78618e-06,2.19561e-06
8.80458e-06,8.58446e-06,8.06882e-06,7.27922e-06,6.50839e-06,5.67578e-06,4.90989e-06,4.016e-06,3.32651e-06,2.71319e-06,2.13391e-06
8.59348e-06,8.38631e-06,7.92302e-06,7.11217e-06,6.38405e-06,5.58355e-06,4.8282e-06,3.93021e-06,3.24361e-06,2.66524e-06,2.0908e-06
8.40683e-06,8.21304e-06,7.761e-06,6.96471e-06,6.25206e-06,5.42242e-06,4.68637e-06,3.85577e-06,3.1789e-06,2.58958e-06,2.03687e-06
8.26129e-06,8.06862e-06,7.5956e-06,6.81987e-06,6.11457e-06,5.35443e-06,4.60572e-06,3.74974e-06,3.10992e-06,2.5387e-06,1.98423e-06
8.08981e-06,7.88923e-06,7.44048e-06,6.6932e-06,5.96712e-06,5.21934e-06,4.50296e-06,3.66882e-06,3.03938e-06,2.48465e-06,1.93939e-06
7.91453e-06,7.77007e-06,7.29844e-06,6.53488e-06,5.85071e-06,5.11727e-06,4.40778e-06,3.58678e-06,2.97403e-06,2.41428e-06,1.89623e-06
7.7516e-06,7.55562e-06,7.1907e-06,6.41295e-06,5.72155e-06,4.98892e-06,4.30761e-06,3.50921e-06,2.9122e-06,2.35935e-06,1.85406e-06
7.61421e-06,7.44532e-06,7.02107e-06,6.25964e-06,5.60531e-06,4.88842e-06,4.21506e-06,3.4459e-06,2.84512e-06,2.31042e-06,1.81329e-06
7.48828e-06,7.28608e-06,6.8707e-06,6.12487e-06,5.4988e-06,4.78934e-06,4.13904e-06,3.35964e-06,2.78691e-06,2.2609e-06,1.76687e-06
7.33999e-06,7.12796e-06,6.69224e-06,6.02897e-06,5.39187e-06,4.70971e-06,4.03079e-06,3.28008e-06,2.71216e-06,2.21272e-06,1.71977e-06
7.2e-06,6.98721e-06,6.59466e-06,5.90157e-06,5.28119e-06,4.59681e-06,3.95121e-06,3.22482e-06,2.66348e-06,2.1573e-06,1.69142e-06
7.05545e-06,6.86637e-06,6.42759e-06,5.7485e-06,5.16662e-06,4.49087e-06,3.87564e-06,3.15731e-06,2.60173e-06,2.12118e-06,1.65319e-06
6.9019e-06,6.71467e-06,6.33382e-06,5.66816e-06,5.07392e-06,4.41514e-06,3.78956e-06,3.08172e-06,2.54515e-06,2.07291e-06,1.62076e-06
6.80122e-06,6.60801e-06,6.19765e-06,5.55156e-06,4.96119e-06,4.30912e-06,3.7099e-06,3.01731e-06,2.49169e-06,2.01385e-06,1.58633e-06
6.67615e-06,6.45127e-06,6.10186e-06,5.44958e-06,4.85389e-06,4.21791e-06,3.63157e-06,2.94988e-06,2.44708e-06,1.96215e-06,1.54597e-06
6.50293e-06,6.36393e-06,5.98971e-06,5.31739e-06,4.76731e-06,4.12988e-06,3.56407e-06,2.90039e-06,2.3809e-06,1.9223e-06,1.50659e-06
6.41799e-06,6.20962e-06,5.83328e-06,5.21653e-06,4.69029e-06,4.07926e-06,3.47159e-06,2.82591e-06,2.33606e-06,1.88164e-06,1.46981e-06
6.25408e-06,6.11205e-06,5.73987e-06,5.11491e-06,4.58655e-06,3.98909e-06,3.42057e-06,2.77213e-06,2.28504e-06,1.84371e-06,1.43199e-06
6.1551e-06,5.98545e-06,5.60091e-06,5.0172e-06,4.48857e-06,3.89655e-06,3.33406e-06,2.71405e-06,2.23806e-06,1.80677e-06,1.40384e-06
6.02345e-06,5.87847e-06,5.49717e-06,4.9088e-06,4.41663e-06,3.81718e-06,3.26821e-06,2.66427e-06,2.18333e-06,1.76386e-06,1.37766e-06
5.94371e-06,5.758e-06,5.39325e-06,4.82757e-06,4.3261e-06,3.74918e-06,3.2012e-06,2.60434e-06,2.14315e-06,1.72497e-06,1.3479e-06
5.81459e-06,5.68512e-06,5.29069e-06,4.73359e-06,4.22916e-06,3.68275e-06,3.13773e-06,2.54049e-06,2.09876e-06,1.68066e-06,1.31075e-06
5.71151e-06,5.57117e-06,5.20715e-06,4.63356e-06,4.1389e-06,3.57948e-06,3.08213e-06,2.50703e-06,2.05599e-06,1.6422e-06,1.28596e-06
5.60143e-06,5.44385e-06,5.11978e-06,4.56363e-06,4.06545e-06,3.5253e-06,3.02e-06,2.45192e-06,2.01057e-06,1.60415e-06,1.27072e-06
5.48345e-06,5.34182e-06,4.99032e-06,4.46031e-06,3.99918e-06,3.46151e-06,2.95163e-06,2.39476e-06,1.96679e-06,1.57649e-06,1.22972e-06
5.38517e-06,5.23518e-06,4.90748e-06,4.38119e-06,3.91516e-06,3.40014e-06,2.88867e-06,2.34307e-06,1.92766e-06,1.54322e-06,1.20215e-06
5.29199e-06,5.14591e-06,4.81849e-06,4.29399e-06,3.83944e-06,3.31883e-06,2.838e-06,2.29705e-06,1.88683e-06,1.50836e-06,1.17651e-06
5.18607e-06,5.06623e-06,4.71538e-06,4.21351e-06,3.76789e-06,3.25892e-06,2.7767e-06,2.25275e-06,1.8449e-06,1.47624e-06,1.148e-06
5.10691e-06,4.95828e-06,4.63235e-06,4.12878e-06,3.69275e-06,3.19228e-06,2.71714e-06,2.20597e-06,1.81034e-06,1.4491e-06,1.13284e-06
5.00359e-06,4.86676e-06,4.53752e-06,4.05992e-06,3.62965e-06,3.13529e-06,2.66548e-06,2.16375e-06,1.77723e-06,1.41479e-06,1.11051e-06
4.92056e-06,4.78104e-06,4.46146e-06,3.97688e-06,3.55446e-06,3.06222e-06,2.616e-06,2.12114e-06,1.73639e-06,1.3837e-06,1.0848e-06
4.82472e-06,4.69376e-06,4.37234e-06,3.90269e-06,3.4809e-06,3.01074e-06,2.56523e-06,2.07916e-06,1.69517e-06,1.35427e-06,1.05672e-06
4.72124e-06,4.59737e-06,4.27881e-06,3.8286e-06,3.41913e-06,2.95679e-06,2.50966e-06,2.03264e-06,1.66084e-06,1.33045e-06,1.0334e-06
4.66377e-06,4.51434e-06,4.20139e-06,3.7632e-06,3.36545e-06,2.91195e-06,2.46389e-06,1.9983e-06,1.63009e-06,1.30296e-06,1.01134e-06
4.54733e-06,4.44176e-06,4.12522e-06,3.6863e-06,3.29455e-06,2.84061e-06,2.41706e-06,1.95628e-06,1.59876e-06,1.27563e-06,9.9014e-07
4.47602e-06,4.36411e-06,4.06612e-06,3.6187e-06,3.23095e-06,2.79226e-06,2.37368e-06,1.91958e-06,1.56945e-06,1.24436e-06,9.67381e-07
4.40503e-06,4.28399e-06,3.99254e-06,3.55465e-06,3.16872e-06,2.74782e-06,2.3305e-06,1.88434e-06,1.54194e-06,1.21917e-06,9.51626e-07
4.31686e-06,4.21675e-06,3.93646e-06,3.48928e-06,3.12074e-06,2.68666e-06,2.28466e-06,1.84617e-06,1.51033e-06,1.19614e-06,9.25336e-07
4.24714e-06,4.12504e-06,3.83761e-06,3.419e-06,3.04744e-06,2.63512e-06,2.24459e-06,1.80581e-06,1.47347e-06,1.16539e-06,9.0974e-07
4.17233e-06,4.06234e-06,3.7609e-06,3.35136e-06,3.00001e-06,2.59121e-06,2.19478e-06,1.7732e-06,1.44615e-06,1.14279e-06,8.88261e-07
4.09419e-06,3.976e-06,3.69796e-06,3.30078e-06,2.94479e-06,2.54409e-06,2.15662e-06,1.73531e-06,1.41502e-06,1.12349e-06,8.69085e-07
4.03392e-06,3.90422e-06,3.62127e-06,3.24454e-06,2.89571e-06,2.49531e-06,2.11544e-06,1.70488e-06,1.38939e-06,1.09431e-06,8.53645e-07
3.95228e-06,3.83896e-06,3.55839e-06,3.17721e-06,2.83587e-06,2.44672e-06,2.07264e-06,1.67192e-06,1.36182e-06,1.07618e-06,8.35302e-07
3.88276e-06,3.77688e-06,3.49788e-06,3.11917e-06,2.78589e-06,2.40443e-06,2.03101e-06,1.64074e-06,1.33536e-06,1.05451e-06,8.19769e-07
3.82294e-06,3.70626e-06,3.43354e-06,3.06664e-06,2.73513e-06,2.35523e-06,1.99365e-06,1.61196e-06,1.31212e-06,1.03456e-06,8.02623e-07
3.74112e-06,3.64175e-06,3.36909e-06,3.00996e-06,2.68606e-06,2.30913e-06,1.95943e-06,1.57977e-06,1.28714e-06,1.01388e-06,7.86654e-07
3.68112e-06,3.5667e-06,3.3201e-06,2.95757e-06,2.63731e-06,2.27447e-06,1.92656e-06,1.55075e-06,1.25785e-06,9.91533e-07,7.66723e-07
3.61206e-06,3.51119e-06,3.24647e-06,2.90238e-06,2.59366e-06,2.2325e-06,1.88781e-06,1.51962e-06,1.23496e-06,9.76319e-07,7.52482e-07
3.55171e-06,3.44873e-06,3.19272e-06,2.85387e-06,2.54827e-06,2.1991e-06,1.85001e-06,1.4925e-06,1.20973e-06,9.55579e-07,7.36655e-07
3.49919e-06,3.38539e-06,3.13536e-06,2.80262e-06,2.4984e-06,2.15779e-06,1.81961e-06,1.46352e-06,1.1873e-06,9.36689e-07,7.23003e-07
3.43093e-06,3.3255e-06,3.08594e-06,2.75799e-06,2.45203e-06,2.11458e-06,1.78469e-06,1.43525e-06,1.16678e-06,9.14782e-07,7.08361e-07
3.37089e-06,3.26327e-06,3.02498e-06,2.70722e-06,2.41071e-06,2.07664e-06,1.75157e-06,1.41043e-06,1.14191e-06,8.98301e-07,6.93301e-07
3.3111e-06,3.21847e-06,2.97317e-06,2.65277e-06,2.3662e-06,2.03647e-06,1.71872e-06,1.38771e-06,1.12154e-06,8.8263e-07,6.80939e-07
3.25718e-06,3.16608e-06,2.91895e-06,2.61037e-06,2.32578e-06,2.00042e-06,1.68759e-06,1.35945e-06,1.10019e-06,8.62459e-07,6.66097e-07
3.19756e-06,3.10526e-06,2.87104e-06,2.56405e-06,2.28394e-06,1.9657e-06,1.66063e-06,1.33417e-06,1.07666e-06,8.46942e-07,6.52679e-07
3.14609e-06,3.05301e-06,2.82581e-06,2.52308e-06,2.24669e-06,1.92674e-06,1.6277e-06,1.30899e-06,1.05951e-06,8.314e-07,6.38941e-07
3.09045e-06,2.98692e-06,2.77021e-06,2.47975e-06,2.20694e-06,1.89942e-06,1.59807e-06,1.28685e-06,1.03676e-06,8.1473e-07,6.27137e-07
3.03623e-06,2.94331e-06,2.72059e-06,2.43383e-06,2.16843e-06,1.86433e-06,1.57248e-06,1.26354e-06,1.02001e-06,7.97934e-07,6.14917e-07
2.98676e-06,2.8914e-06,2.67717e-06,2.39452e-06,2.13264e-06,1.82967e-06,1.54302e-06,1.23544e-06,1.00018e-06,7.83012e-07,6.0397e-07
2.94208e-06,2.84617e-06,2.62623e-06,2.34944e-06,2.0928e-06,1.79653e-06,1.51569e-06,1.2203e-06,9.83456e-07,7.68655e-07,5.92996e-07
2.8933e-06,2.79264e-06,2.58426e-06,2.30996e-06,2.05952e-06,1.76431e-06,1.48879e-06,1.19635e-06,9.64866e-07,7.53268e-07,5.79676e-07
2.84062e-06,2.74284e-06,2.53535e-06,2.27557e-06,2.02129e-06,1.7353e-06,1.46328e-06,1.17445e-06,9.45259e-07,7.39994e-07,5.68866e-07
2.7925e-06,2.69605e-06,2.49106e-06,2.23143e-06,1.98468e-06,1.70407e-06,1.4378e-06,1.15478e-06,9.26734e-07,7.26433e-07,5.58969e-07
2.74277e-06,2.64837e-06,2.45046e-06,2.19885e-06,1.95556e-06,1.67901e-06,1.41217e-06,1.13302e-06,9.11093e-07,7.1312e-07,5.48209e-07
2.69175e-06,2.60309e-06,2.41258e-06,2.15773e-06,1.92118e-06,1.65226e-06,1.38765e-06,1.1136e-06,8.94486e-07,6.99746e-07,5.35977e-07
2.65103e-06,2.56486e-06,2.37178e-06,2.122e-06,1.88966e-06,1.61816e-06,1.3603e-06,1.09555e-06,8.80347e-07,6.86615e-07,5.26658e-07
2.60672e-06,2.52317e-06,2.33164e-06,2.09113e-06,1.85922e-06,1.59752e-06,1.33702e-06,1.07317e-06,8.66396e-07,6.74963e-07,5.16526e-07
2.56369e-06,2.48052e-06,2.28875e-06,2.05425e-06,1.82566e-06,1.56183e-06,1.31592e-06,1.05757e-06,8.46535e-07,6.6046e-07,5.06365e-07
2.52348e-06,2.43412e-06,2.25085e-06,2.01638e-06,1.79547e-06,1.54104e-06,1.29446e-06,1.04207e-06,8.31982e-07,6.49436e-07,4.95526e-07
2.48095e-06,2.39412e-06,2.21357e-06,1.98694e-06,1.76882e-06,1.51397e-06,1.2724e-06,1.01763e-06,8.17376e-07,6.36234e-07,4.86654e-07
2.43463e-06,2.35658e-06,2.17824e-06,1.94967e-06,1.73335e-06,1.48576e-06,1.25222e-06,1.00497e-06,8.03793e-07,6.25988e-07,4.77689e-07
2.39574e-06,2.31895e-06,2.14343e-06,1.91747e-06,1.70497e-06,1.46145e-06,1.23063e-06,9.87888e-07,7.87504e-07,6.1362e-07,4.69578e-07
2.36203e-06,2.27601e-06,2.10792e-06,1.88786e-06,1.677e-06,1.43954e-06,1.20694e-06,9.70419e-07,7.74422e-07,6.0327e-07,4.58855e-07
2.32311e-06,2.23944e-06,2.07521e-06,1.85839e-06,1.65035e-06,1.41492e-06,1.18792e-06,9.53051e-07,7.61976e-07,5.9173e-07,4.51539e-07
2.28826e-06,2.19922e-06,2.03718e-06,1.8271e-06,1.624e-06,1.39081e-06,1.16827e-06,9.36453e-07,7.47391e-07,5.80484e-07,4.41656e-07
2.24754e-06,2.16369e-06,2.00451e-06,1.7952e-06,1.60346e-06,1.36792e-06,1.1489e-06,9.20788e-07,7.34312e-07,5.70441e-07,4.33404e-07
2.21218e-06,2.1294e-06,1.97337e-06,1.77169e-06,1.57307e-06,1.34772e-06,1.12999e-06,9.04745e-07,7.21459e-07,5.59722e-07,4.25734e-07
2.17689e-06,2.0911e-06,1.93751e-06,1.74294e-06,1.54783e-06,1.32341e-06,1.10967e-06,8.90565e-07,7.08003e-07,5.48373e-07,4.18236e-07
2.1459e-06,2.05675e-06,1.91405e-06,1.71427e-06,1.52119e-06,1.30408e-06,1.09411e-06,8.75593e-07,6.96245e-07,5.40052e-07,4.09314e-07
2.10218e-06,2.02459e-06,1.87872e-06,1.68309e-06,1.4981e-06,1.28074e-06,1.07641e-06,8.61033e-07,6.83963e-07,5.29598e-07,4.03591e-07
2.07223e-06,1.98819e-06,1.84462e-06,1.65722e-06,1.47862e-06,1.26034e-06,1.05847e-06,8.45299e-07,6.71858e-07,5.20858e-07,3.95944e-07
2.04626e-06,1.95955e-06,1.81924e-06,1.62997e-06,1.44706e-06,1.23867e-06,1.03961e-06,8.32913e-07,6.61083e-07,5.11552e-07,3.89419e-07
2.00759e-06,1.93196e-06,1.78804e-06,1.60527e-06,1.42716e-06,1.21866e-06,1.0227e-06,8.17338e-07,6.49578e-07,5.03189e-07,3.81513e-07
1.98094e-06,1.90142e-06,1.75869e-06,1.5809e-06,1.40261e-06,1.19595e-06,1.00714e-06,8.0367e-07,6.3741e-07,4.95465e-07,3.73322e-07
1.94474e-06,1.87256e-06,1.73072e-06,1.55449e-06,1.3777e-06,1.17801e-06,9.89445e-07,7.91208e-07,6.28671e-07,4.855e-07,3.67934e-07
1.91948e-06,1.84039e-06,1.70215e-06,1.53267e-06,1.35731e-06,1.15942e-06,9.74848e-07,7.79139e-07,6.17274e-07,4.76874e-07,3.60637e-07
1.8917e-06,1.8079e-06,1.67865e-06,1.50726e-06,1.33811e-06,1.14362e-06,9.60055e-07,7.64158e-07,6.08318e-07,4.70031e-07,3.54183e-07
1.85719e-06,1.78058e-06,1.65122e-06,1.48533e-06,1.31714e-06,1.12454e-06,9.43123e-07,7.51449e-07,5.96787e-07,4.60621e-07,3.49021e-07
1.82964e-06,1.75779e-06,1.62886e-06,1.46479e-06,1.29871e-06,1.10745e-06,9.2753e-07,7.40122e-07,5.86287e-07,4.5353e-07,3.42164e-07
1.80089e-06,1.72761e-06,1.59838e-06,1.43836e-06,1.27732e-06,1.09058e-06,9.14004e-07,7.28562e-07,5.76639e-07,4.44388e-07,3.35752e-07
1.77094e-06,1.69831e-06,1.57098e-06,1.41597e-06,1.25668e-06,1.07032e-06,8.9915e-07,7.19141e-07,5.65554e-07,4.36353e-07,3.29764e-07
1.7443e-06,1.67451e-06,1.54602e-06,1.39658e-06,1.2378e-06,1.05607e-06,8.8527e-07,7.05487e-07,5.58065e-07,4.2852e-07,3.25259e-07
1.71886e-06,1.64931e-06,1.52572e-06,1.37374e-06,1.21853e-06,1.04107e-06,8.68659e-07,6.93201e-07,5.46443e-07,4.21753e-07,3.18253e-07
1.69363e-06,1.62667e-06,1.50257e-06,1.35195e-06,1.1981e-06,1.02396e-06,8.56966e-07,6.82539e-07,5.38181e-07,4.14918e-07,3.1205e-07
1.66113e-06,1.59489e-06,1.4819e-06,1.32987e-06,1.18116e-06,1.01024e-06,8.4561e-07,6.69936e-07,5.29921e-07,4.07764e-07,3.0788e-07
1.64108e-06,1.57538e-06,1.45619e-06,1.31109e-06,1.15878e-06,9.93355e-07,8.30688e-07,6.62102e-07,5.21471e-07,4.01052e-07,3.01584e-07
1.62163e-06,1.54748e-06,1.43543e-06,1.29459e-06,1.1463e-06,9.76341e-07,8.17552e-07,6.4996e-07,5.13693e-07,3.94232e-07,2.95172e-07
1.59395e-06,1.52804e-06,1.41714e-06,1.27316e-06,1.1249e-06,9.61508e-07,8.04269e-07,6.42951e-07,5.04421e-07,3.86981e-07,2.91087e-07
1.57073e-06,1.50536e-06,1.39376e-06,1.2554e-06,1.10999e-06,9.48855e-07,7.93253e-07,6.31793e-07,4.9586e-07,3.80468e-07,2.84602e-07
1.54656e-06,1.47795e-06,1.37318e-06,1.23543e-06,1.09427e-06,9.33507e-07,7.81651e-07,6.20661e-07,4.87876e-07,3.73561e-07,2.7978e-07
1.52128e-06,1.45758e-06,1.35073e-06,1.21775e-06,1.07763e-06,9.16714e-07,7.66217e-07,6.11984e-07,4.79211e-07,3.67634e-07,2.75731e-07
1.49921e-06,1.43903e-06,1.32979e-06,1.19968e-06,1.06233e-06,9.05183e-07,7.57793e-07,6.01327e-07,4.72839e-07,3.6121e-07,2.70923e-07
1.48031e-06,1.415e-06,1.31528e-06,1.18479e-06,1.0448e-06,8.9103e-07,7.46288e-07,5.90867e-07,4.65668e-07,3.56019e-07,2.65671e-07
1.45715e-06,1.396e-06,1.29639e-06,1.16662e-06,1.02936e-06,8.77502e-07,7.31809e-07,5.83919e-07,4.57177e-07,3.49855e-07,2.62275e-07
1.43642e-06,1.37457e-06,1.27062e-06,1.1489e-06,1.01709e-06,8.66983e-07,7.22554e-07,5.74026e-07,4.50129e-07,3.42123e-07,2.56652e-07
1.41627e-06,1.35257e-06,1.2511e-06,1.13109e-06,1.00017e-06,8.51152e-07,7.13162e-07,5.64633e-07,4.424e-07,3.3748e-07,2.52308e-07
1.38955e-06,1.33656e-06,1.23641e-06,1.11376e-06,9.82219e-07,8.38589e-07,7.01108e-07,5.56263e-07,4.35619e-07,3.3298e-07,2.47525e-07
1.37329e-06,1.31381e-06,1.22156e-06,1.09682e-06,9.67875e-07,8.2621e-07,6.90994e-07,5.46503e-07,4.27376e-07,3.26258e-07,2.4314e-07
1.35785e-06,1.29247e-06,1.19846e-06,1.08252e-06,9.57835e-07,8.15596e-07,6.79846e-07,5.40284e-07,4.21622e-07,3.20831e-07,2.38846e-07
1.33892e-06,1.2745e-06,1.18179e-06,1.06467e-06,9.43256e-07,8.03753e-07,6.70648e-07,5.31771e-07,4.15716e-07,3.14826e-07,2.35465e-07
1.31735e-06,1.25706e-06,1.16661e-06,1.04992e-06,9.29477e-07,7.93468e-07,6.58939e-07,5.23138e-07,4.09424e-07,3.10641e-07,2.31297e-07
1.29616e-06,1.2404e-06,1.14848e-06,1.03428e-06,9.16769e-07,7.79719e-07,6.49597e-07,5.14842e-07,4.01099e-07,3.06795e-07,2.26326e-07
1.28145e-06,1.21966e-06,1.13078e-06,1.02178e-06,9.02273e-07,7.67263e-07,6.40446e-07,5.06739e-07,3.96273e-07,3.00141e-07,2.2287e-07
1.26028e-06,1.20545e-06,1.11405e-06,1.00794e-06,8.92866e-07,7.57581e-07,6.31647e-07,4.96557e-07,3.89142e-07,2.95939e-07,2.19683e-07
1.24194e-06,1.18538e-06,1.10318e-06,9.93718e-07,8.76887e-07,7.46958e-07,6.20135e-07,4.92256e-07,3.83112e-07,2.90334e-07,2.15353e-07
1.22415e-06,1.16616e-06,1.08323e-06,9.77991e-07,8.62899e-07,7.34516e-07,6.1473e-07,4.84157e-07,3.77774e-07,2.85414e-07,2.12038e-07
1.20822e-06,1.15447e-06,1.07176e-06,9.65419e-07,8.51126e-07,7.25285e-07,6.04261e-07,4.78153e-07,3.70933e-07,2.81218e-07,2.07098e-07
1.19355e-06,1.13821e-06,1.05518e-06,9.53824e-07,8.40526e-07,7.14611e-07,5.95188e-07,4.72461e-07,3.66601e-07,2.77009e-07,2.04468e-07
1.17138e-06,1.123e-06,1.04008e-06,9.39005e-07,8.25955e-07,7.07725e-07,5.87916e-07,4.65049e-07,3.61777e-07,2.71707e-07,2.00586e-07
1.15722e-06,1.10895e-06,1.02671e-06,9.24468e-07,8.14426e-07,6.9435e-07,5.78081e-07,4.55642e-07,3.54109e-07,2.66488e-07,1.97554e-07
1.1435e-06,1.09056e-06,1.00982e-06,9.12336e-07,8.01864e-07,6.85451e-07,5.69248e-07,4.49814e-07,3.49341e-07,2.63521e-07,1.93591e-07
1.12906e-06,1.07596e-06,9.96454e-07,8.96087e-07,7.92732e-07,6.74613e-07,5.62783e-07,4.43494e-07,3.43614e-07,2.58471e-07,1.89913e-07
1.1111e-06,1.06164e-06,9.83454e-07,8.85374e-07,7.77782e-07,6.66353e-07,5.52987e-07,4.38102e-07,3.38623e-07,2.55361e-07,1.86849e-07
1.0957e-06,1.04526e-06,9.68556e-07,8.73327e-07,7.68561e-07,6.57648e-07,5.45769e-07,4.3212e-07,3.33922e-07,2.51305e-07,1.83423e-07
1.08431e-06,1.03445e-06,9.56952e-07,8.62592e-07,7.60472e-07,6.47293e-07,5.36881e-07,4.23423e-07,3.28447e-07,2.46153e-07,1.79837e-07
1.06896e-06,1.01576e-06,9.4215e-07,8.50356e-07,7.4842e-07,6.3829e-07,5.30129e-07,4.17811e-07,3.23485e-07,2.42677e-07,1.77336e-07
1.0555e-06,1.00064e-06,9.33514e-07,8.40432e-07,7.37472e-07,6.30146e-07,5.23412e-07,4.11048e-07,3.1954e-07,2.39176e-07,1.74333e-07
1.03555e-06,9.90144e-07,9.17614e-07,8.28014e-07,7.27686e-07,6.21186e-07,5.14071e-07,4.05232e-07,3.14164e-07,2.35288e-07,1.71623e-07
1.021e-06,9.78191e-07,9.03081e-07,8.15229e-07,7.19042e-07,6.12859e-07,5.07979e-07,3.99877e-07,3.09304e-07,2.30966e-07,1.68054e-07
1.00924e-06,9.63959e-07,8.92846e-07,8.05851e-07,7.08797e-07,6.04078e-07,5.01386e-07,3.94756e-07,3.04519e-07,2.28128e-07,1.65012e-07
9.94346e-07,9.50074e-07,8.79163e-07,7.93752e-07,6.99619e-07,5.95882e-07,4.9293e-07,3.88449e-07,3.00053e-07,2.23787e-07,1.624e-07
9.8495e-07,9.35624e-07,8.70102e-07,7.82797e-07,6.90605e-07,5.88397e-07,4.85774e-07,3.85019e-07,2.96011e-07,2.20248e-07,1.60075e-07
9.72354e-07,9.24036e-07,8.57791e-07,7.74488e-07,6.78301e-07,5.77885e-07,4.80641e-07,3.77337e-07,2.90502e-07,2.16602e-07,1.56889e-07
9.54962e-07,9.08124e-07,8.46552e-07,7.64127e-07,6.70004e-07,5.72151e-07,4.72882e-07,3.72901e-07,2.86441e-07,2.128e-07,1.54279e-07
9.47161e-07,8.98629e-07,8.30914e-07,7.50016e-07,6.61089e-07,5.64373e-07,4.66612e-07,3.67632e-07,2.81685e-07,2.09223e-07,1.51178e-07
9.34128e-07,8.88204e-07,8.19301e-07,7.42216e-07,6.51205e-07,5.56111e-07,4.60508e-07,3.6208e-07,2.79483e-07,2.06497e-07,1.49522e-07
9.23008e-07,8.73523e-07,8.10802e-07,7.30148e-07,6.43651e-07,5.50076e-07,4.53962e-07,3.57634e-07,2.74815e-07,2.03308e-07,1.47267e-07
9.10813e-07,8.61508e-07,7.99733e-07,7.21107e-07,6.32458e-07,5.39892e-07,4.47808e-07,3.52132e-07,2.69411e-07,2.00048e-07,1.4405e-07
8.9464e-07,8.54591e-07,7.89263e-07,7.09618e-07,6.26577e-07,5.35345e-07,4.40267e-07,3.47947e-07,2.65868e-07,1.97011e-07,1.41806e-07
8.84529e-07,8.40556e-07,7.79441e-07,7.01621e-07,6.16923e-07,5.26295e-07,4.35797e-07,3.41166e-07,2.61153e-07,1.93469e-07,1.38769e-07
8.72221e-07,8.26924e-07,7.6914e-07,6.92142e-07,6.08611e-07,5.20475e-07,4.28304e-07,3.36902e-07,2.57843e-07,1.90424e-07,1.36563e-07
8.60203e-07,8.16571e-07,7.58823e-07,6.834e-07,6.01051e-07,5.12195e-07,4.22676e-07,3.3212e-07,2.53664e-07,1.88134e-07,1.34135e-07
8.5032e-07,8.06991e-07,7.4794e-07,6.76267e-07,5.93069e-07,5.05715e-07,4.17078e-07,3.27746e-07,2.50049e-07,1.85652e-07,1.31598e-07
8.36989e-07,7.97308e-07,7.38931e-07,6.67241e-07,5.84987e-07,4.98466e-07,4.11131e-07,3.2281e-07,2.46753e-07,1.81277e-07,1.29704e-07
8.30596e-07,7.87023e-07,7.29954e-07,6.60378e-07,5.75799e-07,4.92158e-07,4.04923e-07,3.19112e-07,2.43926e-07,1.78472e-07,1.27297e-07
8.18131e-07,7.74737e-07,7.20155e-07,6.48663e-07,5.70462e-07,4.85987e-07,3.99692e-07,3.14745e-07,2.39849e-07,1.76201e-07,1.25297e-07
8.07836e-07,7.66824e-07,7.09319e-07,6.42252e-07,5.6179e-07,4.78321e-07,3.95186e-07,3.09574e-07,2.35934e-07,1.72865e-07,1.22841e-07
7.98733e-07,7.57546e-07,7.00941e-07,6.36439e-07,5.53958e-07,4.71718e-07,3.90438e-07,3.05306e-07,2.32714e-07,1.71119e-07,1.20973e-07
7.89212e-07,7.47269e-07,6.91483e-07,6.27498e-07,5.4631e-07,4.67177e-07,3.85033e-07,3.01321e-07,2.30134e-07,1.6726e-07,1.19518e-07
7.77233e-07,7.37235e-07,6.84107e-07,6.18102e-07,5.4056e-07,4.60593e-07,3.78889e-07,2.972e-07,2.25782e-07,1.64967e-07,1.16873e-07
7.66553e-07,7.25341e-07,6.74441e-07,6.06905e-07,5.32447e-07,4.55172e-07,3.74778e-07,2.93474e-07,2.22168e-07,1.62415e-07,1.14813e-07
7.54064e-07,7.17029e-07,6.67399e-07,6.01078e-07,5.24646e-07,4.49851e-07,3.69466e-07,2.89721e-07,2.1864e-07,1.59693e-07,1.12941e-07
7.48486e-07,7.10429e-07,6.57965e-07,5.95002e-07,5.19566e-07,4.43314e-07,3.63269e-07,2.8557e-07,2.16425e-07,1.5763e-07,1.11095e-07
7.40636e-07,6.99449e-07,6.49504e-07,5.85602e-07,5.11679e-07,4.36955e-07,3.58481e-07,2.807e-07,2.13068e-07,1.54728e-07,1.09433e-07
7.29516e-07,6.91384e-07,6.39701e-07,5.76695e-07,5.04873e-07,4.31312e-07,3.53783e-07,2.77647e-07,2.09322e-07,1.53357e-07,1.06948e-07
7.2131e-07,6.80296e-07,6.30937e-07,5.70278e-07,4.99143e-07,4.25773e-07,3.50036e-07,2.72815e-07,2.06865e-07,1.49708e-07,1.05501e-07
7.11514e-07,6.71999e-07,6.25517e-07,5.64232e-07,4.91867e-07,4.21361e-07,3.45165e-07,2.69984e-07,2.03339e-07,1.47634e-07,1.03406e-07
7.01974e-07,6.65367e-07,6.1583e-07,5.55704e-07,4.86046e-07,4.16107e-07,3.4075e-07,2.65146e-07,2.00673e-07,1.454e-07,1.02118e-07
6.93499e-07,6.57356e-07,6.09432e-07,5.49572e-07,4.81116e-07,4.10187e-07,3.36735e-07,2.61369e-07,1.98397e-07,1.43827e-07,9.9783e-08
6.8235e-07,6.49892e-07,6.02366e-07,5.4266e-07,4.74554e-07,4.05177e-07,3.30594e-07,2.59046e-07,1.95223e-07,1.41507e-07,9.84641e-08
6.76556e-07,6.37027e-07,5.948e-07,5.36777e-07,4.68978e-07,3.98402e-07,3.25699e-07,2.55148e-07,1.92219e-07,1.39156e-07,9.65017e-08
