0.000370431,0.000386399,0.000410407,0.000425196,0.000452644,0.000458216,0.000475234,0.00048175,0.000494838,0.000497426,0.00050856,0.000496824,0.000499618,0.000486503,0.000473739,0.000466978,0.000449995,0.000432507,0.00041164,0.000385284,0.000369229,0.00036526
0.000346775,0.000364858,0.000389495,0.000402326,0.000431072,0.00043662,0.000454402,0.000459532,0.000471896,0.00047533,0.000488793,0.00047521,0.000476825,0.000465566,0.000453219,0.000449603,0.000432183,0.000407187,0.000394343,0.000366564,0.000350528,0.000344916
0.000328965,0.000350211,0.000371311,0.00038514,0.000408428,0.000416947,0.000438972,0.000443418,0.000458276,0.000458919,0.000466868,0.00045956,0.000460666,0.000446735,0.000436346,0.000429426,0.000409566,0.000392409,0.000379663,0.000351747,0.000333626,0.000325426
0.000310075,0.000333397,0.000353861,0.000368414,0.000389972,0.000399316,0.000422919,0.000426448,0.000439809,0.000438956,0.000449134,0.00044097,0.000442594,0.000428591,0.000420317,0.000411645,0.00039486,0.000373637,0.00036593,0.000334955,0.000317034,0.00030546
0.000294603,0.000318989,0.000337968,0.000352853,0.000373649,0.000383704,0.000407329,0.000411514,0.000423809,0.000422365,0.000432,0.000425412,0.000426691,0.000411855,0.000405796,0.000396097,0.000379913,0.000357805,0.000352764,0.000320185,0.000301911,0.00028998
0.000280404,0.000304815,0.000322298,0.000338716,0.000358344,0.000369057,0.000392689,0.000396061,0.000406709,0.000406814,0.000416738,0.000410937,0.000410519,0.000396311,0.000392049,0.00038137,0.000367002,0.000342469,0.000339467,0.000306353,0.000287668,0.00027567
0.000267621,0.000292666,0.000309245,0.000325645,0.000344701,0.000355735,0.000379899,0.000383269,0.000394368,0.000391947,0.000401159,0.000396964,0.000397563,0.000381882,0.000378892,0.000367367,0.000352987,0.00032996,0.000327459,0.00029376,0.000274646,0.000262825
0.0002548,0.000280791,0.000296894,0.000313024,0.000332582,0.000342692,0.000367425,0.000369577,0.000380604,0.000377967,0.000386169,0.000384302,0.000385066,0.000368981,0.000366717,0.000354843,0.000340635,0.000317676,0.000314201,0.000282395,0.000262321,0.000251332
0.000244559,0.000269037,0.000284015,0.000302259,0.000319099,0.000331019,0.000355289,0.000357447,0.000368411,0.000365024,0.000373711,0.000371286,0.000371012,0.000355626,0.000353734,0.00034127,0.000328714,0.000305714,0.000302256,0.000270693,0.000251148,0.000239291
0.000233691,0.00025794,0.000273291,0.000291046,0.000306744,0.000320779,0.000344218,0.00034512,0.000356809,0.000352164,0.000360903,0.000360384,0.000358661,0.000342998,0.000341107,0.000329489,0.000318346,0.000294253,0.000291974,0.000258958,0.000241348,0.000229202
0.000223702,0.000248342,0.000261267,0.000282033,0.000297298,0.00030952,0.000331374,0.000333756,0.000346481,0.000340465,0.000350106,0.000348049,0.000347444,0.000333651,0.000330195,0.000317241,0.000307413,0.000285136,0.000277868,0.000250312,0.000231673,0.000217983
0.000216694,0.00023948,0.000251636,0.000273091,0.000285932,0.000300719,0.00032176,0.000324927,0.000333777,0.00033256,0.000336736,0.000334723,0.000333879,0.000321468,0.000318059,0.000306922,0.000294673,0.000273321,0.000265026,0.000240727,0.000222678,0.000208825
0.000207286,0.000227457,0.00024183,0.00026292,0.00027581,0.000287692,0.000309968,0.000311064,0.000323978,0.000318611,0.000326956,0.000327098,0.000325515,0.000311114,0.000307563,0.000295987,0.000285619,0.000263244,0.000254025,0.000232468,0.000212155,0.000200116
0.000198495,0.000219235,0.000233275,0.000254925,0.000264996,0.000278695,0.000300726,0.000302539,0.00031594,0.000308915,0.000316792,0.000316552,0.000314569,0.000301762,0.000297587,0.000285295,0.000275415,0.000255961,0.000243427,0.000223774,0.000206232,0.000190692
0.000191436,0.000210476,0.000224984,0.000245627,0.000256393,0.00027013,0.000290368,0.000291375,0.000305654,0.000299305,0.000306595,0.000306757,0.000303886,0.000291024,0.000287323,0.00027462,0.000266668,0.000246232,0.000233005,0.000215233,0.000197255,0.000183602
0.000184103,0.000203752,0.000216534,0.000237373,0.000249097,0.000261791,0.000280687,0.000282252,0.000297394,0.000290477,0.000298094,0.000298175,0.000295157,0.000282651,0.000279282,0.000265018,0.000257626,0.000238806,0.000224542,0.000208112,0.000189951,0.000174906
0.000176922,0.000192684,0.000209921,0.000228841,0.0002406,0.000253503,0.000274139,0.0002717,0.000288421,0.000279568,0.000288079,0.000289005,0.000285906,0.000272433,0.000269449,0.000255146,0.000249884,0.00023188,0.000214439,0.000200948,0.00018441,0.00016946
0.000170702,0.000187548,0.000201486,0.000221199,0.000231971,0.000243008,0.000263863,0.000263453,0.000279104,0.00027235,0.00027979,0.00027951,0.000276007,0.000263994,0.000261764,0.00024721,0.000239702,0.000222559,0.00020749,0.00019347,0.000176515,0.0001612
0.000164495,0.000180726,0.000194521,0.000213323,0.00022472,0.000236689,0.000254515,0.000253951,0.00027018,0.000265202,0.000270785,0.000271938,0.000267566,0.000254171,0.000252242,0.000238824,0.000233491,0.000214621,0.000198707,0.00018698,0.000170212,0.000157225
0.000158682,0.000174112,0.000187755,0.000206952,0.00021577,0.000230678,0.000245236,0.000246289,0.000261844,0.000256101,0.000262134,0.000263191,0.000258956,0.000247378,0.000245161,0.000230231,0.000225766,0.000206344,0.000191751,0.000179542,0.0001637,0.000149933
0.000152623,0.000167534,0.000181476,0.000198912,0.000210692,0.000221552,0.000237172,0.000237325,0.000254383,0.000249185,0.000254259,0.000255327,0.000251437,0.000238317,0.000236756,0.00022272,0.000218436,0.000200449,0.000185185,0.000174196,0.00015857,0.000145404
0.000147031,0.000161011,0.000175594,0.000192925,0.00020257,0.0002142,0.000228456,0.000230998,0.000247888,0.000240925,0.000246322,0.000247526,0.000243417,0.000232525,0.000230599,0.000215154,0.000210297,0.000193907,0.000179864,0.000167962,0.000153441,0.000138448
0.000141658,0.000156772,0.000170279,0.000185975,0.000198281,0.000206834,0.000219195,0.000222499,0.00024085,0.000233881,0.000239496,0.000239573,0.000237161,0.000223654,0.00022091,0.000208481,0.000204777,0.000187108,0.000174073,0.000163061,0.00014878,0.000134725
0.000136599,0.000148713,0.000164322,0.00017958,0.000190127,0.000200567,0.000213919,0.000215105,0.000233132,0.000225575,0.000230726,0.000231962,0.000228332,0.000218184,0.000216556,0.000200417,0.000197352,0.000181546,0.000168103,0.000156765,0.000142611,0.000128027
0.000131889,0.000144189,0.000159265,0.000171937,0.000184939,0.000193556,0.000203685,0.000208019,0.000226184,0.000219444,0.000223246,0.000223345,0.000222532,0.000209909,0.0002086,0.000194438,0.000191455,0.000174689,0.000162293,0.000151324,0.000138004,0.000123991
0.00012685,0.000139043,0.00015362,0.000166353,0.000178895,0.000187457,0.000197072,0.000200221,0.000218762,0.000211783,0.000215554,0.000216014,0.000214694,0.000203274,0.000202143,0.000187905,0.000185019,0.000168156,0.000157173,0.000145471,0.000132332,0.000119595
0.000122272,0.000134214,0.000148211,0.000159662,0.000173148,0.000181545,0.000190636,0.000193871,0.000211692,0.000205907,0.000208489,0.000209059,0.00020838,0.000196522,0.0001955,0.000181584,0.000178464,0.000163171,0.000151987,0.00014103,0.000128768,0.000115122
0.000118189,0.000129301,0.000143571,0.000154413,0.000167241,0.000177223,0.000183283,0.000186818,0.000204651,0.000197973,0.000201211,0.000201942,0.000200461,0.000190548,0.000189222,0.00017542,0.000173212,0.000156715,0.000146247,0.000135489,0.000123587,0.000111286
0.000113614,0.000124836,0.000138661,0.000148411,0.00016108,0.000170157,0.000177021,0.000181294,0.000198593,0.000192801,0.000194906,0.000195146,0.000195854,0.000184256,0.000182892,0.000169105,0.000167422,0.000152029,0.000142391,0.000131601,0.000119503,0.000106451
0.000109403,0.000119979,0.000134248,0.000142698,0.000156259,0.000163539,0.000171254,0.000174401,0.000192159,0.000185364,0.000188679,0.000188495,0.000189638,0.000177634,0.00017872,0.000164172,0.000162013,0.000146499,0.000137323,0.000125926,0.000114428,0.000102722
0.000105558,0.000115308,0.000128994,0.000137093,0.000150921,0.000157981,0.000165049,0.0001691,0.000187051,0.000181112,0.000181034,0.000181159,0.00018264,0.000171624,0.000171811,0.000158597,0.000156437,0.000141823,0.000132804,0.000122079,0.000111787,9.87647e-05
0.000102016,0.00011128,0.000125273,0.000131968,0.000145331,0.000153134,0.000158119,0.000163645,0.000180723,0.000173036,0.000175601,0.000175629,0.000175675,0.000166169,0.000165428,0.000152821,0.000150877,0.000135847,0.000128338,0.000117324,0.000107045,9.51597e-05
9.80148e-05,0.000107374,0.000120756,0.000127321,0.000139984,0.000148208,0.000152732,0.000157898,0.000173829,0.000167697,0.0001692,0.000169254,0.000170397,0.00016074,0.000160078,0.000147345,0.000146135,0.000131392,0.000124035,0.000113177,0.000103223,9.14994e-05
9.47675e-05,0.000102956,0.000116911,0.000122851,0.000134821,0.000142216,0.000147736,0.000152246,0.000168653,0.000162518,0.00016308,0.000162713,0.000164598,0.00015548,0.000154502,0.000142291,0.000141268,0.000126683,0.00011953,0.000109193,9.95595e-05,8.81574e-05
9.09989e-05,0.000100039,0.000112053,0.000117958,0.000130718,0.000138663,0.000141925,0.000147432,0.000161471,0.000156472,0.00015706,0.00015755,0.000158853,0.000150026,0.000149631,0.000137368,0.00013672,0.00012221,0.000115406,0.000104962,9.61969e-05,8.48236e-05
8.70578e-05,9.63563e-05,0.00010857,0.000113674,0.000125695,0.000133563,0.00013669,0.000142659,0.000155936,0.000151234,0.000151944,0.000152426,0.000153354,0.000145576,0.000144212,0.000132546,0.000132357,0.000117579,0.000112244,0.00010154,9.22608e-05,8.11821e-05
8.37913e-05,9.263e-05,0.000104486,0.000109543,0.000121202,0.000128982,0.000132387,0.000137275,0.000150392,0.000145859,0.000146496,0.000147357,0.000147141,0.000139506,0.0001387,0.000127809,0.000127147,0.000113342,0.00010751,9.76245e-05,8.88033e-05,7.85391e-05
8.12338e-05,8.90616e-05,0.00010108,0.000105108,0.000116497,0.000124702,0.000127552,0.000131961,0.000144761,0.000140088,0.00014155,0.000141359,0.000142531,0.000134996,0.000133626,0.00012347,0.000122543,0.000108743,0.000103468,9.42228e-05,8.54566e-05,7.55002e-05
7.86736e-05,8.62551e-05,9.731e-05,0.000101582,0.000112791,0.000120327,0.000122699,0.000127655,0.000139368,0.000135145,0.000135928,0.000136313,0.000137521,0.000130104,0.000128868,0.000118528,0.000118201,0.000105237,9.97767e-05,9.04858e-05,8.34356e-05,7.37725e-05
7.7051e-05,8.32975e-05,9.37842e-05,9.73174e-05,0.000108746,0.000115785,0.000118467,0.000123265,0.000135742,0.000129012,0.000131881,0.000131084,0.000132269,0.00012498,0.000124597,0.000114132,0.000113002,0.000100899,9.59247e-05,8.71302e-05,8.04243e-05,7.15598e-05
7.29059e-05,7.96954e-05,8.98415e-05,9.37854e-05,0.000103775,0.000111596,0.000114489,0.00011868,0.000129367,0.000124941,0.000126223,0.000126538,0.000127287,0.000121026,0.000119847,0.000110141,0.000109328,9.6822e-05,9.23996e-05,8.41078e-05,7.65239e-05,6.77437e-05
6.97119e-05,7.67185e-05,8.66683e-05,9.06393e-05,9.9873e-05,0.000107601,0.000109837,0.000114096,0.000124893,0.000120034,0.000122068,0.000122235,0.000122528,0.000116499,0.00011472,0.00010572,0.000105522,9.3113e-05,8.91817e-05,8.08403e-05,7.38576e-05,6.53329e-05
6.78485e-05,7.39447e-05,8.35647e-05,8.78758e-05,9.65656e-05,0.000104147,0.000106081,0.000110631,0.000120379,0.000115312,0.000117884,0.000118791,0.000118633,0.000113551,0.000111161,0.000102054,0.000102099,8.97977e-05,8.56983e-05,7.77651e-05,7.0996e-05,6.28363e-05
6.48774e-05,7.09542e-05,7.98016e-05,8.40848e-05,9.23313e-05,9.97299e-05,0.000101926,0.000106178,0.000115074,0.000110913,0.00011332,0.000113168,0.000113678,0.000108434,0.000106508,9.76566e-05,9.75301e-05,8.6321e-05,8.24623e-05,7.46162e-05,6.80118e-05,6.0098e-05
6.25661e-05,6.83654e-05,7.63395e-05,8.18801e-05,8.8894e-05,9.52509e-05,9.84624e-05,0.000102878,0.000110536,0.000107982,0.000109241,0.000109088,0.000110826,0.000105565,0.000102545,9.49781e-05,9.46031e-05,8.36648e-05,7.93252e-05,7.26568e-05,6.51653e-05,5.71501e-05
5.98429e-05,6.59596e-05,7.34271e-05,7.81633e-05,8.54289e-05,9.22458e-05,9.39931e-05,9.84719e-05,0.00010603,0.000102828,0.00010493,0.000105666,0.000104504,9.99551e-05,9.84554e-05,9.05019e-05,9.06121e-05,7.98588e-05,7.60327e-05,6.91683e-05,6.29196e-05,5.56728e-05
5.79373e-05,6.31598e-05,7.07415e-05,7.56714e-05,8.24929e-05,8.94691e-05,9.05539e-05,9.51446e-05,0.00010266,9.88789e-05,0.000101615,0.000102613,0.000101208,9.7523e-05,9.50726e-05,8.7626e-05,8.81194e-05,7.72079e-05,7.33733e-05,6.66039e-05,6.06148e-05,5.34399e-05
5.51931e-05,6.12004e-05,6.72053e-05,7.28538e-05,7.84252e-05,8.57182e-05,8.71067e-05,9.16815e-05,9.72165e-05,9.49784e-05,9.72282e-05,9.76861e-05,9.68656e-05,9.25764e-05,9.0807e-05,8.42396e-05,8.37335e-05,7.36286e-05,7.05807e-05,6.39811e-05,5.8014e-05,5.11765e-05
5.3132e-05,5.90574e-05,6.50162e-05,7.00947e-05,7.563e-05,8.23902e-05,8.36084e-05,8.7608e-05,9.36332e-05,9.08948e-05,9.36323e-05,9.41975e-05,9.2905e-05,8.88513e-05,8.72546e-05,8.03337e-05,8.0546e-05,7.08237e-05,6.80987e-05,6.10817e-05,5.56916e-05,4.93743e-05
5.12408e-05,5.63157e-05,6.26994e-05,6.74874e-05,7.28908e-05,7.94674e-05,8.03365e-05,8.45329e-05,9.01191e-05,8.74014e-05,9.06773e-05,9.11002e-05,8.95167e-05,8.57808e-05,8.37569e-05,7.69382e-05,7.76819e-05,6.82226e-05,6.53364e-05,5.87403e-05,5.35954e-05,4.73973e-05
4.9068e-05,5.47882e-05,5.97392e-05,6.50325e-05,7.00687e-05,7.60352e-05,7.72563e-05,8.11198e-05,8.65135e-05,8.41332e-05,8.67009e-05,8.74999e-05,8.55989e-05,8.24785e-05,8.05938e-05,7.45823e-05,7.45529e-05,6.53259e-05,6.27184e-05,5.67252e-05,5.1417e-05,4.55308e-05
4.67004e-05,5.20233e-05,5.78943e-05,6.23206e-05,6.69186e-05,7.31169e-05,7.40288e-05,7.79975e-05,8.35114e-05,8.07881e-05,8.37114e-05,8.43385e-05,8.21638e-05,7.91847e-05,7.69872e-05,7.17482e-05,7.16481e-05,6.29634e-05,6.09667e-05,5.40382e-05,4.97723e-05,4.39087e-05
4.5507e-05,5.02141e-05,5.57336e-05,6.03671e-05,6.45267e-05,7.05221e-05,7.16411e-05,7.55865e-05,7.9801e-05,7.74239e-05,8.05803e-05,8.12008e-05,7.9176e-05,7.64975e-05,7.43321e-05,6.8635e-05,6.87436e-05,6.07691e-05,5.82434e-05,5.21033e-05,4.80576e-05,4.25283e-05
4.3328e-05,4.82503e-05,5.29735e-05,5.80113e-05,6.2061e-05,6.80022e-05,6.89444e-05,7.26735e-05,7.65157e-05,7.4463e-05,7.73003e-05,7.81125e-05,7.59086e-05,7.36159e-05,7.12504e-05,6.66094e-05,6.59395e-05,5.80205e-05,5.58608e-05,5.04253e-05,4.59273e-05,4.03767e-05
4.16648e-05,4.64926e-05,5.09967e-05,5.57507e-05,5.95592e-05,6.49951e-05,6.62543e-05,6.98429e-05,7.34506e-05,7.18119e-05,7.44025e-05,7.50837e-05,7.30909e-05,7.03442e-05,6.87393e-05,6.40035e-05,6.33928e-05,5.59996e-05,5.3824e-05,4.84066e-05,4.38761e-05,3.85479e-05
4.01245e-05,4.51116e-05,4.8825e-05,5.36777e-05,5.72844e-05,6.23516e-05,6.38732e-05,6.7373e-05,7.02738e-05,6.89735e-05,7.17266e-05,7.24996e-05,7.05043e-05,6.78598e-05,6.63978e-05,6.14339e-05,6.08751e-05,5.40935e-05,5.20951e-05,4.65998e-05,4.22192e-05,3.7167e-05
3.82642e-05,4.27247e-05,4.69453e-05,5.19137e-05,5.53035e-05,6.0063e-05,6.12161e-05,6.49473e-05,6.79485e-05,6.67413e-05,6.89618e-05,6.97175e-05,6.80253e-05,6.54694e-05,6.37276e-05,5.94162e-05,5.87101e-05,5.18734e-05,4.97575e-05,4.49352e-05,4.03226e-05,3.51596e-05
3.69527e-05,4.11524e-05,4.53041e-05,5.00079e-05,5.31692e-05,5.82715e-05,5.91591e-05,6.25073e-05,6.52053e-05,6.40612e-05,6.64477e-05,6.73201e-05,6.51156e-05,6.32656e-05,6.11709e-05,5.73946e-05,5.62271e-05,4.99572e-05,4.79243e-05,4.29881e-05,3.90477e-05,3.42355e-05
3.56103e-05,3.96326e-05,4.37604e-05,4.8172e-05,5.11706e-05,5.60475e-05,5.70537e-05,6.03277e-05,6.27999e-05,6.17381e-05,6.40559e-05,6.49227e-05,6.29044e-05,6.09401e-05,5.90726e-05,5.52258e-05,5.42689e-05,4.81643e-05,4.61871e-05,4.14335e-05,3.74957e-05,3.28183e-05
3.42597e-05,3.81256e-05,4.24194e-05,4.66453e-05,4.93967e-05,5.40921e-05,5.51589e-05,5.8288e-05,6.04523e-05,5.9668e-05,6.17544e-05,6.26655e-05,6.06337e-05,5.88865e-05,5.69486e-05,5.33635e-05,5.24606e-05,4.64175e-05,4.43948e-05,4.00512e-05,3.6121e-05,3.16499e-05
3.28919e-05,3.66915e-05,4.06336e-05,4.49555e-05,4.75808e-05,5.19973e-05,5.31944e-05,5.63649e-05,5.81596e-05,5.79173e-05,5.97091e-05,6.02174e-05,5.88427e-05,5.68888e-05,5.51483e-05,5.15047e-05,5.04872e-05,4.50844e-05,4.30365e-05,3.85535e-05,3.46198e-05,3.0352e-05
3.17889e-05,3.53045e-05,3.91601e-05,4.3506e-05,4.58676e-05,5.05224e-05,5.12562e-05,5.41899e-05,5.61724e-05,5.55079e-05,5.75041e-05,5.86002e-05,5.65141e-05,5.48471e-05,5.30561e-05,4.98368e-05,4.84586e-05,4.32558e-05,4.12514e-05,3.6921e-05,3.32726e-05,2.92435e-05
3.0622e-05,3.41146e-05,3.78798e-05,4.19543e-05,4.43213e-05,4.86332e-05,4.96423e-05,5.24843e-05,5.41529e-05,5.36687e-05,5.55214e-05,5.65458e-05,5.47254e-05,5.29718e-05,5.12296e-05,4.80604e-05,4.68607e-05,4.18339e-05,3.99115e-05,3.57461e-05,3.21856e-05,2.80806e-05
2.95439e-05,3.31084e-05,3.65537e-05,4.06045e-05,4.28112e-05,4.68985e-05,4.80123e-05,5.07985e-05,5.20051e-05,5.19803e-05,5.37143e-05,5.48187e-05,5.30601e-05,5.12125e-05,4.95108e-05,4.64871e-05,4.52318e-05,4.05081e-05,3.85897e-05,3.45116e-05,3.101e-05,2.71239e-05
2.84456e-05,3.17141e-05,3.52452e-05,3.93386e-05,4.15207e-05,4.53578e-05,4.64374e-05,4.92434e-05,5.04901e-05,5.02501e-05,5.17689e-05,5.30527e-05,5.13318e-05,4.95181e-05,4.79631e-05,4.50301e-05,4.3867e-05,3.91574e-05,3.7265e-05,3.33651e-05,2.99507e-05,2.61508e-05
2.76162e-05,3.08412e-05,3.42256e-05,3.8211e-05,4.03746e-05,4.41324e-05,4.51736e-05,4.7701e-05,4.91108e-05,4.86915e-05,5.03254e-05,5.16634e-05,4.98957e-05,4.83488e-05,4.65538e-05,4.37167e-05,4.27554e-05,3.80573e-05,3.60144e-05,3.24318e-05,2.89598e-05,2.52854e-05
2.66115e-05,2.94417e-05,3.31272e-05,3.69347e-05,3.87151e-05,4.26856e-05,4.36907e-05,4.6043e-05,4.71458e-05,4.71572e-05,4.85608e-05,4.97275e-05,4.82481e-05,4.65847e-05,4.49173e-05,4.23614e-05,4.08921e-05,3.67255e-05,3.47068e-05,3.09346e-05,2.7754e-05,2.4229e-05
2.5743e-05,2.86327e-05,3.22719e-05,3.58025e-05,3.76005e-05,4.13759e-05,4.24307e-05,4.48243e-05,4.5714e-05,4.57739e-05,4.7118e-05,4.82515e-05,4.6814e-05,4.53119e-05,4.35042e-05,4.10321e-05,3.96509e-05,3.56381e-05,3.36566e-05,3.0144e-05,2.70182e-05,2.34348e-05
2.48874e-05,2.76185e-05,3.12165e-05,3.47317e-05,3.63422e-05,4.01567e-05,4.11215e-05,4.34649e-05,4.4255e-05,4.44616e-05,4.57204e-05,4.679e-05,4.55783e-05,4.39967e-05,4.20542e-05,3.96677e-05,3.8261e-05,3.45259e-05,3.27504e-05,2.90686e-05,2.61413e-05,2.27139e-05
2.40809e-05,2.69794e-05,3.00794e-05,3.36914e-05,3.52861e-05,3.8712e-05,4.00342e-05,4.21874e-05,4.29651e-05,4.31711e-05,4.43403e-05,4.54989e-05,4.41973e-05,4.23242e-05,4.08569e-05,3.85843e-05,3.7274e-05,3.35302e-05,3.15209e-05,2.82727e-05,2.52554e-05,2.18796e-05
2.32613e-05,2.60904e-05,2.91484e-05,3.26501e-05,3.43568e-05,3.76253e-05,3.88407e-05,4.07785e-05,4.15655e-05,4.19511e-05,4.30212e-05,4.40545e-05,4.28934e-05,4.10231e-05,3.97189e-05,3.7529e-05,3.61441e-05,3.2492e-05,3.06305e-05,2.73713e-05,2.43028e-05,2.10916e-05
2.26066e-05,2.51392e-05,2.84742e-05,3.17787e-05,3.34742e-05,3.66603e-05,3.77485e-05,3.98762e-05,4.01134e-05,4.07548e-05,4.17802e-05,4.29299e-05,4.17739e-05,3.99254e-05,3.86315e-05,3.65307e-05,3.50946e-05,3.15863e-05,2.95915e-05,2.65976e-05,2.35632e-05,2.04628e-05
2.17963e-05,2.43214e-05,2.75054e-05,3.08045e-05,3.2381e-05,3.57031e-05,3.66936e-05,3.8568e-05,3.90262e-05,3.96458e-05,4.06451e-05,4.17917e-05,4.06285e-05,3.90915e-05,3.74953e-05,3.55222e-05,3.39751e-05,3.06664e-05,2.8747e-05,2.56619e-05,2.28807e-05,1.97066e-05
2.12697e-05,2.36675e-05,2.67208e-05,3.01437e-05,3.15966e-05,3.45852e-05,3.58836e-05,3.77075e-05,3.78969e-05,3.84524e-05,3.94929e-05,4.05296e-05,3.95793e-05,3.77718e-05,3.63184e-05,3.44212e-05,3.30513e-05,2.98561e-05,2.79453e-05,2.47771e-05,2.21332e-05,1.91267e-05
2.05536e-05,2.28823e-05,2.59216e-05,2.90885e-05,3.07489e-05,3.37479e-05,3.465e-05,3.65341e-05,3.68497e-05,3.75306e-05,3.84058e-05,3.96096e-05,3.85026e-05,3.67722e-05,3.54546e-05,3.34975e-05,3.21371e-05,2.8887e-05,2.71425e-05,2.4109e-05,2.14378e-05,1.85784e-05
1.99347e-05,2.22317e-05,2.53159e-05,2.82575e-05,2.97681e-05,3.28013e-05,3.38798e-05,3.55869e-05,3.58238e-05,3.65187e-05,3.74324e-05,3.83819e-05,3.75205e-05,3.57752e-05,3.45888e-05,3.26501e-05,3.13e-05,2.82551e-05,2.63977e-05,2.33623e-05,2.08601e-05,1.79747e-05
1.94217e-05,2.16097e-05,2.45053e-05,2.75257e-05,2.9051e-05,3.20144e-05,3.29678e-05,3.47553e-05,3.47751e-05,3.56466e-05,3.65403e-05,3.73574e-05,3.66367e-05,3.48064e-05,3.34382e-05,3.18419e-05,3.03895e-05,2.73916e-05,2.56866e-05,2.26811e-05,2.01955e-05,1.73859e-05
1.88227e-05,2.09337e-05,2.38294e-05,2.67611e-05,2.8133e-05,3.11091e-05,3.20715e-05,3.37713e-05,3.3936e-05,3.46916e-05,3.5434e-05,3.63908e-05,3.56613e-05,3.37962e-05,3.26399e-05,3.0968e-05,2.94496e-05,2.67239e-05,2.48815e-05,2.20579e-05,1.95681e-05,1.69202e-05
1.82615e-05,2.03623e-05,2.32753e-05,2.59906e-05,2.74649e-05,3.03452e-05,3.11845e-05,3.27523e-05,3.29361e-05,3.37836e-05,3.45127e-05,3.55336e-05,3.48316e-05,3.31149e-05,3.14844e-05,3.01379e-05,2.86343e-05,2.58807e-05,2.43322e-05,2.14284e-05,1.90256e-05,1.63861e-05
1.7741e-05,1.97806e-05,2.25249e-05,2.53026e-05,2.66888e-05,2.94875e-05,3.04146e-05,3.19624e-05,3.20762e-05,3.29229e-05,3.36944e-05,3.44986e-05,3.38686e-05,3.21299e-05,3.09517e-05,2.93421e-05,2.78513e-05,2.53e-05,2.35345e-05,2.08203e-05,1.847e-05,1.58824e-05
1.71956e-05,1.92723e-05,2.19032e-05,2.45593e-05,2.60114e-05,2.87509e-05,2.96119e-05,3.11801e-05,3.11742e-05,3.20007e-05,3.28873e-05,3.3671e-05,3.30572e-05,3.13487e-05,3.01599e-05,2.86629e-05,2.71109e-05,2.45949e-05,2.29135e-05,2.01711e-05,1.7958e-05,1.54177e-05
1.67228e-05,1.86893e-05,2.12897e-05,2.39352e-05,2.52934e-05,2.79837e-05,2.88629e-05,3.03792e-05,3.0308e-05,3.12252e-05,3.19581e-05,3.28004e-05,3.21673e-05,3.04468e-05,2.93895e-05,2.78295e-05,2.63507e-05,2.39735e-05,2.23266e-05,1.96511e-05,1.74239e-05,1.49835e-05
1.62332e-05,1.81672e-05,2.06686e-05,2.32545e-05,2.4664e-05,2.73595e-05,2.81731e-05,2.95144e-05,2.95822e-05,3.05337e-05,3.10619e-05,3.19856e-05,3.13673e-05,2.97746e-05,2.86114e-05,2.71965e-05,2.57008e-05,2.32802e-05,2.16141e-05,1.90942e-05,1.70154e-05,1.4488e-05
1.58173e-05,1.76129e-05,2.01666e-05,2.27287e-05,2.40461e-05,2.66581e-05,2.75331e-05,2.88365e-05,2.87918e-05,2.98313e-05,3.04159e-05,3.11848e-05,3.04854e-05,2.89563e-05,2.78853e-05,2.65071e-05,2.50119e-05,2.27927e-05,2.11679e-05,1.85522e-05,1.64612e-05,1.40689e-05
1.53353e-05,1.71478e-05,1.95577e-05,2.19607e-05,2.34217e-05,2.59095e-05,2.67586e-05,2.79961e-05,2.8021e-05,2.90075e-05,2.96091e-05,3.04555e-05,2.98066e-05,2.82602e-05,2.70524e-05,2.5831e-05,2.43513e-05,2.20644e-05,2.0567e-05,1.80301e-05,1.60183e-05,1.36406e-05
1.48786e-05,1.67528e-05,1.90569e-05,2.14438e-05,2.27962e-05,2.51928e-05,2.60062e-05,2.73855e-05,2.73497e-05,2.81989e-05,2.88778e-05,2.96224e-05,2.89671e-05,2.74956e-05,2.63763e-05,2.51676e-05,2.35916e-05,2.15821e-05,1.99453e-05,1.75722e-05,1.55575e-05,1.33742e-05
1.44988e-05,1.62624e-05,1.85121e-05,2.07388e-05,2.2247e-05,2.46971e-05,2.53172e-05,2.65842e-05,2.64035e-05,2.74665e-05,2.80201e-05,2.86784e-05,2.83304e-05,2.67869e-05,2.56418e-05,2.44777e-05,2.31694e-05,2.09135e-05,1.94249e-05,1.7069e-05,1.5111e-05,1.28478e-05
1.40754e-05,1.57693e-05,1.79798e-05,2.02711e-05,2.16336e-05,2.39075e-05,2.47491e-05,2.59304e-05,2.59205e-05,2.68851e-05,2.7383e-05,2.80752e-05,2.75655e-05,2.60346e-05,2.5025e-05,2.38474e-05,2.24256e-05,2.05087e-05,1.88971e-05,1.65782e-05,1.46701e-05,1.2525e-05
1.36088e-05,1.53691e-05,1.74472e-05,1.96378e-05,2.09847e-05,2.33735e-05,2.40823e-05,2.51826e-05,2.51374e-05,2.60611e-05,2.65122e-05,2.7356e-05,2.68435e-05,2.52492e-05,2.43732e-05,2.32279e-05,2.18593e-05,1.98711e-05,1.83695e-05,1.61041e-05,1.43184e-05,1.21812e-05
1.32714e-05,1.49184e-05,1.71369e-05,1.91898e-05,2.05789e-05,2.26933e-05,2.35454e-05,2.45892e-05,2.46611e-05,2.54957e-05,2.60564e-05,2.66947e-05,2.60379e-05,2.47027e-05,2.36942e-05,2.26768e-05,2.12396e-05,1.9484e-05,1.79282e-05,1.57049e-05,1.38466e-05,1.18811e-05
1.28749e-05,1.45227e-05,1.65397e-05,1.86534e-05,2.00744e-05,2.20085e-05,2.29811e-05,2.39917e-05,2.38097e-05,2.48261e-05,2.53462e-05,2.60763e-05,2.5451e-05,2.40109e-05,2.3068e-05,2.19975e-05,2.07907e-05,1.90511e-05,1.73378e-05,1.52239e-05,1.34901e-05,1.15044e-05
1.24924e-05,1.41076e-05,1.61198e-05,1.81143e-05,1.94286e-05,2.15278e-05,2.228e-05,2.33193e-05,2.33034e-05,2.43179e-05,2.46886e-05,2.53502e-05,2.47951e-05,2.34813e-05,2.25342e-05,2.14938e-05,2.01222e-05,1.84444e-05,1.69856e-05,1.48347e-05,1.30969e-05,1.11275e-05
1.21223e-05,1.37391e-05,1.56698e-05,1.76402e-05,1.89469e-05,2.10262e-05,2.1727e-05,2.27453e-05,2.26161e-05,2.36319e-05,2.4088e-05,2.47717e-05,2.41075e-05,2.28604e-05,2.19678e-05,2.09511e-05,1.96492e-05,1.79536e-05,1.65012e-05,1.43945e-05,1.27435e-05,1.08077e-05
1.17884e-05,1.334e-05,1.52009e-05,1.71227e-05,1.84483e-05,2.04208e-05,2.11748e-05,2.21445e-05,2.209e-05,2.30539e-05,2.34059e-05,2.40863e-05,2.35433e-05,2.23364e-05,2.13614e-05,2.04268e-05,1.90799e-05,1.75198e-05,1.60294e-05,1.40207e-05,1.23708e-05,1.05065e-05
1.14303e-05,1.30225e-05,1.47503e-05,1.6635e-05,1.79364e-05,1.98213e-05,2.06357e-05,2.16156e-05,2.14876e-05,2.24527e-05,2.27677e-05,2.33842e-05,2.30057e-05,2.1695e-05,2.0752e-05,1.98882e-05,1.84862e-05,1.69649e-05,1.56397e-05,1.36096e-05,1.20461e-05,1.02006e-05
1.10952e-05,1.26429e-05,1.44122e-05,1.61435e-05,1.7429e-05,1.93885e-05,2.01047e-05,2.09541e-05,2.10311e-05,2.19367e-05,2.2221e-05,2.27609e-05,2.23043e-05,2.11791e-05,2.03655e-05,1.93658e-05,1.79685e-05,1.65357e-05,1.52468e-05,1.32514e-05,1.17592e-05,9.89252e-06
1.08008e-05,1.2308e-05,1.39787e-05,1.56414e-05,1.69963e-05,1.88408e-05,1.95816e-05,2.04604e-05,2.04928e-05,2.14641e-05,2.16504e-05,2.22964e-05,2.17638e-05,2.06237e-05,1.97592e-05,1.88933e-05,1.75621e-05,1.61122e-05,1.48029e-05,1.28895e-05,1.13779e-05,9.57988e-06
1.04499e-05,1.19245e-05,1.35861e-05,1.52956e-05,1.65471e-05,1.83337e-05,1.90647e-05,1.99029e-05,1.9962e-05,2.08732e-05,2.10853e-05,2.16541e-05,2.11949e-05,2.01004e-05,1.92439e-05,1.83746e-05,1.70683e-05,1.57533e-05,1.44073e-05,1.2532e-05,1.10673e-05,9.32994e-06
1.01895e-05,1.16085e-05,1.32015e-05,1.48672e-05,1.61687e-05,1.78258e-05,1.86469e-05,1.93748e-05,1.94769e-05,2.03663e-05,2.04741e-05,2.11132e-05,2.05988e-05,1.95847e-05,1.86799e-05,1.7903e-05,1.66236e-05,1.53283e-05,1.39549e-05,1.21516e-05,1.07818e-05,9.0662e-06
9.85604e-06,1.12651e-05,1.28799e-05,1.44638e-05,1.56821e-05,1.74276e-05,1.81381e-05,1.88514e-05,1.88994e-05,1.9891e-05,1.99796e-05,2.06299e-05,2.00319e-05,1.89456e-05,1.8251e-05,1.74363e-05,1.61844e-05,1.49063e-05,1.36446e-05,1.18482e-05,1.04803e-05,8.82356e-06
9.56306e-06,1.09834e-05,1.25546e-05,1.40345e-05,1.52582e-05,1.69485e-05,1.76423e-05,1.83456e-05,1.8462e-05,1.93122e-05,1.94273e-05,2.00705e-05,1.94938e-05,1.86342e-05,1.77925e-05,1.70236e-05,1.57552e-05,1.44999e-05,1.32294e-05,1.15093e-05,1.02123e-05,8.55853e-06
9.30412e-06,1.06552e-05,1.21846e-05,1.37031e-05,1.48718e-05,1.65318e-05,1.72469e-05,1.78736e-05,1.80032e-05,1.88802e-05,1.89653e-05,1.95515e-05,1.89978e-05,1.81529e-05,1.73198e-05,1.65578e-05,1.53278e-05,1.41759e-05,1.29236e-05,1.11985e-05,9.87189e-06,8.31662e-06
9.00623e-06,1.03666e-05,1.18708e-05,1.32899e-05,1.44361e-05,1.60226e-05,1.67837e-05,1.74085e-05,1.75164e-05,1.84099e-05,1.84086e-05,1.91505e-05,1.8423e-05,1.76326e-05,1.69346e-05,1.61975e-05,1.49447e-05,1.37243e-05,1.2621e-05,1.08968e-05,9.63153e-06,8.07132e-06
8.77051e-06,1.0111e-05,1.1545e-05,1.29538e-05,1.40753e-05,1.56254e-05,1.63017e-05,1.70042e-05,1.7094e-05,1.79503e-05,1.80566e-05,1.85521e-05,1.80023e-05,1.72055e-05,1.64726e-05,1.56887e-05,1.45669e-05,1.3438e-05,1.22493e-05,1.06192e-05,9.31237e-06,7.86983e-06
8.52099e-06,9.81007e-06,1.12096e-05,1.25659e-05,1.37254e-05,1.52097e-05,1.59172e-05,1.65111e-05,1.66714e-05,1.75242e-05,1.74911e-05,1.81125e-05,1.75223e-05,1.68296e-05,1.59901e-05,1.53077e-05,1.41571e-05,1.30591e-05,1.18758e-05,1.03067e-05,9.09983e-06,7.63146e-06
8.29248e-06,9.56248e-06,1.0857e-05,1.22362e-05,1.33797e-05,1.4766e-05,1.55355e-05,1.61122e-05,1.62191e-05,1.70397e-05,1.69874e-05,1.75943e-05,1.71933e-05,1.64088e-05,1.55829e-05,1.49614e-05,1.37816e-05,1.26542e-05,1.15377e-05,1.00241e-05,8.88778e-06,7.37826e-06
8.01954e-06,9.30319e-06,1.06316e-05,1.19081e-05,1.30322e-05,1.44578e-05,1.51903e-05,1.56955e-05,1.58534e-05,1.66373e-05,1.65663e-05,1.72288e-05,1.66271e-05,1.59499e-05,1.51785e-05,1.45609e-05,1.34376e-05,1.24361e-05,1.12654e-05,9.74582e-06,8.59805e-06,7.21992e-06
7.7784e-06,9.04324e-06,1.03388e-05,1.15947e-05,1.27665e-05,1.40914e-05,1.48608e-05,1.52168e-05,1.54495e-05,1.62034e-05,1.61559e-05,1.67242e-05,1.61066e-05,1.56017e-05,1.47835e-05,1.42304e-05,1.30752e-05,1.21511e-05,1.09615e-05,9.48031e-06,8.40573e-06,7.0491e-06
7.55846e-06,8.80438e-06,1.00985e-05,1.12672e-05,1.23766e-05,1.37353e-05,1.44834e-05,1.489e-05,1.50801e-05,1.59289e-05,1.57925e-05,1.64319e-05,1.57314e-05,1.5165e-05,1.43898e-05,1.38008e-05,1.27582e-05,1.1848e-05,1.06918e-05,9.2279e-06,8.10146e-06,6.81602e-06
7.33702e-06,8.54762e-06,9.75284e-06,1.09777e-05,1.20383e-05,1.32515e-05,1.40186e-05,1.45079e-05,1.47102e-05,1.54158e-05,1.52971e-05,1.59011e-05,1.53886e-05,1.47545e-05,1.40549e-05,1.34718e-05,1.23779e-05,1.14362e-05,1.03902e-05,8.98744e-06,7.90584e-06,6.59994e-06
7.12173e-06,8.29605e-06,9.48703e-06,1.06809e-05,1.1682e-05,1.296e-05,1.36551e-05,1.40963e-05,1.42919e-05,1.50417e-05,1.4909e-05,1.55306e-05,1.49519e-05,1.44618e-05,1.3748e-05,1.31401e-05,1.2079e-05,1.11615e-05,1.00886e-05,8.7258e-06,7.71628e-06,6.42377e-06
6.96158e-06,8.06457e-06,9.25148e-06,1.04969e-05,1.14574e-05,1.26167e-05,1.3322e-05,1.37369e-05,1.39077e-05,1.4729e-05,1.46291e-05,1.51384e-05,1.46032e-05,1.40445e-05,1.34446e-05,1.27587e-05,1.18298e-05,1.08339e-05,9.84939e-06,8.48585e-06,7.49538e-06,6.22709e-06
6.74604e-06,7.84767e-06,9.00431e-06,1.01312e-05,1.11447e-05,1.22544e-05,1.30003e-05,1.33652e-05,1.35753e-05,1.43784e-05,1.42248e-05,1.46557e-05,1.41578e-05,1.36933e-05,1.30455e-05,1.2432e-05,1.15247e-05,1.05836e-05,9.57869e-06,8.21845e-06,7.29482e-06,6.05463e-06
6.55384e-06,7.61553e-06,8.73331e-06,9.84887e-06,1.08706e-05,1.20147e-05,1.26761e-05,1.29916e-05,1.32918e-05,1.39794e-05,1.38936e-05,1.43483e-05,1.37979e-05,1.33737e-05,1.2711e-05,1.21498e-05,1.12112e-05,1.03392e-05,9.3181e-06,8.07794e-06,7.07088e-06,5.86256e-06
6.33814e-06,7.44158e-06,8.54347e-06,9.5939e-06,1.05587e-05,1.16882e-05,1.23512e-05,1.26714e-05,1.29515e-05,1.36935e-05,1.35769e-05,1.41124e-05,1.3488e-05,1.30614e-05,1.2414e-05,1.18361e-05,1.09339e-05,1.0067e-05,9.13432e-06,7.80816e-06,6.86642e-06,5.69128e-06
6.16389e-06,7.21821e-06,8.27902e-06,9.40436e-06,1.02771e-05,1.13272e-05,1.20643e-05,1.23571e-05,1.25716e-05,1.32459e-05,1.31928e-05,1.3732e-05,1.31478e-05,1.26955e-05,1.21321e-05,1.15456e-05,1.06335e-05,9.80512e-06,8.87503e-06,7.60031e-06,6.67791e-06,5.58303e-06
5.99401e-06,7.00435e-06,8.10829e-06,9.13986e-06,1.00695e-05,1.10854e-05,1.17623e-05,1.20606e-05,1.22342e-05,1.3001e-05,1.28969e-05,1.33661e-05,1.28203e-05,1.24078e-05,1.17781e-05,1.1259e-05,1.03852e-05,9.54447e-06,8.63016e-06,7.4036e-06,6.51686e-06,5.41144e-06
5.80364e-06,6.84293e-06,7.85293e-06,8.91504e-06,9.80686e-06,1.07615e-05,1.14609e-05,1.17228e-05,1.20553e-05,1.26944e-05,1.25123e-05,1.30005e-05,1.25235e-05,1.21826e-05,1.15308e-05,1.09571e-05,1.01883e-05,9.37477e-06,8.39315e-06,7.24624e-06,6.34302e-06,5.21805e-06
5.66664e-06,6.62429e-06,7.63893e-06,8.62719e-06,9.56564e-06,1.05644e-05,1.12029e-05,1.1451e-05,1.17036e-05,1.23944e-05,1.22065e-05,1.26818e-05,1.21015e-05,1.19133e-05,1.12108e-05,1.07012e-05,9.90336e-06,9.13699e-06,8.18438e-06,7.04364e-06,6.18654e-06,5.1139e-06
5.49521e-06,6.47357e-06,7.45533e-06,8.48774e-06,9.30619e-06,1.0256e-05,1.10036e-05,1.11202e-05,1.14785e-05,1.20225e-05,1.19232e-05,1.22436e-05,1.18507e-05,1.16321e-05,1.09665e-05,1.04339e-05,9.6377e-06,8.89653e-06,7.9602e-06,6.80868e-06,6.01148e-06,4.9504e-06
5.3432e-06,6.2816e-06,7.27365e-06,8.16415e-06,9.05965e-06,1.00215e-05,1.0691e-05,1.09104e-05,1.12462e-05,1.18058e-05,1.16513e-05,1.215e-05,1.15501e-05,1.13554e-05,1.06945e-05,1.01673e-05,9.41467e-06,8.67077e-06,7.75923e-06,6.64507e-06,5.80714e-06,4.80458e-06
5.18766e-06,6.13122e-06,7.09446e-06,8.11062e-06,8.89072e-06,9.75309e-06,1.04462e-05,1.06639e-05,1.09289e-05,1.153e-05,1.14054e-05,1.16878e-05,1.13307e-05,1.10394e-05,1.03978e-05,9.90763e-06,9.18607e-06,8.48616e-06,7.52911e-06,6.50158e-06,5.70864e-06,4.66352e-06
5.02883e-06,5.96347e-06,6.89335e-06,7.79374e-06,8.60004e-06,9.4958e-06,1.01759e-05,1.03853e-05,1.06975e-05,1.11924e-05,1.105e-05,1.15005e-05,1.09806e-05,1.07743e-05,1.01659e-05,9.69449e-06,8.98519e-06,8.26946e-06,7.37803e-06,6.31065e-06,5.55611e-06,4.57429e-06
4.90362e-06,5.81602e-06,6.71876e-06,7.64241e-06,8.43237e-06,9.25706e-06,9.9628e-06,1.01373e-05,1.04121e-05,1.09789e-05,1.08026e-05,1.12144e-05,1.07861e-05,1.0604e-05,9.94284e-06,9.49088e-06,8.7429e-06,8.08377e-06,7.1526e-06,6.12482e-06,5.38426e-06,4.42668e-06
4.77556e-06,5.65004e-06,6.54976e-06,7.37963e-06,8.20782e-06,9.0231e-06,9.70453e-06,9.85603e-06,1.01399e-05,1.06653e-05,1.05333e-05,1.09175e-05,1.05362e-05,1.02538e-05,9.67262e-06,9.18558e-06,8.54311e-06,7.88972e-06,6.98265e-06,5.99601e-06,5.25654e-06,4.32115e-06
4.65053e-06,5.51295e-06,6.38688e-06,7.26776e-06,8.02645e-06,8.74793e-06,9.45874e-06,9.61747e-06,9.92147e-06,1.04457e-05,1.0294e-05,1.06033e-05,1.02728e-05,1.00648e-05,9.44312e-06,8.97959e-06,8.3319e-06,7.69101e-06,6.82383e-06,5.87212e-06,5.13795e-06,4.16673e-06
4.52209e-06,5.3429e-06,6.21591e-06,7.01048e-06,7.79894e-06,8.59481e-06,9.23468e-06,9.37826e-06,9.6787e-06,1.02249e-05,1.00661e-05,1.04533e-05,9.98352e-06,9.81553e-06,9.23418e-06,8.73613e-06,8.12568e-06,7.50213e-06,6.66913e-06,5.67893e-06,4.98943e-06,4.07984e-06
4.40381e-06,5.22318e-06,6.07063e-06,6.90653e-06,7.61656e-06,8.34844e-06,9.01295e-06,9.11173e-06,9.45636e-06,1.00269e-05,9.81576e-06,1.01454e-05,9.76442e-06,9.52981e-06,9.06828e-06,8.50563e-06,7.95402e-06,7.33402e-06,6.47566e-06,5.54488e-06,4.86914e-06,3.97275e-06
4.27226e-06,5.06614e-06,5.90775e-06,6.69242e-06,7.41792e-06,8.17048e-06,8.77089e-06,8.91858e-06,9.22217e-06,9.75413e-06,9.59356e-06,9.96148e-06,9.53142e-06,9.32542e-06,8.82909e-06,8.34904e-06,7.73531e-06,7.12542e-06,6.31549e-06,5.40102e-06,4.75448e-06,3.8726e-06
4.18104e-06,4.93086e-06,5.74747e-06,6.55675e-06,7.26106e-06,8.0072e-06,8.58465e-06,8.74154e-06,9.08668e-06,9.47953e-06,9.34875e-06,9.74669e-06,9.33014e-06,9.11007e-06,8.61193e-06,8.13058e-06,7.59087e-06,6.99706e-06,6.1455e-06,5.29989e-06,4.6394e-06,3.75762e-06
4.07018e-06,4.81458e-06,5.6092e-06,6.37672e-06,7.10181e-06,7.80711e-06,8.40398e-06,8.5062e-06,8.82874e-06,9.35561e-06,9.17979e-06,9.55115e-06,9.06782e-06,8.91465e-06,8.37317e-06,7.95207e-06,7.38978e-06,6.82499e-06,5.98316e-06,5.14212e-06,4.5213e-06,3.67228e-06
3.93944e-06,4.69861e-06,5.45863e-06,6.23694e-06,6.92626e-06,7.62415e-06,8.22683e-06,8.32665e-06,8.60655e-06,9.06124e-06,8.96693e-06,9.35218e-06,8.89838e-06,8.77034e-06,8.22584e-06,7.7425e-06,7.29941e-06,6.69407e-06,5.86236e-06,5.01609e-06,4.37729e-06,3.56061e-06
3.85485e-06,4.58061e-06,5.33764e-06,6.11634e-06,6.72629e-06,7.43717e-06,8.01533e-06,8.11217e-06,8.39264e-06,8.89675e-06,8.78763e-06,9.01873e-06,8.65967e-06,8.54707e-06,8.08078e-06,7.58743e-06,7.10544e-06,6.51717e-06,5.7405e-06,4.89127e-06,4.26895e-06,3.48028e-06
3.7341e-06,4.4872e-06,5.20791e-06,5.93538e-06,6.62343e-06,7.24607e-06,7.88235e-06,7.93897e-06,8.28172e-06,8.65399e-06,8.55e-06,8.86597e-06,8.48907e-06,8.31302e-06,7.85568e-06,7.41443e-06,6.91242e-06,6.3951e-06,5.57773e-06,4.79981e-06,4.17609e-06,3.37408e-06
3.65703e-06,4.34787e-06,5.08951e-06,5.80612e-06,6.48437e-06,7.10011e-06,7.67236e-06,7.77418e-06,8.06839e-06,8.49005e-06,8.37504e-06,8.66039e-06,8.24141e-06,8.23671e-06,7.66169e-06,7.23846e-06,6.8041e-06,6.20243e-06,5.47076e-06,4.66056e-06,4.07486e-06,3.30117e-06
3.5532e-06,4.25175e-06,4.96988e-06,5.65321e-06,6.29231e-06,6.90316e-06,7.52267e-06,7.59808e-06,7.9057e-06,8.25018e-06,8.17157e-06,8.45536e-06,8.08645e-06,7.94885e-06,7.5474e-06,7.04134e-06,6.67774e-06,6.05362e-06,5.33863e-06,4.56193e-06,3.96141e-06,3.20635e-06
3.46829e-06,4.15262e-06,4.84455e-06,5.56187e-06,6.16479e-06,6.71578e-06,7.34652e-06,7.40876e-06,7.71197e-06,8.08302e-06,8.02382e-06,8.22735e-06,7.91428e-06,7.79948e-06,7.38835e-06,6.92692e-06,6.49152e-06,5.917e-06,5.2232e-06,4.46387e-06,3.88891e-06,3.135e-06
3.35968e-06,4.04296e-06,4.7114e-06,5.41202e-06,6.0237e-06,6.60685e-06,7.17525e-06,7.22379e-06,7.57872e-06,7.92579e-06,7.85052e-06,8.09953e-06,7.80011e-06,7.6011e-06,7.20834e-06,6.75244e-06,6.31893e-06,5.81551e-06,5.0663e-06,4.35542e-06,3.79494e-06,3.02994e-06
3.29474e-06,3.93663e-06,4.60869e-06,5.27814e-06,5.88218e-06,6.48149e-06,6.99226e-06,7.06061e-06,7.37356e-06,7.71238e-06,7.71108e-06,7.97701e-06,7.61542e-06,7.49974e-06,7.03091e-06,6.62434e-06,6.22492e-06,5.69752e-06,4.96386e-06,4.22872e-06,3.70192e-06,2.96073e-06
3.19607e-06,3.85442e-06,4.51792e-06,5.1797e-06,5.76035e-06,6.30168e-06,6.85988e-06,6.92081e-06,7.19173e-06,7.58789e-06,7.54275e-06,7.68653e-06,7.41997e-06,7.24132e-06,6.8406e-06,6.46332e-06,6.08445e-06,5.55089e-06,4.82939e-06,4.15148e-06,3.58658e-06,2.88746e-06
3.13409e-06,3.75142e-06,4.40382e-06,5.0604e-06,5.62317e-06,6.20077e-06,6.69278e-06,6.75344e-06,7.0329e-06,7.37093e-06,7.37845e-06,7.5905e-06,7.26744e-06,7.08403e-06,6.71419e-06,6.29669e-06,5.95601e-06,5.42666e-06,4.71903e-06,4.05772e-06,3.5182e-06,2.82519e-06
3.04008e-06,3.67513e-06,4.30085e-06,4.94932e-06,5.52141e-06,6.03383e-06,6.54423e-06,6.62869e-06,6.93e-06,7.25773e-06,7.20739e-06,7.38308e-06,7.08988e-06,7.00488e-06,6.59484e-06,6.18816e-06,5.82386e-06,5.30517e-06,4.6309e-06,3.96812e-06,3.43403e-06,2.74441e-06
2.98166e-06,3.58032e-06,4.1943e-06,4.83247e-06,5.4011e-06,5.90433e-06,6.41104e-06,6.47928e-06,6.75553e-06,7.08994e-06,7.09319e-06,7.21146e-06,6.93769e-06,6.78639e-06,6.44065e-06,6.04169e-06,5.6983e-06,5.19183e-06,4.51412e-06,3.84743e-06,3.368e-06,2.67612e-06
2.90135e-06,3.50064e-06,4.1073e-06,4.72398e-06,5.2694e-06,5.75777e-06,6.28126e-06,6.33522e-06,6.6276e-06,6.92718e-06,6.92362e-06,7.07955e-06,6.79024e-06,6.69012e-06,6.30749e-06,5.90715e-06,5.57662e-06,5.07375e-06,4.42111e-06,3.78154e-06,3.27842e-06,2.61069e-06
2.82405e-06,3.41158e-06,4.02245e-06,4.62123e-06,5.15314e-06,5.6615e-06,6.1391e-06,6.19862e-06,6.48486e-06,6.76304e-06,6.78601e-06,6.96754e-06,6.68734e-06,6.57947e-06,6.20592e-06,5.80304e-06,5.42965e-06,4.95869e-06,4.33839e-06,3.68355e-06,3.19438e-06,2.5654e-06
2.76006e-06,3.33598e-06,3.90624e-06,4.50556e-06,5.03278e-06,5.53277e-06,6.01719e-06,6.0634e-06,6.35557e-06,6.62693e-06,6.63495e-06,6.85755e-06,6.55254e-06,6.43053e-06,6.05393e-06,5.67813e-06,5.35695e-06,4.87314e-06,4.23158e-06,3.5988e-06,3.13674e-06,2.47744e-06
2.7025e-06,3.24579e-06,3.83963e-06,4.39645e-06,4.92922e-06,5.43007e-06,5.92145e-06,5.94332e-06,6.23918e-06,6.48324e-06,6.47059e-06,6.69561e-06,6.41349e-06,6.25235e-06,5.92536e-06,5.57555e-06,5.25237e-06,4.75681e-06,4.12108e-06,3.53133e-06,3.05767e-06,2.42231e-06
2.6373e-06,3.17835e-06,3.73539e-06,4.31869e-06,4.83265e-06,5.28757e-06,5.76995e-06,5.81918e-06,6.07225e-06,6.35155e-06,6.35376e-06,6.5105e-06,6.26627e-06,6.16085e-06,5.81625e-06,5.42409e-06,5.14822e-06,4.65176e-06,4.04474e-06,3.44857e-06,2.99169e-06,2.37698e-06
2.57535e-06,3.10865e-06,3.65624e-06,4.22001e-06,4.74288e-06,5.16426e-06,5.66341e-06,5.70295e-06,5.95013e-06,6.224e-06,6.22255e-06,6.37607e-06,6.12165e-06,5.98906e-06,5.67319e-06,5.31519e-06,5.02007e-06,4.55209e-06,3.93335e-06,3.3711e-06,2.91173e-06,2.32062e-06
2.5147e-06,3.02735e-06,3.57569e-06,4.12796e-06,4.62899e-06,5.06641e-06,5.52854e-06,5.57843e-06,5.84809e-06,6.06555e-06,6.10879e-06,6.27437e-06,6.00726e-06,5.8841e-06,5.5664e-06,5.19906e-06,4.92046e-06,4.46544e-06,3.87606e-06,3.2901e-06,2.84973e-06,2.2578e-06
2.45024e-06,2.9637e-06,3.49685e-06,4.03884e-06,4.54398e-06,4.95992e-06,5.40404e-06,5.4523e-06,5.71656e-06,5.95745e-06,5.98484e-06,6.08819e-06,5.88242e-06,5.79195e-06,5.45965e-06,5.09905e-06,4.80779e-06,4.37801e-06,3.79586e-06,3.2223e-06,2.79404e-06,2.21855e-06
2.39246e-06,2.90066e-06,3.42778e-06,3.95136e-06,4.4474e-06,4.85228e-06,5.31835e-06,5.34848e-06,5.62481e-06,5.82043e-06,5.85705e-06,5.9552e-06,5.76822e-06,5.66871e-06,5.34501e-06,5.00032e-06,4.70565e-06,4.25803e-06,3.71235e-06,3.15472e-06,2.72242e-06,2.16148e-06
2.33517e-06,2.82616e-06,3.35062e-06,3.87333e-06,4.35359e-06,4.76452e-06,5.1984e-06,5.25089e-06,5.49588e-06,5.69932e-06,5.75085e-06,5.83939e-06,5.64266e-06,5.52862e-06,5.22103e-06,4.90513e-06,4.62926e-06,4.17471e-06,3.62302e-06,3.08621e-06,2.6666e-06,2.09679e-06
2.28498e-06,2.76696e-06,3.26944e-06,3.79028e-06,4.25162e-06,4.68105e-06,5.08806e-06,5.13699e-06,5.40021e-06,5.59006e-06,5.63788e-06,5.75978e-06,5.54544e-06,5.42861e-06,5.11126e-06,4.81365e-06,4.53688e-06,4.0936e-06,3.5484e-06,3.01419e-06,2.60062e-06,2.0533e-06
2.23052e-06,2.71365e-06,3.19865e-06,3.70843e-06,4.17471e-06,4.58424e-06,4.99051e-06,5.02895e-06,5.27246e-06,5.48847e-06,5.53221e-06,5.63939e-06,5.43242e-06,5.31887e-06,5.01501e-06,4.72178e-06,4.42646e-06,4.01546e-06,3.46502e-06,2.94092e-06,2.53936e-06,2.01083e-06
2.18253e-06,2.65297e-06,3.12703e-06,3.64625e-06,4.08136e-06,4.47432e-06,4.87896e-06,4.93594e-06,5.15099e-06,5.36737e-06,5.41132e-06,5.49241e-06,5.33811e-06,5.20842e-06,4.91575e-06,4.59239e-06,4.34966e-06,3.93019e-06,3.38377e-06,2.88699e-06,2.4869e-06,1.9658e-06
2.1393e-06,2.59886e-06,3.06751e-06,3.55904e-06,4.01835e-06,4.36839e-06,4.79317e-06,4.83526e-06,5.04869e-06,5.27994e-06,5.31305e-06,5.4147e-06,5.21705e-06,5.10741e-06,4.82284e-06,4.50397e-06,4.26009e-06,3.84948e-06,3.3242e-06,2.82573e-06,2.43345e-06,1.92577e-06
2.09829e-06,2.5315e-06,2.99075e-06,3.49233e-06,3.91785e-06,4.27404e-06,4.67102e-06,4.75366e-06,4.95462e-06,5.17074e-06,5.19841e-06,5.27213e-06,5.10392e-06,4.99651e-06,4.72509e-06,4.40125e-06,4.17506e-06,3.7649e-06,3.26014e-06,2.77219e-06,2.38545e-06,1.88576e-06
2.05118e-06,2.47795e-06,2.93071e-06,3.39554e-06,3.83319e-06,4.19695e-06,4.58446e-06,4.65813e-06,4.86278e-06,5.05642e-06,5.09287e-06,5.20121e-06,5.01485e-06,4.87729e-06,4.63391e-06,4.31959e-06,4.09927e-06,3.69037e-06,3.19415e-06,2.70294e-06,2.33513e-06,1.83867e-06
2.00308e-06,2.428e-06,2.87067e-06,3.32107e-06,3.76553e-06,4.10956e-06,4.51158e-06,4.5751e-06,4.78313e-06,4.95213e-06,4.98792e-06,5.09665e-06,4.90227e-06,4.76891e-06,4.53862e-06,4.25445e-06,3.99905e-06,3.59967e-06,3.11482e-06,2.65021e-06,2.28399e-06,1.80394e-06
1.96203e-06,2.36931e-06,2.79973e-06,3.25e-06,3.68343e-06,4.03834e-06,4.41143e-06,4.48243e-06,4.68068e-06,4.85708e-06,4.90121e-06,5.00573e-06,4.82697e-06,4.68434e-06,4.44561e-06,4.14917e-06,3.93525e-06,3.54188e-06,3.05805e-06,2.59341e-06,2.23411e-06,1.76509e-06
1.90596e-06,2.32436e-06,2.75548e-06,3.21491e-06,3.60407e-06,3.96351e-06,4.30974e-06,4.38959e-06,4.59896e-06,4.7641e-06,4.8037e-06,4.90602e-06,4.73934e-06,4.59313e-06,4.37343e-06,4.10058e-06,3.85804e-06,3.46361e-06,2.99396e-06,2.54106e-06,2.18319e-06,1.71226e-06
1.86702e-06,2.27928e-06,2.68609e-06,3.13966e-06,3.53804e-06,3.87073e-06,4.21719e-06,4.30709e-06,4.48276e-06,4.66902e-06,4.72323e-06,4.78234e-06,4.63382e-06,4.51232e-06,4.27442e-06,4.0069e-06,3.78881e-06,3.39592e-06,2.92934e-06,2.49008e-06,2.135e-06,1.67874e-06
1.82521e-06,2.22937e-06,2.63188e-06,3.06949e-06,3.4608e-06,3.79776e-06,4.15346e-06,4.22845e-06,4.40899e-06,4.57188e-06,4.61412e-06,4.70834e-06,4.55782e-06,4.4337e-06,4.20115e-06,3.92015e-06,3.70594e-06,3.31662e-06,2.86305e-06,2.43569e-06,2.09067e-06,1.64798e-06
1.78521e-06,2.18793e-06,2.58076e-06,3.00998e-06,3.39224e-06,3.71496e-06,4.06259e-06,4.14391e-06,4.31438e-06,4.48958e-06,4.53637e-06,4.58952e-06,4.4539e-06,4.32747e-06,4.1212e-06,3.84876e-06,3.63429e-06,3.25616e-06,2.80607e-06,2.37702e-06,2.0534e-06,1.60087e-06
1.74651e-06,2.13836e-06,2.52136e-06,2.94542e-06,3.33026e-06,3.64712e-06,3.984e-06,4.07297e-06,4.2415e-06,4.39422e-06,4.45391e-06,4.51523e-06,4.37594e-06,4.24741e-06,4.03828e-06,3.77579e-06,3.55273e-06,3.18934e-06,2.75002e-06,2.33426e-06,2.00332e-06,1.57253e-06
1.71014e-06,2.09298e-06,2.46332e-06,2.88816e-06,3.2697e-06,3.57211e-06,3.90529e-06,3.99658e-06,4.1663e-06,4.32777e-06,4.37342e-06,4.41625e-06,4.28775e-06,4.16425e-06,3.96523e-06,3.70989e-06,3.4823e-06,3.1259e-06,2.70062e-06,2.28918e-06,1.96327e-06,1.54432e-06
1.66877e-06,2.05439e-06,2.42064e-06,2.82276e-06,3.19486e-06,3.50883e-06,3.83743e-06,3.92503e-06,4.08045e-06,4.22553e-06,4.28187e-06,4.33494e-06,4.20966e-06,4.0782e-06,3.87809e-06,3.6309e-06,3.43006e-06,3.06094e-06,2.64381e-06,2.24205e-06,1.92411e-06,1.50465e-06
1.6318e-06,2.01488e-06,2.37368e-06,2.7629e-06,3.1294e-06,3.43687e-06,3.7605e-06,3.84705e-06,4.00288e-06,4.15418e-06,4.19227e-06,4.25398e-06,4.13048e-06,4.01024e-06,3.80884e-06,3.55533e-06,3.35456e-06,2.99904e-06,2.58035e-06,2.18734e-06,1.88055e-06,1.47374e-06
1.60456e-06,1.9732e-06,2.31793e-06,2.71517e-06,3.07259e-06,3.37679e-06,3.68945e-06,3.76462e-06,3.92732e-06,4.07187e-06,4.1115e-06,4.18615e-06,4.04866e-06,3.92518e-06,3.74566e-06,3.49126e-06,3.29941e-06,2.95219e-06,2.54232e-06,2.14822e-06,1.83471e-06,1.43903e-06
1.56675e-06,1.92904e-06,2.27088e-06,2.6639e-06,3.01242e-06,3.31097e-06,3.6084e-06,3.7057e-06,3.8535e-06,3.99333e-06,4.04701e-06,4.09e-06,3.9678e-06,3.84807e-06,3.6616e-06,3.42507e-06,3.22689e-06,2.87609e-06,2.47513e-06,2.10487e-06,1.80347e-06,1.41441e-06
1.53175e-06,1.88945e-06,2.21867e-06,2.60916e-06,2.9508e-06,3.24409e-06,3.54048e-06,3.63531e-06,3.75829e-06,3.93973e-06,3.98107e-06,4.01489e-06,3.89944e-06,3.77169e-06,3.60003e-06,3.36163e-06,3.16678e-06,2.81378e-06,2.4236e-06,2.05947e-06,1.76674e-06,1.38513e-06
1.50047e-06,1.85136e-06,2.17778e-06,2.55879e-06,2.89533e-06,3.18639e-06,3.47449e-06,3.57548e-06,3.71064e-06,3.83325e-06,3.90095e-06,3.94496e-06,3.80886e-06,3.69298e-06,3.52641e-06,3.30148e-06,3.10266e-06,2.75649e-06,2.37852e-06,2.02611e-06,1.72273e-06,1.3527e-06
1.46461e-06,1.81047e-06,2.12654e-06,2.50142e-06,2.83921e-06,3.11634e-06,3.40571e-06,3.48739e-06,3.63879e-06,3.76302e-06,3.81822e-06,3.87003e-06,3.75956e-06,3.62818e-06,3.45616e-06,3.23533e-06,3.02615e-06,2.70672e-06,2.32881e-06,1.98009e-06,1.68772e-06,1.32352e-06
1.43628e-06,1.77344e-06,2.08444e-06,2.45304e-06,2.77802e-06,3.05495e-06,3.33602e-06,3.43239e-06,3.56577e-06,3.6929e-06,3.74691e-06,3.788e-06,3.67747e-06,3.55941e-06,3.39646e-06,3.16985e-06,2.98333e-06,2.65414e-06,2.28671e-06,1.93713e-06,1.6535e-06,1.29332e-06
1.40405e-06,1.734e-06,2.04025e-06,2.40548e-06,2.72579e-06,2.99858e-06,3.27364e-06,3.3726e-06,3.49627e-06,3.61736e-06,3.68255e-06,3.71876e-06,3.61183e-06,3.50375e-06,3.32594e-06,3.11198e-06,2.9235e-06,2.59931e-06,2.24639e-06,1.90026e-06,1.61897e-06,1.2703e-06
1.37445e-06,1.69995e-06,2.0016e-06,2.35093e-06,2.66947e-06,2.94338e-06,3.20711e-06,3.30811e-06,3.43894e-06,3.56034e-06,3.61821e-06,3.65852e-06,3.54787e-06,3.41981e-06,3.26622e-06,3.05922e-06,2.8584e-06,2.54411e-06,2.19225e-06,1.85738e-06,1.58502e-06,1.24099e-06
1.34355e-06,1.66761e-06,1.96201e-06,2.30917e-06,2.61926e-06,2.88688e-06,3.14457e-06,3.24313e-06,3.37003e-06,3.48768e-06,3.54351e-06,3.59772e-06,3.48163e-06,3.3625e-06,3.20995e-06,3.00002e-06,2.80719e-06,2.49487e-06,2.1523e-06,1.82384e-06,1.55101e-06,1.21365e-06
1.32104e-06,1.63378e-06,1.91911e-06,2.25332e-06,2.56838e-06,2.82952e-06,3.09149e-06,3.19305e-06,3.31425e-06,3.4179e-06,3.48023e-06,3.52521e-06,3.42441e-06,3.29086e-06,3.14195e-06,2.927e-06,2.75916e-06,2.45086e-06,2.1112e-06,1.78081e-06,1.51631e-06,1.18842e-06
1.28734e-06,1.59945e-06,1.87621e-06,2.2224e-06,2.5099e-06,2.77708e-06,3.02788e-06,3.1271e-06,3.24296e-06,3.36548e-06,3.40698e-06,3.44403e-06,3.35399e-06,3.2381e-06,3.08459e-06,2.88224e-06,2.70555e-06,2.39461e-06,2.06398e-06,1.75162e-06,1.48983e-06,1.16438e-06
1.26215e-06,1.56745e-06,1.84023e-06,2.17286e-06,2.46564e-06,2.72385e-06,2.96673e-06,3.06756e-06,3.18701e-06,3.29505e-06,3.34979e-06,3.38305e-06,3.28615e-06,3.16822e-06,3.02523e-06,2.82624e-06,2.64576e-06,2.34671e-06,2.02968e-06,1.71529e-06,1.45672e-06,1.13868e-06
1.23271e-06,1.53233e-06,1.80404e-06,2.13341e-06,2.41328e-06,2.67542e-06,2.92388e-06,3.00497e-06,3.13362e-06,3.22584e-06,3.28834e-06,3.33738e-06,3.22197e-06,3.11293e-06,2.97054e-06,2.77355e-06,2.58908e-06,2.29993e-06,1.98225e-06,1.67804e-06,1.42575e-06,1.11545e-06
1.20451e-06,1.50647e-06,1.76968e-06,2.0868e-06,2.37134e-06,2.62249e-06,2.86218e-06,2.95544e-06,3.06786e-06,3.17572e-06,3.23029e-06,3.2618e-06,3.15759e-06,3.05502e-06,2.91287e-06,2.72359e-06,2.54768e-06,2.24679e-06,1.9457e-06,1.64397e-06,1.39514e-06,1.09197e-06
1.17827e-06,1.47353e-06,1.73143e-06,2.04595e-06,2.31849e-06,2.5735e-06,2.80412e-06,2.90579e-06,3.01576e-06,3.1057e-06,3.15612e-06,3.19607e-06,3.10764e-06,2.99693e-06,2.85625e-06,2.66984e-06,2.49526e-06,2.20822e-06,1.90932e-06,1.61527e-06,1.36803e-06,1.06971e-06
1.15609e-06,1.44309e-06,1.69308e-06,2.01319e-06,2.27726e-06,2.52276e-06,2.75275e-06,2.85551e-06,2.95442e-06,3.04717e-06,3.11058e-06,3.14466e-06,3.04625e-06,2.94367e-06,2.80722e-06,2.61486e-06,2.44505e-06,2.16567e-06,1.87251e-06,1.58396e-06,1.33947e-06,1.04642e-06
1.13236e-06,1.41784e-06,1.65997e-06,1.97218e-06,2.23742e-06,2.47786e-06,2.69412e-06,2.79095e-06,2.90359e-06,2.9977e-06,3.04302e-06,3.0849e-06,2.98612e-06,2.88763e-06,2.74911e-06,2.57154e-06,2.4034e-06,2.12203e-06,1.83355e-06,1.55075e-06,1.30725e-06,1.02522e-06
1.10694e-06,1.38632e-06,1.62186e-06,1.92827e-06,2.19541e-06,2.43109e-06,2.63946e-06,2.74239e-06,2.84122e-06,2.9388e-06,2.98996e-06,3.02219e-06,2.9338e-06,2.83142e-06,2.69469e-06,2.51557e-06,2.35717e-06,2.07741e-06,1.79315e-06,1.5247e-06,1.28149e-06,1.00481e-06
1.08446e-06,1.35939e-06,1.59095e-06,1.89292e-06,2.15093e-06,2.3878e-06,2.59332e-06,2.70164e-06,2.79985e-06,2.88046e-06,2.93218e-06,2.95985e-06,2.88081e-06,2.77227e-06,2.64532e-06,2.47067e-06,2.30801e-06,2.0338e-06,1.76437e-06,1.48723e-06,1.25604e-06,9.82965e-07
1.06665e-06,1.33092e-06,1.56473e-06,1.8522e-06,2.09815e-06,2.3385e-06,2.55174e-06,2.64185e-06,2.75649e-06,2.83299e-06,2.87057e-06,2.93109e-06,2.83154e-06,2.73127e-06,2.60278e-06,2.43035e-06,2.25977e-06,1.99144e-06,1.72913e-06,1.45636e-06,1.2324e-06,9.6415e-07
1.04007e-06,1.30499e-06,1.5278e-06,1.81398e-06,2.06878e-06,2.28479e-06,2.49569e-06,2.60141e-06,2.68847e-06,2.76595e-06,2.83137e-06,2.86638e-06,2.77723e-06,2.66402e-06,2.54275e-06,2.37444e-06,2.22117e-06,1.95396e-06,1.69389e-06,1.43326e-06,1.20917e-06,9.41277e-07
1.01781e-06,1.27811e-06,1.49609e-06,1.78053e-06,2.02412e-06,2.2515e-06,2.44173e-06,2.54705e-06,2.64167e-06,2.72004e-06,2.77306e-06,2.81101e-06,2.71461e-06,2.62523e-06,2.49747e-06,2.33176e-06,2.18054e-06,1.91378e-06,1.6584e-06,1.40219e-06,1.1813e-06,9.24901e-07
9.97318e-07,1.25052e-06,1.46691e-06,1.74931e-06,1.9865e-06,2.2153e-06,2.40578e-06,2.4988e-06,2.59872e-06,2.67446e-06,2.71981e-06,2.739e-06,2.66316e-06,2.57306e-06,2.44838e-06,2.29075e-06,2.13791e-06,1.87792e-06,1.63166e-06,1.37838e-06,1.15358e-06,9.0286e-07
9.74483e-07,1.22542e-06,1.43838e-06,1.71592e-06,1.94535e-06,2.16711e-06,2.35381e-06,2.45681e-06,2.54472e-06,2.61304e-06,2.67745e-06,2.70422e-06,2.61222e-06,2.52112e-06,2.40192e-06,2.24098e-06,2.09626e-06,1.83667e-06,1.59653e-06,1.34757e-06,1.13162e-06,8.85784e-07
9.53682e-07,1.20222e-06,1.40682e-06,1.67551e-06,1.91057e-06,2.12927e-06,2.3014e-06,2.40927e-06,2.49115e-06,2.57522e-06,2.62538e-06,2.65453e-06,2.56746e-06,2.47924e-06,2.36316e-06,2.20095e-06,2.0478e-06,1.80155e-06,1.56091e-06,1.31889e-06,1.10691e-06,8.66228e-07
9.33116e-07,1.17656e-06,1.37761e-06,1.64441e-06,1.86915e-06,2.0851e-06,2.25438e-06,2.36148e-06,2.43744e-06,2.52264e-06,2.5822e-06,2.61809e-06,2.51496e-06,2.43382e-06,2.31157e-06,2.16284e-06,2.01469e-06,1.76639e-06,1.52686e-06,1.29132e-06,1.08412e-06,8.5032e-07
9.14403e-07,1.15351e-06,1.34933e-06,1.61402e-06,1.83581e-06,2.0478e-06,2.22057e-06,2.32005e-06,2.40833e-06,2.47074e-06,2.52028e-06,2.5544e-06,2.4703e-06,2.3838e-06,2.26873e-06,2.11827e-06,1.97257e-06,1.72967e-06,1.50309e-06,1.27e-06,1.06214e-06,8.31416e-07
8.95013e-07,1.12985e-06,1.31978e-06,1.57696e-06,1.80067e-06,2.01511e-06,2.17981e-06,2.28092e-06,2.36122e-06,2.42591e-06,2.47049e-06,2.51281e-06,2.42389e-06,2.3328e-06,2.2263e-06,2.07981e-06,1.94343e-06,1.69866e-06,1.47366e-06,1.24664e-06,1.04035e-06,8.1523e-07
8.75078e-07,1.10712e-06,1.29662e-06,1.55039e-06,1.76194e-06,1.96958e-06,2.13373e-06,2.22909e-06,2.31781e-06,2.37552e-06,2.42778e-06,2.46821e-06,2.38056e-06,2.30071e-06,2.18538e-06,2.03746e-06,1.89111e-06,1.66245e-06,1.44315e-06,1.22124e-06,1.01506e-06,7.97594e-07
8.55823e-07,1.08358e-06,1.27062e-06,1.52119e-06,1.72232e-06,1.93604e-06,2.09481e-06,2.19472e-06,2.28386e-06,2.33343e-06,2.372e-06,2.42196e-06,2.33274e-06,2.24808e-06,2.1413e-06,1.9938e-06,1.86227e-06,1.62734e-06,1.41595e-06,1.19663e-06,9.96421e-07,7.80407e-07
8.38285e-07,1.06168e-06,1.24196e-06,1.49271e-06,1.69791e-06,1.8967e-06,2.05624e-06,2.147e-06,2.24145e-06,2.2848e-06,2.34016e-06,2.3641e-06,2.28418e-06,2.20603e-06,2.09784e-06,1.95914e-06,1.82801e-06,1.59141e-06,1.38915e-06,1.17506e-06,9.77931e-07,7.65097e-07
8.2172e-07,1.04256e-06,1.21498e-06,1.45954e-06,1.65991e-06,1.85884e-06,2.01335e-06,2.11496e-06,2.19525e-06,2.24509e-06,2.28973e-06,2.33265e-06,2.24693e-06,2.16216e-06,2.05817e-06,1.92348e-06,1.78818e-06,1.56115e-06,1.36084e-06,1.14928e-06,9.5603e-07,7.50569e-07
8.06538e-07,1.0206e-06,1.1941e-06,1.43842e-06,1.62934e-06,1.83188e-06,1.98009e-06,2.0688e-06,2.15816e-06,2.19898e-06,2.24349e-06,2.28703e-06,2.20512e-06,2.12273e-06,2.02038e-06,1.88299e-06,1.75355e-06,1.52731e-06,1.33225e-06,1.12632e-06,9.36606e-07,7.34345e-07
7.88483e-07,1.00075e-06,1.16745e-06,1.4037e-06,1.59437e-06,1.79121e-06,1.9403e-06,2.03452e-06,2.10979e-06,2.16596e-06,2.20906e-06,2.24337e-06,2.16526e-06,2.07796e-06,1.97969e-06,1.84595e-06,1.71745e-06,1.49941e-06,1.30953e-06,1.10348e-06,9.16512e-07,7.18169e-07
7.70612e-07,9.77383e-07,1.14313e-06,1.37801e-06,1.56761e-06,1.75594e-06,1.90254e-06,1.9977e-06,2.07652e-06,2.11975e-06,2.16801e-06,2.19722e-06,2.12087e-06,2.04206e-06,1.93752e-06,1.81453e-06,1.68518e-06,1.46826e-06,1.28833e-06,1.08099e-06,8.97654e-07,7.04018e-07
7.52793e-07,9.5902e-07,1.1182e-06,1.35308e-06,1.53007e-06,1.72391e-06,1.86284e-06,1.95518e-06,2.02986e-06,2.07536e-06,2.12833e-06,2.15236e-06,2.08598e-06,2.00632e-06,1.90434e-06,1.78069e-06,1.65545e-06,1.43855e-06,1.25101e-06,1.0612e-06,8.79439e-07,6.88104e-07
7.39481e-07,9.39421e-07,1.09631e-06,1.32099e-06,1.50812e-06,1.69077e-06,1.82489e-06,1.92361e-06,1.99209e-06,2.04264e-06,2.08548e-06,2.11803e-06,2.03999e-06,1.96423e-06,1.86884e-06,1.74309e-06,1.61787e-06,1.40951e-06,1.22884e-06,1.03893e-06,8.60778e-07,6.74946e-07
7.24801e-07,9.19445e-07,1.07905e-06,1.29799e-06,1.47637e-06,1.65438e-06,1.7847e-06,1.88198e-06,1.95339e-06,1.99922e-06,2.05926e-06,2.07813e-06,2.00939e-06,1.93941e-06,1.83463e-06,1.71026e-06,1.58584e-06,1.38225e-06,1.2079e-06,1.01418e-06,8.42954e-07,6.593e-07
7.06086e-07,9.0356e-07,1.05371e-06,1.26828e-06,1.44771e-06,1.62321e-06,1.75632e-06,1.84644e-06,1.92552e-06,1.96936e-06,2.00638e-06,2.03357e-06,1.95505e-06,1.89896e-06,1.79603e-06,1.67554e-06,1.55584e-06,1.35415e-06,1.18325e-06,9.94826e-07,8.25305e-07,6.47433e-07
6.94202e-07,8.85064e-07,1.0327e-06,1.25092e-06,1.41859e-06,1.59121e-06,1.72018e-06,1.80784e-06,1.88804e-06,1.92704e-06,1.95993e-06,2.00038e-06,1.92149e-06,1.85522e-06,1.7574e-06,1.64391e-06,1.52921e-06,1.32507e-06,1.1583e-06,9.7683e-07,8.07719e-07,6.33515e-07
6.76804e-07,8.66552e-07,1.01239e-06,1.23005e-06,1.38466e-06,1.56262e-06,1.67931e-06,1.78255e-06,1.84391e-06,1.87774e-06,1.93723e-06,1.95488e-06,1.88699e-06,1.81614e-06,1.71926e-06,1.60613e-06,1.49866e-06,1.29688e-06,1.12957e-06,9.57617e-07,7.89441e-07,6.21354e-07
6.63022e-07,8.45912e-07,9.903e-07,1.19542e-06,1.35859e-06,1.52912e-06,1.65031e-06,1.74001e-06,1.80999e-06,1.85214e-06,1.88692e-06,1.92478e-06,1.85132e-06,1.78102e-06,1.68772e-06,1.57482e-06,1.47219e-06,1.27565e-06,1.10945e-06,9.38243e-07,7.68522e-07,6.07094e-07
6.50162e-07,8.28289e-07,9.69407e-07,1.17563e-06,1.3334e-06,1.50674e-06,1.62473e-06,1.7056e-06,1.78111e-06,1.81831e-06,1.85086e-06,1.8807e-06,1.8153e-06,1.75192e-06,1.65961e-06,1.54389e-06,1.43098e-06,1.24631e-06,1.09189e-06,9.20233e-07,7.57575e-07,5.93265e-07
6.34745e-07,8.11968e-07,9.48578e-07,1.15116e-06,1.30541e-06,1.47175e-06,1.58628e-06,1.67326e-06,1.74232e-06,1.78021e-06,1.81745e-06,1.85159e-06,1.77687e-06,1.71421e-06,1.62309e-06,1.51646e-06,1.40768e-06,1.22022e-06,1.0662e-06,9.00721e-07,7.40832e-07,5.81478e-07
6.22628e-07,7.9676e-07,9.26345e-07,1.12247e-06,1.27918e-06,1.44675e-06,1.5544e-06,1.63805e-06,1.71728e-06,1.75453e-06,1.78145e-06,1.8071e-06,1.74259e-06,1.6777e-06,1.59331e-06,1.48967e-06,1.3836e-06,1.19289e-06,1.04719e-06,8.8368e-07,7.2785e-07,5.65926e-07
6.07018e-07,7.8192e-07,9.07655e-07,1.10718e-06,1.25523e-06,1.4115e-06,1.52048e-06,1.60663e-06,1.6748e-06,1.71505e-06,1.74656e-06,1.78022e-06,1.70699e-06,1.64243e-06,1.55894e-06,1.45935e-06,1.35279e-06,1.16978e-06,1.02153e-06,8.65657e-07,7.09279e-07,5.54318e-07
5.95018e-07,7.60815e-07,8.90164e-07,1.08586e-06,1.23336e-06,1.38368e-06,1.49935e-06,1.57854e-06,1.64779e-06,1.67957e-06,1.71306e-06,1.74515e-06,1.68054e-06,1.61386e-06,1.52498e-06,1.43125e-06,1.32011e-06,1.14468e-06,1.00802e-06,8.47159e-07,6.95914e-07,5.45896e-07
5.81887e-07,7.4621e-07,8.71833e-07,1.06131e-06,1.20289e-06,1.3582e-06,1.46304e-06,1.54538e-06,1.61127e-06,1.64466e-06,1.67824e-06,1.7123e-06,1.64077e-06,1.58267e-06,1.4966e-06,1.39901e-06,1.29744e-06,1.12277e-06,9.81895e-07,8.29533e-07,6.7968e-07,5.33795e-07
5.68787e-07,7.28171e-07,8.52864e-07,1.03898e-06,1.18152e-06,1.3236e-06,1.42284e-06,1.51417e-06,1.56972e-06,1.61188e-06,1.64637e-06,1.68158e-06,1.60779e-06,1.55351e-06,1.47102e-06,1.37821e-06,1.27574e-06,1.10202e-06,9.62837e-07,8.0966e-07,6.64445e-07,5.20984e-07
5.56997e-07,7.17317e-07,8.38e-07,1.01523e-06,1.1565e-06,1.30377e-06,1.40596e-06,1.4826e-06,1.5502e-06,1.58638e-06,1.61762e-06,1.64309e-06,1.57279e-06,1.52238e-06,1.43824e-06,1.3462e-06,1.24523e-06,1.07751e-06,9.37792e-07,7.92774e-07,6.52107e-07,5.09777e-07
5.44773e-07,6.9845e-07,8.16751e-07,9.98659e-07,1.1349e-06,1.27544e-06,1.37911e-06,1.45453e-06,1.51947e-06,1.54832e-06,1.58245e-06,1.60778e-06,1.54526e-06,1.49461e-06,1.403e-06,1.31987e-06,1.22104e-06,1.05289e-06,9.29148e-07,7.80624e-07,6.37897e-07,5.01001e-07
5.31876e-07,6.85673e-07,7.99998e-07,9.77925e-07,1.10698e-06,1.25483e-06,1.35167e-06,1.42817e-06,1.49093e-06,1.52907e-06,1.54784e-06,1.58645e-06,1.50903e-06,1.46074e-06,1.38219e-06,1.29201e-06,1.18959e-06,1.03174e-06,9.03309e-07,7.64435e-07,6.23297e-07,4.89734e-07
5.2128e-07,6.70832e-07,7.83048e-07,9.58932e-07,1.08474e-06,1.22484e-06,1.32111e-06,1.39706e-06,1.45682e-06,1.48725e-06,1.51677e-06,1.55027e-06,1.48119e-06,1.42945e-06,1.35148e-06,1.26364e-06,1.16967e-06,1.0106e-06,8.83499e-07,7.47479e-07,6.09766e-07,4.79773e-07
5.10316e-07,6.55875e-07,7.68451e-07,9.3835e-07,1.06184e-06,1.20014e-06,1.29492e-06,1.36855e-06,1.43329e-06,1.45745e-06,1.48106e-06,1.51769e-06,1.45797e-06,1.40007e-06,1.32046e-06,1.23525e-06,1.14626e-06,9.89659e-07,8.66772e-07,7.32282e-07,5.93543e-07,4.68752e-07
4.99404e-07,6.43338e-07,7.51513e-07,9.2066e-07,1.04397e-06,1.17593e-06,1.2723e-06,1.34365e-06,1.41084e-06,1.43091e-06,1.46254e-06,1.47828e-06,1.42189e-06,1.37577e-06,1.28918e-06,1.21376e-06,1.11928e-06,9.6506e-07,8.50869e-07,7.17154e-07,5.8563e-07,4.58562e-07
4.8777e-07,6.26865e-07,7.33993e-07,8.9733e-07,1.0182e-06,1.15012e-06,1.23692e-06,1.3134e-06,1.37163e-06,1.39871e-06,1.42383e-06,1.45789e-06,1.39496e-06,1.34445e-06,1.26821e-06,1.18574e-06,1.10187e-06,9.49061e-07,8.30531e-07,7.01087e-07,5.6913e-07,4.48751e-07
4.77435e-07,6.14442e-07,7.1773e-07,8.79388e-07,9.97495e-07,1.1268e-06,1.21348e-06,1.28532e-06,1.34429e-06,1.37148e-06,1.39614e-06,1.42795e-06,1.36714e-06,1.3164e-06,1.2417e-06,1.16227e-06,1.07441e-06,9.27137e-07,8.11374e-07,6.8634e-07,5.58325e-07,4.38912e-07
4.66872e-07,6.01522e-07,7.03622e-07,8.61628e-07,9.7537e-07,1.10081e-06,1.19512e-06,1.25677e-06,1.31658e-06,1.35035e-06,1.36699e-06,1.40199e-06,1.33378e-06,1.28426e-06,1.21373e-06,1.1412e-06,1.05389e-06,9.07067e-07,7.90851e-07,6.72862e-07,5.44644e-07,4.2961e-07
4.55868e-07,5.88891e-07,6.85786e-07,8.39504e-07,9.5559e-07,1.08121e-06,1.15865e-06,1.23295e-06,1.28819e-06,1.32211e-06,1.33602e-06,1.37146e-06,1.30972e-06,1.26192e-06,1.19291e-06,1.11307e-06,1.03271e-06,8.8923e-07,7.7623e-07,6.57722e-07,5.33494e-07,4.19489e-07
4.47024e-07,5.74722e-07,6.71697e-07,8.26703e-07,9.36638e-07,1.05733e-06,1.13918e-06,1.20559e-06,1.26502e-06,1.28871e-06,1.31328e-06,1.34195e-06,1.28641e-06,1.24008e-06,1.1617e-06,1.09481e-06,1.00516e-06,8.6727e-07,7.63657e-07,6.43128e-07,5.24559e-07,4.10296e-07
4.34821e-07,5.62177e-07,6.57794e-07,8.05715e-07,9.17926e-07,1.0352e-06,1.11415e-06,1.18274e-06,1.23676e-06,1.26577e-06,1.28506e-06,1.31376e-06,1.25331e-06,1.21208e-06,1.14199e-06,1.06812e-06,9.85833e-07,8.50453e-07,7.43928e-07,6.29013e-07,5.09972e-07,4.00897e-07
4.26577e-07,5.51393e-07,6.44061e-07,7.9061e-07,8.95239e-07,1.01401e-06,1.0951e-06,1.15587e-06,1.21427e-06,1.23533e-06,1.2629e-06,1.28409e-06,1.23042e-06,1.1831e-06,1.11959e-06,1.04659e-06,9.67592e-07,8.32534e-07,7.27872e-07,6.14113e-07,5.00912e-07,3.90359e-07
4.16873e-07,5.36754e-07,6.28193e-07,7.72733e-07,8.77466e-07,9.91358e-07,1.06678e-06,1.13151e-06,1.18353e-06,1.20791e-06,1.22354e-06,1.26051e-06,1.20277e-06,1.16043e-06,1.09075e-06,1.02221e-06,9.42885e-07,8.14763e-07,7.11649e-07,6.02905e-07,4.8769e-07,3.84467e-07
4.07353e-07,5.25503e-07,6.14433e-07,7.57787e-07,8.55867e-07,9.70958e-07,1.04024e-06,1.1076e-06,1.15559e-06,1.18187e-06,1.20026e-06,1.23456e-06,1.17532e-06,1.13448e-06,1.06649e-06,1.00025e-06,9.23969e-07,7.97583e-07,6.92282e-07,5.89885e-07,4.78102e-07,3.76395e-07
3.97698e-07,5.13208e-07,6.00852e-07,7.39585e-07,8.39392e-07,9.4989e-07,1.02014e-06,1.08593e-06,1.13376e-06,1.15924e-06,1.17257e-06,1.2087e-06,1.15224e-06,1.11314e-06,1.04814e-06,9.76791e-07,8.98314e-07,7.79893e-07,6.81524e-07,5.76519e-07,4.67064e-07,3.67289e-07
3.9025e-07,5.01794e-07,5.91016e-07,7.22096e-07,8.17471e-07,9.28736e-07,1.00384e-06,1.05861e-06,1.11261e-06,1.13249e-06,1.14024e-06,1.18472e-06,1.1293e-06,1.08368e-06,1.02272e-06,9.51458e-07,8.83542e-07,7.68198e-07,6.64506e-07,5.62474e-07,4.51089e-07,3.58354e-07
3.80141e-07,4.89959e-07,5.73967e-07,7.07428e-07,8.03546e-07,9.07314e-07,9.77254e-07,1.03701e-06,1.0862e-06,1.1086e-06,1.12127e-06,1.15674e-06,1.10296e-06,1.06345e-06,9.99078e-07,9.36889e-07,8.6289e-07,7.45536e-07,6.50617e-07,5.51623e-07,4.45174e-07,3.50895e-07
3.70402e-07,4.78279e-07,5.60148e-07,6.93245e-07,7.8503e-07,8.87543e-07,9.56973e-07,1.01347e-06,1.06013e-06,1.08006e-06,1.10027e-06,1.13259e-06,1.07539e-06,1.03815e-06,9.75687e-07,9.1808e-07,8.49115e-07,7.28355e-07,6.36763e-07,5.40555e-07,4.35419e-07,3.43573e-07
3.62909e-07,4.66015e-07,5.47002e-07,6.74804e-07,7.70304e-07,8.68545e-07,9.34334e-07,9.93767e-07,1.04071e-06,1.06277e-06,1.07493e-06,1.1063e-06,1.05914e-06,1.01561e-06,9.52745e-07,8.9779e-07,8.23204e-07,7.11185e-07,6.2308e-07,5.28656e-07,4.25276e-07,3.34987e-07
3.54194e-07,4.57762e-07,5.35155e-07,6.61192e-07,7.53007e-07,8.47582e-07,9.13207e-07,9.67938e-07,1.01479e-06,1.03886e-06,1.04798e-06,1.08363e-06,1.03003e-06,9.9581e-07,9.35214e-07,8.77474e-07,8.07748e-07,6.98323e-07,6.0837e-07,5.14957e-07,4.16048e-07,3.26967e-07
3.46588e-07,4.46396e-07,5.24082e-07,6.47882e-07,7.35422e-07,8.27974e-07,8.96042e-07,9.49459e-07,9.98192e-07,1.01646e-06,1.02166e-06,1.05912e-06,1.01387e-06,9.7291e-07,9.13019e-07,8.58321e-07,7.87136e-07,6.80095e-07,5.94351e-07,5.04044e-07,4.05697e-07,3.19492e-07
3.39181e-07,4.36229e-07,5.14047e-07,6.33915e-07,7.16879e-07,8.1668e-07,8.76209e-07,9.26731e-07,9.70031e-07,9.86508e-07,1.0057e-06,1.0317e-06,9.86834e-07,9.52324e-07,8.89454e-07,8.33939e-07,7.72131e-07,6.65883e-07,5.78937e-07,4.9418e-07,3.94492e-07,3.10838e-07
3.28826e-07,4.27309e-07,4.97744e-07,6.14881e-07,7.00666e-07,7.91814e-07,8.47863e-07,9.07567e-07,9.50597e-07,9.77179e-07,9.87083e-07,1.01152e-06,9.65065e-07,9.26125e-07,8.76344e-07,8.18799e-07,7.58267e-07,6.50157e-07,5.65741e-07,4.81505e-07,3.87595e-07,3.04601e-07
3.21682e-07,4.17401e-07,4.90155e-07,6.02821e-07,6.83671e-07,7.72579e-07,8.37669e-07,8.88665e-07,9.32125e-07,9.53984e-07,9.63806e-07,9.92049e-07,9.4398e-07,9.05397e-07,8.56542e-07,7.9854e-07,7.34879e-07,6.37575e-07,5.52742e-07,4.6904e-07,3.78709e-07,2.96774e-07
3.14449e-07,4.06837e-07,4.77092e-07,5.89441e-07,6.69232e-07,7.53681e-07,8.15989e-07,8.65732e-07,9.12008e-07,9.30381e-07,9.42164e-07,9.67059e-07,9.24014e-07,8.85808e-07,8.34833e-07,7.83455e-07,7.19302e-07,6.19807e-07,5.4049e-07,4.58672e-07,3.69719e-07,2.89912e-07
3.06471e-07,3.97151e-07,4.66812e-07,5.76567e-07,6.52985e-07,7.36693e-07,7.983e-07,8.46347e-07,8.92011e-07,9.08319e-07,9.20708e-07,9.45765e-07,9.00933e-07,8.64758e-07,8.15263e-07,7.6512e-07,7.03354e-07,6.06213e-07,5.28557e-07,4.48018e-07,3.60899e-07,2.82816e-07
2.99506e-07,3.8767e-07,4.54889e-07,5.62329e-07,6.38588e-07,7.18642e-07,7.78832e-07,8.26302e-07,8.71224e-07,8.88929e-07,8.99637e-07,9.23541e-07,8.82455e-07,8.45395e-07,7.96972e-07,7.48065e-07,6.86166e-07,5.91329e-07,5.15254e-07,4.37474e-07,3.52455e-07,2.76174e-07
2.92139e-07,3.78307e-07,4.44321e-07,5.50444e-07,6.23441e-07,7.02879e-07,7.61831e-07,8.07178e-07,8.54103e-07,8.67052e-07,8.7701e-07,9.0135e-07,8.6737e-07,8.24905e-07,7.7713e-07,7.29857e-07,6.71523e-07,5.78245e-07,5.03694e-07,4.27858e-07,3.41662e-07,2.69894e-07
2.85121e-07,3.69196e-07,4.33485e-07,5.36135e-07,6.08988e-07,6.8478e-07,7.42934e-07,7.8818e-07,8.3176e-07,8.48834e-07,8.58536e-07,8.81439e-07,8.42294e-07,8.06342e-07,7.60423e-07,7.13873e-07,6.54167e-07,5.63857e-07,4.90898e-07,4.17008e-07,3.35831e-07,2.62935e-07
2.7813e-07,3.60212e-07,4.23075e-07,5.23377e-07,5.94566e-07,6.68284e-07,7.25442e-07,7.69601e-07,8.12512e-07,8.29282e-07,8.38514e-07,8.60902e-07,8.22721e-07,7.87312e-07,7.42627e-07,6.97214e-07,6.38583e-07,5.50484e-07,4.79038e-07,4.07043e-07,3.27754e-07,2.56498e-07
2.71272e-07,3.51393e-07,4.12855e-07,5.1084e-07,5.80397e-07,6.52073e-07,7.08258e-07,7.51335e-07,7.93583e-07,8.10061e-07,8.18841e-07,8.40707e-07,8.03487e-07,7.68613e-07,7.25144e-07,6.80848e-07,6.23275e-07,5.3735e-07,4.67394e-07,3.97256e-07,3.19829e-07,2.50179e-07
2.65315e-07,3.42463e-07,4.02555e-07,4.98072e-07,5.67525e-07,6.35168e-07,6.94387e-07,7.33491e-07,7.7272e-07,7.92916e-07,8.00736e-07,8.22081e-07,7.87758e-07,7.46396e-07,7.05972e-07,6.64914e-07,6.07321e-07,5.25649e-07,4.54225e-07,3.87418e-07,3.11592e-07,2.44192e-07
2.56991e-07,3.34625e-07,3.91726e-07,4.86782e-07,5.52153e-07,6.237e-07,6.72731e-07,7.17889e-07,7.54982e-07,7.72557e-07,7.84627e-07,8.0234e-07,7.65518e-07,7.33837e-07,6.95456e-07,6.47615e-07,5.90264e-07,5.12603e-07,4.4532e-07,3.77891e-07,3.06156e-07,2.38168e-07
2.51473e-07,3.25905e-07,3.83315e-07,4.74531e-07,5.3935e-07,6.05122e-07,6.58465e-07,6.9841e-07,7.38682e-07,7.54308e-07,7.6183e-07,7.82131e-07,7.47743e-07,7.14447e-07,6.74539e-07,6.33419e-07,5.78951e-07,4.99354e-07,4.33697e-07,3.68924e-07,2.96938e-07,2.31924e-07
2.4503e-07,3.17135e-07,3.73537e-07,4.63245e-07,5.26257e-07,5.87864e-07,6.43492e-07,6.80321e-07,7.19131e-07,7.34592e-07,7.43964e-07,7.63307e-07,7.28938e-07,6.96e-07,6.5696e-07,6.19582e-07,5.6864e-07,4.85327e-07,4.23183e-07,3.60995e-07,2.89409e-07,2.26579e-07
2.38899e-07,3.09698e-07,3.64525e-07,4.51385e-07,5.13175e-07,5.75199e-07,6.26715e-07,6.64643e-07,7.0361e-07,7.18703e-07,7.25473e-07,7.4472e-07,7.12184e-07,6.79911e-07,6.42286e-07,6.03171e-07,5.50707e-07,4.75156e-07,4.12245e-07,3.50875e-07,2.82391e-07,2.20318e-07
2.32794e-07,3.01822e-07,3.55393e-07,4.40123e-07,5.00434e-07,5.6064e-07,6.11256e-07,6.48205e-07,6.86524e-07,7.01352e-07,7.07773e-07,7.26492e-07,6.94869e-07,6.63102e-07,6.26594e-07,5.88441e-07,5.36964e-07,4.63387e-07,4.01811e-07,3.42095e-07,2.75326e-07,2.14681e-07
2.26328e-07,2.94202e-07,3.44918e-07,4.29372e-07,4.87774e-07,5.48299e-07,5.95161e-07,6.31769e-07,6.68379e-07,6.82514e-07,6.93484e-07,7.08697e-07,6.7719e-07,6.46252e-07,6.11522e-07,5.74663e-07,5.24194e-07,4.52281e-07,3.91245e-07,3.33477e-07,2.69083e-07,2.09515e-07
2.20967e-07,2.87018e-07,3.37306e-07,4.17794e-07,4.75517e-07,5.33744e-07,5.82263e-07,6.1538e-07,6.53535e-07,6.68061e-07,6.7263e-07,6.92989e-07,6.60854e-07,6.31397e-07,5.96946e-07,5.60429e-07,5.09697e-07,4.41507e-07,3.81264e-07,3.24429e-07,2.61725e-07,2.03293e-07
2.14721e-07,2.79049e-07,3.2967e-07,4.04832e-07,4.63014e-07,5.1774e-07,5.63624e-07,6.0136e-07,6.35797e-07,6.52127e-07,6.54199e-07,6.72823e-07,6.45147e-07,6.14187e-07,5.80311e-07,5.41274e-07,5.01794e-07,4.31841e-07,3.71691e-07,3.17689e-07,2.51259e-07,1.99021e-07
2.09666e-07,2.71832e-07,3.21251e-07,3.9725e-07,4.51347e-07,5.05048e-07,5.51569e-07,5.85231e-07,6.21159e-07,6.33811e-07,6.4105e-07,6.55577e-07,6.27372e-07,5.98569e-07,5.67586e-07,5.3179e-07,4.82527e-07,4.18843e-07,3.61335e-07,3.08166e-07,2.4888e-07,1.92905e-07
2.04014e-07,2.6464e-07,3.12262e-07,3.8681e-07,4.40092e-07,4.91769e-07,5.38045e-07,5.7033e-07,6.05455e-07,6.19036e-07,6.23929e-07,6.40016e-07,6.12822e-07,5.83528e-07,5.52286e-07,5.18648e-07,4.71951e-07,4.07717e-07,3.52511e-07,3.00566e-07,2.41982e-07,1.88084e-07
1.98595e-07,2.57629e-07,3.04126e-07,3.76733e-07,4.28676e-07,4.78762e-07,5.24198e-07,5.55598e-07,5.90094e-07,6.03436e-07,6.08063e-07,6.23634e-07,5.97294e-07,5.68481e-07,5.38232e-07,5.05437e-07,4.59666e-07,3.97199e-07,3.43208e-07,2.9272e-07,2.35695e-07,1.83072e-07
1.93286e-07,2.50754e-07,2.96148e-07,3.66845e-07,4.17471e-07,4.66003e-07,5.10603e-07,5.41139e-07,5.75009e-07,5.88111e-07,5.9249e-07,6.0755e-07,5.82046e-07,5.53715e-07,5.2444e-07,4.92465e-07,4.47615e-07,3.86881e-07,3.34084e-07,2.85023e-07,2.29532e-07,1.78162e-07
1.88083e-07,2.44015e-07,2.88326e-07,3.57144e-07,4.06476e-07,4.53488e-07,4.97262e-07,5.26949e-07,5.60198e-07,5.73065e-07,5.77203e-07,5.91751e-07,5.67082e-07,5.39229e-07,5.10902e-07,4.7973e-07,4.35792e-07,3.76759e-07,3.25138e-07,2.77474e-07,2.2349e-07,1.73348e-07
1.83013e-07,2.37895e-07,2.80332e-07,3.47231e-07,3.95574e-07,4.42604e-07,4.85229e-07,5.12235e-07,5.4595e-07,5.58782e-07,5.61538e-07,5.78183e-07,5.52102e-07,5.2599e-07,4.98481e-07,4.67871e-07,4.23684e-07,3.67809e-07,3.16113e-07,2.695e-07,2.1769e-07,1.68209e-07
1.77991e-07,2.30934e-07,2.73138e-07,3.38294e-07,3.851e-07,4.29187e-07,4.71333e-07,4.99369e-07,5.31388e-07,5.43792e-07,5.47479e-07,5.61027e-07,5.37982e-07,5.11076e-07,4.84582e-07,4.54968e-07,4.12829e-07,3.57088e-07,3.07773e-07,2.62806e-07,2.1176e-07,1.64011e-07
1.73878e-07,2.25639e-07,2.656e-07,3.28908e-07,3.75227e-07,4.16903e-07,4.58327e-07,4.84717e-07,5.20416e-07,5.29514e-07,5.32576e-07,5.43985e-07,5.23301e-07,4.98866e-07,4.70612e-07,4.45129e-07,4.01828e-07,3.46087e-07,2.98984e-07,2.55408e-07,2.0782e-07,1.59087e-07
1.68308e-07,2.18373e-07,2.58548e-07,3.20169e-07,3.64535e-07,4.05837e-07,4.46381e-07,4.72834e-07,5.03636e-07,5.15584e-07,5.18869e-07,5.31437e-07,5.09967e-07,4.83994e-07,4.59245e-07,4.31122e-07,3.90752e-07,3.38174e-07,2.91092e-07,2.48705e-07,2.00495e-07,1.5505e-07
1.63616e-07,2.12282e-07,2.51471e-07,3.1137e-07,3.54546e-07,3.94512e-07,4.34265e-07,4.59951e-07,4.9015e-07,5.01875e-07,5.04967e-07,5.1706e-07,4.96358e-07,4.70846e-07,4.46936e-07,4.19536e-07,3.8004e-07,3.28991e-07,2.83004e-07,2.41862e-07,1.95029e-07,1.50707e-07
1.59021e-07,2.06315e-07,2.44537e-07,3.02747e-07,3.44753e-07,3.83417e-07,4.22386e-07,4.4732e-07,4.76922e-07,4.88424e-07,4.91335e-07,5.02963e-07,4.83008e-07,4.57957e-07,4.34867e-07,4.08172e-07,3.69542e-07,3.19991e-07,2.75081e-07,2.35155e-07,1.89677e-07,1.46454e-07
1.54365e-07,2.00359e-07,2.38771e-07,2.93827e-07,3.34249e-07,3.72499e-07,4.10305e-07,4.34393e-07,4.64618e-07,4.74584e-07,4.77024e-07,4.8835e-07,4.71167e-07,4.44639e-07,4.21957e-07,3.94564e-07,3.60811e-07,3.12275e-07,2.6759e-07,2.28931e-07,1.81781e-07,1.42486e-07
1.50121e-07,1.94749e-07,2.31091e-07,2.86015e-07,3.25745e-07,3.61902e-07,3.99325e-07,4.22803e-07,4.51225e-07,4.62287e-07,4.6486e-07,4.7557e-07,4.57078e-07,4.3294e-07,4.11421e-07,3.86096e-07,3.49176e-07,3.02523e-07,2.59721e-07,2.22144e-07,1.79295e-07,1.38216e-07
1.4581e-07,1.89145e-07,2.24574e-07,2.77901e-07,3.16521e-07,3.51477e-07,3.88137e-07,4.1091e-07,4.38751e-07,4.49595e-07,4.52006e-07,4.62276e-07,4.44492e-07,4.20805e-07,4.00038e-07,3.75378e-07,3.39304e-07,2.94049e-07,2.52281e-07,2.15834e-07,1.74263e-07,1.34227e-07
1.41592e-07,1.83659e-07,2.18191e-07,2.69954e-07,3.07485e-07,3.41272e-07,3.77176e-07,3.99257e-07,4.26522e-07,4.37148e-07,4.39409e-07,4.49248e-07,4.32153e-07,4.08915e-07,3.88882e-07,3.64873e-07,3.29635e-07,2.85749e-07,2.44997e-07,2.09654e-07,1.69336e-07,1.30324e-07
1.37465e-07,1.7829e-07,2.11942e-07,2.62172e-07,2.98633e-07,3.31282e-07,3.66435e-07,3.87842e-07,4.14534e-07,4.24945e-07,4.27063e-07,4.36477e-07,4.20059e-07,3.97265e-07,3.77945e-07,3.54575e-07,3.20167e-07,2.77619e-07,2.37867e-07,2.03603e-07,1.64512e-07,1.26504e-07
1.33427e-07,1.73035e-07,2.05824e-07,2.54549e-07,2.89963e-07,3.21504e-07,3.55913e-07,3.7666e-07,4.02787e-07,4.12989e-07,4.14961e-07,4.23965e-07,4.08209e-07,3.85857e-07,3.67224e-07,3.44482e-07,3.10896e-07,2.69653e-07,2.3089e-07,1.97677e-07,1.59787e-07,1.22767e-07
1.29475e-07,1.67893e-07,1.99835e-07,2.47085e-07,2.81469e-07,3.11937e-07,3.45608e-07,3.65708e-07,3.91276e-07,4.01268e-07,4.03101e-07,4.11707e-07,3.96593e-07,3.74683e-07,3.5672e-07,3.34591e-07,3.01822e-07,2.61851e-07,2.24062e-07,1.91875e-07,1.55162e-07,1.19111e-07
1.26106e-07,1.62844e-07,1.94474e-07,2.41159e-07,2.74011e-07,3.0205e-07,3.3773e-07,3.55883e-07,3.82909e-07,3.90556e-07,3.88049e-07,3.99542e-07,3.89013e-07,3.6404e-07,3.45991e-07,3.25944e-07,2.92036e-07,2.53372e-07,2.18053e-07,1.86471e-07,1.50583e-07,1.15371e-07
1.21833e-07,1.57941e-07,1.88237e-07,2.32632e-07,2.65014e-07,2.93421e-07,3.2564e-07,3.44488e-07,3.68956e-07,3.7853e-07,3.80111e-07,3.87942e-07,3.74066e-07,3.53028e-07,3.36345e-07,3.15412e-07,2.8425e-07,2.46738e-07,2.10851e-07,1.80639e-07,1.46208e-07,1.12041e-07
1.18138e-07,1.53129e-07,1.82624e-07,2.25635e-07,2.57047e-07,2.84468e-07,3.15968e-07,3.34213e-07,3.58142e-07,3.67512e-07,3.68965e-07,3.7643e-07,3.63151e-07,3.42544e-07,3.26466e-07,3.06116e-07,2.75746e-07,2.39418e-07,2.04462e-07,1.752e-07,1.41873e-07,1.08624e-07
1.14525e-07,1.48422e-07,1.77132e-07,2.1879e-07,2.49249e-07,2.75712e-07,3.06502e-07,3.24157e-07,3.47553e-07,3.56719e-07,3.58051e-07,3.65162e-07,3.52459e-07,3.3228e-07,3.16792e-07,2.97013e-07,2.67428e-07,2.32255e-07,1.98216e-07,1.69879e-07,1.37632e-07,1.05282e-07
1.10994e-07,1.4382e-07,1.7176e-07,2.12097e-07,2.41621e-07,2.67154e-07,2.97239e-07,3.14318e-07,3.37185e-07,3.46147e-07,3.47368e-07,3.54133e-07,3.41991e-07,3.22236e-07,3.0732e-07,2.88103e-07,2.59292e-07,2.25246e-07,1.92111e-07,1.64676e-07,1.33486e-07,1.02016e-07
1.07544e-07,1.39324e-07,1.66507e-07,2.05551e-07,2.34159e-07,2.58789e-07,2.88176e-07,3.04692e-07,3.27039e-07,3.358e-07,3.3691e-07,3.43342e-07,3.31743e-07,3.1241e-07,2.98046e-07,2.79379e-07,2.51338e-07,2.18389e-07,1.86142e-07,1.59588e-07,1.29429e-07,9.8825e-08
1.04172e-07,1.34929e-07,1.61371e-07,1.99148e-07,2.26861e-07,2.50614e-07,2.7931e-07,2.95276e-07,3.17112e-07,3.25675e-07,3.26671e-07,3.32786e-07,3.21713e-07,3.028e-07,2.88967e-07,2.70841e-07,2.4356e-07,2.11682e-07,1.80309e-07,1.54612e-07,1.25461e-07,9.5707e-08
