1.83959e-05,1.98548e-05,2.12964e-05,2.26111e-05,2.38372e-05,2.48901e-05,2.57936e-05,2.64746e-05,2.69848e-05,2.72507e-05,2.73198e-05,2.71644e-05,2.68378e-05,2.62765e-05,2.55427e-05,2.45957e-05,2.348e-05,2.224e-05,2.09112e-05,1.94736e-05,1.79993e-05,1.65637e-05
1.44737e-05,1.56081e-05,1.66921e-05,1.7725e-05,1.86647e-05,1.94966e-05,2.02014e-05,2.07375e-05,2.11334e-05,2.1363e-05,2.14159e-05,2.12948e-05,2.10358e-05,2.06048e-05,2.0039e-05,1.93004e-05,1.84767e-05,1.75049e-05,1.64776e-05,1.53626e-05,1.42423e-05,1.31596e-05
1.2704e-05,1.3698e-05,1.46836e-05,1.55912e-05,1.64431e-05,1.71835e-05,1.78106e-05,1.8299e-05,1.8662e-05,1.8867e-05,1.89102e-05,1.88245e-05,1.85914e-05,1.82041e-05,1.76871e-05,1.70482e-05,1.62923e-05,1.54294e-05,1.45318e-05,1.35445e-05,1.25403e-05,1.15746e-05
9.15745e-06,9.89438e-06,1.0628e-05,1.13304e-05,1.19862e-05,1.25649e-05,1.30715e-05,1.34584e-05,1.37451e-05,1.39251e-05,1.39735e-05,1.38988e-05,1.3723e-05,1.34257e-05,1.30256e-05,1.25314e-05,1.19608e-05,1.13127e-05,1.06418e-05,9.933e-06,9.20405e-06,8.53536e-06
1.07838e-05,1.17143e-05,1.26404e-05,1.35449e-05,1.43402e-05,1.50474e-05,1.56531e-05,1.61218e-05,1.6475e-05,1.66874e-05,1.67198e-05,1.66307e-05,1.64117e-05,1.60261e-05,1.5541e-05,1.49217e-05,1.42184e-05,1.34025e-05,1.25308e-05,1.16235e-05,1.06849e-05,9.80013e-06
1.03062e-05,1.123e-05,1.21485e-05,1.30141e-05,1.38234e-05,1.45221e-05,1.5108e-05,1.55877e-05,1.59162e-05,1.61279e-05,1.61738e-05,1.6094e-05,1.58699e-05,1.55014e-05,1.49996e-05,1.4406e-05,1.36919e-05,1.28869e-05,1.20337e-05,1.1154e-05,1.02221e-05,9.3297e-06
5.85786e-06,6.26585e-06,6.68026e-06,7.08618e-06,7.4722e-06,7.81336e-06,8.11379e-06,8.3587e-06,8.53607e-06,8.65056e-06,8.68856e-06,8.66399e-06,8.56605e-06,8.39974e-06,8.18309e-06,7.90901e-06,7.59264e-06,7.22621e-06,6.85165e-06,6.47479e-06,6.07752e-06,5.70956e-06
5.93769e-06,6.38822e-06,6.84702e-06,7.29234e-06,7.70953e-06,8.07908e-06,8.40502e-06,8.6705e-06,8.85205e-06,8.97605e-06,9.01646e-06,8.98029e-06,8.86955e-06,8.68742e-06,8.44788e-06,8.14488e-06,7.79302e-06,7.39377e-06,6.97789e-06,6.55547e-06,6.11535e-06,5.70311e-06
5.67343e-06,6.11156e-06,6.55291e-06,6.98117e-06,7.38672e-06,7.74333e-06,8.05241e-06,8.31078e-06,8.48043e-06,8.60157e-06,8.63853e-06,8.60475e-06,8.49871e-06,8.32332e-06,8.0977e-06,7.80597e-06,7.46605e-06,7.08227e-06,6.67911e-06,6.26248e-06,5.84363e-06,5.4412e-06
5.66608e-06,6.13175e-06,6.60054e-06,7.05427e-06,7.47992e-06,7.85437e-06,8.18083e-06,8.4468e-06,8.62937e-06,8.75293e-06,8.79004e-06,8.75078e-06,8.6391e-06,8.44471e-06,8.20514e-06,7.89713e-06,7.53426e-06,7.13129e-06,6.70139e-06,6.25254e-06,5.80874e-06,5.38327e-06
3.98452e-06,4.21009e-06,4.45399e-06,4.69279e-06,4.9241e-06,5.13361e-06,5.32001e-06,5.48141e-06,5.59037e-06,5.67514e-06,5.70947e-06,5.70024e-06,5.64972e-06,5.55744e-06,5.45061e-06,5.29485e-06,5.11891e-06,4.92068e-06,4.71015e-06,4.48641e-06,4.27012e-06,4.07046e-06
4.64759e-06,5.02966e-06,5.41692e-06,5.79218e-06,6.15001e-06,6.47293e-06,6.7465e-06,6.98034e-06,7.14028e-06,7.24755e-06,7.28352e-06,7.251e-06,7.15669e-06,6.99881e-06,6.80098e-06,6.54029e-06,6.24478e-06,5.91339e-06,5.56977e-06,5.19589e-06,4.83702e-06,4.50134e-06
4.05562e-06,4.35823e-06,4.67101e-06,4.9747e-06,5.26839e-06,5.5313e-06,5.75705e-06,5.94748e-06,6.0794e-06,6.17443e-06,6.20547e-06,6.18594e-06,6.11364e-06,5.99094e-06,5.83931e-06,5.62832e-06,5.39404e-06,5.13575e-06,4.8594e-06,4.56245e-06,4.28067e-06,4.01971e-06
3.102e-06,3.24446e-06,3.40539e-06,3.55898e-06,3.71464e-06,3.8575e-06,3.98634e-06,4.10242e-06,4.18015e-06,4.24894e-06,4.2805e-06,4.28148e-06,4.25584e-06,4.20621e-06,4.14966e-06,4.05141e-06,3.94676e-06,3.82826e-06,3.70276e-06,3.55612e-06,3.42127e-06,3.29944e-06
3.64459e-06,3.91346e-06,4.19314e-06,4.46305e-06,4.71767e-06,4.9497e-06,5.15236e-06,5.32086e-06,5.437e-06,5.52299e-06,5.55167e-06,5.53516e-06,5.47426e-06,5.36937e-06,5.23554e-06,5.05175e-06,4.84704e-06,4.62028e-06,4.38038e-06,4.12083e-06,3.8694e-06,3.6391e-06
3.17805e-06,3.38158e-06,3.60152e-06,3.8127e-06,4.02154e-06,4.2081e-06,4.37531e-06,4.51666e-06,4.61543e-06,4.68968e-06,4.71669e-06,4.70772e-06,4.66237e-06,4.58576e-06,4.48127e-06,4.34407e-06,4.18534e-06,4.01186e-06,3.8276e-06,3.62839e-06,3.43475e-06,3.26633e-06
3.12011e-06,3.33428e-06,3.56523e-06,3.78547e-06,4.00199e-06,4.19805e-06,4.37647e-06,4.51886e-06,4.62163e-06,4.69907e-06,4.72916e-06,4.71563e-06,4.66813e-06,4.58045e-06,4.46904e-06,4.32064e-06,4.15268e-06,3.96842e-06,3.77758e-06,3.56819e-06,3.36383e-06,3.19005e-06
2.57481e-06,2.69821e-06,2.83255e-06,2.96116e-06,3.0937e-06,3.21226e-06,3.32725e-06,3.42166e-06,3.49232e-06,3.55043e-06,3.57701e-06,3.58159e-06,3.563e-06,3.52624e-06,3.47283e-06,3.39708e-06,3.30836e-06,3.21121e-06,3.10477e-06,2.99055e-06,2.87433e-06,2.77901e-06
2.78519e-06,2.97162e-06,3.168e-06,3.3566e-06,3.5449e-06,3.71186e-06,3.86543e-06,3.99162e-06,4.08163e-06,4.1501e-06,4.17683e-06,4.16894e-06,4.13438e-06,4.06135e-06,3.96581e-06,3.84408e-06,3.69907e-06,3.54527e-06,3.37878e-06,3.20702e-06,3.03525e-06,2.88564e-06
2.3996e-06,2.52597e-06,2.655e-06,2.78243e-06,2.91279e-06,3.02838e-06,3.14081e-06,3.23322e-06,3.30228e-06,3.3581e-06,3.38207e-06,3.38822e-06,3.36984e-06,3.33191e-06,3.27527e-06,3.20174e-06,3.1115e-06,3.01633e-06,2.90832e-06,2.79891e-06,2.68863e-06,2.59249e-06
2.22285e-06,2.32309e-06,2.43088e-06,2.53519e-06,2.64555e-06,2.74307e-06,2.84095e-06,2.92054e-06,2.98262e-06,3.03337e-06,3.05841e-06,3.06634e-06,3.06338e-06,3.02877e-06,2.98687e-06,2.93015e-06,2.85735e-06,2.78175e-06,2.69452e-06,2.60811e-06,2.51816e-06,2.44089e-06
2.33028e-06,2.47393e-06,2.62287e-06,2.76805e-06,2.91497e-06,3.0459e-06,3.173e-06,3.27289e-06,3.34991e-06,3.40612e-06,3.4309e-06,3.43171e-06,3.40537e-06,3.35548e-06,3.28436e-06,3.19339e-06,3.08464e-06,2.9669e-06,2.84238e-06,2.71696e-06,2.59319e-06,2.47527e-06
2.0636e-06,2.15772e-06,2.25677e-06,2.35486e-06,2.462e-06,2.556e-06,2.65031e-06,2.72662e-06,2.78468e-06,2.83357e-06,2.85843e-06,2.86774e-06,2.87364e-06,2.83059e-06,2.7899e-06,2.73508e-06,2.66534e-06,2.59105e-06,2.50952e-06,2.42904e-06,2.34589e-06,2.27189e-06
2.02604e-06,2.12211e-06,2.22668e-06,2.33136e-06,2.44006e-06,2.53435e-06,2.63517e-06,2.71029e-06,2.77284e-06,2.82004e-06,2.8433e-06,2.85112e-06,2.83922e-06,2.81101e-06,2.76375e-06,2.70651e-06,2.63323e-06,2.55283e-06,2.46629e-06,2.38252e-06,2.29371e-06,2.21813e-06
2.01019e-06,2.11932e-06,2.23264e-06,2.34584e-06,2.46751e-06,2.57313e-06,2.67748e-06,2.76121e-06,2.82633e-06,2.87664e-06,2.89806e-06,2.90424e-06,2.89417e-06,2.8498e-06,2.79744e-06,2.72743e-06,2.64416e-06,2.55256e-06,2.45533e-06,2.36192e-06,2.26645e-06,2.17748e-06
1.87017e-06,1.95511e-06,2.04742e-06,2.14081e-06,2.23891e-06,2.32745e-06,2.41669e-06,2.48679e-06,2.54493e-06,2.58941e-06,2.61086e-06,2.61968e-06,2.61811e-06,2.58779e-06,2.54608e-06,2.49548e-06,2.43029e-06,2.35781e-06,2.28049e-06,2.20656e-06,2.1295e-06,2.05958e-06
1.92663e-06,2.03661e-06,2.15724e-06,2.2725e-06,2.39372e-06,2.50546e-06,2.61108e-06,2.69289e-06,2.76193e-06,2.80875e-06,2.83111e-06,2.83398e-06,2.8216e-06,2.77671e-06,2.71641e-06,2.64755e-06,2.55928e-06,2.4613e-06,2.35853e-06,2.2612e-06,2.1611e-06,2.07137e-06
1.75002e-06,1.8271e-06,1.90938e-06,1.99708e-06,2.08759e-06,2.16989e-06,2.2516e-06,2.31775e-06,2.37231e-06,2.41462e-06,2.43501e-06,2.44547e-06,2.44306e-06,2.41668e-06,2.37951e-06,2.33264e-06,2.27403e-06,2.20806e-06,2.13668e-06,2.0681e-06,1.99698e-06,1.93356e-06
1.74996e-06,1.83948e-06,1.93564e-06,2.03071e-06,2.13225e-06,2.22513e-06,2.31449e-06,2.38534e-06,2.44437e-06,2.48666e-06,2.50776e-06,2.51457e-06,2.50724e-06,2.47435e-06,2.42846e-06,2.37367e-06,2.3036e-06,2.22515e-06,2.14337e-06,2.06418e-06,1.98448e-06,1.91191e-06
1.58227e-06,1.63459e-06,1.69662e-06,1.75821e-06,1.82417e-06,1.88658e-06,1.953e-06,2.00305e-06,2.05077e-06,2.08523e-06,2.10661e-06,2.11901e-06,2.1246e-06,2.11419e-06,2.09024e-06,2.0644e-06,2.02424e-06,1.97667e-06,1.92834e-06,1.88246e-06,1.83035e-06,1.78379e-06
1.59999e-06,1.67271e-06,1.75119e-06,1.82948e-06,1.91473e-06,1.99408e-06,2.0713e-06,2.13308e-06,2.18611e-06,2.22414e-06,2.24506e-06,2.25452e-06,2.25033e-06,2.22736e-06,2.19146e-06,2.14819e-06,2.09175e-06,2.02802e-06,1.96181e-06,1.89804e-06,1.83363e-06,1.77467e-06
1.49953e-06,1.55421e-06,1.61253e-06,1.67294e-06,1.73815e-06,1.80097e-06,1.86406e-06,1.91454e-06,1.95988e-06,1.99393e-06,2.01501e-06,2.0279e-06,2.03064e-06,2.01993e-06,1.99606e-06,1.96806e-06,1.92838e-06,1.88154e-06,1.83371e-06,1.78653e-06,1.73774e-06,1.69161e-06
1.50965e-06,1.57772e-06,1.65118e-06,1.72676e-06,1.80615e-06,1.88238e-06,1.95602e-06,2.01553e-06,2.06606e-06,2.10261e-06,2.12357e-06,2.1329e-06,2.12742e-06,2.10815e-06,2.07304e-06,2.03163e-06,1.97784e-06,1.91731e-06,1.85536e-06,1.79479e-06,1.73422e-06,1.67857e-06
1.44609e-06,1.50658e-06,1.57103e-06,1.63825e-06,1.70959e-06,1.77835e-06,1.84547e-06,1.89973e-06,1.94717e-06,1.98174e-06,2.0026e-06,2.01328e-06,2.01027e-06,1.99572e-06,1.96602e-06,1.93082e-06,1.88421e-06,1.83136e-06,1.77725e-06,1.72388e-06,1.67065e-06,1.62117e-06
1.40122e-06,1.45701e-06,1.51672e-06,1.5798e-06,1.64647e-06,1.71177e-06,1.7749e-06,1.82686e-06,1.87202e-06,1.90613e-06,1.92671e-06,1.93805e-06,1.93569e-06,1.92355e-06,1.89633e-06,1.86349e-06,1.82076e-06,1.77198e-06,1.72159e-06,1.67154e-06,1.62232e-06,1.57641e-06
1.36596e-06,1.42278e-06,1.48049e-06,1.54194e-06,1.6073e-06,1.67193e-06,1.73361e-06,1.7849e-06,1.82996e-06,1.86241e-06,1.88378e-06,1.89502e-06,1.89193e-06,1.88042e-06,1.85289e-06,1.82103e-06,1.77821e-06,1.73025e-06,1.68087e-06,1.63088e-06,1.58303e-06,1.53886e-06
1.31919e-06,1.36969e-06,1.42395e-06,1.48083e-06,1.53998e-06,1.60028e-06,1.65843e-06,1.70637e-06,1.74892e-06,1.78082e-06,1.80201e-06,1.81338e-06,1.81207e-06,1.80254e-06,1.77858e-06,1.75065e-06,1.71166e-06,1.66863e-06,1.62316e-06,1.57889e-06,1.53414e-06,1.49326e-06
1.30446e-06,1.35985e-06,1.41858e-06,1.48007e-06,1.544e-06,1.60833e-06,1.66993e-06,1.72038e-06,1.76443e-06,1.79702e-06,1.81784e-06,1.82767e-06,1.82391e-06,1.81068e-06,1.78338e-06,1.75002e-06,1.70695e-06,1.65909e-06,1.60923e-06,1.56032e-06,1.51209e-06,1.46838e-06
1.2553e-06,1.30281e-06,1.35447e-06,1.40827e-06,1.46435e-06,1.52235e-06,1.57735e-06,1.62313e-06,1.66429e-06,1.69479e-06,1.71598e-06,1.72645e-06,1.72551e-06,1.71699e-06,1.69381e-06,1.6668e-06,1.63035e-06,1.58929e-06,1.54573e-06,1.50277e-06,1.46307e-06,1.42317e-06
1.22315e-06,1.27246e-06,1.32249e-06,1.375e-06,1.4299e-06,1.4876e-06,1.54233e-06,1.58782e-06,1.62805e-06,1.65859e-06,1.67851e-06,1.68951e-06,1.68895e-06,1.67918e-06,1.65658e-06,1.62894e-06,1.59322e-06,1.55259e-06,1.50923e-06,1.46801e-06,1.42692e-06,1.3885e-06
1.18706e-06,1.23095e-06,1.27782e-06,1.32752e-06,1.3795e-06,1.43254e-06,1.48406e-06,1.52738e-06,1.56652e-06,1.5955e-06,1.61663e-06,1.62717e-06,1.62687e-06,1.61908e-06,1.59899e-06,1.57405e-06,1.54074e-06,1.50393e-06,1.46375e-06,1.42419e-06,1.38642e-06,1.35125e-06
1.14811e-06,1.18805e-06,1.23063e-06,1.27676e-06,1.3244e-06,1.37397e-06,1.42182e-06,1.46274e-06,1.50041e-06,1.52833e-06,1.5493e-06,1.56037e-06,1.56132e-06,1.55539e-06,1.53759e-06,1.51541e-06,1.48542e-06,1.45214e-06,1.4152e-06,1.37917e-06,1.34568e-06,1.31273e-06
1.13479e-06,1.17749e-06,1.22483e-06,1.27448e-06,1.3259e-06,1.37855e-06,1.42948e-06,1.47212e-06,1.51098e-06,1.53968e-06,1.56045e-06,1.56952e-06,1.56866e-06,1.5601e-06,1.53873e-06,1.51289e-06,1.47935e-06,1.44243e-06,1.40175e-06,1.36175e-06,1.3248e-06,1.29055e-06
1.10589e-06,1.14859e-06,1.19547e-06,1.24495e-06,1.29647e-06,1.349e-06,1.39875e-06,1.44193e-06,1.48033e-06,1.50854e-06,1.52872e-06,1.53795e-06,1.53647e-06,1.52663e-06,1.50546e-06,1.479e-06,1.44523e-06,1.40857e-06,1.36757e-06,1.32823e-06,1.29176e-06,1.25703e-06
1.06963e-06,1.10948e-06,1.15101e-06,1.19607e-06,1.24325e-06,1.29111e-06,1.33675e-06,1.37717e-06,1.41426e-06,1.44034e-06,1.46067e-06,1.47036e-06,1.47042e-06,1.46342e-06,1.44562e-06,1.42221e-06,1.39197e-06,1.3599e-06,1.32227e-06,1.28718e-06,1.25466e-06,1.22218e-06
1.03195e-06,1.06701e-06,1.1059e-06,1.14794e-06,1.1911e-06,1.23577e-06,1.27856e-06,1.31692e-06,1.35164e-06,1.37728e-06,1.39722e-06,1.40686e-06,1.40834e-06,1.4023e-06,1.38644e-06,1.36566e-06,1.33875e-06,1.30872e-06,1.27492e-06,1.24208e-06,1.21205e-06,1.1825e-06
1.01107e-06,1.04603e-06,1.08559e-06,1.12751e-06,1.17176e-06,1.21665e-06,1.25954e-06,1.29787e-06,1.33264e-06,1.35822e-06,1.37757e-06,1.38668e-06,1.38773e-06,1.38078e-06,1.36406e-06,1.34247e-06,1.31491e-06,1.28444e-06,1.24984e-06,1.21687e-06,1.18687e-06,1.15559e-06
9.7909e-07,1.01427e-06,1.0527e-06,1.09509e-06,1.1373e-06,1.18172e-06,1.22328e-06,1.26133e-06,1.29587e-06,1.32046e-06,1.33933e-06,1.34814e-06,1.34831e-06,1.34132e-06,1.32503e-06,1.30329e-06,1.27615e-06,1.24653e-06,1.2118e-06,1.17904e-06,1.14881e-06,1.11915e-06
9.4724e-07,9.79291e-07,1.01744e-06,1.05674e-06,1.09803e-06,1.13965e-06,1.17966e-06,1.21638e-06,1.24923e-06,1.27306e-06,1.29171e-06,1.30015e-06,1.30087e-06,1.29487e-06,1.27953e-06,1.2593e-06,1.23371e-06,1.20434e-06,1.1719e-06,1.14137e-06,1.11253e-06,1.08622e-06
9.12462e-07,9.40957e-07,9.75721e-07,1.01133e-06,1.04906e-06,1.08731e-06,1.12415e-06,1.15877e-06,1.18985e-06,1.21237e-06,1.23051e-06,1.23937e-06,1.24134e-06,1.23674e-06,1.22354e-06,1.20574e-06,1.18302e-06,1.15699e-06,1.12765e-06,1.10015e-06,1.07413e-06,1.04841e-06
8.84107e-07,9.12448e-07,9.47281e-07,9.82826e-07,1.02082e-06,1.05838e-06,1.09495e-06,1.12915e-06,1.1594e-06,1.18181e-06,1.19948e-06,1.20777e-06,1.20919e-06,1.20421e-06,1.19078e-06,1.17285e-06,1.14972e-06,1.12348e-06,1.09402e-06,1.06652e-06,1.04006e-06,1.01634e-06
8.56645e-07,8.83834e-07,9.17499e-07,9.54341e-07,9.91268e-07,1.02972e-06,1.06533e-06,1.09895e-06,1.12901e-06,1.15075e-06,1.16766e-06,1.17525e-06,1.1764e-06,1.17093e-06,1.15773e-06,1.13891e-06,1.11594e-06,1.08974e-06,1.06047e-06,1.03315e-06,1.00847e-06,9.82214e-07
8.24684e-07,8.48207e-07,8.81835e-07,9.16762e-07,9.50048e-07,9.86511e-07,1.02092e-06,1.05288e-06,1.08055e-06,1.10206e-06,1.11816e-06,1.12618e-06,1.12808e-06,1.12281e-06,1.11005e-06,1.0932e-06,1.07209e-06,1.04826e-06,1.02147e-06,9.94189e-07,9.68752e-07,9.4646e-07
7.91104e-07,8.14852e-07,8.45713e-07,8.77931e-07,9.10921e-07,9.45063e-07,9.77305e-07,1.0084e-06,1.03649e-06,1.05631e-06,1.0721e-06,1.08023e-06,1.08089e-06,1.07664e-06,1.06553e-06,1.04924e-06,1.02925e-06,1.00678e-06,9.79624e-07,9.56007e-07,9.31495e-07,9.09141e-07
7.62492e-07,7.86392e-07,8.1707e-07,8.49122e-07,8.8248e-07,9.16285e-07,9.48281e-07,9.79045e-07,1.00564e-06,1.02538e-06,1.04065e-06,1.04782e-06,1.04892e-06,1.04377e-06,1.03234e-06,1.01571e-06,9.95482e-07,9.72351e-07,9.46097e-07,9.22068e-07,8.97504e-07,8.75122e-07
7.28957e-07,7.5028e-07,7.77072e-07,8.06591e-07,8.37346e-07,8.68785e-07,8.98325e-07,9.27101e-07,9.51962e-07,9.70478e-07,9.85418e-07,9.92919e-07,9.94674e-07,9.9019e-07,9.80672e-07,9.65663e-07,9.47895e-07,9.27283e-07,9.03017e-07,8.81522e-07,8.59212e-07,8.3873e-07
6.98195e-07,7.18505e-07,7.45738e-07,7.73052e-07,8.04228e-07,8.33778e-07,8.61924e-07,8.89937e-07,9.14523e-07,9.31932e-07,9.46157e-07,9.53173e-07,9.54837e-07,9.50651e-07,9.41675e-07,9.27243e-07,9.09377e-07,8.89157e-07,8.65529e-07,8.45663e-07,8.23575e-07,8.0353e-07
6.65341e-07,6.84328e-07,7.10088e-07,7.36484e-07,7.64662e-07,7.92972e-07,8.19572e-07,8.46149e-07,8.68863e-07,8.85907e-07,8.99496e-07,9.06593e-07,9.08282e-07,9.04652e-07,8.96353e-07,8.82973e-07,8.66977e-07,8.47901e-07,8.26192e-07,8.06735e-07,7.85005e-07,7.66391e-07
6.35087e-07,6.53384e-07,6.78367e-07,7.03896e-07,7.30932e-07,7.58251e-07,7.83892e-07,8.09582e-07,8.31261e-07,8.47563e-07,8.60529e-07,8.67143e-07,8.68914e-07,8.65274e-07,8.57345e-07,8.44362e-07,8.28819e-07,8.1041e-07,7.89455e-07,7.70832e-07,7.49426e-07,7.31378e-07
6.0751e-07,6.26422e-07,6.5157e-07,6.779e-07,7.04651e-07,7.31682e-07,7.57522e-07,7.83566e-07,8.05343e-07,8.20659e-07,8.32878e-07,8.39533e-07,8.39878e-07,8.35368e-07,8.26967e-07,8.13441e-07,7.973e-07,7.78763e-07,7.56804e-07,7.38287e-07,7.15847e-07,6.9859e-07
5.78489e-07,5.9779e-07,6.21813e-07,6.47449e-07,6.72907e-07,7.01068e-07,7.24652e-07,7.49781e-07,7.70244e-07,7.84791e-07,7.96349e-07,8.01881e-07,8.03647e-07,7.98679e-07,7.91102e-07,7.7676e-07,7.6124e-07,7.43634e-07,7.2318e-07,7.04197e-07,6.82322e-07,6.63901e-07
5.46192e-07,5.62225e-07,5.84492e-07,6.07003e-07,6.31193e-07,6.55178e-07,6.77721e-07,7.00664e-07,7.19243e-07,7.33343e-07,7.4456e-07,7.50544e-07,7.51825e-07,7.48276e-07,7.41675e-07,7.29972e-07,7.16267e-07,6.99699e-07,6.8123e-07,6.64831e-07,6.44751e-07,6.28841e-07
5.17617e-07,5.33066e-07,5.54624e-07,5.76374e-07,5.99669e-07,6.22888e-07,6.44503e-07,6.66499e-07,6.84258e-07,6.97771e-07,7.08461e-07,7.14095e-07,7.15191e-07,7.1153e-07,7.05249e-07,6.93821e-07,6.80598e-07,6.64572e-07,6.46619e-07,6.30887e-07,6.11105e-07,5.9577e-07
4.92876e-07,5.08625e-07,5.2887e-07,5.51285e-07,5.74636e-07,5.98325e-07,6.19902e-07,6.41843e-07,6.58894e-07,6.71722e-07,6.81967e-07,6.87394e-07,6.87795e-07,6.8324e-07,6.76593e-07,6.64212e-07,6.50873e-07,6.34644e-07,6.16105e-07,6.00248e-07,5.80849e-07,5.65633e-07
4.60637e-07,4.7405e-07,4.93259e-07,5.12351e-07,5.33068e-07,5.53589e-07,5.72652e-07,5.92333e-07,6.07952e-07,6.19982e-07,6.29599e-07,6.34965e-07,6.36175e-07,6.33065e-07,6.28123e-07,6.18125e-07,6.06819e-07,5.92608e-07,5.76789e-07,5.62962e-07,5.44656e-07,5.31032e-07
4.5002e-07,4.63965e-07,4.85276e-07,5.04399e-07,5.26983e-07,5.48411e-07,5.6766e-07,5.87608e-07,6.0376e-07,6.1592e-07,6.25065e-07,6.30135e-07,6.29838e-07,6.26609e-07,6.20667e-07,6.09373e-07,5.96689e-07,5.81987e-07,5.64261e-07,5.50668e-07,5.30995e-07,5.17272e-07
4.09554e-07,4.23385e-07,4.40658e-07,4.58869e-07,4.78627e-07,4.97279e-07,5.15421e-07,5.34001e-07,5.47696e-07,5.58628e-07,5.67107e-07,5.7186e-07,5.73118e-07,5.69438e-07,5.65027e-07,5.5521e-07,5.45073e-07,5.30266e-07,5.15906e-07,5.02445e-07,4.84366e-07,4.7234e-07
3.85607e-07,3.9756e-07,4.14888e-07,4.32101e-07,4.50597e-07,4.69017e-07,4.85746e-07,5.03046e-07,5.16421e-07,5.26704e-07,5.34853e-07,5.3941e-07,5.40114e-07,5.36889e-07,5.32578e-07,5.23218e-07,5.13114e-07,5.00254e-07,4.85626e-07,4.73166e-07,4.55953e-07,4.43642e-07
3.62624e-07,3.72454e-07,3.89137e-07,4.04685e-07,4.2216e-07,4.40024e-07,4.55235e-07,4.7093e-07,4.83868e-07,4.93297e-07,5.00795e-07,5.05551e-07,5.06386e-07,5.03343e-07,4.9991e-07,4.90963e-07,4.81981e-07,4.70042e-07,4.56479e-07,4.45027e-07,4.28999e-07,4.17116e-07
3.3989e-07,3.50706e-07,3.66444e-07,3.81953e-07,3.98773e-07,4.15272e-07,4.30335e-07,4.45926e-07,4.57644e-07,4.66867e-07,4.74176e-07,4.7829e-07,4.78951e-07,4.7589e-07,4.72344e-07,4.63858e-07,4.5487e-07,4.43037e-07,4.2987e-07,4.184e-07,4.0238e-07,3.91098e-07
3.20791e-07,3.31926e-07,3.47881e-07,3.63331e-07,3.80807e-07,3.97272e-07,4.12416e-07,4.27794e-07,4.39173e-07,4.4814e-07,4.55e-07,4.58676e-07,4.59084e-07,4.55283e-07,4.51386e-07,4.42336e-07,4.32987e-07,4.20495e-07,4.07454e-07,3.95384e-07,3.79448e-07,3.6813e-07
3.00163e-07,3.10419e-07,3.25414e-07,3.40011e-07,3.54636e-07,3.7001e-07,3.83917e-07,3.98314e-07,4.09734e-07,4.17397e-07,4.24017e-07,4.27601e-07,4.27411e-07,4.2505e-07,4.21384e-07,4.13466e-07,4.04819e-07,3.94199e-07,3.81191e-07,3.70557e-07,3.5523e-07,3.44635e-07
2.82158e-07,2.91029e-07,3.05152e-07,3.18982e-07,3.34314e-07,3.48444e-07,3.61493e-07,3.75094e-07,3.85199e-07,3.93276e-07,3.99756e-07,4.03571e-07,4.03311e-07,4.00204e-07,3.9682e-07,3.89361e-07,3.81223e-07,3.70852e-07,3.58988e-07,3.48306e-07,3.3378e-07,3.23755e-07
2.65283e-07,2.74851e-07,2.88573e-07,3.02174e-07,3.16866e-07,3.31125e-07,3.44055e-07,3.57177e-07,3.6682e-07,3.74448e-07,3.80318e-07,3.8351e-07,3.83619e-07,3.80586e-07,3.77341e-07,3.69415e-07,3.61606e-07,3.50632e-07,3.39003e-07,3.28254e-07,3.14052e-07,3.04018e-07
2.47635e-07,2.55923e-07,2.68047e-07,2.79995e-07,2.93032e-07,3.05661e-07,3.17167e-07,3.28982e-07,3.37662e-07,3.44729e-07,3.50319e-07,3.53628e-07,3.54202e-07,3.51931e-07,3.49718e-07,3.42966e-07,3.36487e-07,3.26832e-07,3.16509e-07,3.06861e-07,2.93895e-07,2.84815e-07
2.35655e-07,2.44105e-07,2.56399e-07,2.68916e-07,2.82579e-07,2.95158e-07,3.07275e-07,3.18828e-07,3.2757e-07,3.34829e-07,3.40409e-07,3.43329e-07,3.43339e-07,3.40391e-07,3.36619e-07,3.30369e-07,3.22562e-07,3.13247e-07,3.02161e-07,2.91844e-07,2.79103e-07,2.69342e-07
2.20896e-07,2.28792e-07,2.39913e-07,2.51235e-07,2.63323e-07,2.75132e-07,2.85864e-07,2.96694e-07,3.04672e-07,3.11169e-07,3.16253e-07,3.19223e-07,3.19642e-07,3.17427e-07,3.15274e-07,3.08813e-07,3.02677e-07,2.93482e-07,2.83675e-07,2.74266e-07,2.62156e-07,2.53522e-07
2.12987e-07,2.2224e-07,2.34634e-07,2.47468e-07,2.60924e-07,2.7404e-07,2.85919e-07,2.97417e-07,3.0591e-07,3.12532e-07,3.17347e-07,3.19693e-07,3.19234e-07,3.15982e-07,3.1239e-07,3.04532e-07,2.96897e-07,2.86276e-07,2.75083e-07,2.64365e-07,2.51529e-07,2.42052e-07
1.98471e-07,2.05712e-07,2.15692e-07,2.261e-07,2.37067e-07,2.47873e-07,2.57709e-07,2.67518e-07,2.74808e-07,2.80821e-07,2.85474e-07,2.88242e-07,2.88691e-07,2.86781e-07,2.84845e-07,2.78917e-07,2.73337e-07,2.64832e-07,2.5571e-07,2.46784e-07,2.35759e-07,2.27644e-07
1.90944e-07,1.98791e-07,2.09095e-07,2.20035e-07,2.31424e-07,2.42668e-07,2.52849e-07,2.6278e-07,2.70188e-07,2.76177e-07,2.80625e-07,2.83052e-07,2.831e-07,2.80732e-07,2.78152e-07,2.71695e-07,2.65475e-07,2.56432e-07,2.46807e-07,2.37343e-07,2.26204e-07,2.17872e-07
1.81059e-07,1.87869e-07,1.9689e-07,2.06479e-07,2.16641e-07,2.2657e-07,2.35846e-07,2.44821e-07,2.5157e-07,2.57218e-07,2.61528e-07,2.64122e-07,2.64564e-07,2.62836e-07,2.61004e-07,2.55499e-07,2.50274e-07,2.42317e-07,2.33796e-07,2.25094e-07,2.15037e-07,2.07493e-07
1.74837e-07,1.81989e-07,1.91074e-07,2.01036e-07,2.11256e-07,2.21633e-07,2.31176e-07,2.39897e-07,2.46842e-07,2.52493e-07,2.56646e-07,2.58944e-07,2.59193e-07,2.57084e-07,2.54864e-07,2.48956e-07,2.43355e-07,2.35085e-07,2.26173e-07,2.17312e-07,2.07356e-07,1.99699e-07
1.67208e-07,1.73746e-07,1.81817e-07,1.90944e-07,2.002e-07,2.09629e-07,2.18202e-07,2.26497e-07,2.32902e-07,2.38231e-07,2.4227e-07,2.44684e-07,2.45156e-07,2.43652e-07,2.41848e-07,2.36737e-07,2.31715e-07,2.24276e-07,2.16147e-07,2.07889e-07,1.98626e-07,1.91449e-07
1.62405e-07,1.68921e-07,1.76958e-07,1.86193e-07,1.9548e-07,2.05112e-07,2.13595e-07,2.21815e-07,2.28313e-07,2.33604e-07,2.37568e-07,2.39921e-07,2.40071e-07,2.38438e-07,2.36132e-07,2.31033e-07,2.25971e-07,2.18284e-07,2.0994e-07,2.0166e-07,1.92432e-07,1.85323e-07
1.57992e-07,1.64792e-07,1.72919e-07,1.82218e-07,1.91698e-07,2.01253e-07,2.10157e-07,2.18374e-07,2.24868e-07,2.30122e-07,2.33923e-07,2.36007e-07,2.36139e-07,2.34279e-07,2.31966e-07,2.26322e-07,2.20673e-07,2.13225e-07,2.04659e-07,1.96118e-07,1.87017e-07,1.79753e-07
1.52247e-07,1.58515e-07,1.65703e-07,1.74302e-07,1.82767e-07,1.91693e-07,1.99797e-07,2.07479e-07,2.13541e-07,2.18603e-07,2.22323e-07,2.24468e-07,2.24895e-07,2.23418e-07,2.21455e-07,2.16643e-07,2.1159e-07,2.04741e-07,1.96889e-07,1.89086e-07,1.8061e-07,1.73839e-07
1.48988e-07,1.55347e-07,1.62662e-07,1.71284e-07,1.79999e-07,1.89014e-07,1.97296e-07,2.04993e-07,2.11172e-07,2.16193e-07,2.198e-07,2.21801e-07,2.22019e-07,2.20379e-07,2.18013e-07,2.13007e-07,2.07633e-07,2.00558e-07,1.92654e-07,1.84675e-07,1.76209e-07,1.69473e-07
1.44159e-07,1.49985e-07,1.56607e-07,1.64557e-07,1.72491e-07,1.80847e-07,1.88557e-07,1.95751e-07,2.01634e-07,2.06463e-07,2.10015e-07,2.12078e-07,2.12537e-07,2.11248e-07,2.09259e-07,2.04778e-07,1.99914e-07,1.93425e-07,1.8611e-07,1.78652e-07,1.70861e-07,1.6444e-07
1.41066e-07,1.46915e-07,1.53431e-07,1.61276e-07,1.69241e-07,1.7748e-07,1.85248e-07,1.92384e-07,1.98233e-07,2.02998e-07,2.0646e-07,2.08438e-07,2.08813e-07,2.07454e-07,2.05315e-07,2.00787e-07,1.95815e-07,1.89346e-07,1.82067e-07,1.746e-07,1.66987e-07,1.6062e-07
1.37443e-07,1.4304e-07,1.49351e-07,1.56881e-07,1.64463e-07,1.72498e-07,1.79973e-07,1.86868e-07,1.92595e-07,1.9727e-07,2.00671e-07,2.02594e-07,2.03036e-07,2.01789e-07,1.9971e-07,1.95422e-07,1.90576e-07,1.84358e-07,1.77315e-07,1.70123e-07,1.62751e-07,1.5652e-07
1.34495e-07,1.39899e-07,1.46079e-07,1.53505e-07,1.6096e-07,1.68926e-07,1.76289e-07,1.83108e-07,1.88785e-07,1.93373e-07,1.96727e-07,1.98583e-07,1.9897e-07,1.97706e-07,1.95513e-07,1.91294e-07,1.86414e-07,1.80257e-07,1.73297e-07,1.66269e-07,1.5903e-07,1.52931e-07
1.3132e-07,1.36611e-07,1.42493e-07,1.49708e-07,1.56878e-07,1.64659e-07,1.71814e-07,1.78431e-07,1.8401e-07,1.88499e-07,1.91781e-07,1.93612e-07,1.94036e-07,1.92831e-07,1.90631e-07,1.86616e-07,1.81876e-07,1.75907e-07,1.69131e-07,1.62273e-07,1.55271e-07,1.49326e-07
1.28e-07,1.33018e-07,1.38479e-07,1.45145e-07,1.52008e-07,1.59271e-07,1.6616e-07,1.7247e-07,1.77854e-07,1.82228e-07,1.8547e-07,1.87303e-07,1.87855e-07,1.86801e-07,1.84886e-07,1.81081e-07,1.7655e-07,1.70998e-07,1.64583e-07,1.58021e-07,1.5136e-07,1.45692e-07
1.25574e-07,1.30671e-07,1.36286e-07,1.43174e-07,1.50118e-07,1.57627e-07,1.64649e-07,1.71023e-07,1.76483e-07,1.80837e-07,1.84014e-07,1.85725e-07,1.86108e-07,1.84874e-07,1.82703e-07,1.78684e-07,1.73953e-07,1.6816e-07,1.61628e-07,1.55e-07,1.48323e-07,1.42604e-07
1.22901e-07,1.27891e-07,1.33389e-07,1.40147e-07,1.47019e-07,1.544e-07,1.61293e-07,1.6762e-07,1.72998e-07,1.77287e-07,1.80382e-07,1.82054e-07,1.82391e-07,1.81166e-07,1.78947e-07,1.75001e-07,1.70285e-07,1.64584e-07,1.58122e-07,1.51615e-07,1.45055e-07,1.39442e-07
1.20022e-07,1.24925e-07,1.30097e-07,1.36597e-07,1.4323e-07,1.50366e-07,1.57055e-07,1.63181e-07,1.68441e-07,1.72627e-07,1.75663e-07,1.77318e-07,1.7772e-07,1.76552e-07,1.74433e-07,1.70637e-07,1.6609e-07,1.60581e-07,1.54348e-07,1.47968e-07,1.41659e-07,1.36145e-07
1.17412e-07,1.22121e-07,1.27293e-07,1.33583e-07,1.40101e-07,1.47094e-07,1.53696e-07,1.59741e-07,1.64905e-07,1.6902e-07,1.72011e-07,1.73615e-07,1.73995e-07,1.72841e-07,1.70706e-07,1.66977e-07,1.62452e-07,1.5701e-07,1.50893e-07,1.44656e-07,1.38506e-07,1.33083e-07
1.14651e-07,1.19218e-07,1.24101e-07,1.3018e-07,1.36404e-07,1.4317e-07,1.49549e-07,1.55392e-07,1.60433e-07,1.64443e-07,1.6737e-07,1.68976e-07,1.69385e-07,1.68313e-07,1.6629e-07,1.62716e-07,1.58397e-07,1.53148e-07,1.47234e-07,1.41208e-07,1.35242e-07,1.29955e-07
1.12274e-07,1.16801e-07,1.21634e-07,1.27622e-07,1.33838e-07,1.40531e-07,1.46878e-07,1.52679e-07,1.5766e-07,1.61618e-07,1.64509e-07,1.66042e-07,1.66402e-07,1.65288e-07,1.63209e-07,1.59617e-07,1.55245e-07,1.50006e-07,1.44155e-07,1.38168e-07,1.32284e-07,1.27085e-07
1.09494e-07,1.13821e-07,1.18438e-07,1.24176e-07,1.30105e-07,1.36576e-07,1.42712e-07,1.4832e-07,1.53175e-07,1.57037e-07,1.59866e-07,1.61409e-07,1.61808e-07,1.6078e-07,1.58822e-07,1.55399e-07,1.51212e-07,1.46175e-07,1.40548e-07,1.34761e-07,1.2916e-07,1.24009e-07
1.07049e-07,1.1125e-07,1.15557e-07,1.21101e-07,1.26881e-07,1.3315e-07,1.39092e-07,1.44552e-07,1.4929e-07,1.5307e-07,1.55852e-07,1.57356e-07,1.57799e-07,1.56809e-07,1.54933e-07,1.51632e-07,1.47565e-07,1.42664e-07,1.37224e-07,1.3158e-07,1.26075e-07,1.21169e-07
1.04676e-07,1.08886e-07,1.13275e-07,1.18761e-07,1.24473e-07,1.30734e-07,1.36676e-07,1.42083e-07,1.46773e-07,1.50492e-07,1.53234e-07,1.54687e-07,1.55052e-07,1.54022e-07,1.52081e-07,1.48753e-07,1.44677e-07,1.39785e-07,1.34327e-07,1.28782e-07,1.23304e-07,1.18389e-07
1.02237e-07,1.06214e-07,1.10361e-07,1.15544e-07,1.21092e-07,1.27093e-07,1.3279e-07,1.38012e-07,1.42563e-07,1.46191e-07,1.48893e-07,1.50325e-07,1.50751e-07,1.49814e-07,1.48002e-07,1.44848e-07,1.40929e-07,1.36209e-07,1.30971e-07,1.25663e-07,1.20422e-07,1.15622e-07
1.00014e-07,1.03947e-07,1.08149e-07,1.13288e-07,1.18737e-07,1.24694e-07,1.30379e-07,1.35567e-07,1.4005e-07,1.43628e-07,1.46266e-07,1.47657e-07,1.48027e-07,1.47037e-07,1.45194e-07,1.42013e-07,1.38115e-07,1.33435e-07,1.2821e-07,1.2287e-07,1.17663e-07,1.12926e-07
9.81317e-08,1.02164e-07,1.06442e-07,1.11744e-07,1.17355e-07,1.23415e-07,1.29198e-07,1.34436e-07,1.38951e-07,1.42485e-07,1.45084e-07,1.46381e-07,1.4661e-07,1.45491e-07,1.43472e-07,1.40144e-07,1.36072e-07,1.31223e-07,1.25901e-07,1.20521e-07,1.15265e-07,1.10502e-07
9.54312e-08,9.91704e-08,1.03154e-07,1.08065e-07,1.13287e-07,1.18957e-07,1.24403e-07,1.29377e-07,1.33676e-07,1.37098e-07,1.39638e-07,1.40961e-07,1.41337e-07,1.40397e-07,1.38601e-07,1.35579e-07,1.31818e-07,1.27268e-07,1.22289e-07,1.17206e-07,1.12256e-07,1.07681e-07
9.31623e-08,9.66284e-08,1.00263e-07,1.04872e-07,1.09727e-07,1.15107e-07,1.20271e-07,1.25053e-07,1.29158e-07,1.32471e-07,1.34942e-07,1.36339e-07,1.36731e-07,1.35989e-07,1.34381e-07,1.31555e-07,1.28094e-07,1.23818e-07,1.19124e-07,1.14278e-07,1.0956e-07,1.05158e-07
9.10623e-08,9.45966e-08,9.81292e-08,1.02699e-07,1.07496e-07,1.12851e-07,1.1796e-07,1.22704e-07,1.26768e-07,1.3002e-07,1.32434e-07,1.33788e-07,1.34136e-07,1.33355e-07,1.31725e-07,1.28884e-07,1.25433e-07,1.21182e-07,1.16518e-07,1.11725e-07,1.0701e-07,1.02686e-07
8.89601e-08,9.22702e-08,9.58922e-08,1.00316e-07,1.05025e-07,1.10286e-07,1.15296e-07,1.19955e-07,1.23926e-07,1.27139e-07,1.29511e-07,1.308e-07,1.31141e-07,1.30372e-07,1.28765e-07,1.25956e-07,1.22556e-07,1.18361e-07,1.13779e-07,1.0908e-07,1.04502e-07,1.00233e-07
8.64849e-08,8.98495e-08,9.33128e-08,9.7619e-08,1.02284e-07,1.07385e-07,1.12314e-07,1.16812e-07,1.20726e-07,1.23844e-07,1.26207e-07,1.27438e-07,1.27817e-07,1.27019e-07,1.25449e-07,1.22744e-07,1.19358e-07,1.15245e-07,1.10708e-07,1.06116e-07,1.01621e-07,9.74894e-08
8.43894e-08,8.7617e-08,9.10282e-08,9.52563e-08,9.98057e-08,1.04807e-07,1.09638e-07,1.14033e-07,1.17856e-07,1.20906e-07,1.23231e-07,1.24415e-07,1.2479e-07,1.23999e-07,1.22465e-07,1.19813e-07,1.16497e-07,1.12444e-07,1.08058e-07,1.03536e-07,9.91097e-08,9.50162e-08
8.25653e-08,8.58656e-08,8.93555e-08,9.36109e-08,9.82605e-08,1.03324e-07,1.08206e-07,1.12536e-07,1.16397e-07,1.19402e-07,1.21739e-07,1.22802e-07,1.23144e-07,1.22223e-07,1.20606e-07,1.17882e-07,1.14354e-07,1.10282e-07,1.05813e-07,1.01359e-07,9.68572e-08,9.27967e-08
8.02539e-08,8.33051e-08,8.65681e-08,9.0589e-08,9.49133e-08,9.96846e-08,1.0428e-07,1.08488e-07,1.12135e-07,1.15051e-07,1.17274e-07,1.18403e-07,1.18772e-07,1.18017e-07,1.16562e-07,1.14041e-07,1.10865e-07,1.06981e-07,1.02772e-07,9.84489e-08,9.41896e-08,9.02646e-08
7.82659e-08,8.13872e-08,8.4628e-08,8.85451e-08,9.28685e-08,9.758e-08,1.02156e-07,1.06307e-07,1.09886e-07,1.12701e-07,1.14928e-07,1.16025e-07,1.16351e-07,1.15563e-07,1.14117e-07,1.11602e-07,1.08392e-07,1.04557e-07,1.00405e-07,9.60817e-08,9.18563e-08,8.79805e-08
7.63582e-08,7.92836e-08,8.25374e-08,8.63561e-08,9.05483e-08,9.51967e-08,9.96433e-08,1.03741e-07,1.07238e-07,1.10006e-07,1.12176e-07,1.13237e-07,1.1355e-07,1.12766e-07,1.11372e-07,1.08884e-07,1.05706e-07,1.01941e-07,9.78699e-08,9.36303e-08,8.95485e-08,8.57117e-08
7.42926e-08,7.71986e-08,8.02955e-08,8.40839e-08,8.81742e-08,9.26757e-08,9.70286e-08,1.00962e-07,1.0439e-07,1.07094e-07,1.09203e-07,1.10223e-07,1.10539e-07,1.09811e-07,1.08408e-07,1.06015e-07,1.02991e-07,9.92711e-08,9.52786e-08,9.11827e-08,8.71476e-08,8.34075e-08
7.2322e-08,7.5141e-08,7.81366e-08,8.17639e-08,8.57429e-08,9.0133e-08,9.43518e-08,9.80854e-08,1.01467e-07,1.04103e-07,1.06238e-07,1.07168e-07,1.07576e-07,1.06824e-07,1.05506e-07,1.0322e-07,1.00142e-07,9.65866e-08,9.26971e-08,8.88129e-08,8.48174e-08,8.11971e-08
7.0331e-08,7.3026e-08,7.59542e-08,7.95054e-08,8.33285e-08,8.7576e-08,9.16661e-08,9.5387e-08,9.86369e-08,1.01177e-07,1.032e-07,1.04203e-07,1.04543e-07,1.0387e-07,1.02603e-07,1.00353e-07,9.75122e-08,9.4026e-08,9.02102e-08,8.63479e-08,8.24851e-08,7.89212e-08
6.84033e-08,7.10045e-08,7.38738e-08,7.73187e-08,8.10388e-08,8.51687e-08,8.91588e-08,9.27696e-08,9.59233e-08,9.84227e-08,1.00396e-07,1.01358e-07,1.017e-07,1.01052e-07,9.98238e-08,9.76433e-08,9.48791e-08,9.14679e-08,8.77866e-08,8.39797e-08,8.02132e-08,7.67093e-08
6.65468e-08,6.91816e-08,7.19867e-08,7.53852e-08,7.90492e-08,8.31175e-08,8.705e-08,9.05861e-08,9.36669e-08,9.61074e-08,9.80307e-08,9.89647e-08,9.92964e-08,9.86357e-08,9.74109e-08,9.52476e-08,9.25338e-08,8.91805e-08,8.55414e-08,8.17907e-08,7.80222e-08,7.45943e-08
6.47734e-08,6.72068e-08,7.01126e-08,7.32963e-08,7.69115e-08,8.08342e-08,8.46638e-08,8.81221e-08,9.11237e-08,9.35076e-08,9.53951e-08,9.62947e-08,9.66209e-08,9.59893e-08,9.48006e-08,9.27161e-08,9.00296e-08,8.67506e-08,8.32553e-08,7.95167e-08,7.59244e-08,7.25489e-08
6.31458e-08,6.56709e-08,6.85095e-08,7.18804e-08,7.54856e-08,7.948e-08,8.33207e-08,8.66475e-08,8.96851e-08,9.20654e-08,9.39395e-08,9.46826e-08,9.50559e-08,9.43055e-08,9.30625e-08,9.0937e-08,8.82179e-08,8.4896e-08,8.12165e-08,7.7675e-08,7.39456e-08,7.06554e-08
6.11771e-08,6.3579e-08,6.61656e-08,6.93797e-08,7.27193e-08,7.64945e-08,8.01365e-08,8.34222e-08,8.62939e-08,8.85523e-08,9.03036e-08,9.11718e-08,9.14828e-08,9.08806e-08,8.9742e-08,8.77696e-08,8.53487e-08,8.21584e-08,7.86819e-08,7.5158e-08,7.16591e-08,6.8449e-08
5.93935e-08,6.16797e-08,6.42835e-08,6.73665e-08,7.06684e-08,7.43247e-08,7.78851e-08,8.10807e-08,8.38427e-08,8.60428e-08,8.7777e-08,8.86456e-08,8.89454e-08,8.83575e-08,8.72765e-08,8.53187e-08,8.28716e-08,7.97851e-08,7.65097e-08,7.30352e-08,6.96107e-08,6.63888e-08
5.76264e-08,5.9841e-08,6.23722e-08,6.53497e-08,6.8532e-08,7.20685e-08,7.55293e-08,7.86002e-08,8.12725e-08,8.34063e-08,8.51056e-08,8.59531e-08,8.62508e-08,8.57097e-08,8.46794e-08,8.28178e-08,8.04492e-08,7.74609e-08,7.42738e-08,7.09001e-08,6.75545e-08,6.43955e-08
5.60173e-08,5.82096e-08,6.07425e-08,6.37224e-08,6.68915e-08,7.03835e-08,7.37398e-08,7.67901e-08,7.94355e-08,8.15172e-08,8.31804e-08,8.39669e-08,8.42606e-08,8.36796e-08,8.26546e-08,8.08117e-08,7.84144e-08,7.54631e-08,7.22896e-08,6.8954e-08,6.56219e-08,6.2549e-08
5.45121e-08,5.66351e-08,5.92794e-08,6.21944e-08,6.53672e-08,6.8857e-08,7.22061e-08,7.52232e-08,7.78287e-08,7.98753e-08,8.15005e-08,8.22275e-08,8.24758e-08,8.18682e-08,8.08032e-08,7.89313e-08,7.65178e-08,7.35753e-08,7.04244e-08,6.70723e-08,6.37997e-08,6.07195e-08
5.27753e-08,5.48527e-08,5.73695e-08,6.02513e-08,6.32786e-08,6.66556e-08,6.98693e-08,7.27487e-08,7.52738e-08,7.72566e-08,7.88691e-08,7.95489e-08,7.98371e-08,7.92601e-08,7.82824e-08,7.64928e-08,7.42052e-08,7.13392e-08,6.82618e-08,6.50679e-08,6.17867e-08,5.88454e-08
5.12631e-08,5.33461e-08,5.58579e-08,5.87513e-08,6.18285e-08,6.51809e-08,6.8416e-08,7.12934e-08,7.37911e-08,7.57328e-08,7.72889e-08,7.79606e-08,7.81711e-08,7.75612e-08,7.65123e-08,7.46964e-08,7.23673e-08,6.94998e-08,6.6452e-08,6.32056e-08,6.00006e-08,5.7032e-08
4.95275e-08,5.14617e-08,5.38074e-08,5.65036e-08,5.93594e-08,6.24865e-08,6.55229e-08,6.8228e-08,7.05923e-08,7.24507e-08,7.39577e-08,7.46695e-08,7.49311e-08,7.44317e-08,7.35253e-08,7.18743e-08,6.9728e-08,6.70493e-08,6.41618e-08,6.11007e-08,5.80271e-08,5.51701e-08
4.81049e-08,5.00183e-08,5.23946e-08,5.50958e-08,5.79759e-08,6.10785e-08,6.41121e-08,6.67906e-08,6.91295e-08,7.09518e-08,7.24243e-08,7.30853e-08,7.33077e-08,7.27746e-08,7.18416e-08,7.01329e-08,6.79976e-08,6.5332e-08,6.24711e-08,5.9382e-08,5.63327e-08,5.34741e-08
4.65033e-08,4.83342e-08,5.06061e-08,5.31801e-08,5.59134e-08,5.88874e-08,6.17698e-08,6.43262e-08,6.65653e-08,6.83228e-08,6.97587e-08,7.04148e-08,7.06713e-08,7.01849e-08,6.93332e-08,6.77669e-08,6.57204e-08,6.31666e-08,6.04153e-08,5.74566e-08,5.44988e-08,5.1727e-08
4.51004e-08,4.6901e-08,4.91603e-08,5.17278e-08,5.44438e-08,5.73757e-08,6.02099e-08,6.2733e-08,6.49326e-08,6.66501e-08,6.80554e-08,6.86724e-08,6.89067e-08,6.84103e-08,6.75414e-08,6.59846e-08,6.39472e-08,6.14207e-08,5.87135e-08,5.57634e-08,5.28425e-08,5.01077e-08
4.41608e-08,4.59022e-08,4.81131e-08,5.07047e-08,5.33457e-08,5.62399e-08,5.90179e-08,6.15912e-08,6.37188e-08,6.5412e-08,6.66978e-08,6.73902e-08,6.75063e-08,6.70776e-08,6.61732e-08,6.45727e-08,6.26284e-08,6.01209e-08,5.74651e-08,5.45292e-08,5.16987e-08,4.89524e-08
4.22679e-08,4.39494e-08,4.61018e-08,4.85275e-08,5.10916e-08,5.38292e-08,5.64942e-08,5.88515e-08,6.09166e-08,6.25312e-08,6.38665e-08,6.44516e-08,6.4692e-08,6.4236e-08,6.34437e-08,6.19972e-08,6.00908e-08,5.77004e-08,5.51528e-08,5.23282e-08,4.95328e-08,4.69087e-08
4.10179e-08,4.26957e-08,4.48646e-08,4.73198e-08,4.98889e-08,5.26206e-08,5.5282e-08,5.76307e-08,5.96753e-08,6.12585e-08,6.25479e-08,6.31092e-08,6.33043e-08,6.28234e-08,6.19869e-08,6.05234e-08,5.85884e-08,5.61934e-08,5.36266e-08,5.08301e-08,4.80165e-08,4.54306e-08
3.96515e-08,4.12845e-08,4.33708e-08,4.57299e-08,4.82304e-08,5.08215e-08,5.33782e-08,5.56242e-08,5.75883e-08,5.91295e-08,6.03865e-08,6.09182e-08,6.11403e-08,6.07076e-08,5.992e-08,5.85256e-08,5.6691e-08,5.43682e-08,5.19488e-08,4.91812e-08,4.64617e-08,4.39247e-08
3.84701e-08,4.01269e-08,4.22409e-08,4.46127e-08,4.71129e-08,4.9732e-08,5.22891e-08,5.45279e-08,5.64744e-08,5.79787e-08,5.91874e-08,5.97114e-08,5.98816e-08,5.94075e-08,5.85954e-08,5.71587e-08,5.52996e-08,5.2984e-08,5.04998e-08,4.77747e-08,4.50612e-08,4.25207e-08
3.73017e-08,3.88854e-08,4.10032e-08,4.33851e-08,4.58538e-08,4.84477e-08,5.09252e-08,5.31341e-08,5.50525e-08,5.65205e-08,5.76994e-08,5.8196e-08,5.83525e-08,5.78606e-08,5.70409e-08,5.56487e-08,5.37776e-08,5.14956e-08,4.9052e-08,4.63503e-08,4.36626e-08,4.11481e-08
3.6028e-08,3.75683e-08,3.95796e-08,4.18448e-08,4.42027e-08,4.66568e-08,4.90567e-08,5.11585e-08,5.29735e-08,5.44094e-08,5.55445e-08,5.60432e-08,5.62037e-08,5.57824e-08,5.50175e-08,5.36734e-08,5.19486e-08,4.97783e-08,4.74364e-08,4.48177e-08,4.22248e-08,3.97659e-08
3.49497e-08,3.64801e-08,3.85195e-08,4.08036e-08,4.31687e-08,4.56416e-08,4.80456e-08,5.01209e-08,5.1928e-08,5.33242e-08,5.44419e-08,5.49161e-08,5.50326e-08,5.4577e-08,5.37837e-08,5.24289e-08,5.06524e-08,4.84821e-08,4.61117e-08,4.35152e-08,4.09249e-08,3.84887e-08
3.37323e-08,3.51987e-08,3.71309e-08,3.92857e-08,4.15301e-08,4.38568e-08,4.61209e-08,4.8106e-08,4.98322e-08,5.11723e-08,5.22493e-08,5.27342e-08,5.2895e-08,5.24897e-08,5.17805e-08,5.05206e-08,4.88602e-08,4.67972e-08,4.45506e-08,4.20414e-08,3.95527e-08,3.71833e-08
3.26787e-08,3.40855e-08,3.59965e-08,3.81294e-08,4.03475e-08,4.26232e-08,4.4847e-08,4.67938e-08,4.84828e-08,4.97904e-08,5.08486e-08,5.13084e-08,5.1453e-08,5.10485e-08,5.03378e-08,4.90913e-08,4.74512e-08,4.54241e-08,4.32201e-08,4.0752e-08,3.82829e-08,3.59542e-08
3.16583e-08,3.30557e-08,3.49291e-08,3.70344e-08,3.92332e-08,4.14554e-08,4.3638e-08,4.55404e-08,4.71957e-08,4.84717e-08,4.94968e-08,4.994e-08,5.00752e-08,4.96716e-08,4.89663e-08,4.77363e-08,4.61244e-08,4.41287e-08,4.19609e-08,3.95206e-08,3.70908e-08,3.47869e-08
3.06128e-08,3.19265e-08,3.37208e-08,3.57308e-08,3.78322e-08,3.99653e-08,4.20456e-08,4.38626e-08,4.54512e-08,4.66828e-08,4.768e-08,4.81216e-08,4.82789e-08,4.7917e-08,4.72765e-08,4.6113e-08,4.45824e-08,4.26814e-08,4.0592e-08,3.82276e-08,3.58806e-08,3.36263e-08
2.97366e-08,3.10569e-08,3.28418e-08,3.48809e-08,3.6994e-08,3.91244e-08,4.12139e-08,4.30204e-08,4.45995e-08,4.5812e-08,4.67732e-08,4.71954e-08,4.732e-08,4.69333e-08,4.6245e-08,4.50643e-08,4.35149e-08,4.15904e-08,3.951e-08,3.71572e-08,3.48244e-08,3.25653e-08
2.87677e-08,3.00306e-08,3.17522e-08,3.37245e-08,3.57653e-08,3.77857e-08,3.97828e-08,4.15173e-08,4.30347e-08,4.42087e-08,4.51514e-08,4.55632e-08,4.57047e-08,4.53608e-08,4.47023e-08,4.3597e-08,4.21269e-08,4.02804e-08,3.82662e-08,3.59858e-08,3.36861e-08,3.15296e-08
2.78999e-08,2.91566e-08,3.08813e-08,3.28137e-08,3.48425e-08,3.68597e-08,3.88379e-08,4.05563e-08,4.2052e-08,4.3206e-08,4.41213e-08,4.45209e-08,4.46326e-08,4.42665e-08,4.36119e-08,4.249e-08,4.10134e-08,3.91935e-08,3.71954e-08,3.494e-08,3.26665e-08,3.05066e-08
2.70426e-08,2.8241e-08,2.99027e-08,3.17965e-08,3.37506e-08,3.56861e-08,3.76041e-08,3.92672e-08,4.07081e-08,4.184e-08,4.27172e-08,4.31132e-08,4.32279e-08,4.29008e-08,4.2272e-08,4.11725e-08,3.97707e-08,3.80148e-08,3.60909e-08,3.38739e-08,3.16736e-08,2.9535e-08
2.62424e-08,2.74078e-08,2.90513e-08,3.09064e-08,3.28433e-08,3.47368e-08,3.66055e-08,3.82232e-08,3.9641e-08,4.07336e-08,4.15958e-08,4.19873e-08,4.20934e-08,4.17623e-08,4.11425e-08,4.00813e-08,3.86868e-08,3.69644e-08,3.50615e-08,3.28826e-08,3.07107e-08,2.86212e-08
2.54807e-08,2.66373e-08,2.82613e-08,3.00971e-08,3.19825e-08,3.38669e-08,3.57032e-08,3.73013e-08,3.86888e-08,3.97608e-08,4.05967e-08,4.09761e-08,4.10705e-08,4.07362e-08,4.01177e-08,3.90671e-08,3.7681e-08,3.59962e-08,3.41091e-08,3.19677e-08,2.98237e-08,2.77614e-08
2.47818e-08,2.59199e-08,2.75214e-08,2.93356e-08,3.12079e-08,3.30379e-08,3.48493e-08,3.64145e-08,3.77755e-08,3.88231e-08,3.96366e-08,4.00025e-08,4.00905e-08,3.97579e-08,3.91413e-08,3.80954e-08,3.67397e-08,3.50585e-08,3.32118e-08,3.10928e-08,2.898e-08,2.69371e-08
2.41118e-08,2.52566e-08,2.68486e-08,2.86532e-08,3.05322e-08,3.23405e-08,3.41351e-08,3.56849e-08,3.70276e-08,3.80585e-08,3.88502e-08,3.92051e-08,3.92686e-08,3.89265e-08,3.82925e-08,3.72447e-08,3.5887e-08,3.4224e-08,3.23767e-08,3.02802e-08,2.8178e-08,2.61797e-08
2.34662e-08,2.4592e-08,2.61379e-08,2.79263e-08,2.97628e-08,3.15456e-08,3.33126e-08,3.48237e-08,3.61404e-08,3.71515e-08,3.79162e-08,3.82664e-08,3.83215e-08,3.79855e-08,3.73459e-08,3.632e-08,3.49863e-08,3.33368e-08,3.15355e-08,2.947e-08,2.74161e-08,2.54062e-08
2.28373e-08,2.39482e-08,2.55006e-08,2.72638e-08,2.90833e-08,3.08486e-08,3.25876e-08,3.40928e-08,3.53878e-08,3.63828e-08,3.71272e-08,3.74634e-08,3.75063e-08,3.71637e-08,3.65267e-08,3.54891e-08,3.41616e-08,3.25409e-08,3.07475e-08,2.87009e-08,2.66905e-08,2.46974e-08
2.21858e-08,2.32457e-08,2.47178e-08,2.64124e-08,2.81562e-08,2.98509e-08,3.15182e-08,3.29676e-08,3.42187e-08,3.51832e-08,3.59102e-08,3.62585e-08,3.63077e-08,3.59942e-08,3.53982e-08,3.4413e-08,3.31364e-08,3.159e-08,2.98512e-08,2.78853e-08,2.5909e-08,2.39781e-08
2.15979e-08,2.2655e-08,2.40933e-08,2.57628e-08,2.74832e-08,2.91353e-08,3.07716e-08,3.21931e-08,3.34196e-08,3.43684e-08,3.50766e-08,3.54023e-08,3.54631e-08,3.51524e-08,3.45627e-08,3.3594e-08,3.23423e-08,3.0833e-08,2.91175e-08,2.717e-08,2.52363e-08,2.3339e-08
2.10622e-08,2.20588e-08,2.34561e-08,2.50799e-08,2.67583e-08,2.83642e-08,2.99599e-08,3.13445e-08,3.25464e-08,3.34729e-08,3.41634e-08,3.45056e-08,3.45449e-08,3.42535e-08,3.3675e-08,3.27296e-08,3.15001e-08,3.00246e-08,2.83579e-08,2.64687e-08,2.45566e-08,2.26851e-08
2.05299e-08,2.14842e-08,2.28615e-08,2.44414e-08,2.60794e-08,2.76598e-08,2.92195e-08,3.057e-08,3.17429e-08,3.26493e-08,3.33214e-08,3.36521e-08,3.36969e-08,3.34138e-08,3.2848e-08,3.19214e-08,3.07254e-08,2.92789e-08,2.76457e-08,2.57786e-08,2.3915e-08,2.20842e-08
2.00273e-08,2.09708e-08,2.23058e-08,2.38454e-08,2.54524e-08,2.69847e-08,2.85186e-08,2.98434e-08,3.09897e-08,3.18759e-08,3.25329e-08,3.28576e-08,3.29046e-08,3.26327e-08,3.20771e-08,3.11631e-08,3.00029e-08,2.85823e-08,2.69791e-08,2.51511e-08,2.33351e-08,2.15215e-08
1.95902e-08,2.05061e-08,2.1822e-08,2.33474e-08,2.49163e-08,2.64507e-08,2.7969e-08,2.92684e-08,3.04029e-08,3.12744e-08,3.1915e-08,3.22329e-08,3.22682e-08,3.19917e-08,3.14359e-08,3.05295e-08,2.93644e-08,2.79682e-08,2.6388e-08,2.45859e-08,2.27772e-08,2.09852e-08
1.90969e-08,2.00013e-08,2.12595e-08,2.27551e-08,2.42865e-08,2.57523e-08,2.72157e-08,2.8486e-08,2.95879e-08,3.04414e-08,3.10656e-08,3.13852e-08,3.14253e-08,3.11701e-08,3.06303e-08,2.97561e-08,2.86368e-08,2.7268e-08,2.57329e-08,2.39787e-08,2.22288e-08,2.04725e-08
1.86742e-08,1.95689e-08,2.08211e-08,2.22926e-08,2.38125e-08,2.52712e-08,2.67218e-08,2.79825e-08,2.90733e-08,2.99145e-08,3.05246e-08,3.08352e-08,3.08622e-08,3.05985e-08,3.00546e-08,2.91747e-08,2.80564e-08,2.6713e-08,2.51887e-08,2.34496e-08,2.17252e-08,1.99835e-08
1.82749e-08,1.91331e-08,2.03373e-08,2.17625e-08,2.32459e-08,2.46595e-08,2.6072e-08,2.72993e-08,2.83626e-08,2.91861e-08,2.97802e-08,3.00907e-08,3.01261e-08,2.98752e-08,2.93484e-08,2.85001e-08,2.74131e-08,2.61051e-08,2.46015e-08,2.29244e-08,2.12327e-08,1.95206e-08
1.7912e-08,1.87585e-08,1.99678e-08,2.13911e-08,2.2869e-08,2.42819e-08,2.56832e-08,2.6914e-08,2.79696e-08,2.87837e-08,2.93642e-08,2.96632e-08,2.96805e-08,2.94194e-08,2.88786e-08,2.80198e-08,2.69258e-08,2.56216e-08,2.41245e-08,2.24512e-08,2.07769e-08,1.91017e-08
1.75151e-08,1.83527e-08,1.95296e-08,2.09114e-08,2.23487e-08,2.37238e-08,2.50946e-08,2.62901e-08,2.73206e-08,2.81164e-08,2.86865e-08,2.89843e-08,2.90042e-08,2.87541e-08,2.82301e-08,2.73911e-08,2.63278e-08,2.50554e-08,2.35943e-08,2.19557e-08,2.03124e-08,1.86647e-08
1.71788e-08,1.80397e-08,1.92171e-08,2.05843e-08,2.20317e-08,2.34064e-08,2.47801e-08,2.59719e-08,2.69985e-08,2.7789e-08,2.83451e-08,2.86276e-08,2.86377e-08,2.83733e-08,2.78346e-08,2.698e-08,2.59152e-08,2.46368e-08,2.3174e-08,2.1553e-08,1.99197e-08,1.82807e-08
1.6858e-08,1.76662e-08,1.88254e-08,2.01877e-08,2.15902e-08,2.29408e-08,2.42823e-08,2.5456e-08,2.64626e-08,2.72371e-08,2.77808e-08,2.80644e-08,2.80669e-08,2.78108e-08,2.72777e-08,2.64394e-08,2.53876e-08,2.41373e-08,2.27045e-08,2.11003e-08,1.94947e-08,1.78918e-08
1.65269e-08,1.73188e-08,1.84562e-08,1.97939e-08,2.11731e-08,2.25021e-08,2.38261e-08,2.49807e-08,2.59718e-08,2.67351e-08,2.72681e-08,2.75464e-08,2.75463e-08,2.72904e-08,2.67626e-08,2.59348e-08,2.48953e-08,2.36629e-08,2.22521e-08,2.06741e-08,1.90951e-08,1.7517e-08
1.62105e-08,1.69817e-08,1.80877e-08,1.93946e-08,2.07495e-08,2.20507e-08,2.33432e-08,2.44787e-08,2.54556e-08,2.62035e-08,2.67244e-08,2.70026e-08,2.70011e-08,2.67529e-08,2.62322e-08,2.5422e-08,2.44015e-08,2.31946e-08,2.18047e-08,2.02619e-08,1.87144e-08,1.71627e-08
1.58705e-08,1.66471e-08,1.77403e-08,1.90072e-08,2.03201e-08,2.16103e-08,2.28883e-08,2.40164e-08,2.49701e-08,2.57063e-08,2.62223e-08,2.64953e-08,2.64901e-08,2.62436e-08,2.57341e-08,2.49288e-08,2.39182e-08,2.27329e-08,2.1369e-08,1.98553e-08,1.83293e-08,1.68084e-08
1.55496e-08,1.63134e-08,1.73552e-08,1.85884e-08,1.98811e-08,2.1132e-08,2.23799e-08,2.34746e-08,2.44119e-08,2.51343e-08,2.56379e-08,2.59071e-08,2.59112e-08,2.56766e-08,2.51814e-08,2.43947e-08,2.34169e-08,2.22596e-08,2.09238e-08,1.94499e-08,1.79674e-08,1.6445e-08
1.52486e-08,1.5979e-08,1.69945e-08,1.81973e-08,1.94513e-08,2.06648e-08,2.18814e-08,2.29536e-08,2.38693e-08,2.4576e-08,2.50712e-08,2.53386e-08,2.53475e-08,2.51236e-08,2.46421e-08,2.38765e-08,2.29249e-08,2.17956e-08,2.04888e-08,1.90427e-08,1.75883e-08,1.61153e-08
1.49602e-08,1.56671e-08,1.66631e-08,1.78303e-08,1.90518e-08,2.02555e-08,2.14526e-08,2.25044e-08,2.34039e-08,2.40988e-08,2.45842e-08,2.48486e-08,2.48548e-08,2.4636e-08,2.41664e-08,2.3413e-08,2.24738e-08,2.13672e-08,2.00846e-08,1.86648e-08,1.72351e-08,1.57904e-08
1.46874e-08,1.53778e-08,1.6352e-08,1.75055e-08,1.87183e-08,1.98945e-08,2.10667e-08,2.21065e-08,2.29953e-08,2.36802e-08,2.41563e-08,2.44182e-08,2.44199e-08,2.42024e-08,2.37337e-08,2.29901e-08,2.20642e-08,2.09731e-08,1.97057e-08,1.83087e-08,1.69023e-08,1.54838e-08
1.4414e-08,1.50933e-08,1.60368e-08,1.71657e-08,1.83473e-08,1.95004e-08,2.0655e-08,2.16635e-08,2.25367e-08,2.32089e-08,2.36757e-08,2.39343e-08,2.39411e-08,2.37275e-08,2.32709e-08,2.2544e-08,2.16376e-08,2.05661e-08,1.93227e-08,1.79598e-08,1.65768e-08,1.51819e-08
1.41255e-08,1.48034e-08,1.57455e-08,1.68301e-08,1.79988e-08,1.91386e-08,2.02715e-08,2.12724e-08,2.21285e-08,2.27891e-08,2.32492e-08,2.35036e-08,2.35062e-08,2.32978e-08,2.28482e-08,2.21255e-08,2.12343e-08,2.01834e-08,1.89561e-08,1.76115e-08,1.62566e-08,1.48765e-08
1.38751e-08,1.45425e-08,1.5448e-08,1.65359e-08,1.76816e-08,1.87951e-08,1.99124e-08,2.08981e-08,2.17456e-08,2.23959e-08,2.28463e-08,2.3096e-08,2.30974e-08,2.28896e-08,2.24419e-08,2.17297e-08,2.08494e-08,1.98107e-08,1.8604e-08,1.72789e-08,1.59456e-08,1.45856e-08
1.36171e-08,1.42545e-08,1.51448e-08,1.6193e-08,1.73221e-08,1.84052e-08,1.94951e-08,2.04534e-08,2.12833e-08,2.19207e-08,2.23631e-08,2.26128e-08,2.26155e-08,2.24174e-08,2.19847e-08,2.12896e-08,2.04318e-08,1.94196e-08,1.82368e-08,1.69354e-08,1.5627e-08,1.42964e-08
1.33834e-08,1.40271e-08,1.49132e-08,1.59738e-08,1.70904e-08,1.8187e-08,1.92776e-08,2.0246e-08,2.10734e-08,2.17068e-08,2.21405e-08,2.23782e-08,2.23711e-08,2.21582e-08,2.1713e-08,2.10068e-08,2.01373e-08,1.91193e-08,1.79351e-08,1.66477e-08,1.53495e-08,1.40247e-08
1.31185e-08,1.37542e-08,1.46199e-08,1.56446e-08,1.67321e-08,1.77986e-08,1.88638e-08,1.98053e-08,2.0613e-08,2.12311e-08,2.16589e-08,2.18946e-08,2.18907e-08,2.16898e-08,2.1261e-08,2.05712e-08,1.97271e-08,1.87354e-08,1.75832e-08,1.63141e-08,1.50441e-08,1.37396e-08
1.28838e-08,1.35239e-08,1.43838e-08,1.53854e-08,1.6485e-08,1.75381e-08,1.85964e-08,1.95305e-08,2.03298e-08,2.09406e-08,2.13605e-08,2.15904e-08,2.15798e-08,2.13732e-08,2.09424e-08,2.02511e-08,1.94122e-08,1.84248e-08,1.7274e-08,1.60241e-08,1.47598e-08,1.34786e-08
1.26544e-08,1.32658e-08,1.41183e-08,1.51194e-08,1.6179e-08,1.72222e-08,1.82624e-08,1.91831e-08,1.99692e-08,2.05707e-08,2.09815e-08,2.12062e-08,2.11951e-08,2.09922e-08,2.05648e-08,1.98856e-08,1.90547e-08,1.8083e-08,1.69537e-08,1.57164e-08,1.44756e-08,1.32117e-08
1.24133e-08,1.30154e-08,1.38593e-08,1.48398e-08,1.58739e-08,1.69082e-08,1.79319e-08,1.88401e-08,1.96138e-08,2.02053e-08,2.06094e-08,2.08289e-08,2.08177e-08,2.06151e-08,2.01968e-08,1.95239e-08,1.87034e-08,1.77465e-08,1.66351e-08,1.54164e-08,1.41886e-08,1.29474e-08
1.21657e-08,1.27711e-08,1.3581e-08,1.45338e-08,1.55677e-08,1.65671e-08,1.75693e-08,1.84614e-08,1.92224e-08,1.98024e-08,2.02004e-08,2.04184e-08,2.0407e-08,2.02095e-08,1.98001e-08,1.9139e-08,1.83401e-08,1.73995e-08,1.63022e-08,1.51105e-08,1.39118e-08,1.26923e-08
1.19113e-08,1.2505e-08,1.32878e-08,1.4212e-08,1.52017e-08,1.61751e-08,1.71501e-08,1.80166e-08,1.8759e-08,1.93244e-08,1.97154e-08,1.99357e-08,1.99292e-08,1.97433e-08,1.93517e-08,1.87134e-08,1.79376e-08,1.70256e-08,1.59594e-08,1.47993e-08,1.36265e-08,1.24254e-08
1.16763e-08,1.22543e-08,1.30246e-08,1.39246e-08,1.48957e-08,1.58542e-08,1.68132e-08,1.76641e-08,1.83933e-08,1.89497e-08,1.93336e-08,1.9548e-08,1.95438e-08,1.93614e-08,1.89778e-08,1.83481e-08,1.75869e-08,1.6689e-08,1.56407e-08,1.44984e-08,1.33471e-08,1.21669e-08
1.14463e-08,1.20093e-08,1.27584e-08,1.36438e-08,1.45918e-08,1.55326e-08,1.64706e-08,1.73045e-08,1.80206e-08,1.8567e-08,1.89435e-08,1.91546e-08,1.91524e-08,1.89755e-08,1.86006e-08,1.79843e-08,1.72369e-08,1.63584e-08,1.53274e-08,1.42107e-08,1.30793e-08,1.19113e-08
1.12176e-08,1.17693e-08,1.25069e-08,1.33652e-08,1.42966e-08,1.52162e-08,1.61333e-08,1.6952e-08,1.7654e-08,1.81898e-08,1.85606e-08,1.8769e-08,1.87667e-08,1.85954e-08,1.82304e-08,1.76252e-08,1.6893e-08,1.60323e-08,1.50237e-08,1.39196e-08,1.28051e-08,1.16657e-08
1.10054e-08,1.1544e-08,1.22769e-08,1.31232e-08,1.40414e-08,1.4954e-08,1.58616e-08,1.66684e-08,1.73626e-08,1.78907e-08,1.82547e-08,1.84585e-08,1.84521e-08,1.82795e-08,1.79158e-08,1.7315e-08,1.65889e-08,1.57381e-08,1.47418e-08,1.36506e-08,1.25509e-08,1.14282e-08
1.07753e-08,1.13084e-08,1.20181e-08,1.2843e-08,1.37373e-08,1.46248e-08,1.5511e-08,1.62986e-08,1.69773e-08,1.7493e-08,1.78504e-08,1.80522e-08,1.80507e-08,1.7885e-08,1.75344e-08,1.69483e-08,1.62427e-08,1.54108e-08,1.44351e-08,1.3371e-08,1.22931e-08,1.11847e-08
1.05582e-08,1.10868e-08,1.17872e-08,1.25988e-08,1.34795e-08,1.4355e-08,1.52233e-08,1.60012e-08,1.66696e-08,1.71773e-08,1.75278e-08,1.77262e-08,1.77221e-08,1.75577e-08,1.72112e-08,1.66339e-08,1.5937e-08,1.51217e-08,1.41542e-08,1.31093e-08,1.20474e-08,1.09572e-08
1.03473e-08,1.08685e-08,1.15584e-08,1.23547e-08,1.32217e-08,1.40825e-08,1.49402e-08,1.57059e-08,1.63636e-08,1.68624e-08,1.72073e-08,1.74008e-08,1.73956e-08,1.72328e-08,1.6891e-08,1.63189e-08,1.56327e-08,1.48254e-08,1.3876e-08,1.28433e-08,1.17979e-08,1.07235e-08
1.01365e-08,1.06464e-08,1.13243e-08,1.21006e-08,1.29437e-08,1.37901e-08,1.46296e-08,1.53802e-08,1.60237e-08,1.65123e-08,1.68506e-08,1.70418e-08,1.7038e-08,1.68808e-08,1.65494e-08,1.59888e-08,1.53165e-08,1.45264e-08,1.35949e-08,1.2582e-08,1.15528e-08,1.04962e-08
9.9353e-09,1.04445e-08,1.11141e-08,1.18837e-08,1.27228e-08,1.35582e-08,1.43886e-08,1.51301e-08,1.57666e-08,1.62486e-08,1.65802e-08,1.67667e-08,1.67591e-08,1.65997e-08,1.62678e-08,1.57097e-08,1.50439e-08,1.42604e-08,1.3338e-08,1.23364e-08,1.13208e-08,1.02771e-08
9.73567e-09,1.02412e-08,1.08977e-08,1.16565e-08,1.24819e-08,1.33046e-08,1.41209e-08,1.48502e-08,1.5477e-08,1.59503e-08,1.62758e-08,1.64572e-08,1.64501e-08,1.62918e-08,1.59647e-08,1.54147e-08,1.47583e-08,1.39855e-08,1.3075e-08,1.20925e-08,1.10922e-08,1.00591e-08
9.54407e-09,1.00464e-08,1.07036e-08,1.14534e-08,1.22744e-08,1.30928e-08,1.39015e-08,1.46264e-08,1.52465e-08,1.57127e-08,1.60328e-08,1.62098e-08,1.61962e-08,1.60341e-08,1.57051e-08,1.51544e-08,1.45012e-08,1.37329e-08,1.28316e-08,1.18564e-08,1.08656e-08,9.84858e-09
9.34454e-09,9.84103e-09,1.04867e-08,1.12219e-08,1.20292e-08,1.28315e-08,1.3625e-08,1.43355e-08,1.49445e-08,1.54023e-08,1.57161e-08,1.58898e-08,1.58769e-08,1.57175e-08,1.53955e-08,1.48552e-08,1.42129e-08,1.34606e-08,1.25715e-08,1.1612e-08,1.06371e-08,9.63782e-09
9.15463e-09,9.63376e-09,1.02751e-08,1.09998e-08,1.17899e-08,1.25796e-08,1.33586e-08,1.40561e-08,1.46549e-08,1.51046e-08,1.54128e-08,1.5584e-08,1.55688e-08,1.54127e-08,1.50956e-08,1.45633e-08,1.39322e-08,1.31901e-08,1.23185e-08,1.1372e-08,1.04111e-08,9.42739e-09
8.95045e-09,9.42842e-09,1.00477e-08,1.07492e-08,1.15209e-08,1.22889e-08,1.30509e-08,1.37308e-08,1.43151e-08,1.47547e-08,1.5058e-08,1.52263e-08,1.52157e-08,1.50663e-08,1.47612e-08,1.42422e-08,1.36282e-08,1.29038e-08,1.20505e-08,1.11272e-08,1.01861e-08,9.21662e-09
8.75588e-09,9.22532e-09,9.832e-09,1.05158e-08,1.12697e-08,1.20208e-08,1.27641e-08,1.34304e-08,1.40028e-08,1.44335e-08,1.47307e-08,1.48979e-08,1.4888e-08,1.47439e-08,1.44472e-08,1.39402e-08,1.334e-08,1.26318e-08,1.17946e-08,1.08888e-08,9.96435e-09,9.01191e-09
8.56384e-09,9.02426e-09,9.61785e-09,1.02848e-08,1.10212e-08,1.17544e-08,1.24796e-08,1.31319e-08,1.36924e-08,1.41139e-08,1.44061e-08,1.45703e-08,1.45632e-08,1.4424e-08,1.41363e-08,1.36409e-08,1.30559e-08,1.23626e-08,1.15424e-08,1.06546e-08,9.74759e-09,8.81059e-09
8.37995e-09,8.83209e-09,9.41559e-09,1.00691e-08,1.07914e-08,1.15131e-08,1.22235e-08,1.28637e-08,1.34137e-08,1.38269e-08,1.41136e-08,1.42762e-08,1.4268e-08,1.41316e-08,1.38498e-08,1.33629e-08,1.27883e-08,1.21082e-08,1.13011e-08,1.04281e-08,9.53556e-09,8.61431e-09
8.19825e-09,8.64399e-09,9.21342e-09,9.85539e-09,1.05613e-08,1.12699e-08,1.1968e-08,1.25951e-08,1.31354e-08,1.35408e-08,1.38219e-08,1.39812e-08,1.3974e-08,1.38407e-08,1.35653e-08,1.30874e-08,1.25236e-08,1.18558e-08,1.10633e-08,1.02069e-08,9.32907e-09,8.42081e-09
8.01846e-09,8.45559e-09,9.01655e-09,9.64137e-09,1.03368e-08,1.10295e-08,1.17114e-08,1.2326e-08,1.28553e-08,1.32524e-08,1.35284e-08,1.36853e-08,1.36789e-08,1.35491e-08,1.32802e-08,1.28121e-08,1.22608e-08,1.16057e-08,1.08277e-08,9.9869e-09,9.12264e-09,8.23051e-09
7.84625e-09,8.28094e-09,8.83825e-09,9.45349e-09,1.01421e-08,1.08278e-08,1.15016e-08,1.21088e-08,1.26305e-08,1.30214e-08,1.3293e-08,1.34451e-08,1.34362e-08,1.33053e-08,1.30372e-08,1.25725e-08,1.20262e-08,1.1379e-08,1.06091e-08,9.77895e-09,8.92605e-09,8.04691e-09
7.67044e-09,8.09609e-09,8.63739e-09,9.23673e-09,9.9057e-09,1.05719e-08,1.12262e-08,1.18171e-08,1.23257e-08,1.27079e-08,1.29739e-08,1.31252e-08,1.31193e-08,1.29954e-08,1.27381e-08,1.2287e-08,1.17567e-08,1.11266e-08,1.03753e-08,9.56169e-09,8.72557e-09,7.86217e-09
7.50351e-09,7.92404e-09,8.45941e-09,9.05279e-09,9.71541e-09,1.03711e-08,1.10161e-08,1.15999e-08,1.21021e-08,1.2478e-08,1.2739e-08,1.28864e-08,1.28784e-08,1.27536e-08,1.24975e-08,1.20512e-08,1.15269e-08,1.09036e-08,1.01626e-08,9.36204e-09,8.53539e-09,7.68404e-09
7.33671e-09,7.75196e-09,8.2775e-09,8.85865e-09,9.50559e-09,1.01489e-08,1.07811e-08,1.13515e-08,1.18435e-08,1.2211e-08,1.24672e-08,1.26123e-08,1.26051e-08,1.24835e-08,1.22339e-08,1.17969e-08,1.12842e-08,1.06726e-08,9.94473e-09,9.15808e-09,8.34797e-09,7.50782e-09
7.17712e-09,7.58593e-09,8.10681e-09,8.67873e-09,9.31723e-09,9.95215e-09,1.05753e-08,1.11362e-08,1.16198e-08,1.19808e-08,1.22329e-08,1.2374e-08,1.23653e-08,1.22442e-08,1.19975e-08,1.15658e-08,1.10605e-08,1.04585e-08,9.73917e-09,8.96339e-09,8.16462e-09,7.33822e-09
7.02037e-09,7.43e-09,7.94415e-09,8.51156e-09,9.14347e-09,9.77274e-09,1.03878e-08,1.09419e-08,1.14196e-08,1.17754e-08,1.20219e-08,1.21594e-08,1.21482e-08,1.20254e-08,1.17788e-08,1.13497e-08,1.08489e-08,1.02513e-08,9.54202e-09,8.77538e-09,7.98584e-09,7.17072e-09
6.86528e-09,7.27081e-09,7.77672e-09,8.33609e-09,8.95924e-09,9.57897e-09,1.01836e-08,1.07289e-08,1.11991e-08,1.15481e-08,1.17905e-08,1.19233e-08,1.19123e-08,1.17904e-08,1.15464e-08,1.11234e-08,1.06299e-08,1.0042e-08,9.34018e-09,8.58942e-09,7.80956e-09,7.00497e-09
6.71027e-09,7.10917e-09,7.60929e-09,8.15744e-09,8.76969e-09,9.37794e-09,9.97141e-09,1.05064e-08,1.09671e-08,1.13097e-08,1.15471e-08,1.16789e-08,1.16666e-08,1.15466e-08,1.13074e-08,1.08915e-08,1.04067e-08,9.82883e-09,9.14023e-09,8.39919e-09,7.6334e-09,6.84199e-09
6.55774e-09,6.94953e-09,7.44203e-09,7.98014e-09,8.58003e-09,9.1775e-09,9.75727e-09,1.0283e-08,1.07353e-08,1.10703e-08,1.13035e-08,1.14334e-08,1.14203e-08,1.13034e-08,1.10688e-08,1.06611e-08,1.01859e-08,9.6181e-09,8.94068e-09,8.2146e-09,7.46164e-09,6.68107e-09
6.40681e-09,6.79121e-09,7.27233e-09,7.7981e-09,8.38508e-09,8.96739e-09,9.53447e-09,1.00467e-08,1.04884e-08,1.08171e-08,1.10459e-08,1.11732e-08,1.11628e-08,1.10493e-08,1.08216e-08,1.04246e-08,9.96073e-09,9.40612e-09,8.74279e-09,8.02886e-09,7.28975e-09,6.52346e-09
6.26079e-09,6.64123e-09,7.11628e-09,7.63271e-09,8.21211e-09,8.78652e-09,9.34496e-09,9.84925e-09,1.02843e-08,1.06073e-08,1.0832e-08,1.09566e-08,1.09446e-08,1.08315e-08,1.06059e-08,1.0213e-08,9.75534e-09,9.20899e-09,8.55575e-09,7.85478e-09,7.12377e-09,6.36988e-09
6.11301e-09,6.48636e-09,6.94872e-09,7.45176e-09,8.01581e-09,8.57428e-09,9.11738e-09,9.60832e-09,1.00324e-08,1.03473e-08,1.05678e-08,1.06912e-08,1.06819e-08,1.05741e-08,1.03569e-08,9.97604e-09,9.53211e-09,8.99928e-09,8.36081e-09,7.67389e-09,6.95865e-09,6.21754e-09
5.97424e-09,6.34349e-09,6.79601e-09,7.29254e-09,7.84586e-09,8.39819e-09,8.93203e-09,9.41381e-09,9.8308e-09,1.01406e-08,1.03553e-08,1.04766e-08,1.04673e-08,1.03605e-08,1.0146e-08,9.77023e-09,9.33382e-09,8.80879e-09,8.18172e-09,7.50383e-09,6.80011e-09,6.07055e-09
5.83436e-09,6.19383e-09,6.64274e-09,7.12754e-09,7.67014e-09,8.20662e-09,8.72845e-09,9.20006e-09,9.60692e-09,9.91026e-09,1.01225e-08,1.02417e-08,1.02327e-08,1.0129e-08,9.92046e-09,9.55409e-09,9.12756e-09,8.61432e-09,7.99925e-09,7.33581e-09,6.64387e-09,5.92613e-09
5.69943e-09,6.05609e-09,6.49393e-09,6.96863e-09,7.50218e-09,8.02996e-09,8.54078e-09,9.00249e-09,9.40246e-09,9.69944e-09,9.90772e-09,1.00238e-08,1.00155e-08,9.91403e-09,9.70907e-09,9.35046e-09,8.93185e-09,8.42748e-09,7.82254e-09,7.1728e-09,6.48947e-09,5.7837e-09
5.56653e-09,5.91893e-09,6.35005e-09,6.81503e-09,7.33849e-09,7.85485e-09,8.35497e-09,8.80786e-09,9.19982e-09,9.4899e-09,9.69442e-09,9.80885e-09,9.80055e-09,9.70106e-09,9.50026e-09,9.14847e-09,8.73895e-09,8.24583e-09,7.64967e-09,7.01158e-09,6.3415e-09,5.64613e-09
5.44031e-09,5.78825e-09,6.21548e-09,6.67464e-09,7.19255e-09,7.70354e-09,8.19704e-09,8.64331e-09,9.02964e-09,9.31572e-09,9.51634e-09,9.62751e-09,9.61747e-09,9.51705e-09,9.31682e-09,8.96877e-09,8.56347e-09,8.07514e-09,7.48794e-09,6.85848e-09,6.19671e-09,5.51208e-09
5.31361e-09,5.65697e-09,6.07691e-09,6.52785e-09,7.03631e-09,7.53689e-09,8.0206e-09,8.45801e-09,8.83647e-09,9.11701e-09,9.314e-09,9.4228e-09,9.41298e-09,9.31458e-09,9.11794e-09,8.77708e-09,8.38023e-09,7.89993e-09,7.32314e-09,6.70459e-09,6.05398e-09,5.38007e-09
5.19157e-09,5.52962e-09,5.94265e-09,6.3868e-09,6.88656e-09,7.37802e-09,7.8524e-09,8.281e-09,8.65207e-09,8.92713e-09,9.12106e-09,9.22692e-09,9.2172e-09,9.12044e-09,8.92716e-09,8.59231e-09,8.20257e-09,7.73138e-09,7.16436e-09,6.55828e-09,5.91598e-09,5.25106e-09
5.0725e-09,5.40976e-09,5.8142e-09,6.25414e-09,6.74688e-09,7.23225e-09,7.69888e-09,8.12075e-09,8.48633e-09,8.7565e-09,8.94594e-09,9.04965e-09,9.03904e-09,8.94207e-09,8.75002e-09,8.41965e-09,8.03468e-09,7.56933e-09,7.01129e-09,6.41182e-09,5.7805e-09,5.127e-09
4.95554e-09,5.28661e-09,5.6885e-09,6.11885e-09,6.60394e-09,7.08081e-09,7.53914e-09,7.95356e-09,8.31192e-09,8.577e-09,8.76295e-09,8.86472e-09,8.85351e-09,8.75747e-09,8.56823e-09,8.24367e-09,7.86538e-09,7.40838e-09,6.85841e-09,6.26958e-09,5.6478e-09,5.0042e-09
4.83978e-09,5.16589e-09,5.56103e-09,5.98371e-09,6.45872e-09,6.9264e-09,7.37552e-09,7.78143e-09,8.13253e-09,8.39205e-09,8.57496e-09,8.67458e-09,8.66408e-09,8.57e-09,8.3842e-09,8.06614e-09,7.6957e-09,7.24731e-09,6.70855e-09,6.12917e-09,5.51822e-09,4.88407e-09
4.72787e-09,5.04994e-09,5.43713e-09,5.85321e-09,6.32075e-09,6.78076e-09,7.22057e-09,7.61887e-09,7.9636e-09,8.21891e-09,8.39767e-09,8.49551e-09,8.48433e-09,8.3914e-09,8.20804e-09,7.89634e-09,7.53151e-09,7.09081e-09,6.55924e-09,5.99208e-09,5.39078e-09,4.76609e-09
4.61884e-09,4.9363e-09,5.31831e-09,5.72885e-09,6.19028e-09,6.64244e-09,7.07581e-09,7.46773e-09,7.80659e-09,8.05722e-09,8.23332e-09,8.32849e-09,8.31669e-09,8.22407e-09,8.04236e-09,7.73484e-09,7.37473e-09,6.94012e-09,6.4179e-09,5.85903e-09,5.26657e-09,4.65252e-09
4.509e-09,4.81835e-09,5.19238e-09,5.592e-09,6.0415e-09,6.48131e-09,6.903e-09,7.28449e-09,7.61466e-09,7.8596e-09,8.03195e-09,8.12642e-09,8.11662e-09,8.02791e-09,7.85203e-09,7.55402e-09,7.20505e-09,6.78189e-09,6.27107e-09,5.72436e-09,5.14306e-09,4.53983e-09
4.4045e-09,4.71219e-09,5.07885e-09,5.47373e-09,5.91775e-09,6.35175e-09,6.7673e-09,7.14341e-09,7.46758e-09,7.70937e-09,7.87886e-09,7.97083e-09,7.95977e-09,7.87082e-09,7.69543e-09,7.4014e-09,7.05691e-09,6.63987e-09,6.1355e-09,5.59896e-09,5.02527e-09,4.43085e-09
4.3017e-09,4.60472e-09,4.96532e-09,5.35056e-09,5.78604e-09,6.21129e-09,6.61712e-09,6.98443e-09,7.30305e-09,7.53861e-09,7.70508e-09,7.79488e-09,7.78512e-09,7.69824e-09,7.52667e-09,7.2394e-09,6.90248e-09,6.49304e-09,5.99931e-09,5.47106e-09,4.90835e-09,4.32455e-09
4.20321e-09,4.50136e-09,4.85558e-09,5.23474e-09,5.6633e-09,6.08068e-09,6.47971e-09,6.84052e-09,7.15273e-09,7.38382e-09,7.54738e-09,7.63501e-09,7.62543e-09,7.53914e-09,7.3699e-09,7.08811e-09,6.75673e-09,6.35419e-09,5.86863e-09,5.34826e-09,4.79753e-09,4.22153e-09
4.10447e-09,4.39938e-09,4.74631e-09,5.11797e-09,5.53768e-09,5.94685e-09,6.33663e-09,6.68939e-09,6.99554e-09,7.22193e-09,7.38236e-09,7.46859e-09,7.45922e-09,7.37519e-09,7.20898e-09,6.93318e-09,6.60955e-09,6.2161e-09,5.73815e-09,5.22953e-09,4.68557e-09,4.12078e-09
4.00869e-09,4.30073e-09,4.64442e-09,5.0059e-09,5.41812e-09,5.81913e-09,6.20015e-09,6.54586e-09,6.84604e-09,7.06803e-09,7.22569e-09,7.30969e-09,7.30117e-09,7.21876e-09,7.05527e-09,6.78561e-09,6.46895e-09,6.08131e-09,5.61489e-09,5.11269e-09,4.57806e-09,4.02307e-09
3.91948e-09,4.20592e-09,4.54301e-09,4.90269e-09,5.30968e-09,5.70581e-09,6.08214e-09,6.42267e-09,6.71811e-09,6.93665e-09,7.09117e-09,7.17332e-09,7.16325e-09,7.08037e-09,6.91738e-09,6.65098e-09,6.33708e-09,5.95498e-09,5.49421e-09,5.002e-09,4.47492e-09,3.92743e-09
3.82977e-09,4.11193e-09,4.44082e-09,4.79269e-09,5.19127e-09,5.57998e-09,5.94792e-09,6.28064e-09,6.56972e-09,6.78365e-09,6.93527e-09,7.01573e-09,7.00689e-09,6.92597e-09,6.76668e-09,6.5069e-09,6.19965e-09,5.82518e-09,5.37366e-09,4.89039e-09,4.37309e-09,3.83398e-09
3.74282e-09,4.02157e-09,4.34621e-09,4.69365e-09,5.08583e-09,5.46766e-09,5.82925e-09,6.15679e-09,6.44151e-09,6.65079e-09,6.79974e-09,6.87861e-09,6.86869e-09,6.78835e-09,6.63023e-09,6.37398e-09,6.07046e-09,5.70311e-09,5.25897e-09,4.78323e-09,4.27404e-09,3.74436e-09
3.6579e-09,3.93295e-09,4.25198e-09,4.59428e-09,4.97945e-09,5.35508e-09,5.7093e-09,6.03093e-09,6.30941e-09,6.51608e-09,6.66087e-09,6.73914e-09,6.72948e-09,6.64993e-09,6.49302e-09,6.24211e-09,5.94487e-09,5.58135e-09,5.14508e-09,4.67868e-09,4.17869e-09,3.65592e-09
3.57578e-09,3.8454e-09,4.16107e-09,4.49664e-09,4.87695e-09,5.24508e-09,5.59409e-09,5.91011e-09,6.18378e-09,6.38665e-09,6.53016e-09,6.60522e-09,6.59496e-09,6.51615e-09,6.36079e-09,6.11416e-09,5.82173e-09,5.46518e-09,5.03512e-09,4.5773e-09,4.08357e-09,3.57089e-09
3.4947e-09,3.76038e-09,4.06733e-09,4.39841e-09,4.7716e-09,5.13346e-09,5.47558e-09,5.78471e-09,6.05366e-09,6.25254e-09,6.39446e-09,6.46567e-09,6.45692e-09,6.3789e-09,6.22649e-09,5.98575e-09,5.69842e-09,5.35047e-09,4.92559e-09,4.47834e-09,3.99308e-09,3.48851e-09
3.41591e-09,3.67784e-09,3.97922e-09,4.30188e-09,4.66526e-09,5.02173e-09,5.3563e-09,5.65871e-09,5.92147e-09,6.11685e-09,6.25446e-09,6.32745e-09,6.3176e-09,6.24159e-09,6.09227e-09,5.85597e-09,5.57517e-09,5.23281e-09,4.81836e-09,4.37861e-09,3.90289e-09,3.40525e-09
3.33757e-09,3.59681e-09,3.89386e-09,4.21114e-09,4.56874e-09,4.91674e-09,5.24559e-09,5.5429e-09,5.80033e-09,5.99216e-09,6.12756e-09,6.19859e-09,6.1891e-09,6.11373e-09,5.96566e-09,5.73348e-09,5.45862e-09,5.12351e-09,4.71643e-09,4.28301e-09,3.81615e-09,3.3281e-09
3.26483e-09,3.51798e-09,3.81106e-09,4.12209e-09,4.47475e-09,4.81693e-09,5.13994e-09,5.43196e-09,5.68503e-09,5.87348e-09,6.00616e-09,6.07579e-09,6.06574e-09,5.99132e-09,5.84478e-09,5.61704e-09,5.34581e-09,5.01499e-09,4.61583e-09,4.19049e-09,3.73015e-09,3.25043e-09
3.19081e-09,3.44013e-09,3.72529e-09,4.02999e-09,4.37498e-09,4.70864e-09,5.02381e-09,5.30912e-09,5.55634e-09,5.74083e-09,5.87104e-09,5.93954e-09,5.93065e-09,5.85837e-09,5.71512e-09,5.49358e-09,5.22863e-09,4.90503e-09,4.51422e-09,4.09791e-09,3.64712e-09,3.17488e-09
3.12114e-09,3.36588e-09,3.64762e-09,3.94648e-09,4.28567e-09,4.61448e-09,4.92448e-09,5.20477e-09,5.44779e-09,5.62913e-09,5.75688e-09,5.82395e-09,5.81446e-09,5.74262e-09,5.60063e-09,5.38259e-09,5.12195e-09,4.80373e-09,4.41966e-09,4.01025e-09,3.56621e-09,3.10281e-09
3.05322e-09,3.29398e-09,3.57374e-09,3.86493e-09,4.19924e-09,4.52354e-09,4.82945e-09,5.1047e-09,5.34374e-09,5.52241e-09,5.64791e-09,5.71305e-09,5.70291e-09,5.63145e-09,5.49044e-09,5.27587e-09,5.0205e-09,4.70613e-09,4.32759e-09,3.9255e-09,3.48788e-09,3.03303e-09
2.98612e-09,3.22349e-09,3.49545e-09,3.78403e-09,4.11183e-09,4.42954e-09,4.72865e-09,4.99901e-09,5.23333e-09,5.40846e-09,5.53145e-09,5.59552e-09,5.58575e-09,5.51518e-09,5.37603e-09,5.16577e-09,4.91366e-09,4.60617e-09,4.23553e-09,3.84059e-09,3.41175e-09,2.96381e-09
2.92147e-09,3.15531e-09,3.42252e-09,3.7061e-09,4.02832e-09,4.34056e-09,4.6343e-09,4.8998e-09,5.12978e-09,5.30176e-09,5.42249e-09,5.48506e-09,5.47517e-09,5.40532e-09,5.26772e-09,5.06124e-09,4.81332e-09,4.51107e-09,4.147e-09,3.75902e-09,3.33764e-09,2.89726e-09
2.85815e-09,3.0882e-09,3.35044e-09,3.62876e-09,3.94515e-09,4.25171e-09,4.54004e-09,4.80055e-09,5.02622e-09,5.19511e-09,5.31352e-09,5.37485e-09,5.36493e-09,5.29595e-09,5.15998e-09,4.95747e-09,4.71395e-09,4.41712e-09,4.05979e-09,3.67892e-09,3.26507e-09,2.83228e-09
2.79667e-09,3.02251e-09,3.28031e-09,3.55328e-09,3.8622e-09,4.16356e-09,4.44571e-09,4.70065e-09,4.92109e-09,5.08714e-09,5.20338e-09,5.26366e-09,5.25409e-09,5.1861e-09,5.05262e-09,4.85427e-09,4.61434e-09,4.32519e-09,3.9762e-09,3.60062e-09,3.19371e-09,2.76972e-09
2.73634e-09,2.96016e-09,3.21213e-09,3.47868e-09,3.78307e-09,4.07927e-09,4.35718e-09,4.60724e-09,4.82422e-09,4.98684e-09,5.10084e-09,5.15985e-09,5.14998e-09,5.08276e-09,4.95087e-09,4.75568e-09,4.522e-09,4.23825e-09,3.89071e-09,3.52476e-09,3.12573e-09,2.70866e-09
2.67725e-09,2.89567e-09,3.1427e-09,3.4046e-09,3.70282e-09,3.99169e-09,4.26299e-09,4.50816e-09,4.72053e-09,4.88008e-09,4.99182e-09,5.04966e-09,5.0404e-09,4.97486e-09,4.84506e-09,4.65511e-09,4.42544e-09,4.14536e-09,3.80839e-09,3.44885e-09,3.05744e-09,2.6472e-09
2.62128e-09,2.83603e-09,3.07724e-09,3.33524e-09,3.62823e-09,3.91365e-09,4.1804e-09,4.4215e-09,4.63045e-09,4.78732e-09,4.89703e-09,4.95314e-09,4.94382e-09,4.87864e-09,4.74986e-09,4.56336e-09,4.3367e-09,4.06044e-09,3.7306e-09,3.37639e-09,2.99207e-09,2.58869e-09
2.56406e-09,2.77496e-09,3.01228e-09,3.26387e-09,3.5507e-09,3.82864e-09,4.08948e-09,4.32519e-09,4.52937e-09,4.68313e-09,4.79063e-09,4.84617e-09,4.83711e-09,4.77353e-09,4.6474e-09,4.46505e-09,4.2439e-09,3.97431e-09,3.65024e-09,3.30427e-09,2.92732e-09,2.53167e-09
2.50974e-09,2.71708e-09,2.94988e-09,3.19668e-09,3.47822e-09,3.75111e-09,4.00712e-09,4.23846e-09,4.4388e-09,4.58982e-09,4.69524e-09,4.74961e-09,4.74048e-09,4.67767e-09,4.55312e-09,4.37421e-09,4.15693e-09,3.89221e-09,3.57425e-09,3.23475e-09,2.86477e-09,2.47619e-09
2.45712e-09,2.66074e-09,2.89002e-09,3.12987e-09,3.40598e-09,3.67508e-09,3.92676e-09,4.15322e-09,4.34981e-09,4.49808e-09,4.6014e-09,4.65477e-09,4.64565e-09,4.58341e-09,4.46107e-09,4.28511e-09,4.07207e-09,3.81289e-09,3.50016e-09,3.16698e-09,2.8036e-09,2.42241e-09
2.40543e-09,2.60517e-09,2.83063e-09,3.06699e-09,3.33899e-09,3.60151e-09,3.84776e-09,4.07099e-09,4.26341e-09,4.40956e-09,4.51072e-09,4.56281e-09,4.55348e-09,4.49214e-09,4.37046e-09,4.19847e-09,3.98827e-09,3.73386e-09,3.42708e-09,3.10062e-09,2.74415e-09,2.36954e-09
2.35392e-09,2.55357e-09,2.77108e-09,3.00379e-09,3.26977e-09,3.52908e-09,3.7712e-09,3.98903e-09,4.17889e-09,4.32214e-09,4.4211e-09,4.47199e-09,4.46289e-09,4.40209e-09,4.28219e-09,4.11362e-09,3.90881e-09,3.65571e-09,3.35738e-09,3.03598e-09,2.68597e-09,2.3184e-09
2.30499e-09,2.49716e-09,2.71528e-09,2.94285e-09,3.20395e-09,3.45679e-09,3.69485e-09,3.90946e-09,4.09546e-09,4.23548e-09,4.33309e-09,4.3832e-09,4.37358e-09,4.31395e-09,4.19582e-09,4.02951e-09,3.82724e-09,3.58148e-09,3.28697e-09,2.97161e-09,2.62918e-09,2.26808e-09
2.25627e-09,2.4461e-09,2.6569e-09,2.88028e-09,3.13581e-09,3.38404e-09,3.61664e-09,3.82679e-09,4.00864e-09,4.14632e-09,4.24184e-09,4.29078e-09,4.28166e-09,4.22294e-09,4.10678e-09,3.94449e-09,3.74624e-09,3.50522e-09,3.21688e-09,2.90858e-09,2.57239e-09,2.21813e-09
2.20883e-09,2.39524e-09,2.6018e-09,2.82069e-09,3.07121e-09,3.31474e-09,3.5429e-09,3.74905e-09,3.92739e-09,4.06254e-09,4.15618e-09,4.2041e-09,4.19493e-09,4.13703e-09,4.02254e-09,3.86334e-09,3.66874e-09,3.43224e-09,3.14958e-09,2.84729e-09,2.5176e-09,2.17e-09
2.16234e-09,2.34533e-09,2.54766e-09,2.76203e-09,3.00756e-09,3.24637e-09,3.47008e-09,3.67221e-09,3.84707e-09,3.97967e-09,4.07144e-09,4.11837e-09,4.10924e-09,4.05219e-09,3.93945e-09,3.78339e-09,3.59244e-09,3.36046e-09,3.08347e-09,2.78713e-09,2.4639e-09,2.12289e-09
2.1165e-09,2.29581e-09,2.49361e-09,2.70302e-09,2.94305e-09,3.17663e-09,3.39542e-09,3.59315e-09,3.76425e-09,3.89417e-09,3.98407e-09,4.03019e-09,4.02139e-09,3.9656e-09,3.8551e-09,3.70263e-09,3.5158e-09,3.28878e-09,3.01776e-09,2.72758e-09,2.41094e-09,2.07659e-09
2.07257e-09,2.24806e-09,2.44369e-09,2.64798e-09,2.88447e-09,3.11342e-09,3.32795e-09,3.52264e-09,3.69014e-09,3.8183e-09,3.90617e-09,3.95122e-09,3.9421e-09,3.88675e-09,3.77728e-09,3.6277e-09,3.44344e-09,3.22129e-09,2.95461e-09,2.67044e-09,2.35974e-09,2.03179e-09
2.02815e-09,2.20085e-09,2.39063e-09,2.59148e-09,2.82192e-09,3.04652e-09,3.25685e-09,3.44694e-09,3.61138e-09,3.73642e-09,3.82271e-09,3.86692e-09,3.8581e-09,3.80392e-09,3.69681e-09,3.55022e-09,3.37034e-09,3.15196e-09,2.89175e-09,2.613e-09,2.30879e-09,1.98722e-09
1.98612e-09,2.15442e-09,2.34173e-09,2.54052e-09,2.76592e-09,2.98639e-09,3.19316e-09,3.38038e-09,3.54207e-09,3.66462e-09,3.74921e-09,3.79253e-09,3.78338e-09,3.72936e-09,3.62366e-09,3.47888e-09,3.30204e-09,3.08513e-09,2.83183e-09,2.5582e-09,2.26085e-09,1.9437e-09
1.94298e-09,2.10914e-09,2.29108e-09,2.48354e-09,2.7046e-09,2.9204e-09,3.1225e-09,3.30519e-09,3.46316e-09,3.58344e-09,3.66623e-09,3.7086e-09,3.69974e-09,3.6472e-09,3.54354e-09,3.40262e-09,3.22955e-09,3.01963e-09,2.76996e-09,2.50238e-09,2.21032e-09,1.90127e-09
1.90141e-09,2.06428e-09,2.2423e-09,2.43051e-09,2.64682e-09,2.85816e-09,3.05607e-09,3.23498e-09,3.38972e-09,3.5076e-09,3.58866e-09,3.63017e-09,3.6214e-09,3.56977e-09,3.46798e-09,3.32998e-09,3.1604e-09,2.95474e-09,2.71034e-09,2.44832e-09,2.16228e-09,1.85943e-09
1.86063e-09,2.02031e-09,2.19458e-09,2.37875e-09,2.59054e-09,2.79764e-09,2.99159e-09,3.16696e-09,3.31857e-09,3.43413e-09,3.51352e-09,3.55414e-09,3.54535e-09,3.49452e-09,3.39443e-09,3.25913e-09,3.09284e-09,2.89127e-09,2.65195e-09,2.39532e-09,2.11514e-09,1.81838e-09
1.81989e-09,1.97713e-09,2.14828e-09,2.32674e-09,2.53415e-09,2.73693e-09,2.92703e-09,3.09814e-09,3.24678e-09,3.3602e-09,3.43772e-09,3.47737e-09,3.46872e-09,3.41897e-09,3.32077e-09,3.18888e-09,3.02752e-09,2.8283e-09,2.59474e-09,2.34311e-09,2.06871e-09,1.77832e-09
1.78095e-09,1.93423e-09,2.10101e-09,2.27707e-09,2.47977e-09,2.6783e-09,2.86425e-09,3.03245e-09,3.17783e-09,3.28879e-09,3.36484e-09,3.4038e-09,3.39511e-09,3.34604e-09,3.24957e-09,3.11979e-09,2.96016e-09,2.76681e-09,2.53759e-09,2.29166e-09,2.02309e-09,1.73836e-09
1.74199e-09,1.8921e-09,2.05514e-09,2.22715e-09,2.42529e-09,2.61951e-09,2.80143e-09,2.96599e-09,3.10827e-09,3.21689e-09,3.29131e-09,3.32947e-09,3.32091e-09,3.27279e-09,3.17825e-09,3.05127e-09,2.89503e-09,2.70579e-09,2.48158e-09,2.24096e-09,1.9781e-09,1.69931e-09
1.70387e-09,1.85102e-09,2.01069e-09,2.17907e-09,2.37314e-09,2.56352e-09,2.74187e-09,2.90324e-09,3.04266e-09,3.14915e-09,3.22197e-09,3.25924e-09,3.25055e-09,3.2031e-09,3.11009e-09,2.98546e-09,2.83216e-09,2.64662e-09,2.42706e-09,2.19143e-09,1.93406e-09,1.66103e-09
1.66616e-09,1.81027e-09,1.96645e-09,2.13103e-09,2.32083e-09,2.5072e-09,2.68177e-09,2.83977e-09,2.97628e-09,3.08053e-09,3.15176e-09,3.18822e-09,3.17956e-09,3.13293e-09,3.04167e-09,2.91961e-09,2.76943e-09,2.58778e-09,2.37297e-09,2.14241e-09,1.89056e-09,1.62328e-09
1.62881e-09,1.76974e-09,1.92225e-09,2.08284e-09,2.26812e-09,2.45018e-09,2.62075e-09,2.77518e-09,2.9086e-09,3.01059e-09,3.08024e-09,3.11599e-09,3.10751e-09,3.06192e-09,2.97267e-09,2.85341e-09,2.70663e-09,2.52907e-09,2.31917e-09,2.09379e-09,1.8475e-09,1.58601e-09
1.59208e-09,1.72995e-09,1.87895e-09,2.0357e-09,2.21666e-09,2.3946e-09,2.56131e-09,2.71229e-09,2.84275e-09,2.94251e-09,3.01061e-09,3.04561e-09,3.03726e-09,2.99263e-09,2.90528e-09,2.78868e-09,2.64514e-09,2.47152e-09,2.26636e-09,2.04602e-09,1.80516e-09,1.54935e-09
1.55644e-09,1.6899e-09,1.83727e-09,1.99048e-09,2.16765e-09,2.34086e-09,2.50428e-09,2.6526e-09,2.78007e-09,2.87782e-09,2.94479e-09,2.97868e-09,2.97008e-09,2.92655e-09,2.84035e-09,2.72627e-09,2.58574e-09,2.41556e-09,2.21405e-09,1.99961e-09,1.76307e-09,1.51333e-09
1.52041e-09,1.65246e-09,1.79495e-09,1.94465e-09,2.11767e-09,2.28807e-09,2.44777e-09,2.59246e-09,2.71743e-09,2.813e-09,2.87808e-09,2.91148e-09,2.9031e-09,2.85996e-09,2.77589e-09,2.66399e-09,2.52629e-09,2.35996e-09,2.16374e-09,1.95298e-09,1.7226e-09,1.47782e-09
1.48508e-09,1.61406e-09,1.75305e-09,1.89889e-09,2.06755e-09,2.23375e-09,2.38954e-09,2.53075e-09,2.65273e-09,2.74608e-09,2.80967e-09,2.8424e-09,2.83425e-09,2.79222e-09,2.71021e-09,2.60107e-09,2.4667e-09,2.30437e-09,2.11284e-09,1.90703e-09,1.68196e-09,1.44273e-09
1.45027e-09,1.57626e-09,1.71188e-09,1.85402e-09,2.0185e-09,2.18069e-09,2.33273e-09,2.47061e-09,2.58972e-09,2.68092e-09,2.74304e-09,2.77509e-09,2.76711e-09,2.72608e-09,2.64599e-09,2.53946e-09,2.40826e-09,2.24976e-09,2.06279e-09,1.8618e-09,1.64195e-09,1.40816e-09
1.41639e-09,1.53981e-09,1.67268e-09,1.81191e-09,1.97309e-09,2.13216e-09,2.2813e-09,2.41656e-09,2.53332e-09,2.62267e-09,2.68336e-09,2.7145e-09,2.70628e-09,2.66563e-09,2.58674e-09,2.48199e-09,2.35315e-09,2.19775e-09,2.01468e-09,1.81801e-09,1.60298e-09,1.37437e-09
1.38243e-09,1.50281e-09,1.63224e-09,1.76767e-09,1.92454e-09,2.07942e-09,2.22466e-09,2.35647e-09,2.47027e-09,2.55742e-09,2.61667e-09,2.64722e-09,2.63931e-09,2.59985e-09,2.52307e-09,2.42112e-09,2.29561e-09,2.14417e-09,1.96571e-09,1.77386e-09,1.56399e-09,1.34076e-09
1.34912e-09,1.46666e-09,1.59294e-09,1.72493e-09,1.8779e-09,2.02902e-09,2.17073e-09,2.29941e-09,2.41049e-09,2.4956e-09,2.55344e-09,2.5833e-09,2.57552e-09,2.53697e-09,2.46199e-09,2.36247e-09,2.23993e-09,2.09211e-09,1.91794e-09,1.73066e-09,1.52576e-09,1.30775e-09
