2.93438e-06,2.69087e-06,2.49966e-06,2.37045e-06,2.26809e-06,2.18448e-06,2.12168e-06,2.09829e-06,2.08538e-06,2.07357e-06,2.11274e-06
2.69565e-06,2.47813e-06,2.30756e-06,2.18255e-06,2.08721e-06,2.00881e-06,1.9493e-06,1.92255e-06,1.906e-06,1.90199e-06,1.92651e-06
2.48791e-06,2.28797e-06,2.1323e-06,2.02284e-06,1.92555e-06,1.85976e-06,1.7988e-06,1.77053e-06,1.7585e-06,1.74537e-06,1.76787e-06
2.29759e-06,2.11662e-06,1.97542e-06,1.87154e-06,1.78083e-06,1.72028e-06,1.66381e-06,1.63623e-06,1.61766e-06,1.61275e-06,1.6266e-06
2.13955e-06,1.97307e-06,1.84291e-06,1.74628e-06,1.66011e-06,1.60598e-06,1.55138e-06,1.52577e-06,1.50391e-06,1.50299e-06,1.51154e-06
2.00423e-06,1.85017e-06,1.72956e-06,1.63711e-06,1.55778e-06,1.50817e-06,1.45677e-06,1.43119e-06,1.40681e-06,1.40702e-06,1.41666e-06
1.87743e-06,1.73414e-06,1.62141e-06,1.53648e-06,1.46318e-06,1.41487e-06,1.36622e-06,1.34444e-06,1.31835e-06,1.32263e-06,1.32556e-06
1.76744e-06,1.63366e-06,1.52829e-06,1.44789e-06,1.38086e-06,1.3343e-06,1.28918e-06,1.26877e-06,1.24239e-06,1.24774e-06,1.24926e-06
1.66894e-06,1.54331e-06,1.44463e-06,1.36828e-06,1.30669e-06,1.26162e-06,1.21991e-06,1.20048e-06,1.17475e-06,1.18072e-06,1.18158e-06
1.57936e-06,1.46181e-06,1.36962e-06,1.29704e-06,1.23945e-06,1.19625e-06,1.15758e-06,1.13837e-06,1.11469e-06,1.12027e-06,1.12076e-06
1.49762e-06,1.38702e-06,1.29936e-06,1.2315e-06,1.17715e-06,1.13563e-06,1.10021e-06,1.08195e-06,1.05938e-06,1.06613e-06,1.06658e-06
1.42299e-06,1.31934e-06,1.23789e-06,1.17267e-06,1.12129e-06,1.08152e-06,1.04885e-06,1.0293e-06,1.00996e-06,1.0154e-06,1.01857e-06
1.35468e-06,1.25665e-06,1.17964e-06,1.1177e-06,1.06833e-06,1.03031e-06,9.99717e-07,9.80562e-07,9.63687e-07,9.68293e-07,9.71531e-07
1.29167e-06,1.19987e-06,1.12678e-06,1.06747e-06,1.02056e-06,9.83893e-07,9.55116e-07,9.35865e-07,9.21009e-07,9.25436e-07,9.2812e-07
1.23328e-06,1.14674e-06,1.07741e-06,1.02098e-06,9.76202e-07,9.41092e-07,9.13874e-07,8.94295e-07,8.81743e-07,8.8399e-07,8.87818e-07
1.17973e-06,1.09836e-06,1.03098e-06,9.79069e-07,9.3552e-07,9.01464e-07,8.75658e-07,8.56028e-07,8.44909e-07,8.46528e-07,8.51889e-07
1.13101e-06,1.05358e-06,9.91083e-07,9.39751e-07,8.9755e-07,8.65809e-07,8.40651e-07,8.21002e-07,8.12356e-07,8.11433e-07,8.18431e-07
1.08265e-06,1.01083e-06,9.49503e-07,9.02286e-07,8.61969e-07,8.30911e-07,8.06039e-07,7.87905e-07,7.78874e-07,7.77443e-07,7.85755e-07
1.04052e-06,9.72498e-07,9.13913e-07,8.68986e-07,8.30113e-07,7.99436e-07,7.7567e-07,7.57693e-07,7.49503e-07,7.48809e-07,7.56137e-07
1.00031e-06,9.36185e-07,8.78818e-07,8.36794e-07,7.98813e-07,7.6975e-07,7.46206e-07,7.29327e-07,7.20936e-07,7.195e-07,7.27665e-07
9.62299e-07,9.01213e-07,8.46793e-07,8.0666e-07,7.7008e-07,7.41455e-07,7.18589e-07,7.02135e-07,6.94928e-07,6.93039e-07,7.0085e-07
9.25545e-07,8.69178e-07,8.15604e-07,7.77102e-07,7.42251e-07,7.14766e-07,6.91985e-07,6.76317e-07,6.69225e-07,6.66385e-07,6.74303e-07
8.92776e-07,8.37137e-07,7.87441e-07,7.50694e-07,7.16192e-07,6.90148e-07,6.68381e-07,6.51644e-07,6.47003e-07,6.4374e-07,6.51205e-07
8.61629e-07,8.0883e-07,7.6093e-07,7.25364e-07,6.92426e-07,6.67055e-07,6.45946e-07,6.31016e-07,6.26198e-07,6.21329e-07,6.28875e-07
8.34311e-07,7.82278e-07,7.36037e-07,7.0249e-07,6.69171e-07,6.43734e-07,6.24426e-07,6.0874e-07,6.04898e-07,6.02345e-07,6.08018e-07
8.06049e-07,7.55794e-07,7.11122e-07,6.78167e-07,6.47029e-07,6.23471e-07,6.03164e-07,5.90033e-07,5.85414e-07,5.81762e-07,5.87527e-07
7.81416e-07,7.32817e-07,6.8978e-07,6.57811e-07,6.28154e-07,6.05448e-07,5.85143e-07,5.72545e-07,5.68321e-07,5.64183e-07,5.70613e-07
7.57564e-07,7.10108e-07,6.68644e-07,6.36682e-07,6.07126e-07,5.85873e-07,5.66441e-07,5.55113e-07,5.5062e-07,5.4729e-07,5.52205e-07
7.35064e-07,6.8899e-07,6.49132e-07,6.17823e-07,5.90762e-07,5.68302e-07,5.50047e-07,5.38576e-07,5.35383e-07,5.31598e-07,5.36561e-07
7.14625e-07,6.69745e-07,6.30626e-07,6.00265e-07,5.74097e-07,5.52404e-07,5.33307e-07,5.2491e-07,5.20635e-07,5.17097e-07,5.21522e-07
6.94047e-07,6.50592e-07,6.13331e-07,5.82075e-07,5.58013e-07,5.36541e-07,5.19243e-07,5.08985e-07,5.06145e-07,5.02888e-07,5.06841e-07
6.75127e-07,6.32737e-07,5.96553e-07,5.64873e-07,5.41914e-07,5.21939e-07,5.04678e-07,4.95341e-07,4.9204e-07,4.89699e-07,4.92513e-07
6.57207e-07,6.16134e-07,5.81051e-07,5.49196e-07,5.27618e-07,5.08257e-07,4.913e-07,4.82607e-07,4.79254e-07,4.77387e-07,4.79749e-07
6.40108e-07,6.00408e-07,5.6639e-07,5.34323e-07,5.14182e-07,4.95426e-07,4.78767e-07,4.70539e-07,4.67189e-07,4.65689e-07,4.6759e-07
6.24642e-07,5.85791e-07,5.52644e-07,5.20247e-07,5.00899e-07,4.83422e-07,4.67015e-07,4.59297e-07,4.55803e-07,4.54553e-07,4.56351e-07
6.08676e-07,5.71359e-07,5.39163e-07,5.04727e-07,4.89359e-07,4.71954e-07,4.55474e-07,4.48158e-07,4.45209e-07,4.43803e-07,4.44574e-07
5.94154e-07,5.58007e-07,5.26149e-07,4.93715e-07,4.77764e-07,4.60504e-07,4.44609e-07,4.37966e-07,4.34559e-07,4.33717e-07,4.34728e-07
5.79536e-07,5.44874e-07,5.13723e-07,4.81363e-07,4.66641e-07,4.49899e-07,4.34298e-07,4.28079e-07,4.24667e-07,4.23889e-07,4.24598e-07
5.66415e-07,5.32171e-07,5.01874e-07,4.69409e-07,4.55982e-07,4.39726e-07,4.24369e-07,4.17919e-07,4.15224e-07,4.14178e-07,4.14981e-07
5.52486e-07,5.20431e-07,4.90486e-07,4.58049e-07,4.45867e-07,4.30255e-07,4.15122e-07,4.07246e-07,4.06577e-07,4.04778e-07,4.05398e-07
5.39267e-07,5.08187e-07,4.79013e-07,4.47269e-07,4.35736e-07,4.20444e-07,4.05677e-07,3.99398e-07,3.97169e-07,3.95949e-07,3.96487e-07
5.26535e-07,4.96658e-07,4.67981e-07,4.3669e-07,4.25981e-07,4.11098e-07,3.96526e-07,3.90547e-07,3.88513e-07,3.87018e-07,3.87313e-07
5.14379e-07,4.85562e-07,4.56252e-07,4.26992e-07,4.16633e-07,4.02029e-07,3.8792e-07,3.81998e-07,3.80137e-07,3.78347e-07,3.79342e-07
5.01824e-07,4.74193e-07,4.465e-07,4.16919e-07,4.07135e-07,3.92944e-07,3.78946e-07,3.73348e-07,3.71667e-07,3.69728e-07,3.70574e-07
4.89389e-07,4.6348e-07,4.36597e-07,4.08168e-07,3.98438e-07,3.84396e-07,3.70957e-07,3.65711e-07,3.63936e-07,3.62179e-07,3.63427e-07
4.77772e-07,4.51911e-07,4.2547e-07,3.97768e-07,3.88762e-07,3.75196e-07,3.62023e-07,3.56544e-07,3.55214e-07,3.52728e-07,3.53972e-07
4.6685e-07,4.4172e-07,4.15709e-07,3.89363e-07,3.80255e-07,3.66604e-07,3.53936e-07,3.48959e-07,3.47672e-07,3.46673e-07,3.46433e-07
4.54278e-07,4.30128e-07,4.04632e-07,3.80071e-07,3.70381e-07,3.57485e-07,3.45402e-07,3.39854e-07,3.38945e-07,3.35635e-07,3.39097e-07
4.42808e-07,4.19369e-07,3.94666e-07,3.70696e-07,3.61809e-07,3.48999e-07,3.37323e-07,3.3173e-07,3.3083e-07,3.25512e-07,3.29104e-07
4.31417e-07,4.08662e-07,3.84358e-07,3.61937e-07,3.5264e-07,3.40216e-07,3.28537e-07,3.23649e-07,3.22751e-07,3.19187e-07,3.21115e-07
4.1982e-07,3.97788e-07,3.74231e-07,3.53e-07,3.4372e-07,3.31444e-07,3.20738e-07,3.15226e-07,3.14411e-07,3.08167e-07,3.12602e-07
4.08332e-07,3.8677e-07,3.63792e-07,3.43443e-07,3.34565e-07,3.22396e-07,3.12313e-07,3.06664e-07,3.06408e-07,3.02207e-07,3.02422e-07
3.97135e-07,3.76182e-07,3.50726e-07,3.35127e-07,3.24989e-07,3.13402e-07,3.04621e-07,2.98007e-07,2.97703e-07,2.92843e-07,2.96871e-07
3.85495e-07,3.65005e-07,3.43139e-07,3.2586e-07,3.15878e-07,3.04483e-07,2.95641e-07,2.9e-07,2.89663e-07,2.84654e-07,2.87802e-07
3.74133e-07,3.54061e-07,3.32717e-07,3.16631e-07,3.06532e-07,2.95399e-07,2.87215e-07,2.81508e-07,2.81219e-07,2.76601e-07,2.79387e-07
3.62841e-07,3.4334e-07,3.22446e-07,3.07297e-07,2.97195e-07,2.86113e-07,2.78664e-07,2.72506e-07,2.72892e-07,2.6864e-07,2.70951e-07
3.51848e-07,3.32142e-07,3.12042e-07,2.98092e-07,2.87882e-07,2.7739e-07,2.69918e-07,2.64982e-07,2.64937e-07,2.59962e-07,2.62472e-07
3.40111e-07,3.21103e-07,3.01463e-07,2.8856e-07,2.78248e-07,2.67919e-07,2.61446e-07,2.55876e-07,2.55668e-07,2.50738e-07,2.54125e-07
3.28925e-07,3.10117e-07,2.91126e-07,2.79056e-07,2.68759e-07,2.5872e-07,2.52676e-07,2.47316e-07,2.47083e-07,2.42074e-07,2.45633e-07
3.1787e-07,2.99269e-07,2.8096e-07,2.69476e-07,2.59365e-07,2.49632e-07,2.43973e-07,2.38849e-07,2.38634e-07,2.32765e-07,2.3737e-07
3.0698e-07,2.88379e-07,2.70534e-07,2.61023e-07,2.49331e-07,2.40211e-07,2.35132e-07,2.30258e-07,2.30303e-07,2.24999e-07,2.32771e-07
2.95954e-07,2.77617e-07,2.60589e-07,2.50199e-07,2.40557e-07,2.31317e-07,2.26407e-07,2.21797e-07,2.21435e-07,2.16476e-07,2.20276e-07
2.85166e-07,2.66874e-07,2.50536e-07,2.40594e-07,2.31244e-07,2.22227e-07,2.17699e-07,2.13383e-07,2.12914e-07,2.08164e-07,2.11908e-07
2.74515e-07,2.56599e-07,2.40731e-07,2.30963e-07,2.22011e-07,2.12901e-07,2.0891e-07,2.0426e-07,2.04632e-07,2.00689e-07,2.03485e-07
2.63925e-07,2.4574e-07,2.30591e-07,2.2147e-07,2.12757e-07,2.0413e-07,2.00386e-07,1.96674e-07,1.96033e-07,1.91629e-07,1.95426e-07
2.58032e-07,2.39375e-07,2.25071e-07,2.16123e-07,2.07631e-07,1.96624e-07,1.95219e-07,1.92173e-07,1.91393e-07,1.86922e-07,1.90717e-07
2.43178e-07,2.2524e-07,2.11225e-07,2.0255e-07,1.94552e-07,1.86324e-07,1.83213e-07,1.80153e-07,1.79414e-07,1.75531e-07,1.79544e-07
2.33042e-07,2.1498e-07,2.01707e-07,1.93266e-07,1.85528e-07,1.77549e-07,1.74641e-07,1.72001e-07,1.71126e-07,1.67388e-07,1.7132e-07
2.23202e-07,2.05097e-07,1.92545e-07,1.84209e-07,1.76796e-07,1.69023e-07,1.66431e-07,1.64154e-07,1.63202e-07,1.5967e-07,1.6364e-07
2.13489e-07,1.95697e-07,1.83474e-07,1.75173e-07,1.68184e-07,1.60691e-07,1.58231e-07,1.56227e-07,1.55246e-07,1.52055e-07,1.55894e-07
2.04135e-07,1.86464e-07,1.74757e-07,1.66456e-07,1.59877e-07,1.52637e-07,1.504e-07,1.48635e-07,1.47656e-07,1.44731e-07,1.48521e-07
1.95132e-07,1.77548e-07,1.6646e-07,1.58294e-07,1.51857e-07,1.44872e-07,1.42815e-07,1.41355e-07,1.40517e-07,1.36524e-07,1.41485e-07
1.86103e-07,1.68869e-07,1.58096e-07,1.50089e-07,1.43963e-07,1.37179e-07,1.35416e-07,1.34125e-07,1.33029e-07,1.30922e-07,1.34631e-07
1.77683e-07,1.60469e-07,1.50143e-07,1.42129e-07,1.36356e-07,1.29771e-07,1.28201e-07,1.27041e-07,1.26142e-07,1.2426e-07,1.27896e-07
1.69417e-07,1.52363e-07,1.42402e-07,1.34562e-07,1.29011e-07,1.2264e-07,1.21268e-07,1.20266e-07,1.19427e-07,1.17921e-07,1.21543e-07
1.61579e-07,1.44755e-07,1.35018e-07,1.27414e-07,1.21992e-07,1.15867e-07,1.14652e-07,1.139e-07,1.12695e-07,1.1198e-07,1.15695e-07
1.5386e-07,1.37391e-07,1.278e-07,1.20286e-07,1.15157e-07,1.0929e-07,1.08189e-07,1.07445e-07,1.06781e-07,1.06e-07,1.09691e-07
1.46716e-07,1.30452e-07,1.21057e-07,1.13706e-07,1.08756e-07,1.03175e-07,1.02141e-07,1.01476e-07,1.00947e-07,1.00493e-07,1.04239e-07
1.39909e-07,1.23959e-07,1.1479e-07,1.07563e-07,1.0278e-07,9.74933e-08,9.6473e-08,9.58453e-08,9.54641e-08,9.53019e-08,9.90584e-08
1.33674e-07,1.18082e-07,1.08987e-07,1.01866e-07,9.72359e-08,9.2253e-08,9.12149e-08,9.06048e-08,9.0394e-08,9.04886e-08,9.42574e-08
1.27832e-07,1.12694e-07,1.03668e-07,9.66756e-08,9.2174e-08,8.75041e-08,8.64161e-08,8.58461e-08,8.58061e-08,8.60533e-08,8.98236e-08
1.22603e-07,1.07666e-07,9.88782e-08,9.19728e-08,8.75659e-08,8.31655e-08,8.20428e-08,8.14823e-08,8.14814e-08,8.20846e-08,8.57315e-08
1.17596e-07,1.03143e-07,9.43995e-08,8.76686e-08,8.34262e-08,7.93198e-08,7.81086e-08,7.749e-08,7.76386e-08,7.84341e-08,8.19127e-08
1.13251e-07,9.89887e-08,9.0523e-08,8.39346e-08,7.97521e-08,7.59192e-08,7.46518e-08,7.40026e-08,7.42023e-08,7.53112e-08,7.8693e-08
1.0928e-07,9.53877e-08,8.68658e-08,8.04882e-08,7.64678e-08,7.28372e-08,7.14982e-08,7.08232e-08,7.11646e-08,7.23294e-08,7.5656e-08
1.05639e-07,9.20732e-08,8.36514e-08,7.74289e-08,7.35266e-08,7.00922e-08,6.86988e-08,6.79831e-08,6.83219e-08,6.985e-08,7.29666e-08
1.02187e-07,8.87564e-08,8.07233e-08,7.45975e-08,7.0839e-08,6.74844e-08,6.61106e-08,6.53819e-08,6.57813e-08,6.72776e-08,7.04479e-08
9.8943e-08,8.60749e-08,7.80034e-08,7.20637e-08,6.8332e-08,6.51948e-08,6.37766e-08,6.30301e-08,6.34711e-08,6.50073e-08,6.81733e-08
9.62203e-08,8.35831e-08,7.55338e-08,6.9733e-08,6.6195e-08,6.30988e-08,6.16829e-08,6.09482e-08,6.14773e-08,6.292e-08,6.61851e-08
9.31186e-08,8.10596e-08,7.32702e-08,6.76413e-08,6.40649e-08,6.11919e-08,5.97187e-08,5.89368e-08,5.94625e-08,6.10427e-08,6.41107e-08
9.0753e-08,7.88278e-08,7.12087e-08,6.56453e-08,6.21986e-08,5.94465e-08,5.798e-08,5.71781e-08,5.77274e-08,5.93046e-08,6.23384e-08
8.82629e-08,7.66505e-08,6.93454e-08,6.39156e-08,6.0516e-08,5.78982e-08,5.64056e-08,5.55793e-08,5.61756e-08,5.77703e-08,6.06877e-08
8.60649e-08,7.49089e-08,6.75474e-08,6.22897e-08,5.90078e-08,5.64937e-08,5.49859e-08,5.41332e-08,5.47886e-08,5.63115e-08,5.91899e-08
8.40036e-08,7.30459e-08,6.60126e-08,6.08421e-08,5.76261e-08,5.52069e-08,5.37025e-08,5.28631e-08,5.34509e-08,5.50387e-08,5.78143e-08
8.20108e-08,7.13879e-08,6.45389e-08,5.95046e-08,5.63721e-08,5.4002e-08,5.25464e-08,5.17083e-08,5.22628e-08,5.38496e-08,5.65705e-08
8.00683e-08,6.98002e-08,6.31085e-08,5.8216e-08,5.51502e-08,5.28417e-08,5.14247e-08,5.05498e-08,5.11357e-08,5.26832e-08,5.54204e-08
7.82979e-08,6.82559e-08,6.17621e-08,5.69502e-08,5.39535e-08,5.17006e-08,5.03163e-08,4.9494e-08,5.00316e-08,5.1567e-08,5.4178e-08
7.64045e-08,6.66968e-08,6.03759e-08,5.57341e-08,5.27909e-08,5.05896e-08,4.92459e-08,4.84041e-08,4.89742e-08,5.0482e-08,5.30535e-08
7.48005e-08,6.51925e-08,5.90888e-08,5.45414e-08,5.16559e-08,4.94982e-08,4.82077e-08,4.73745e-08,4.79524e-08,4.94297e-08,5.18795e-08
7.29787e-08,6.37754e-08,5.77819e-08,5.33741e-08,5.05486e-08,4.84661e-08,4.7197e-08,4.63699e-08,4.69632e-08,4.83976e-08,5.09146e-08
7.1488e-08,6.24094e-08,5.65705e-08,5.22632e-08,4.9476e-08,4.74135e-08,4.62331e-08,4.53472e-08,4.59881e-08,4.74127e-08,4.98762e-08
6.9681e-08,6.09299e-08,5.53105e-08,5.1151e-08,4.84063e-08,4.64203e-08,4.5248e-08,4.44537e-08,4.50401e-08,4.64453e-08,4.88736e-08
6.8304e-08,5.97069e-08,5.41819e-08,5.00578e-08,4.73813e-08,4.54413e-08,4.43342e-08,4.34975e-08,4.41186e-08,4.54964e-08,4.79845e-08
6.6543e-08,5.82602e-08,5.29447e-08,4.90108e-08,4.63721e-08,4.44797e-08,4.33924e-08,4.26154e-08,4.32098e-08,4.45866e-08,4.69004e-08
6.52528e-08,5.69607e-08,5.18382e-08,4.79691e-08,4.53756e-08,4.35209e-08,4.24901e-08,4.17126e-08,4.2328e-08,4.36645e-08,4.59674e-08
6.37535e-08,5.57146e-08,5.07223e-08,4.69669e-08,4.44112e-08,4.26004e-08,4.16184e-08,4.0939e-08,4.14618e-08,4.27793e-08,4.50404e-08
6.24675e-08,5.45345e-08,4.9707e-08,4.6016e-08,4.35148e-08,4.17577e-08,4.07992e-08,4.00444e-08,4.06825e-08,4.19554e-08,4.42005e-08
6.10794e-08,5.34456e-08,4.86616e-08,4.50561e-08,4.25836e-08,4.0881e-08,3.99676e-08,3.91336e-08,3.98983e-08,4.11099e-08,4.33394e-08
5.97392e-08,5.23317e-08,4.76759e-08,4.41092e-08,4.16716e-08,4.0049e-08,3.91281e-08,3.8385e-08,3.90437e-08,4.02667e-08,4.24326e-08
5.83042e-08,5.09112e-08,4.65235e-08,4.3102e-08,4.07168e-08,3.91026e-08,3.82503e-08,3.75174e-08,3.81777e-08,3.93994e-08,4.1493e-08
5.69997e-08,4.97783e-08,4.55173e-08,4.21883e-08,3.98281e-08,3.82622e-08,3.74301e-08,3.67225e-08,3.73671e-08,3.8579e-08,4.0644e-08
5.57099e-08,4.86507e-08,4.4541e-08,4.13208e-08,3.89621e-08,3.74444e-08,3.66487e-08,3.59479e-08,3.6574e-08,3.77978e-08,3.98106e-08
5.44882e-08,4.75702e-08,4.35644e-08,4.03971e-08,3.8101e-08,3.66304e-08,3.58535e-08,3.5175e-08,3.58168e-08,3.69986e-08,3.89863e-08
5.32793e-08,4.6329e-08,4.26239e-08,3.95114e-08,3.7256e-08,3.58319e-08,3.50746e-08,3.44147e-08,3.50497e-08,3.62386e-08,3.82207e-08
5.20914e-08,4.56679e-08,4.17619e-08,3.86737e-08,3.64136e-08,3.50855e-08,3.43311e-08,3.36602e-08,3.43126e-08,3.54782e-08,3.73708e-08
5.09249e-08,4.43878e-08,4.0759e-08,3.78158e-08,3.56089e-08,3.42723e-08,3.35772e-08,3.29286e-08,3.3574e-08,3.47084e-08,3.65841e-08
4.974e-08,4.33416e-08,3.98653e-08,3.70264e-08,3.48107e-08,3.35221e-08,3.28526e-08,3.22087e-08,3.28275e-08,3.39778e-08,3.58072e-08
4.86225e-08,4.23511e-08,3.89618e-08,3.61621e-08,3.40156e-08,3.27639e-08,3.21215e-08,3.14925e-08,3.21327e-08,3.32254e-08,3.50399e-08
4.75296e-08,4.13474e-08,3.80775e-08,3.53467e-08,3.32402e-08,3.20276e-08,3.1399e-08,3.07747e-08,3.14209e-08,3.24925e-08,3.42709e-08
4.64315e-08,4.0364e-08,3.72234e-08,3.45554e-08,3.247e-08,3.1304e-08,3.07031e-08,3.00887e-08,3.07457e-08,3.17737e-08,3.35584e-08
4.53865e-08,3.94921e-08,3.64614e-08,3.37547e-08,3.17258e-08,3.0638e-08,2.99845e-08,2.93529e-08,2.99898e-08,3.10762e-08,3.27656e-08
4.42524e-08,3.84709e-08,3.55417e-08,3.30528e-08,3.10079e-08,2.99016e-08,2.93381e-08,2.87211e-08,2.93464e-08,3.03956e-08,3.20652e-08
4.32318e-08,3.77951e-08,3.47127e-08,3.22336e-08,3.02669e-08,2.91976e-08,2.8665e-08,2.78793e-08,2.87464e-08,2.97104e-08,3.13266e-08
4.22016e-08,3.66491e-08,3.38833e-08,3.14756e-08,2.95549e-08,2.85139e-08,2.79922e-08,2.73915e-08,2.80285e-08,2.90135e-08,3.06096e-08
4.12085e-08,3.57716e-08,3.30825e-08,3.07264e-08,2.88516e-08,2.78439e-08,2.73354e-08,2.67418e-08,2.73782e-08,2.83433e-08,2.98994e-08
4.01935e-08,3.49052e-08,3.22958e-08,2.99994e-08,2.81633e-08,2.7178e-08,2.66933e-08,2.61015e-08,2.67317e-08,2.76779e-08,2.9217e-08
3.92247e-08,3.43653e-08,3.1626e-08,2.92808e-08,2.74634e-08,2.65818e-08,2.60512e-08,2.54494e-08,2.60941e-08,2.70303e-08,2.85123e-08
3.82543e-08,3.32007e-08,3.07499e-08,2.85576e-08,2.68083e-08,2.58895e-08,2.5426e-08,2.4844e-08,2.54759e-08,2.63689e-08,2.78669e-08
3.7289e-08,3.23657e-08,2.99877e-08,2.78479e-08,2.61415e-08,2.52516e-08,2.47993e-08,2.42286e-08,2.4854e-08,2.57531e-08,2.71977e-08
3.63736e-08,3.15637e-08,2.92395e-08,2.71632e-08,2.54982e-08,2.46238e-08,2.42029e-08,2.36266e-08,2.4245e-08,2.51379e-08,2.6555e-08
3.5464e-08,3.07574e-08,2.84969e-08,2.64726e-08,2.48509e-08,2.40097e-08,2.35928e-08,2.30287e-08,2.36429e-08,2.45138e-08,2.59123e-08
3.45724e-08,2.99702e-08,2.77646e-08,2.58005e-08,2.42157e-08,2.33979e-08,2.29958e-08,2.24368e-08,2.30366e-08,2.38917e-08,2.52687e-08
3.3721e-08,2.91969e-08,2.70485e-08,2.51333e-08,2.35951e-08,2.28022e-08,2.24031e-08,2.18555e-08,2.24567e-08,2.32901e-08,2.46467e-08
3.30852e-08,2.86682e-08,2.65273e-08,2.46272e-08,2.31582e-08,2.23707e-08,2.20001e-08,2.14478e-08,2.20657e-08,2.28494e-08,2.42204e-08
3.2049e-08,2.76819e-08,2.5641e-08,2.38308e-08,2.23748e-08,2.16304e-08,2.12524e-08,2.07158e-08,2.13029e-08,2.21039e-08,2.34076e-08
3.11676e-08,2.69765e-08,2.49585e-08,2.31981e-08,2.179e-08,2.10566e-08,2.06975e-08,2.01625e-08,2.07441e-08,2.15348e-08,2.28053e-08
3.03873e-08,2.62579e-08,2.42847e-08,2.25788e-08,2.12157e-08,2.04928e-08,2.01412e-08,1.96091e-08,2.01926e-08,2.09668e-08,2.22124e-08
2.95551e-08,2.55687e-08,2.36351e-08,2.19727e-08,2.06495e-08,1.99405e-08,1.96101e-08,1.90861e-08,1.96489e-08,2.04096e-08,2.16357e-08
2.87905e-08,2.48789e-08,2.2997e-08,2.13695e-08,2.00953e-08,1.94082e-08,1.90743e-08,1.85685e-08,1.91119e-08,1.9855e-08,2.10586e-08
2.7997e-08,2.42095e-08,2.23705e-08,2.07913e-08,1.9554e-08,1.88762e-08,1.85552e-08,1.80567e-08,1.8593e-08,1.93201e-08,2.05081e-08
2.72795e-08,2.35447e-08,2.17535e-08,2.02122e-08,1.90193e-08,1.83583e-08,1.80465e-08,1.75556e-08,1.80844e-08,1.87993e-08,1.99503e-08
2.65989e-08,2.29131e-08,2.11477e-08,1.96632e-08,1.85032e-08,1.78506e-08,1.75517e-08,1.70592e-08,1.75745e-08,1.82757e-08,1.94124e-08
2.58658e-08,2.22741e-08,2.05533e-08,1.91052e-08,1.79888e-08,1.7349e-08,1.70536e-08,1.65792e-08,1.70783e-08,1.77702e-08,1.88704e-08
2.51499e-08,2.16679e-08,1.99856e-08,1.85725e-08,1.74948e-08,1.68675e-08,1.65798e-08,1.61099e-08,1.65991e-08,1.72715e-08,1.83527e-08
2.44279e-08,2.10631e-08,1.94156e-08,1.80523e-08,1.70046e-08,1.63975e-08,1.61009e-08,1.56538e-08,1.61381e-08,1.67861e-08,1.78367e-08
2.37562e-08,2.0488e-08,1.88727e-08,1.75448e-08,1.65378e-08,1.59306e-08,1.56521e-08,1.52126e-08,1.56714e-08,1.63239e-08,1.73571e-08
2.30579e-08,1.9934e-08,1.83477e-08,1.70451e-08,1.607e-08,1.54779e-08,1.52095e-08,1.47771e-08,1.52377e-08,1.58703e-08,1.687e-08
2.25807e-08,1.93599e-08,1.78137e-08,1.65537e-08,1.56065e-08,1.50304e-08,1.47618e-08,1.43417e-08,1.47797e-08,1.5389e-08,1.63905e-08
2.19322e-08,1.88361e-08,1.73082e-08,1.60765e-08,1.51713e-08,1.45952e-08,1.43325e-08,1.39232e-08,1.43477e-08,1.49572e-08,1.59361e-08
2.13333e-08,1.83088e-08,1.68133e-08,1.56084e-08,1.47251e-08,1.41722e-08,1.39129e-08,1.35122e-08,1.3924e-08,1.45222e-08,1.54721e-08
2.0766e-08,1.77976e-08,1.63266e-08,1.51595e-08,1.43001e-08,1.37591e-08,1.35019e-08,1.31159e-08,1.35091e-08,1.40902e-08,1.50333e-08
2.01733e-08,1.73166e-08,1.58609e-08,1.47115e-08,1.38913e-08,1.336e-08,1.31048e-08,1.27299e-08,1.31048e-08,1.36896e-08,1.4593e-08
1.96438e-08,1.6842e-08,1.54142e-08,1.42921e-08,1.34921e-08,1.29715e-08,1.27221e-08,1.23578e-08,1.27184e-08,1.32996e-08,1.41922e-08
1.9107e-08,1.63915e-08,1.49749e-08,1.38843e-08,1.31004e-08,1.25951e-08,1.2352e-08,1.20074e-08,1.23434e-08,1.28995e-08,1.37903e-08
1.86316e-08,1.59581e-08,1.45492e-08,1.34853e-08,1.27326e-08,1.2232e-08,1.19909e-08,1.16536e-08,1.19731e-08,1.25353e-08,1.33949e-08
1.81279e-08,1.55241e-08,1.41399e-08,1.31031e-08,1.23625e-08,1.18813e-08,1.16417e-08,1.13179e-08,1.16112e-08,1.21529e-08,1.3003e-08
1.77728e-08,1.51323e-08,1.37653e-08,1.2743e-08,1.20184e-08,1.15495e-08,1.13071e-08,1.09956e-08,1.12877e-08,1.1798e-08,1.26299e-08
1.72773e-08,1.47356e-08,1.33785e-08,1.23902e-08,1.16823e-08,1.12195e-08,1.099e-08,1.06899e-08,1.09536e-08,1.14572e-08,1.22795e-08
1.67671e-08,1.43765e-08,1.3023e-08,1.20439e-08,1.13573e-08,1.0907e-08,1.0675e-08,1.03899e-08,1.06459e-08,1.11502e-08,1.1912e-08
1.63717e-08,1.40298e-08,1.26813e-08,1.17227e-08,1.1061e-08,1.06084e-08,1.03849e-08,1.01053e-08,1.03513e-08,1.08499e-08,1.15724e-08
1.59974e-08,1.36905e-08,1.23567e-08,1.1419e-08,1.07685e-08,1.03261e-08,1.01027e-08,9.84081e-09,1.00615e-08,1.05396e-08,1.12855e-08
1.55521e-08,1.33614e-08,1.20271e-08,1.11237e-08,1.04828e-08,1.00634e-08,9.83162e-09,9.58711e-09,9.79204e-09,1.02705e-08,1.0987e-08
1.51895e-08,1.30436e-08,1.17319e-08,1.08379e-08,1.02169e-08,9.79441e-09,9.57148e-09,9.33956e-09,9.51868e-09,9.99924e-09,1.06971e-08
1.48799e-08,1.27459e-08,1.14516e-08,1.05781e-08,9.96262e-09,9.56336e-09,9.32989e-09,9.1081e-09,9.28068e-09,9.73031e-09,1.04245e-08
1.44067e-08,1.24562e-08,1.11749e-08,1.03165e-08,9.71507e-09,9.31956e-09,9.09201e-09,8.88301e-09,9.04162e-09,9.50981e-09,1.01644e-08
1.41639e-08,1.21912e-08,1.09114e-08,1.00742e-08,9.48328e-09,9.09311e-09,8.87573e-09,8.6667e-09,8.81e-09,9.27423e-09,9.91851e-09
1.39362e-08,1.19431e-08,1.06712e-08,9.8513e-09,9.26623e-09,8.88562e-09,8.66819e-09,8.46854e-09,8.60561e-09,9.05224e-09,9.68829e-09
1.34988e-08,1.16778e-08,1.04237e-08,9.6222e-09,9.05171e-09,8.67839e-09,8.46388e-09,8.26988e-09,8.38713e-09,8.85387e-09,9.46081e-09
1.32123e-08,1.14375e-08,1.0198e-08,9.4111e-09,8.84959e-09,8.48383e-09,8.27171e-09,8.0845e-09,8.19219e-09,8.65625e-09,9.2473e-09
1.30021e-08,1.1213e-08,9.98643e-09,9.21238e-09,8.65447e-09,8.30271e-09,8.09064e-09,7.91432e-09,8.01958e-09,8.47298e-09,9.04698e-09
1.28113e-08,1.09819e-08,9.77022e-09,9.0237e-09,8.46882e-09,8.11683e-09,7.92173e-09,7.73984e-09,7.8256e-09,8.28409e-09,8.86487e-09
1.25422e-08,1.07757e-08,9.58064e-09,8.83336e-09,8.2942e-09,7.94667e-09,7.7442e-09,7.57902e-09,7.66501e-09,8.10741e-09,8.67469e-09
1.22372e-08,1.057e-08,9.37435e-09,8.64868e-09,8.11908e-09,7.77356e-09,7.58387e-09,7.41577e-09,7.49857e-09,7.94788e-09,8.48581e-09
1.19819e-08,1.03513e-08,9.17981e-09,8.47384e-09,7.95029e-09,7.61597e-09,7.42146e-09,7.26627e-09,7.33826e-09,7.77886e-09,8.30875e-09
1.17454e-08,1.01546e-08,9.0031e-09,8.30581e-09,7.79031e-09,7.46581e-09,7.26869e-09,7.12083e-09,7.18834e-09,7.62708e-09,8.14294e-09
1.15061e-08,9.96553e-09,8.82798e-09,8.15095e-09,7.63729e-09,7.32488e-09,7.12903e-09,6.97957e-09,7.04238e-09,7.47937e-09,7.98394e-09
1.13637e-08,9.80066e-09,8.65822e-09,7.98718e-09,7.49164e-09,7.17492e-09,6.98442e-09,6.84802e-09,6.90429e-09,7.33939e-09,7.82477e-09
1.10862e-08,9.61615e-09,8.48643e-09,7.83873e-09,7.34002e-09,7.04154e-09,6.84937e-09,6.71811e-09,6.7704e-09,7.19932e-09,7.67323e-09
1.08803e-08,9.44779e-09,8.33556e-09,7.68872e-09,7.202e-09,6.90657e-09,6.71929e-09,6.59205e-09,6.63882e-09,7.06679e-09,7.51285e-09
1.06771e-08,9.26447e-09,8.17931e-09,7.5504e-09,7.07012e-09,6.7796e-09,6.59101e-09,6.4715e-09,6.51346e-09,6.92778e-09,7.38133e-09
1.04919e-08,9.10625e-09,8.02474e-09,7.41353e-09,6.93903e-09,6.64616e-09,6.4694e-09,6.3548e-09,6.38818e-09,6.81082e-09,7.24552e-09
1.03604e-08,8.95074e-09,7.88447e-09,7.28307e-09,6.81591e-09,6.53022e-09,6.35673e-09,6.24176e-09,6.2792e-09,6.69329e-09,7.11818e-09
1e-08,8.78602e-09,7.73505e-09,7.15591e-09,6.69351e-09,6.41633e-09,6.23858e-09,6.12972e-09,6.16094e-09,6.58809e-09,6.98577e-09
9.88432e-09,8.63211e-09,7.59539e-09,7.03499e-09,6.57883e-09,6.30143e-09,6.13488e-09,6.02425e-09,6.05062e-09,6.4744e-09,6.86871e-09
9.77521e-09,8.47746e-09,7.47123e-09,6.91838e-09,6.47275e-09,6.20013e-09,6.0318e-09,5.92528e-09,5.95002e-09,6.3657e-09,6.76182e-09
9.61566e-09,8.33349e-09,7.33638e-09,6.80487e-09,6.35971e-09,6.09395e-09,5.93391e-09,5.82794e-09,5.8438e-09,6.26823e-09,6.65629e-09
9.4499e-09,8.18904e-09,7.20741e-09,6.68753e-09,6.24985e-09,5.98639e-09,5.82755e-09,5.72464e-09,5.74678e-09,6.16053e-09,6.53263e-09
9.27544e-09,8.05397e-09,7.09289e-09,6.57431e-09,6.14177e-09,5.88838e-09,5.72983e-09,5.6283e-09,5.66004e-09,6.05516e-09,6.41923e-09
9.11038e-09,7.91402e-09,6.97173e-09,6.46214e-09,6.03454e-09,5.7799e-09,5.63282e-09,5.53107e-09,5.56721e-09,5.96116e-09,6.30533e-09
8.95115e-09,7.78264e-09,6.85033e-09,6.35192e-09,5.92828e-09,5.68301e-09,5.53771e-09,5.43902e-09,5.47535e-09,5.86953e-09,6.19332e-09
8.80701e-09,7.64083e-09,6.72512e-09,6.24482e-09,5.82892e-09,5.58493e-09,5.4431e-09,5.34791e-09,5.37568e-09,5.76845e-09,6.10229e-09
8.663e-09,7.50676e-09,6.60789e-09,6.14035e-09,5.72815e-09,5.49327e-09,5.34717e-09,5.25886e-09,5.28646e-09,5.66919e-09,5.99518e-09
8.49995e-09,7.37343e-09,6.48821e-09,6.03185e-09,5.62745e-09,5.39294e-09,5.25652e-09,5.16962e-09,5.19687e-09,5.58098e-09,5.89243e-09
8.35146e-09,7.24176e-09,6.37036e-09,5.92695e-09,5.52964e-09,5.29762e-09,5.16601e-09,5.08364e-09,5.10857e-09,5.48796e-09,5.7905e-09
8.20348e-09,7.12167e-09,6.26499e-09,5.82458e-09,5.43234e-09,5.20758e-09,5.07724e-09,4.99676e-09,5.02226e-09,5.39757e-09,5.69069e-09
8.06266e-09,6.99311e-09,6.1533e-09,5.72569e-09,5.34283e-09,5.12251e-09,4.99143e-09,4.914e-09,4.9397e-09,5.30191e-09,5.59486e-09
7.9252e-09,6.86436e-09,6.03759e-09,5.62272e-09,5.24706e-09,5.02645e-09,4.90652e-09,4.82952e-09,4.85563e-09,5.22219e-09,5.49275e-09
7.78468e-09,6.74391e-09,5.93023e-09,5.52677e-09,5.1548e-09,4.94158e-09,4.81795e-09,4.74659e-09,4.77019e-09,5.13104e-09,5.39556e-09
7.59858e-09,6.62593e-09,5.8224e-09,5.4286e-09,5.06281e-09,4.85672e-09,4.73549e-09,4.66669e-09,4.68693e-09,5.05321e-09,5.2975e-09
7.51239e-09,6.50265e-09,5.71684e-09,5.33378e-09,4.9737e-09,4.76798e-09,4.6531e-09,4.58638e-09,4.60945e-09,4.95957e-09,5.20946e-09
7.37403e-09,6.38325e-09,5.61042e-09,5.23972e-09,4.88554e-09,4.68389e-09,4.57248e-09,4.50804e-09,4.53006e-09,4.87491e-09,5.11736e-09
7.24625e-09,6.27184e-09,5.50844e-09,5.1467e-09,4.79888e-09,4.60003e-09,4.49318e-09,4.43036e-09,4.45201e-09,4.79313e-09,5.03082e-09
7.11195e-09,6.15197e-09,5.40734e-09,5.05527e-09,4.71299e-09,4.51895e-09,4.41346e-09,4.35397e-09,4.37588e-09,4.70903e-09,4.93342e-09
6.97631e-09,6.03919e-09,5.31024e-09,4.96714e-09,4.63016e-09,4.44168e-09,4.33696e-09,4.27947e-09,4.30172e-09,4.62259e-09,4.84476e-09
6.8603e-09,5.92773e-09,5.20886e-09,4.87325e-09,4.54433e-09,4.3585e-09,4.25823e-09,4.20316e-09,4.225e-09,4.54475e-09,4.75383e-09
6.76392e-09,5.82082e-09,5.11639e-09,4.78649e-09,4.46149e-09,4.28009e-09,4.18253e-09,4.13063e-09,4.15239e-09,4.46606e-09,4.6673e-09
6.61031e-09,5.70811e-09,5.02052e-09,4.70292e-09,4.38004e-09,4.20162e-09,4.10805e-09,4.05665e-09,4.07799e-09,4.38562e-09,4.57774e-09
6.487e-09,5.60571e-09,4.9234e-09,4.61397e-09,4.30052e-09,4.12599e-09,4.03342e-09,3.98459e-09,4.00555e-09,4.30698e-09,4.49277e-09
6.37125e-09,5.49862e-09,4.83226e-09,4.52829e-09,4.22221e-09,4.052e-09,3.96261e-09,3.9158e-09,3.9364e-09,4.22994e-09,4.41139e-09
6.24686e-09,5.39668e-09,4.73975e-09,4.44537e-09,4.14321e-09,3.97582e-09,3.89066e-09,3.8441e-09,3.86528e-09,4.15191e-09,4.32315e-09
6.132e-09,5.29305e-09,4.64834e-09,4.36348e-09,4.0678e-09,3.90285e-09,3.81924e-09,3.77505e-09,3.79564e-09,4.07634e-09,4.24045e-09
6.0187e-09,5.19573e-09,4.56267e-09,4.28172e-09,3.99514e-09,3.83288e-09,3.74997e-09,3.70863e-09,3.72886e-09,3.99947e-09,4.15971e-09
5.90414e-09,5.09373e-09,4.4736e-09,4.20147e-09,3.91781e-09,3.75952e-09,3.68126e-09,3.6411e-09,3.66048e-09,3.92703e-09,4.07839e-09
5.79345e-09,4.9962e-09,4.38841e-09,4.12388e-09,3.84504e-09,3.69026e-09,3.61496e-09,3.57604e-09,3.59512e-09,3.85494e-09,3.99886e-09
5.67072e-09,4.90042e-09,4.30058e-09,4.04233e-09,3.77304e-09,3.62195e-09,3.54765e-09,3.51087e-09,3.52776e-09,3.78348e-09,3.92308e-09
5.57696e-09,4.80727e-09,4.22057e-09,3.96846e-09,3.70186e-09,3.55313e-09,3.48242e-09,3.44748e-09,3.46661e-09,3.71099e-09,3.84385e-09
5.47483e-09,4.71513e-09,4.14015e-09,3.89422e-09,3.63257e-09,3.48788e-09,3.41795e-09,3.3857e-09,3.40198e-09,3.64168e-09,3.76676e-09
5.36635e-09,4.62074e-09,4.06238e-09,3.81942e-09,3.56174e-09,3.4218e-09,3.35415e-09,3.32346e-09,3.33977e-09,3.57137e-09,3.68865e-09
5.26718e-09,4.5346e-09,3.979e-09,3.74824e-09,3.49689e-09,3.35847e-09,3.29064e-09,3.26312e-09,3.2781e-09,3.50375e-09,3.6138e-09
5.16424e-09,4.44978e-09,3.90449e-09,3.67722e-09,3.43072e-09,3.29399e-09,3.23093e-09,3.20216e-09,3.21779e-09,3.43579e-09,3.54208e-09
5.06919e-09,4.36087e-09,3.83191e-09,3.60356e-09,3.3665e-09,3.23351e-09,3.16933e-09,3.14559e-09,3.1566e-09,3.3709e-09,3.46978e-09
4.97198e-09,4.27529e-09,3.75538e-09,3.53682e-09,3.30264e-09,3.17248e-09,3.1109e-09,3.08711e-09,3.09893e-09,3.30489e-09,3.39896e-09
4.87499e-09,4.19217e-09,3.67989e-09,3.46836e-09,3.24059e-09,3.11186e-09,3.05263e-09,3.02983e-09,3.04102e-09,3.24093e-09,3.32844e-09
4.78213e-09,4.11466e-09,3.60883e-09,3.40341e-09,3.17926e-09,3.05358e-09,2.99687e-09,2.97431e-09,2.9851e-09,3.17833e-09,3.25952e-09
4.69041e-09,4.03153e-09,3.53687e-09,3.33854e-09,3.11931e-09,2.99601e-09,2.93967e-09,2.91881e-09,2.92899e-09,3.11634e-09,3.19029e-09
4.60004e-09,3.95265e-09,3.46748e-09,3.27214e-09,3.06021e-09,2.93898e-09,2.88415e-09,2.8654e-09,2.87331e-09,3.05524e-09,3.12291e-09
4.51248e-09,3.87536e-09,3.39549e-09,3.20772e-09,3.00319e-09,2.88416e-09,2.82923e-09,2.8124e-09,2.82109e-09,2.9943e-09,3.05658e-09
4.42382e-09,3.80004e-09,3.33202e-09,3.14799e-09,2.94518e-09,2.82848e-09,2.77707e-09,2.75978e-09,2.76764e-09,2.93571e-09,2.99243e-09
4.33906e-09,3.72558e-09,3.26494e-09,3.08804e-09,2.88876e-09,2.77496e-09,2.72537e-09,2.70806e-09,2.715e-09,2.87691e-09,2.92724e-09
4.25636e-09,3.65241e-09,3.20191e-09,3.0251e-09,2.83394e-09,2.72266e-09,2.67034e-09,2.65741e-09,2.66316e-09,2.81996e-09,2.86182e-09
4.1743e-09,3.58009e-09,3.138e-09,2.96485e-09,2.7809e-09,2.67021e-09,2.62234e-09,2.60772e-09,2.61153e-09,2.76328e-09,2.80222e-09
4.09537e-09,3.50852e-09,3.07607e-09,2.90647e-09,2.72722e-09,2.61726e-09,2.57209e-09,2.55821e-09,2.56262e-09,2.70825e-09,2.73978e-09
4.01125e-09,3.43937e-09,3.01366e-09,2.84975e-09,2.67229e-09,2.56784e-09,2.52278e-09,2.50944e-09,2.51317e-09,2.65191e-09,2.6799e-09
3.93679e-09,3.37194e-09,2.95888e-09,2.79207e-09,2.62453e-09,2.51762e-09,2.47403e-09,2.46268e-09,2.46562e-09,2.59982e-09,2.62122e-09
3.86357e-09,3.30502e-09,2.89538e-09,2.74078e-09,2.57836e-09,2.4713e-09,2.42725e-09,2.41584e-09,2.41611e-09,2.54816e-09,2.55925e-09
3.78624e-09,3.24085e-09,2.84059e-09,2.68479e-09,2.52532e-09,2.4233e-09,2.38162e-09,2.36878e-09,2.37089e-09,2.49598e-09,2.50505e-09
3.71361e-09,3.17773e-09,2.78286e-09,2.63326e-09,2.47842e-09,2.37739e-09,2.33648e-09,2.32313e-09,2.32667e-09,2.44442e-09,2.45048e-09
3.64029e-09,3.11714e-09,2.72535e-09,2.58074e-09,2.43102e-09,2.33208e-09,2.29298e-09,2.27989e-09,2.28142e-09,2.39785e-09,2.39424e-09
3.57103e-09,3.0473e-09,2.67614e-09,2.53111e-09,2.38504e-09,2.28778e-09,2.24881e-09,2.23622e-09,2.23922e-09,2.34616e-09,2.3406e-09
3.50222e-09,2.99438e-09,2.62553e-09,2.47957e-09,2.34039e-09,2.24492e-09,2.20658e-09,2.19361e-09,2.19376e-09,2.30029e-09,2.29178e-09
3.43729e-09,2.94077e-09,2.56982e-09,2.43505e-09,2.29736e-09,2.20215e-09,2.16606e-09,2.15209e-09,2.15061e-09,2.25373e-09,2.23613e-09
3.36997e-09,2.88583e-09,2.52531e-09,2.3913e-09,2.2544e-09,2.16348e-09,2.12615e-09,2.11022e-09,2.11866e-09,2.21192e-09,2.18993e-09
3.30736e-09,2.8292e-09,2.47236e-09,2.3424e-09,2.21418e-09,2.12342e-09,2.08397e-09,2.07279e-09,2.07468e-09,2.16727e-09,2.14248e-09
3.24568e-09,2.77508e-09,2.4293e-09,2.29832e-09,2.17244e-09,2.08478e-09,2.04713e-09,2.03268e-09,2.03532e-09,2.12217e-09,2.09515e-09
3.18519e-09,2.72411e-09,2.38386e-09,2.25704e-09,2.1332e-09,2.04739e-09,2.00997e-09,1.99545e-09,1.99568e-09,2.08149e-09,2.04925e-09
3.12689e-09,2.67558e-09,2.34086e-09,2.21328e-09,2.09445e-09,2.01021e-09,1.97385e-09,1.95843e-09,1.95938e-09,2.04191e-09,2.00147e-09
3.06999e-09,2.62481e-09,2.29931e-09,2.17089e-09,2.05718e-09,1.97333e-09,1.93841e-09,1.92268e-09,1.92584e-09,2.00281e-09,1.95887e-09
3.00947e-09,2.57718e-09,2.25233e-09,2.13315e-09,2.02083e-09,1.93918e-09,1.90382e-09,1.8889e-09,1.88988e-09,1.96388e-09,1.91974e-09
2.95397e-09,2.53012e-09,2.2137e-09,2.09464e-09,1.98575e-09,1.90586e-09,1.87015e-09,1.85517e-09,1.85749e-09,1.92515e-09,1.88063e-09
2.90648e-09,2.48722e-09,2.17389e-09,2.0573e-09,1.95192e-09,1.87343e-09,1.83788e-09,1.82321e-09,1.82177e-09,1.89101e-09,1.83867e-09
2.85793e-09,2.4438e-09,2.12627e-09,2.02086e-09,1.91953e-09,1.84102e-09,1.80578e-09,1.79174e-09,1.79231e-09,1.85733e-09,1.7991e-09
2.80817e-09,2.40229e-09,2.10113e-09,1.98286e-09,1.88596e-09,1.80832e-09,1.77383e-09,1.76249e-09,1.76451e-09,1.82667e-09,1.76234e-09
2.75377e-09,2.3603e-09,2.0598e-09,1.95147e-09,1.85498e-09,1.78064e-09,1.74532e-09,1.73148e-09,1.72841e-09,1.79059e-09,1.72894e-09
2.70427e-09,2.31694e-09,2.02444e-09,1.91825e-09,1.8255e-09,1.75053e-09,1.71691e-09,1.70151e-09,1.70063e-09,1.75368e-09,1.69905e-09
2.66761e-09,2.28001e-09,1.99198e-09,1.88696e-09,1.79451e-09,1.72273e-09,1.68871e-09,1.67403e-09,1.67285e-09,1.7282e-09,1.66065e-09
2.62225e-09,2.23958e-09,1.95976e-09,1.85526e-09,1.76686e-09,1.69594e-09,1.66084e-09,1.64594e-09,1.64607e-09,1.69933e-09,1.62937e-09
2.5801e-09,2.20499e-09,1.92622e-09,1.82503e-09,1.73834e-09,1.66899e-09,1.63556e-09,1.61894e-09,1.62464e-09,1.67201e-09,1.59358e-09
2.54167e-09,2.17035e-09,1.89708e-09,1.79608e-09,1.71087e-09,1.64284e-09,1.60909e-09,1.59516e-09,1.59306e-09,1.64231e-09,1.56706e-09
2.50011e-09,2.13191e-09,1.86913e-09,1.77222e-09,1.68575e-09,1.61732e-09,1.58495e-09,1.56656e-09,1.56912e-09,1.61407e-09,1.53909e-09
2.46056e-09,2.10355e-09,1.83441e-09,1.73996e-09,1.66054e-09,1.59537e-09,1.55922e-09,1.54612e-09,1.54457e-09,1.58953e-09,1.50703e-09
2.42046e-09,2.06986e-09,1.8087e-09,1.71162e-09,1.63555e-09,1.57003e-09,1.53651e-09,1.52097e-09,1.51958e-09,1.56427e-09,1.48216e-09
2.38221e-09,2.0385e-09,1.78087e-09,1.68586e-09,1.61109e-09,1.54617e-09,1.51393e-09,1.49751e-09,1.50167e-09,1.54153e-09,1.45524e-09
2.34769e-09,2.00487e-09,1.75245e-09,1.65957e-09,1.58738e-09,1.52377e-09,1.4914e-09,1.47506e-09,1.47436e-09,1.51478e-09,1.42943e-09
2.3067e-09,1.97424e-09,1.72621e-09,1.63299e-09,1.56491e-09,1.50206e-09,1.46962e-09,1.45335e-09,1.45237e-09,1.48894e-09,1.4066e-09
2.27405e-09,1.94682e-09,1.7027e-09,1.61064e-09,1.54141e-09,1.48028e-09,1.44884e-09,1.43308e-09,1.43184e-09,1.46858e-09,1.38043e-09
2.24174e-09,1.92067e-09,1.67531e-09,1.58712e-09,1.52104e-09,1.4587e-09,1.42709e-09,1.41162e-09,1.40957e-09,1.44645e-09,1.3562e-09
2.20577e-09,1.89135e-09,1.65344e-09,1.56679e-09,1.49951e-09,1.43892e-09,1.40985e-09,1.39042e-09,1.39131e-09,1.42565e-09,1.33289e-09
2.18077e-09,1.86228e-09,1.62675e-09,1.54203e-09,1.47862e-09,1.4172e-09,1.38702e-09,1.37121e-09,1.37146e-09,1.40344e-09,1.31094e-09
2.14532e-09,1.83297e-09,1.60322e-09,1.51961e-09,1.4581e-09,1.39779e-09,1.36852e-09,1.35266e-09,1.3526e-09,1.38e-09,1.29335e-09
2.11365e-09,1.81056e-09,1.58081e-09,1.49758e-09,1.43837e-09,1.37821e-09,1.34934e-09,1.33283e-09,1.33309e-09,1.36258e-09,1.26851e-09
2.08842e-09,1.78418e-09,1.55741e-09,1.47803e-09,1.4195e-09,1.35906e-09,1.33045e-09,1.31234e-09,1.30783e-09,1.34313e-09,1.24282e-09
2.06033e-09,1.75956e-09,1.53713e-09,1.45716e-09,1.40053e-09,1.34143e-09,1.31341e-09,1.29673e-09,1.29625e-09,1.32368e-09,1.22579e-09
2.02501e-09,1.73585e-09,1.51633e-09,1.43518e-09,1.38065e-09,1.32338e-09,1.29446e-09,1.27909e-09,1.27899e-09,1.3053e-09,1.20928e-09
1.99383e-09,1.71232e-09,1.49641e-09,1.41418e-09,1.3635e-09,1.30586e-09,1.27804e-09,1.26342e-09,1.26284e-09,1.28439e-09,1.1936e-09
1.97047e-09,1.68939e-09,1.4773e-09,1.3974e-09,1.3448e-09,1.28914e-09,1.26196e-09,1.24583e-09,1.24652e-09,1.27008e-09,1.17268e-09
1.94343e-09,1.66408e-09,1.45606e-09,1.37842e-09,1.3277e-09,1.27221e-09,1.24512e-09,1.22986e-09,1.22786e-09,1.25232e-09,1.15344e-09
1.91984e-09,1.64287e-09,1.43577e-09,1.3604e-09,1.31045e-09,1.25577e-09,1.22792e-09,1.21369e-09,1.2127e-09,1.2356e-09,1.13698e-09
1.89058e-09,1.6235e-09,1.42346e-09,1.33805e-09,1.29593e-09,1.24003e-09,1.21263e-09,1.1992e-09,1.19669e-09,1.21833e-09,1.12747e-09
1.85864e-09,1.59955e-09,1.39981e-09,1.32381e-09,1.27756e-09,1.22383e-09,1.19879e-09,1.18381e-09,1.1851e-09,1.20043e-09,1.10749e-09
1.83365e-09,1.58196e-09,1.38254e-09,1.30733e-09,1.26206e-09,1.20959e-09,1.18357e-09,1.16819e-09,1.16654e-09,1.18849e-09,1.08795e-09
1.81524e-09,1.5614e-09,1.36441e-09,1.29164e-09,1.24593e-09,1.19488e-09,1.16993e-09,1.15464e-09,1.15235e-09,1.1724e-09,1.07393e-09
1.79402e-09,1.54471e-09,1.34888e-09,1.27612e-09,1.23217e-09,1.18043e-09,1.15431e-09,1.14108e-09,1.13787e-09,1.15826e-09,1.05819e-09
1.76659e-09,1.52388e-09,1.32987e-09,1.26023e-09,1.21612e-09,1.16557e-09,1.14041e-09,1.12673e-09,1.12393e-09,1.14315e-09,1.04501e-09
1.74733e-09,1.50234e-09,1.31298e-09,1.2412e-09,1.20268e-09,1.15223e-09,1.12888e-09,1.11489e-09,1.11151e-09,1.12657e-09,1.03487e-09
