2.15222e-06,2.08911e-06,2.01078e-06,1.92622e-06,1.85232e-06,1.77197e-06,1.7105e-06,1.63033e-06,1.56108e-06,1.49677e-06,1.43275e-06
1.98833e-06,1.93423e-06,1.86293e-06,1.78567e-06,1.71263e-06,1.64352e-06,1.58102e-06,1.51476e-06,1.44542e-06,1.38693e-06,1.32729e-06
1.85036e-06,1.80271e-06,1.73744e-06,1.66583e-06,1.60236e-06,1.53503e-06,1.47615e-06,1.41559e-06,1.34738e-06,1.29041e-06,1.23313e-06
1.72266e-06,1.67832e-06,1.61905e-06,1.55756e-06,1.49355e-06,1.43449e-06,1.37386e-06,1.3181e-06,1.25574e-06,1.20036e-06,1.14607e-06
1.61717e-06,1.57635e-06,1.52143e-06,1.46556e-06,1.40515e-06,1.34929e-06,1.28997e-06,1.23772e-06,1.17932e-06,1.12487e-06,1.0737e-06
1.52506e-06,1.48769e-06,1.43747e-06,1.38511e-06,1.32719e-06,1.27427e-06,1.21887e-06,1.16688e-06,1.11364e-06,1.05994e-06,1.01158e-06
1.44259e-06,1.40532e-06,1.3578e-06,1.31097e-06,1.25581e-06,1.20538e-06,1.14936e-06,1.1011e-06,1.05009e-06,9.98624e-07,9.52186e-07
1.36873e-06,1.33247e-06,1.28824e-06,1.24451e-06,1.19202e-06,1.14338e-06,1.08927e-06,1.04282e-06,9.94292e-07,9.45067e-07,9.00512e-07
1.30127e-06,1.26643e-06,1.2248e-06,1.18404e-06,1.13387e-06,1.08686e-06,1.03476e-06,9.89885e-07,9.43266e-07,8.96298e-07,8.53554e-07
1.24049e-06,1.2066e-06,1.16686e-06,1.12818e-06,1.08118e-06,1.03493e-06,9.85746e-07,9.41734e-07,8.96678e-07,8.51996e-07,8.11024e-07
1.18355e-06,1.15136e-06,1.11338e-06,1.07683e-06,1.032e-06,9.8668e-07,9.39692e-07,8.97562e-07,8.53738e-07,8.10897e-07,7.71285e-07
1.13124e-06,1.10028e-06,1.06412e-06,1.02924e-06,9.87728e-07,9.42886e-07,8.97963e-07,8.57312e-07,8.14361e-07,7.73434e-07,7.34994e-07
1.08191e-06,1.05321e-06,1.01768e-06,9.84276e-07,9.44424e-07,9.00979e-07,8.58773e-07,8.19073e-07,7.78173e-07,7.38158e-07,7.01064e-07
1.03696e-06,1.00951e-06,9.75087e-07,9.42846e-07,9.05317e-07,8.63069e-07,8.22725e-07,7.84417e-07,7.44557e-07,7.05875e-07,6.69847e-07
9.94324e-07,9.68069e-07,9.3485e-07,9.03777e-07,8.68257e-07,8.2724e-07,7.89036e-07,7.515e-07,7.13271e-07,6.75496e-07,6.40578e-07
9.55693e-07,9.29964e-07,8.98916e-07,8.67552e-07,8.34384e-07,7.9459e-07,7.58156e-07,7.21334e-07,6.84455e-07,6.47611e-07,6.13772e-07
9.17943e-07,8.93131e-07,8.63531e-07,8.35299e-07,8.02577e-07,7.63772e-07,7.2907e-07,6.92752e-07,6.57061e-07,6.2186e-07,5.88754e-07
8.82709e-07,8.58962e-07,8.30626e-07,8.01634e-07,7.70777e-07,7.34679e-07,7.0002e-07,6.65499e-07,6.31367e-07,5.96687e-07,5.64749e-07
8.50816e-07,8.27303e-07,8.00548e-07,7.72428e-07,7.42118e-07,7.08078e-07,6.74836e-07,6.40815e-07,6.07789e-07,5.7432e-07,5.43254e-07
8.20177e-07,7.9716e-07,7.72224e-07,7.44104e-07,7.15314e-07,6.82699e-07,6.50014e-07,6.17193e-07,5.85147e-07,5.52904e-07,5.2274e-07
7.91058e-07,7.68548e-07,7.4493e-07,7.1742e-07,6.88667e-07,6.58061e-07,6.26833e-07,5.94652e-07,5.63829e-07,5.32515e-07,5.03123e-07
7.63666e-07,7.42455e-07,7.19263e-07,6.92064e-07,6.65068e-07,6.35927e-07,6.03605e-07,5.74092e-07,5.4339e-07,5.13249e-07,4.84656e-07
7.37578e-07,7.1668e-07,6.93483e-07,6.6745e-07,6.41225e-07,6.12544e-07,5.83375e-07,5.53316e-07,5.24784e-07,4.95034e-07,4.67039e-07
7.13288e-07,6.93308e-07,6.71959e-07,6.453e-07,6.19809e-07,5.92429e-07,5.63543e-07,5.3487e-07,5.07222e-07,4.78358e-07,4.51113e-07
6.92044e-07,6.71026e-07,6.49909e-07,6.2405e-07,5.99174e-07,5.72303e-07,5.45316e-07,5.17405e-07,4.90442e-07,4.62597e-07,4.35751e-07
6.6792e-07,6.4865e-07,6.28506e-07,6.03445e-07,5.79405e-07,5.54068e-07,5.27338e-07,5.00038e-07,4.73995e-07,4.46821e-07,4.20822e-07
6.47695e-07,6.29085e-07,6.08623e-07,5.84875e-07,5.62073e-07,5.37495e-07,5.11532e-07,4.85182e-07,4.59793e-07,4.32985e-07,4.07805e-07
6.28565e-07,6.10446e-07,5.91267e-07,5.67331e-07,5.45091e-07,5.21131e-07,4.9573e-07,4.70145e-07,4.45345e-07,4.19627e-07,3.94766e-07
6.09785e-07,5.9235e-07,5.73689e-07,5.50762e-07,5.28777e-07,5.0549e-07,4.8178e-07,4.56232e-07,4.3228e-07,4.06977e-07,3.82712e-07
5.92736e-07,5.76037e-07,5.58573e-07,5.35677e-07,5.1381e-07,4.91757e-07,4.68324e-07,4.43459e-07,4.20242e-07,3.95563e-07,3.7164e-07
5.7629e-07,5.59889e-07,5.42195e-07,5.20565e-07,4.99943e-07,4.77661e-07,4.55467e-07,4.31014e-07,4.08167e-07,3.83964e-07,3.60669e-07
5.60888e-07,5.4504e-07,5.27677e-07,5.06686e-07,4.86921e-07,4.64941e-07,4.43013e-07,4.1933e-07,3.96881e-07,3.73324e-07,3.50366e-07
5.46476e-07,5.30989e-07,5.14042e-07,4.93719e-07,4.7442e-07,4.5301e-07,4.31584e-07,4.08497e-07,3.86447e-07,3.63358e-07,3.40822e-07
5.3289e-07,5.17698e-07,5.0124e-07,4.81554e-07,4.62682e-07,4.4174e-07,4.20846e-07,3.98302e-07,3.76605e-07,3.53948e-07,3.31813e-07
5.20502e-07,5.05442e-07,4.89434e-07,4.7017e-07,4.51788e-07,4.31423e-07,4.10579e-07,3.88815e-07,3.67323e-07,3.45158e-07,3.2345e-07
5.07904e-07,4.9326e-07,4.7767e-07,4.59147e-07,4.40956e-07,4.21038e-07,4.00977e-07,3.79543e-07,3.58378e-07,3.36567e-07,3.152e-07
4.96118e-07,4.81846e-07,4.66671e-07,4.48757e-07,4.30824e-07,4.11377e-07,3.91686e-07,3.70669e-07,3.49839e-07,3.28405e-07,3.07412e-07
4.8498e-07,4.70995e-07,4.5621e-07,4.38831e-07,4.21178e-07,4.0217e-07,3.82818e-07,3.62271e-07,3.41691e-07,3.20629e-07,2.99995e-07
4.74322e-07,4.60643e-07,4.46185e-07,4.29325e-07,4.11962e-07,3.93387e-07,3.7432e-07,3.54199e-07,3.33893e-07,3.13176e-07,2.92929e-07
4.6413e-07,4.50765e-07,4.36658e-07,4.20261e-07,4.03172e-07,3.84917e-07,3.66214e-07,3.4649e-07,3.26373e-07,3.0605e-07,2.86159e-07
4.53937e-07,4.40954e-07,4.27206e-07,4.11231e-07,3.94438e-07,3.76599e-07,3.58133e-07,3.38845e-07,3.1898e-07,2.98952e-07,2.79377e-07
4.44207e-07,4.31582e-07,4.1815e-07,4.02579e-07,3.86112e-07,3.68591e-07,3.504e-07,3.31453e-07,3.11849e-07,2.92156e-07,2.7293e-07
4.3491e-07,4.22598e-07,4.09462e-07,3.94283e-07,3.78141e-07,3.60923e-07,3.42993e-07,3.24372e-07,3.05017e-07,2.85655e-07,2.66772e-07
4.2541e-07,4.13514e-07,4.00616e-07,3.85823e-07,3.69975e-07,3.53055e-07,3.35409e-07,3.171e-07,2.98026e-07,2.78982e-07,2.60441e-07
4.16736e-07,4.05172e-07,3.92521e-07,3.78089e-07,3.62553e-07,3.45879e-07,3.28549e-07,3.10512e-07,2.91681e-07,2.72935e-07,2.54679e-07
4.07243e-07,3.95978e-07,3.83586e-07,3.69498e-07,3.54308e-07,3.37926e-07,3.20783e-07,3.03068e-07,2.84595e-07,2.66156e-07,2.48336e-07
3.98807e-07,3.87801e-07,3.75722e-07,3.61921e-07,3.47127e-07,3.30976e-07,3.14039e-07,2.96596e-07,2.78386e-07,2.6034e-07,2.42837e-07
3.89324e-07,3.78805e-07,3.66932e-07,3.53475e-07,3.38817e-07,3.23006e-07,3.06374e-07,2.8927e-07,2.71364e-07,2.53588e-07,2.36476e-07
3.80467e-07,3.70169e-07,3.58518e-07,3.45355e-07,3.3107e-07,3.15563e-07,2.9919e-07,2.82291e-07,2.64753e-07,2.47268e-07,2.30575e-07
3.7164e-07,3.61657e-07,3.50295e-07,3.37433e-07,3.23458e-07,3.08126e-07,2.92022e-07,2.75391e-07,2.58197e-07,2.41082e-07,2.24739e-07
3.62707e-07,3.5302e-07,3.41957e-07,3.29247e-07,3.15652e-07,3.006e-07,2.84759e-07,2.68431e-07,2.51587e-07,2.34759e-07,2.1881e-07
3.53888e-07,3.44551e-07,3.33501e-07,3.21278e-07,3.07765e-07,2.93085e-07,2.77561e-07,2.61433e-07,2.44959e-07,2.28578e-07,2.12922e-07
3.45123e-07,3.36187e-07,3.25228e-07,3.13317e-07,3.00083e-07,2.8562e-07,2.70401e-07,2.54606e-07,2.38486e-07,2.22377e-07,2.07089e-07
3.35881e-07,3.27257e-07,3.16864e-07,3.05002e-07,2.9201e-07,2.7787e-07,2.62864e-07,2.47505e-07,2.31645e-07,2.15949e-07,2.01046e-07
3.26855e-07,3.1837e-07,3.08142e-07,2.9657e-07,2.84028e-07,2.70098e-07,2.5543e-07,2.40303e-07,2.24907e-07,2.09587e-07,1.95069e-07
3.17829e-07,3.09719e-07,2.99732e-07,2.88284e-07,2.76038e-07,2.62468e-07,2.47993e-07,2.3325e-07,2.18211e-07,2.03279e-07,1.89176e-07
3.08745e-07,3.00886e-07,2.91068e-07,2.79975e-07,2.67983e-07,2.54611e-07,2.4057e-07,2.26078e-07,2.11504e-07,1.96874e-07,1.83093e-07
2.99546e-07,2.91883e-07,2.82359e-07,2.71456e-07,2.59778e-07,2.46704e-07,2.32945e-07,2.18816e-07,2.04581e-07,1.904e-07,1.77037e-07
2.90345e-07,2.82958e-07,2.73677e-07,2.63015e-07,2.51606e-07,2.38805e-07,2.25415e-07,2.11585e-07,1.97775e-07,1.83984e-07,1.71015e-07
2.81495e-07,2.74486e-07,2.65427e-07,2.54995e-07,2.43675e-07,2.31127e-07,2.18012e-07,2.04641e-07,1.91205e-07,1.77626e-07,1.65056e-07
2.72489e-07,2.65679e-07,2.56503e-07,2.46672e-07,2.35456e-07,2.23264e-07,2.1065e-07,1.97357e-07,1.84444e-07,1.71397e-07,1.59172e-07
2.63089e-07,2.56406e-07,2.47795e-07,2.37811e-07,2.27258e-07,2.15308e-07,2.02941e-07,1.90151e-07,1.7756e-07,1.64933e-07,1.53129e-07
2.5403e-07,2.47599e-07,2.392e-07,2.29434e-07,2.19137e-07,2.07516e-07,1.95505e-07,1.8306e-07,1.70871e-07,1.58639e-07,1.4722e-07
2.45103e-07,2.38907e-07,2.30708e-07,2.21154e-07,2.11104e-07,1.99828e-07,1.88124e-07,1.76038e-07,1.64288e-07,1.52458e-07,1.41477e-07
2.36117e-07,2.30128e-07,2.22139e-07,2.12814e-07,2.03057e-07,1.92029e-07,1.80729e-07,1.69005e-07,1.57625e-07,1.46161e-07,1.35506e-07
2.30342e-07,2.24174e-07,2.16744e-07,2.07479e-07,1.98093e-07,1.8738e-07,1.7619e-07,1.6487e-07,1.53685e-07,1.4267e-07,1.32276e-07
2.19078e-07,2.13298e-07,2.05422e-07,1.96604e-07,1.87456e-07,1.76946e-07,1.66245e-07,1.55277e-07,1.44775e-07,1.33863e-07,1.23982e-07
2.09786e-07,2.04353e-07,1.97032e-07,1.88333e-07,1.79356e-07,1.69221e-07,1.58995e-07,1.4836e-07,1.38156e-07,1.27827e-07,1.18292e-07
2.01435e-07,1.96657e-07,1.88782e-07,1.80693e-07,1.71463e-07,1.62057e-07,1.52174e-07,1.41858e-07,1.31944e-07,1.22015e-07,1.12788e-07
1.92976e-07,1.87899e-07,1.80896e-07,1.72613e-07,1.6419e-07,1.54636e-07,1.4511e-07,1.35217e-07,1.25757e-07,1.16167e-07,1.07343e-07
1.84887e-07,1.7982e-07,1.73103e-07,1.64936e-07,1.5697e-07,1.47629e-07,1.38286e-07,1.2891e-07,1.19861e-07,1.10579e-07,1.02094e-07
1.77302e-07,1.72678e-07,1.66546e-07,1.58483e-07,1.50243e-07,1.40994e-07,1.32294e-07,1.22877e-07,1.14156e-07,1.05233e-07,9.706e-08
1.69238e-07,1.6484e-07,1.58419e-07,1.50563e-07,1.42973e-07,1.34343e-07,1.25732e-07,1.17108e-07,1.08493e-07,9.9932e-08,9.20932e-08
1.61941e-07,1.57388e-07,1.51065e-07,1.4364e-07,1.362e-07,1.27811e-07,1.19614e-07,1.11133e-07,1.03051e-07,9.48205e-08,8.72991e-08
1.54779e-07,1.5034e-07,1.44165e-07,1.36946e-07,1.29733e-07,1.21623e-07,1.13738e-07,1.05592e-07,9.78264e-08,8.99052e-08,8.26835e-08
1.47701e-07,1.43661e-07,1.38077e-07,1.3053e-07,1.23844e-07,1.15791e-07,1.08208e-07,1.00459e-07,9.28647e-08,8.52359e-08,7.82905e-08
1.41252e-07,1.37003e-07,1.31116e-07,1.24288e-07,1.1752e-07,1.09951e-07,1.02658e-07,9.51527e-08,8.79834e-08,8.06544e-08,7.39944e-08
1.34963e-07,1.30784e-07,1.25042e-07,1.184e-07,1.11852e-07,1.04545e-07,9.75295e-08,9.03299e-08,8.34338e-08,7.6387e-08,6.99886e-08
1.29041e-07,1.24915e-07,1.19312e-07,1.12854e-07,1.06518e-07,9.94723e-08,9.27205e-08,8.58159e-08,7.9176e-08,7.23998e-08,6.62481e-08
1.23495e-07,1.19407e-07,1.13934e-07,1.07664e-07,1.01534e-07,9.47437e-08,8.82454e-08,8.16219e-08,7.52224e-08,6.87051e-08,6.27835e-08
1.18388e-07,1.14307e-07,1.08965e-07,1.02879e-07,9.69611e-08,9.03992e-08,8.41336e-08,7.77905e-08,7.16161e-08,6.53418e-08,5.96273e-08
1.13624e-07,1.09707e-07,1.0438e-07,9.85019e-08,9.2664e-08,8.64535e-08,8.04051e-08,7.42708e-08,6.82933e-08,6.22659e-08,5.67486e-08
1.09247e-07,1.05219e-07,1.00101e-07,9.43909e-08,8.8821e-08,8.27552e-08,7.69486e-08,7.10736e-08,6.53069e-08,5.94807e-08,5.41531e-08
1.05405e-07,1.01291e-07,9.63121e-08,9.07485e-08,8.53691e-08,7.96007e-08,7.38918e-08,6.83151e-08,6.26595e-08,5.70283e-08,5.18655e-08
1.01672e-07,9.76537e-08,9.27896e-08,8.74149e-08,8.2158e-08,7.65099e-08,7.1094e-08,6.56524e-08,6.02378e-08,5.47935e-08,4.97849e-08
9.83352e-08,9.43456e-08,8.95325e-08,8.43296e-08,7.92339e-08,7.38083e-08,6.85754e-08,6.33055e-08,5.80476e-08,5.27825e-08,4.79238e-08
9.5149e-08,9.12087e-08,8.64926e-08,8.14614e-08,7.64996e-08,7.12752e-08,6.62082e-08,6.11216e-08,5.60267e-08,5.09216e-08,4.61971e-08
9.22745e-08,8.83742e-08,8.37511e-08,7.88675e-08,7.40357e-08,6.89941e-08,6.4082e-08,5.91563e-08,5.42046e-08,4.92464e-08,4.46533e-08
8.96499e-08,8.57786e-08,8.12539e-08,7.65045e-08,7.18062e-08,6.69175e-08,6.21408e-08,5.7378e-08,5.25601e-08,4.77399e-08,4.32577e-08
8.71469e-08,8.33403e-08,7.89044e-08,7.42856e-08,6.96901e-08,6.4976e-08,6.03397e-08,5.57032e-08,5.10091e-08,4.6317e-08,4.19559e-08
8.48436e-08,8.10874e-08,7.67451e-08,7.22472e-08,6.77621e-08,6.31966e-08,5.86822e-08,5.41748e-08,4.95966e-08,4.50287e-08,4.07665e-08
8.27301e-08,7.89679e-08,7.47717e-08,7.0394e-08,6.60062e-08,6.15908e-08,5.71891e-08,5.27844e-08,4.83162e-08,4.38615e-08,3.97013e-08
8.07546e-08,7.70821e-08,7.2932e-08,6.86488e-08,6.43886e-08,6.00756e-08,5.57717e-08,5.14994e-08,4.71394e-08,4.27906e-08,3.87212e-08
7.89082e-08,7.53438e-08,7.1245e-08,6.70771e-08,6.28683e-08,5.8721e-08,5.45145e-08,5.03219e-08,4.60533e-08,4.18147e-08,3.78351e-08
7.71896e-08,7.36296e-08,6.96523e-08,6.55838e-08,6.14992e-08,5.74284e-08,5.33207e-08,4.92316e-08,4.50598e-08,4.0911e-08,3.70175e-08
7.55489e-08,7.20486e-08,6.81542e-08,6.41845e-08,6.01802e-08,5.62099e-08,5.21902e-08,4.81866e-08,4.41024e-08,4.00417e-08,3.62289e-08
7.39594e-08,7.05248e-08,6.67079e-08,6.28306e-08,5.8906e-08,5.50273e-08,5.1092e-08,4.71675e-08,4.31718e-08,3.91903e-08,3.54587e-08
7.24212e-08,6.90566e-08,6.53093e-08,6.15241e-08,5.76716e-08,5.38792e-08,5.00247e-08,4.61773e-08,4.22642e-08,3.83622e-08,3.47072e-08
7.09333e-08,6.76291e-08,6.39655e-08,6.02521e-08,5.64824e-08,5.2767e-08,4.89909e-08,4.52109e-08,4.13804e-08,3.7556e-08,3.39751e-08
6.9494e-08,6.62504e-08,6.26737e-08,5.90263e-08,5.53363e-08,5.16947e-08,4.79889e-08,4.42748e-08,4.05217e-08,3.67725e-08,3.32622e-08
6.80857e-08,6.49066e-08,6.14069e-08,5.78289e-08,5.42131e-08,5.06439e-08,4.70014e-08,4.33584e-08,3.96767e-08,3.60013e-08,3.25604e-08
6.67197e-08,6.36064e-08,6.01799e-08,5.66695e-08,5.31257e-08,4.96225e-08,4.60434e-08,4.24642e-08,3.88543e-08,3.52486e-08,3.18787e-08
6.53949e-08,6.23421e-08,5.89938e-08,5.55431e-08,5.20692e-08,4.86323e-08,4.51159e-08,4.15944e-08,3.80536e-08,3.45183e-08,3.12112e-08
6.40919e-08,6.11007e-08,5.78171e-08,5.44405e-08,5.10207e-08,4.76534e-08,4.41946e-08,4.07384e-08,3.7266e-08,3.37934e-08,3.05579e-08
6.28182e-08,5.9884e-08,5.66683e-08,5.33623e-08,5.00067e-08,4.66898e-08,4.32946e-08,3.98969e-08,3.64884e-08,3.30845e-08,2.99133e-08
6.15802e-08,5.87056e-08,5.5554e-08,5.23004e-08,4.90199e-08,4.57634e-08,4.24188e-08,3.90782e-08,3.57338e-08,3.23947e-08,2.92874e-08
6.04109e-08,5.75844e-08,5.44922e-08,5.13025e-08,4.80686e-08,4.48663e-08,4.15951e-08,3.83171e-08,3.50363e-08,3.17571e-08,2.87087e-08
5.92288e-08,5.64562e-08,5.34263e-08,5.02969e-08,4.71243e-08,4.39732e-08,4.0758e-08,3.75367e-08,3.43144e-08,3.10989e-08,2.811e-08
5.80601e-08,5.53428e-08,5.23908e-08,4.93043e-08,4.61958e-08,4.30992e-08,3.99327e-08,3.67649e-08,3.36055e-08,3.04475e-08,2.75199e-08
5.68549e-08,5.42031e-08,5.13085e-08,4.82963e-08,4.52428e-08,4.21968e-08,3.90739e-08,3.59543e-08,3.28497e-08,2.97597e-08,2.68946e-08
5.57215e-08,5.31209e-08,5.0284e-08,4.73191e-08,4.43334e-08,4.13443e-08,3.82659e-08,3.52008e-08,3.21541e-08,2.91224e-08,2.63176e-08
5.46334e-08,5.20792e-08,4.93093e-08,4.63889e-08,4.3459e-08,4.05164e-08,3.74901e-08,3.44647e-08,3.14751e-08,2.85049e-08,2.57589e-08
5.3521e-08,5.10256e-08,4.83098e-08,4.54581e-08,4.25721e-08,3.96774e-08,3.67039e-08,3.37422e-08,3.08073e-08,2.7892e-08,2.52005e-08
5.24547e-08,5.00086e-08,4.73524e-08,4.45596e-08,4.17272e-08,3.88715e-08,3.59515e-08,3.30337e-08,3.01524e-08,2.72949e-08,2.46574e-08
5.13885e-08,4.8991e-08,4.63945e-08,4.3652e-08,4.08694e-08,3.80637e-08,3.51947e-08,3.23284e-08,2.95042e-08,2.67e-08,2.41173e-08
5.03412e-08,4.79984e-08,4.54461e-08,4.2745e-08,4.00182e-08,3.72684e-08,3.44413e-08,3.16352e-08,2.88605e-08,2.6115e-08,2.35851e-08
4.93378e-08,4.70367e-08,4.45442e-08,4.18707e-08,3.92113e-08,3.65049e-08,3.3724e-08,3.09525e-08,2.82323e-08,2.55442e-08,2.30692e-08
4.83065e-08,4.60571e-08,4.36109e-08,4.10371e-08,3.83853e-08,3.57131e-08,3.29942e-08,3.02871e-08,2.76151e-08,2.49774e-08,2.25508e-08
4.73007e-08,4.50969e-08,4.27006e-08,4.01563e-08,3.75675e-08,3.4959e-08,3.22779e-08,2.96212e-08,2.70019e-08,2.44179e-08,2.20419e-08
4.6328e-08,4.41704e-08,4.1822e-08,3.93258e-08,3.67884e-08,3.42233e-08,3.15854e-08,2.89769e-08,2.64059e-08,2.38753e-08,2.15471e-08
4.53552e-08,4.3246e-08,4.09472e-08,3.84963e-08,3.60019e-08,3.34861e-08,3.08988e-08,2.83359e-08,2.58193e-08,2.33351e-08,2.10591e-08
4.44501e-08,4.23895e-08,4.01582e-08,3.77317e-08,3.52889e-08,3.28179e-08,3.0237e-08,2.77221e-08,2.52395e-08,2.28101e-08,2.05801e-08
4.3469e-08,4.14629e-08,3.92453e-08,3.69344e-08,3.44794e-08,3.20507e-08,2.95455e-08,2.71003e-08,2.46626e-08,2.22807e-08,2.0096e-08
4.25411e-08,4.05678e-08,3.83933e-08,3.60875e-08,3.37236e-08,3.13421e-08,2.88913e-08,2.64726e-08,2.40968e-08,2.17644e-08,1.96264e-08
4.16273e-08,3.96971e-08,3.75724e-08,3.53076e-08,3.29751e-08,3.06441e-08,2.8243e-08,2.5871e-08,2.3542e-08,2.12567e-08,1.91636e-08
4.07355e-08,3.88276e-08,3.67524e-08,3.45311e-08,3.22656e-08,2.99682e-08,2.76016e-08,2.52787e-08,2.29961e-08,2.07588e-08,1.87086e-08
3.98393e-08,3.7973e-08,3.59459e-08,3.37615e-08,3.15327e-08,2.92888e-08,2.69727e-08,2.46934e-08,2.2461e-08,2.02666e-08,1.82611e-08
3.89738e-08,3.71407e-08,3.5182e-08,3.30128e-08,3.08505e-08,2.86412e-08,2.63552e-08,2.41235e-08,2.19292e-08,1.97824e-08,1.78177e-08
3.81047e-08,3.63111e-08,3.43651e-08,3.2266e-08,3.01227e-08,2.79669e-08,2.57366e-08,2.35491e-08,2.14025e-08,1.9301e-08,1.73794e-08
3.72627e-08,3.55054e-08,3.35993e-08,3.15435e-08,2.94385e-08,2.7329e-08,2.51377e-08,2.29938e-08,2.08905e-08,1.88323e-08,1.69496e-08
3.64276e-08,3.46999e-08,3.28411e-08,3.08413e-08,2.87526e-08,2.66925e-08,2.45467e-08,2.24437e-08,2.03822e-08,1.83665e-08,1.65257e-08
3.55915e-08,3.39059e-08,3.20797e-08,3.01039e-08,2.80845e-08,2.60607e-08,2.39548e-08,2.18959e-08,1.98783e-08,1.79061e-08,1.61041e-08
3.478e-08,3.31285e-08,3.134e-08,2.94024e-08,2.74261e-08,2.54405e-08,2.33796e-08,2.13637e-08,1.93865e-08,1.74558e-08,1.56936e-08
3.41188e-08,3.24736e-08,3.06925e-08,2.87988e-08,2.68429e-08,2.49045e-08,2.29166e-08,2.09586e-08,1.90319e-08,1.71324e-08,1.53964e-08
3.31789e-08,3.15948e-08,2.98814e-08,2.80215e-08,2.61248e-08,2.42266e-08,2.22485e-08,2.03153e-08,1.842e-08,1.65707e-08,1.48846e-08
3.2405e-08,3.0853e-08,2.91756e-08,2.73549e-08,2.54968e-08,2.364e-08,2.17012e-08,1.98097e-08,1.79523e-08,1.61424e-08,1.44916e-08
3.16425e-08,3.01171e-08,2.84651e-08,2.66619e-08,2.48715e-08,2.30728e-08,2.11568e-08,1.93069e-08,1.74883e-08,1.57191e-08,1.41036e-08
3.08819e-08,2.93923e-08,2.77846e-08,2.60415e-08,2.42579e-08,2.2489e-08,2.06276e-08,1.88169e-08,1.70379e-08,1.53039e-08,1.37244e-08
3.01484e-08,2.86886e-08,2.71093e-08,2.54031e-08,2.36678e-08,2.19258e-08,2.01093e-08,1.83369e-08,1.65944e-08,1.48976e-08,1.33538e-08
2.94176e-08,2.79829e-08,2.64497e-08,2.47702e-08,2.30648e-08,2.13909e-08,1.95997e-08,1.78652e-08,1.61621e-08,1.45001e-08,1.29886e-08
2.87057e-08,2.73042e-08,2.58026e-08,2.41587e-08,2.24826e-08,2.08347e-08,1.90989e-08,1.7404e-08,1.57345e-08,1.41097e-08,1.26316e-08
2.80081e-08,2.66333e-08,2.51537e-08,2.35533e-08,2.19228e-08,2.03128e-08,1.86091e-08,1.69517e-08,1.53182e-08,1.37281e-08,1.22834e-08
2.73206e-08,2.59716e-08,2.45223e-08,2.29546e-08,2.13615e-08,1.97884e-08,1.81268e-08,1.6507e-08,1.49078e-08,1.33528e-08,1.19411e-08
2.66549e-08,2.53331e-08,2.39127e-08,2.23781e-08,2.08218e-08,1.92902e-08,1.76617e-08,1.60778e-08,1.45118e-08,1.29895e-08,1.1608e-08
2.60032e-08,2.47056e-08,2.33137e-08,2.18092e-08,2.02927e-08,1.87917e-08,1.72058e-08,1.56568e-08,1.41247e-08,1.26357e-08,1.12836e-08
2.53669e-08,2.40947e-08,2.27307e-08,2.12589e-08,1.97699e-08,1.83126e-08,1.6762e-08,1.52463e-08,1.37463e-08,1.22888e-08,1.09691e-08
2.4742e-08,2.34948e-08,2.21567e-08,2.07153e-08,1.92616e-08,1.78408e-08,1.63252e-08,1.48461e-08,1.33773e-08,1.19487e-08,1.06558e-08
2.41176e-08,2.28941e-08,2.15848e-08,2.01763e-08,1.87591e-08,1.73704e-08,1.58919e-08,1.44445e-08,1.30069e-08,1.16123e-08,1.03478e-08
2.35164e-08,2.23134e-08,2.10393e-08,1.96542e-08,1.8268e-08,1.693e-08,1.54759e-08,1.406e-08,1.26522e-08,1.12871e-08,1.00513e-08
2.29242e-08,2.17484e-08,2.04917e-08,1.91439e-08,1.77932e-08,1.64744e-08,1.50634e-08,1.36808e-08,1.23024e-08,1.09669e-08,9.7592e-09
2.23506e-08,2.11973e-08,1.9966e-08,1.86476e-08,1.73323e-08,1.60439e-08,1.46662e-08,1.33141e-08,1.19648e-08,1.06578e-08,9.47669e-09
2.17927e-08,2.06623e-08,1.9455e-08,1.81657e-08,1.68777e-08,1.56255e-08,1.42804e-08,1.29589e-08,1.16371e-08,1.03578e-08,9.20275e-09
2.12491e-08,2.01396e-08,1.89554e-08,1.76929e-08,1.64366e-08,1.52171e-08,1.39038e-08,1.26129e-08,1.13181e-08,1.00663e-08,8.93703e-09
2.072e-08,1.963e-08,1.84698e-08,1.72349e-08,1.60043e-08,1.48205e-08,1.35393e-08,1.22757e-08,1.10114e-08,9.78375e-09,8.679e-09
2.02024e-08,1.91328e-08,1.79942e-08,1.67856e-08,1.55893e-08,1.44321e-08,1.31837e-08,1.19491e-08,1.07089e-08,9.50895e-09,8.43006e-09
1.97009e-08,1.865e-08,1.75335e-08,1.63511e-08,1.51837e-08,1.40564e-08,1.28394e-08,1.16322e-08,1.04179e-08,9.24481e-09,8.18791e-09
1.92266e-08,1.81937e-08,1.7097e-08,1.59369e-08,1.48028e-08,1.37008e-08,1.25133e-08,1.13334e-08,1.01431e-08,8.99474e-09,7.96136e-09
1.8758e-08,1.77422e-08,1.66662e-08,1.55329e-08,1.44209e-08,1.33514e-08,1.21935e-08,1.10387e-08,9.87321e-09,8.75095e-09,7.73806e-09
1.83014e-08,1.73046e-08,1.62475e-08,1.51362e-08,1.4052e-08,1.301e-08,1.18819e-08,1.07541e-08,9.61461e-09,8.51385e-09,7.52366e-09
1.78732e-08,1.68928e-08,1.58527e-08,1.47655e-08,1.37047e-08,1.26892e-08,1.15888e-08,1.04863e-08,9.3709e-09,8.2918e-09,7.32273e-09
1.74605e-08,1.64955e-08,1.54729e-08,1.44048e-08,1.33703e-08,1.2381e-08,1.13081e-08,1.02295e-08,9.13646e-09,8.08039e-09,7.13117e-09
1.70555e-08,1.6107e-08,1.51005e-08,1.40541e-08,1.30412e-08,1.20796e-08,1.10351e-08,9.98006e-09,8.90865e-09,7.87407e-09,6.94471e-09
1.66662e-08,1.5733e-08,1.47428e-08,1.37163e-08,1.27311e-08,1.17897e-08,1.07712e-08,9.73887e-09,8.68985e-09,7.67716e-09,6.76724e-09
1.63025e-08,1.53835e-08,1.44072e-08,1.3401e-08,1.24372e-08,1.1517e-08,1.05252e-08,9.51476e-09,8.48708e-09,7.49367e-09,6.60171e-09
1.59435e-08,1.50405e-08,1.40794e-08,1.30899e-08,1.21496e-08,1.12518e-08,1.02838e-08,9.29513e-09,8.28755e-09,7.31475e-09,6.44165e-09
1.5599e-08,1.47101e-08,1.37634e-08,1.27931e-08,1.18731e-08,1.09964e-08,1.00523e-08,9.08449e-09,8.09717e-09,7.14362e-09,6.28805e-09
1.52786e-08,1.44026e-08,1.34694e-08,1.2517e-08,1.16166e-08,1.07593e-08,9.83706e-09,8.88907e-09,7.92076e-09,6.98519e-09,6.14515e-09
1.4958e-08,1.40974e-08,1.31778e-08,1.22412e-08,1.13604e-08,1.05224e-08,9.62287e-09,8.69421e-09,7.74485e-09,6.82811e-09,6.00576e-09
1.46548e-08,1.3808e-08,1.29016e-08,1.19814e-08,1.11191e-08,1.0299e-08,9.42037e-09,8.51019e-09,7.57903e-09,6.67986e-09,5.87339e-09
1.43664e-08,1.35325e-08,1.26393e-08,1.17336e-08,1.08901e-08,1.00864e-08,9.228e-09,8.33508e-09,7.42091e-09,6.53913e-09,5.74792e-09
1.40855e-08,1.32654e-08,1.23845e-08,1.14951e-08,1.06678e-08,9.88052e-09,9.04178e-09,8.16568e-09,7.26888e-09,6.40271e-09,5.62713e-09
1.38124e-08,1.30044e-08,1.21369e-08,1.12634e-08,1.04527e-08,9.68054e-09,8.85959e-09,8.00017e-09,7.11997e-09,6.27047e-09,5.50883e-09
1.35446e-08,1.27513e-08,1.18964e-08,1.1037e-08,1.02424e-08,9.48587e-09,8.68204e-09,7.83921e-09,6.97534e-09,6.14178e-09,5.39482e-09
1.32878e-08,1.25075e-08,1.16658e-08,1.08198e-08,1.00409e-08,9.29862e-09,8.51136e-09,7.68449e-09,6.83658e-09,6.01838e-09,5.28517e-09
1.30398e-08,1.22726e-08,1.14433e-08,1.06112e-08,9.84758e-09,9.11866e-09,8.34733e-09,7.53553e-09,6.70239e-09,5.89972e-09,5.17994e-09
1.28034e-08,1.20484e-08,1.1231e-08,1.04134e-08,9.66266e-09,8.94738e-09,8.19005e-09,7.3931e-09,6.57542e-09,5.78669e-09,5.07909e-09
1.25696e-08,1.1827e-08,1.10219e-08,1.02177e-08,9.48117e-09,8.77778e-09,8.03709e-09,7.25416e-09,6.45028e-09,5.67544e-09,4.98266e-09
1.23421e-08,1.16116e-08,1.08189e-08,1.00274e-08,9.30407e-09,8.61339e-09,7.88609e-09,7.11703e-09,6.32775e-09,5.5679e-09,4.8862e-09
1.21234e-08,1.14047e-08,1.06238e-08,9.84451e-09,9.13371e-09,8.45483e-09,7.74137e-09,6.98631e-09,6.21061e-09,5.4645e-09,4.79483e-09
1.19104e-08,1.12034e-08,1.04342e-08,9.6666e-09,8.96877e-09,8.30004e-09,7.60119e-09,6.85907e-09,6.09694e-09,5.3643e-09,4.7066e-09
1.17026e-08,1.1007e-08,1.02497e-08,9.49419e-09,8.80782e-09,8.15193e-09,7.46461e-09,6.73515e-09,5.98684e-09,5.26754e-09,4.62136e-09
1.15045e-08,1.08199e-08,1.00727e-08,9.32949e-09,8.65448e-09,8.00892e-09,7.33424e-09,6.61785e-09,5.88194e-09,5.1747e-09,4.54045e-09
1.13105e-08,1.06375e-08,9.90162e-09,9.16835e-09,8.50429e-09,7.86935e-09,7.20695e-09,6.50272e-09,5.78015e-09,5.08581e-09,4.46199e-09
1.11229e-08,1.04605e-08,9.73522e-09,9.01211e-09,8.35915e-09,7.73404e-09,7.08385e-09,6.39167e-09,5.6814e-09,4.99913e-09,4.38625e-09
1.09421e-08,1.02896e-08,9.57397e-09,8.86192e-09,8.21991e-09,7.60388e-09,6.96501e-09,6.28465e-09,5.58554e-09,4.91519e-09,4.31227e-09
1.07629e-08,1.01208e-08,9.41593e-09,8.71468e-09,8.08174e-09,7.47588e-09,6.84777e-09,6.17802e-09,5.4911e-09,4.83242e-09,4.23985e-09
1.05845e-08,9.95333e-09,9.25926e-09,8.56848e-09,7.94569e-09,7.34838e-09,6.73051e-09,6.07231e-09,5.39711e-09,4.74958e-09,4.16678e-09
1.04124e-08,9.79128e-09,9.10782e-09,8.42736e-09,7.81389e-09,7.22437e-09,6.6174e-09,5.9698e-09,5.30591e-09,4.66929e-09,4.09627e-09
1.02423e-08,9.63241e-09,8.95967e-09,8.28858e-09,7.68452e-09,7.10469e-09,6.50628e-09,5.86892e-09,5.21646e-09,4.59051e-09,4.02705e-09
1.00773e-08,9.47749e-09,8.81507e-09,8.15323e-09,7.55874e-09,6.98676e-09,6.39788e-09,5.77076e-09,5.12875e-09,4.51353e-09,3.9592e-09
9.91214e-09,9.32242e-09,8.66956e-09,8.01828e-09,7.43229e-09,6.86894e-09,6.28893e-09,5.67197e-09,5.04057e-09,4.43569e-09,3.89112e-09
9.7522e-09,9.17201e-09,8.52912e-09,7.88773e-09,7.31387e-09,6.75515e-09,6.18412e-09,5.57679e-09,4.95536e-09,4.36094e-09,3.82471e-09
9.59129e-09,9.02125e-09,8.3884e-09,7.75611e-09,7.18752e-09,6.64031e-09,6.07823e-09,5.48089e-09,4.86966e-09,4.28523e-09,3.75841e-09
9.43664e-09,8.87601e-09,8.25293e-09,7.62921e-09,7.06902e-09,6.52983e-09,5.9764e-09,5.38858e-09,4.78729e-09,4.21249e-09,3.69449e-09
9.28224e-09,8.73093e-09,8.11757e-09,7.50351e-09,6.95126e-09,6.4199e-09,5.8748e-09,5.29635e-09,4.70476e-09,4.13976e-09,3.63029e-09
9.13308e-09,8.59028e-09,7.98622e-09,7.3811e-09,6.83667e-09,6.31225e-09,5.77624e-09,5.20725e-09,4.62496e-09,4.06927e-09,3.56761e-09
8.98316e-09,8.44997e-09,7.85542e-09,7.25869e-09,6.72242e-09,6.20648e-09,5.67783e-09,5.1177e-09,4.54498e-09,3.99858e-09,3.50571e-09
8.83637e-09,8.31183e-09,7.72651e-09,7.13884e-09,6.61269e-09,6.1018e-09,5.58108e-09,5.02989e-09,4.46651e-09,3.92937e-09,3.44437e-09
8.69309e-09,8.17745e-09,7.6014e-09,7.02159e-09,6.50076e-09,5.9997e-09,5.48673e-09,4.94439e-09,4.39002e-09,3.86195e-09,3.38455e-09
8.54847e-09,8.04114e-09,7.47393e-09,6.90301e-09,6.38997e-09,5.89647e-09,5.39149e-09,4.85787e-09,4.31269e-09,3.79329e-09,3.32391e-09
8.408e-09,7.90904e-09,7.35066e-09,6.78796e-09,6.28249e-09,5.79626e-09,5.29898e-09,4.77391e-09,4.23755e-09,3.72679e-09,3.26503e-09
8.27017e-09,7.77937e-09,7.22956e-09,6.67517e-09,6.17709e-09,5.69808e-09,5.20832e-09,4.69153e-09,4.16385e-09,3.66153e-09,3.20748e-09
8.1327e-09,7.65001e-09,7.10879e-09,6.56225e-09,6.0717e-09,5.59991e-09,5.11764e-09,4.60932e-09,4.09023e-09,3.59631e-09,3.14944e-09
7.99978e-09,7.52486e-09,6.99186e-09,6.45339e-09,5.97e-09,5.50431e-09,5.02996e-09,4.52973e-09,4.01894e-09,3.53294e-09,3.09321e-09
7.86456e-09,7.3977e-09,6.87306e-09,6.3424e-09,5.86644e-09,5.40873e-09,4.94113e-09,4.44906e-09,3.94667e-09,3.469e-09,3.03656e-09
7.73392e-09,7.27456e-09,6.75794e-09,6.23509e-09,5.7664e-09,5.31573e-09,4.85524e-09,4.37108e-09,3.87673e-09,3.40678e-09,2.98164e-09
7.60368e-09,7.15204e-09,6.64348e-09,6.12818e-09,5.66659e-09,5.2228e-09,4.76954e-09,4.29321e-09,3.80703e-09,3.34514e-09,2.92657e-09
7.47573e-09,7.03148e-09,6.53056e-09,6.02279e-09,5.56834e-09,5.13144e-09,4.68535e-09,4.21681e-09,3.73854e-09,3.28422e-09,2.87223e-09
7.35046e-09,6.91335e-09,6.42006e-09,5.91993e-09,5.47237e-09,5.04205e-09,4.60292e-09,4.14183e-09,3.67137e-09,3.22454e-09,2.8198e-09
7.22576e-09,6.79569e-09,6.30992e-09,5.81676e-09,5.37629e-09,4.95313e-09,4.52095e-09,4.06761e-09,3.60474e-09,3.16533e-09,2.76684e-09
7.10266e-09,6.6795e-09,6.2012e-09,5.71537e-09,5.28174e-09,4.86528e-09,4.44011e-09,3.99413e-09,3.53893e-09,3.1067e-09,2.71495e-09
6.98272e-09,6.5662e-09,6.09514e-09,5.61627e-09,5.18947e-09,4.77914e-09,4.36126e-09,3.92255e-09,3.47464e-09,3.04949e-09,2.66393e-09
6.86272e-09,6.45296e-09,5.9889e-09,5.51699e-09,5.09706e-09,4.69397e-09,4.28252e-09,3.85105e-09,3.41058e-09,2.99256e-09,2.6134e-09
6.74588e-09,6.34276e-09,5.88547e-09,5.42081e-09,5.00749e-09,4.61057e-09,4.20574e-09,3.7813e-09,3.34796e-09,2.93675e-09,2.56378e-09
6.6304e-09,6.23363e-09,5.78318e-09,5.32486e-09,4.91815e-09,4.52819e-09,4.13004e-09,3.7127e-09,3.2864e-09,2.88206e-09,2.51513e-09
6.51625e-09,6.12562e-09,5.68187e-09,5.23042e-09,4.83012e-09,4.44671e-09,4.05517e-09,3.64465e-09,3.22534e-09,2.82766e-09,2.46675e-09
6.4039e-09,6.01867e-09,5.58106e-09,5.13527e-09,4.74179e-09,4.36579e-09,3.98154e-09,3.57807e-09,3.16572e-09,2.77456e-09,2.4196e-09
6.29417e-09,5.91559e-09,5.48475e-09,5.04628e-09,4.65888e-09,4.2883e-09,3.90958e-09,3.5125e-09,3.10667e-09,2.72192e-09,2.3734e-09
6.18519e-09,5.81196e-09,5.38682e-09,4.95427e-09,4.57333e-09,4.20962e-09,3.8381e-09,3.44789e-09,3.04881e-09,2.67037e-09,2.32676e-09
6.07877e-09,5.71194e-09,5.29335e-09,4.8676e-09,4.49251e-09,4.1346e-09,3.7685e-09,3.38447e-09,2.99179e-09,2.61955e-09,2.28156e-09
5.97296e-09,5.61095e-09,5.1981e-09,4.77741e-09,4.40897e-09,4.05818e-09,3.69927e-09,3.32196e-09,2.93571e-09,2.56956e-09,2.23726e-09
5.87007e-09,5.51432e-09,5.10766e-09,4.69395e-09,4.33129e-09,3.98558e-09,3.63182e-09,3.26044e-09,2.88032e-09,2.52008e-09,2.19321e-09
5.76834e-09,5.41796e-09,5.01703e-09,4.60935e-09,4.25252e-09,3.9131e-09,3.56527e-09,3.20009e-09,2.8261e-09,2.47168e-09,2.15021e-09
5.66893e-09,5.3241e-09,4.92855e-09,4.52758e-09,4.17634e-09,3.84216e-09,3.50017e-09,3.14086e-09,2.77284e-09,2.42424e-09,2.10747e-09
5.56997e-09,5.23006e-09,4.84032e-09,4.44448e-09,4.09913e-09,3.77164e-09,3.43558e-09,3.08238e-09,2.72031e-09,2.37722e-09,2.06624e-09
5.47324e-09,5.1386e-09,4.75447e-09,4.36443e-09,4.02472e-09,3.70286e-09,3.37246e-09,3.02503e-09,2.66872e-09,2.33132e-09,2.0253e-09
5.37822e-09,5.04843e-09,4.6695e-09,4.28515e-09,3.95097e-09,3.63502e-09,3.31038e-09,2.96867e-09,2.6182e-09,2.28621e-09,1.98508e-09
5.28455e-09,4.95978e-09,4.58624e-09,4.20722e-09,3.8788e-09,3.56846e-09,3.24928e-09,2.91321e-09,2.56818e-09,2.24154e-09,1.94547e-09
5.19284e-09,4.87329e-09,4.50478e-09,4.13231e-09,3.80902e-09,3.50325e-09,3.18937e-09,2.85864e-09,2.51913e-09,2.19792e-09,1.90645e-09
5.10153e-09,4.78659e-09,4.42331e-09,4.0555e-09,3.73778e-09,3.43836e-09,3.12996e-09,2.80486e-09,2.47071e-09,2.15457e-09,1.86815e-09
5.01232e-09,4.70223e-09,4.34435e-09,3.98195e-09,3.66948e-09,3.37522e-09,3.0719e-09,2.75203e-09,2.42319e-09,2.1119e-09,1.83036e-09
4.92431e-09,4.61878e-09,4.26595e-09,3.90856e-09,3.60159e-09,3.31268e-09,3.01464e-09,2.69997e-09,2.37641e-09,2.0704e-09,1.79327e-09
4.83813e-09,4.53713e-09,4.18911e-09,3.83698e-09,3.53509e-09,3.25158e-09,2.95853e-09,2.64898e-09,2.33056e-09,2.02943e-09,1.75686e-09
4.75391e-09,4.45774e-09,4.11438e-09,3.76864e-09,3.47152e-09,3.19179e-09,2.90362e-09,2.59892e-09,2.28542e-09,1.98917e-09,1.72115e-09
4.67019e-09,4.37808e-09,4.03977e-09,3.69807e-09,3.40576e-09,3.13249e-09,2.84935e-09,2.54972e-09,2.24136e-09,1.94977e-09,1.68617e-09
4.588e-09,4.30022e-09,3.96624e-09,3.62938e-09,3.34222e-09,3.07411e-09,2.79599e-09,2.50127e-09,2.19769e-09,1.9109e-09,1.65156e-09
4.50859e-09,4.22568e-09,3.89656e-09,3.56524e-09,3.28244e-09,3.01885e-09,2.74442e-09,2.45422e-09,2.15538e-09,1.87306e-09,1.61797e-09
4.4295e-09,4.15007e-09,3.82496e-09,3.4975e-09,3.21985e-09,2.96176e-09,2.69315e-09,2.40779e-09,2.11367e-09,1.83594e-09,1.585e-09
4.35342e-09,4.07835e-09,3.75724e-09,3.4358e-09,3.16234e-09,2.90768e-09,2.64353e-09,2.36259e-09,2.07299e-09,1.79964e-09,1.55334e-09
4.27722e-09,4.00574e-09,3.68893e-09,3.37077e-09,3.10195e-09,2.85355e-09,2.59429e-09,2.31805e-09,2.03309e-09,1.7641e-09,1.52133e-09
4.20412e-09,3.93643e-09,3.62361e-09,3.30975e-09,3.04524e-09,2.80159e-09,2.54674e-09,2.27496e-09,1.99434e-09,1.72941e-09,1.49005e-09
4.13251e-09,3.86942e-09,3.56102e-09,3.25164e-09,2.99159e-09,2.75197e-09,2.50057e-09,2.23272e-09,1.95633e-09,1.6957e-09,1.46074e-09
4.06165e-09,3.8013e-09,3.49636e-09,3.19077e-09,2.9347e-09,2.70041e-09,2.4545e-09,2.19124e-09,1.91931e-09,1.66264e-09,1.4315e-09
3.99199e-09,3.73355e-09,3.43099e-09,3.12848e-09,2.87693e-09,2.64849e-09,2.4093e-09,2.15104e-09,1.88355e-09,1.6311e-09,1.40365e-09
3.92628e-09,3.67319e-09,3.37572e-09,3.07854e-09,2.83013e-09,2.60433e-09,2.36688e-09,2.11169e-09,1.84793e-09,1.59927e-09,1.37548e-09
3.85877e-09,3.60649e-09,3.31107e-09,3.01477e-09,2.77125e-09,2.5534e-09,2.32322e-09,2.07331e-09,1.81409e-09,1.56944e-09,1.34924e-09
3.79779e-09,3.55213e-09,3.26132e-09,2.97245e-09,2.73145e-09,2.51402e-09,2.28364e-09,2.03628e-09,1.78049e-09,1.53942e-09,1.32284e-09
3.73536e-09,3.4919e-09,3.20416e-09,2.91803e-09,2.68081e-09,2.46827e-09,2.24315e-09,1.99986e-09,1.74797e-09,1.51058e-09,1.29703e-09
3.67629e-09,3.43644e-09,3.15151e-09,2.87094e-09,2.63663e-09,2.42604e-09,2.20461e-09,1.96478e-09,1.71654e-09,1.4827e-09,1.27251e-09
3.61674e-09,3.3796e-09,3.09851e-09,2.81961e-09,2.58892e-09,2.38387e-09,2.16642e-09,1.93042e-09,1.68584e-09,1.45564e-09,1.2486e-09
3.55937e-09,3.32486e-09,3.0463e-09,2.77074e-09,2.54326e-09,2.34262e-09,2.12921e-09,1.89691e-09,1.65621e-09,1.42937e-09,1.22544e-09
3.50436e-09,3.27396e-09,2.99903e-09,2.72676e-09,2.50285e-09,2.30519e-09,2.09369e-09,1.86464e-09,1.62728e-09,1.40381e-09,1.20307e-09
3.44994e-09,3.22115e-09,2.94835e-09,2.67883e-09,2.45782e-09,2.26465e-09,2.05829e-09,1.83303e-09,1.59922e-09,1.37892e-09,1.18118e-09
3.39897e-09,3.17351e-09,2.90328e-09,2.63973e-09,2.42045e-09,2.22825e-09,2.02496e-09,1.80268e-09,1.57218e-09,1.35509e-09,1.16008e-09
3.34618e-09,3.12272e-09,2.85525e-09,2.59211e-09,2.37666e-09,2.19044e-09,1.99112e-09,1.77254e-09,1.5455e-09,1.33165e-09,1.13953e-09
3.29667e-09,3.07578e-09,2.81106e-09,2.55088e-09,2.33823e-09,2.15522e-09,1.95908e-09,1.7437e-09,1.5199e-09,1.30907e-09,1.11967e-09
3.24901e-09,3.03201e-09,2.77e-09,2.51342e-09,2.30319e-09,2.12299e-09,1.92832e-09,1.71575e-09,1.49508e-09,1.28726e-09,1.10059e-09
3.20152e-09,2.98566e-09,2.72585e-09,2.47108e-09,2.26373e-09,2.08717e-09,1.89745e-09,1.68831e-09,1.47082e-09,1.26593e-09,1.08187e-09
3.1578e-09,2.94549e-09,2.68781e-09,2.43933e-09,2.23331e-09,2.05681e-09,1.86901e-09,1.66217e-09,1.44754e-09,1.24527e-09,1.06418e-09
3.11167e-09,2.90115e-09,2.64597e-09,2.39776e-09,2.19437e-09,2.02394e-09,1.83946e-09,1.63601e-09,1.42454e-09,1.22531e-09,1.04628e-09
3.06803e-09,2.85983e-09,2.60704e-09,2.36141e-09,2.16043e-09,1.99283e-09,1.81124e-09,1.6107e-09,1.40213e-09,1.20557e-09,1.02906e-09
3.02642e-09,2.82189e-09,2.57193e-09,2.32971e-09,2.1308e-09,1.9653e-09,1.78441e-09,1.58623e-09,1.3805e-09,1.18654e-09,1.01237e-09
2.98426e-09,2.78021e-09,2.53233e-09,2.29075e-09,2.09478e-09,1.93237e-09,1.75691e-09,1.56208e-09,1.35908e-09,1.16781e-09,9.96168e-10
2.94603e-09,2.74546e-09,2.50006e-09,2.26355e-09,2.0692e-09,1.90575e-09,1.73209e-09,1.53922e-09,1.33857e-09,1.14995e-09,9.80536e-10
2.90478e-09,2.705e-09,2.46166e-09,2.2248e-09,2.03332e-09,1.87584e-09,1.70548e-09,1.5159e-09,1.31829e-09,1.13214e-09,9.64938e-10
2.86637e-09,2.66885e-09,2.42766e-09,2.19316e-09,2.00365e-09,1.84857e-09,1.68067e-09,1.49362e-09,1.29862e-09,1.11484e-09,9.49966e-10
2.82886e-09,2.63334e-09,2.39427e-09,2.16181e-09,1.97466e-09,1.82191e-09,1.65643e-09,1.47174e-09,1.27941e-09,1.09813e-09,9.34927e-10
2.79221e-09,2.59874e-09,2.36185e-09,2.13157e-09,1.94635e-09,1.79592e-09,1.63275e-09,1.45054e-09,1.26062e-09,1.08169e-09,9.20802e-10
2.75822e-09,2.56767e-09,2.33256e-09,2.10716e-09,1.92336e-09,1.77196e-09,1.61044e-09,1.43012e-09,1.2425e-09,1.06573e-09,9.06857e-10
2.72125e-09,2.53185e-09,2.29911e-09,2.07315e-09,1.89176e-09,1.74564e-09,1.58691e-09,1.40941e-09,1.22436e-09,1.04994e-09,8.93198e-10
2.68461e-09,2.49342e-09,2.26145e-09,2.0328e-09,1.8541e-09,1.71554e-09,1.56327e-09,1.38997e-09,1.20785e-09,1.0358e-09,8.81269e-10
2.65422e-09,2.46868e-09,2.2398e-09,2.018e-09,1.84036e-09,1.69791e-09,1.54344e-09,1.3704e-09,1.18991e-09,1.01986e-09,8.67003e-10
2.62089e-09,2.43719e-09,2.21038e-09,1.99058e-09,1.81465e-09,1.67457e-09,1.52203e-09,1.35123e-09,1.17302e-09,1.00507e-09,8.54076e-10
2.59095e-09,2.40992e-09,2.18463e-09,1.96969e-09,1.79498e-09,1.65343e-09,1.50225e-09,1.33308e-09,1.15691e-09,9.90876e-10,8.41503e-10
2.55814e-09,2.37817e-09,2.15563e-09,1.93887e-09,1.76713e-09,1.63021e-09,1.48159e-09,1.3148e-09,1.1409e-09,9.76979e-10,8.29394e-10
2.52764e-09,2.34934e-09,2.12799e-09,1.91389e-09,1.74306e-09,1.60846e-09,1.46174e-09,1.29712e-09,1.12538e-09,9.63295e-10,8.17555e-10
2.49751e-09,2.32089e-09,2.10134e-09,1.88918e-09,1.71998e-09,1.58717e-09,1.4423e-09,1.27971e-09,1.11002e-09,9.50018e-10,8.06081e-10
2.4689e-09,2.29392e-09,2.07618e-09,1.86587e-09,1.69826e-09,1.56713e-09,1.42381e-09,1.26313e-09,1.0954e-09,9.37264e-10,7.95089e-10
2.44202e-09,2.26959e-09,2.05293e-09,1.84745e-09,1.68075e-09,1.54795e-09,1.40602e-09,1.24676e-09,1.08086e-09,9.24621e-10,7.83941e-10
2.41194e-09,2.24005e-09,2.02548e-09,1.81861e-09,1.654e-09,1.52657e-09,1.38697e-09,1.2302e-09,1.06646e-09,9.12047e-10,7.73104e-10
2.38477e-09,2.21437e-09,2.00146e-09,1.79607e-09,1.63297e-09,1.50722e-09,1.3694e-09,1.21449e-09,1.05265e-09,9.00011e-10,7.62769e-10
2.3583e-09,2.18927e-09,1.97779e-09,1.77405e-09,1.61248e-09,1.48844e-09,1.35225e-09,1.19917e-09,1.03917e-09,8.88273e-10,7.52498e-10
2.33193e-09,2.16443e-09,1.95446e-09,1.75234e-09,1.59221e-09,1.46974e-09,1.33535e-09,1.1841e-09,1.02602e-09,8.76706e-10,7.42272e-10
2.30892e-09,2.1437e-09,1.93477e-09,1.73748e-09,1.57805e-09,1.45349e-09,1.32006e-09,1.16993e-09,1.01344e-09,8.65672e-10,7.32907e-10
