3.07928e-06,2.83917e-06,2.64764e-06,2.49645e-06,2.38961e-06,2.30159e-06,2.24125e-06,2.22514e-06,2.17438e-06,2.18214e-06,2.21344e-06
2.83532e-06,2.61477e-06,2.43963e-06,2.30203e-06,2.19765e-06,2.1214e-06,2.06319e-06,2.03908e-06,1.99662e-06,1.99156e-06,2.02505e-06
2.61979e-06,2.42076e-06,2.25788e-06,2.13401e-06,2.04149e-06,1.95955e-06,1.9026e-06,1.88387e-06,1.83879e-06,1.83492e-06,1.85699e-06
2.42269e-06,2.23872e-06,2.09223e-06,1.97879e-06,1.89157e-06,1.81753e-06,1.76322e-06,1.73756e-06,1.70248e-06,1.69154e-06,1.71074e-06
2.25891e-06,2.08748e-06,1.95375e-06,1.84919e-06,1.76793e-06,1.69859e-06,1.64721e-06,1.6187e-06,1.58848e-06,1.57612e-06,1.59057e-06
2.11799e-06,1.95911e-06,1.83393e-06,1.73748e-06,1.66173e-06,1.60123e-06,1.54747e-06,1.51774e-06,1.49014e-06,1.48147e-06,1.48866e-06
1.98606e-06,1.83669e-06,1.72264e-06,1.63192e-06,1.56083e-06,1.50273e-06,1.45532e-06,1.42521e-06,1.39809e-06,1.38957e-06,1.39579e-06
1.8711e-06,1.73123e-06,1.62513e-06,1.53984e-06,1.47267e-06,1.42039e-06,1.37448e-06,1.34501e-06,1.31827e-06,1.31259e-06,1.3161e-06
1.76755e-06,1.6361e-06,1.53718e-06,1.45681e-06,1.39322e-06,1.3459e-06,1.30172e-06,1.27302e-06,1.2468e-06,1.24186e-06,1.24484e-06
1.67418e-06,1.5505e-06,1.45806e-06,1.38209e-06,1.32173e-06,1.27826e-06,1.23618e-06,1.20805e-06,1.18278e-06,1.17871e-06,1.18205e-06
1.58895e-06,1.47159e-06,1.3854e-06,1.3134e-06,1.25619e-06,1.21509e-06,1.17511e-06,1.14814e-06,1.12452e-06,1.11994e-06,1.12339e-06
1.51136e-06,1.40171e-06,1.31935e-06,1.25067e-06,1.19651e-06,1.1584e-06,1.12062e-06,1.09495e-06,1.07212e-06,1.06834e-06,1.07099e-06
1.43946e-06,1.33464e-06,1.25775e-06,1.19269e-06,1.14073e-06,1.10409e-06,1.06881e-06,1.04364e-06,1.02327e-06,1.01828e-06,1.02175e-06
1.37407e-06,1.27451e-06,1.20133e-06,1.14e-06,1.09024e-06,1.05472e-06,1.0215e-06,9.97067e-07,9.78752e-07,9.7291e-07,9.77581e-07
1.31279e-06,1.21883e-06,1.14889e-06,1.09073e-06,1.04325e-06,1.00954e-06,9.77991e-07,9.54079e-07,9.38115e-07,9.3134e-07,9.36203e-07
1.25729e-06,1.16819e-06,1.10076e-06,1.04589e-06,1.00003e-06,9.6656e-07,9.36971e-07,9.14138e-07,9.00414e-07,8.91545e-07,8.97062e-07
1.20485e-06,1.12035e-06,1.05575e-06,1.00365e-06,9.59514e-07,9.27364e-07,9.01212e-07,8.77417e-07,8.66347e-07,8.55278e-07,8.62327e-07
1.15479e-06,1.07526e-06,1.01331e-06,9.63877e-07,9.21845e-07,8.89424e-07,8.64528e-07,8.42104e-07,8.31553e-07,8.22215e-07,8.2915e-07
1.10998e-06,1.03512e-06,9.7534e-07,9.2832e-07,8.89171e-07,8.55449e-07,8.32853e-07,8.10426e-07,8.00518e-07,7.91859e-07,7.98703e-07
1.0679e-06,9.96516e-07,9.38819e-07,8.94154e-07,8.56736e-07,8.23713e-07,8.02152e-07,7.80215e-07,7.71049e-07,7.63479e-07,7.68777e-07
1.02784e-06,9.59468e-07,9.04649e-07,8.61599e-07,8.26024e-07,7.92952e-07,7.72974e-07,7.51083e-07,7.42555e-07,7.35528e-07,7.41211e-07
9.91314e-07,9.24169e-07,8.71543e-07,8.30711e-07,7.93949e-07,7.64485e-07,7.43656e-07,7.2372e-07,7.14072e-07,7.10226e-07,7.13908e-07
9.55304e-07,8.9162e-07,8.41952e-07,8.01758e-07,7.66734e-07,7.37368e-07,7.18954e-07,6.98237e-07,6.89273e-07,6.8502e-07,6.90001e-07
9.23306e-07,8.61895e-07,8.14207e-07,7.74836e-07,7.40766e-07,7.1336e-07,6.94035e-07,6.75086e-07,6.66201e-07,6.62723e-07,6.65914e-07
8.92497e-07,8.33557e-07,7.87507e-07,7.50139e-07,7.17511e-07,6.89068e-07,6.71962e-07,6.53193e-07,6.42544e-07,6.40141e-07,6.44181e-07
8.62521e-07,8.05767e-07,7.61809e-07,7.25242e-07,6.93823e-07,6.67538e-07,6.4984e-07,6.31786e-07,6.2042e-07,6.21595e-07,6.21658e-07
8.36654e-07,7.81385e-07,7.39402e-07,7.03666e-07,6.72248e-07,6.47744e-07,6.30367e-07,6.13601e-07,6.00108e-07,6.0412e-07,6.01584e-07
8.1049e-07,7.57929e-07,7.16527e-07,6.82418e-07,6.52583e-07,6.2881e-07,6.11887e-07,5.94531e-07,5.80959e-07,5.86051e-07,5.83296e-07
7.86403e-07,7.34903e-07,6.96126e-07,6.62551e-07,6.3355e-07,6.09735e-07,5.93279e-07,5.77852e-07,5.62704e-07,5.69291e-07,5.65506e-07
7.64231e-07,7.14717e-07,6.77372e-07,6.4395e-07,6.1617e-07,5.93813e-07,5.76043e-07,5.62201e-07,5.47057e-07,5.54358e-07,5.48182e-07
7.42465e-07,6.94213e-07,6.5829e-07,6.26299e-07,5.98766e-07,5.76702e-07,5.60743e-07,5.46835e-07,5.30344e-07,5.38847e-07,5.32925e-07
7.22043e-07,6.75639e-07,6.40697e-07,6.09367e-07,5.82504e-07,5.6173e-07,5.45471e-07,5.32407e-07,5.15781e-07,5.24787e-07,5.17122e-07
7.03099e-07,6.58011e-07,6.24291e-07,5.93727e-07,5.67564e-07,5.47431e-07,5.31468e-07,5.18995e-07,5.0214e-07,5.11431e-07,5.03008e-07
6.8523e-07,6.41374e-07,6.0879e-07,5.78996e-07,5.53509e-07,5.33909e-07,5.183e-07,5.06356e-07,4.89301e-07,4.98823e-07,4.89993e-07
6.68547e-07,6.26149e-07,5.93922e-07,5.65358e-07,5.40384e-07,5.21723e-07,5.06856e-07,4.9422e-07,4.77832e-07,4.86953e-07,4.78459e-07
6.52231e-07,6.10406e-07,5.79976e-07,5.51759e-07,5.27375e-07,5.0872e-07,4.94093e-07,4.83092e-07,4.66567e-07,4.75875e-07,4.66397e-07
6.36546e-07,5.96192e-07,5.66485e-07,5.39188e-07,5.15214e-07,4.97132e-07,4.82956e-07,4.72043e-07,4.56577e-07,4.63336e-07,4.55822e-07
6.21767e-07,5.82452e-07,5.53529e-07,5.27091e-07,5.03539e-07,4.85927e-07,4.72205e-07,4.61606e-07,4.47021e-07,4.52463e-07,4.45686e-07
6.07423e-07,5.69228e-07,5.41031e-07,5.15281e-07,4.92284e-07,4.75321e-07,4.6202e-07,4.51487e-07,4.38126e-07,4.43009e-07,4.36174e-07
5.9391e-07,5.56732e-07,5.29094e-07,5.04123e-07,4.81611e-07,4.6484e-07,4.52053e-07,4.42112e-07,4.29214e-07,4.33354e-07,4.26901e-07
5.80386e-07,5.44027e-07,5.17155e-07,4.93003e-07,4.70953e-07,4.54458e-07,4.42314e-07,4.32422e-07,4.20442e-07,4.23012e-07,4.1842e-07
5.67462e-07,5.31799e-07,5.05683e-07,4.82319e-07,4.60633e-07,4.44892e-07,4.32984e-07,4.23171e-07,4.12432e-07,4.13715e-07,4.1024e-07
5.55321e-07,5.20191e-07,4.9472e-07,4.72249e-07,4.51339e-07,4.34927e-07,4.23986e-07,4.14196e-07,4.04667e-07,4.04005e-07,4.02572e-07
5.42257e-07,5.08178e-07,4.83348e-07,4.61547e-07,4.40626e-07,4.25063e-07,4.14802e-07,4.05093e-07,3.96716e-07,3.94314e-07,3.94172e-07
5.30349e-07,4.98144e-07,4.73136e-07,4.51897e-07,4.30955e-07,4.16189e-07,4.06525e-07,3.97301e-07,3.88983e-07,3.85651e-07,3.86718e-07
5.17626e-07,4.85118e-07,4.61433e-07,4.41146e-07,4.21014e-07,4.06732e-07,3.97019e-07,3.8738e-07,3.80978e-07,3.76674e-07,3.78057e-07
5.06299e-07,4.74455e-07,4.51525e-07,4.31887e-07,4.12113e-07,3.98114e-07,3.8881e-07,3.78998e-07,3.73573e-07,3.68175e-07,3.70834e-07
4.93549e-07,4.62357e-07,4.3981e-07,4.20967e-07,4.01664e-07,3.87852e-07,3.79341e-07,3.69752e-07,3.64425e-07,3.58822e-07,3.62018e-07
4.81205e-07,4.50873e-07,4.2908e-07,4.10807e-07,3.91942e-07,3.78675e-07,3.70495e-07,3.61007e-07,3.56258e-07,3.49904e-07,3.53948e-07
4.69237e-07,4.39408e-07,4.184e-07,4.00731e-07,3.82279e-07,3.69306e-07,3.61551e-07,3.51894e-07,3.48131e-07,3.40958e-07,3.4611e-07
4.57127e-07,4.28089e-07,4.07578e-07,3.90503e-07,3.72541e-07,3.59798e-07,3.52613e-07,3.43177e-07,3.39405e-07,3.32074e-07,3.37598e-07
4.45617e-07,4.16548e-07,3.96744e-07,3.80262e-07,3.62706e-07,3.52064e-07,3.43517e-07,3.34043e-07,3.31074e-07,3.25442e-07,3.29284e-07
4.34437e-07,4.05223e-07,3.86147e-07,3.70517e-07,3.54336e-07,3.40597e-07,3.34662e-07,3.24796e-07,3.22393e-07,3.14413e-07,3.21851e-07
4.2128e-07,3.9343e-07,3.75032e-07,3.59634e-07,3.43083e-07,3.30672e-07,3.25229e-07,3.15705e-07,3.13224e-07,3.05154e-07,3.12292e-07
4.09099e-07,3.81694e-07,3.64037e-07,3.49132e-07,3.33105e-07,3.20992e-07,3.15919e-07,3.064e-07,3.04184e-07,2.96158e-07,3.03765e-07
3.97138e-07,3.73908e-07,3.52889e-07,3.38808e-07,3.22874e-07,3.11596e-07,3.06649e-07,2.99199e-07,2.95371e-07,2.86889e-07,2.95252e-07
3.84093e-07,3.58193e-07,3.42147e-07,3.27689e-07,3.11696e-07,3.01493e-07,2.97227e-07,2.87945e-07,2.8587e-07,2.7829e-07,2.86095e-07
3.72653e-07,3.46207e-07,3.30942e-07,3.17248e-07,3.02799e-07,2.91377e-07,2.87569e-07,2.78311e-07,2.77052e-07,2.6935e-07,2.77483e-07
3.60456e-07,3.34362e-07,3.19887e-07,3.06565e-07,2.92648e-07,2.81456e-07,2.78001e-07,2.68877e-07,2.67902e-07,2.60389e-07,2.68687e-07
3.48527e-07,3.22667e-07,3.08947e-07,2.95988e-07,2.82592e-07,2.71609e-07,2.68703e-07,2.59611e-07,2.59223e-07,2.51563e-07,2.59982e-07
3.37173e-07,3.11193e-07,2.98092e-07,2.8547e-07,2.72659e-07,2.61603e-07,2.59218e-07,2.50372e-07,2.49493e-07,2.4309e-07,2.51224e-07
3.24595e-07,2.99253e-07,2.87041e-07,2.74735e-07,2.62448e-07,2.51849e-07,2.49486e-07,2.40737e-07,2.40668e-07,2.33715e-07,2.42108e-07
3.12766e-07,2.87613e-07,2.76169e-07,2.64198e-07,2.52426e-07,2.42059e-07,2.39989e-07,2.31389e-07,2.31642e-07,2.25008e-07,2.33176e-07
3.01285e-07,2.81808e-07,2.6515e-07,2.54013e-07,2.42165e-07,2.32894e-07,2.30697e-07,2.25155e-07,2.22882e-07,2.15841e-07,2.245e-07
2.89403e-07,2.64679e-07,2.54646e-07,2.43269e-07,2.32504e-07,2.22665e-07,2.21113e-07,2.12821e-07,2.13693e-07,2.07869e-07,2.15546e-07
2.82637e-07,2.584e-07,2.49295e-07,2.37737e-07,2.27258e-07,2.17366e-07,2.15866e-07,2.07438e-07,2.08342e-07,2.0291e-07,2.10481e-07
2.66605e-07,2.4237e-07,2.3352e-07,2.22688e-07,2.12945e-07,2.03889e-07,2.02717e-07,1.94633e-07,1.96423e-07,1.91096e-07,1.98534e-07
2.55383e-07,2.31551e-07,2.23103e-07,2.12511e-07,2.03147e-07,1.94241e-07,1.93109e-07,1.85608e-07,1.87278e-07,1.82827e-07,1.89524e-07
2.44971e-07,2.21017e-07,2.13028e-07,2.02711e-07,1.9376e-07,1.85082e-07,1.84118e-07,1.77032e-07,1.78777e-07,1.7506e-07,1.80784e-07
2.33856e-07,2.10774e-07,2.03039e-07,1.92954e-07,1.84515e-07,1.76176e-07,1.75273e-07,1.68329e-07,1.70396e-07,1.66691e-07,1.72781e-07
2.23727e-07,2.00919e-07,1.93402e-07,1.83598e-07,1.75572e-07,1.6752e-07,1.66752e-07,1.60004e-07,1.62293e-07,1.58847e-07,1.64789e-07
2.13396e-07,1.91378e-07,1.84239e-07,1.74702e-07,1.66905e-07,1.59047e-07,1.5856e-07,1.52326e-07,1.54789e-07,1.51422e-07,1.57302e-07
2.04258e-07,1.82157e-07,1.75062e-07,1.65805e-07,1.58433e-07,1.5103e-07,1.50241e-07,1.44254e-07,1.46698e-07,1.44099e-07,1.49191e-07
1.94853e-07,1.73107e-07,1.66305e-07,1.57299e-07,1.50244e-07,1.43212e-07,1.42468e-07,1.36678e-07,1.39267e-07,1.36883e-07,1.42012e-07
1.85895e-07,1.64586e-07,1.57824e-07,1.49089e-07,1.42309e-07,1.35674e-07,1.34888e-07,1.29414e-07,1.32079e-07,1.30069e-07,1.34937e-07
1.77024e-07,1.56758e-07,1.49692e-07,1.41283e-07,1.34688e-07,1.2858e-07,1.27496e-07,1.22531e-07,1.25124e-07,1.23574e-07,1.28363e-07
1.69122e-07,1.48861e-07,1.4185e-07,1.33605e-07,1.27351e-07,1.21507e-07,1.20565e-07,1.15839e-07,1.18526e-07,1.17288e-07,1.21542e-07
1.61357e-07,1.41719e-07,1.3448e-07,1.2648e-07,1.20426e-07,1.14992e-07,1.13935e-07,1.09618e-07,1.1226e-07,1.11319e-07,1.15345e-07
1.54091e-07,1.35102e-07,1.27599e-07,1.19822e-07,1.13978e-07,1.08909e-07,1.07732e-07,1.03833e-07,1.0637e-07,1.05712e-07,1.09524e-07
1.47384e-07,1.29044e-07,1.21231e-07,1.13657e-07,1.07997e-07,1.03287e-07,1.01976e-07,9.84937e-08,1.00896e-07,1.00515e-07,1.04097e-07
1.4126e-07,1.2355e-07,1.1542e-07,1.08011e-07,1.02572e-07,9.81761e-08,9.68284e-08,9.36634e-08,9.59202e-08,9.57333e-08,9.91051e-08
1.35619e-07,1.18502e-07,1.10073e-07,1.03025e-07,9.75961e-08,9.34462e-08,9.18867e-08,8.92386e-08,9.12981e-08,9.13365e-08,9.43477e-08
1.30399e-07,1.1392e-07,1.05231e-07,9.83025e-08,9.31429e-08,8.91401e-08,8.75919e-08,8.52245e-08,8.70555e-08,8.7267e-08,9.03933e-08
1.26119e-07,1.09847e-07,1.00971e-07,9.42265e-08,8.91706e-08,8.53338e-08,8.37694e-08,8.17377e-08,8.34071e-08,8.37265e-08,8.65214e-08
1.21615e-07,1.06153e-07,9.71394e-08,9.05039e-08,8.55855e-08,8.19674e-08,8.02968e-08,7.84649e-08,7.9984e-08,8.04554e-08,8.3337e-08
1.17701e-07,1.02705e-07,9.36128e-08,8.71829e-08,8.23728e-08,7.88757e-08,7.71362e-08,7.55471e-08,7.68963e-08,7.75147e-08,8.04225e-08
1.14072e-07,9.9523e-08,9.03806e-08,8.41516e-08,7.94168e-08,7.61089e-08,7.43449e-08,7.28803e-08,7.40438e-08,7.47602e-08,7.75489e-08
1.1074e-07,9.66003e-08,8.74543e-08,8.1336e-08,7.67422e-08,7.36046e-08,7.17765e-08,7.04773e-08,7.15113e-08,7.23507e-08,7.50362e-08
1.07678e-07,9.3992e-08,8.48378e-08,7.88012e-08,7.43485e-08,7.13992e-08,6.95739e-08,6.83357e-08,6.92627e-08,7.01854e-08,7.27256e-08
1.04749e-07,9.14263e-08,8.23486e-08,7.64021e-08,7.21223e-08,6.92554e-08,6.73204e-08,6.62808e-08,6.70885e-08,6.81478e-08,7.06423e-08
1.01992e-07,8.91884e-08,8.00921e-08,7.43217e-08,7.00987e-08,6.72904e-08,6.53916e-08,6.44622e-08,6.51588e-08,6.61883e-08,6.85284e-08
9.96049e-08,8.7114e-08,7.80633e-08,7.24368e-08,6.82642e-08,6.55026e-08,6.3634e-08,6.28708e-08,6.34232e-08,6.44682e-08,6.70147e-08
9.7205e-08,8.51508e-08,7.61952e-08,7.06497e-08,6.66126e-08,6.39079e-08,6.21178e-08,6.13648e-08,6.18457e-08,6.2885e-08,6.53421e-08
9.49808e-08,8.32289e-08,7.44939e-08,6.9089e-08,6.51052e-08,6.24613e-08,6.0594e-08,5.99428e-08,6.03898e-08,6.14521e-08,6.38004e-08
9.29935e-08,8.14742e-08,7.29397e-08,6.76675e-08,6.37236e-08,6.11212e-08,5.92988e-08,5.86261e-08,5.90259e-08,6.01115e-08,6.25284e-08
9.10636e-08,7.97411e-08,7.14002e-08,6.61442e-08,6.23941e-08,5.98268e-08,5.80622e-08,5.73857e-08,5.77674e-08,5.88449e-08,6.12304e-08
8.90818e-08,7.80263e-08,6.99215e-08,6.47396e-08,6.10899e-08,5.85943e-08,5.68272e-08,5.6171e-08,5.65375e-08,5.75553e-08,5.99855e-08
8.7143e-08,7.63906e-08,6.84615e-08,6.33783e-08,5.98256e-08,5.73754e-08,5.5635e-08,5.49934e-08,5.53628e-08,5.6418e-08,5.87697e-08
8.53796e-08,7.47714e-08,6.70403e-08,6.20374e-08,5.85824e-08,5.61927e-08,5.44592e-08,5.38299e-08,5.42172e-08,5.52747e-08,5.76021e-08
8.34714e-08,7.31728e-08,6.56606e-08,6.07315e-08,5.73821e-08,5.50563e-08,5.33582e-08,5.27266e-08,5.31051e-08,5.41497e-08,5.6446e-08
8.17395e-08,7.16815e-08,6.43172e-08,5.94716e-08,5.6192e-08,5.38921e-08,5.22593e-08,5.16268e-08,5.2015e-08,5.3059e-08,5.53537e-08
7.99421e-08,7.02169e-08,6.30037e-08,5.82243e-08,5.5041e-08,5.28114e-08,5.11939e-08,5.05709e-08,5.0958e-08,5.20118e-08,5.42764e-08
7.83034e-08,6.87035e-08,6.17683e-08,5.6994e-08,5.39084e-08,5.17451e-08,5.02033e-08,4.95215e-08,4.99147e-08,5.08505e-08,5.32147e-08
7.65726e-08,6.73504e-08,6.04691e-08,5.58142e-08,5.27961e-08,5.06904e-08,4.91132e-08,4.85172e-08,4.89053e-08,4.99503e-08,5.21843e-08
7.50002e-08,6.59202e-08,5.92454e-08,5.46235e-08,5.17024e-08,4.96321e-08,4.81198e-08,4.75072e-08,4.7917e-08,4.89487e-08,5.11511e-08
7.34549e-08,6.45613e-08,5.80381e-08,5.34825e-08,5.06338e-08,4.86229e-08,4.71451e-08,4.65314e-08,4.69393e-08,4.79647e-08,5.01733e-08
7.19165e-08,6.33011e-08,5.6944e-08,5.24241e-08,4.96693e-08,4.76878e-08,4.62459e-08,4.56389e-08,4.60611e-08,4.70561e-08,4.92377e-08
7.02911e-08,6.20017e-08,5.57963e-08,5.13308e-08,4.86517e-08,4.67133e-08,4.53075e-08,4.47125e-08,4.51406e-08,4.61255e-08,4.82653e-08
6.88259e-08,6.07053e-08,5.4672e-08,5.0253e-08,4.76491e-08,4.5763e-08,4.43868e-08,4.37895e-08,4.42157e-08,4.50099e-08,4.73409e-08
6.75048e-08,5.93436e-08,5.34363e-08,4.90843e-08,4.65563e-08,4.4732e-08,4.33942e-08,4.27892e-08,4.3245e-08,4.41789e-08,4.62973e-08
6.58548e-08,5.80615e-08,5.23273e-08,4.8036e-08,4.55875e-08,4.37902e-08,4.2487e-08,4.19164e-08,4.23593e-08,4.3274e-08,4.53972e-08
6.44585e-08,5.68455e-08,5.12217e-08,4.70095e-08,4.46253e-08,4.28771e-08,4.15917e-08,4.10485e-08,4.14895e-08,4.24237e-08,4.45138e-08
6.29426e-08,5.56046e-08,5.01403e-08,4.59782e-08,4.36808e-08,4.19739e-08,4.07353e-08,4.01784e-08,4.06247e-08,4.14702e-08,4.35576e-08
6.16331e-08,5.44248e-08,4.90709e-08,4.49668e-08,4.27532e-08,4.10918e-08,3.989e-08,3.9338e-08,3.97837e-08,4.0657e-08,4.26385e-08
6.03229e-08,5.32138e-08,4.80293e-08,4.39911e-08,4.18266e-08,4.02108e-08,3.9035e-08,3.84861e-08,3.89332e-08,3.95374e-08,4.17634e-08
5.88638e-08,5.20384e-08,4.69596e-08,4.30024e-08,4.09195e-08,3.93335e-08,3.81957e-08,3.76601e-08,3.81172e-08,3.8892e-08,4.08886e-08
5.75508e-08,5.09215e-08,4.59204e-08,4.20457e-08,4.00212e-08,3.84825e-08,3.73571e-08,3.68511e-08,3.73081e-08,3.80922e-08,4.00891e-08
5.62832e-08,4.97336e-08,4.4892e-08,4.10875e-08,3.91441e-08,3.76362e-08,3.65644e-08,3.60415e-08,3.65051e-08,3.72471e-08,3.91301e-08
5.49126e-08,4.86227e-08,4.39035e-08,4.01452e-08,3.82714e-08,3.68058e-08,3.57574e-08,3.52467e-08,3.56987e-08,3.63949e-08,3.83637e-08
5.36134e-08,4.75498e-08,4.29106e-08,3.92236e-08,3.74236e-08,3.60005e-08,3.49791e-08,3.44743e-08,3.49273e-08,3.56281e-08,3.7533e-08
5.23879e-08,4.64496e-08,4.19717e-08,3.83207e-08,3.65845e-08,3.52086e-08,3.42045e-08,3.3704e-08,3.41402e-08,3.45575e-08,3.67534e-08
5.09984e-08,4.54078e-08,4.0969e-08,3.74436e-08,3.57489e-08,3.4396e-08,3.34168e-08,3.29545e-08,3.34104e-08,3.39803e-08,3.59558e-08
4.97803e-08,4.43026e-08,4.00426e-08,3.6556e-08,3.49296e-08,3.35949e-08,3.26678e-08,3.22002e-08,3.26591e-08,3.31461e-08,3.50175e-08
4.876e-08,4.32819e-08,3.90904e-08,3.56889e-08,3.41249e-08,3.28282e-08,3.19194e-08,3.14562e-08,3.19008e-08,3.24466e-08,3.43799e-08
4.76194e-08,4.22508e-08,3.81736e-08,3.48387e-08,3.33313e-08,3.2059e-08,3.11825e-08,3.07323e-08,3.11715e-08,3.16693e-08,3.35798e-08
4.63949e-08,4.12921e-08,3.72425e-08,3.39966e-08,3.25393e-08,3.13149e-08,3.04581e-08,3.00211e-08,3.04524e-08,3.09195e-08,3.27547e-08
4.53158e-08,4.02427e-08,3.64021e-08,3.31921e-08,3.17672e-08,3.05619e-08,2.97444e-08,2.93093e-08,2.97247e-08,2.98669e-08,3.20102e-08
4.40318e-08,3.92699e-08,3.54664e-08,3.23705e-08,3.10102e-08,2.98367e-08,2.9034e-08,2.86265e-08,2.90416e-08,2.94254e-08,3.12372e-08
4.30715e-08,3.8295e-08,3.45871e-08,3.15697e-08,3.02542e-08,2.90904e-08,2.83304e-08,2.79342e-08,2.83395e-08,2.86824e-08,3.04863e-08
4.19879e-08,3.73264e-08,3.37199e-08,3.07785e-08,2.95085e-08,2.8402e-08,2.76428e-08,2.72555e-08,2.76562e-08,2.79775e-08,2.97589e-08
4.09317e-08,3.64048e-08,3.28785e-08,2.99982e-08,2.87828e-08,2.76887e-08,2.69617e-08,2.65941e-08,2.69839e-08,2.72724e-08,2.89904e-08
3.9912e-08,3.53938e-08,3.20304e-08,2.92215e-08,2.80545e-08,2.69929e-08,2.62892e-08,2.59252e-08,2.63065e-08,2.65556e-08,2.82917e-08
3.88596e-08,3.45483e-08,3.12349e-08,2.84863e-08,2.73442e-08,2.63099e-08,2.56266e-08,2.5277e-08,2.56488e-08,2.58488e-08,2.75855e-08
3.80801e-08,3.39573e-08,3.06094e-08,2.79447e-08,2.68582e-08,2.58318e-08,2.51773e-08,2.48235e-08,2.51792e-08,2.53777e-08,2.70727e-08
3.68474e-08,3.27681e-08,2.95993e-08,2.69854e-08,2.59456e-08,2.4992e-08,2.4328e-08,2.3998e-08,2.43468e-08,2.45152e-08,2.61996e-08
3.58199e-08,3.19131e-08,2.88057e-08,2.62622e-08,2.52624e-08,2.43059e-08,2.36929e-08,2.33772e-08,2.37129e-08,2.38516e-08,2.55063e-08
3.48948e-08,3.10617e-08,2.80291e-08,2.55551e-08,2.45946e-08,2.36581e-08,2.3063e-08,2.27652e-08,2.30901e-08,2.32193e-08,2.48981e-08
3.39736e-08,3.02258e-08,2.72462e-08,2.48951e-08,2.39339e-08,2.30193e-08,2.2454e-08,2.21555e-08,2.24819e-08,2.25621e-08,2.41865e-08
3.31105e-08,2.93071e-08,2.65293e-08,2.42064e-08,2.32844e-08,2.2398e-08,2.18523e-08,2.1566e-08,2.18801e-08,2.19682e-08,2.35178e-08
3.20106e-08,2.86355e-08,2.57967e-08,2.35438e-08,2.26585e-08,2.17948e-08,2.12655e-08,2.09877e-08,2.1288e-08,2.12876e-08,2.2873e-08
3.12661e-08,2.78329e-08,2.50936e-08,2.29163e-08,2.20418e-08,2.1192e-08,2.06852e-08,2.0421e-08,2.07011e-08,2.07293e-08,2.22333e-08
3.04109e-08,2.70882e-08,2.43645e-08,2.22772e-08,2.1443e-08,2.06587e-08,2.01171e-08,1.98624e-08,2.0142e-08,2.01543e-08,2.16442e-08
2.95903e-08,2.64318e-08,2.37017e-08,2.16791e-08,2.0839e-08,2.00356e-08,1.95623e-08,1.93232e-08,1.95778e-08,1.95595e-08,2.102e-08
2.87562e-08,2.56191e-08,2.30374e-08,2.1075e-08,2.02635e-08,1.94797e-08,1.9026e-08,1.87959e-08,1.90394e-08,1.90042e-08,2.0428e-08
2.79743e-08,2.48747e-08,2.23946e-08,2.04933e-08,1.96992e-08,1.88903e-08,1.84976e-08,1.82824e-08,1.84968e-08,1.84486e-08,1.9855e-08
2.72758e-08,2.40875e-08,2.17485e-08,1.99362e-08,1.91627e-08,1.83506e-08,1.79805e-08,1.77631e-08,1.79944e-08,1.79558e-08,1.92657e-08
2.6434e-08,2.35056e-08,2.1086e-08,1.93765e-08,1.86109e-08,1.78321e-08,1.74825e-08,1.72705e-08,1.74792e-08,1.74495e-08,1.87099e-08
2.57077e-08,2.28328e-08,2.05305e-08,1.88428e-08,1.8078e-08,1.73581e-08,1.69799e-08,1.67858e-08,1.69686e-08,1.68778e-08,1.8136e-08
2.47537e-08,2.2173e-08,1.99419e-08,1.82926e-08,1.75603e-08,1.68596e-08,1.64883e-08,1.6311e-08,1.64825e-08,1.63426e-08,1.76003e-08
2.42128e-08,2.14766e-08,1.93557e-08,1.77839e-08,1.70489e-08,1.63668e-08,1.60157e-08,1.58355e-08,1.60025e-08,1.59272e-08,1.70901e-08
2.36161e-08,2.09166e-08,1.88082e-08,1.72596e-08,1.65577e-08,1.58904e-08,1.55523e-08,1.53813e-08,1.55375e-08,1.54695e-08,1.65826e-08
2.2912e-08,2.03096e-08,1.82653e-08,1.67333e-08,1.60832e-08,1.54278e-08,1.51046e-08,1.49432e-08,1.50855e-08,1.50103e-08,1.60992e-08
2.22264e-08,1.9737e-08,1.76594e-08,1.62945e-08,1.56218e-08,1.49852e-08,1.46747e-08,1.45087e-08,1.46405e-08,1.45521e-08,1.561e-08
2.1692e-08,1.91529e-08,1.72215e-08,1.58237e-08,1.5172e-08,1.45463e-08,1.42527e-08,1.40846e-08,1.42201e-08,1.41996e-08,1.51078e-08
2.10935e-08,1.86026e-08,1.67216e-08,1.5381e-08,1.47479e-08,1.41247e-08,1.38343e-08,1.36815e-08,1.38055e-08,1.37846e-08,1.46648e-08
2.05183e-08,1.80747e-08,1.62438e-08,1.49421e-08,1.43199e-08,1.37183e-08,1.34429e-08,1.32928e-08,1.33943e-08,1.33599e-08,1.41835e-08
1.99142e-08,1.75783e-08,1.58135e-08,1.45278e-08,1.39262e-08,1.3397e-08,1.30751e-08,1.29204e-08,1.3013e-08,1.29887e-08,1.3789e-08
1.93777e-08,1.70822e-08,1.54307e-08,1.41415e-08,1.35256e-08,1.29744e-08,1.26998e-08,1.25562e-08,1.2633e-08,1.26246e-08,1.33875e-08
1.88766e-08,1.65608e-08,1.49303e-08,1.37336e-08,1.31618e-08,1.25979e-08,1.23533e-08,1.2206e-08,1.2273e-08,1.22796e-08,1.29969e-08
1.83966e-08,1.62904e-08,1.45328e-08,1.33719e-08,1.28144e-08,1.2259e-08,1.20219e-08,1.18796e-08,1.19337e-08,1.1945e-08,1.26297e-08
1.78212e-08,1.57203e-08,1.42406e-08,1.30384e-08,1.2468e-08,1.19275e-08,1.17058e-08,1.1558e-08,1.1613e-08,1.16224e-08,1.22716e-08
1.75778e-08,1.53292e-08,1.37895e-08,1.26971e-08,1.21583e-08,1.16185e-08,1.13926e-08,1.1256e-08,1.13041e-08,1.1368e-08,1.19262e-08
1.71389e-08,1.49503e-08,1.34324e-08,1.23742e-08,1.18505e-08,1.13172e-08,1.11042e-08,1.09636e-08,1.10038e-08,1.1028e-08,1.15916e-08
1.67456e-08,1.45696e-08,1.31832e-08,1.20943e-08,1.15506e-08,1.1043e-08,1.08323e-08,1.06852e-08,1.0722e-08,1.07495e-08,1.1277e-08
1.64078e-08,1.42313e-08,1.27802e-08,1.17871e-08,1.12848e-08,1.07033e-08,1.05672e-08,1.0425e-08,1.04528e-08,1.04912e-08,1.10022e-08
1.60331e-08,1.3881e-08,1.24919e-08,1.15105e-08,1.10213e-08,1.05152e-08,1.0312e-08,1.01707e-08,1.01909e-08,1.02443e-08,1.07305e-08
1.57168e-08,1.3569e-08,1.22118e-08,1.13078e-08,1.07739e-08,1.0288e-08,1.00747e-08,9.93402e-09,9.95243e-09,9.97769e-09,1.04828e-08
1.53432e-08,1.32419e-08,1.19413e-08,1.0939e-08,1.05335e-08,1.00455e-08,9.84482e-09,9.70429e-09,9.70961e-09,9.78159e-09,1.0269e-08
1.50296e-08,1.29447e-08,1.16806e-08,1.0697e-08,1.03049e-08,9.82501e-09,9.62593e-09,9.48722e-09,9.4863e-09,9.56596e-09,1.00334e-08
1.47002e-08,1.25925e-08,1.14301e-08,1.05195e-08,1.00823e-08,9.61032e-09,9.41901e-09,9.28602e-09,9.28728e-09,9.41015e-09,9.75734e-09
1.45392e-08,1.24833e-08,1.12055e-08,1.02717e-08,9.88358e-09,9.46748e-09,9.21813e-09,9.08478e-09,9.07369e-09,9.17365e-09,9.55722e-09
1.42647e-08,1.22142e-08,1.09489e-08,1.01222e-08,9.67855e-09,9.21287e-09,9.02388e-09,8.89517e-09,8.87833e-09,8.91789e-09,9.28742e-09
1.39054e-08,1.19568e-08,1.07357e-08,9.84676e-09,9.48378e-09,9.03207e-09,8.83561e-09,8.70343e-09,8.68449e-09,8.78005e-09,9.13774e-09
1.36586e-08,1.16453e-08,1.05319e-08,9.67718e-09,9.28832e-09,8.82644e-09,8.6554e-09,8.5217e-09,8.50506e-09,8.61853e-09,8.94415e-09
1.34033e-08,1.13899e-08,1.03125e-08,9.48473e-09,9.10722e-09,8.66683e-09,8.48395e-09,8.34837e-09,8.33236e-09,8.45075e-09,8.75291e-09
1.31628e-08,1.11796e-08,1.00521e-08,9.28551e-09,8.93565e-09,8.52177e-09,8.31414e-09,8.17723e-09,8.15806e-09,8.31479e-09,8.57601e-09
1.29262e-08,1.09332e-08,9.91721e-09,9.18876e-09,8.77538e-09,8.33552e-09,8.15241e-09,8.02091e-09,7.99744e-09,8.08297e-09,8.40691e-09
1.26673e-08,1.07241e-08,9.74087e-09,8.94898e-09,8.60019e-09,8.18126e-09,7.99295e-09,7.86671e-09,7.84391e-09,8.03208e-09,8.23956e-09
1.23822e-08,1.04258e-08,9.54713e-09,8.80954e-09,8.44003e-09,8.02905e-09,7.8487e-09,7.71284e-09,7.68814e-09,7.8258e-09,8.08015e-09
1.22396e-08,1.03203e-08,9.37827e-09,8.62353e-09,8.29173e-09,7.88246e-09,7.70235e-09,7.57366e-09,7.54604e-09,7.67715e-09,7.88506e-09
1.19988e-08,1.01299e-08,9.2138e-09,8.46537e-09,8.14377e-09,7.74313e-09,7.5601e-09,7.43407e-09,7.40239e-09,7.53741e-09,7.77924e-09
1.18352e-08,9.94207e-09,9.0407e-09,8.40997e-09,8.00433e-09,7.60821e-09,7.43135e-09,7.29665e-09,7.26723e-09,7.35213e-09,7.63845e-09
1.15867e-08,9.76969e-09,8.89982e-09,8.10924e-09,7.8687e-09,7.43433e-09,7.29686e-09,7.16953e-09,7.13144e-09,7.27641e-09,7.56747e-09
1.13973e-08,9.61336e-09,8.76469e-09,7.97102e-09,7.73783e-09,7.34692e-09,7.1722e-09,7.04709e-09,7.01201e-09,7.15484e-09,7.44523e-09
1.12474e-08,9.41935e-09,8.5964e-09,7.93345e-09,7.61214e-09,7.23612e-09,7.05553e-09,6.92827e-09,6.90185e-09,7.02938e-09,7.25402e-09
1.10542e-08,9.26745e-09,8.46795e-09,7.76917e-09,7.48714e-09,7.12222e-09,6.93147e-09,6.81372e-09,6.78372e-09,6.96906e-09,7.13432e-09
1.08661e-08,9.10471e-09,8.32106e-09,7.63868e-09,7.3613e-09,7.00297e-09,6.81287e-09,6.69485e-09,6.66247e-09,6.80037e-09,7.02086e-09
1.06762e-08,8.94289e-09,8.17748e-09,7.51049e-09,7.23973e-09,6.88846e-09,6.69898e-09,6.58497e-09,6.54509e-09,6.68237e-09,6.86928e-09
1.04777e-08,8.78831e-09,8.04186e-09,7.38069e-09,7.12027e-09,6.77939e-09,6.58771e-09,6.47375e-09,6.42783e-09,6.57862e-09,6.80009e-09
1.02478e-08,8.56478e-09,7.90382e-09,7.25327e-09,6.99911e-09,6.66812e-09,6.47605e-09,6.36612e-09,6.31804e-09,6.46939e-09,6.68899e-09
1.0135e-08,8.48768e-09,7.77094e-09,7.13216e-09,6.88473e-09,6.55816e-09,6.36363e-09,6.2522e-09,6.21461e-09,6.35444e-09,6.56498e-09
1.00075e-08,8.32851e-09,7.64008e-09,7.01163e-09,6.76794e-09,6.46019e-09,6.25584e-09,6.14579e-09,6.10968e-09,6.25417e-09,6.46266e-09
9.79466e-09,8.18303e-09,7.50701e-09,6.89004e-09,6.65366e-09,6.34124e-09,6.14817e-09,6.04226e-09,6.0035e-09,6.1397e-09,6.34773e-09
9.63213e-09,8.05343e-09,7.38443e-09,6.77259e-09,6.54141e-09,6.22437e-09,6.04352e-09,5.94106e-09,5.90213e-09,6.03492e-09,6.24197e-09
9.45297e-09,7.89902e-09,7.25068e-09,6.65695e-09,6.43091e-09,6.13249e-09,5.9392e-09,5.83662e-09,5.79812e-09,5.93236e-09,6.13376e-09
9.29725e-09,7.75014e-09,7.12338e-09,6.54685e-09,6.32263e-09,6.02988e-09,5.83733e-09,5.73954e-09,5.6993e-09,5.82898e-09,5.99137e-09
9.0907e-09,7.61907e-09,7.00002e-09,6.42932e-09,6.21422e-09,5.93096e-09,5.7373e-09,5.64079e-09,5.59725e-09,5.72279e-09,5.9215e-09
9.00294e-09,7.47454e-09,6.87964e-09,6.31904e-09,6.10668e-09,5.82864e-09,5.6376e-09,5.54166e-09,5.50104e-09,5.63069e-09,5.8222e-09
8.74751e-09,7.28977e-09,6.76175e-09,6.15838e-09,6.00007e-09,5.73358e-09,5.53888e-09,5.44412e-09,5.40237e-09,5.53679e-09,5.76213e-09
8.65275e-09,7.20922e-09,6.63799e-09,6.10061e-09,5.8975e-09,5.63365e-09,5.44129e-09,5.35014e-09,5.30869e-09,5.43658e-09,5.61843e-09
8.50375e-09,7.07912e-09,6.51769e-09,5.99358e-09,5.79461e-09,5.53669e-09,5.34576e-09,5.25841e-09,5.21457e-09,5.34088e-09,5.51966e-09
8.38201e-09,6.99387e-09,6.39908e-09,5.87271e-09,5.69576e-09,5.4439e-09,5.25162e-09,5.16352e-09,5.12326e-09,5.24691e-09,5.42351e-09
8.19652e-09,6.82649e-09,6.2803e-09,5.78461e-09,5.59251e-09,5.34673e-09,5.15778e-09,5.07322e-09,5.0303e-09,5.15273e-09,5.32596e-09
8.05608e-09,6.7093e-09,6.17325e-09,5.68503e-09,5.4946e-09,5.24723e-09,5.0668e-09,4.9857e-09,4.94139e-09,5.05921e-09,5.20528e-09
7.90316e-09,6.58072e-09,6.05652e-09,5.58027e-09,5.39566e-09,5.16062e-09,4.97591e-09,4.89375e-09,4.84942e-09,4.96933e-09,5.13634e-09
7.77295e-09,6.466e-09,5.94149e-09,5.5149e-09,5.29857e-09,5.06887e-09,4.88689e-09,4.80649e-09,4.76261e-09,4.85328e-09,5.04251e-09
7.61542e-09,6.33962e-09,5.83302e-09,5.37982e-09,5.20343e-09,4.97905e-09,4.79739e-09,4.71943e-09,4.67564e-09,4.78968e-09,4.95487e-09
7.47103e-09,6.22703e-09,5.727e-09,5.28416e-09,5.10839e-09,4.89103e-09,4.71017e-09,4.63329e-09,4.58879e-09,4.70343e-09,4.86276e-09
7.33869e-09,6.11251e-09,5.6198e-09,5.18556e-09,5.01507e-09,4.80292e-09,4.62556e-09,4.54997e-09,4.50723e-09,4.6374e-09,4.77359e-09
7.18392e-09,5.99839e-09,5.52061e-09,5.09183e-09,4.92215e-09,4.717e-09,4.53979e-09,4.46709e-09,4.42026e-09,4.52798e-09,4.68739e-09
7.06072e-09,5.88613e-09,5.40837e-09,4.99805e-09,4.83215e-09,4.62986e-09,4.45508e-09,4.383e-09,4.33713e-09,4.44497e-09,4.59991e-09
6.92599e-09,5.77327e-09,5.30641e-09,4.90852e-09,4.7431e-09,4.54615e-09,4.37227e-09,4.30272e-09,4.25636e-09,4.35991e-09,4.49281e-09
6.79484e-09,5.66721e-09,5.20408e-09,4.81491e-09,4.65407e-09,4.46207e-09,4.2914e-09,4.22188e-09,4.17576e-09,4.27778e-09,4.42857e-09
6.66352e-09,5.56177e-09,5.09949e-09,4.72599e-09,4.56827e-09,4.37909e-09,4.21359e-09,4.14295e-09,4.09541e-09,4.19511e-09,4.34679e-09
6.5293e-09,5.45864e-09,5.00869e-09,4.61754e-09,4.48156e-09,4.30002e-09,4.13263e-09,4.06508e-09,4.01708e-09,4.11514e-09,4.27976e-09
6.40516e-09,5.35058e-09,4.90897e-09,4.55028e-09,4.39658e-09,4.21868e-09,4.05431e-09,3.98869e-09,3.94178e-09,4.03471e-09,4.18236e-09
6.28619e-09,5.24986e-09,4.81609e-09,4.4642e-09,4.3131e-09,4.14074e-09,3.97794e-09,3.91379e-09,3.86661e-09,3.96936e-09,4.1012e-09
6.16832e-09,5.14809e-09,4.7212e-09,4.37991e-09,4.23088e-09,4.06318e-09,3.902e-09,3.84013e-09,3.79087e-09,3.87915e-09,4.02722e-09
6.042e-09,5.05257e-09,4.62998e-09,4.29768e-09,4.14926e-09,3.98578e-09,3.82992e-09,3.76597e-09,3.71733e-09,3.80136e-09,3.94744e-09
5.91891e-09,4.95153e-09,4.54134e-09,4.21626e-09,4.07065e-09,3.91297e-09,3.75568e-09,3.69378e-09,3.64508e-09,3.72928e-09,3.87088e-09
5.80589e-09,4.85779e-09,4.44914e-09,4.1348e-09,3.99302e-09,3.83588e-09,3.68238e-09,3.62273e-09,3.57351e-09,3.65725e-09,3.79066e-09
5.69378e-09,4.76308e-09,4.3638e-09,4.05522e-09,3.91405e-09,3.7626e-09,3.61159e-09,3.55348e-09,3.50261e-09,3.58225e-09,3.71887e-09
5.57934e-09,4.67205e-09,4.27608e-09,3.97767e-09,3.83909e-09,3.68925e-09,3.54207e-09,3.48378e-09,3.43288e-09,3.50986e-09,3.64368e-09
5.45858e-09,4.58063e-09,4.19529e-09,3.90338e-09,3.76506e-09,3.61876e-09,3.47541e-09,3.41577e-09,3.36559e-09,3.4372e-09,3.57345e-09
5.35914e-09,4.49226e-09,4.10798e-09,3.82604e-09,3.6916e-09,3.54806e-09,3.40503e-09,3.34951e-09,3.29852e-09,3.36795e-09,3.49936e-09
5.25132e-09,4.40506e-09,4.02703e-09,3.75242e-09,3.61894e-09,3.47911e-09,3.33906e-09,3.28417e-09,3.23316e-09,3.30033e-09,3.42874e-09
5.1463e-09,4.32026e-09,3.94464e-09,3.68025e-09,3.54766e-09,3.41237e-09,3.27463e-09,3.21962e-09,3.16857e-09,3.2312e-09,3.35694e-09
5.04052e-09,4.23527e-09,3.86748e-09,3.60866e-09,3.48133e-09,3.34293e-09,3.20938e-09,3.1563e-09,3.10307e-09,3.16535e-09,3.28933e-09
4.94015e-09,4.15228e-09,3.78516e-09,3.53834e-09,3.41107e-09,3.27803e-09,3.14808e-09,3.09342e-09,3.04481e-09,3.09557e-09,3.22216e-09
4.83756e-09,4.0733e-09,3.71332e-09,3.46921e-09,3.3437e-09,3.21314e-09,3.08393e-09,3.03208e-09,2.97944e-09,3.03443e-09,3.15409e-09
4.74352e-09,3.99468e-09,3.63808e-09,3.40183e-09,3.27713e-09,3.14811e-09,3.02444e-09,2.97108e-09,2.91646e-09,2.96827e-09,3.08367e-09
4.64315e-09,3.91406e-09,3.56352e-09,3.33464e-09,3.21212e-09,3.08653e-09,2.96117e-09,2.91118e-09,2.85702e-09,2.90929e-09,3.02129e-09
4.55399e-09,3.83776e-09,3.49092e-09,3.26943e-09,3.1483e-09,3.02449e-09,2.90188e-09,2.85218e-09,2.79856e-09,2.84768e-09,2.95595e-09
4.45326e-09,3.76047e-09,3.4199e-09,3.20453e-09,3.08525e-09,2.96426e-09,2.84126e-09,2.79466e-09,2.73969e-09,2.78802e-09,2.89323e-09
4.35386e-09,3.68743e-09,3.35226e-09,3.14181e-09,3.02336e-09,2.90148e-09,2.78712e-09,2.7374e-09,2.68059e-09,2.72917e-09,2.83024e-09
4.26934e-09,3.61516e-09,3.28115e-09,3.07952e-09,2.96347e-09,2.84525e-09,2.72967e-09,2.68177e-09,2.62738e-09,2.66913e-09,2.76949e-09
4.18556e-09,3.5442e-09,3.21464e-09,3.01937e-09,2.90564e-09,2.78982e-09,2.67483e-09,2.62674e-09,2.57425e-09,2.60965e-09,2.70897e-09
4.09211e-09,3.47561e-09,3.14464e-09,2.96016e-09,2.8476e-09,2.73089e-09,2.62088e-09,2.57299e-09,2.52074e-09,2.55335e-09,2.64849e-09
4.01854e-09,3.40946e-09,3.08432e-09,2.90169e-09,2.78985e-09,2.6774e-09,2.56833e-09,2.52167e-09,2.46718e-09,2.49916e-09,2.59113e-09
3.92745e-09,3.343e-09,3.02242e-09,2.84484e-09,2.73451e-09,2.62286e-09,2.51663e-09,2.46971e-09,2.41517e-09,2.44397e-09,2.53428e-09
3.84221e-09,3.28252e-09,2.96683e-09,2.79021e-09,2.68125e-09,2.56929e-09,2.46739e-09,2.41854e-09,2.36464e-09,2.39262e-09,2.47877e-09
3.77146e-09,3.21796e-09,2.90378e-09,2.73495e-09,2.62946e-09,2.51933e-09,2.41575e-09,2.37127e-09,2.31876e-09,2.33705e-09,2.42644e-09
3.69084e-09,3.15738e-09,2.84559e-09,2.68288e-09,2.57661e-09,2.4692e-09,2.36662e-09,2.32365e-09,2.27103e-09,2.28707e-09,2.36861e-09
3.61858e-09,3.09625e-09,2.7898e-09,2.63221e-09,2.52782e-09,2.42125e-09,2.32304e-09,2.27694e-09,2.225e-09,2.24102e-09,2.32092e-09
3.54636e-09,3.04054e-09,2.73357e-09,2.58145e-09,2.4765e-09,2.37243e-09,2.27736e-09,2.23086e-09,2.18158e-09,2.1912e-09,2.26683e-09
3.47665e-09,2.98233e-09,2.68208e-09,2.53397e-09,2.43182e-09,2.32802e-09,2.23336e-09,2.18796e-09,2.13519e-09,2.14651e-09,2.21794e-09
3.40864e-09,2.92711e-09,2.63122e-09,2.48644e-09,2.38616e-09,2.28166e-09,2.18922e-09,2.14418e-09,2.09165e-09,2.09826e-09,2.17478e-09
3.3447e-09,2.87238e-09,2.57921e-09,2.44096e-09,2.3401e-09,2.23787e-09,2.14718e-09,2.10192e-09,2.05092e-09,2.05376e-09,2.12524e-09
3.28098e-09,2.81977e-09,2.53051e-09,2.39701e-09,2.29641e-09,2.19602e-09,2.10648e-09,2.06169e-09,2.01032e-09,2.01087e-09,2.08265e-09
3.21973e-09,2.77171e-09,2.48455e-09,2.35445e-09,2.25317e-09,2.15476e-09,2.067e-09,2.02217e-09,1.97265e-09,1.97215e-09,2.03514e-09
3.15229e-09,2.72074e-09,2.43446e-09,2.31368e-09,2.21438e-09,2.11269e-09,2.02824e-09,1.98449e-09,1.93512e-09,1.92738e-09,1.99195e-09
3.10159e-09,2.67103e-09,2.39546e-09,2.27235e-09,2.17617e-09,2.07728e-09,1.98581e-09,1.94831e-09,1.8967e-09,1.88947e-09,1.94811e-09
3.04186e-09,2.62601e-09,2.35091e-09,2.23372e-09,2.13625e-09,2.03889e-09,1.95454e-09,1.91024e-09,1.85957e-09,1.85425e-09,1.9074e-09
2.99206e-09,2.57919e-09,2.3106e-09,2.19572e-09,2.09925e-09,2.00579e-09,1.9198e-09,1.87686e-09,1.82775e-09,1.81786e-09,1.87331e-09
2.93565e-09,2.53649e-09,2.27069e-09,2.15988e-09,2.06301e-09,1.9666e-09,1.88494e-09,1.84219e-09,1.79169e-09,1.78224e-09,1.83146e-09
2.8834e-09,2.49405e-09,2.23269e-09,2.12393e-09,2.02766e-09,1.9328e-09,1.85166e-09,1.80937e-09,1.75878e-09,1.74791e-09,1.79443e-09
2.82801e-09,2.45344e-09,2.19689e-09,2.08916e-09,1.9952e-09,1.89996e-09,1.81921e-09,1.77806e-09,1.7274e-09,1.71322e-09,1.76345e-09
2.77654e-09,2.4144e-09,2.15777e-09,2.05512e-09,1.96557e-09,1.86289e-09,1.78955e-09,1.74558e-09,1.69567e-09,1.68374e-09,1.72522e-09
2.73771e-09,2.3749e-09,2.12282e-09,2.02168e-09,1.92847e-09,1.83623e-09,1.75677e-09,1.71666e-09,1.66374e-09,1.65613e-09,1.69237e-09
2.69374e-09,2.33583e-09,2.08739e-09,1.99091e-09,1.89374e-09,1.80509e-09,1.7294e-09,1.68769e-09,1.63708e-09,1.62093e-09,1.65628e-09
2.64601e-09,2.29749e-09,2.0525e-09,1.9588e-09,1.86728e-09,1.77622e-09,1.70006e-09,1.65868e-09,1.60813e-09,1.5936e-09,1.6258e-09
2.60386e-09,2.26742e-09,2.02244e-09,1.92745e-09,1.83982e-09,1.74829e-09,1.6719e-09,1.63292e-09,1.58176e-09,1.55965e-09,1.59379e-09
2.562e-09,2.23093e-09,1.9882e-09,1.8983e-09,1.80904e-09,1.71962e-09,1.64502e-09,1.60473e-09,1.55602e-09,1.53505e-09,1.564e-09
2.51905e-09,2.19782e-09,1.95732e-09,1.8696e-09,1.7787e-09,1.69285e-09,1.619e-09,1.57919e-09,1.53265e-09,1.51507e-09,1.54021e-09
2.47574e-09,2.16401e-09,1.92867e-09,1.84159e-09,1.75919e-09,1.66043e-09,1.59403e-09,1.55348e-09,1.50247e-09,1.4842e-09,1.50655e-09
2.44338e-09,2.13443e-09,1.89635e-09,1.81439e-09,1.7269e-09,1.64021e-09,1.56755e-09,1.52748e-09,1.47983e-09,1.45712e-09,1.47801e-09
2.40788e-09,2.10435e-09,1.86814e-09,1.78779e-09,1.7002e-09,1.61471e-09,1.54771e-09,1.50451e-09,1.45698e-09,1.42737e-09,1.45602e-09
2.3738e-09,2.06912e-09,1.841e-09,1.76097e-09,1.67566e-09,1.58963e-09,1.51881e-09,1.48133e-09,1.43309e-09,1.40878e-09,1.42447e-09
2.33455e-09,2.03784e-09,1.81282e-09,1.73532e-09,1.65043e-09,1.56537e-09,1.49568e-09,1.45811e-09,1.41138e-09,1.38517e-09,1.40463e-09
2.29845e-09,2.00975e-09,1.78563e-09,1.70969e-09,1.62553e-09,1.54262e-09,1.47271e-09,1.43682e-09,1.38781e-09,1.36206e-09,1.37412e-09
2.25823e-09,1.97642e-09,1.76367e-09,1.688e-09,1.6036e-09,1.5208e-09,1.45197e-09,1.41359e-09,1.36341e-09,1.34912e-09,1.3489e-09
2.22921e-09,1.95139e-09,1.73577e-09,1.66267e-09,1.57815e-09,1.49705e-09,1.42923e-09,1.39301e-09,1.34624e-09,1.31506e-09,1.32538e-09
2.19977e-09,1.92452e-09,1.70903e-09,1.63827e-09,1.55528e-09,1.4752e-09,1.40742e-09,1.37163e-09,1.32445e-09,1.29523e-09,1.30458e-09
2.17149e-09,1.89738e-09,1.68607e-09,1.61596e-09,1.53331e-09,1.45278e-09,1.38739e-09,1.35008e-09,1.30564e-09,1.27397e-09,1.28593e-09
2.13829e-09,1.87433e-09,1.66146e-09,1.59263e-09,1.51169e-09,1.4327e-09,1.36647e-09,1.33211e-09,1.28568e-09,1.25416e-09,1.25877e-09
2.10874e-09,1.846e-09,1.63645e-09,1.57139e-09,1.49207e-09,1.41227e-09,1.34692e-09,1.31236e-09,1.26745e-09,1.23256e-09,1.24001e-09
2.07767e-09,1.82201e-09,1.61473e-09,1.54971e-09,1.46939e-09,1.39213e-09,1.32738e-09,1.29355e-09,1.24814e-09,1.21656e-09,1.21808e-09
2.05278e-09,1.78694e-09,1.59398e-09,1.52722e-09,1.4498e-09,1.37306e-09,1.3096e-09,1.2762e-09,1.2305e-09,1.19626e-09,1.19752e-09
2.02447e-09,1.76929e-09,1.57299e-09,1.50794e-09,1.42907e-09,1.3539e-09,1.2912e-09,1.25788e-09,1.21151e-09,1.17525e-09,1.18609e-09
1.99479e-09,1.74665e-09,1.55125e-09,1.48764e-09,1.41005e-09,1.33551e-09,1.27245e-09,1.24007e-09,1.19531e-09,1.15739e-09,1.16061e-09
1.96941e-09,1.72556e-09,1.5302e-09,1.46812e-09,1.39097e-09,1.31862e-09,1.25546e-09,1.22303e-09,1.17977e-09,1.13971e-09,1.13789e-09
1.94407e-09,1.69835e-09,1.51105e-09,1.44882e-09,1.3724e-09,1.29998e-09,1.23815e-09,1.20466e-09,1.16244e-09,1.12659e-09,1.12463e-09
1.91643e-09,1.68127e-09,1.49033e-09,1.43132e-09,1.35485e-09,1.28404e-09,1.2219e-09,1.19028e-09,1.14691e-09,1.10928e-09,1.10599e-09
1.89298e-09,1.65842e-09,1.47302e-09,1.41363e-09,1.33654e-09,1.26576e-09,1.20657e-09,1.17569e-09,1.13351e-09,1.09382e-09,1.09523e-09
