1.21457e-05,1.18768e-05,1.11832e-05,1.00769e-05,8.67105e-06,7.26319e-06,6.38473e-06,6.81631e-06,8.73165e-06,1.14562e-05,1.43966e-05
1.03542e-05,1.00975e-05,9.39182e-06,8.33132e-06,6.94591e-06,5.52447e-06,4.70329e-06,5.41086e-06,7.57787e-06,1.02996e-05,1.30811e-05
9.52246e-06,9.25026e-06,8.59537e-06,7.56583e-06,6.26313e-06,4.92389e-06,4.17943e-06,4.92745e-06,6.97943e-06,9.50583e-06,1.20668e-05
8.26193e-06,7.99541e-06,7.33256e-06,6.34129e-06,5.03449e-06,3.6455e-06,2.92003e-06,3.94168e-06,6.11908e-06,8.56211e-06,1.09315e-05
8.28049e-06,8.02802e-06,7.42705e-06,6.53947e-06,5.39659e-06,4.23547e-06,3.62122e-06,4.31292e-06,6.07322e-06,8.17573e-06,1.02583e-05
7.90197e-06,7.64989e-06,7.07832e-06,6.25726e-06,5.19356e-06,4.11005e-06,3.552e-06,4.17462e-06,5.76101e-06,7.68324e-06,9.57149e-06
6.51959e-06,6.26708e-06,5.68033e-06,4.81557e-06,3.64132e-06,2.35202e-06,1.70915e-06,2.88412e-06,4.81352e-06,6.79199e-06,8.63498e-06
6.2467e-06,6.00919e-06,5.4604e-06,4.64868e-06,3.55992e-06,2.39411e-06,1.83451e-06,2.83614e-06,4.57094e-06,6.37141e-06,8.04598e-06
5.94017e-06,5.71862e-06,5.2009e-06,4.43222e-06,3.40856e-06,2.32608e-06,1.81512e-06,2.72046e-06,4.30769e-06,5.96271e-06,7.49108e-06
5.66958e-06,5.46438e-06,4.97554e-06,4.24648e-06,3.28215e-06,2.27598e-06,1.80825e-06,2.61704e-06,4.06884e-06,5.59453e-06,6.98829e-06
5.11125e-06,4.91517e-06,4.43704e-06,3.703e-06,2.71417e-06,1.60773e-06,1.06197e-06,2.13029e-06,3.64022e-06,5.12178e-06,6.43559e-06
5.04311e-06,4.86625e-06,4.42691e-06,3.74639e-06,2.85653e-06,1.92058e-06,1.48902e-06,2.2501e-06,3.54035e-06,4.86487e-06,6.04507e-06
4.69492e-06,4.53086e-06,4.10761e-06,3.44457e-06,2.57076e-06,1.63064e-06,1.18578e-06,1.99289e-06,3.24912e-06,4.50761e-06,5.60214e-06
4.34693e-06,4.19383e-06,3.78405e-06,3.12961e-06,2.25668e-06,1.26643e-06,7.48588e-07,1.70598e-06,2.96189e-06,4.16847e-06,5.19276e-06
4.26837e-06,4.12842e-06,3.74968e-06,3.1417e-06,2.34771e-06,1.50126e-06,1.09468e-06,1.7754e-06,2.86103e-06,3.94724e-06,4.87237e-06
4.02077e-06,3.89138e-06,3.5241e-06,2.93258e-06,2.1553e-06,1.30582e-06,8.78918e-07,1.58897e-06,2.64593e-06,3.676e-06,4.54199e-06
3.88438e-06,3.76476e-06,3.41941e-06,2.85332e-06,2.12207e-06,1.3382e-06,9.46932e-07,1.5451e-06,2.51198e-06,3.45998e-06,4.25616e-06
3.62852e-06,3.51928e-06,3.18255e-06,2.63338e-06,1.90539e-06,1.09461e-06,6.45901e-07,1.33015e-06,2.29131e-06,3.19871e-06,3.94685e-06
3.53281e-06,3.42985e-06,3.11207e-06,2.59291e-06,1.91496e-06,1.18009e-06,7.91205e-07,1.3287e-06,2.1918e-06,3.01644e-06,3.70629e-06
3.34618e-06,3.24952e-06,2.9416e-06,2.43683e-06,1.77339e-06,1.03391e-06,6.13121e-07,1.18101e-06,2.02692e-06,2.81084e-06,3.45941e-06
3.20073e-06,3.10813e-06,2.81355e-06,2.32836e-06,1.68832e-06,9.70451e-07,5.41808e-07,1.08717e-06,1.89109e-06,2.62649e-06,3.23242e-06
3.11255e-06,3.02512e-06,2.74292e-06,2.28239e-06,1.67608e-06,1.015e-06,6.29387e-07,1.07177e-06,1.79855e-06,2.48622e-06,3.04156e-06
2.97228e-06,2.88517e-06,2.61526e-06,2.16895e-06,1.58192e-06,9.2698e-07,5.21434e-07,9.68164e-07,1.6705e-06,2.32051e-06,2.84106e-06
2.87142e-06,2.78921e-06,2.52953e-06,2.10352e-06,1.53938e-06,9.19874e-07,5.28751e-07,9.19866e-07,1.57659e-06,2.18862e-06,2.66986e-06
2.78217e-06,2.6992e-06,2.45149e-06,2.04398e-06,1.50963e-06,9.20374e-07,5.52087e-07,8.8821e-07,1.49122e-06,2.05834e-06,2.50604e-06
2.66672e-06,2.58593e-06,2.34855e-06,1.95727e-06,1.4415e-06,8.71962e-07,4.95547e-07,8.12331e-07,1.38543e-06,1.91868e-06,2.33416e-06
2.59709e-06,2.51705e-06,2.29102e-06,1.91696e-06,1.42526e-06,8.9185e-07,5.41201e-07,8.00267e-07,1.32052e-06,1.81885e-06,2.20353e-06
2.4895e-06,2.41053e-06,2.19057e-06,1.83005e-06,1.35484e-06,8.29242e-07,4.65524e-07,7.19788e-07,1.22671e-06,1.69777e-06,2.05742e-06
2.4168e-06,2.3369e-06,2.12867e-06,1.78298e-06,1.33013e-06,8.34501e-07,4.87745e-07,6.98317e-07,1.16194e-06,1.60217e-06,1.93592e-06
2.31817e-06,2.24005e-06,2.03844e-06,1.70466e-06,1.26391e-06,7.77579e-07,4.11899e-07,6.22273e-07,1.07769e-06,1.49984e-06,1.8147e-06
2.25402e-06,2.17143e-06,1.98249e-06,1.66347e-06,1.24574e-06,7.86973e-07,4.45902e-07,6.10848e-07,1.0231e-06,1.41394e-06,1.70261e-06
2.17001e-06,2.0908e-06,1.90566e-06,1.5993e-06,1.19748e-06,7.5279e-07,4.07543e-07,5.5762e-07,9.52029e-07,1.32156e-06,1.5891e-06
2.11038e-06,2.03175e-06,1.85496e-06,1.5625e-06,1.18051e-06,7.61122e-07,4.36333e-07,5.49797e-07,9.07005e-07,1.24904e-06,1.49445e-06
2.0378e-06,1.9593e-06,1.78968e-06,1.50861e-06,1.14142e-06,7.36686e-07,4.13644e-07,5.09869e-07,8.48162e-07,1.17134e-06,1.39947e-06
1.97198e-06,1.89443e-06,1.73177e-06,1.46189e-06,1.10987e-06,7.20958e-07,4.05013e-07,4.81047e-07,7.99552e-07,1.10223e-06,1.31291e-06
1.90916e-06,1.83161e-06,1.67621e-06,1.41698e-06,1.0799e-06,7.07357e-07,3.98534e-07,4.54739e-07,7.51231e-07,1.03523e-06,1.22629e-06
1.84669e-06,1.77014e-06,1.62102e-06,1.37252e-06,1.04977e-06,6.92421e-07,3.90253e-07,4.28514e-07,7.05292e-07,9.70718e-07,1.15025e-06
1.79202e-06,1.71719e-06,1.57393e-06,1.33633e-06,1.02843e-06,6.87944e-07,3.9825e-07,4.16755e-07,6.69041e-07,9.14853e-07,1.0787e-06
1.73619e-06,1.66401e-06,1.52669e-06,1.29858e-06,1.00409e-06,6.77932e-07,3.96933e-07,3.99762e-07,6.31902e-07,8.60737e-07,1.01038e-06
1.67975e-06,1.60832e-06,1.47603e-06,1.25599e-06,9.73388e-07,6.58197e-07,3.80075e-07,3.70812e-07,5.92412e-07,8.06472e-07,9.44526e-07
1.62503e-06,1.55504e-06,1.42872e-06,1.21818e-06,9.47481e-07,6.45488e-07,3.7611e-07,3.52617e-07,5.54595e-07,7.54747e-07,8.8122e-07
1.57415e-06,1.50636e-06,1.38452e-06,1.18288e-06,9.23251e-07,6.33489e-07,3.71494e-07,3.3586e-07,5.21403e-07,7.0835e-07,8.23235e-07
1.5291e-06,1.46419e-06,1.34681e-06,1.15371e-06,9.0633e-07,6.29507e-07,3.78908e-07,3.324e-07,4.9723e-07,6.68701e-07,7.71231e-07
1.48538e-06,1.42335e-06,1.31001e-06,1.12479e-06,8.87167e-07,6.2315e-07,3.81566e-07,3.2467e-07,4.71064e-07,6.28752e-07,7.21612e-07
1.44004e-06,1.38053e-06,1.27186e-06,1.0938e-06,8.64381e-07,6.11972e-07,3.77179e-07,3.12932e-07,4.41963e-07,5.94248e-07,6.77422e-07
1.40005e-06,1.33978e-06,1.23726e-06,1.06705e-06,8.4877e-07,6.05718e-07,3.78732e-07,3.063e-07,4.21083e-07,5.55283e-07,6.31979e-07
1.3607e-06,1.30319e-06,1.20547e-06,1.04142e-06,8.31748e-07,5.99974e-07,3.81626e-07,3.04784e-07,4.03209e-07,5.24966e-07,5.93247e-07
1.32854e-06,1.27422e-06,1.17886e-06,1.02202e-06,8.21782e-07,5.99901e-07,3.91139e-07,3.07568e-07,3.87842e-07,5.015e-07,5.60411e-07
1.29506e-06,1.24262e-06,1.14903e-06,1.00003e-06,8.08177e-07,5.96552e-07,3.95752e-07,3.08008e-07,3.73272e-07,4.66301e-07,5.23346e-07
1.26414e-06,1.2141e-06,1.12472e-06,9.80589e-07,7.95117e-07,5.92857e-07,3.98484e-07,3.07885e-07,3.59398e-07,4.4069e-07,4.92708e-07
1.23468e-06,1.18737e-06,1.09939e-06,9.62571e-07,7.85972e-07,5.92141e-07,4.06123e-07,3.138e-07,3.51037e-07,4.22132e-07,4.67602e-07
1.20938e-06,1.16354e-06,1.08018e-06,9.48099e-07,7.77363e-07,5.93129e-07,4.14873e-07,3.20872e-07,3.44012e-07,4.11194e-07,4.48061e-07
1.18482e-06,1.14263e-06,1.06112e-06,9.33573e-07,7.69878e-07,5.92468e-07,4.20586e-07,3.25174e-07,3.38959e-07,3.95585e-07,4.28368e-07
1.15906e-06,1.1188e-06,1.04078e-06,9.18262e-07,7.6093e-07,5.92117e-07,4.27695e-07,3.32787e-07,3.35735e-07,3.82847e-07,4.11952e-07
1.13707e-06,1.09871e-06,1.02376e-06,9.0611e-07,7.54696e-07,5.93868e-07,4.36411e-07,3.4227e-07,3.36192e-07,3.74082e-07,3.99569e-07
1.11718e-06,1.08076e-06,1.00808e-06,8.94843e-07,7.47813e-07,5.94531e-07,4.41713e-07,3.47711e-07,3.34966e-07,3.65988e-07,3.88816e-07
1.09667e-06,1.06183e-06,9.92755e-07,8.83563e-07,7.41597e-07,5.95278e-07,4.4933e-07,3.57065e-07,3.37202e-07,3.60228e-07,3.81067e-07
1.07758e-06,1.04483e-06,9.7767e-07,8.72386e-07,7.36942e-07,5.95707e-07,4.56139e-07,3.65255e-07,3.39796e-07,3.5653e-07,3.74762e-07
1.05912e-06,1.0283e-06,9.63385e-07,8.62024e-07,7.31551e-07,5.96481e-07,4.62624e-07,3.73278e-07,3.43878e-07,3.55111e-07,3.71901e-07
1.04338e-06,1.01417e-06,9.51198e-07,8.53371e-07,7.27987e-07,5.97556e-07,4.68801e-07,3.80716e-07,3.48023e-07,3.53991e-07,3.69932e-07
1.02747e-06,1.00099e-06,9.40471e-07,8.45137e-07,7.2311e-07,5.98714e-07,4.74816e-07,3.89218e-07,3.52449e-07,3.60662e-07,3.72022e-07
1.00901e-06,9.82653e-07,9.24867e-07,8.33802e-07,7.16603e-07,5.97344e-07,4.78859e-07,3.95222e-07,3.57731e-07,3.57057e-07,3.70936e-07
9.92169e-07,9.67351e-07,9.11734e-07,8.23701e-07,7.11026e-07,5.96577e-07,4.83134e-07,4.01977e-07,3.6358e-07,3.60849e-07,3.73731e-07
9.76347e-07,9.52902e-07,8.99305e-07,8.14508e-07,7.05522e-07,5.96011e-07,4.86924e-07,4.08343e-07,3.69178e-07,3.64303e-07,3.77736e-07
9.59424e-07,9.37191e-07,8.85895e-07,8.03716e-07,6.99043e-07,5.93417e-07,4.89216e-07,4.12997e-07,3.73672e-07,3.67304e-07,3.80125e-07
9.36332e-07,9.16484e-07,8.66677e-07,7.87832e-07,6.87847e-07,5.86778e-07,4.87865e-07,4.15352e-07,3.77468e-07,3.71677e-07,3.83682e-07
9.27975e-07,9.07905e-07,8.6084e-07,7.84187e-07,6.86908e-07,5.88961e-07,4.93487e-07,4.21737e-07,3.83332e-07,3.74913e-07,3.87697e-07
9.10649e-07,8.92335e-07,8.4689e-07,7.72744e-07,6.79322e-07,5.85582e-07,4.94496e-07,4.2612e-07,3.88504e-07,3.80072e-07,3.92898e-07
8.95128e-07,8.77814e-07,8.34377e-07,7.62249e-07,6.71915e-07,5.81965e-07,4.94401e-07,4.28914e-07,3.91988e-07,3.83906e-07,3.9633e-07
8.77166e-07,8.6089e-07,8.19067e-07,7.50272e-07,6.63896e-07,5.77367e-07,4.94361e-07,4.31618e-07,3.96395e-07,3.88727e-07,4.01577e-07
8.60064e-07,8.45067e-07,8.04749e-07,7.38798e-07,6.55848e-07,5.72675e-07,4.93484e-07,4.3373e-07,3.99977e-07,3.93753e-07,4.05872e-07
8.43019e-07,8.29056e-07,7.90227e-07,7.26531e-07,6.47382e-07,5.67394e-07,4.91945e-07,4.34817e-07,4.0243e-07,3.95682e-07,4.09471e-07
8.2538e-07,8.12116e-07,7.75707e-07,7.14299e-07,6.37826e-07,5.61767e-07,4.90241e-07,4.35991e-07,4.06055e-07,4.00362e-07,4.13819e-07
8.07065e-07,7.95103e-07,7.60158e-07,7.01489e-07,6.28672e-07,5.55895e-07,4.88487e-07,4.37097e-07,4.08777e-07,4.04324e-07,4.17574e-07
7.89137e-07,7.78126e-07,7.44731e-07,6.88502e-07,6.18847e-07,5.49247e-07,4.85466e-07,4.3699e-07,4.10666e-07,4.0729e-07,4.20582e-07
7.72284e-07,7.62167e-07,7.30252e-07,6.76171e-07,6.09592e-07,5.42954e-07,4.82339e-07,4.36572e-07,4.12524e-07,4.10049e-07,4.23396e-07
7.53715e-07,7.44444e-07,7.14175e-07,6.62694e-07,5.9924e-07,5.35867e-07,4.79024e-07,4.36154e-07,4.13866e-07,4.1268e-07,4.25992e-07
7.3623e-07,7.27945e-07,6.99177e-07,6.50038e-07,5.89564e-07,5.29228e-07,4.75712e-07,4.35599e-07,4.15275e-07,4.15218e-07,4.28347e-07
7.18307e-07,7.10804e-07,6.83424e-07,6.36562e-07,5.7904e-07,5.2157e-07,4.71296e-07,4.3392e-07,4.15485e-07,4.1684e-07,4.30011e-07
7.00689e-07,6.94031e-07,6.68169e-07,6.23556e-07,5.68868e-07,5.14291e-07,4.67155e-07,4.32466e-07,4.16213e-07,4.18462e-07,4.31397e-07
6.8381e-07,6.77439e-07,6.53105e-07,6.10708e-07,5.58634e-07,5.06863e-07,4.62625e-07,4.30493e-07,4.16116e-07,4.19561e-07,4.32793e-07
6.66273e-07,6.61019e-07,6.37993e-07,5.97661e-07,5.48415e-07,4.99388e-07,4.58015e-07,4.28482e-07,4.16197e-07,4.20637e-07,4.33132e-07
6.49325e-07,6.44522e-07,6.22916e-07,5.84733e-07,5.38185e-07,4.91778e-07,4.53317e-07,4.26272e-07,4.1589e-07,4.21255e-07,4.33612e-07
6.32645e-07,6.28986e-07,6.08547e-07,5.72247e-07,5.28263e-07,4.84319e-07,4.48579e-07,4.2393e-07,4.15252e-07,4.21499e-07,4.3358e-07
6.16608e-07,6.13157e-07,5.94097e-07,5.59941e-07,5.18234e-07,4.76937e-07,4.43686e-07,4.21358e-07,4.14436e-07,4.21617e-07,4.33394e-07
6.00111e-07,5.97668e-07,5.79748e-07,5.47517e-07,5.0827e-07,4.69469e-07,4.38716e-07,4.1861e-07,4.13433e-07,4.21479e-07,4.32938e-07
5.84541e-07,5.8236e-07,5.65777e-07,5.35475e-07,4.98631e-07,4.62152e-07,4.33833e-07,4.15938e-07,4.12377e-07,4.21136e-07,4.32365e-07
5.68707e-07,5.67413e-07,5.51895e-07,5.23444e-07,4.88832e-07,4.5473e-07,4.28669e-07,4.12881e-07,4.1097e-07,4.20663e-07,4.31271e-07
5.54121e-07,5.53084e-07,5.38864e-07,5.12147e-07,4.79637e-07,4.47732e-07,4.23775e-07,4.09925e-07,4.09907e-07,4.19558e-07,4.30034e-07
5.39328e-07,5.39245e-07,5.2575e-07,5.00854e-07,4.70377e-07,4.40695e-07,4.18876e-07,4.06941e-07,4.0737e-07,4.18278e-07,4.30151e-07
5.25028e-07,5.25406e-07,5.13113e-07,4.89842e-07,4.6138e-07,4.33819e-07,4.13908e-07,4.03803e-07,4.06016e-07,4.17139e-07,4.26935e-07
5.11183e-07,5.12136e-07,5.00815e-07,4.79038e-07,4.52545e-07,4.26939e-07,4.08981e-07,4.00643e-07,4.04079e-07,4.15573e-07,4.24929e-07
4.98202e-07,4.99206e-07,4.8885e-07,4.68676e-07,4.43964e-07,4.20329e-07,4.04096e-07,3.97323e-07,4.02126e-07,4.14537e-07,4.22733e-07
4.84747e-07,4.86694e-07,4.77242e-07,4.58485e-07,4.35573e-07,4.13846e-07,3.99322e-07,3.94237e-07,3.99968e-07,4.1211e-07,4.20589e-07
4.7211e-07,4.74581e-07,4.65957e-07,4.48661e-07,4.27455e-07,4.07501e-07,3.94633e-07,3.91055e-07,3.97633e-07,4.09447e-07,4.18306e-07
4.59978e-07,4.62696e-07,4.55005e-07,4.39043e-07,4.19476e-07,4.01214e-07,3.8998e-07,3.87787e-07,3.95324e-07,4.07927e-07,4.15679e-07
4.47353e-07,4.51292e-07,4.44311e-07,4.29669e-07,4.11669e-07,3.95144e-07,3.85319e-07,3.84463e-07,3.92993e-07,4.04929e-07,4.12896e-07
4.36296e-07,4.40091e-07,4.33895e-07,4.20504e-07,4.04016e-07,3.89101e-07,3.8075e-07,3.81188e-07,3.90398e-07,4.02346e-07,4.10115e-07
4.25129e-07,4.29284e-07,4.23851e-07,4.11655e-07,3.96644e-07,3.83273e-07,3.76262e-07,3.77878e-07,3.8812e-07,4.00739e-07,4.07069e-07
4.14389e-07,4.18856e-07,4.14152e-07,4.03071e-07,3.8943e-07,3.77519e-07,3.71849e-07,3.74655e-07,3.85584e-07,3.98286e-07,4.04115e-07
4.04547e-07,4.08563e-07,4.04626e-07,3.94684e-07,3.82422e-07,3.71908e-07,3.67509e-07,3.71349e-07,3.82857e-07,3.95526e-07,4.00867e-07
3.93574e-07,3.98843e-07,3.95385e-07,3.86536e-07,3.75492e-07,3.66389e-07,3.63192e-07,3.68071e-07,3.80233e-07,3.92734e-07,3.9765e-07
3.83475e-07,3.8926e-07,3.86573e-07,3.78719e-07,3.68933e-07,3.61132e-07,3.5895e-07,3.64831e-07,3.77494e-07,3.88752e-07,3.94273e-07
3.74499e-07,3.80107e-07,3.77781e-07,3.70981e-07,3.62344e-07,3.55858e-07,3.54822e-07,3.61572e-07,3.74791e-07,3.86929e-07,3.9385e-07
3.64814e-07,3.71031e-07,3.69381e-07,3.63464e-07,3.55989e-07,3.50655e-07,3.50679e-07,3.58249e-07,3.71884e-07,3.83782e-07,3.87423e-07
3.55822e-07,3.62434e-07,3.61238e-07,3.56218e-07,3.49838e-07,3.45631e-07,3.46637e-07,3.54966e-07,3.69047e-07,3.80782e-07,3.83935e-07
3.46556e-07,3.53572e-07,3.52979e-07,3.48832e-07,3.43525e-07,3.40413e-07,3.42489e-07,3.51789e-07,3.66156e-07,3.77528e-07,3.8034e-07
3.39632e-07,3.45418e-07,3.45403e-07,3.42044e-07,3.37751e-07,3.35627e-07,3.38674e-07,3.48636e-07,3.63288e-07,3.74428e-07,3.76842e-07
3.29907e-07,3.37624e-07,3.37962e-07,3.35386e-07,3.32053e-07,3.30973e-07,3.34806e-07,3.45501e-07,3.60367e-07,3.6967e-07,3.73122e-07
3.22802e-07,3.30095e-07,3.3101e-07,3.29104e-07,3.26666e-07,3.2655e-07,3.31075e-07,3.42131e-07,3.57355e-07,3.6785e-07,3.69351e-07
3.15201e-07,3.22714e-07,3.23933e-07,3.2278e-07,3.21183e-07,3.22014e-07,3.27318e-07,3.3895e-07,3.54389e-07,3.64509e-07,3.65603e-07
3.08053e-07,3.15606e-07,3.17274e-07,3.16769e-07,3.16001e-07,3.17732e-07,3.23724e-07,3.35657e-07,3.51692e-07,3.63297e-07,3.61765e-07
3.00725e-07,3.08674e-07,3.10602e-07,3.10766e-07,3.10801e-07,3.13334e-07,3.20073e-07,3.32727e-07,3.48507e-07,3.57848e-07,3.5819e-07
2.92643e-07,3.01923e-07,3.04335e-07,3.04995e-07,3.05773e-07,3.08997e-07,3.16478e-07,3.29551e-07,3.4561e-07,3.56223e-07,3.54208e-07
2.87004e-07,2.95393e-07,2.98108e-07,2.99382e-07,3.00925e-07,3.04934e-07,3.12979e-07,3.26412e-07,3.42327e-07,3.52878e-07,3.50334e-07
2.80702e-07,2.88963e-07,2.92013e-07,2.93843e-07,2.96102e-07,3.00777e-07,3.09482e-07,3.23311e-07,3.3926e-07,3.47463e-07,3.46624e-07
2.74746e-07,2.82884e-07,2.86234e-07,2.88583e-07,2.91494e-07,2.96916e-07,3.06025e-07,3.20006e-07,3.36491e-07,3.4635e-07,3.42659e-07
2.68592e-07,2.76884e-07,2.80627e-07,2.83433e-07,2.86958e-07,2.92925e-07,3.02786e-07,3.17267e-07,3.33182e-07,3.40617e-07,3.39062e-07
2.62605e-07,2.71012e-07,2.74952e-07,2.7826e-07,2.82422e-07,2.88969e-07,2.99316e-07,3.14105e-07,3.30126e-07,3.37079e-07,3.35088e-07
2.57295e-07,2.65495e-07,2.69748e-07,2.73429e-07,2.78099e-07,2.85263e-07,2.96107e-07,3.11141e-07,3.2714e-07,3.33744e-07,3.31311e-07
2.49717e-07,2.60068e-07,2.64482e-07,2.6862e-07,2.73867e-07,2.81622e-07,2.92814e-07,3.081e-07,3.2425e-07,3.30189e-07,3.27361e-07
2.46842e-07,2.54981e-07,2.59743e-07,2.64197e-07,2.69932e-07,2.78161e-07,2.89741e-07,3.05063e-07,3.20697e-07,3.24907e-07,3.23666e-07
2.42976e-07,2.49528e-07,2.5455e-07,2.59454e-07,2.65719e-07,2.74364e-07,2.86488e-07,3.02087e-07,3.17202e-07,3.20931e-07,3.19809e-07
2.3601e-07,2.44676e-07,2.49839e-07,2.55052e-07,2.61706e-07,2.70897e-07,2.83329e-07,2.99068e-07,3.14828e-07,3.19682e-07,3.1591e-07
2.31544e-07,2.39792e-07,2.45123e-07,2.50706e-07,2.5786e-07,2.67416e-07,2.80224e-07,2.96066e-07,3.11736e-07,3.16247e-07,3.12062e-07
2.26906e-07,2.35183e-07,2.40729e-07,2.46584e-07,2.54088e-07,2.64064e-07,2.77206e-07,2.93245e-07,3.08566e-07,3.1293e-07,3.08263e-07
2.22239e-07,2.30518e-07,2.36144e-07,2.42384e-07,2.50292e-07,2.60662e-07,2.74075e-07,2.90225e-07,3.05455e-07,3.094e-07,3.0428e-07
2.18142e-07,2.26088e-07,2.31874e-07,2.38436e-07,2.46702e-07,2.57423e-07,2.7115e-07,2.87469e-07,3.0244e-07,3.04095e-07,3.00566e-07
2.13546e-07,2.21627e-07,2.27586e-07,2.34414e-07,2.42977e-07,2.54073e-07,2.68053e-07,2.8436e-07,2.99257e-07,3.02514e-07,2.96598e-07
2.09513e-07,2.17444e-07,2.23648e-07,2.30668e-07,2.39615e-07,2.50946e-07,2.65276e-07,2.81595e-07,2.9624e-07,2.99278e-07,2.93002e-07
2.05214e-07,2.13419e-07,2.19595e-07,2.26922e-07,2.36156e-07,2.47796e-07,2.62273e-07,2.78666e-07,2.93181e-07,2.95803e-07,2.89144e-07
2.01207e-07,2.09156e-07,2.1565e-07,2.23204e-07,2.32742e-07,2.44681e-07,2.59338e-07,2.75714e-07,2.90011e-07,2.92348e-07,2.85228e-07
1.98132e-07,2.05467e-07,2.11942e-07,2.19735e-07,2.29484e-07,2.417e-07,2.56537e-07,2.72885e-07,2.87038e-07,2.89063e-07,2.81594e-07
1.93171e-07,2.01124e-07,2.07795e-07,2.15786e-07,2.25914e-07,2.38308e-07,2.53513e-07,2.70022e-07,2.83821e-07,2.85554e-07,2.77689e-07
1.90052e-07,1.9773e-07,2.0444e-07,2.12683e-07,2.2292e-07,2.35639e-07,2.50772e-07,2.67056e-07,2.80801e-07,2.82192e-07,2.73855e-07
1.86694e-07,1.94161e-07,2.00932e-07,2.09376e-07,2.19854e-07,2.32761e-07,2.48071e-07,2.64292e-07,2.77737e-07,2.78949e-07,2.70236e-07
1.83131e-07,1.90485e-07,1.97456e-07,2.06052e-07,2.16734e-07,2.29817e-07,2.45262e-07,2.6141e-07,2.74633e-07,2.75552e-07,2.66413e-07
1.79768e-07,1.87004e-07,1.94116e-07,2.02805e-07,2.13696e-07,2.26976e-07,2.42547e-07,2.58632e-07,2.71587e-07,2.72322e-07,2.62772e-07
1.76143e-07,1.83571e-07,1.90753e-07,1.99707e-07,2.10718e-07,2.24188e-07,2.39785e-07,2.5583e-07,2.68516e-07,2.68989e-07,2.59159e-07
1.73291e-07,1.80236e-07,1.87486e-07,1.96523e-07,2.07695e-07,2.21357e-07,2.36996e-07,2.52938e-07,2.65472e-07,2.65662e-07,2.55419e-07
1.69986e-07,1.76981e-07,1.84283e-07,1.93511e-07,2.04843e-07,2.18618e-07,2.34355e-07,2.50188e-07,2.62423e-07,2.62373e-07,2.51786e-07
1.6684e-07,1.73751e-07,1.81131e-07,1.90465e-07,2.01913e-07,2.15883e-07,2.3168e-07,2.47406e-07,2.59336e-07,2.59121e-07,2.48043e-07
1.63673e-07,1.70623e-07,1.77957e-07,1.87522e-07,1.99063e-07,2.13161e-07,2.28954e-07,2.44544e-07,2.56321e-07,2.55736e-07,2.44385e-07
1.60655e-07,1.67524e-07,1.74954e-07,1.84615e-07,1.96296e-07,2.10509e-07,2.26321e-07,2.41764e-07,2.53259e-07,2.52557e-07,2.40762e-07
1.57721e-07,1.6453e-07,1.72091e-07,1.81866e-07,1.93562e-07,2.07903e-07,2.23745e-07,2.39075e-07,2.50332e-07,2.49387e-07,2.37253e-07
1.54666e-07,1.61596e-07,1.6917e-07,1.79088e-07,1.90891e-07,2.0534e-07,2.21197e-07,2.36401e-07,2.47315e-07,2.46286e-07,2.33759e-07
1.51915e-07,1.5868e-07,1.66359e-07,1.76401e-07,1.88315e-07,2.02806e-07,2.18684e-07,2.33696e-07,2.4439e-07,2.43143e-07,2.30257e-07
1.49221e-07,1.55732e-07,1.63442e-07,1.73597e-07,1.85591e-07,2.00158e-07,2.15995e-07,2.30822e-07,2.41257e-07,2.39738e-07,2.2655e-07
1.46549e-07,1.52982e-07,1.60688e-07,1.70909e-07,1.83015e-07,1.9763e-07,2.1344e-07,2.2812e-07,2.38325e-07,2.36624e-07,2.23097e-07
1.43785e-07,1.5017e-07,1.57981e-07,1.68291e-07,1.80435e-07,1.95121e-07,2.10908e-07,2.25381e-07,2.35332e-07,2.33419e-07,2.19568e-07
1.41197e-07,1.47509e-07,1.55347e-07,1.65775e-07,1.7794e-07,1.92704e-07,2.08418e-07,2.22713e-07,2.32412e-07,2.30311e-07,2.16177e-07
1.3863e-07,1.44897e-07,1.52777e-07,1.63255e-07,1.75494e-07,1.90289e-07,2.05977e-07,2.20075e-07,2.29394e-07,2.27278e-07,2.12757e-07
1.35815e-07,1.42356e-07,1.50245e-07,1.60841e-07,1.73096e-07,1.87934e-07,2.0356e-07,2.17428e-07,2.26621e-07,2.24216e-07,2.09392e-07
1.33433e-07,1.39829e-07,1.47767e-07,1.58411e-07,1.70682e-07,1.8554e-07,2.01113e-07,2.14683e-07,2.23733e-07,2.21194e-07,2.06093e-07
1.31187e-07,1.37328e-07,1.45292e-07,1.55997e-07,1.68304e-07,1.83179e-07,1.9867e-07,2.12165e-07,2.20831e-07,2.18093e-07,2.02699e-07
1.28806e-07,1.34852e-07,1.42845e-07,1.53641e-07,1.65939e-07,1.80859e-07,1.96264e-07,2.09541e-07,2.17936e-07,2.15005e-07,1.99392e-07
1.26466e-07,1.32515e-07,1.40592e-07,1.51412e-07,1.6374e-07,1.78615e-07,1.93931e-07,2.06988e-07,2.15191e-07,2.12056e-07,1.96179e-07
1.24475e-07,1.30186e-07,1.38262e-07,1.49146e-07,1.61411e-07,1.76357e-07,1.91577e-07,2.04417e-07,2.12338e-07,2.0903e-07,1.93034e-07
1.21812e-07,1.27783e-07,1.35932e-07,1.46874e-07,1.59156e-07,1.74072e-07,1.89185e-07,2.01839e-07,2.09501e-07,2.06015e-07,1.89716e-07
1.19625e-07,1.25603e-07,1.33751e-07,1.44729e-07,1.56995e-07,1.71894e-07,1.86909e-07,1.99324e-07,2.06771e-07,2.03129e-07,1.86573e-07
1.17487e-07,1.2349e-07,1.31649e-07,1.42623e-07,1.54905e-07,1.69747e-07,1.84644e-07,1.96877e-07,2.04046e-07,2.00241e-07,1.8358e-07
1.15361e-07,1.21164e-07,1.29444e-07,1.40471e-07,1.52697e-07,1.67561e-07,1.82375e-07,1.9433e-07,2.01234e-07,1.97345e-07,1.80345e-07
1.13224e-07,1.19082e-07,1.27284e-07,1.38367e-07,1.50593e-07,1.6541e-07,1.80082e-07,1.91798e-07,1.98497e-07,1.94373e-07,1.77255e-07
1.11481e-07,1.17058e-07,1.25322e-07,1.36378e-07,1.48552e-07,1.6333e-07,1.77916e-07,1.89394e-07,1.95846e-07,1.91592e-07,1.7428e-07
1.09455e-07,1.15024e-07,1.23259e-07,1.34377e-07,1.4653e-07,1.61262e-07,1.75689e-07,1.86939e-07,1.93158e-07,1.88728e-07,1.71265e-07
1.07171e-07,1.12972e-07,1.21255e-07,1.32379e-07,1.44491e-07,1.5919e-07,1.73491e-07,1.84486e-07,1.90478e-07,1.85869e-07,1.68264e-07
1.05327e-07,1.11104e-07,1.19386e-07,1.30522e-07,1.42581e-07,1.57215e-07,1.71408e-07,1.82131e-07,1.87921e-07,1.83162e-07,1.65433e-07
1.03399e-07,1.09156e-07,1.17477e-07,1.28587e-07,1.40626e-07,1.55211e-07,1.69238e-07,1.79759e-07,1.85313e-07,1.80377e-07,1.62527e-07
1.01549e-07,1.07311e-07,1.15631e-07,1.26744e-07,1.38729e-07,1.5325e-07,1.6714e-07,1.77419e-07,1.82749e-07,1.77656e-07,1.59706e-07
1.00027e-07,1.05535e-07,1.13869e-07,1.2497e-07,1.36906e-07,1.51326e-07,1.651e-07,1.7514e-07,1.80231e-07,1.75017e-07,1.56966e-07
9.80066e-08,1.03747e-07,1.12094e-07,1.23197e-07,1.3505e-07,1.49458e-07,1.63042e-07,1.72852e-07,1.77718e-07,1.72352e-07,1.54236e-07
9.63767e-08,1.02079e-07,1.10341e-07,1.21466e-07,1.33242e-07,1.47563e-07,1.6101e-07,1.70574e-07,1.75211e-07,1.69702e-07,1.51531e-07
9.45637e-08,1.00328e-07,1.08638e-07,1.19717e-07,1.31447e-07,1.45675e-07,1.58976e-07,1.683e-07,1.72735e-07,1.67068e-07,1.48808e-07
9.29431e-08,9.86473e-08,1.06974e-07,1.18021e-07,1.29693e-07,1.43832e-07,1.56979e-07,1.6606e-07,1.70296e-07,1.64455e-07,1.46169e-07
9.15684e-08,9.70677e-08,1.05345e-07,1.16369e-07,1.27971e-07,1.42017e-07,1.5502e-07,1.63846e-07,1.67882e-07,1.61903e-07,1.43572e-07
8.94566e-08,9.55467e-08,1.03751e-07,1.14772e-07,1.26279e-07,1.40249e-07,1.53095e-07,1.61686e-07,1.65505e-07,1.59388e-07,1.41044e-07
8.8319e-08,9.39162e-08,1.02252e-07,1.13197e-07,1.24629e-07,1.385e-07,1.5118e-07,1.59527e-07,1.63167e-07,1.569e-07,1.38532e-07
8.68374e-08,9.24573e-08,1.00716e-07,1.11616e-07,1.22987e-07,1.36745e-07,1.49285e-07,1.57407e-07,1.60832e-07,1.54451e-07,1.36049e-07
8.55011e-08,9.10006e-08,9.92487e-08,1.101e-07,1.21401e-07,1.35044e-07,1.47426e-07,1.55314e-07,1.58564e-07,1.52017e-07,1.33638e-07
8.41002e-08,8.95912e-08,9.7762e-08,1.086e-07,1.19811e-07,1.33355e-07,1.45572e-07,1.53232e-07,1.56268e-07,1.49624e-07,1.31229e-07
8.25364e-08,8.81688e-08,9.63491e-08,1.07115e-07,1.18242e-07,1.31682e-07,1.43724e-07,1.51158e-07,1.54015e-07,1.47227e-07,1.28864e-07
8.11769e-08,8.67988e-08,9.4974e-08,1.05694e-07,1.16727e-07,1.30063e-07,1.41949e-07,1.49148e-07,1.51818e-07,1.4491e-07,1.26561e-07
7.98684e-08,8.54875e-08,9.361e-08,1.04263e-07,1.15278e-07,1.28441e-07,1.40147e-07,1.47149e-07,1.49639e-07,1.42613e-07,1.24282e-07
7.85167e-08,8.41931e-08,9.2267e-08,1.02872e-07,1.13761e-07,1.26851e-07,1.38394e-07,1.45177e-07,1.4749e-07,1.40353e-07,1.22048e-07
7.74574e-08,8.29496e-08,9.09804e-08,1.01507e-07,1.12303e-07,1.2527e-07,1.36671e-07,1.43209e-07,1.45344e-07,1.38117e-07,1.19834e-07
7.61563e-08,8.16993e-08,8.96828e-08,1.00165e-07,1.10865e-07,1.23716e-07,1.34945e-07,1.41284e-07,1.43233e-07,1.3591e-07,1.17666e-07
7.48815e-08,8.04866e-08,8.84231e-08,9.8842e-08,1.09457e-07,1.22177e-07,1.33246e-07,1.39375e-07,1.41154e-07,1.33717e-07,1.15519e-07
7.37832e-08,7.92738e-08,8.7204e-08,9.75563e-08,1.08055e-07,1.20661e-07,1.3156e-07,1.3749e-07,1.3909e-07,1.3156e-07,1.13419e-07
7.25104e-08,7.81331e-08,8.59999e-08,9.6282e-08,1.06695e-07,1.19183e-07,1.29897e-07,1.35641e-07,1.37082e-07,1.29449e-07,1.11379e-07
7.15391e-08,7.70257e-08,8.48344e-08,9.50536e-08,1.0537e-07,1.17716e-07,1.28282e-07,1.3382e-07,1.35107e-07,1.27377e-07,1.09369e-07
7.02601e-08,7.59065e-08,8.36727e-08,9.38009e-08,1.04028e-07,1.16241e-07,1.26638e-07,1.31982e-07,1.33106e-07,1.25301e-07,1.07337e-07
6.91887e-08,7.48174e-08,8.25445e-08,9.26098e-08,1.02729e-07,1.14823e-07,1.25069e-07,1.30203e-07,1.31157e-07,1.23287e-07,1.05395e-07
6.8272e-08,7.3761e-08,8.14176e-08,9.14085e-08,1.01447e-07,1.13394e-07,1.23462e-07,1.28421e-07,1.29223e-07,1.21281e-07,1.03448e-07
6.72394e-08,7.27334e-08,8.04284e-08,9.02545e-08,1.00194e-07,1.12008e-07,1.2191e-07,1.267e-07,1.27368e-07,1.1933e-07,1.01566e-07
6.63449e-08,7.18113e-08,7.93317e-08,8.91104e-08,9.88871e-08,1.10647e-07,1.20383e-07,1.24987e-07,1.2549e-07,1.17407e-07,9.97127e-08
6.52389e-08,7.07279e-08,7.82195e-08,8.79815e-08,9.77308e-08,1.09267e-07,1.1887e-07,1.23282e-07,1.23638e-07,1.15489e-07,9.78828e-08
6.42852e-08,6.9751e-08,7.72451e-08,8.6876e-08,9.65394e-08,1.07939e-07,1.17354e-07,1.21628e-07,1.21853e-07,1.13624e-07,9.60918e-08
6.33276e-08,6.88198e-08,7.61763e-08,8.57841e-08,9.53497e-08,1.06608e-07,1.15861e-07,1.19962e-07,1.2003e-07,1.11763e-07,9.43256e-08
6.23989e-08,6.79108e-08,7.51406e-08,8.47101e-08,9.41755e-08,1.05299e-07,1.14376e-07,1.18345e-07,1.18261e-07,1.09951e-07,9.26036e-08
6.14711e-08,6.69885e-08,7.41341e-08,8.36485e-08,9.30198e-08,1.04003e-07,1.12944e-07,1.16723e-07,1.16507e-07,1.08143e-07,9.08885e-08
6.0603e-08,6.61018e-08,7.32305e-08,8.2609e-08,9.18843e-08,1.02726e-07,1.11511e-07,1.15143e-07,1.14794e-07,1.06381e-07,8.92159e-08
5.96777e-08,6.51574e-08,7.2285e-08,8.15949e-08,9.0764e-08,1.01479e-07,1.10105e-07,1.13583e-07,1.13061e-07,1.0464e-07,8.75846e-08
5.8897e-08,6.43272e-08,7.15111e-08,8.05901e-08,8.96615e-08,1.00231e-07,1.08694e-07,1.12027e-07,1.11423e-07,1.0293e-07,8.5959e-08
5.82303e-08,6.34796e-08,7.05193e-08,7.96022e-08,8.8565e-08,9.90014e-08,1.07293e-07,1.10513e-07,1.09781e-07,1.01251e-07,8.43887e-08
5.71303e-08,6.27313e-08,6.96507e-08,7.861e-08,8.75142e-08,9.77888e-08,1.05952e-07,1.09006e-07,1.08143e-07,9.95822e-08,8.28192e-08
5.657e-08,6.19172e-08,6.8757e-08,7.76594e-08,8.64384e-08,9.65915e-08,1.04605e-07,1.07509e-07,1.06538e-07,9.79452e-08,8.1294e-08
5.56943e-08,6.11977e-08,6.79324e-08,7.67093e-08,8.54196e-08,9.54173e-08,1.03283e-07,1.06065e-07,1.04954e-07,9.63432e-08,7.97964e-08
5.47726e-08,6.03344e-08,6.7066e-08,7.57704e-08,8.43776e-08,9.42372e-08,1.01959e-07,1.04603e-07,1.03429e-07,9.47638e-08,7.83154e-08
5.42263e-08,5.96139e-08,6.62443e-08,7.48458e-08,8.33472e-08,9.31194e-08,1.00619e-07,1.03206e-07,1.01817e-07,9.32201e-08,7.68677e-08
5.34752e-08,5.8912e-08,6.52952e-08,7.39407e-08,8.23642e-08,9.1959e-08,9.93717e-08,1.01772e-07,1.0035e-07,9.16802e-08,7.54473e-08
5.27022e-08,5.80852e-08,6.45703e-08,7.30436e-08,8.1372e-08,9.0817e-08,9.80908e-08,1.00377e-07,9.88851e-08,9.01584e-08,7.40448e-08
5.19288e-08,5.73912e-08,6.38135e-08,7.21721e-08,8.04211e-08,8.9706e-08,9.68461e-08,9.90011e-08,9.73485e-08,8.86529e-08,7.26776e-08
5.12358e-08,5.66847e-08,6.30277e-08,7.12877e-08,7.94329e-08,8.86009e-08,9.55888e-08,9.76538e-08,9.59136e-08,8.72005e-08,7.13174e-08
5.05456e-08,5.5984e-08,6.22598e-08,7.0439e-08,7.8481e-08,8.75648e-08,9.43334e-08,9.63754e-08,9.44981e-08,8.5776e-08,7.00021e-08
4.95986e-08,5.53162e-08,6.15181e-08,6.95848e-08,7.75558e-08,8.64482e-08,9.31653e-08,9.49729e-08,9.30717e-08,8.4307e-08,6.87022e-08
4.92319e-08,5.46102e-08,6.07642e-08,6.87581e-08,7.66267e-08,8.53867e-08,9.19573e-08,9.3736e-08,9.1627e-08,8.29373e-08,6.74236e-08
4.85544e-08,5.39571e-08,5.99711e-08,6.7926e-08,7.56766e-08,8.43357e-08,9.08421e-08,9.24372e-08,9.03271e-08,8.1553e-08,6.61683e-08
4.82078e-08,5.34319e-08,5.92184e-08,6.71303e-08,7.48303e-08,8.33125e-08,8.96088e-08,9.11816e-08,8.89599e-08,8.02127e-08,6.49406e-08
4.72443e-08,5.26754e-08,5.85577e-08,6.63141e-08,7.39317e-08,8.23398e-08,8.84611e-08,8.99697e-08,8.76476e-08,7.88894e-08,6.37302e-08
4.67291e-08,5.2032e-08,5.77419e-08,6.55282e-08,7.30787e-08,8.12665e-08,8.73053e-08,8.87216e-08,8.62985e-08,7.75557e-08,6.25461e-08
4.59869e-08,5.13696e-08,5.72107e-08,6.4752e-08,7.21789e-08,8.02769e-08,8.62691e-08,8.75106e-08,8.49955e-08,7.62675e-08,6.13838e-08
4.54864e-08,5.08016e-08,5.64355e-08,6.39695e-08,7.12742e-08,7.92805e-08,8.50725e-08,8.62827e-08,8.37161e-08,7.49635e-08,6.02295e-08
4.48634e-08,5.01827e-08,5.5741e-08,6.32101e-08,7.04632e-08,7.83041e-08,8.39592e-08,8.50946e-08,8.23844e-08,7.37276e-08,5.91066e-08
4.43031e-08,4.95717e-08,5.5093e-08,6.24679e-08,6.96361e-08,7.74026e-08,8.27993e-08,8.40078e-08,8.1218e-08,7.25176e-08,5.80136e-08
4.37558e-08,4.89659e-08,5.44905e-08,6.17191e-08,6.87978e-08,7.63816e-08,8.18004e-08,8.27824e-08,8.00702e-08,7.1274e-08,5.6922e-08
4.31503e-08,4.84257e-08,5.37625e-08,6.09835e-08,6.79794e-08,7.5438e-08,8.07272e-08,8.16385e-08,7.87299e-08,7.00708e-08,5.58526e-08
4.26877e-08,4.78582e-08,5.31015e-08,6.02658e-08,6.72436e-08,7.45255e-08,7.96839e-08,8.05222e-08,7.75959e-08,6.8903e-08,5.48134e-08
4.18489e-08,4.72077e-08,5.24917e-08,5.95339e-08,6.63764e-08,7.35918e-08,7.866e-08,7.93788e-08,7.65045e-08,6.77576e-08,5.37895e-08
4.14863e-08,4.67291e-08,5.20168e-08,5.88492e-08,6.55912e-08,7.2753e-08,7.75357e-08,7.84088e-08,7.52698e-08,6.66378e-08,5.27854e-08
4.10125e-08,4.61761e-08,5.12737e-08,5.81503e-08,6.48132e-08,7.17837e-08,7.66079e-08,7.72482e-08,7.4103e-08,6.54855e-08,5.17838e-08
4.04661e-08,4.56109e-08,5.07157e-08,5.74588e-08,6.40469e-08,7.0896e-08,7.56003e-08,7.61729e-08,7.29352e-08,6.43764e-08,5.08226e-08
3.99753e-08,4.50692e-08,5.00161e-08,5.67798e-08,6.32591e-08,7.00122e-08,7.46195e-08,7.5124e-08,7.18717e-08,6.32778e-08,4.98592e-08
3.94294e-08,4.45685e-08,4.94905e-08,5.61111e-08,6.25125e-08,6.91546e-08,7.3637e-08,7.40944e-08,7.07875e-08,6.22461e-08,4.89285e-08
3.89894e-08,4.40509e-08,4.89503e-08,5.54618e-08,6.1843e-08,6.83691e-08,7.25624e-08,7.3116e-08,6.97134e-08,6.11852e-08,4.80131e-08
3.84887e-08,4.34233e-08,4.82242e-08,5.47809e-08,6.09801e-08,6.74506e-08,7.17102e-08,7.2116e-08,6.86569e-08,6.01717e-08,4.71154e-08
3.80232e-08,4.29747e-08,4.76679e-08,5.41403e-08,6.03003e-08,6.65961e-08,7.07649e-08,7.10439e-08,6.75745e-08,5.91145e-08,4.62152e-08
3.76142e-08,4.24984e-08,4.70797e-08,5.34851e-08,5.96004e-08,6.57005e-08,6.98339e-08,6.99072e-08,6.66101e-08,5.80784e-08,4.53402e-08
3.70859e-08,4.20128e-08,4.66262e-08,5.28785e-08,5.88612e-08,6.49511e-08,6.89204e-08,6.90817e-08,6.555e-08,5.71471e-08,4.44966e-08
3.65339e-08,4.14654e-08,4.60828e-08,5.22489e-08,5.8177e-08,6.4239e-08,6.7884e-08,6.82361e-08,6.45347e-08,5.6196e-08,4.36643e-08
3.61777e-08,4.0989e-08,4.54493e-08,5.16228e-08,5.73882e-08,6.33403e-08,6.71127e-08,6.71814e-08,6.34122e-08,5.51981e-08,4.2831e-08
3.58595e-08,4.04846e-08,4.51897e-08,5.10251e-08,5.67763e-08,6.25664e-08,6.62344e-08,6.62663e-08,6.2574e-08,5.42705e-08,4.20398e-08
3.52696e-08,4.00084e-08,4.44037e-08,5.04262e-08,5.62203e-08,6.16834e-08,6.53788e-08,6.52179e-08,6.17712e-08,5.32608e-08,4.12356e-08
3.47851e-08,3.95563e-08,4.4054e-08,4.98378e-08,5.54588e-08,6.10002e-08,6.44661e-08,6.4406e-08,6.06528e-08,5.24361e-08,4.0458e-08
3.44262e-08,3.90885e-08,4.32139e-08,4.92382e-08,5.47832e-08,6.03345e-08,6.36295e-08,6.36394e-08,5.97714e-08,5.15833e-08,3.97046e-08
3.3834e-08,3.86192e-08,4.29311e-08,4.86475e-08,5.41254e-08,5.94758e-08,6.27743e-08,6.26046e-08,5.87094e-08,5.06266e-08,3.89396e-08
3.35897e-08,3.82018e-08,4.22124e-08,4.8072e-08,5.34691e-08,5.87314e-08,6.20993e-08,6.17583e-08,5.79209e-08,4.97882e-08,3.82099e-08
3.33305e-08,3.77344e-08,4.17213e-08,4.75013e-08,5.28445e-08,5.78971e-08,6.11301e-08,6.07443e-08,5.68965e-08,4.89284e-08,3.74769e-08
3.28003e-08,3.72819e-08,4.12833e-08,4.69386e-08,5.21953e-08,5.72621e-08,6.02982e-08,5.99771e-08,5.61019e-08,4.8157e-08,3.67641e-08
3.23439e-08,3.68125e-08,4.08189e-08,4.63864e-08,5.16742e-08,5.66537e-08,5.9349e-08,5.92751e-08,5.52337e-08,4.73607e-08,3.60797e-08
3.18525e-08,3.64346e-08,4.03229e-08,4.58293e-08,5.09536e-08,5.58365e-08,5.86997e-08,5.82218e-08,5.42684e-08,4.64243e-08,3.53875e-08
3.16051e-08,3.59754e-08,3.99615e-08,4.53168e-08,5.03414e-08,5.51321e-08,5.79079e-08,5.74869e-08,5.35145e-08,4.5633e-08,3.47203e-08
3.14096e-08,3.56007e-08,3.95223e-08,4.479e-08,4.9742e-08,5.43271e-08,5.71535e-08,5.65182e-08,5.27371e-08,4.47624e-08,3.40495e-08
3.08397e-08,3.51391e-08,3.89001e-08,4.42418e-08,4.90264e-08,5.37484e-08,5.63814e-08,5.58759e-08,5.18505e-08,4.40912e-08,3.34076e-08
3.05469e-08,3.47802e-08,3.83212e-08,4.37282e-08,4.85536e-08,5.31979e-08,5.54487e-08,5.52713e-08,5.10638e-08,4.33992e-08,3.27886e-08
3.01742e-08,3.42937e-08,3.79993e-08,4.32036e-08,4.79455e-08,5.24024e-08,5.4875e-08,5.42795e-08,5.02377e-08,4.25515e-08,3.21532e-08
2.98535e-08,3.38584e-08,3.75597e-08,4.26941e-08,4.73714e-08,5.17433e-08,5.41371e-08,5.34355e-08,4.94485e-08,4.17765e-08,3.15327e-08
2.9607e-08,3.35113e-08,3.71388e-08,4.21897e-08,4.6923e-08,5.09807e-08,5.34216e-08,5.26005e-08,4.87457e-08,4.10391e-08,3.0933e-08
2.89921e-08,3.30524e-08,3.66781e-08,4.16871e-08,4.62302e-08,5.04439e-08,5.26986e-08,5.19633e-08,4.79297e-08,4.03891e-08,3.03561e-08
2.85443e-08,3.26874e-08,3.61775e-08,4.11807e-08,4.56923e-08,4.99341e-08,5.18489e-08,5.12138e-08,4.72971e-08,3.97221e-08,2.98067e-08
2.84662e-08,3.23826e-08,3.58096e-08,4.07243e-08,4.51351e-08,4.91918e-08,5.12987e-08,5.0506e-08,4.63861e-08,3.90145e-08,2.92237e-08
2.80109e-08,3.19805e-08,3.54028e-08,4.02447e-08,4.45875e-08,4.85587e-08,5.0609e-08,4.97721e-08,4.56469e-08,3.83379e-08,2.86648e-08
2.79191e-08,3.1608e-08,3.50263e-08,3.97609e-08,4.40466e-08,4.78273e-08,4.99352e-08,4.89073e-08,4.49955e-08,3.76051e-08,2.81103e-08
2.74721e-08,3.11444e-08,3.4593e-08,3.9306e-08,4.35069e-08,4.73323e-08,4.92395e-08,4.83391e-08,4.42485e-08,3.69626e-08,2.75704e-08
2.69034e-08,3.08325e-08,3.41799e-08,3.88608e-08,4.31165e-08,4.68612e-08,4.84044e-08,4.77778e-08,4.34706e-08,3.63691e-08,2.70599e-08
2.6825e-08,3.04112e-08,3.37641e-08,3.83765e-08,4.24538e-08,4.61418e-08,4.7922e-08,4.69541e-08,4.2858e-08,3.56915e-08,2.65342e-08
2.64806e-08,3.01581e-08,3.33873e-08,3.79469e-08,4.19459e-08,4.55494e-08,4.72739e-08,4.62655e-08,4.2176e-08,3.50566e-08,2.60292e-08
2.62035e-08,2.9801e-08,3.30293e-08,3.74771e-08,4.14324e-08,4.49808e-08,4.66463e-08,4.56011e-08,4.15046e-08,3.44679e-08,2.55284e-08
2.59228e-08,2.94513e-08,3.26113e-08,3.70465e-08,4.09402e-08,4.44124e-08,4.60093e-08,4.49183e-08,4.08492e-08,3.38664e-08,2.50467e-08
2.56192e-08,2.91246e-08,3.22376e-08,3.66183e-08,4.04421e-08,4.39726e-08,4.52123e-08,4.43994e-08,4.0242e-08,3.33387e-08,2.45871e-08
2.5353e-08,2.87226e-08,3.18621e-08,3.61692e-08,3.99466e-08,4.32848e-08,4.47742e-08,4.3631e-08,3.9553e-08,3.269e-08,2.41012e-08
2.50979e-08,2.84299e-08,3.12505e-08,3.57532e-08,3.93357e-08,4.27556e-08,4.43536e-08,4.31276e-08,3.90108e-08,3.22094e-08,2.36637e-08
2.46836e-08,2.80723e-08,3.11665e-08,3.53039e-08,3.8997e-08,4.22066e-08,4.35964e-08,4.22696e-08,3.83099e-08,3.15657e-08,2.3207e-08
2.44527e-08,2.77601e-08,3.07819e-08,3.49074e-08,3.85123e-08,4.16596e-08,4.2981e-08,4.17462e-08,3.76952e-08,3.10035e-08,2.27553e-08
2.42765e-08,2.74467e-08,3.04291e-08,3.45254e-08,3.80569e-08,4.12531e-08,4.22315e-08,4.12851e-08,3.71189e-08,3.05287e-08,2.23358e-08
2.38783e-08,2.71237e-08,3.00729e-08,3.41224e-08,3.75961e-08,4.06121e-08,4.18575e-08,4.05415e-08,3.65117e-08,2.99023e-08,2.18994e-08
2.37387e-08,2.6867e-08,2.97208e-08,3.37106e-08,3.71423e-08,4.01034e-08,4.12796e-08,3.99536e-08,3.59382e-08,2.94187e-08,2.14899e-08
2.33825e-08,2.64874e-08,2.93903e-08,3.33152e-08,3.66828e-08,3.95883e-08,4.07129e-08,3.93622e-08,3.53576e-08,2.88931e-08,2.10769e-08
2.30988e-08,2.62289e-08,2.9037e-08,3.29396e-08,3.6264e-08,3.91041e-08,4.0171e-08,3.87209e-08,3.46344e-08,2.83591e-08,2.06743e-08
2.29123e-08,2.5832e-08,2.87033e-08,3.25579e-08,3.59483e-08,3.87203e-08,3.94598e-08,3.8342e-08,3.42847e-08,2.79638e-08,2.03018e-08
2.27403e-08,2.55078e-08,2.83915e-08,3.21687e-08,3.53685e-08,3.81055e-08,3.90825e-08,3.76621e-08,3.36944e-08,2.74148e-08,1.99088e-08
2.22888e-08,2.52982e-08,2.80683e-08,3.17592e-08,3.49437e-08,3.76224e-08,3.85588e-08,3.69866e-08,3.31434e-08,2.69323e-08,1.95315e-08
2.21364e-08,2.49948e-08,2.77675e-08,3.14146e-08,3.45308e-08,3.71444e-08,3.80438e-08,3.65717e-08,3.26311e-08,2.64689e-08,1.91679e-08
2.19718e-08,2.47459e-08,2.7464e-08,3.10477e-08,3.41016e-08,3.66692e-08,3.75231e-08,3.60252e-08,3.21098e-08,2.60007e-08,1.88036e-08
2.16802e-08,2.44936e-08,2.71638e-08,3.06744e-08,3.36953e-08,3.63179e-08,3.68663e-08,3.5632e-08,3.16273e-08,2.57222e-08,1.8469e-08
