-0.00359731,-0.00356202,-0.00349597,-0.0034167,-0.00332892,-0.00324846,-0.00318094,-0.00311549,-0.00305669,-0.00298345,-0.00289223
-0.00359553,-0.00356045,-0.00349283,-0.00341587,-0.00332161,-0.00323859,-0.00315458,-0.00307408,-0.00299316,-0.00290017,-0.00278888
-0.00355219,-0.00351981,-0.00345771,-0.0033766,-0.00328459,-0.0031909,-0.00310151,-0.00300724,-0.00291166,-0.00280185,-0.00267321
-0.00347039,-0.00343744,-0.00337865,-0.0033011,-0.00320732,-0.00311257,-0.00301352,-0.00290981,-0.00280024,-0.0026783,-0.0025384
-0.00342339,-0.00339135,-0.00333395,-0.00325717,-0.0031629,-0.00306414,-0.00295769,-0.00284443,-0.00272335,-0.00259005,-0.00243997
-0.00338523,-0.00335331,-0.00329703,-0.00322032,-0.00312543,-0.00302364,-0.00290996,-0.00278839,-0.00265805,-0.0025156,-0.00235536
-0.00331384,-0.0032834,-0.0032288,-0.00315356,-0.00305878,-0.00295354,-0.00283538,-0.00270761,-0.00256969,-0.00241961,-0.00225568
-0.00325569,-0.00322596,-0.00317247,-0.0030975,-0.00300301,-0.00289488,-0.0027724,-0.00263913,-0.00249502,-0.00233925,-0.00217095
-0.00319518,-0.00316637,-0.00311337,-0.0030392,-0.00294379,-0.00283362,-0.00270742,-0.00256965,-0.0024205,-0.00226013,-0.00208909
-0.00314071,-0.00311191,-0.00306002,-0.00298585,-0.00289016,-0.00277708,-0.00264763,-0.0025063,-0.0023525,-0.00218883,-0.00201583
-0.00307726,-0.0030503,-0.00299732,-0.00292365,-0.00282754,-0.00271404,-0.00258137,-0.00243696,-0.00228102,-0.00211508,-0.00194117
-0.00302273,-0.00299566,-0.00294313,-0.00287011,-0.00277248,-0.00265645,-0.00252191,-0.00237585,-0.00221611,-0.00204901,-0.00187388
-0.00295693,-0.00292951,-0.00287867,-0.00280422,-0.0027067,-0.00258982,-0.00245416,-0.00230592,-0.00214652,-0.00197784,-0.0018042
-0.00290003,-0.0028736,-0.00282153,-0.00274729,-0.00264931,-0.00253117,-0.00239422,-0.00224453,-0.00208397,-0.00191589,-0.00174269
-0.00283829,-0.0028114,-0.00275993,-0.00268505,-0.00258696,-0.00246799,-0.0023303,-0.00218022,-0.00201935,-0.00185171,-0.00168005
-0.00278863,-0.00276307,-0.00270972,-0.00263514,-0.00253628,-0.00241713,-0.00227786,-0.00212688,-0.00196577,-0.00179844,-0.00162815
-0.00273694,-0.00271021,-0.00265801,-0.00258136,-0.00248309,-0.00236271,-0.00222357,-0.00207226,-0.00191131,-0.00174425,-0.00157526
-0.00267863,-0.00265209,-0.00259954,-0.00252421,-0.00242468,-0.00230373,-0.00216474,-0.00201408,-0.00185381,-0.0016889,-0.00152237
-0.00262566,-0.00259794,-0.00254632,-0.00247047,-0.00236993,-0.00224876,-0.00211027,-0.00196043,-0.00180085,-0.00163735,-0.00147263
-0.00257834,-0.00255148,-0.00249842,-0.00242361,-0.00232215,-0.0022004,-0.00206194,-0.00191248,-0.00175391,-0.0015915,-0.00142898
-0.00252588,-0.0024982,-0.00244622,-0.00236998,-0.0022692,-0.00214796,-0.0020102,-0.00186167,-0.00170417,-0.00154377,-0.00138323
-0.00247843,-0.00245225,-0.00239871,-0.00232298,-0.00222208,-0.00210137,-0.00196428,-0.00181573,-0.00165973,-0.00150147,-0.00134311
-0.00243289,-0.00240496,-0.00235366,-0.00227631,-0.00217586,-0.00205506,-0.0019192,-0.00177153,-0.00161644,-0.00145943,-0.00130275
-0.00238593,-0.00235926,-0.00230612,-0.00222946,-0.00212944,-0.00200979,-0.00187432,-0.00172811,-0.00157478,-0.00141986,-0.00126599
-0.00233952,-0.00231249,-0.0022615,-0.00218373,-0.00208367,-0.00196454,-0.00183034,-0.00168557,-0.00153379,-0.00138065,-0.00122835
-0.0022877,-0.00226066,-0.00220857,-0.00213267,-0.00203338,-0.00191458,-0.00178219,-0.00163884,-0.00148948,-0.001339,-0.00118939
-0.00224689,-0.00222046,-0.00216819,-0.00209257,-0.00199454,-0.00187646,-0.00174514,-0.001603,-0.00145467,-0.00130623,-0.00115844
-0.00220298,-0.00217641,-0.00212415,-0.00204955,-0.00195112,-0.00183364,-0.00170395,-0.00156317,-0.00141754,-0.00127074,-0.00112515
-0.00215897,-0.00213265,-0.00208121,-0.00200589,-0.00190917,-0.00179347,-0.00166475,-0.00152611,-0.00138185,-0.00123727,-0.00109391
-0.00212056,-0.00209394,-0.00204232,-0.00196796,-0.00187156,-0.00175689,-0.00162998,-0.00149213,-0.00135006,-0.00120768,-0.00106631
-0.00207567,-0.00204977,-0.00199937,-0.00192484,-0.00183008,-0.00171662,-0.00159073,-0.00145563,-0.00131532,-0.00117463,-0.00103545
-0.00203221,-0.00200627,-0.00195612,-0.00188311,-0.00178859,-0.00167644,-0.00155237,-0.00141895,-0.00128096,-0.00114264,-0.00100603
-0.00199132,-0.00196582,-0.00191615,-0.00184351,-0.00175028,-0.00163961,-0.00151721,-0.00138558,-0.00124965,-0.00111334,-0.00097901
-0.00195122,-0.00192618,-0.00187699,-0.00180502,-0.00171313,-0.00160376,-0.00148302,-0.00135338,-0.00121935,-0.00108514,-0.000952966
-0.00191317,-0.00188813,-0.00183951,-0.00176857,-0.00167744,-0.00156961,-0.0014505,-0.00132247,-0.00119076,-0.00105846,-0.000928132
-0.00187365,-0.00184893,-0.00180113,-0.00173081,-0.00164104,-0.00153488,-0.00141719,-0.0012914,-0.00116149,-0.00103146,-0.000903752
-0.00183443,-0.00181037,-0.00176288,-0.0016934,-0.00160499,-0.00150069,-0.0013848,-0.00126085,-0.00113321,-0.0010051,-0.000879361
-0.00179598,-0.00177228,-0.00172542,-0.00165676,-0.00156969,-0.00146709,-0.00135309,-0.00123106,-0.0011055,-0.000979468,-0.000855872
-0.00175937,-0.00173511,-0.00168966,-0.00162178,-0.00153564,-0.00143492,-0.00132253,-0.00120255,-0.00107906,-0.000955137,-0.000833481
-0.00172335,-0.0017001,-0.00165486,-0.00158852,-0.00150363,-0.0014041,-0.00129309,-0.00117532,-0.00105348,-0.000931693,-0.000812462
-0.00168424,-0.00166163,-0.00161708,-0.00155107,-0.00146832,-0.00137061,-0.00126185,-0.00114608,-0.00102668,-0.000906839,-0.000789945
-0.00164822,-0.00162583,-0.0015821,-0.00151729,-0.00143561,-0.00133965,-0.00123281,-0.00111905,-0.00100178,-0.000884042,-0.000769089
-0.00161318,-0.00159104,-0.00154819,-0.00148422,-0.0014041,-0.00130955,-0.00120473,-0.00109288,-0.00097759,-0.000861893,-0.000748866
-0.00157747,-0.00155585,-0.00151357,-0.00145066,-0.00137205,-0.00127974,-0.00117638,-0.0010667,-0.000953453,-0.000839917,-0.000729033
-0.00154504,-0.00152467,-0.00148252,-0.00142027,-0.00134369,-0.00125293,-0.00115112,-0.00104365,-0.000931801,-0.000820476,-0.000711075
-0.00150871,-0.0014882,-0.00144721,-0.00138668,-0.00131075,-0.00122181,-0.0011222,-0.00101665,-0.000907346,-0.000797837,-0.000691152
-0.00147644,-0.00145612,-0.00141607,-0.00135661,-0.00128212,-0.00119471,-0.00109703,-0.00099315,-0.00088575,-0.000778302,-0.000673423
-0.00144282,-0.00142321,-0.00138365,-0.00132497,-0.00125206,-0.00116678,-0.0010707,-0.000968995,-0.000863486,-0.000758382,-0.000655343
-0.00141019,-0.00139113,-0.00135235,-0.00129526,-0.00122344,-0.0011395,-0.00104542,-0.000945892,-0.000842487,-0.000738893,-0.00063814
-0.00137981,-0.00136089,-0.00132294,-0.00126699,-0.00119642,-0.00111411,-0.00102195,-0.00092408,-0.000822523,-0.000720956,-0.00062192
-0.00134771,-0.00132937,-0.00129213,-0.00123729,-0.00116828,-0.00108763,-0.00099714,-0.000901447,-0.000801893,-0.000702215,-0.000605224
-0.00131774,-0.00129962,-0.00126325,-0.00120951,-0.00114181,-0.00106278,-0.000974033,-0.000879964,-0.000782466,-0.000684596,-0.000589522
-0.00128935,-0.00127062,-0.00123551,-0.00118268,-0.0011162,-0.00103882,-0.000951864,-0.000859532,-0.000763699,-0.000667806,-0.000574271
-0.00125803,-0.00124051,-0.00120562,-0.00115389,-0.00108914,-0.00101354,-0.000928323,-0.000838027,-0.000744161,-0.00065023,-0.000558676
-0.00122823,-0.00121116,-0.00117706,-0.00112649,-0.00106323,-0.000989189,-0.000905699,-0.000817307,-0.000725375,-0.000633262,-0.000543679
-0.00120201,-0.001185,-0.00115181,-0.00110219,-0.00104016,-0.000967546,-0.000885594,-0.000799048,-0.000708759,-0.000618329,-0.000530226
-0.00117339,-0.00115739,-0.00112415,-0.00107592,-0.0010154,-0.000944514,-0.000864173,-0.000779451,-0.000690922,-0.000602435,-0.000516163
-0.00114562,-0.00112968,-0.0010976,-0.00105032,-0.00099105,-0.000921561,-0.000843072,-0.000759972,-0.000673367,-0.000586526,-0.000502146
-0.00111842,-0.00110284,-0.00107151,-0.00102539,-0.000967325,-0.000899416,-0.000822574,-0.000741194,-0.000656448,-0.000571408,-0.000488707
-0.00109369,-0.00107837,-0.00104767,-0.00100264,-0.00094568,-0.000879224,-0.000803927,-0.000724172,-0.00064108,-0.000557572,-0.000476466
-0.00106937,-0.00105482,-0.00102449,-0.00098015,-0.000924642,-0.00085981,-0.000785859,-0.00070748,-0.000625856,-0.000544254,-0.000464524
-0.00104281,-0.00102827,-0.000998955,-0.000955881,-0.000901601,-0.000837867,-0.00076579,-0.000689311,-0.000609581,-0.000529451,-0.000451603
-0.00101772,-0.00100354,-0.00097489,-0.000932921,-0.000879808,-0.000817573,-0.000747087,-0.000672181,-0.000594162,-0.000515731,-0.00043951
-0.000994369,-0.000980381,-0.000952592,-0.000911511,-0.000859528,-0.000798634,-0.000729572,-0.000656386,-0.000579896,-0.000503021,-0.000428201
-0.000970859,-0.000957326,-0.000929974,-0.000889988,-0.000839211,-0.000779613,-0.000712136,-0.000640294,-0.00056544,-0.000490133,-0.000416975
-0.000948977,-0.000935727,-0.000909092,-0.000869905,-0.00082026,-0.000761927,-0.000695973,-0.000625435,-0.000552089,-0.000478181,-0.000406486
-0.000926622,-0.000913804,-0.000887559,-0.000849533,-0.000800987,-0.000743899,-0.000679198,-0.000610369,-0.000538587,-0.000466135,-0.000395886
-0.000904349,-0.000891795,-0.000866223,-0.000829165,-0.000781638,-0.000725997,-0.000662708,-0.000595232,-0.000524972,-0.000454209,-0.000385367
-0.000884294,-0.000872035,-0.00084692,-0.000810725,-0.000764265,-0.000709848,-0.000647878,-0.000581654,-0.000512716,-0.000443347,-0.000375865
-0.000862389,-0.000850381,-0.000826111,-0.000790734,-0.00074545,-0.000692143,-0.00063169,-0.000566974,-0.00049961,-0.000431726,-0.000365703
-0.000842095,-0.000830288,-0.000806681,-0.000772093,-0.000727957,-0.000675745,-0.000616693,-0.000553314,-0.000487357,-0.000420815,-0.000356227
-0.000822952,-0.000811546,-0.000788397,-0.000754668,-0.000711265,-0.000660293,-0.000602572,-0.000540439,-0.000475797,-0.000410718,-0.000347343
-0.000803053,-0.000791709,-0.000769192,-0.000736342,-0.000694218,-0.000644326,-0.000587786,-0.000527095,-0.000463769,-0.000400069,-0.000338049
-0.000783537,-0.000772616,-0.000750637,-0.000718616,-0.000677396,-0.0006287,-0.000573463,-0.000514034,-0.000452174,-0.000389785,-0.000329086
-0.000764946,-0.000754291,-0.000732853,-0.000701656,-0.000661405,-0.000613754,-0.000559786,-0.000501636,-0.000441062,-0.000379966,-0.000320548
-0.000747659,-0.000737096,-0.000716247,-0.000685838,-0.000646494,-0.000599883,-0.000547029,-0.000490083,-0.000430688,-0.000370898,-0.000312623
-0.000729272,-0.000719108,-0.000698759,-0.000669019,-0.000630676,-0.00058512,-0.000533535,-0.000477809,-0.000419776,-0.000361215,-0.000304231
-0.000711962,-0.000702064,-0.000682203,-0.000653213,-0.000615772,-0.000571272,-0.000520826,-0.000466307,-0.000409485,-0.000352166,-0.000296376
-0.000695373,-0.000685659,-0.000666326,-0.000638053,-0.000601488,-0.000557966,-0.000508612,-0.00045524,-0.000399618,-0.000343487,-0.000288796
-0.000678754,-0.000669309,-0.000650475,-0.000622871,-0.000587217,-0.00054469,-0.000496438,-0.000444232,-0.000389752,-0.000334845,-0.000281321
-0.000663082,-0.000653871,-0.000635537,-0.000608549,-0.000573713,-0.000532056,-0.000484958,-0.000433843,-0.000380482,-0.000326661,-0.000274249
-0.000647393,-0.00063841,-0.000620472,-0.000594209,-0.000560198,-0.000519577,-0.000473449,-0.000423406,-0.000371179,-0.000318546,-0.000267206
-0.000632255,-0.000623444,-0.000605994,-0.000580347,-0.000547189,-0.000507446,-0.000462342,-0.000413384,-0.000362237,-0.000310685,-0.000260391
-0.000617577,-0.000609062,-0.000592053,-0.000567036,-0.000534687,-0.000495852,-0.000451663,-0.000403716,-0.000353607,-0.000303126,-0.000253886
-0.000603047,-0.000594741,-0.00057814,-0.000553726,-0.000522073,-0.000484098,-0.000440969,-0.000394084,-0.000345043,-0.000295632,-0.00024738
-0.000588972,-0.000580872,-0.000564745,-0.000540896,-0.000510038,-0.00047296,-0.000430697,-0.000384777,-0.000336787,-0.000288397,-0.000241152
-0.00057489,-0.000566922,-0.000551208,-0.000528027,-0.000497885,-0.000461632,-0.000420368,-0.000375462,-0.000328475,-0.000281161,-0.000234859
-0.000561165,-0.000553471,-0.000538163,-0.000515508,-0.000486111,-0.000450692,-0.000410377,-0.000366408,-0.000320442,-0.000274109,-0.000228835
-0.000548408,-0.000540844,-0.000525852,-0.000503798,-0.000475069,-0.000440437,-0.000401013,-0.000357991,-0.00031296,-0.000267533,-0.000223197
-0.000535538,-0.000528212,-0.000513714,-0.000492158,-0.000464082,-0.000430226,-0.000391593,-0.0003495,-0.000305453,-0.000261007,-0.000217534
-0.000522932,-0.000515786,-0.000501588,-0.00048058,-0.000453183,-0.000420174,-0.0003824,-0.000341185,-0.000298062,-0.000254551,-0.000212005
-0.000510651,-0.000503679,-0.000489874,-0.000469377,-0.000442674,-0.000410376,-0.000373444,-0.000333125,-0.00029089,-0.000248289,-0.00020665
-0.000498826,-0.000492059,-0.000478592,-0.00045856,-0.000432506,-0.000400923,-0.000364834,-0.000325359,-0.000283999,-0.000242256,-0.000201447
-0.000487187,-0.00048056,-0.000467435,-0.000447913,-0.000422444,-0.000391609,-0.00035631,-0.00031767,-0.000277206,-0.000236344,-0.000196415
-0.000475876,-0.000469413,-0.000456659,-0.000437572,-0.000412773,-0.000382626,-0.000348037,-0.000310253,-0.000270618,-0.000230609,-0.000191548
-0.000464988,-0.000458645,-0.000446216,-0.000427632,-0.000403369,-0.000373873,-0.000340115,-0.000303085,-0.000264259,-0.000225087,-0.000186751
-0.000454184,-0.00044804,-0.000435925,-0.000417779,-0.000394072,-0.00036528,-0.000332255,-0.000296007,-0.000257981,-0.000219625,-0.000182171
-0.000443567,-0.000437573,-0.000425742,-0.000408052,-0.000384921,-0.000356764,-0.000324482,-0.000289022,-0.000251822,-0.000214248,-0.000177519
-0.00043334,-0.000427549,-0.000416,-0.000398738,-0.000376127,-0.000348623,-0.00031704,-0.000282315,-0.000245896,-0.000209111,-0.000173131
-0.000423512,-0.000417802,-0.000406523,-0.000389698,-0.000367636,-0.000340703,-0.000309797,-0.000275846,-0.000240172,-0.000204112,-0.00016889
-0.000413649,-0.000408085,-0.000397121,-0.000380691,-0.000359162,-0.000332868,-0.000302615,-0.000269386,-0.000234453,-0.000199163,-0.000164604
-0.000404208,-0.000398787,-0.000388125,-0.000372082,-0.000351046,-0.000325326,-0.000295741,-0.000263204,-0.000228999,-0.000194432,-0.000160617
-0.000395032,-0.0003898,-0.000379355,-0.00036368,-0.000343148,-0.000318048,-0.000289085,-0.000257226,-0.000223703,-0.00018983,-0.000156722
-0.000385974,-0.000380845,-0.000370709,-0.000355436,-0.000335355,-0.000310763,-0.000282444,-0.000251288,-0.000218455,-0.000185312,-0.000152864
-0.00037704,-0.000372035,-0.00036216,-0.000347238,-0.00032764,-0.000303646,-0.000275924,-0.000245415,-0.000213292,-0.000180821,-0.000149067
-0.000368574,-0.000363684,-0.000354058,-0.00033949,-0.000320363,-0.000296886,-0.000269784,-0.000239881,-0.000208403,-0.000176573,-0.000145549
-0.000360143,-0.00035538,-0.000345982,-0.000331782,-0.000313097,-0.000290161,-0.000263632,-0.000234362,-0.000203568,-0.000172368,-0.000141911
-0.000352199,-0.000347496,-0.000338346,-0.000324464,-0.000306187,-0.000283762,-0.000257794,-0.000229121,-0.000198979,-0.000168379,-0.000138446
-0.00034422,-0.000339699,-0.000330736,-0.000317196,-0.000299366,-0.000277433,-0.000251995,-0.00022394,-0.000194368,-0.000164417,-0.000135185
-0.000336335,-0.00033194,-0.000323209,-0.000310015,-0.000292562,-0.00027111,-0.000246268,-0.000218779,-0.000189838,-0.000160508,-0.000131856
-0.000328707,-0.000324416,-0.000315929,-0.000303024,-0.000285994,-0.000264999,-0.000240701,-0.000213805,-0.000185443,-0.00015672,-0.000128675
-0.000321433,-0.000317269,-0.000308959,-0.000296371,-0.000279717,-0.000259186,-0.000235395,-0.000209035,-0.000181226,-0.000153117,-0.000125601
-0.000314289,-0.000310158,-0.000302122,-0.000289822,-0.000273539,-0.000253474,-0.000230192,-0.000204383,-0.000177141,-0.000149565,-0.000122609
-0.000307315,-0.000303258,-0.000295437,-0.000283445,-0.000267512,-0.000247876,-0.000225105,-0.00019979,-0.000173126,-0.000146128,-0.000119676
-0.00030039,-0.00029649,-0.000288814,-0.000277094,-0.000261551,-0.000242356,-0.000220064,-0.000195297,-0.00016914,-0.000142692,-0.00011681
-0.000293621,-0.000289836,-0.000282335,-0.000270885,-0.000255734,-0.000236929,-0.000215103,-0.000190871,-0.000165285,-0.000139342,-0.000114005
-0.000287169,-0.000283478,-0.000276156,-0.000264992,-0.000250166,-0.000231767,-0.000210402,-0.000186655,-0.000161556,-0.000136155,-0.000111308
-0.000280909,-0.00027727,-0.000270142,-0.000259243,-0.00024471,-0.000226757,-0.000205837,-0.000182556,-0.000157979,-0.000133074,-0.000108713
-0.000274495,-0.000270959,-0.000264017,-0.000253375,-0.000239207,-0.000221616,-0.000201149,-0.000178388,-0.000154312,-0.000129902,-0.000106063
-0.000268583,-0.000265125,-0.000258368,-0.000247951,-0.000234098,-0.000216897,-0.000196831,-0.000174523,-0.000150925,-0.00012701,-0.000103611
-0.000262661,-0.000259286,-0.000252699,-0.000242535,-0.000228984,-0.000212152,-0.000192514,-0.000170677,-0.000147519,-0.000124096,-0.000101188
-0.000257154,-0.000253888,-0.00024737,-0.00023746,-0.000224252,-0.000207726,-0.000188452,-0.000167043,-0.000144364,-0.000121359,-9.88959e-05
-0.000251288,-0.000248067,-0.000241765,-0.000232067,-0.000219145,-0.000203004,-0.000184186,-0.000163229,-0.000141037,-0.000118473,-9.64042e-05
-0.00024582,-0.000242708,-0.000236538,-0.00022711,-0.000214443,-0.00019867,-0.000180236,-0.000159682,-0.000137913,-0.000115826,-9.42633e-05
-0.000240412,-0.000237372,-0.000231385,-0.000222154,-0.00020978,-0.000194328,-0.000176307,-0.000156161,-0.000134827,-0.000113174,-9.20398e-05
-0.00023526,-0.000232266,-0.000226424,-0.000217399,-0.000205309,-0.000190208,-0.000172524,-0.000152796,-0.000131872,-0.000110658,-8.99155e-05
-0.000230048,-0.000227158,-0.000221455,-0.000212604,-0.0002008,-0.000186024,-0.000168717,-0.000149396,-0.000128888,-0.000108101,-8.77981e-05
-0.00022518,-0.000222359,-0.000216796,-0.000208151,-0.000196599,-0.000182146,-0.000165176,-0.000146227,-0.000126121,-0.000105736,-8.58167e-05
-0.000220168,-0.000217421,-0.000211997,-0.000203563,-0.00019227,-0.000178112,-0.000161517,-0.000142964,-0.000123269,-0.000103285,-8.3776e-05
-0.000215629,-0.000212927,-0.000207619,-0.000199364,-0.000188335,-0.000174457,-0.000158179,-0.000139974,-0.00012068,-0.000101054,-8.19149e-05
-0.000210968,-0.000208359,-0.000203166,-0.00019511,-0.000184317,-0.000170727,-0.000154775,-0.000136956,-0.000118024,-9.8791e-05,-8.00327e-05
-0.000206363,-0.000203813,-0.000198758,-0.000190898,-0.000180327,-0.000167026,-0.000151436,-0.000133966,-0.00011541,-9.65498e-05,-7.81739e-05
-0.000202061,-0.000199556,-0.00019463,-0.000186945,-0.000176582,-0.000163581,-0.000148298,-0.000131168,-0.000112953,-9.4466e-05,-7.64204e-05
-0.000197682,-0.000195227,-0.0001904,-0.00018289,-0.0001728,-0.000160085,-0.000145093,-0.000128299,-0.000110478,-9.23328e-05,-7.46509e-05
-0.000193446,-0.000191066,-0.000186381,-0.000179035,-0.000169146,-0.000156666,-0.000142,-0.000125564,-0.000108057,-9.0281e-05,-7.2945e-05
-0.000189448,-0.000187105,-0.000182541,-0.000175352,-0.000165675,-0.000153453,-0.000139084,-0.000122942,-0.000105782,-8.83417e-05,-7.13223e-05
-0.000185386,-0.000183132,-0.000178652,-0.000171636,-0.000162168,-0.000150194,-0.00013611,-0.000120313,-0.000103485,-8.63783e-05,-6.96992e-05
-0.000181535,-0.000179332,-0.000174933,-0.00016808,-0.000158824,-0.000147106,-0.000133286,-0.000117782,-0.000101289,-8.45048e-05,-6.81476e-05
-0.000177736,-0.000175567,-0.000171311,-0.000164595,-0.000155523,-0.000144052,-0.000130515,-0.00011532,-9.91196e-05,-8.2663e-05,-6.66302e-05
-0.000173986,-0.000171869,-0.0001677,-0.000161147,-0.000152286,-0.000141037,-0.00012778,-0.000112869,-9.70046e-05,-8.0846e-05,-6.51263e-05
-0.000170341,-0.000168288,-0.000164219,-0.0001578,-0.000149136,-0.000138114,-0.000125132,-0.0001105,-9.49378e-05,-7.90949e-05,-6.36725e-05
-0.000166794,-0.000164781,-0.000160791,-0.000154534,-0.00014604,-0.000135266,-0.000122523,-0.000108187,-9.29182e-05,-7.73803e-05,-6.22425e-05
-0.000163267,-0.000161299,-0.000157434,-0.00015129,-0.000142994,-0.000132437,-0.000119962,-0.000105897,-9.09156e-05,-7.56885e-05,-6.08462e-05
-0.000159886,-0.000157979,-0.000154191,-0.000148204,-0.000140068,-0.000129722,-0.000117485,-0.000103705,-8.90061e-05,-7.40623e-05,-5.94934e-05
-0.000156648,-0.000154789,-0.000151065,-0.000145209,-0.000137243,-0.000127101,-0.000115115,-0.000101581,-8.71638e-05,-7.2493e-05,-5.82057e-05
-0.000153465,-0.000151665,-0.000148012,-0.000142285,-0.00013449,-0.000124547,-0.000112785,-9.95194e-05,-8.53699e-05,-7.09594e-05,-5.69406e-05
-0.000150375,-0.000148589,-0.00014504,-0.000139437,-0.000131806,-0.000122065,-0.000110521,-9.75008e-05,-8.36086e-05,-6.94736e-05,-5.57046e-05
-0.000147127,-0.000145389,-0.000141937,-0.00013646,-0.000128982,-0.000119443,-0.000108154,-9.53965e-05,-8.17736e-05,-6.79173e-05,-5.44269e-05
-0.000144125,-0.000142435,-0.00013905,-0.000133694,-0.000126385,-0.000117034,-0.000105948,-9.34428e-05,-8.00833e-05,-6.64732e-05,-5.32379e-05
-0.000141139,-0.000139485,-0.00013619,-0.000130941,-0.000123789,-0.000114638,-0.000103767,-9.15029e-05,-7.83898e-05,-6.50482e-05,-5.20519e-05
-0.000138307,-0.00013668,-0.000133466,-0.000128323,-0.00012132,-0.000112354,-0.000101693,-8.96488e-05,-7.67794e-05,-6.36875e-05,-5.09439e-05
-0.000135532,-0.000133952,-0.000130817,-0.000125774,-0.000118919,-0.000110122,-9.96736e-05,-8.78524e-05,-7.52164e-05,-6.23557e-05,-4.98413e-05
-0.000132815,-0.00013127,-0.000128177,-0.000123291,-0.000116562,-0.000107945,-9.76885e-05,-8.6084e-05,-7.36839e-05,-6.10616e-05,-4.87736e-05
-0.000130164,-0.000128649,-0.000125637,-0.000120817,-0.000114245,-0.000105786,-9.57374e-05,-8.4348e-05,-7.21758e-05,-5.97788e-05,-4.77264e-05
-0.000127509,-0.000126032,-0.000123075,-0.000118376,-0.000111935,-0.000103657,-9.37824e-05,-8.26197e-05,-7.06745e-05,-5.85107e-05,-4.66883e-05
-0.000124912,-0.000123468,-0.000120598,-0.000115997,-0.000109686,-0.000101566,-9.18981e-05,-8.09376e-05,-6.92147e-05,-5.72785e-05,-4.56694e-05
-0.000122486,-0.00012109,-0.000118271,-0.000113767,-0.000107576,-9.96164e-05,-9.01103e-05,-7.93629e-05,-6.78465e-05,-5.61234e-05,-4.47137e-05
-0.00012002,-0.000118646,-0.000115923,-0.000111479,-0.000105427,-9.76277e-05,-8.83148e-05,-7.77572e-05,-6.64552e-05,-5.49481e-05,-4.37549e-05
-0.000117572,-0.000116242,-0.000113573,-0.000109232,-0.000103302,-9.56551e-05,-8.65168e-05,-7.61661e-05,-6.50737e-05,-5.37749e-05,-4.2797e-05
-0.000115288,-0.000113992,-0.000111363,-0.000107123,-0.000101318,-9.38158e-05,-8.48483e-05,-7.46768e-05,-6.37871e-05,-5.26879e-05,-4.19016e-05
-0.00011306,-0.000111791,-0.000109214,-0.000105057,-9.93756e-05,-9.20079e-05,-8.32084e-05,-7.32225e-05,-6.25251e-05,-5.16188e-05,-4.10346e-05
-0.00011079,-0.000109533,-0.000107033,-0.00010297,-9.73877e-05,-9.01774e-05,-8.1543e-05,-7.17443e-05,-6.12403e-05,-5.05451e-05,-4.01477e-05
-0.000108562,-0.000107346,-0.000104893,-0.000100929,-9.54611e-05,-8.8384e-05,-7.99128e-05,-7.03017e-05,-5.99934e-05,-4.94813e-05,-3.92823e-05
-0.000106492,-0.000105297,-0.000102898,-9.90012e-05,-9.36453e-05,-8.67021e-05,-7.83895e-05,-6.89426e-05,-5.88154e-05,-4.84955e-05,-3.84762e-05
-0.000104377,-0.000103214,-0.000100865,-9.70671e-05,-9.18078e-05,-8.50103e-05,-7.68455e-05,-6.75748e-05,-5.76304e-05,-4.74935e-05,-3.76572e-05
-0.000102305,-0.00010117,-9.88779e-05,-9.51529e-05,-9.00059e-05,-8.33346e-05,-7.5324e-05,-6.6228e-05,-5.64642e-05,-4.65109e-05,-3.68529e-05
-0.000100382,-9.9275e-05,-9.70286e-05,-9.33779e-05,-8.83273e-05,-8.17794e-05,-7.39101e-05,-6.49781e-05,-5.53794e-05,-4.55955e-05,-3.61083e-05
-9.83917e-05,-9.73055e-05,-9.51151e-05,-9.15385e-05,-8.65966e-05,-8.01768e-05,-7.24518e-05,-6.36829e-05,-5.42622e-05,-4.46541e-05,-3.53357e-05
-9.64961e-05,-9.54335e-05,-9.32935e-05,-8.97869e-05,-8.49417e-05,-7.86447e-05,-7.10618e-05,-6.24483e-05,-5.31939e-05,-4.37537e-05,-3.45986e-05
-9.46741e-05,-9.36266e-05,-9.1524e-05,-8.81051e-05,-8.33457e-05,-7.71644e-05,-6.97164e-05,-6.12604e-05,-5.21621e-05,-4.28895e-05,-3.39007e-05
-9.28644e-05,-9.18393e-05,-8.98002e-05,-8.64294e-05,-8.17696e-05,-7.57033e-05,-6.8398e-05,-6.008e-05,-5.11443e-05,-4.20334e-05,-3.3206e-05
-9.10852e-05,-9.00994e-05,-8.80842e-05,-8.48024e-05,-8.02245e-05,-7.42673e-05,-6.70863e-05,-5.89264e-05,-5.01494e-05,-4.1191e-05,-3.25162e-05
-8.9319e-05,-8.83535e-05,-8.63858e-05,-8.3165e-05,-7.86804e-05,-7.28388e-05,-6.57937e-05,-5.77763e-05,-4.91547e-05,-4.03552e-05,-3.18371e-05
-8.76117e-05,-8.66629e-05,-8.47421e-05,-8.15761e-05,-7.71841e-05,-7.1455e-05,-6.45365e-05,-5.66597e-05,-4.81902e-05,-3.95493e-05,-3.11827e-05
-8.59349e-05,-8.50039e-05,-8.31237e-05,-8.00356e-05,-7.57218e-05,-7.01028e-05,-6.33022e-05,-5.55734e-05,-4.72496e-05,-3.87597e-05,-3.05339e-05
-8.43407e-05,-8.34347e-05,-8.15888e-05,-7.85612e-05,-7.43365e-05,-6.88136e-05,-6.21326e-05,-5.4535e-05,-4.63543e-05,-3.80059e-05,-2.99218e-05
-8.27463e-05,-8.18581e-05,-8.00588e-05,-7.70856e-05,-7.2934e-05,-6.75214e-05,-6.09626e-05,-5.34996e-05,-4.54571e-05,-3.72522e-05,-2.93163e-05
-8.11833e-05,-8.03115e-05,-7.85447e-05,-7.56355e-05,-7.157e-05,-6.62497e-05,-5.98075e-05,-5.24768e-05,-4.45761e-05,-3.65154e-05,-2.87127e-05
-7.96596e-05,-7.88157e-05,-7.709e-05,-7.42367e-05,-7.02495e-05,-6.50256e-05,-5.86914e-05,-5.14949e-05,-4.37268e-05,-3.58013e-05,-2.8132e-05
-7.81637e-05,-7.7335e-05,-7.56432e-05,-7.28534e-05,-6.89343e-05,-6.38114e-05,-5.75888e-05,-5.05157e-05,-4.2884e-05,-3.50956e-05,-2.75575e-05
-7.66932e-05,-7.58802e-05,-7.42269e-05,-7.14878e-05,-6.76503e-05,-6.26165e-05,-5.65065e-05,-4.95592e-05,-4.20573e-05,-3.44047e-05,-2.70017e-05
-7.5283e-05,-7.44924e-05,-7.28698e-05,-7.01847e-05,-6.64178e-05,-6.14769e-05,-5.54695e-05,-4.86406e-05,-4.12656e-05,-3.374e-05,-2.64618e-05
-7.38816e-05,-7.3105e-05,-7.15207e-05,-6.88837e-05,-6.51909e-05,-6.03417e-05,-5.44406e-05,-4.77277e-05,-4.04806e-05,-3.30713e-05,-2.59238e-05
-7.25212e-05,-7.17587e-05,-7.02093e-05,-6.76212e-05,-6.39978e-05,-5.92359e-05,-5.34364e-05,-4.68399e-05,-3.97149e-05,-3.24383e-05,-2.54088e-05
-7.11964e-05,-7.04409e-05,-6.89174e-05,-6.63961e-05,-6.28317e-05,-5.81568e-05,-5.24543e-05,-4.59739e-05,-3.89664e-05,-3.18224e-05,-2.48985e-05
-6.98829e-05,-6.91452e-05,-6.76593e-05,-6.51779e-05,-6.16867e-05,-5.70898e-05,-5.14931e-05,-4.51204e-05,-3.82327e-05,-3.11984e-05,-2.44035e-05
-6.85992e-05,-6.78736e-05,-6.64123e-05,-6.3984e-05,-6.0555e-05,-5.60455e-05,-5.05415e-05,-4.42795e-05,-3.75076e-05,-3.05922e-05,-2.39105e-05
-6.73238e-05,-6.66271e-05,-6.52014e-05,-6.28156e-05,-5.94505e-05,-5.50195e-05,-4.96119e-05,-4.34555e-05,-3.68014e-05,-3.00004e-05,-2.34348e-05
-6.61059e-05,-6.54206e-05,-6.40237e-05,-6.16777e-05,-5.83779e-05,-5.40254e-05,-4.87096e-05,-4.26607e-05,-3.61141e-05,-2.94248e-05,-2.29692e-05
-6.49003e-05,-6.42486e-05,-6.28787e-05,-6.05747e-05,-5.7338e-05,-5.30637e-05,-4.78369e-05,-4.18872e-05,-3.54493e-05,-2.88703e-05,-2.25187e-05
-6.37227e-05,-6.30633e-05,-6.1719e-05,-5.94682e-05,-5.62879e-05,-5.20894e-05,-4.69463e-05,-4.11065e-05,-3.47773e-05,-2.83081e-05,-2.20688e-05
-6.25646e-05,-6.19331e-05,-6.06211e-05,-5.84147e-05,-5.52885e-05,-5.11684e-05,-4.61297e-05,-4.03679e-05,-3.41392e-05,-2.77771e-05,-2.1649e-05
-6.14404e-05,-6.08026e-05,-5.95169e-05,-5.735e-05,-5.42836e-05,-5.02333e-05,-4.52681e-05,-3.96146e-05,-3.34967e-05,-2.7231e-05,-2.12056e-05
-6.03218e-05,-5.97221e-05,-5.84631e-05,-5.63349e-05,-5.33238e-05,-4.9344e-05,-4.44562e-05,-3.89083e-05,-3.28835e-05,-2.67385e-05,-2.07988e-05
-5.92688e-05,-5.86562e-05,-5.7422e-05,-5.53366e-05,-5.23761e-05,-4.84673e-05,-4.36548e-05,-3.82027e-05,-3.22812e-05,-2.62246e-05,-2.03812e-05
-5.81809e-05,-5.76106e-05,-5.6397e-05,-5.43549e-05,-5.1449e-05,-4.76077e-05,-4.28856e-05,-3.75139e-05,-3.16887e-05,-2.5731e-05,-1.99924e-05
-5.71779e-05,-5.65931e-05,-5.54055e-05,-5.33969e-05,-5.05452e-05,-4.67656e-05,-4.21012e-05,-3.68435e-05,-3.11114e-05,-2.52485e-05,-1.9604e-05
-5.61423e-05,-5.55799e-05,-5.44178e-05,-5.24482e-05,-4.96467e-05,-4.59353e-05,-4.13602e-05,-3.61739e-05,-3.0538e-05,-2.47739e-05,-1.92229e-05
-5.51648e-05,-5.46003e-05,-5.34631e-05,-5.15276e-05,-4.87774e-05,-4.5128e-05,-4.06167e-05,-3.55333e-05,-2.9984e-05,-2.43105e-05,-1.88494e-05
-5.4163e-05,-5.36261e-05,-5.25063e-05,-5.06147e-05,-4.79107e-05,-4.4327e-05,-3.98993e-05,-3.48875e-05,-2.94304e-05,-2.38403e-05,-1.84824e-05
-5.32269e-05,-5.26836e-05,-5.15886e-05,-4.97268e-05,-4.70736e-05,-4.35498e-05,-3.91765e-05,-3.42665e-05,-2.88983e-05,-2.3408e-05,-1.81247e-05
-5.22829e-05,-5.17694e-05,-5.06954e-05,-4.88702e-05,-4.626e-05,-4.27982e-05,-3.85394e-05,-3.36586e-05,-2.83829e-05,-2.2977e-05,-1.77806e-05
-5.13779e-05,-5.08568e-05,-4.98054e-05,-4.80132e-05,-4.54497e-05,-4.20458e-05,-3.78336e-05,-3.30624e-05,-2.78651e-05,-2.25608e-05,-1.74446e-05
-5.04716e-05,-4.99822e-05,-4.89479e-05,-4.7189e-05,-4.46705e-05,-4.13199e-05,-3.71522e-05,-3.24835e-05,-2.73685e-05,-2.21359e-05,-1.71073e-05
-4.95998e-05,-4.91002e-05,-4.8086e-05,-4.63576e-05,-4.38858e-05,-4.05975e-05,-3.6507e-05,-3.19041e-05,-2.68719e-05,-2.17225e-05,-1.67766e-05
-4.87244e-05,-4.82507e-05,-4.72612e-05,-4.55655e-05,-4.31326e-05,-3.98998e-05,-3.58732e-05,-3.13453e-05,-2.63926e-05,-2.13242e-05,-1.64585e-05
-4.79048e-05,-4.74228e-05,-4.64499e-05,-4.47876e-05,-4.2398e-05,-3.9218e-05,-3.52583e-05,-3.0795e-05,-2.5925e-05,-2.09364e-05,-1.61479e-05
-4.70482e-05,-4.65961e-05,-4.56431e-05,-4.40101e-05,-4.16624e-05,-3.85356e-05,-3.46352e-05,-3.02547e-05,-2.54582e-05,-2.05495e-05,-1.58381e-05
-4.62641e-05,-4.57991e-05,-4.48641e-05,-4.32627e-05,-4.09628e-05,-3.78771e-05,-3.40449e-05,-2.97281e-05,-2.50101e-05,-2.01749e-05,-1.55392e-05
-4.54486e-05,-4.50153e-05,-4.40987e-05,-4.25238e-05,-4.02552e-05,-3.72331e-05,-3.34498e-05,-2.92144e-05,-2.45675e-05,-1.97935e-05,-1.52469e-05
-4.46827e-05,-4.42401e-05,-4.33385e-05,-4.1795e-05,-3.95641e-05,-3.65921e-05,-3.2869e-05,-2.87013e-05,-2.41286e-05,-1.94456e-05,-1.49564e-05
-4.39062e-05,-4.34942e-05,-4.26085e-05,-4.10924e-05,-3.88991e-05,-3.59776e-05,-3.23539e-05,-2.82036e-05,-2.37082e-05,-1.9111e-05,-1.46798e-05
-4.3169e-05,-4.27422e-05,-4.18764e-05,-4.03848e-05,-3.82304e-05,-3.53571e-05,-3.17596e-05,-2.77146e-05,-2.32838e-05,-1.87449e-05,-1.43975e-05
-4.24234e-05,-4.20273e-05,-4.11773e-05,-3.97099e-05,-3.76048e-05,-3.47635e-05,-3.12024e-05,-2.72417e-05,-2.28782e-05,-1.84101e-05,-1.41423e-05
-4.17287e-05,-4.13153e-05,-4.0482e-05,-3.90418e-05,-3.69593e-05,-3.41793e-05,-3.06885e-05,-2.67737e-05,-2.24795e-05,-1.80787e-05,-1.38672e-05
-4.09947e-05,-4.06151e-05,-3.97951e-05,-3.83845e-05,-3.63368e-05,-3.36007e-05,-3.01384e-05,-2.6314e-05,-2.20838e-05,-1.77515e-05,-1.36078e-05
-4.03027e-05,-3.99311e-05,-3.91272e-05,-3.77412e-05,-3.57274e-05,-3.30422e-05,-2.96748e-05,-2.58668e-05,-2.1701e-05,-1.7433e-05,-1.33538e-05
-3.96294e-05,-3.92673e-05,-3.84802e-05,-3.71147e-05,-3.51342e-05,-3.24866e-05,-2.91322e-05,-2.54241e-05,-2.13251e-05,-1.71233e-05,-1.30992e-05
-3.89642e-05,-3.86086e-05,-3.78334e-05,-3.64989e-05,-3.45637e-05,-3.1949e-05,-2.86683e-05,-2.49931e-05,-2.09565e-05,-1.6818e-05,-1.28646e-05
-3.83119e-05,-3.79647e-05,-3.72023e-05,-3.58922e-05,-3.39748e-05,-3.14124e-05,-2.8151e-05,-2.45678e-05,-2.05905e-05,-1.65006e-05,-1.26272e-05
-3.76764e-05,-3.73365e-05,-3.65936e-05,-3.52989e-05,-3.34158e-05,-3.0901e-05,-2.77447e-05,-2.41519e-05,-2.02412e-05,-1.62429e-05,-1.23939e-05
-3.70422e-05,-3.67082e-05,-3.59774e-05,-3.47093e-05,-3.28559e-05,-3.03777e-05,-2.72745e-05,-2.37424e-05,-1.98878e-05,-1.59344e-05,-1.21644e-05
-3.6453e-05,-3.61025e-05,-3.53842e-05,-3.41366e-05,-3.23138e-05,-2.98749e-05,-2.67912e-05,-2.33406e-05,-1.9545e-05,-1.56526e-05,-1.19395e-05
-3.58317e-05,-3.55131e-05,-3.4804e-05,-3.35828e-05,-3.1802e-05,-2.93841e-05,-2.63249e-05,-2.2949e-05,-1.92118e-05,-1.53782e-05,-1.1724e-05
-3.52583e-05,-3.49228e-05,-3.42275e-05,-3.30268e-05,-3.12624e-05,-2.89009e-05,-2.59046e-05,-2.25645e-05,-1.88805e-05,-1.51053e-05,-1.15066e-05
-3.46533e-05,-3.43481e-05,-3.36672e-05,-3.24854e-05,-3.07501e-05,-2.84263e-05,-2.54858e-05,-2.21804e-05,-1.85584e-05,-1.48391e-05,-1.12968e-05
-3.41178e-05,-3.37958e-05,-3.31238e-05,-3.19648e-05,-3.02549e-05,-2.79677e-05,-2.50602e-05,-2.18213e-05,-1.82478e-05,-1.45642e-05,-1.1092e-05
-3.35375e-05,-3.32448e-05,-3.25886e-05,-3.14452e-05,-2.97644e-05,-2.75124e-05,-2.4651e-05,-2.14594e-05,-1.79382e-05,-1.43284e-05,-1.08936e-05
-3.30101e-05,-3.27016e-05,-3.20522e-05,-3.09341e-05,-2.92946e-05,-2.70609e-05,-2.42179e-05,-2.10985e-05,-1.76311e-05,-1.40754e-05,-1.06927e-05
-3.24448e-05,-3.21676e-05,-3.15339e-05,-3.04304e-05,-2.88038e-05,-2.66224e-05,-2.38398e-05,-2.07502e-05,-1.73332e-05,-1.38303e-05,-1.04982e-05
-3.19472e-05,-3.16485e-05,-3.10237e-05,-2.99404e-05,-2.83395e-05,-2.61931e-05,-2.34639e-05,-2.04025e-05,-1.70428e-05,-1.35909e-05,-1.03118e-05
-3.14029e-05,-3.11354e-05,-3.05229e-05,-2.94579e-05,-2.78827e-05,-2.57708e-05,-2.31016e-05,-2.00721e-05,-1.67573e-05,-1.3354e-05,-1.01231e-05
-3.09286e-05,-3.06397e-05,-3.00382e-05,-2.89898e-05,-2.74395e-05,-2.53588e-05,-2.26995e-05,-1.97441e-05,-1.64767e-05,-1.31249e-05,-9.93898e-06
-3.04033e-05,-3.01474e-05,-2.9556e-05,-2.85262e-05,-2.70152e-05,-2.49473e-05,-2.23055e-05,-1.94168e-05,-1.61993e-05,-1.29161e-05,-9.76202e-06
-2.99485e-05,-2.96712e-05,-2.90901e-05,-2.80791e-05,-2.65768e-05,-2.4556e-05,-2.19361e-05,-1.91078e-05,-1.59337e-05,-1.26806e-05,-9.59247e-06
-2.94311e-05,-2.91867e-05,-2.86138e-05,-2.76207e-05,-2.61415e-05,-2.4156e-05,-2.16063e-05,-1.87882e-05,-1.56625e-05,-1.24556e-05,-9.4136e-06
-2.89971e-05,-2.87317e-05,-2.81677e-05,-2.71919e-05,-2.57183e-05,-2.37753e-05,-2.12287e-05,-1.8495e-05,-1.54059e-05,-1.2228e-05,-9.25097e-06
-2.85022e-05,-2.82715e-05,-2.7717e-05,-2.67566e-05,-2.53229e-05,-2.33972e-05,-2.09235e-05,-1.81849e-05,-1.51488e-05,-1.20344e-05,-9.08742e-06
-2.80777e-05,-2.78213e-05,-2.72799e-05,-2.63325e-05,-2.49377e-05,-2.30224e-05,-2.05622e-05,-1.7887e-05,-1.48968e-05,-1.18283e-05,-8.91936e-06
-2.76056e-05,-2.73799e-05,-2.68477e-05,-2.59179e-05,-2.45285e-05,-2.26611e-05,-2.02522e-05,-1.76009e-05,-1.4652e-05,-1.16267e-05,-8.76224e-06
-2.7205e-05,-2.69598e-05,-2.64317e-05,-2.55196e-05,-2.41501e-05,-2.23122e-05,-1.99349e-05,-1.73233e-05,-1.44145e-05,-1.1433e-05,-8.61193e-06
-2.67471e-05,-2.65351e-05,-2.60196e-05,-2.51205e-05,-2.37569e-05,-2.19598e-05,-1.96578e-05,-1.70517e-05,-1.41795e-05,-1.12391e-05,-8.46458e-06
-2.63474e-05,-2.61124e-05,-2.56043e-05,-2.47221e-05,-2.33956e-05,-2.16106e-05,-1.93085e-05,-1.67651e-05,-1.39425e-05,-1.1066e-05,-8.30581e-06
-2.58796e-05,-2.57041e-05,-2.52022e-05,-2.43362e-05,-2.30481e-05,-2.1276e-05,-1.8999e-05,-1.64982e-05,-1.37145e-05,-1.08595e-05,-8.16146e-06
-2.55272e-05,-2.52999e-05,-2.48094e-05,-2.39552e-05,-2.26705e-05,-2.09402e-05,-1.87077e-05,-1.62265e-05,-1.34889e-05,-1.0676e-05,-8.01921e-06
-2.5072e-05,-2.49064e-05,-2.44228e-05,-2.35842e-05,-2.23194e-05,-2.06189e-05,-1.84244e-05,-1.59784e-05,-1.32708e-05,-1.04952e-05,-7.87681e-06
-2.47127e-05,-2.45251e-05,-2.40485e-05,-2.32217e-05,-2.1959e-05,-2.02918e-05,-1.81124e-05,-1.5729e-05,-1.30554e-05,-1.03201e-05,-7.73941e-06
-2.43277e-05,-2.41415e-05,-2.36721e-05,-2.28612e-05,-2.16329e-05,-1.99782e-05,-1.78298e-05,-1.5471e-05,-1.28413e-05,-1.01455e-05,-7.60169e-06
-2.39521e-05,-2.37722e-05,-2.33077e-05,-2.2512e-05,-2.13189e-05,-1.96682e-05,-1.75267e-05,-1.52241e-05,-1.26342e-05,-9.9772e-06,-7.47001e-06
-2.35821e-05,-2.34057e-05,-2.29539e-05,-2.21659e-05,-2.09752e-05,-1.93691e-05,-1.72882e-05,-1.49802e-05,-1.2431e-05,-9.81086e-06,-7.33804e-06
-2.32206e-05,-2.30454e-05,-2.25981e-05,-2.18283e-05,-2.06544e-05,-1.907e-05,-1.70067e-05,-1.47502e-05,-1.22311e-05,-9.6483e-06,-7.21477e-06
-2.28595e-05,-2.2692e-05,-2.22551e-05,-2.14932e-05,-2.03203e-05,-1.87763e-05,-1.6779e-05,-1.45251e-05,-1.20349e-05,-9.50583e-06,-7.09493e-06
-2.25118e-05,-2.23463e-05,-2.19148e-05,-2.11661e-05,-2.00274e-05,-1.84906e-05,-1.64859e-05,-1.42907e-05,-1.18409e-05,-9.32995e-06,-6.95934e-06
-2.21734e-05,-2.20107e-05,-2.15815e-05,-2.08484e-05,-1.97429e-05,-1.82065e-05,-1.61684e-05,-1.40673e-05,-1.16499e-05,-9.15871e-06,-6.84477e-06
-2.18296e-05,-2.16711e-05,-2.12502e-05,-2.05263e-05,-1.94225e-05,-1.79302e-05,-1.59744e-05,-1.38476e-05,-1.14641e-05,-9.02296e-06,-6.72403e-06
-2.14956e-05,-2.1343e-05,-2.09278e-05,-2.02177e-05,-1.91287e-05,-1.76579e-05,-1.57296e-05,-1.3631e-05,-1.12827e-05,-8.8751e-06,-6.60612e-06
-2.11723e-05,-2.10243e-05,-2.0616e-05,-1.9916e-05,-1.88269e-05,-1.73898e-05,-1.54906e-05,-1.34281e-05,-1.11037e-05,-8.73017e-06,-6.49815e-06
-2.08476e-05,-2.07017e-05,-2.03007e-05,-1.96114e-05,-1.85556e-05,-1.71269e-05,-1.52484e-05,-1.32108e-05,-1.09266e-05,-8.58612e-06,-6.38358e-06
-2.05385e-05,-2.03975e-05,-1.99996e-05,-1.93231e-05,-1.82979e-05,-1.68687e-05,-1.49856e-05,-1.30068e-05,-1.07548e-05,-8.44715e-06,-6.27612e-06
-2.02327e-05,-2.00912e-05,-1.97001e-05,-1.90351e-05,-1.80076e-05,-1.66194e-05,-1.47779e-05,-1.28096e-05,-1.05866e-05,-8.30794e-06,-6.17017e-06
-1.99232e-05,-1.97875e-05,-1.94015e-05,-1.87481e-05,-1.77356e-05,-1.63668e-05,-1.45514e-05,-1.26102e-05,-1.04176e-05,-8.17232e-06,-6.06226e-06
-1.96261e-05,-1.94926e-05,-1.91143e-05,-1.84708e-05,-1.74574e-05,-1.61217e-05,-1.43311e-05,-1.24252e-05,-1.02537e-05,-8.03933e-06,-5.96498e-06
-1.93272e-05,-1.91965e-05,-1.88252e-05,-1.81909e-05,-1.72095e-05,-1.58788e-05,-1.41195e-05,-1.22246e-05,-1.0091e-05,-7.90743e-06,-5.85663e-06
-1.90425e-05,-1.89148e-05,-1.85467e-05,-1.79231e-05,-1.69711e-05,-1.56411e-05,-1.3899e-05,-1.2028e-05,-9.93221e-06,-7.78032e-06,-5.75848e-06
-1.87562e-05,-1.86315e-05,-1.82715e-05,-1.76563e-05,-1.67027e-05,-1.54104e-05,-1.36956e-05,-1.18527e-05,-9.77787e-06,-7.6535e-06,-5.66072e-06
-1.84751e-05,-1.83542e-05,-1.79984e-05,-1.73952e-05,-1.64547e-05,-1.518e-05,-1.34894e-05,-1.16712e-05,-9.62447e-06,-7.52876e-06,-5.56832e-06
-1.81993e-05,-1.8082e-05,-1.77304e-05,-1.71366e-05,-1.62094e-05,-1.49533e-05,-1.3289e-05,-1.14934e-05,-9.47328e-06,-7.40579e-06,-5.46892e-06
-1.79337e-05,-1.78163e-05,-1.7471e-05,-1.68863e-05,-1.59722e-05,-1.4734e-05,-1.30921e-05,-1.13192e-05,-9.3272e-06,-7.28726e-06,-5.37694e-06
-1.76713e-05,-1.7557e-05,-1.72164e-05,-1.66404e-05,-1.57553e-05,-1.45154e-05,-1.28764e-05,-1.11466e-05,-9.18212e-06,-7.17075e-06,-5.29165e-06
-1.74053e-05,-1.72945e-05,-1.69585e-05,-1.6393e-05,-1.55051e-05,-1.43011e-05,-1.27022e-05,-1.09776e-05,-9.03813e-06,-7.05423e-06,-5.19086e-06
-1.71319e-05,-1.70484e-05,-1.67179e-05,-1.61608e-05,-1.5287e-05,-1.41022e-05,-1.25047e-05,-1.08213e-05,-8.90337e-06,-6.9455e-06,-5.11155e-06
-1.69047e-05,-1.67977e-05,-1.6472e-05,-1.59239e-05,-1.50606e-05,-1.38877e-05,-1.23322e-05,-1.06538e-05,-8.76392e-06,-6.83213e-06,-5.02499e-06
-1.66509e-05,-1.65474e-05,-1.62253e-05,-1.56865e-05,-1.48354e-05,-1.36807e-05,-1.21436e-05,-1.04889e-05,-8.6259e-06,-6.72073e-06,-4.93254e-06
-1.64092e-05,-1.63089e-05,-1.5992e-05,-1.54606e-05,-1.46373e-05,-1.348e-05,-1.19455e-05,-1.033e-05,-8.49346e-06,-6.61513e-06,-4.85607e-06
-1.61704e-05,-1.60747e-05,-1.5762e-05,-1.52397e-05,-1.44128e-05,-1.32894e-05,-1.18257e-05,-1.01796e-05,-8.36664e-06,-6.51038e-06,-4.77599e-06
-1.59385e-05,-1.58446e-05,-1.55363e-05,-1.50209e-05,-1.4205e-05,-1.3097e-05,-1.16182e-05,-1.00291e-05,-8.23884e-06,-6.40752e-06,-4.69655e-06
-1.57043e-05,-1.56122e-05,-1.53066e-05,-1.48008e-05,-1.39969e-05,-1.29035e-05,-1.14449e-05,-9.87699e-06,-8.11022e-06,-6.30442e-06,-4.61846e-06
-1.54856e-05,-1.53913e-05,-1.50921e-05,-1.45945e-05,-1.38001e-05,-1.27214e-05,-1.12818e-05,-9.73182e-06,-7.99033e-06,-6.20657e-06,-4.54262e-06
-1.52579e-05,-1.51708e-05,-1.48734e-05,-1.43835e-05,-1.36148e-05,-1.25351e-05,-1.10955e-05,-9.58531e-06,-7.86557e-06,-6.10745e-06,-4.4599e-06
-1.50312e-05,-1.49471e-05,-1.46531e-05,-1.4172e-05,-1.34004e-05,-1.23515e-05,-1.09496e-05,-9.44295e-06,-7.74502e-06,-6.01005e-06,-4.39022e-06
-1.48184e-05,-1.47352e-05,-1.44459e-05,-1.39713e-05,-1.32104e-05,-1.21747e-05,-1.07907e-05,-9.30354e-06,-7.62789e-06,-5.91575e-06,-4.31845e-06
-1.46064e-05,-1.45243e-05,-1.42406e-05,-1.37728e-05,-1.30226e-05,-1.20014e-05,-1.06346e-05,-9.16699e-06,-7.51258e-06,-5.82335e-06,-4.24621e-06
-1.43978e-05,-1.43177e-05,-1.4035e-05,-1.35752e-05,-1.28361e-05,-1.18281e-05,-1.04787e-05,-9.03204e-06,-7.39768e-06,-5.73116e-06,-4.1826e-06
-1.41942e-05,-1.41165e-05,-1.38362e-05,-1.33853e-05,-1.26699e-05,-1.1659e-05,-1.03112e-05,-8.89682e-06,-7.28746e-06,-5.64337e-06,-4.10846e-06
