# xi2
# underflow	  10612.791    	  12.939452    
# overflow	  23.402229    	  1.5060010    
# sum	  13225.092    	  18.183020    
# xmin	xmax	cross	numerror
  1034.0000    	  1035.0000    	  7.0620862    	 0.81787032    
  1035.0000    	  1036.0000    	  7.9557260    	 0.79561304    
  1036.0000    	  1037.0000    	  7.4694718    	 0.78475191    
  1037.0000    	  1038.0000    	  6.9521069    	 0.62534296    
  1038.0000    	  1039.0000    	  7.2475458    	 0.69290844    
  1039.0000    	  1040.0000    	  6.7280496    	 0.53130848    
  1040.0000    	  1041.0000    	  5.2814330    	 0.58323381    
  1041.0000    	  1042.0000    	  4.1620464    	 0.48582852    
  1042.0000    	  1043.0000    	  3.5935640    	 0.41186149    
  1043.0000    	  1044.0000    	  3.5072905    	 0.42911657    
  1044.0000    	  1045.0000    	  2.4796856    	 0.42994740    
  1045.0000    	  1046.0000    	  7.7199901    	 0.92716134    
  1046.0000    	  1047.0000    	  7.4263343    	 0.80979483    
  1047.0000    	  1048.0000    	  6.2881398    	 0.75502745    
  1048.0000    	  1049.0000    	  6.0654399    	 0.60879980    
  1049.0000    	  1050.0000    	  5.4445775    	 0.59213905    
  1050.0000    	  1051.0000    	  5.8905683    	 0.65686322    
  1051.0000    	  1052.0000    	  5.6147465    	 0.57083781    
  1052.0000    	  1053.0000    	  4.5577588    	 0.51600482    
  1053.0000    	  1054.0000    	  2.6334843    	 0.41858695    
  1054.0000    	  1055.0000    	  3.9181120    	 0.42254382    
  1055.0000    	  1056.0000    	  2.7122999    	 0.36740301    
  1056.0000    	  1057.0000    	  7.2301280    	 0.90500698    
  1057.0000    	  1058.0000    	  7.9324804    	 0.81621415    
  1058.0000    	  1059.0000    	  6.0043603    	 0.80098492    
  1059.0000    	  1060.0000    	  5.5493872    	 0.63095588    
  1060.0000    	  1061.0000    	  5.4359348    	 0.55540350    
  1061.0000    	  1062.0000    	  4.8411629    	 0.62256074    
  1062.0000    	  1063.0000    	  4.3679863    	 0.51920398    
  1063.0000    	  1064.0000    	  4.7285469    	 0.56111685    
  1064.0000    	  1065.0000    	  4.0618488    	 0.44759568    
  1065.0000    	  1066.0000    	  2.8366387    	 0.41495962    
  1066.0000    	  1067.0000    	  2.7976432    	 0.34734871    
  1067.0000    	  1068.0000    	  6.8205187    	 0.75050109    
  1068.0000    	  1069.0000    	  5.7852089    	 0.73697462    
  1069.0000    	  1070.0000    	  6.0195587    	 0.73936668    
  1070.0000    	  1071.0000    	  6.9335595    	 0.67481305    
  1071.0000    	  1072.0000    	  5.2078366    	 0.55840958    
  1072.0000    	  1073.0000    	  5.6770196    	 0.53133650    
  1073.0000    	  1074.0000    	  5.0140105    	 0.46803191    
  1074.0000    	  1075.0000    	  4.0326820    	 0.50843264    
  1075.0000    	  1076.0000    	  3.3120521    	 0.45314802    
  1076.0000    	  1077.0000    	  2.7450659    	 0.37502445    
  1077.0000    	  1078.0000    	  2.5501347    	 0.29648125    
  1078.0000    	  1079.0000    	  6.1153906    	 0.77401504    
  1079.0000    	  1080.0000    	  6.7191688    	 0.68038418    
  1080.0000    	  1081.0000    	  6.9259138    	 0.68113899    
  1081.0000    	  1082.0000    	  6.3093593    	 0.63524808    
  1082.0000    	  1083.0000    	  6.0862231    	 0.63736349    
  1083.0000    	  1084.0000    	  5.0942282    	 0.57355682    
  1084.0000    	  1085.0000    	  4.2053549    	 0.47065238    
  1085.0000    	  1086.0000    	  4.6526620    	 0.49293988    
  1086.0000    	  1087.0000    	  3.6454113    	 0.43800868    
  1087.0000    	  1088.0000    	  3.0504196    	 0.34209486    
  1088.0000    	  1089.0000    	  3.0069497    	 0.34127859    
  1089.0000    	  1090.0000    	  5.2742130    	 0.80177635    
  1090.0000    	  1091.0000    	  7.0551701    	 0.71908797    
  1091.0000    	  1092.0000    	  6.2767337    	 0.61824304    
  1092.0000    	  1093.0000    	  6.1549955    	 0.69946622    
  1093.0000    	  1094.0000    	  5.6976356    	 0.67075015    
  1094.0000    	  1095.0000    	  6.2688915    	 0.57139232    
  1095.0000    	  1096.0000    	  4.2175202    	 0.44130960    
  1096.0000    	  1097.0000    	  3.7587640    	 0.49060601    
  1097.0000    	  1098.0000    	  3.2435823    	 0.46525811    
  1098.0000    	  1099.0000    	  3.4300658    	 0.45886982    
  1099.0000    	  1100.0000    	  2.1671123    	 0.31460294    
  1100.0000    	  1101.0000    	  6.4150151    	 0.78761021    
  1101.0000    	  1102.0000    	  4.4124094    	 0.76902841    
  1102.0000    	  1103.0000    	  6.3377280    	 0.68666848    
  1103.0000    	  1104.0000    	  6.0478276    	 0.63956427    
  1104.0000    	  1105.0000    	  5.3493313    	 0.58455617    
  1105.0000    	  1106.0000    	  4.5049439    	 0.64331329    
  1106.0000    	  1107.0000    	  4.8705675    	 0.45512974    
  1107.0000    	  1108.0000    	  3.8664824    	 0.45744618    
  1108.0000    	  1109.0000    	  3.9905213    	 0.47847037    
  1109.0000    	  1110.0000    	  2.1460366    	 0.43211960    
  1110.0000    	  1111.0000    	  2.0537395    	 0.33344350    
  1111.0000    	  1112.0000    	  5.2869341    	 0.67437342    
  1112.0000    	  1113.0000    	  6.1012913    	 0.73509861    
  1113.0000    	  1114.0000    	  6.5589811    	 0.78365407    
  1114.0000    	  1115.0000    	  7.4317921    	 0.69706926    
  1115.0000    	  1116.0000    	  4.0256479    	 0.52690488    
  1116.0000    	  1117.0000    	  4.6084085    	 0.59770718    
  1117.0000    	  1118.0000    	  4.4276075    	 0.48942996    
  1118.0000    	  1119.0000    	  4.0644817    	 0.44684171    
  1119.0000    	  1120.0000    	  3.2825471    	 0.42417498    
  1120.0000    	  1121.0000    	  3.0590456    	 0.34086423    
  1121.0000    	  1122.0000    	  2.4462350    	 0.36724546    
  1122.0000    	  1123.0000    	  6.6728084    	 0.76348870    
  1123.0000    	  1124.0000    	  6.6955693    	 0.79755269    
  1124.0000    	  1125.0000    	  5.3243571    	 0.68967216    
  1125.0000    	  1126.0000    	  5.3199165    	 0.61027811    
  1126.0000    	  1127.0000    	  6.1824190    	 0.54076693    
  1127.0000    	  1128.0000    	  5.1980833    	 0.53097758    
  1128.0000    	  1129.0000    	  4.5196021    	 0.53034167    
  1129.0000    	  1130.0000    	  4.4145484    	 0.46476886    
  1130.0000    	  1131.0000    	  3.6100894    	 0.43774512    
  1131.0000    	  1132.0000    	  2.3542835    	 0.36558825    
  1132.0000    	  1133.0000    	  2.5875769    	 0.32209138    
  1133.0000    	  1134.0000    	  6.6898738    	 0.64977635    
  1134.0000    	  1135.0000    	  5.7194923    	 0.69204722    
  1135.0000    	  1136.0000    	  7.4027257    	 0.63788001    
  1136.0000    	  1137.0000    	  5.1307849    	 0.58725112    
  1137.0000    	  1138.0000    	  5.7470992    	 0.56674735    
  1138.0000    	  1139.0000    	  4.9716251    	 0.48341510    
  1139.0000    	  1140.0000    	  5.0781161    	 0.44926402    
  1140.0000    	  1141.0000    	  3.8149490    	 0.47803047    
  1141.0000    	  1142.0000    	  2.8317460    	 0.47978340    
  1142.0000    	  1143.0000    	  2.7691378    	 0.32934681    
  1143.0000    	  1144.0000    	  2.2164922    	 0.37418324    
  1144.0000    	  1145.0000    	  5.9186811    	 0.65279032    
  1145.0000    	  1146.0000    	  5.8054655    	 0.72678092    
  1146.0000    	  1147.0000    	  5.6947759    	 0.61389949    
  1147.0000    	  1148.0000    	  5.6684512    	 0.54542851    
  1148.0000    	  1149.0000    	  4.9973498    	 0.58266420    
  1149.0000    	  1150.0000    	  4.6612735    	 0.51556570    
  1150.0000    	  1151.0000    	  3.7417091    	 0.42656566    
  1151.0000    	  1152.0000    	  3.4412053    	 0.44761036    
  1152.0000    	  1153.0000    	  2.8185902    	 0.44670444    
  1153.0000    	  1154.0000    	  2.5623376    	 0.34888459    
  1154.0000    	  1155.0000    	  2.3382755    	 0.31490709    
  1155.0000    	  1156.0000    	  6.4988381    	 0.72783092    
  1156.0000    	  1157.0000    	  7.2059253    	 0.73927817    
  1157.0000    	  1158.0000    	  5.3662511    	 0.69386794    
  1158.0000    	  1159.0000    	  5.6685948    	 0.60410840    
  1159.0000    	  1160.0000    	  4.7490499    	 0.52638543    
  1160.0000    	  1161.0000    	  5.0974197    	 0.49788438    
  1161.0000    	  1162.0000    	  4.2850102    	 0.47682113    
  1162.0000    	  1163.0000    	  3.8160475    	 0.47365025    
  1163.0000    	  1164.0000    	  3.9852414    	 0.39708025    
  1164.0000    	  1165.0000    	  2.7340484    	 0.35340358    
  1165.0000    	  1166.0000    	  2.2938240    	 0.35165880    
  1166.0000    	  1167.0000    	  6.5895508    	 0.79373531    
  1167.0000    	  1168.0000    	  4.5283910    	 0.68021547    
  1168.0000    	  1169.0000    	  4.9406746    	 0.74716408    
  1169.0000    	  1170.0000    	  5.1235242    	 0.66439025    
  1170.0000    	  1171.0000    	  6.1426146    	 0.55029137    
  1171.0000    	  1172.0000    	  4.3241580    	 0.49149587    
  1172.0000    	  1173.0000    	  4.5870130    	 0.47691834    
  1173.0000    	  1174.0000    	  2.7952971    	 0.42245617    
  1174.0000    	  1175.0000    	  3.4905385    	 0.40735260    
  1175.0000    	  1176.0000    	  2.9885169    	 0.36462741    
  1176.0000    	  1177.0000    	  2.1563449    	 0.30370384    
  1177.0000    	  1178.0000    	  4.0226593    	 0.73633301    
  1178.0000    	  1179.0000    	  5.2404373    	 0.68425730    
  1179.0000    	  1180.0000    	  4.4122391    	 0.67207283    
  1180.0000    	  1181.0000    	  4.7709205    	 0.58024021    
  1181.0000    	  1182.0000    	  4.0238830    	 0.49019633    
  1182.0000    	  1183.0000    	  4.8691247    	 0.56978269    
  1183.0000    	  1184.0000    	  3.4968360    	 0.49693885    
  1184.0000    	  1185.0000    	  3.6745978    	 0.42555853    
  1185.0000    	  1186.0000    	  2.8522894    	 0.39989506    
  1186.0000    	  1187.0000    	  1.9132005    	 0.38163327    
  1187.0000    	  1188.0000    	  2.3591817    	 0.28638641    
  1188.0000    	  1189.0000    	  5.7670224    	 0.63509422    
  1189.0000    	  1190.0000    	  4.5245353    	 0.66256302    
  1190.0000    	  1191.0000    	  6.4209607    	 0.60833583    
  1191.0000    	  1192.0000    	  4.4332802    	 0.62629445    
  1192.0000    	  1193.0000    	  4.4942177    	 0.54695836    
  1193.0000    	  1194.0000    	  4.5382138    	 0.52932328    
  1194.0000    	  1195.0000    	  3.4806065    	 0.46490842    
  1195.0000    	  1196.0000    	  3.3324487    	 0.40455659    
  1196.0000    	  1197.0000    	  3.2054806    	 0.43516518    
  1197.0000    	  1198.0000    	  2.4684963    	 0.35002539    
  1198.0000    	  1199.0000    	  2.4139112    	 0.30695775    
  1199.0000    	  1200.0000    	  5.5666287    	 0.65751015    
  1200.0000    	  1201.0000    	  6.0080959    	 0.64820928    
  1201.0000    	  1202.0000    	  5.0009042    	 0.64999479    
  1202.0000    	  1203.0000    	  5.4067015    	 0.57252979    
  1203.0000    	  1204.0000    	  5.0940833    	 0.57914358    
  1204.0000    	  1205.0000    	  3.6479739    	 0.45880226    
  1205.0000    	  1206.0000    	  3.4974632    	 0.42805439    
  1206.0000    	  1207.0000    	  3.4603426    	 0.41204606    
  1207.0000    	  1208.0000    	  2.3410396    	 0.46205659    
  1208.0000    	  1209.0000    	  3.0578730    	 0.33012565    
  1209.0000    	  1210.0000    	  2.0220217    	 0.33688803    
  1210.0000    	  1211.0000    	  6.5840883    	 0.70767222    
  1211.0000    	  1212.0000    	  5.1015060    	 0.68642263    
  1212.0000    	  1213.0000    	  5.8991539    	 0.70375363    
  1213.0000    	  1214.0000    	  4.7548474    	 0.52279069    
  1214.0000    	  1215.0000    	  4.6627822    	 0.53113250    
  1215.0000    	  1216.0000    	  4.4738901    	 0.43652454    
  1216.0000    	  1217.0000    	  4.7818611    	 0.44620425    
  1217.0000    	  1218.0000    	  3.7718118    	 0.43704828    
  1218.0000    	  1219.0000    	  2.9911500    	 0.40125559    
  1219.0000    	  1220.0000    	  2.6337940    	 0.31097811    
  1220.0000    	  1221.0000    	  2.5319906    	 0.32173428    
  1221.0000    	  1222.0000    	  4.3767207    	 0.62071758    
  1222.0000    	  1223.0000    	  5.1827785    	 0.68388855    
  1223.0000    	  1224.0000    	  4.5883633    	 0.53291621    
  1224.0000    	  1225.0000    	  4.6565567    	 0.59025352    
  1225.0000    	  1226.0000    	  4.4263757    	 0.56410187    
  1226.0000    	  1227.0000    	  4.4005878    	 0.49114965    
  1227.0000    	  1228.0000    	  3.9095405    	 0.44353601    
  1228.0000    	  1229.0000    	  3.8037257    	 0.42198165    
  1229.0000    	  1230.0000    	  2.7297845    	 0.36205336    
  1230.0000    	  1231.0000    	  2.2634953    	 0.30696749    
  1231.0000    	  1232.0000    	  2.2441136    	 0.34846284    
  1232.0000    	  1233.0000    	  5.5159137    	 0.66488579    
  1233.0000    	  1234.0000    	  5.4153531    	 0.63669531    
  1234.0000    	  1235.0000    	  5.5820320    	 0.55094435    
  1235.0000    	  1236.0000    	  5.6622123    	 0.50409772    
  1236.0000    	  1237.0000    	  4.6120198    	 0.48248343    
  1237.0000    	  1238.0000    	  4.4828102    	 0.47672713    
  1238.0000    	  1239.0000    	  4.3005249    	 0.45069926    
  1239.0000    	  1240.0000    	  3.1727639    	 0.40783748    
  1240.0000    	  1241.0000    	  2.7267743    	 0.40336423    
  1241.0000    	  1242.0000    	  2.4606967    	 0.30871006    
  1242.0000    	  1243.0000    	  1.1982958    	 0.32979251    
  1243.0000    	  1244.0000    	  4.9192792    	 0.71672745    
  1244.0000    	  1245.0000    	  4.5993356    	 0.70351588    
  1245.0000    	  1246.0000    	  5.2284505    	 0.59755334    
  1246.0000    	  1247.0000    	  4.5507016    	 0.60198807    
  1247.0000    	  1248.0000    	  3.5504927    	 0.52258495    
  1248.0000    	  1249.0000    	  4.3877780    	 0.52006688    
  1249.0000    	  1250.0000    	  2.2960605    	 0.44077298    
  1250.0000    	  1251.0000    	  2.8993264    	 0.41454817    
  1251.0000    	  1252.0000    	  2.5776192    	 0.37167777    
  1252.0000    	  1253.0000    	  2.5378298    	 0.31500953    
  1253.0000    	  1254.0000    	  1.9461358    	 0.31309039    
  1254.0000    	  1255.0000    	  5.3233319    	 0.61590889    
  1255.0000    	  1256.0000    	  4.2473011    	 0.60507734    
  1256.0000    	  1257.0000    	  3.5212583    	 0.62297217    
  1257.0000    	  1258.0000    	  4.8247504    	 0.57602665    
  1258.0000    	  1259.0000    	  4.2376427    	 0.53745261    
  1259.0000    	  1260.0000    	  3.3621461    	 0.54193219    
  1260.0000    	  1261.0000    	  4.0594253    	 0.41218097    
  1261.0000    	  1262.0000    	  3.0121466    	 0.40234642    
  1262.0000    	  1263.0000    	  3.3423256    	 0.42365036    
  1263.0000    	  1264.0000    	  1.7259061    	 0.32646073    
  1264.0000    	  1265.0000    	  1.9594698    	 0.26342365    
  1265.0000    	  1266.0000    	  5.7172954    	 0.65693642    
  1266.0000    	  1267.0000    	  5.8216006    	 0.66553273    
  1267.0000    	  1268.0000    	  4.2309899    	 0.54329134    
  1268.0000    	  1269.0000    	  4.0651689    	 0.49110363    
  1269.0000    	  1270.0000    	  3.9559392    	 0.59636612    
  1270.0000    	  1271.0000    	  3.9591286    	 0.49813254    
  1271.0000    	  1272.0000    	  4.1704399    	 0.48507377    
  1272.0000    	  1273.0000    	  3.4882736    	 0.38640257    
  1273.0000    	  1274.0000    	  2.6537079    	 0.42221266    
  1274.0000    	  1275.0000    	  2.4878942    	 0.33127289    
  1275.0000    	  1276.0000    	  1.6241724    	 0.29572040    
  1276.0000    	  1277.0000    	  4.4820010    	 0.68933889    
  1277.0000    	  1278.0000    	  4.1497685    	 0.61066534    
  1278.0000    	  1279.0000    	  4.8373694    	 0.64070854    
  1279.0000    	  1280.0000    	  4.6337237    	 0.49015385    
  1280.0000    	  1281.0000    	  4.2575324    	 0.52319780    
  1281.0000    	  1282.0000    	  3.6101327    	 0.46537649    
  1282.0000    	  1283.0000    	  3.5927555    	 0.51102565    
  1283.0000    	  1284.0000    	  2.5906597    	 0.38393056    
  1284.0000    	  1285.0000    	  2.5012762    	 0.35337209    
  1285.0000    	  1286.0000    	  2.0229993    	 0.31229482    
  1286.0000    	  1287.0000    	  1.7227421    	 0.28283792    
  1287.0000    	  1288.0000    	  4.3159896    	 0.62740846    
  1288.0000    	  1289.0000    	  3.7709090    	 0.61366644    
  1289.0000    	  1290.0000    	  4.7085847    	 0.58565482    
  1290.0000    	  1291.0000    	  4.0642372    	 0.53219348    
  1291.0000    	  1292.0000    	  3.8183540    	 0.51218728    
  1292.0000    	  1293.0000    	  3.9880454    	 0.48309622    
  1293.0000    	  1294.0000    	  2.5266453    	 0.44217180    
  1294.0000    	  1295.0000    	  2.4006916    	 0.37737640    
  1295.0000    	  1296.0000    	  2.8319216    	 0.32641873    
  1296.0000    	  1297.0000    	  2.1184967    	 0.31403555    
  1297.0000    	  1298.0000    	  1.4327143    	 0.26339654    
  1298.0000    	  1299.0000    	  6.3847271    	 0.62485186    
  1299.0000    	  1300.0000    	  3.5948617    	 0.61260808    
  1300.0000    	  1301.0000    	  4.7505173    	 0.57497315    
  1301.0000    	  1302.0000    	  4.2683466    	 0.53636885    
  1302.0000    	  1303.0000    	  3.5698255    	 0.44460030    
  1303.0000    	  1304.0000    	  3.4018583    	 0.45256177    
  1304.0000    	  1305.0000    	  4.0404218    	 0.42147461    
  1305.0000    	  1306.0000    	  3.2655674    	 0.38925218    
  1306.0000    	  1307.0000    	  2.1192285    	 0.33578389    
  1307.0000    	  1308.0000    	  2.2154979    	 0.29469887    
  1308.0000    	  1309.0000    	  1.6101780    	 0.29281361    
  1309.0000    	  1310.0000    	  4.2886059    	 0.63425443    
  1310.0000    	  1311.0000    	  4.2617895    	 0.60945679    
  1311.0000    	  1312.0000    	  3.5159099    	 0.52949079    
  1312.0000    	  1313.0000    	  3.8554922    	 0.50216416    
  1313.0000    	  1314.0000    	  4.4944897    	 0.43662313    
  1314.0000    	  1315.0000    	  3.3766362    	 0.45355146    
  1315.0000    	  1316.0000    	  2.7291671    	 0.46486496    
  1316.0000    	  1317.0000    	  2.6574377    	 0.38787106    
  1317.0000    	  1318.0000    	  3.0716106    	 0.31270759    
  1318.0000    	  1319.0000    	  1.8448197    	 0.30078472    
  1319.0000    	  1320.0000    	  1.4139585    	 0.27540520    
  1320.0000    	  1321.0000    	  4.5097382    	 0.58795233    
  1321.0000    	  1322.0000    	  4.4063917    	 0.52683782    
  1322.0000    	  1323.0000    	  5.2678276    	 0.57657123    
  1323.0000    	  1324.0000    	  4.1963629    	 0.53572763    
  1324.0000    	  1325.0000    	  3.4197754    	 0.44397715    
  1325.0000    	  1326.0000    	  3.3067218    	 0.44462269    
  1326.0000    	  1327.0000    	  2.8333127    	 0.44558146    
  1327.0000    	  1328.0000    	  3.5326781    	 0.35635028    
  1328.0000    	  1329.0000    	  2.1518484    	 0.32142255    
  1329.0000    	  1330.0000    	  2.2254577    	 0.31789225    
  1330.0000    	  1331.0000    	  1.9967622    	 0.30090093    
  1331.0000    	  1332.0000    	  4.7259435    	 0.56303460    
  1332.0000    	  1333.0000    	  4.0837718    	 0.50550937    
  1333.0000    	  1334.0000    	  4.0046393    	 0.49359136    
  1334.0000    	  1335.0000    	  4.0467289    	 0.57016496    
  1335.0000    	  1336.0000    	  4.3018997    	 0.44635892    
  1336.0000    	  1337.0000    	  3.2606470    	 0.50025271    
  1337.0000    	  1338.0000    	  3.6966661    	 0.41901736    
  1338.0000    	  1339.0000    	  2.8599510    	 0.38023016    
  1339.0000    	  1340.0000    	  2.0453578    	 0.31810689    
  1340.0000    	  1341.0000    	  2.6676620    	 0.29663287    
  1341.0000    	  1342.0000    	  1.4700769    	 0.26540853    
  1342.0000    	  1343.0000    	  3.6689199    	 0.57345066    
  1343.0000    	  1344.0000    	  3.5614694    	 0.60420602    
  1344.0000    	  1345.0000    	  4.6421394    	 0.50023535    
  1345.0000    	  1346.0000    	  4.1895576    	 0.51336088    
  1346.0000    	  1347.0000    	  3.2071744    	 0.45355662    
  1347.0000    	  1348.0000    	  3.2307785    	 0.45738088    
  1348.0000    	  1349.0000    	  3.1249211    	 0.43118188    
  1349.0000    	  1350.0000    	  2.0884996    	 0.38929028    
  1350.0000    	  1351.0000    	  2.3652333    	 0.33102191    
  1351.0000    	  1352.0000    	  2.4225973    	 0.30098511    
  1352.0000    	  1353.0000    	  1.2037569    	 0.30845222    
  1353.0000    	  1354.0000    	  4.9716537    	 0.56345800    
  1354.0000    	  1355.0000    	  3.4066271    	 0.67342086    
  1355.0000    	  1356.0000    	  4.2128951    	 0.51962567    
  1356.0000    	  1357.0000    	  3.5661284    	 0.55416514    
  1357.0000    	  1358.0000    	  3.6013545    	 0.41872949    
  1358.0000    	  1359.0000    	  3.4073396    	 0.43323969    
  1359.0000    	  1360.0000    	  2.9717991    	 0.40458885    
  1360.0000    	  1361.0000    	  2.1604122    	 0.40707388    
  1361.0000    	  1362.0000    	  2.0298001    	 0.33087276    
  1362.0000    	  1363.0000    	  1.7156517    	 0.30748581    
  1363.0000    	  1364.0000    	  1.5289771    	 0.24799699    
  1364.0000    	  1365.0000    	  4.3559134    	 0.62108522    
  1365.0000    	  1366.0000    	  4.3347999    	 0.50285380    
  1366.0000    	  1367.0000    	  3.9562333    	 0.56882138    
  1367.0000    	  1368.0000    	  3.1854867    	 0.51378134    
  1368.0000    	  1369.0000    	  4.0158593    	 0.41290504    
  1369.0000    	  1370.0000    	  3.4283260    	 0.45484362    
  1370.0000    	  1371.0000    	  2.9889389    	 0.39431831    
  1371.0000    	  1372.0000    	  2.1867580    	 0.36629281    
  1372.0000    	  1373.0000    	  2.1276869    	 0.35153276    
  1373.0000    	  1374.0000    	  1.8431015    	 0.30842123    
  1374.0000    	  1375.0000    	  1.4617187    	 0.23275767    
  1375.0000    	  1376.0000    	  4.0320782    	 0.53761557    
  1376.0000    	  1377.0000    	  4.2469853    	 0.55195946    
  1377.0000    	  1378.0000    	  3.3548448    	 0.54381343    
  1378.0000    	  1379.0000    	  4.7940845    	 0.49525633    
  1379.0000    	  1380.0000    	  3.1197975    	 0.47084738    
  1380.0000    	  1381.0000    	  3.3073649    	 0.44249725    
  1381.0000    	  1382.0000    	  3.0114098    	 0.38581223    
  1382.0000    	  1383.0000    	  2.9891690    	 0.36759810    
  1383.0000    	  1384.0000    	  2.0966143    	 0.35635307    
  1384.0000    	  1385.0000    	  2.0443082    	 0.28945404    
  1385.0000    	  1386.0000    	  1.1494938    	 0.25779992    
  1386.0000    	  1387.0000    	  3.5586637    	 0.61143565    
  1387.0000    	  1388.0000    	  4.0545163    	 0.53197941    
  1388.0000    	  1389.0000    	  4.9905502    	 0.46258997    
  1389.0000    	  1390.0000    	  3.4646052    	 0.51016254    
  1390.0000    	  1391.0000    	  3.1812235    	 0.46476678    
  1391.0000    	  1392.0000    	  3.6001963    	 0.41697120    
  1392.0000    	  1393.0000    	  3.4786405    	 0.38112529    
  1393.0000    	  1394.0000    	  2.0693969    	 0.36639848    
  1394.0000    	  1395.0000    	  2.0157882    	 0.34182552    
  1395.0000    	  1396.0000    	  1.4510891    	 0.27816949    
  1396.0000    	  1397.0000    	  1.4580764    	 0.23325293    
  1397.0000    	  1398.0000    	  2.3031428    	 0.59968798    
  1398.0000    	  1399.0000    	  3.5380484    	 0.46214704    
  1399.0000    	  1400.0000    	  2.9045616    	 0.50911452    
  1400.0000    	  1401.0000    	  3.1662428    	 0.45137519    
  1401.0000    	  1402.0000    	  3.1700798    	 0.45775700    
  1402.0000    	  1403.0000    	  2.4970966    	 0.44823629    
  1403.0000    	  1404.0000    	  2.0286252    	 0.34643724    
  1404.0000    	  1405.0000    	  2.4410018    	 0.39953431    
  1405.0000    	  1406.0000    	  2.4945644    	 0.33608867    
  1406.0000    	  1407.0000    	  2.3532849    	 0.28964828    
  1407.0000    	  1408.0000    	  1.8046269    	 0.25608602    
  1408.0000    	  1409.0000    	  4.0705150    	 0.54301565    
  1409.0000    	  1410.0000    	  3.9089242    	 0.50860603    
  1410.0000    	  1411.0000    	  3.8008350    	 0.46748120    
  1411.0000    	  1412.0000    	  4.0948890    	 0.45847330    
  1412.0000    	  1413.0000    	  3.3121373    	 0.42663549    
  1413.0000    	  1414.0000    	  2.3402776    	 0.42813163    
  1414.0000    	  1415.0000    	  2.0831090    	 0.42986880    
  1415.0000    	  1416.0000    	  2.4779801    	 0.33420872    
  1416.0000    	  1417.0000    	  2.0508844    	 0.31003841    
  1417.0000    	  1418.0000    	  1.7952240    	 0.29514040    
  1418.0000    	  1419.0000    	  1.2620634    	 0.23637632    
  1419.0000    	  1420.0000    	  4.2717942    	 0.53109873    
  1420.0000    	  1421.0000    	  4.1683618    	 0.49787145    
  1421.0000    	  1422.0000    	  3.2847673    	 0.46808035    
  1422.0000    	  1423.0000    	  2.8918576    	 0.47013572    
  1423.0000    	  1424.0000    	  4.3011251    	 0.43511159    
  1424.0000    	  1425.0000    	  2.5085292    	 0.44494294    
  1425.0000    	  1426.0000    	  2.8494610    	 0.36366888    
  1426.0000    	  1427.0000    	  2.6163945    	 0.33001592    
  1427.0000    	  1428.0000    	  1.9520670    	 0.33551400    
  1428.0000    	  1429.0000    	  1.7297432    	 0.26643329    
  1429.0000    	  1430.0000    	  1.7321397    	 0.27321451    
  1430.0000    	  1431.0000    	  3.2653577    	 0.52471063    
  1431.0000    	  1432.0000    	  3.1363621    	 0.58472013    
  1432.0000    	  1433.0000    	  3.7946284    	 0.43624329    
  1433.0000    	  1434.0000    	  3.0832965    	 0.40196048    
  1434.0000    	  1435.0000    	  3.6538626    	 0.38968692    
  1435.0000    	  1436.0000    	  3.2897786    	 0.43819367    
  1436.0000    	  1437.0000    	  2.4676181    	 0.34997887    
  1437.0000    	  1438.0000    	  1.9042769    	 0.34324513    
  1438.0000    	  1439.0000    	  2.0044858    	 0.29644415    
  1439.0000    	  1440.0000    	  1.7726440    	 0.24257799    
  1440.0000    	  1441.0000    	 0.83825884    	 0.26152025    
  1441.0000    	  1442.0000    	  2.4026638    	 0.52644788    
  1442.0000    	  1443.0000    	  3.4169775    	 0.44995439    
  1443.0000    	  1444.0000    	  3.6819881    	 0.48960262    
  1444.0000    	  1445.0000    	  3.4817314    	 0.41190385    
  1445.0000    	  1446.0000    	  2.2227487    	 0.43267632    
  1446.0000    	  1447.0000    	  2.8489423    	 0.35571070    
  1447.0000    	  1448.0000    	  2.3503537    	 0.33457043    
  1448.0000    	  1449.0000    	  2.4192000    	 0.32547170    
  1449.0000    	  1450.0000    	  2.0901872    	 0.29195164    
  1450.0000    	  1451.0000    	  1.5989572    	 0.26525847    
  1451.0000    	  1452.0000    	  1.2904042    	 0.23865439    
  1452.0000    	  1453.0000    	  4.8450013    	 0.52137627    
  1453.0000    	  1454.0000    	  3.7691381    	 0.50107579    
  1454.0000    	  1455.0000    	  2.6330892    	 0.51366979    
  1455.0000    	  1456.0000    	  2.5977590    	 0.45283559    
  1456.0000    	  1457.0000    	  2.7914106    	 0.45766231    
  1457.0000    	  1458.0000    	  2.4132814    	 0.38186867    
  1458.0000    	  1459.0000    	  2.6991091    	 0.38077779    
  1459.0000    	  1460.0000    	  2.0538392    	 0.31523137    
  1460.0000    	  1461.0000    	  1.4593018    	 0.28905967    
  1461.0000    	  1462.0000    	  1.2659011    	 0.25347749    
  1462.0000    	  1463.0000    	  1.5641672    	 0.23022172    
  1463.0000    	  1464.0000    	  4.7660736    	 0.53662870    
  1464.0000    	  1465.0000    	  2.5525269    	 0.48986626    
  1465.0000    	  1466.0000    	  3.7409171    	 0.45272121    
  1466.0000    	  1467.0000    	  3.5511333    	 0.44173641    
  1467.0000    	  1468.0000    	  3.1178607    	 0.47310148    
  1468.0000    	  1469.0000    	  2.4471910    	 0.37151085    
  1469.0000    	  1470.0000    	  2.3486332    	 0.32558716    
  1470.0000    	  1471.0000    	  1.7520631    	 0.38246985    
  1471.0000    	  1472.0000    	  1.6140431    	 0.29258708    
  1472.0000    	  1473.0000    	  1.5523839    	 0.25025943    
  1473.0000    	  1474.0000    	  1.3481667    	 0.23847813    
  1474.0000    	  1475.0000    	  3.0894519    	 0.57194807    
  1475.0000    	  1476.0000    	  3.9847131    	 0.45584779    
  1476.0000    	  1477.0000    	  2.5781516    	 0.46397751    
  1477.0000    	  1478.0000    	  2.6019283    	 0.47897494    
  1478.0000    	  1479.0000    	  2.9590463    	 0.44636571    
  1479.0000    	  1480.0000    	  2.6908690    	 0.34844586    
  1480.0000    	  1481.0000    	  2.6314830    	 0.33285420    
  1481.0000    	  1482.0000    	  2.0683309    	 0.34877238    
  1482.0000    	  1483.0000    	  2.2490537    	 0.29569654    
  1483.0000    	  1484.0000    	  1.2899305    	 0.23579006    
  1484.0000    	  1485.0000    	  1.5396840    	 0.23889709    
  1485.0000    	  1486.0000    	  3.4978804    	 0.53273013    
  1486.0000    	  1487.0000    	  3.3345069    	 0.48394513    
  1487.0000    	  1488.0000    	  3.4348742    	 0.46625661    
  1488.0000    	  1489.0000    	  3.6021100    	 0.42774929    
  1489.0000    	  1490.0000    	  2.9136305    	 0.41811384    
  1490.0000    	  1491.0000    	  2.8687810    	 0.40675523    
  1491.0000    	  1492.0000    	  2.2563661    	 0.32094896    
  1492.0000    	  1493.0000    	  2.2200650    	 0.33221172    
  1493.0000    	  1494.0000    	  1.7636360    	 0.29188235    
  1494.0000    	  1495.0000    	  1.8477300    	 0.26882432    
  1495.0000    	  1496.0000    	  1.1129748    	 0.24852960    
  1496.0000    	  1497.0000    	  3.2963021    	 0.53366675    
  1497.0000    	  1498.0000    	  3.1091824    	 0.45285768    
  1498.0000    	  1499.0000    	  2.6671216    	 0.47638300    
  1499.0000    	  1500.0000    	  2.5370503    	 0.39722395    
  1500.0000    	  1501.0000    	  2.4723155    	 0.43680012    
  1501.0000    	  1502.0000    	  2.9518361    	 0.37541897    
  1502.0000    	  1503.0000    	  1.9231034    	 0.34710591    
  1503.0000    	  1504.0000    	  2.0932428    	 0.34149404    
  1504.0000    	  1505.0000    	  1.8311800    	 0.26453243    
  1505.0000    	  1506.0000    	  1.5760274    	 0.25275282    
  1506.0000    	  1507.0000    	 0.99634024    	 0.22149150    
  1507.0000    	  1508.0000    	  3.7085122    	 0.46286420    
  1508.0000    	  1509.0000    	  2.8563291    	 0.44802819    
  1509.0000    	  1510.0000    	  2.3142575    	 0.54158908    
  1510.0000    	  1511.0000    	  2.5802745    	 0.46433927    
  1511.0000    	  1512.0000    	  2.8052534    	 0.37416260    
  1512.0000    	  1513.0000    	  2.5016311    	 0.37375571    
  1513.0000    	  1514.0000    	  1.7046249    	 0.32485962    
  1514.0000    	  1515.0000    	  1.9285118    	 0.32565272    
  1515.0000    	  1516.0000    	  1.9105327    	 0.31724894    
  1516.0000    	  1517.0000    	  1.2294172    	 0.22906368    
  1517.0000    	  1518.0000    	  1.1630480    	 0.21964447    
  1518.0000    	  1519.0000    	  2.6459997    	 0.43675968    
  1519.0000    	  1520.0000    	  3.3495972    	 0.41910105    
  1520.0000    	  1521.0000    	  2.1132518    	 0.41076385    
  1521.0000    	  1522.0000    	  3.9523438    	 0.42451089    
  1522.0000    	  1523.0000    	  2.6299544    	 0.40536216    
  1523.0000    	  1524.0000    	  1.9804360    	 0.36856751    
  1524.0000    	  1525.0000    	  2.3951664    	 0.35138146    
  1525.0000    	  1526.0000    	  2.3324938    	 0.33131282    
  1526.0000    	  1527.0000    	  1.5518342    	 0.27206362    
  1527.0000    	  1528.0000    	  1.6208289    	 0.25770299    
  1528.0000    	  1529.0000    	 0.99263344    	 0.20868301    
  1529.0000    	  1530.0000    	  3.2636667    	 0.52994425    
  1530.0000    	  1531.0000    	  4.0832735    	 0.50494997    
  1531.0000    	  1532.0000    	  2.4075730    	 0.45012970    
  1532.0000    	  1533.0000    	  2.6943234    	 0.47704690    
  1533.0000    	  1534.0000    	  3.0033317    	 0.43551915    
  1534.0000    	  1535.0000    	  2.6071255    	 0.34818788    
  1535.0000    	  1536.0000    	  1.8537077    	 0.36271053    
  1536.0000    	  1537.0000    	  1.7739203    	 0.29749336    
  1537.0000    	  1538.0000    	  1.2086485    	 0.28472722    
  1538.0000    	  1539.0000    	  1.1456364    	 0.24412502    
  1539.0000    	  1540.0000    	  1.2918573    	 0.27002549    
  1540.0000    	  1541.0000    	  2.8838115    	 0.44641812    
  1541.0000    	  1542.0000    	  2.8982150    	 0.44960070    
  1542.0000    	  1543.0000    	  2.9943218    	 0.38748807    
  1543.0000    	  1544.0000    	  2.8641097    	 0.42127757    
  1544.0000    	  1545.0000    	  2.0154660    	 0.42618835    
  1545.0000    	  1546.0000    	  2.9786274    	 0.34702731    
  1546.0000    	  1547.0000    	  2.3690978    	 0.31455257    
  1547.0000    	  1548.0000    	  1.7473920    	 0.36546622    
  1548.0000    	  1549.0000    	  1.6155099    	 0.29177953    
  1549.0000    	  1550.0000    	  1.4537360    	 0.25515449    
  1550.0000    	  1551.0000    	 0.56741799    	 0.25982647    
  1551.0000    	  1552.0000    	  3.1427070    	 0.54859302    
  1552.0000    	  1553.0000    	  2.7290025    	 0.47494253    
  1553.0000    	  1554.0000    	  3.5118071    	 0.50118535    
  1554.0000    	  1555.0000    	  2.3908820    	 0.45502772    
  1555.0000    	  1556.0000    	  2.7565545    	 0.40903312    
  1556.0000    	  1557.0000    	  1.9729947    	 0.33989100    
  1557.0000    	  1558.0000    	  1.7898259    	 0.27806809    
  1558.0000    	  1559.0000    	  1.5282391    	 0.32305782    
  1559.0000    	  1560.0000    	  1.1710265    	 0.24685352    
  1560.0000    	  1561.0000    	  1.2079171    	 0.24570317    
  1561.0000    	  1562.0000    	  1.3676327    	 0.19861761    
  1562.0000    	  1563.0000    	  3.5383715    	 0.44957626    
  1563.0000    	  1564.0000    	  3.3555829    	 0.44974673    
  1564.0000    	  1565.0000    	  3.0958301    	 0.40027967    
  1565.0000    	  1566.0000    	  3.0352005    	 0.41745697    
  1566.0000    	  1567.0000    	  3.1779722    	 0.41370704    
  1567.0000    	  1568.0000    	  2.6494749    	 0.37473040    
  1568.0000    	  1569.0000    	  2.5679654    	 0.35657318    
  1569.0000    	  1570.0000    	  1.5794255    	 0.31869060    
  1570.0000    	  1571.0000    	  1.4243456    	 0.25390661    
  1571.0000    	  1572.0000    	  1.0613680    	 0.24275201    
  1572.0000    	  1573.0000    	 0.66977541    	 0.19297778    
  1573.0000    	  1574.0000    	  3.2255697    	 0.44572050    
  1574.0000    	  1575.0000    	  2.5130110    	 0.45683688    
  1575.0000    	  1576.0000    	  2.9768521    	 0.39863578    
  1576.0000    	  1577.0000    	  3.4589462    	 0.44758941    
  1577.0000    	  1578.0000    	  2.9411751    	 0.41493965    
  1578.0000    	  1579.0000    	  1.8811900    	 0.35667604    
  1579.0000    	  1580.0000    	  2.1307754    	 0.33926382    
  1580.0000    	  1581.0000    	  1.9749846    	 0.31806452    
  1581.0000    	  1582.0000    	  1.8264866    	 0.27067133    
  1582.0000    	  1583.0000    	 0.79921122    	 0.19466459    
  1583.0000    	  1584.0000    	 0.99563514    	 0.19331782    
  1584.0000    	  1585.0000    	  3.3665304    	 0.44399823    
  1585.0000    	  1586.0000    	  2.8222106    	 0.43427103    
  1586.0000    	  1587.0000    	  2.1199412    	 0.38391438    
  1587.0000    	  1588.0000    	  2.6022230    	 0.41338340    
  1588.0000    	  1589.0000    	  2.1456359    	 0.37586588    
  1589.0000    	  1590.0000    	  2.6909222    	 0.37271679    
  1590.0000    	  1591.0000    	  1.8573832    	 0.33885122    
  1591.0000    	  1592.0000    	  1.7393551    	 0.32856777    
  1592.0000    	  1593.0000    	  1.2135491    	 0.29760974    
  1593.0000    	  1594.0000    	  1.3824247    	 0.23910403    
  1594.0000    	  1595.0000    	  1.1681826    	 0.18589392    
  1595.0000    	  1596.0000    	  2.9430575    	 0.46283720    
  1596.0000    	  1597.0000    	  2.1485196    	 0.46289932    
  1597.0000    	  1598.0000    	  2.6362905    	 0.39204205    
  1598.0000    	  1599.0000    	  2.6076010    	 0.36188866    
  1599.0000    	  1600.0000    	  2.1348479    	 0.40227305    
  1600.0000    	  1601.0000    	  1.8342390    	 0.35761041    
  1601.0000    	  1602.0000    	  1.5764308    	 0.32300703    
  1602.0000    	  1603.0000    	  1.8564062    	 0.27776134    
  1603.0000    	  1604.0000    	  1.6707626    	 0.28006650    
  1604.0000    	  1605.0000    	  1.1760019    	 0.21782430    
  1605.0000    	  1606.0000    	 0.87073256    	 0.22785160    
  1606.0000    	  1607.0000    	  3.4922472    	 0.43693695    
  1607.0000    	  1608.0000    	  2.5501583    	 0.43263697    
  1608.0000    	  1609.0000    	  3.2524513    	 0.40822154    
  1609.0000    	  1610.0000    	  2.4903799    	 0.38694127    
  1610.0000    	  1611.0000    	  2.2667897    	 0.34913482    
  1611.0000    	  1612.0000    	  2.1773840    	 0.36838358    
  1612.0000    	  1613.0000    	  2.0822100    	 0.30771011    
  1613.0000    	  1614.0000    	  2.1420559    	 0.28052955    
  1614.0000    	  1615.0000    	 0.98039247    	 0.27067351    
  1615.0000    	  1616.0000    	 0.96302935    	 0.20880165    
  1616.0000    	  1617.0000    	 0.98416400    	 0.18986859    
  1617.0000    	  1618.0000    	  2.8956389    	 0.42476700    
  1618.0000    	  1619.0000    	  2.2217968    	 0.43570004    
  1619.0000    	  1620.0000    	  2.6083402    	 0.41307224    
  1620.0000    	  1621.0000    	  1.6797558    	 0.40107072    
  1621.0000    	  1622.0000    	  2.6839616    	 0.35993793    
  1622.0000    	  1623.0000    	  2.3206301    	 0.32172725    
  1623.0000    	  1624.0000    	  1.5745851    	 0.35527128    
  1624.0000    	  1625.0000    	  1.3605278    	 0.26676018    
  1625.0000    	  1626.0000    	  1.3379954    	 0.21287905    
  1626.0000    	  1627.0000    	  1.4022794    	 0.24545741    
  1627.0000    	  1628.0000    	 0.99630271    	 0.18866636    
  1628.0000    	  1629.0000    	  2.1278912    	 0.43135023    
  1629.0000    	  1630.0000    	  1.6471420    	 0.46173850    
  1630.0000    	  1631.0000    	  2.6487393    	 0.40296525    
  1631.0000    	  1632.0000    	  2.2136432    	 0.36630959    
  1632.0000    	  1633.0000    	  1.9694359    	 0.31502406    
  1633.0000    	  1634.0000    	  2.2993735    	 0.35256557    
  1634.0000    	  1635.0000    	  2.0327848    	 0.30356218    
  1635.0000    	  1636.0000    	  1.4876289    	 0.27612387    
  1636.0000    	  1637.0000    	  1.7430520    	 0.22582770    
  1637.0000    	  1638.0000    	  1.1843311    	 0.20016236    
  1638.0000    	  1639.0000    	 0.89484368    	 0.18056202    
  1639.0000    	  1640.0000    	  2.5379808    	 0.42631177    
  1640.0000    	  1641.0000    	  2.6953882    	 0.42278020    
  1641.0000    	  1642.0000    	  2.3517039    	 0.32032402    
  1642.0000    	  1643.0000    	  2.9693699    	 0.36496479    
  1643.0000    	  1644.0000    	  2.6696823    	 0.34395454    
  1644.0000    	  1645.0000    	  1.9121481    	 0.30228671    
  1645.0000    	  1646.0000    	  1.7920586    	 0.28272380    
  1646.0000    	  1647.0000    	  1.3441531    	 0.25575130    
  1647.0000    	  1648.0000    	  1.2522628    	 0.21121593    
  1648.0000    	  1649.0000    	  1.2762466    	 0.21566087    
  1649.0000    	  1650.0000    	 0.61506702    	 0.18991566    
  1650.0000    	  1651.0000    	  2.2210468    	 0.40529873    
  1651.0000    	  1652.0000    	  2.0915446    	 0.42055501    
  1652.0000    	  1653.0000    	  2.4266542    	 0.33640731    
  1653.0000    	  1654.0000    	  2.0950079    	 0.39374694    
  1654.0000    	  1655.0000    	  2.3266547    	 0.34956848    
  1655.0000    	  1656.0000    	  2.0233882    	 0.30035750    
  1656.0000    	  1657.0000    	  1.8698826    	 0.29361106    
  1657.0000    	  1658.0000    	  1.9491510    	 0.27640838    
  1658.0000    	  1659.0000    	  1.0337649    	 0.25792219    
  1659.0000    	  1660.0000    	 0.90664294    	 0.21918361    
  1660.0000    	  1661.0000    	 0.96619408    	 0.16244290    
  1661.0000    	  1662.0000    	  2.7630491    	 0.39198136    
  1662.0000    	  1663.0000    	  1.8449308    	 0.36931109    
  1663.0000    	  1664.0000    	  2.3977106    	 0.41291158    
  1664.0000    	  1665.0000    	  2.3507239    	 0.38272663    
  1665.0000    	  1666.0000    	  2.1445070    	 0.32082098    
  1666.0000    	  1667.0000    	  2.0513423    	 0.33984646    
  1667.0000    	  1668.0000    	  1.0716077    	 0.35142852    
  1668.0000    	  1669.0000    	  1.4368123    	 0.23929951    
  1669.0000    	  1670.0000    	  1.1444268    	 0.24218230    
  1670.0000    	  1671.0000    	 0.84410724    	 0.21914540    
  1671.0000    	  1672.0000    	 0.74983383    	 0.16266737    
  1672.0000    	  1673.0000    	  2.5797201    	 0.43323267    
  1673.0000    	  1674.0000    	  2.5432228    	 0.45406362    
  1674.0000    	  1675.0000    	  2.1947903    	 0.38767051    
  1675.0000    	  1676.0000    	  2.1223826    	 0.34757612    
  1676.0000    	  1677.0000    	  1.2707741    	 0.37570403    
  1677.0000    	  1678.0000    	  2.2124527    	 0.35943789    
  1678.0000    	  1679.0000    	  1.6077088    	 0.27594792    
  1679.0000    	  1680.0000    	  1.6938687    	 0.25686284    
  1680.0000    	  1681.0000    	  1.5705047    	 0.21469036    
  1681.0000    	  1682.0000    	 0.97550313    	 0.21676822    
  1682.0000    	  1683.0000    	  1.0784398    	 0.20004987    
  1683.0000    	  1684.0000    	  2.5015721    	 0.40736973    
  1684.0000    	  1685.0000    	  2.5095130    	 0.40143748    
  1685.0000    	  1686.0000    	  2.4245724    	 0.34510435    
  1686.0000    	  1687.0000    	  2.2783527    	 0.37581387    
  1687.0000    	  1688.0000    	  2.0331893    	 0.34790532    
  1688.0000    	  1689.0000    	  1.9114814    	 0.37601461    
  1689.0000    	  1690.0000    	  1.4914710    	 0.29895660    
  1690.0000    	  1691.0000    	  1.4265084    	 0.23245492    
  1691.0000    	  1692.0000    	 0.94957365    	 0.25539536    
  1692.0000    	  1693.0000    	  1.3532220    	 0.21137218    
  1693.0000    	  1694.0000    	 0.83971263    	 0.18408667    
  1694.0000    	  1695.0000    	  2.3608919    	 0.39271455    
  1695.0000    	  1696.0000    	  2.7058258    	 0.34082503    
  1696.0000    	  1697.0000    	  2.4846198    	 0.35732777    
  1697.0000    	  1698.0000    	  1.8699583    	 0.35635043    
  1698.0000    	  1699.0000    	  2.2815927    	 0.37038680    
  1699.0000    	  1700.0000    	  1.3771883    	 0.27612883    
  1700.0000    	  1701.0000    	  1.6696378    	 0.27957032    
  1701.0000    	  1702.0000    	  1.1920132    	 0.24377036    
  1702.0000    	  1703.0000    	  1.2214551    	 0.27035756    
  1703.0000    	  1704.0000    	 0.96067758    	 0.18320346    
  1704.0000    	  1705.0000    	 0.73378559    	 0.15307400    
  1705.0000    	  1706.0000    	  1.5545342    	 0.35366189    
  1706.0000    	  1707.0000    	  2.5907168    	 0.38634863    
  1707.0000    	  1708.0000    	  2.9880349    	 0.41475488    
  1708.0000    	  1709.0000    	  1.6842672    	 0.32622061    
  1709.0000    	  1710.0000    	  1.4898094    	 0.34860092    
  1710.0000    	  1711.0000    	  2.0884159    	 0.29977460    
  1711.0000    	  1712.0000    	  1.7026888    	 0.28734751    
  1712.0000    	  1713.0000    	  1.5098370    	 0.25832689    
  1713.0000    	  1714.0000    	  1.1274215    	 0.21915292    
  1714.0000    	  1715.0000    	  1.1983527    	 0.18029677    
  1715.0000    	  1716.0000    	 0.72957287    	 0.15931754    
  1716.0000    	  1717.0000    	  2.8262949    	 0.34313778    
  1717.0000    	  1718.0000    	  2.3293236    	 0.38368669    
  1718.0000    	  1719.0000    	  1.9329678    	 0.31072996    
  1719.0000    	  1720.0000    	  1.9097182    	 0.31507391    
  1720.0000    	  1721.0000    	  1.9724832    	 0.30083172    
  1721.0000    	  1722.0000    	  1.4634331    	 0.28281595    
  1722.0000    	  1723.0000    	  1.5744866    	 0.29898058    
  1723.0000    	  1724.0000    	 0.99682525    	 0.25278479    
  1724.0000    	  1725.0000    	  1.1905361    	 0.20833690    
  1725.0000    	  1726.0000    	 0.85904292    	 0.18580028    
  1726.0000    	  1727.0000    	 0.68501387    	 0.16812032    
  1727.0000    	  1728.0000    	  2.9214809    	 0.39108515    
  1728.0000    	  1729.0000    	  2.5342481    	 0.35163533    
  1729.0000    	  1730.0000    	  1.6982172    	 0.34401535    
  1730.0000    	  1731.0000    	  2.1064382    	 0.25901219    
  1731.0000    	  1732.0000    	  1.7721858    	 0.31190027    
  1732.0000    	  1733.0000    	  1.3423816    	 0.28492534    
  1733.0000    	  1734.0000    	  1.4270612    	 0.23809538    
  1734.0000    	  1735.0000    	  1.1301459    	 0.25427322    
  1735.0000    	  1736.0000    	 0.52931127    	 0.23053899    
  1736.0000    	  1737.0000    	 0.93820748    	 0.20427804    
  1737.0000    	  1738.0000    	 0.72043399    	 0.15164012    
  1738.0000    	  1739.0000    	  2.0913439    	 0.40064351    
  1739.0000    	  1740.0000    	  2.3469172    	 0.30468771    
  1740.0000    	  1741.0000    	  1.8696845    	 0.36907764    
  1741.0000    	  1742.0000    	  2.6361396    	 0.32371530    
  1742.0000    	  1743.0000    	  1.8067441    	 0.31343949    
  1743.0000    	  1744.0000    	  1.7080062    	 0.30244857    
  1744.0000    	  1745.0000    	  1.7471456    	 0.30009666    
  1745.0000    	  1746.0000    	  1.8279714    	 0.19830641    
  1746.0000    	  1747.0000    	  1.1969669    	 0.19267094    
  1747.0000    	  1748.0000    	 0.99184280    	 0.21028302    
  1748.0000    	  1749.0000    	 0.87372418    	 0.15696084    
  1749.0000    	  1750.0000    	  2.2782662    	 0.37003379    
  1750.0000    	  1751.0000    	  2.5009538    	 0.31789196    
  1751.0000    	  1752.0000    	  1.6627517    	 0.35417536    
  1752.0000    	  1753.0000    	  2.3340811    	 0.33974309    
  1753.0000    	  1754.0000    	  2.1436365    	 0.34715423    
  1754.0000    	  1755.0000    	  1.1592953    	 0.28394680    
  1755.0000    	  1756.0000    	  1.0994694    	 0.25522139    
  1756.0000    	  1757.0000    	  1.1864306    	 0.23757974    
  1757.0000    	  1758.0000    	  1.3597811    	 0.22697782    
  1758.0000    	  1759.0000    	 0.46373820    	 0.18173686    
  1759.0000    	  1760.0000    	 0.88342616    	 0.16279691    
  1760.0000    	  1761.0000    	  1.7535237    	 0.34959128    
  1761.0000    	  1762.0000    	  2.1257050    	 0.41539583    
  1762.0000    	  1763.0000    	  1.9475854    	 0.29674359    
  1763.0000    	  1764.0000    	  1.6122099    	 0.28878669    
  1764.0000    	  1765.0000    	  1.6072729    	 0.29325376    
  1765.0000    	  1766.0000    	  1.5529735    	 0.27963727    
  1766.0000    	  1767.0000    	  1.7247128    	 0.27624194    
  1767.0000    	  1768.0000    	  1.0399153    	 0.26727972    
  1768.0000    	  1769.0000    	  1.1426730    	 0.22813076    
  1769.0000    	  1770.0000    	 0.54029441    	 0.19940551    
  1770.0000    	  1771.0000    	 0.82250614    	 0.16585216    
  1771.0000    	  1772.0000    	  1.9421200    	 0.32845904    
  1772.0000    	  1773.0000    	  1.5654295    	 0.40909780    
  1773.0000    	  1774.0000    	  1.8275848    	 0.36524420    
  1774.0000    	  1775.0000    	  1.6690363    	 0.33715656    
  1775.0000    	  1776.0000    	  1.7078869    	 0.27785142    
  1776.0000    	  1777.0000    	  1.9193806    	 0.27493555    
  1777.0000    	  1778.0000    	  1.1894614    	 0.27070939    
  1778.0000    	  1779.0000    	 0.81360435    	 0.23458830    
  1779.0000    	  1780.0000    	 0.87753850    	 0.20131448    
  1780.0000    	  1781.0000    	 0.90108318    	 0.19034295    
  1781.0000    	  1782.0000    	 0.41677173    	 0.15230594    
  1782.0000    	  1783.0000    	  2.4378748    	 0.32368432    
  1783.0000    	  1784.0000    	  1.9721468    	 0.30151923    
  1784.0000    	  1785.0000    	  2.0777946    	 0.35156898    
  1785.0000    	  1786.0000    	  1.7367924    	 0.33198706    
  1786.0000    	  1787.0000    	  1.2957294    	 0.30612306    
  1787.0000    	  1788.0000    	  1.5035817    	 0.28641698    
  1788.0000    	  1789.0000    	  1.6878610    	 0.22776888    
  1789.0000    	  1790.0000    	  1.9123500    	 0.21176916    
  1790.0000    	  1791.0000    	 0.75408943    	 0.21162152    
  1791.0000    	  1792.0000    	 0.72947764    	 0.16695910    
  1792.0000    	  1793.0000    	 0.83691832    	 0.14338970    
  1793.0000    	  1794.0000    	  1.8220323    	 0.40507992    
  1794.0000    	  1795.0000    	  1.8243675    	 0.33315510    
  1795.0000    	  1796.0000    	  2.2632269    	 0.32370566    
  1796.0000    	  1797.0000    	  2.1360967    	 0.29638882    
  1797.0000    	  1798.0000    	  1.6207891    	 0.29005339    
  1798.0000    	  1799.0000    	  1.8279020    	 0.30627505    
  1799.0000    	  1800.0000    	  1.5894095    	 0.22555936    
  1800.0000    	  1801.0000    	  1.1473269    	 0.22141348    
  1801.0000    	  1802.0000    	  1.0567164    	 0.20241980    
  1802.0000    	  1803.0000    	 0.97554177    	 0.14945093    
  1803.0000    	  1804.0000    	 0.69375700    	 0.15180987    
  1804.0000    	  1805.0000    	  1.2941610    	 0.33661999    
  1805.0000    	  1806.0000    	  1.9401180    	 0.35731482    
  1806.0000    	  1807.0000    	  1.9035044    	 0.28367076    
  1807.0000    	  1808.0000    	  1.8175151    	 0.28433738    
  1808.0000    	  1809.0000    	  1.8524102    	 0.28456787    
  1809.0000    	  1810.0000    	  1.4098557    	 0.25750144    
  1810.0000    	  1811.0000    	  1.3941384    	 0.24694683    
  1811.0000    	  1812.0000    	  1.2621090    	 0.25329874    
  1812.0000    	  1813.0000    	  1.2453853    	 0.18727326    
  1813.0000    	  1814.0000    	 0.96462149    	 0.16307113    
  1814.0000    	  1815.0000    	 0.46587684    	 0.15829208    
  1815.0000    	  1816.0000    	  2.4868948    	 0.34209359    
  1816.0000    	  1817.0000    	  1.8912777    	 0.32199588    
  1817.0000    	  1818.0000    	  2.1683832    	 0.32175792    
  1818.0000    	  1819.0000    	  1.6421739    	 0.26071712    
  1819.0000    	  1820.0000    	  1.4852463    	 0.26627295    
  1820.0000    	  1821.0000    	  1.7295379    	 0.26335483    
  1821.0000    	  1822.0000    	  1.0944686    	 0.22692384    
  1822.0000    	  1823.0000    	 0.96555783    	 0.22615172    
  1823.0000    	  1824.0000    	  1.2443777    	 0.19955191    
  1824.0000    	  1825.0000    	 0.94013765    	 0.18705104    
  1825.0000    	  1826.0000    	 0.36032833    	 0.12476741    
  1826.0000    	  1827.0000    	  1.5998682    	 0.38347026    
  1827.0000    	  1828.0000    	  1.9632766    	 0.30698677    
  1828.0000    	  1829.0000    	  1.6124799    	 0.30591307    
  1829.0000    	  1830.0000    	  1.7161649    	 0.30536732    
  1830.0000    	  1831.0000    	  1.5689470    	 0.24648461    
  1831.0000    	  1832.0000    	  1.4661463    	 0.26406666    
  1832.0000    	  1833.0000    	  1.3253866    	 0.23257177    
  1833.0000    	  1834.0000    	  1.0298010    	 0.20625932    
  1834.0000    	  1835.0000    	 0.72264648    	 0.18292129    
  1835.0000    	  1836.0000    	 0.82415634    	 0.16980881    
  1836.0000    	  1837.0000    	 0.66993050    	 0.13346593    
  1837.0000    	  1838.0000    	  2.1365376    	 0.34730837    
  1838.0000    	  1839.0000    	  1.4581465    	 0.32924100    
  1839.0000    	  1840.0000    	  1.5882431    	 0.32810509    
  1840.0000    	  1841.0000    	  1.7760539    	 0.32692716    
  1841.0000    	  1842.0000    	  1.9633199    	 0.30271355    
  1842.0000    	  1843.0000    	  1.1717975    	 0.25946649    
  1843.0000    	  1844.0000    	  1.6280328    	 0.23443977    
  1844.0000    	  1845.0000    	  1.3889504    	 0.20441857    
  1845.0000    	  1846.0000    	  1.3009398    	 0.18395884    
  1846.0000    	  1847.0000    	 0.81275173    	 0.17575226    
  1847.0000    	  1848.0000    	 0.58413057    	 0.11893867    
  1848.0000    	  1849.0000    	  1.9868343    	 0.31346695    
  1849.0000    	  1850.0000    	  2.0311715    	 0.35167315    
  1850.0000    	  1851.0000    	  2.1359961    	 0.30713424    
  1851.0000    	  1852.0000    	 0.95639231    	 0.32894737    
  1852.0000    	  1853.0000    	  1.6101245    	 0.24455165    
  1853.0000    	  1854.0000    	  1.7175259    	 0.24506760    
  1854.0000    	  1855.0000    	  1.4478526    	 0.20940385    
  1855.0000    	  1856.0000    	 0.87949180    	 0.22033152    
  1856.0000    	  1857.0000    	 0.77961292    	 0.20987768    
  1857.0000    	  1858.0000    	 0.77765545    	 0.15994722    
  1858.0000    	  1859.0000    	 0.53301456    	 0.13008424    
  1859.0000    	  1860.0000    	  1.0768908    	 0.33522860    
  1860.0000    	  1861.0000    	  2.0285450    	 0.31260645    
  1861.0000    	  1862.0000    	  1.4197063    	 0.26801554    
  1862.0000    	  1863.0000    	  1.4779442    	 0.26765333    
  1863.0000    	  1864.0000    	  1.5045642    	 0.25360355    
  1864.0000    	  1865.0000    	  1.4476342    	 0.25271368    
  1865.0000    	  1866.0000    	  1.5369520    	 0.23028142    
  1866.0000    	  1867.0000    	  1.2385141    	 0.19875902    
  1867.0000    	  1868.0000    	 0.75363518    	 0.17430542    
  1868.0000    	  1869.0000    	  1.1048619    	 0.15617514    
  1869.0000    	  1870.0000    	 0.50054581    	 0.10580113    
  1870.0000    	  1871.0000    	  2.3208033    	 0.32609761    
  1871.0000    	  1872.0000    	  1.8350798    	 0.31399769    
  1872.0000    	  1873.0000    	  1.4752001    	 0.28054992    
  1873.0000    	  1874.0000    	  1.2240162    	 0.34874817    
  1874.0000    	  1875.0000    	  1.6751602    	 0.25536461    
  1875.0000    	  1876.0000    	  1.6098479    	 0.26840343    
  1876.0000    	  1877.0000    	 0.92034650    	 0.24488022    
  1877.0000    	  1878.0000    	 0.68775135    	 0.19748044    
  1878.0000    	  1879.0000    	  1.0021645    	 0.20686960    
  1879.0000    	  1880.0000    	 0.61070081    	 0.15823252    
  1880.0000    	  1881.0000    	 0.16241018    	 0.11044540    
  1881.0000    	  1882.0000    	  1.3214080    	 0.30632162    
  1882.0000    	  1883.0000    	  1.9883254    	 0.32109529    
  1883.0000    	  1884.0000    	  2.0369391    	 0.29464628    
  1884.0000    	  1885.0000    	  1.7366628    	 0.33961870    
  1885.0000    	  1886.0000    	  1.4190966    	 0.24067949    
  1886.0000    	  1887.0000    	  1.4741902    	 0.23885969    
  1887.0000    	  1888.0000    	  1.1995454    	 0.24864941    
  1888.0000    	  1889.0000    	  1.5266480    	 0.21880188    
  1889.0000    	  1890.0000    	 0.46039468    	 0.17929903    
  1890.0000    	  1891.0000    	 0.66862361    	 0.16300001    
  1891.0000    	  1892.0000    	 0.58722128    	 0.12075512    
  1892.0000    	  1893.0000    	  1.5944304    	 0.35545691    
  1893.0000    	  1894.0000    	  1.5234351    	 0.28664471    
  1894.0000    	  1895.0000    	  1.1000740    	 0.34835116    
  1895.0000    	  1896.0000    	  1.5295790    	 0.33338656    
  1896.0000    	  1897.0000    	  1.4319047    	 0.27813130    
  1897.0000    	  1898.0000    	  1.5681189    	 0.27872631    
  1898.0000    	  1899.0000    	  1.1876506    	 0.19363205    
  1899.0000    	  1900.0000    	  1.0367895    	 0.20325954    
  1900.0000    	  1901.0000    	  1.0939641    	 0.16123948    
  1901.0000    	  1902.0000    	 0.68756997    	 0.15283889    
  1902.0000    	  1903.0000    	 0.49160251    	 0.12146702    
  1903.0000    	  1904.0000    	  1.2695024    	 0.35376739    
  1904.0000    	  1905.0000    	  1.4196092    	 0.31606322    
  1905.0000    	  1906.0000    	  1.5876335    	 0.33645976    
  1906.0000    	  1907.0000    	  1.6483554    	 0.26187993    
  1907.0000    	  1908.0000    	  1.1448325    	 0.26654397    
  1908.0000    	  1909.0000    	 0.98360702    	 0.23584029    
  1909.0000    	  1910.0000    	  1.1430451    	 0.21763432    
  1910.0000    	  1911.0000    	 0.67261354    	 0.21468359    
  1911.0000    	  1912.0000    	  1.2124537    	 0.17476998    
  1912.0000    	  1913.0000    	 0.63088072    	 0.13918843    
  1913.0000    	  1914.0000    	 0.37564808    	 0.12160261    
  1914.0000    	  1915.0000    	  2.0412979    	 0.31061250    
  1915.0000    	  1916.0000    	  1.7302065    	 0.29882598    
  1916.0000    	  1917.0000    	  1.2516324    	 0.26752336    
  1917.0000    	  1918.0000    	  1.8768884    	 0.25919276    
  1918.0000    	  1919.0000    	  1.5579239    	 0.29814642    
  1919.0000    	  1920.0000    	  1.1952055    	 0.20357186    
  1920.0000    	  1921.0000    	  1.3064810    	 0.19439340    
  1921.0000    	  1922.0000    	 0.86851504    	 0.18873946    
  1922.0000    	  1923.0000    	 0.70288101    	 0.15359320    
  1923.0000    	  1924.0000    	 0.61874147    	 0.14752869    
  1924.0000    	  1925.0000    	 0.59574543    	 0.11958480    
  1925.0000    	  1926.0000    	  1.8606737    	 0.26294328    
  1926.0000    	  1927.0000    	  1.8067093    	 0.31807010    
  1927.0000    	  1928.0000    	  1.5338590    	 0.25600117    
  1928.0000    	  1929.0000    	  1.4623631    	 0.31173144    
  1929.0000    	  1930.0000    	  1.5116410    	 0.22523413    
  1930.0000    	  1931.0000    	  1.4178302    	 0.20152761    
  1931.0000    	  1932.0000    	 0.63626495    	 0.18633552    
  1932.0000    	  1933.0000    	  1.2508136    	 0.19175429    
  1933.0000    	  1934.0000    	 0.85954718    	 0.15854964    
  1934.0000    	  1935.0000    	 0.72935130    	 0.16391723    
  1935.0000    	  1936.0000    	 0.34417831    	 0.11330124    
  1936.0000    	  1937.0000    	  1.7325612    	 0.29518872    
  1937.0000    	  1938.0000    	  1.2806607    	 0.30168533    
  1938.0000    	  1939.0000    	  1.3125143    	 0.23016058    
  1939.0000    	  1940.0000    	  1.2116698    	 0.26385093    
  1940.0000    	  1941.0000    	  1.3589126    	 0.23289744    
  1941.0000    	  1942.0000    	  1.2801624    	 0.20902906    
  1942.0000    	  1943.0000    	  1.2410060    	 0.18715453    
  1943.0000    	  1944.0000    	  1.0942440    	 0.22848519    
  1944.0000    	  1945.0000    	 0.47761131    	 0.17426444    
  1945.0000    	  1946.0000    	 0.79995543    	 0.13536141    
  1946.0000    	  1947.0000    	 0.57667483    	 0.12713481    
  1947.0000    	  1948.0000    	  1.4406072    	 0.31693390    
  1948.0000    	  1949.0000    	  1.4540843    	 0.28343012    
  1949.0000    	  1950.0000    	  1.8218259    	 0.25275843    
  1950.0000    	  1951.0000    	  1.8083969    	 0.21990245    
  1951.0000    	  1952.0000    	  1.2817375    	 0.24103070    
  1952.0000    	  1953.0000    	  1.4533305    	 0.28826704    
  1953.0000    	  1954.0000    	  1.2734191    	 0.19331171    
  1954.0000    	  1955.0000    	 0.72696920    	 0.21591879    
  1955.0000    	  1956.0000    	 0.79245703    	 0.15884026    
  1956.0000    	  1957.0000    	 0.37066511    	 0.14024015    
  1957.0000    	  1958.0000    	 0.72160633    	 0.12435704    
  1958.0000    	  1959.0000    	  1.1065369    	 0.33850522    
  1959.0000    	  1960.0000    	  1.2183415    	 0.28588122    
  1960.0000    	  1961.0000    	  1.7374017    	 0.25387501    
  1961.0000    	  1962.0000    	  1.5063478    	 0.24170667    
  1962.0000    	  1963.0000    	  1.6303930    	 0.20894210    
  1963.0000    	  1964.0000    	  1.1027416    	 0.20480600    
  1964.0000    	  1965.0000    	  1.2148337    	 0.20369603    
  1965.0000    	  1966.0000    	  1.0525355    	 0.17438402    
  1966.0000    	  1967.0000    	 0.89488196    	 0.16002783    
  1967.0000    	  1968.0000    	 0.67919948    	 0.14060939    
  1968.0000    	  1969.0000    	 0.52073302    	 0.11866370    
  1969.0000    	  1970.0000    	  1.5337650    	 0.30613655    
  1970.0000    	  1971.0000    	  1.7658555    	 0.25214908    
  1971.0000    	  1972.0000    	  1.5619595    	 0.29339784    
  1972.0000    	  1973.0000    	  1.5642519    	 0.24997690    
  1973.0000    	  1974.0000    	  1.6409729    	 0.22132220    
  1974.0000    	  1975.0000    	  1.1815998    	 0.20773551    
  1975.0000    	  1976.0000    	  1.1026535    	 0.20198257    
  1976.0000    	  1977.0000    	 0.95726125    	 0.19086869    
  1977.0000    	  1978.0000    	 0.62269223    	 0.16142918    
  1978.0000    	  1979.0000    	 0.82599546    	 0.14326067    
  1979.0000    	  1980.0000    	 0.33227283    	 0.10186700    
  1980.0000    	  1981.0000    	  1.7501103    	 0.31164515    
  1981.0000    	  1982.0000    	  1.6753356    	 0.23985154    
  1982.0000    	  1983.0000    	  1.0782177    	 0.27689320    
  1983.0000    	  1984.0000    	  1.3062153    	 0.24201103    
  1984.0000    	  1985.0000    	  1.6977453    	 0.20606964    
  1985.0000    	  1986.0000    	  1.2967418    	 0.20249820    
  1986.0000    	  1987.0000    	  1.3087961    	 0.16636294    
  1987.0000    	  1988.0000    	 0.97714436    	 0.19853593    
  1988.0000    	  1989.0000    	 0.74567879    	 0.16272709    
  1989.0000    	  1990.0000    	 0.49277757    	 0.12771248    
  1990.0000    	  1991.0000    	 0.51537055    	 0.13052891    
  1991.0000    	  1992.0000    	  1.1085265    	 0.23923755    
  1992.0000    	  1993.0000    	  1.5372974    	 0.25577419    
  1993.0000    	  1994.0000    	  1.2060174    	 0.29683160    
  1994.0000    	  1995.0000    	  1.1903312    	 0.26089921    
  1995.0000    	  1996.0000    	  1.1661191    	 0.21230461    
  1996.0000    	  1997.0000    	  1.2448635    	 0.19109628    
  1997.0000    	  1998.0000    	  1.0880709    	 0.21848282    
  1998.0000    	  1999.0000    	 0.77506598    	 0.19125529    
  1999.0000    	  2000.0000    	 0.62012344    	 0.15395787    
  2000.0000    	  2001.0000    	 0.79765716    	 0.13398619    
  2001.0000    	  2002.0000    	 0.30076765    	 0.11638928    
  2002.0000    	  2003.0000    	  1.2282768    	 0.24575673    
  2003.0000    	  2004.0000    	  1.5041594    	 0.27024563    
  2004.0000    	  2005.0000    	  1.8952403    	 0.26342210    
  2005.0000    	  2006.0000    	  1.3499081    	 0.21718706    
  2006.0000    	  2007.0000    	  1.2013312    	 0.21355574    
  2007.0000    	  2008.0000    	  1.2194142    	 0.20547067    
  2008.0000    	  2009.0000    	 0.94804528    	 0.18704489    
  2009.0000    	  2010.0000    	  1.1332938    	 0.16919361    
  2010.0000    	  2011.0000    	 0.93198575    	 0.14878041    
  2011.0000    	  2012.0000    	 0.62221567    	 0.12451351    
  2012.0000    	  2013.0000    	 0.58824490    	 0.11852507    
  2013.0000    	  2014.0000    	  1.2497411    	 0.28510789    
  2014.0000    	  2015.0000    	 0.92377835    	 0.26003646    
  2015.0000    	  2016.0000    	  1.1887753    	 0.25355889    
  2016.0000    	  2017.0000    	  1.2578235    	 0.25011196    
  2017.0000    	  2018.0000    	  1.1143408    	 0.18809725    
  2018.0000    	  2019.0000    	  1.1109567    	 0.19971921    
  2019.0000    	  2020.0000    	 0.97828031    	 0.17231073    
  2020.0000    	  2021.0000    	 0.66001131    	 0.15120277    
  2021.0000    	  2022.0000    	 0.63171822    	 0.14889613    
  2022.0000    	  2023.0000    	 0.38203140    	 0.14486735    
  2023.0000    	  2024.0000    	 0.49114476    	 0.10338448    
