# xi2
# underflow	  60.868847    	 0.28009190    
# overflow	 0.19563379    	 0.16662911E-01
# sum	  71.518802    	 0.29504316    
# xmin	xmax	cross	numerror
  1034.0000    	  1035.0000    	 0.70667427E-02	 0.29055328E-02
  1035.0000    	  1036.0000    	 0.40226904E-02	 0.27875759E-02
  1036.0000    	  1037.0000    	-0.28102011E-02	 0.30758644E-02
  1037.0000    	  1038.0000    	 0.64337265E-02	 0.26942365E-02
  1038.0000    	  1039.0000    	 0.54460869E-02	 0.28275028E-02
  1039.0000    	  1040.0000    	 0.55288913E-02	 0.26219437E-02
  1040.0000    	  1041.0000    	 0.89649693E-02	 0.30288768E-02
  1041.0000    	  1042.0000    	 0.13670541E-01	 0.31572706E-02
  1042.0000    	  1043.0000    	 0.20961842E-01	 0.33533126E-02
  1043.0000    	  1044.0000    	 0.12448728E-01	 0.39180818E-02
  1044.0000    	  1045.0000    	 0.18084940E-01	 0.44842685E-02
  1045.0000    	  1046.0000    	-0.21909094E-02	 0.29245432E-02
  1046.0000    	  1047.0000    	-0.47461603E-04	 0.27156196E-02
  1047.0000    	  1048.0000    	 0.46599986E-03	 0.26665422E-02
  1048.0000    	  1049.0000    	 0.14992115E-02	 0.26786436E-02
  1049.0000    	  1050.0000    	 0.79062991E-02	 0.25360321E-02
  1050.0000    	  1051.0000    	 0.14156490E-02	 0.33847211E-02
  1051.0000    	  1052.0000    	 0.14554253E-01	 0.33261402E-02
  1052.0000    	  1053.0000    	 0.82812910E-02	 0.35232711E-02
  1053.0000    	  1054.0000    	 0.14684998E-01	 0.33442274E-02
  1054.0000    	  1055.0000    	 0.20016467E-01	 0.41700041E-02
  1055.0000    	  1056.0000    	 0.19410697E-01	 0.39943994E-02
  1056.0000    	  1057.0000    	 0.57222673E-02	 0.31622113E-02
  1057.0000    	  1058.0000    	 0.62440375E-02	 0.29380874E-02
  1058.0000    	  1059.0000    	 0.26775852E-02	 0.28719092E-02
  1059.0000    	  1060.0000    	 0.10913608E-02	 0.24819337E-02
  1060.0000    	  1061.0000    	 0.42248352E-02	 0.23413357E-02
  1061.0000    	  1062.0000    	 0.11395323E-01	 0.30549481E-02
  1062.0000    	  1063.0000    	 0.83608507E-02	 0.28358526E-02
  1063.0000    	  1064.0000    	 0.13673598E-01	 0.37625102E-02
  1064.0000    	  1065.0000    	 0.15668519E-01	 0.37346034E-02
  1065.0000    	  1066.0000    	 0.16490584E-01	 0.37290352E-02
  1066.0000    	  1067.0000    	 0.20887278E-01	 0.42563190E-02
  1067.0000    	  1068.0000    	-0.20957185E-02	 0.28239208E-02
  1068.0000    	  1069.0000    	-0.35354405E-02	 0.27048961E-02
  1069.0000    	  1070.0000    	 0.41530641E-02	 0.28457533E-02
  1070.0000    	  1071.0000    	 0.38267292E-02	 0.26741689E-02
  1071.0000    	  1072.0000    	 0.65324777E-02	 0.23257568E-02
  1072.0000    	  1073.0000    	 0.12388808E-01	 0.27905813E-02
  1073.0000    	  1074.0000    	 0.14694332E-01	 0.26717027E-02
  1074.0000    	  1075.0000    	 0.16618488E-01	 0.34412642E-02
  1075.0000    	  1076.0000    	 0.14436520E-01	 0.35742720E-02
  1076.0000    	  1077.0000    	 0.26313262E-01	 0.36343676E-02
  1077.0000    	  1078.0000    	 0.18494397E-01	 0.36573821E-02
  1078.0000    	  1079.0000    	 0.34958623E-03	 0.29701157E-02
  1079.0000    	  1080.0000    	 0.26898591E-02	 0.24391820E-02
  1080.0000    	  1081.0000    	 0.48738397E-02	 0.28679437E-02
  1081.0000    	  1082.0000    	 0.79772840E-02	 0.25704676E-02
  1082.0000    	  1083.0000    	 0.59413611E-02	 0.27762110E-02
  1083.0000    	  1084.0000    	 0.10830537E-01	 0.30328187E-02
  1084.0000    	  1085.0000    	 0.17390628E-01	 0.27418934E-02
  1085.0000    	  1086.0000    	 0.18757004E-01	 0.35091480E-02
  1086.0000    	  1087.0000    	 0.96608038E-02	 0.36653157E-02
  1087.0000    	  1088.0000    	 0.16630053E-01	 0.36582499E-02
  1088.0000    	  1089.0000    	 0.21326148E-01	 0.38624662E-02
  1089.0000    	  1090.0000    	 0.12092716E-02	 0.28071191E-02
  1090.0000    	  1091.0000    	 0.35968985E-02	 0.25605443E-02
  1091.0000    	  1092.0000    	 0.13139084E-03	 0.25166958E-02
  1092.0000    	  1093.0000    	 0.39798653E-02	 0.26737460E-02
  1093.0000    	  1094.0000    	 0.50728174E-02	 0.34865883E-02
  1094.0000    	  1095.0000    	 0.89047509E-02	 0.28284340E-02
  1095.0000    	  1096.0000    	 0.12499530E-01	 0.27571768E-02
  1096.0000    	  1097.0000    	 0.16358311E-01	 0.34072087E-02
  1097.0000    	  1098.0000    	 0.16214555E-01	 0.37403593E-02
  1098.0000    	  1099.0000    	 0.18722334E-01	 0.43283613E-02
  1099.0000    	  1100.0000    	 0.18701886E-01	 0.39155092E-02
  1100.0000    	  1101.0000    	-0.66083708E-03	 0.27244064E-02
  1101.0000    	  1102.0000    	 0.25299372E-02	 0.29037084E-02
  1102.0000    	  1103.0000    	 0.54307209E-02	 0.26205647E-02
  1103.0000    	  1104.0000    	 0.53292643E-02	 0.27879532E-02
  1104.0000    	  1105.0000    	 0.81743175E-02	 0.26911608E-02
  1105.0000    	  1106.0000    	 0.11598003E-01	 0.29528721E-02
  1106.0000    	  1107.0000    	 0.16322184E-01	 0.26652685E-02
  1107.0000    	  1108.0000    	 0.20602445E-01	 0.34415702E-02
  1108.0000    	  1109.0000    	 0.24637515E-01	 0.40048902E-02
  1109.0000    	  1110.0000    	 0.20532613E-01	 0.42786234E-02
  1110.0000    	  1111.0000    	 0.14817981E-01	 0.39236782E-02
  1111.0000    	  1112.0000    	 0.45883458E-02	 0.25309798E-02
  1112.0000    	  1113.0000    	 0.21859525E-02	 0.30133864E-02
  1113.0000    	  1114.0000    	 0.97970728E-03	 0.25111317E-02
  1114.0000    	  1115.0000    	 0.71552162E-02	 0.29883978E-02
  1115.0000    	  1116.0000    	 0.37933928E-02	 0.23533869E-02
  1116.0000    	  1117.0000    	 0.98450283E-02	 0.27706102E-02
  1117.0000    	  1118.0000    	 0.12753695E-01	 0.28016622E-02
  1118.0000    	  1119.0000    	 0.17688272E-01	 0.30434284E-02
  1119.0000    	  1120.0000    	 0.18620595E-01	 0.35867870E-02
  1120.0000    	  1121.0000    	 0.21800628E-01	 0.35503243E-02
  1121.0000    	  1122.0000    	 0.19871733E-01	 0.42118535E-02
  1122.0000    	  1123.0000    	-0.11420359E-02	 0.26328739E-02
  1123.0000    	  1124.0000    	 0.41882383E-02	 0.28029825E-02
  1124.0000    	  1125.0000    	 0.37058258E-02	 0.25354404E-02
  1125.0000    	  1126.0000    	 0.73995790E-03	 0.27578561E-02
  1126.0000    	  1127.0000    	 0.70155765E-02	 0.26656881E-02
  1127.0000    	  1128.0000    	 0.10216881E-01	 0.27577863E-02
  1128.0000    	  1129.0000    	 0.15868590E-01	 0.29352144E-02
  1129.0000    	  1130.0000    	 0.18542801E-01	 0.32839418E-02
  1130.0000    	  1131.0000    	 0.18229467E-01	 0.33424536E-02
  1131.0000    	  1132.0000    	 0.17409891E-01	 0.38001111E-02
  1132.0000    	  1133.0000    	 0.17269115E-01	 0.40419651E-02
  1133.0000    	  1134.0000    	 0.25714394E-02	 0.23264844E-02
  1134.0000    	  1135.0000    	 0.15491233E-02	 0.24889154E-02
  1135.0000    	  1136.0000    	 0.20342092E-02	 0.27560761E-02
  1136.0000    	  1137.0000    	 0.56846153E-02	 0.24204637E-02
  1137.0000    	  1138.0000    	 0.65606287E-02	 0.26039848E-02
  1138.0000    	  1139.0000    	 0.13062639E-01	 0.28897500E-02
  1139.0000    	  1140.0000    	 0.10841892E-01	 0.27836426E-02
  1140.0000    	  1141.0000    	 0.13660865E-01	 0.35042838E-02
  1141.0000    	  1142.0000    	 0.10714611E-01	 0.38923030E-02
  1142.0000    	  1143.0000    	 0.21185813E-01	 0.33430555E-02
  1143.0000    	  1144.0000    	 0.22292115E-01	 0.44736848E-02
  1144.0000    	  1145.0000    	 0.44900108E-02	 0.23800912E-02
  1145.0000    	  1146.0000    	-0.19956711E-02	 0.26192487E-02
  1146.0000    	  1147.0000    	 0.34346171E-02	 0.24421447E-02
  1147.0000    	  1148.0000    	 0.63455671E-02	 0.23951787E-02
  1148.0000    	  1149.0000    	 0.74506517E-02	 0.27059374E-02
  1149.0000    	  1150.0000    	 0.76593434E-02	 0.29493718E-02
  1150.0000    	  1151.0000    	 0.13838866E-01	 0.28582778E-02
  1151.0000    	  1152.0000    	 0.12397931E-01	 0.31905119E-02
  1152.0000    	  1153.0000    	 0.19207086E-01	 0.39093086E-02
  1153.0000    	  1154.0000    	 0.15177720E-01	 0.38452113E-02
  1154.0000    	  1155.0000    	 0.23899550E-01	 0.40622722E-02
  1155.0000    	  1156.0000    	 0.13807661E-02	 0.27837556E-02
  1156.0000    	  1157.0000    	 0.71706632E-02	 0.26585340E-02
  1157.0000    	  1158.0000    	 0.12052643E-02	 0.27497821E-02
  1158.0000    	  1159.0000    	 0.57469945E-02	 0.27365363E-02
  1159.0000    	  1160.0000    	 0.88164619E-02	 0.27234086E-02
  1160.0000    	  1161.0000    	 0.11190151E-01	 0.29388730E-02
  1161.0000    	  1162.0000    	 0.11472596E-01	 0.29009893E-02
  1162.0000    	  1163.0000    	 0.22266009E-01	 0.36308110E-02
  1163.0000    	  1164.0000    	 0.18899712E-01	 0.35267008E-02
  1164.0000    	  1165.0000    	 0.22105106E-01	 0.40336169E-02
  1165.0000    	  1166.0000    	 0.16651219E-01	 0.45362194E-02
  1166.0000    	  1167.0000    	 0.55448807E-02	 0.32676647E-02
  1167.0000    	  1168.0000    	 0.22488166E-02	 0.25481851E-02
  1168.0000    	  1169.0000    	 0.50270852E-02	 0.26158733E-02
  1169.0000    	  1170.0000    	 0.50227086E-02	 0.28045632E-02
  1170.0000    	  1171.0000    	 0.62914900E-02	 0.26116322E-02
  1171.0000    	  1172.0000    	 0.91007089E-02	 0.27436328E-02
  1172.0000    	  1173.0000    	 0.11785896E-01	 0.28586629E-02
  1173.0000    	  1174.0000    	 0.37110606E-02	 0.33055195E-02
  1174.0000    	  1175.0000    	 0.26876192E-01	 0.38229512E-02
  1175.0000    	  1176.0000    	 0.22419581E-01	 0.40718721E-02
  1176.0000    	  1177.0000    	 0.24910853E-01	 0.41672345E-02
  1177.0000    	  1178.0000    	-0.14736959E-02	 0.28383197E-02
  1178.0000    	  1179.0000    	 0.30165423E-02	 0.29499653E-02
  1179.0000    	  1180.0000    	 0.44881309E-02	 0.24699681E-02
  1180.0000    	  1181.0000    	 0.86688859E-02	 0.25542301E-02
  1181.0000    	  1182.0000    	 0.86972444E-02	 0.25808949E-02
  1182.0000    	  1183.0000    	 0.90496302E-02	 0.28383913E-02
  1183.0000    	  1184.0000    	 0.15264068E-01	 0.32141379E-02
  1184.0000    	  1185.0000    	 0.19618064E-01	 0.32243632E-02
  1185.0000    	  1186.0000    	 0.16831324E-01	 0.37816750E-02
  1186.0000    	  1187.0000    	 0.19541313E-01	 0.38851915E-02
  1187.0000    	  1188.0000    	 0.18919498E-01	 0.38464913E-02
  1188.0000    	  1189.0000    	-0.11017528E-03	 0.25170845E-02
  1189.0000    	  1190.0000    	-0.56879773E-03	 0.27076240E-02
  1190.0000    	  1191.0000    	 0.55283860E-02	 0.24739991E-02
  1191.0000    	  1192.0000    	 0.59673954E-02	 0.27262343E-02
  1192.0000    	  1193.0000    	 0.12827351E-01	 0.25601823E-02
  1193.0000    	  1194.0000    	 0.13319502E-01	 0.28549485E-02
  1194.0000    	  1195.0000    	 0.14066246E-01	 0.29584926E-02
  1195.0000    	  1196.0000    	 0.22061054E-01	 0.30413352E-02
  1196.0000    	  1197.0000    	 0.21162505E-01	 0.40775655E-02
  1197.0000    	  1198.0000    	 0.15797282E-01	 0.38410418E-02
  1198.0000    	  1199.0000    	 0.19865205E-01	 0.39719211E-02
  1199.0000    	  1200.0000    	 0.32459390E-02	 0.24569680E-02
  1200.0000    	  1201.0000    	 0.95649112E-03	 0.26316833E-02
  1201.0000    	  1202.0000    	-0.80467698E-03	 0.23996853E-02
  1202.0000    	  1203.0000    	 0.92308026E-02	 0.26382492E-02
  1203.0000    	  1204.0000    	 0.75032549E-02	 0.27065782E-02
  1204.0000    	  1205.0000    	 0.11200688E-01	 0.26360829E-02
  1205.0000    	  1206.0000    	 0.11367574E-01	 0.28182568E-02
  1206.0000    	  1207.0000    	 0.19462998E-01	 0.32238366E-02
  1207.0000    	  1208.0000    	 0.13159430E-01	 0.42725828E-02
  1208.0000    	  1209.0000    	 0.20719072E-01	 0.37957720E-02
  1209.0000    	  1210.0000    	 0.13462020E-01	 0.43879147E-02
  1210.0000    	  1211.0000    	 0.25688032E-02	 0.24190218E-02
  1211.0000    	  1212.0000    	 0.62201231E-02	 0.27357159E-02
  1212.0000    	  1213.0000    	 0.89346592E-02	 0.25430344E-02
  1213.0000    	  1214.0000    	 0.64547490E-02	 0.26104310E-02
  1214.0000    	  1215.0000    	 0.68148357E-02	 0.25796533E-02
  1215.0000    	  1216.0000    	 0.95256380E-02	 0.24034704E-02
  1216.0000    	  1217.0000    	 0.18254913E-01	 0.30705619E-02
  1217.0000    	  1218.0000    	 0.22842723E-01	 0.35595044E-02
  1218.0000    	  1219.0000    	 0.27783165E-01	 0.39260222E-02
  1219.0000    	  1220.0000    	 0.21484482E-01	 0.34228825E-02
  1220.0000    	  1221.0000    	 0.22353025E-01	 0.42863515E-02
  1221.0000    	  1222.0000    	 0.11262938E-02	 0.22877211E-02
  1222.0000    	  1223.0000    	 0.26258848E-02	 0.24960598E-02
  1223.0000    	  1224.0000    	 0.16485891E-02	 0.23255122E-02
  1224.0000    	  1225.0000    	 0.24580112E-02	 0.26315053E-02
  1225.0000    	  1226.0000    	 0.80547212E-02	 0.31440870E-02
  1226.0000    	  1227.0000    	 0.12462514E-01	 0.29203195E-02
  1227.0000    	  1228.0000    	 0.13360962E-01	 0.30440569E-02
  1228.0000    	  1229.0000    	 0.12188432E-01	 0.33113382E-02
  1229.0000    	  1230.0000    	 0.18512190E-01	 0.34883636E-02
  1230.0000    	  1231.0000    	 0.19192709E-01	 0.34850380E-02
  1231.0000    	  1232.0000    	 0.20991678E-01	 0.43514433E-02
  1232.0000    	  1233.0000    	 0.17476980E-02	 0.26019086E-02
  1233.0000    	  1234.0000    	 0.26880263E-02	 0.24097909E-02
  1234.0000    	  1235.0000    	 0.76824683E-02	 0.24334875E-02
  1235.0000    	  1236.0000    	 0.59224681E-02	 0.22713481E-02
  1236.0000    	  1237.0000    	 0.75122459E-02	 0.24986326E-02
  1237.0000    	  1238.0000    	 0.92083750E-02	 0.30366722E-02
  1238.0000    	  1239.0000    	 0.15903460E-01	 0.30227754E-02
  1239.0000    	  1240.0000    	 0.10852547E-01	 0.32780683E-02
  1240.0000    	  1241.0000    	 0.11564667E-01	 0.41532431E-02
  1241.0000    	  1242.0000    	 0.23694655E-01	 0.38671699E-02
  1242.0000    	  1243.0000    	 0.11655503E-01	 0.42721432E-02
  1243.0000    	  1244.0000    	 0.42185409E-02	 0.25273821E-02
  1244.0000    	  1245.0000    	 0.70151528E-02	 0.26809561E-02
  1245.0000    	  1246.0000    	 0.51193346E-02	 0.23150668E-02
  1246.0000    	  1247.0000    	 0.61502276E-02	 0.25348074E-02
  1247.0000    	  1248.0000    	 0.41532558E-02	 0.23964510E-02
  1248.0000    	  1249.0000    	 0.13372414E-01	 0.30226690E-02
  1249.0000    	  1250.0000    	 0.86576900E-02	 0.30269839E-02
  1250.0000    	  1251.0000    	 0.17143997E-01	 0.32903978E-02
  1251.0000    	  1252.0000    	 0.16801691E-01	 0.37598180E-02
  1252.0000    	  1253.0000    	 0.16959869E-01	 0.37091026E-02
  1253.0000    	  1254.0000    	 0.21382419E-01	 0.41322042E-02
  1254.0000    	  1255.0000    	 0.44001195E-02	 0.24131180E-02
  1255.0000    	  1256.0000    	 0.13575865E-02	 0.26132480E-02
  1256.0000    	  1257.0000    	 0.69223716E-02	 0.25102405E-02
  1257.0000    	  1258.0000    	 0.26673464E-02	 0.26634960E-02
  1258.0000    	  1259.0000    	 0.12497281E-01	 0.27918146E-02
  1259.0000    	  1260.0000    	 0.10014452E-01	 0.28412205E-02
  1260.0000    	  1261.0000    	 0.14216195E-01	 0.28514131E-02
  1261.0000    	  1262.0000    	 0.17145500E-01	 0.33041661E-02
  1262.0000    	  1263.0000    	 0.27740754E-01	 0.42312655E-02
  1263.0000    	  1264.0000    	 0.14401019E-01	 0.38979738E-02
  1264.0000    	  1265.0000    	 0.21891758E-01	 0.35820255E-02
  1265.0000    	  1266.0000    	 0.18338030E-02	 0.25416468E-02
  1266.0000    	  1267.0000    	 0.41290114E-02	 0.26454457E-02
  1267.0000    	  1268.0000    	 0.55316792E-02	 0.24094090E-02
  1268.0000    	  1269.0000    	 0.44947516E-02	 0.22102499E-02
  1269.0000    	  1270.0000    	 0.99245368E-02	 0.31863963E-02
  1270.0000    	  1271.0000    	 0.75096507E-02	 0.28224227E-02
  1271.0000    	  1272.0000    	 0.15191822E-01	 0.30149438E-02
  1272.0000    	  1273.0000    	 0.19942890E-01	 0.32267172E-02
  1273.0000    	  1274.0000    	 0.99327629E-02	 0.42157543E-02
  1274.0000    	  1275.0000    	 0.23450667E-01	 0.39899895E-02
  1275.0000    	  1276.0000    	 0.11667598E-01	 0.43205998E-02
  1276.0000    	  1277.0000    	 0.85645779E-03	 0.26881144E-02
  1277.0000    	  1278.0000    	 0.39404280E-02	 0.25608658E-02
  1278.0000    	  1279.0000    	 0.48359297E-02	 0.24940105E-02
  1279.0000    	  1280.0000    	 0.67928967E-02	 0.22931458E-02
  1280.0000    	  1281.0000    	 0.12344152E-01	 0.28665290E-02
  1281.0000    	  1282.0000    	 0.75507878E-02	 0.28939778E-02
  1282.0000    	  1283.0000    	 0.14322259E-01	 0.33668226E-02
  1283.0000    	  1284.0000    	 0.79843579E-02	 0.32968117E-02
  1284.0000    	  1285.0000    	 0.23067956E-01	 0.37387109E-02
  1285.0000    	  1286.0000    	 0.19084010E-01	 0.37480289E-02
  1286.0000    	  1287.0000    	 0.18567034E-01	 0.40607143E-02
  1287.0000    	  1288.0000    	 0.63405841E-02	 0.27305944E-02
  1288.0000    	  1289.0000    	 0.68625599E-02	 0.24028656E-02
  1289.0000    	  1290.0000    	 0.45266303E-02	 0.25665608E-02
  1290.0000    	  1291.0000    	 0.74543232E-02	 0.25780813E-02
  1291.0000    	  1292.0000    	 0.74929806E-02	 0.26921748E-02
  1292.0000    	  1293.0000    	 0.12733997E-01	 0.28054129E-02
  1293.0000    	  1294.0000    	 0.17397634E-01	 0.32686318E-02
  1294.0000    	  1295.0000    	 0.14907822E-01	 0.31702616E-02
  1295.0000    	  1296.0000    	 0.19536224E-01	 0.34984188E-02
  1296.0000    	  1297.0000    	 0.22865279E-01	 0.36764644E-02
  1297.0000    	  1298.0000    	 0.14284931E-01	 0.37550784E-02
  1298.0000    	  1299.0000    	 0.18188354E-02	 0.22516315E-02
  1299.0000    	  1300.0000    	 0.19409740E-02	 0.23968212E-02
  1300.0000    	  1301.0000    	 0.42205277E-02	 0.26234120E-02
  1301.0000    	  1302.0000    	 0.63115666E-02	 0.24302664E-02
  1302.0000    	  1303.0000    	 0.80555269E-02	 0.23467176E-02
  1303.0000    	  1304.0000    	 0.95713967E-02	 0.27554401E-02
  1304.0000    	  1305.0000    	 0.15798688E-01	 0.30484745E-02
  1305.0000    	  1306.0000    	 0.19296540E-01	 0.32030657E-02
  1306.0000    	  1307.0000    	 0.18019242E-01	 0.35701515E-02
  1307.0000    	  1308.0000    	 0.23281668E-01	 0.38398106E-02
  1308.0000    	  1309.0000    	 0.16418297E-01	 0.45006662E-02
  1309.0000    	  1310.0000    	 0.34501616E-03	 0.25428369E-02
  1310.0000    	  1311.0000    	 0.97034101E-03	 0.23305130E-02
  1311.0000    	  1312.0000    	 0.50111196E-02	 0.23812512E-02
  1312.0000    	  1313.0000    	 0.82824282E-02	 0.23482225E-02
  1313.0000    	  1314.0000    	 0.14248801E-01	 0.24775923E-02
  1314.0000    	  1315.0000    	 0.14492655E-01	 0.24585849E-02
  1315.0000    	  1316.0000    	 0.91238879E-02	 0.32384421E-02
  1316.0000    	  1317.0000    	 0.15789893E-01	 0.32938442E-02
  1317.0000    	  1318.0000    	 0.17919837E-01	 0.32901916E-02
  1318.0000    	  1319.0000    	 0.14199729E-01	 0.39365923E-02
  1319.0000    	  1320.0000    	 0.17600975E-01	 0.40642713E-02
  1320.0000    	  1321.0000    	 0.51719826E-02	 0.23310017E-02
  1321.0000    	  1322.0000    	 0.41781543E-02	 0.21874580E-02
  1322.0000    	  1323.0000    	 0.75645358E-02	 0.22924814E-02
  1323.0000    	  1324.0000    	 0.72416699E-02	 0.27710886E-02
  1324.0000    	  1325.0000    	 0.77390927E-02	 0.25791385E-02
  1325.0000    	  1326.0000    	 0.90664688E-02	 0.26935872E-02
  1326.0000    	  1327.0000    	 0.16108540E-01	 0.37387499E-02
  1327.0000    	  1328.0000    	 0.19169530E-01	 0.31968957E-02
  1328.0000    	  1329.0000    	 0.23268361E-01	 0.34350595E-02
  1329.0000    	  1330.0000    	 0.20676436E-01	 0.41968344E-02
  1330.0000    	  1331.0000    	 0.19809662E-01	 0.44649912E-02
  1331.0000    	  1332.0000    	 0.24309612E-02	 0.24442296E-02
  1332.0000    	  1333.0000    	 0.14887945E-03	 0.21985270E-02
  1333.0000    	  1334.0000    	 0.55682320E-02	 0.23461483E-02
  1334.0000    	  1335.0000    	 0.30018813E-02	 0.26037188E-02
  1335.0000    	  1336.0000    	 0.94738612E-02	 0.24481240E-02
  1336.0000    	  1337.0000    	 0.16367976E-01	 0.30802779E-02
  1337.0000    	  1338.0000    	 0.14903468E-01	 0.30858490E-02
  1338.0000    	  1339.0000    	 0.18179606E-01	 0.34051454E-02
  1339.0000    	  1340.0000    	 0.10157942E-01	 0.33854102E-02
  1340.0000    	  1341.0000    	 0.16743878E-01	 0.38223367E-02
  1341.0000    	  1342.0000    	 0.15419976E-01	 0.38995822E-02
  1342.0000    	  1343.0000    	 0.36564342E-02	 0.23556694E-02
  1343.0000    	  1344.0000    	 0.38180928E-02	 0.23909880E-02
  1344.0000    	  1345.0000    	 0.54265788E-02	 0.21649837E-02
  1345.0000    	  1346.0000    	 0.99844178E-02	 0.25304248E-02
  1346.0000    	  1347.0000    	 0.11048498E-01	 0.24070286E-02
  1347.0000    	  1348.0000    	 0.13026024E-01	 0.29218243E-02
  1348.0000    	  1349.0000    	 0.13206556E-01	 0.28650244E-02
  1349.0000    	  1350.0000    	 0.13484076E-01	 0.34585015E-02
  1350.0000    	  1351.0000    	 0.22479300E-01	 0.34318833E-02
  1351.0000    	  1352.0000    	 0.15879800E-01	 0.40396276E-02
  1352.0000    	  1353.0000    	 0.14085988E-01	 0.45739159E-02
  1353.0000    	  1354.0000    	 0.20942778E-02	 0.21769235E-02
  1354.0000    	  1355.0000    	 0.73728310E-02	 0.25426811E-02
  1355.0000    	  1356.0000    	 0.44961850E-02	 0.22654237E-02
  1356.0000    	  1357.0000    	 0.61004488E-02	 0.25732401E-02
  1357.0000    	  1358.0000    	 0.10912483E-01	 0.23219021E-02
  1358.0000    	  1359.0000    	 0.13603450E-01	 0.25923688E-02
  1359.0000    	  1360.0000    	 0.14285824E-01	 0.30156573E-02
  1360.0000    	  1361.0000    	 0.14360868E-01	 0.38105791E-02
  1361.0000    	  1362.0000    	 0.18361564E-01	 0.33144401E-02
  1362.0000    	  1363.0000    	 0.24416202E-01	 0.41510250E-02
  1363.0000    	  1364.0000    	 0.15271036E-01	 0.37421855E-02
  1364.0000    	  1365.0000    	 0.45513111E-02	 0.22012410E-02
  1365.0000    	  1366.0000    	 0.35193116E-02	 0.21213379E-02
  1366.0000    	  1367.0000    	 0.42029846E-02	 0.24181853E-02
  1367.0000    	  1368.0000    	 0.43738554E-02	 0.22847452E-02
  1368.0000    	  1369.0000    	 0.21538818E-02	 0.25531774E-02
  1369.0000    	  1370.0000    	 0.79274368E-02	 0.30992706E-02
  1370.0000    	  1371.0000    	 0.16438121E-01	 0.32948814E-02
  1371.0000    	  1372.0000    	 0.15451505E-01	 0.35928765E-02
  1372.0000    	  1373.0000    	 0.17189908E-01	 0.38249342E-02
  1373.0000    	  1374.0000    	 0.18832365E-01	 0.40910512E-02
  1374.0000    	  1375.0000    	 0.21582701E-01	 0.37330438E-02
  1375.0000    	  1376.0000    	 0.39840860E-02	 0.22887499E-02
  1376.0000    	  1377.0000    	 0.72586007E-02	 0.22476890E-02
  1377.0000    	  1378.0000    	 0.76837135E-02	 0.22646838E-02
  1378.0000    	  1379.0000    	 0.91487840E-02	 0.24230293E-02
  1379.0000    	  1380.0000    	 0.10317103E-01	 0.27165550E-02
  1380.0000    	  1381.0000    	 0.78600360E-02	 0.29921217E-02
  1381.0000    	  1382.0000    	 0.16937126E-01	 0.30393342E-02
  1382.0000    	  1383.0000    	 0.16278282E-01	 0.34013543E-02
  1383.0000    	  1384.0000    	 0.21018757E-01	 0.41336246E-02
  1384.0000    	  1385.0000    	 0.18056851E-01	 0.38611860E-02
  1385.0000    	  1386.0000    	 0.21937296E-01	 0.40508283E-02
  1386.0000    	  1387.0000    	 0.47485445E-02	 0.22642561E-02
  1387.0000    	  1388.0000    	-0.59880030E-03	 0.22237937E-02
  1388.0000    	  1389.0000    	 0.84136600E-02	 0.22278710E-02
  1389.0000    	  1390.0000    	 0.12853178E-01	 0.25769843E-02
  1390.0000    	  1391.0000    	 0.57357524E-02	 0.26146393E-02
  1391.0000    	  1392.0000    	 0.12023886E-01	 0.26220802E-02
  1392.0000    	  1393.0000    	 0.18690842E-01	 0.29895262E-02
  1393.0000    	  1394.0000    	 0.17422009E-01	 0.31922443E-02
  1394.0000    	  1395.0000    	 0.13815564E-01	 0.41401946E-02
  1395.0000    	  1396.0000    	 0.10838749E-01	 0.37204540E-02
  1396.0000    	  1397.0000    	 0.13464793E-01	 0.38898720E-02
  1397.0000    	  1398.0000    	 0.26275998E-02	 0.23825961E-02
  1398.0000    	  1399.0000    	 0.36781499E-02	 0.21768885E-02
  1399.0000    	  1400.0000    	 0.18223868E-02	 0.23467582E-02
  1400.0000    	  1401.0000    	 0.46678011E-02	 0.23407963E-02
  1401.0000    	  1402.0000    	 0.11007352E-01	 0.25798127E-02
  1402.0000    	  1403.0000    	 0.93249695E-02	 0.27049782E-02
  1403.0000    	  1404.0000    	 0.11942433E-01	 0.25430647E-02
  1404.0000    	  1405.0000    	 0.11469944E-01	 0.38314173E-02
  1405.0000    	  1406.0000    	 0.23530324E-01	 0.40188215E-02
  1406.0000    	  1407.0000    	 0.22584832E-01	 0.38350478E-02
  1407.0000    	  1408.0000    	 0.21939398E-01	 0.41608422E-02
  1408.0000    	  1409.0000    	 0.39301216E-02	 0.23756429E-02
  1409.0000    	  1410.0000    	 0.46231442E-02	 0.22816733E-02
  1410.0000    	  1411.0000    	 0.10186521E-01	 0.23739186E-02
  1411.0000    	  1412.0000    	 0.83906450E-02	 0.22712458E-02
  1412.0000    	  1413.0000    	 0.74653229E-02	 0.22949777E-02
  1413.0000    	  1414.0000    	 0.98577937E-02	 0.25696803E-02
  1414.0000    	  1415.0000    	 0.10920973E-01	 0.32630568E-02
  1415.0000    	  1416.0000    	 0.16282426E-01	 0.31444310E-02
  1416.0000    	  1417.0000    	 0.17172699E-01	 0.37270025E-02
  1417.0000    	  1418.0000    	 0.18831631E-01	 0.38725145E-02
  1418.0000    	  1419.0000    	 0.17550135E-01	 0.39446130E-02
  1419.0000    	  1420.0000    	 0.69933606E-02	 0.24189249E-02
  1420.0000    	  1421.0000    	 0.65571194E-02	 0.23026288E-02
  1421.0000    	  1422.0000    	 0.33253022E-02	 0.21656479E-02
  1422.0000    	  1423.0000    	 0.38063698E-02	 0.23497531E-02
  1423.0000    	  1424.0000    	 0.11017995E-01	 0.24734503E-02
  1424.0000    	  1425.0000    	 0.80221160E-02	 0.29911817E-02
  1425.0000    	  1426.0000    	 0.17832330E-01	 0.31878629E-02
  1426.0000    	  1427.0000    	 0.18617500E-01	 0.32168222E-02
  1427.0000    	  1428.0000    	 0.19081461E-01	 0.39427968E-02
  1428.0000    	  1429.0000    	 0.30020494E-01	 0.36005978E-02
  1429.0000    	  1430.0000    	 0.21644023E-01	 0.42130876E-02
  1430.0000    	  1431.0000    	 0.34026709E-03	 0.22422079E-02
  1431.0000    	  1432.0000    	 0.57103018E-02	 0.24600379E-02
  1432.0000    	  1433.0000    	 0.88757454E-02	 0.19693140E-02
  1433.0000    	  1434.0000    	 0.87580260E-02	 0.22239785E-02
  1434.0000    	  1435.0000    	 0.12653714E-01	 0.22905271E-02
  1435.0000    	  1436.0000    	 0.14130079E-01	 0.30221701E-02
  1436.0000    	  1437.0000    	 0.14661516E-01	 0.32032374E-02
  1437.0000    	  1438.0000    	 0.16524480E-01	 0.36559188E-02
  1438.0000    	  1439.0000    	 0.16614125E-01	 0.34926840E-02
  1439.0000    	  1440.0000    	 0.14217265E-01	 0.36086315E-02
  1440.0000    	  1441.0000    	 0.13443206E-01	 0.41413128E-02
  1441.0000    	  1442.0000    	 0.73065581E-02	 0.21391375E-02
  1442.0000    	  1443.0000    	 0.39480486E-02	 0.20717675E-02
  1443.0000    	  1444.0000    	 0.55895364E-02	 0.19869010E-02
  1444.0000    	  1445.0000    	 0.93085961E-02	 0.20949481E-02
  1445.0000    	  1446.0000    	 0.10118659E-01	 0.25213789E-02
  1446.0000    	  1447.0000    	 0.86580992E-02	 0.25577716E-02
  1447.0000    	  1448.0000    	 0.10745925E-01	 0.29133680E-02
  1448.0000    	  1449.0000    	 0.16293565E-01	 0.33401430E-02
  1449.0000    	  1450.0000    	 0.14873749E-01	 0.36114677E-02
  1450.0000    	  1451.0000    	 0.14843432E-01	 0.39307390E-02
  1451.0000    	  1452.0000    	 0.18610611E-01	 0.39716349E-02
  1452.0000    	  1453.0000    	 0.54089224E-02	 0.21396239E-02
  1453.0000    	  1454.0000    	 0.34161013E-02	 0.24294870E-02
  1454.0000    	  1455.0000    	 0.50217145E-02	 0.22584322E-02
  1455.0000    	  1456.0000    	 0.74336745E-02	 0.21379196E-02
  1456.0000    	  1457.0000    	 0.10440835E-01	 0.25164326E-02
  1457.0000    	  1458.0000    	 0.12631779E-01	 0.26589855E-02
  1458.0000    	  1459.0000    	 0.17050285E-01	 0.31690445E-02
  1459.0000    	  1460.0000    	 0.15571615E-01	 0.32560875E-02
  1460.0000    	  1461.0000    	 0.15034201E-01	 0.34975854E-02
  1461.0000    	  1462.0000    	 0.14392921E-01	 0.37819524E-02
  1462.0000    	  1463.0000    	 0.18190899E-01	 0.38816656E-02
  1463.0000    	  1464.0000    	 0.81358038E-02	 0.22740851E-02
  1464.0000    	  1465.0000    	 0.41533651E-03	 0.21385687E-02
  1465.0000    	  1466.0000    	 0.67655637E-02	 0.21799366E-02
  1466.0000    	  1467.0000    	 0.10036735E-01	 0.23368510E-02
  1467.0000    	  1468.0000    	 0.87915622E-02	 0.27970371E-02
  1468.0000    	  1469.0000    	 0.15193117E-01	 0.26635195E-02
  1469.0000    	  1470.0000    	 0.14507566E-01	 0.29557846E-02
  1470.0000    	  1471.0000    	 0.13878957E-01	 0.34264335E-02
  1471.0000    	  1472.0000    	 0.19507140E-01	 0.34336661E-02
  1472.0000    	  1473.0000    	 0.16954863E-01	 0.35989787E-02
  1473.0000    	  1474.0000    	 0.19712648E-01	 0.41363734E-02
  1474.0000    	  1475.0000    	 0.10332334E-01	 0.24921978E-02
  1475.0000    	  1476.0000    	 0.25016407E-02	 0.21299670E-02
  1476.0000    	  1477.0000    	 0.93526186E-02	 0.20501003E-02
  1477.0000    	  1478.0000    	 0.73063001E-02	 0.25274443E-02
  1478.0000    	  1479.0000    	 0.12875930E-01	 0.26694354E-02
  1479.0000    	  1480.0000    	 0.11780503E-01	 0.24529457E-02
  1480.0000    	  1481.0000    	 0.13150180E-01	 0.29745663E-02
  1481.0000    	  1482.0000    	 0.11714811E-01	 0.35977829E-02
  1482.0000    	  1483.0000    	 0.18209430E-01	 0.36481571E-02
  1483.0000    	  1484.0000    	 0.15008726E-01	 0.36727337E-02
  1484.0000    	  1485.0000    	 0.16443731E-01	 0.39314967E-02
  1485.0000    	  1486.0000    	 0.28310516E-02	 0.21716156E-02
  1486.0000    	  1487.0000    	 0.79038382E-02	 0.21503167E-02
  1487.0000    	  1488.0000    	 0.50694371E-02	 0.23637738E-02
  1488.0000    	  1489.0000    	 0.88250907E-02	 0.26185465E-02
  1489.0000    	  1490.0000    	 0.51651890E-02	 0.24590422E-02
  1490.0000    	  1491.0000    	 0.90391206E-02	 0.27514368E-02
  1491.0000    	  1492.0000    	 0.11091841E-01	 0.27018474E-02
  1492.0000    	  1493.0000    	 0.19652036E-01	 0.35451268E-02
  1493.0000    	  1494.0000    	 0.18109619E-01	 0.37455551E-02
  1494.0000    	  1495.0000    	 0.22718576E-01	 0.41733730E-02
  1495.0000    	  1496.0000    	 0.13902502E-01	 0.42929965E-02
  1496.0000    	  1497.0000    	 0.79750545E-02	 0.22201509E-02
  1497.0000    	  1498.0000    	 0.42378728E-02	 0.20738143E-02
  1498.0000    	  1499.0000    	 0.68012784E-02	 0.21692821E-02
  1499.0000    	  1500.0000    	 0.61082587E-02	 0.23381802E-02
  1500.0000    	  1501.0000    	 0.78721308E-02	 0.27836471E-02
  1501.0000    	  1502.0000    	 0.15214674E-01	 0.28230382E-02
  1502.0000    	  1503.0000    	 0.12062623E-01	 0.29820794E-02
  1503.0000    	  1504.0000    	 0.20430735E-01	 0.35186892E-02
  1504.0000    	  1505.0000    	 0.19154853E-01	 0.31754925E-02
  1505.0000    	  1506.0000    	 0.16589496E-01	 0.37982913E-02
  1506.0000    	  1507.0000    	 0.15431393E-01	 0.38360005E-02
  1507.0000    	  1508.0000    	 0.52440298E-02	 0.19813768E-02
  1508.0000    	  1509.0000    	 0.34595248E-02	 0.20106384E-02
  1509.0000    	  1510.0000    	 0.79657894E-02	 0.23414786E-02
  1510.0000    	  1511.0000    	 0.77144493E-02	 0.26796954E-02
  1511.0000    	  1512.0000    	 0.10141630E-01	 0.23247338E-02
  1512.0000    	  1513.0000    	 0.11789999E-01	 0.27530633E-02
  1513.0000    	  1514.0000    	 0.10602390E-01	 0.27488225E-02
  1514.0000    	  1515.0000    	 0.12354664E-01	 0.32285380E-02
  1515.0000    	  1516.0000    	 0.17955962E-01	 0.39664579E-02
  1516.0000    	  1517.0000    	 0.12776275E-01	 0.33519695E-02
  1517.0000    	  1518.0000    	 0.19636881E-01	 0.38940688E-02
  1518.0000    	  1519.0000    	 0.49486929E-02	 0.18637602E-02
  1519.0000    	  1520.0000    	 0.24285424E-02	 0.19385763E-02
  1520.0000    	  1521.0000    	 0.54515670E-02	 0.20955050E-02
  1521.0000    	  1522.0000    	 0.90530045E-02	 0.21720873E-02
  1522.0000    	  1523.0000    	 0.10869751E-01	 0.26539980E-02
  1523.0000    	  1524.0000    	 0.53376038E-02	 0.29086020E-02
  1524.0000    	  1525.0000    	 0.16957846E-01	 0.29609607E-02
  1525.0000    	  1526.0000    	 0.18145562E-01	 0.33272513E-02
  1526.0000    	  1527.0000    	 0.12058834E-01	 0.37196075E-02
  1527.0000    	  1528.0000    	 0.20406495E-01	 0.40085860E-02
  1528.0000    	  1529.0000    	 0.15254468E-01	 0.38567136E-02
  1529.0000    	  1530.0000    	 0.70973716E-02	 0.21990872E-02
  1530.0000    	  1531.0000    	 0.97852573E-02	 0.22260223E-02
  1531.0000    	  1532.0000    	 0.42839650E-02	 0.21329106E-02
  1532.0000    	  1533.0000    	 0.12032224E-01	 0.25444734E-02
  1533.0000    	  1534.0000    	 0.97462550E-02	 0.23995844E-02
  1534.0000    	  1535.0000    	 0.13930993E-01	 0.27375955E-02
  1535.0000    	  1536.0000    	 0.93586203E-02	 0.31570371E-02
  1536.0000    	  1537.0000    	 0.12586818E-01	 0.34900991E-02
  1537.0000    	  1538.0000    	 0.94099633E-02	 0.38250508E-02
  1538.0000    	  1539.0000    	 0.13219225E-01	 0.38019735E-02
  1539.0000    	  1540.0000    	 0.17013962E-01	 0.52266150E-02
  1540.0000    	  1541.0000    	 0.50040241E-02	 0.21761183E-02
  1541.0000    	  1542.0000    	 0.19560796E-03	 0.20877237E-02
  1542.0000    	  1543.0000    	 0.60671573E-02	 0.18744812E-02
  1543.0000    	  1544.0000    	 0.80950044E-02	 0.23329971E-02
  1544.0000    	  1545.0000    	 0.91142762E-02	 0.24922483E-02
  1545.0000    	  1546.0000    	 0.17659273E-01	 0.26314352E-02
  1546.0000    	  1547.0000    	 0.15897618E-01	 0.30392059E-02
  1547.0000    	  1548.0000    	 0.18879858E-01	 0.40155046E-02
  1548.0000    	  1549.0000    	 0.15709034E-01	 0.36016521E-02
  1549.0000    	  1550.0000    	 0.11877381E-01	 0.40236625E-02
  1550.0000    	  1551.0000    	 0.12378893E-01	 0.48320993E-02
  1551.0000    	  1552.0000    	 0.46772922E-02	 0.20759648E-02
  1552.0000    	  1553.0000    	 0.56500750E-02	 0.20231004E-02
  1553.0000    	  1554.0000    	 0.10960441E-01	 0.22280970E-02
  1554.0000    	  1555.0000    	 0.31428021E-02	 0.22946360E-02
  1555.0000    	  1556.0000    	 0.11652843E-01	 0.25358135E-02
  1556.0000    	  1557.0000    	 0.43713927E-02	 0.28981839E-02
  1557.0000    	  1558.0000    	 0.10116091E-01	 0.27076865E-02
  1558.0000    	  1559.0000    	 0.14678985E-01	 0.38588340E-02
  1559.0000    	  1560.0000    	 0.14472544E-01	 0.33291551E-02
  1560.0000    	  1561.0000    	 0.15357151E-01	 0.37982469E-02
  1561.0000    	  1562.0000    	 0.15532537E-01	 0.36069096E-02
  1562.0000    	  1563.0000    	 0.76890550E-02	 0.20637830E-02
  1563.0000    	  1564.0000    	 0.69098209E-02	 0.19953300E-02
  1564.0000    	  1565.0000    	 0.76968874E-02	 0.19793935E-02
  1565.0000    	  1566.0000    	 0.13270116E-01	 0.23519301E-02
  1566.0000    	  1567.0000    	 0.12439289E-01	 0.23943010E-02
  1567.0000    	  1568.0000    	 0.13145598E-01	 0.28846308E-02
  1568.0000    	  1569.0000    	 0.15184034E-01	 0.33273823E-02
  1569.0000    	  1570.0000    	 0.16034313E-01	 0.36588467E-02
  1570.0000    	  1571.0000    	 0.16128641E-01	 0.33936628E-02
  1571.0000    	  1572.0000    	 0.14016159E-01	 0.38052752E-02
  1572.0000    	  1573.0000    	 0.72069679E-02	 0.35736844E-02
  1573.0000    	  1574.0000    	 0.13334640E-02	 0.20121633E-02
  1574.0000    	  1575.0000    	 0.43218738E-02	 0.22007180E-02
  1575.0000    	  1576.0000    	 0.83375287E-02	 0.19231085E-02
  1576.0000    	  1577.0000    	 0.10619461E-01	 0.27325846E-02
  1577.0000    	  1578.0000    	 0.11014444E-01	 0.24189458E-02
  1578.0000    	  1579.0000    	 0.12761019E-01	 0.27514694E-02
  1579.0000    	  1580.0000    	 0.15200201E-01	 0.31338402E-02
  1580.0000    	  1581.0000    	 0.11142431E-01	 0.34127821E-02
  1581.0000    	  1582.0000    	 0.14104376E-01	 0.34881049E-02
  1582.0000    	  1583.0000    	 0.10167759E-01	 0.33939187E-02
  1583.0000    	  1584.0000    	 0.13405166E-01	 0.38537652E-02
  1584.0000    	  1585.0000    	 0.29762840E-02	 0.18645633E-02
  1585.0000    	  1586.0000    	 0.72339259E-02	 0.19278753E-02
  1586.0000    	  1587.0000    	 0.13856931E-02	 0.22271970E-02
  1587.0000    	  1588.0000    	 0.72821046E-02	 0.23061889E-02
  1588.0000    	  1589.0000    	 0.92338619E-02	 0.24754269E-02
  1589.0000    	  1590.0000    	 0.14543757E-01	 0.27927778E-02
  1590.0000    	  1591.0000    	 0.14324827E-01	 0.33726205E-02
  1591.0000    	  1592.0000    	 0.14617841E-01	 0.35150810E-02
  1592.0000    	  1593.0000    	 0.16724695E-01	 0.37817835E-02
  1593.0000    	  1594.0000    	 0.16208375E-01	 0.39447349E-02
  1594.0000    	  1595.0000    	 0.19634679E-01	 0.29487256E-02
  1595.0000    	  1596.0000    	 0.86797429E-02	 0.21122532E-02
  1596.0000    	  1597.0000    	 0.42732883E-02	 0.22139727E-02
  1597.0000    	  1598.0000    	 0.59321420E-02	 0.21702043E-02
  1598.0000    	  1599.0000    	 0.10075523E-01	 0.21510924E-02
  1599.0000    	  1600.0000    	 0.12749102E-01	 0.28148380E-02
  1600.0000    	  1601.0000    	 0.91225868E-02	 0.29200270E-02
  1601.0000    	  1602.0000    	 0.13219375E-01	 0.31639931E-02
  1602.0000    	  1603.0000    	 0.15527765E-01	 0.30721042E-02
  1603.0000    	  1604.0000    	 0.16955094E-01	 0.38187427E-02
  1604.0000    	  1605.0000    	 0.15800810E-01	 0.35111299E-02
  1605.0000    	  1606.0000    	 0.12562359E-01	 0.41851687E-02
  1606.0000    	  1607.0000    	 0.43145405E-02	 0.19296226E-02
  1607.0000    	  1608.0000    	 0.49549018E-02	 0.19969777E-02
  1608.0000    	  1609.0000    	 0.11709223E-01	 0.22122550E-02
  1609.0000    	  1610.0000    	 0.80610181E-02	 0.22558993E-02
  1610.0000    	  1611.0000    	 0.10683710E-01	 0.23740700E-02
  1611.0000    	  1612.0000    	 0.11410482E-01	 0.27845172E-02
  1612.0000    	  1613.0000    	 0.11673347E-01	 0.31483984E-02
  1613.0000    	  1614.0000    	 0.13508606E-01	 0.33402446E-02
  1614.0000    	  1615.0000    	 0.17554896E-01	 0.40700170E-02
  1615.0000    	  1616.0000    	 0.23088542E-01	 0.32788027E-02
  1616.0000    	  1617.0000    	 0.15803853E-01	 0.37354304E-02
  1617.0000    	  1618.0000    	 0.50516297E-02	 0.18568214E-02
  1618.0000    	  1619.0000    	 0.15644853E-02	 0.20835399E-02
  1619.0000    	  1620.0000    	 0.49133077E-02	 0.20317150E-02
  1620.0000    	  1621.0000    	 0.53361085E-02	 0.22624482E-02
  1621.0000    	  1622.0000    	 0.77517444E-02	 0.24405314E-02
  1622.0000    	  1623.0000    	 0.96412495E-02	 0.26333003E-02
  1623.0000    	  1624.0000    	 0.12043129E-01	 0.37537536E-02
  1624.0000    	  1625.0000    	 0.13802851E-01	 0.31581888E-02
  1625.0000    	  1626.0000    	 0.16271309E-01	 0.31323674E-02
  1626.0000    	  1627.0000    	 0.15823393E-01	 0.37522703E-02
  1627.0000    	  1628.0000    	 0.91457900E-02	 0.36930606E-02
  1628.0000    	  1629.0000    	 0.22202795E-02	 0.18303293E-02
  1629.0000    	  1630.0000    	 0.65869935E-02	 0.21769456E-02
  1630.0000    	  1631.0000    	 0.72884780E-02	 0.19662878E-02
  1631.0000    	  1632.0000    	 0.11367176E-01	 0.23020013E-02
  1632.0000    	  1633.0000    	 0.11413712E-01	 0.23663997E-02
  1633.0000    	  1634.0000    	 0.86374041E-02	 0.29607434E-02
  1634.0000    	  1635.0000    	 0.18876862E-01	 0.30331903E-02
  1635.0000    	  1636.0000    	 0.11129659E-01	 0.33579693E-02
  1636.0000    	  1637.0000    	 0.14902007E-01	 0.34492249E-02
  1637.0000    	  1638.0000    	 0.18197982E-01	 0.35637148E-02
  1638.0000    	  1639.0000    	 0.10434425E-01	 0.36960517E-02
  1639.0000    	  1640.0000    	 0.34512195E-02	 0.18514453E-02
  1640.0000    	  1641.0000    	 0.52294778E-02	 0.19391589E-02
  1641.0000    	  1642.0000    	 0.90457626E-02	 0.17482978E-02
  1642.0000    	  1643.0000    	 0.11048907E-01	 0.21526042E-02
  1643.0000    	  1644.0000    	 0.14022446E-01	 0.24264452E-02
  1644.0000    	  1645.0000    	 0.38555119E-02	 0.26008732E-02
  1645.0000    	  1646.0000    	 0.65984726E-02	 0.31089296E-02
  1646.0000    	  1647.0000    	 0.15088644E-01	 0.31548044E-02
  1647.0000    	  1648.0000    	 0.13332666E-01	 0.33123181E-02
  1648.0000    	  1649.0000    	 0.16286698E-01	 0.36529517E-02
  1649.0000    	  1650.0000    	 0.10825360E-01	 0.38141457E-02
  1650.0000    	  1651.0000    	 0.78908780E-02	 0.18214320E-02
  1651.0000    	  1652.0000    	 0.56643691E-02	 0.19886448E-02
  1652.0000    	  1653.0000    	 0.57460457E-02	 0.18393032E-02
  1653.0000    	  1654.0000    	 0.44335399E-02	 0.21996437E-02
  1654.0000    	  1655.0000    	 0.85870939E-02	 0.24948812E-02
  1655.0000    	  1656.0000    	 0.13649670E-01	 0.26401903E-02
  1656.0000    	  1657.0000    	 0.15399991E-01	 0.29143780E-02
  1657.0000    	  1658.0000    	 0.16285647E-01	 0.33436200E-02
  1658.0000    	  1659.0000    	 0.11827343E-01	 0.37200365E-02
  1659.0000    	  1660.0000    	 0.15349645E-01	 0.37081535E-02
  1660.0000    	  1661.0000    	 0.10081851E-01	 0.34213640E-02
  1661.0000    	  1662.0000    	 0.29948310E-02	 0.19855721E-02
  1662.0000    	  1663.0000    	 0.40647164E-02	 0.17793671E-02
  1663.0000    	  1664.0000    	 0.59614787E-02	 0.18620513E-02
  1664.0000    	  1665.0000    	 0.10234637E-01	 0.22918387E-02
  1665.0000    	  1666.0000    	 0.11907822E-01	 0.23679882E-02
  1666.0000    	  1667.0000    	 0.13882685E-01	 0.30414842E-02
  1667.0000    	  1668.0000    	 0.13322082E-01	 0.32526273E-02
  1668.0000    	  1669.0000    	 0.13086103E-01	 0.30736968E-02
  1669.0000    	  1670.0000    	 0.13390718E-01	 0.34920385E-02
  1670.0000    	  1671.0000    	 0.15007044E-01	 0.40266175E-02
  1671.0000    	  1672.0000    	 0.91178557E-02	 0.31136443E-02
  1672.0000    	  1673.0000    	 0.47553982E-02	 0.18991638E-02
  1673.0000    	  1674.0000    	 0.76550412E-02	 0.19738138E-02
  1674.0000    	  1675.0000    	 0.79166587E-02	 0.19887698E-02
  1675.0000    	  1676.0000    	 0.87914132E-02	 0.20580704E-02
  1676.0000    	  1677.0000    	 0.44852916E-02	 0.26823543E-02
  1677.0000    	  1678.0000    	 0.16045684E-01	 0.30762355E-02
  1678.0000    	  1679.0000    	 0.12491251E-01	 0.31575881E-02
  1679.0000    	  1680.0000    	 0.11312855E-01	 0.31066911E-02
  1680.0000    	  1681.0000    	 0.14930108E-01	 0.31358492E-02
  1681.0000    	  1682.0000    	 0.15010452E-01	 0.38437161E-02
  1682.0000    	  1683.0000    	 0.19350454E-01	 0.43564193E-02
  1683.0000    	  1684.0000    	 0.65905906E-02	 0.17751797E-02
  1684.0000    	  1685.0000    	 0.95748075E-02	 0.22287677E-02
  1685.0000    	  1686.0000    	 0.63346979E-02	 0.20466863E-02
  1686.0000    	  1687.0000    	 0.45457306E-02	 0.23030442E-02
  1687.0000    	  1688.0000    	 0.94764719E-02	 0.24779680E-02
  1688.0000    	  1689.0000    	 0.12679186E-01	 0.29695322E-02
  1689.0000    	  1690.0000    	 0.11792859E-01	 0.31601142E-02
  1690.0000    	  1691.0000    	 0.15675751E-01	 0.27843592E-02
  1691.0000    	  1692.0000    	 0.15160439E-01	 0.37017309E-02
  1692.0000    	  1693.0000    	 0.15270748E-01	 0.38134435E-02
  1693.0000    	  1694.0000    	 0.15302519E-01	 0.39144695E-02
  1694.0000    	  1695.0000    	 0.56497930E-02	 0.19596266E-02
  1695.0000    	  1696.0000    	 0.45273549E-02	 0.17321750E-02
  1696.0000    	  1697.0000    	 0.69961940E-02	 0.19878395E-02
  1697.0000    	  1698.0000    	 0.75188693E-02	 0.21479632E-02
  1698.0000    	  1699.0000    	 0.77874405E-02	 0.24780030E-02
  1699.0000    	  1700.0000    	 0.84225941E-02	 0.23645048E-02
  1700.0000    	  1701.0000    	 0.15301368E-01	 0.28443874E-02
  1701.0000    	  1702.0000    	 0.18859912E-01	 0.32835831E-02
  1702.0000    	  1703.0000    	 0.17163758E-01	 0.39026434E-02
  1703.0000    	  1704.0000    	 0.13000919E-01	 0.34102573E-02
  1704.0000    	  1705.0000    	 0.10174862E-01	 0.34312550E-02
  1705.0000    	  1706.0000    	 0.61622747E-02	 0.19063866E-02
  1706.0000    	  1707.0000    	 0.49321406E-02	 0.19268135E-02
  1707.0000    	  1708.0000    	 0.78343274E-02	 0.19057126E-02
  1708.0000    	  1709.0000    	 0.27374120E-02	 0.22846282E-02
  1709.0000    	  1710.0000    	 0.94612329E-02	 0.25045697E-02
  1710.0000    	  1711.0000    	 0.10966534E-01	 0.24294260E-02
  1711.0000    	  1712.0000    	 0.17997970E-01	 0.29439980E-02
  1712.0000    	  1713.0000    	 0.16648009E-01	 0.32483925E-02
  1713.0000    	  1714.0000    	 0.10386362E-01	 0.33269386E-02
  1714.0000    	  1715.0000    	 0.15269132E-01	 0.32937990E-02
  1715.0000    	  1716.0000    	 0.10198457E-01	 0.33790083E-02
  1716.0000    	  1717.0000    	 0.50422252E-02	 0.18992331E-02
  1717.0000    	  1718.0000    	 0.37189856E-02	 0.20936042E-02
  1718.0000    	  1719.0000    	 0.63082376E-02	 0.19185373E-02
  1719.0000    	  1720.0000    	 0.86346174E-02	 0.20512293E-02
  1720.0000    	  1721.0000    	 0.10605061E-01	 0.23253233E-02
  1721.0000    	  1722.0000    	 0.78552817E-02	 0.24483651E-02
  1722.0000    	  1723.0000    	 0.96769875E-02	 0.30465690E-02
  1723.0000    	  1724.0000    	 0.12619064E-01	 0.32125097E-02
  1724.0000    	  1725.0000    	 0.18408497E-01	 0.32523117E-02
  1725.0000    	  1726.0000    	 0.11521747E-01	 0.32894236E-02
  1726.0000    	  1727.0000    	 0.15203078E-01	 0.32807054E-02
  1727.0000    	  1728.0000    	 0.67878652E-02	 0.19478431E-02
  1728.0000    	  1729.0000    	 0.59430314E-02	 0.19122485E-02
  1729.0000    	  1730.0000    	 0.70421085E-02	 0.19344574E-02
  1730.0000    	  1731.0000    	 0.10069491E-01	 0.17652085E-02
  1731.0000    	  1732.0000    	 0.94784549E-02	 0.21902689E-02
  1732.0000    	  1733.0000    	 0.13656288E-01	 0.24038535E-02
  1733.0000    	  1734.0000    	 0.13799209E-01	 0.27185529E-02
  1734.0000    	  1735.0000    	 0.92501895E-02	 0.30904663E-02
  1735.0000    	  1736.0000    	 0.94811502E-02	 0.33928865E-02
  1736.0000    	  1737.0000    	 0.11539531E-01	 0.38180378E-02
  1737.0000    	  1738.0000    	 0.12199853E-01	 0.34444550E-02
  1738.0000    	  1739.0000    	 0.56077623E-02	 0.20488041E-02
  1739.0000    	  1740.0000    	 0.64148614E-02	 0.15277449E-02
  1740.0000    	  1741.0000    	 0.65136830E-02	 0.20073162E-02
  1741.0000    	  1742.0000    	 0.10147769E-01	 0.24386036E-02
  1742.0000    	  1743.0000    	 0.77404781E-02	 0.23879032E-02
  1743.0000    	  1744.0000    	 0.12889195E-01	 0.25203369E-02
  1744.0000    	  1745.0000    	 0.10043837E-01	 0.34207200E-02
  1745.0000    	  1746.0000    	 0.20400136E-01	 0.27929109E-02
  1746.0000    	  1747.0000    	 0.12823377E-01	 0.31181737E-02
  1747.0000    	  1748.0000    	 0.16640018E-01	 0.38658145E-02
  1748.0000    	  1749.0000    	 0.13999619E-01	 0.38020816E-02
  1749.0000    	  1750.0000    	 0.34022460E-02	 0.17848374E-02
  1750.0000    	  1751.0000    	 0.71265658E-02	 0.16389962E-02
  1751.0000    	  1752.0000    	 0.75482073E-02	 0.18639489E-02
  1752.0000    	  1753.0000    	 0.94708104E-02	 0.24585258E-02
  1753.0000    	  1754.0000    	 0.90538048E-02	 0.26384946E-02
  1754.0000    	  1755.0000    	 0.10742160E-01	 0.26173661E-02
  1755.0000    	  1756.0000    	 0.92332995E-02	 0.30460572E-02
  1756.0000    	  1757.0000    	 0.97144421E-02	 0.32473442E-02
  1757.0000    	  1758.0000    	 0.13825830E-01	 0.39028567E-02
  1758.0000    	  1759.0000    	 0.10411723E-01	 0.35309086E-02
  1759.0000    	  1760.0000    	 0.17780272E-01	 0.38111615E-02
  1760.0000    	  1761.0000    	 0.37531423E-02	 0.18383977E-02
  1761.0000    	  1762.0000    	 0.23729472E-02	 0.20738548E-02
  1762.0000    	  1763.0000    	 0.65466020E-02	 0.20296272E-02
  1763.0000    	  1764.0000    	 0.52080909E-02	 0.20035094E-02
  1764.0000    	  1765.0000    	 0.72962746E-02	 0.22319648E-02
  1765.0000    	  1766.0000    	 0.81426879E-02	 0.23922081E-02
  1766.0000    	  1767.0000    	 0.13664164E-01	 0.30498299E-02
  1767.0000    	  1768.0000    	 0.14649733E-01	 0.38048783E-02
  1768.0000    	  1769.0000    	 0.13224717E-01	 0.37133892E-02
  1769.0000    	  1770.0000    	 0.77210071E-02	 0.36695237E-02
  1770.0000    	  1771.0000    	 0.11136697E-01	 0.35525522E-02
  1771.0000    	  1772.0000    	 0.76299878E-02	 0.17755331E-02
  1772.0000    	  1773.0000    	 0.61140514E-02	 0.19944348E-02
  1773.0000    	  1774.0000    	 0.79507530E-02	 0.21698238E-02
  1774.0000    	  1775.0000    	 0.57844933E-02	 0.20866623E-02
  1775.0000    	  1776.0000    	 0.10404368E-01	 0.19912399E-02
  1776.0000    	  1777.0000    	 0.93215564E-02	 0.24361382E-02
  1777.0000    	  1778.0000    	 0.11695127E-01	 0.33837784E-02
  1778.0000    	  1779.0000    	 0.11539559E-01	 0.32158777E-02
  1779.0000    	  1780.0000    	 0.11992807E-01	 0.32512010E-02
  1780.0000    	  1781.0000    	 0.14869220E-01	 0.33554405E-02
  1781.0000    	  1782.0000    	 0.24780009E-02	 0.32391463E-02
  1782.0000    	  1783.0000    	 0.71145800E-02	 0.17454205E-02
  1783.0000    	  1784.0000    	 0.48201861E-02	 0.16192729E-02
  1784.0000    	  1785.0000    	 0.63185195E-02	 0.22081917E-02
  1785.0000    	  1786.0000    	 0.96278754E-02	 0.22161725E-02
  1786.0000    	  1787.0000    	 0.89347230E-02	 0.20466679E-02
  1787.0000    	  1788.0000    	 0.10843935E-01	 0.25215641E-02
  1788.0000    	  1789.0000    	 0.20369823E-01	 0.25317813E-02
  1789.0000    	  1790.0000    	 0.18982570E-01	 0.30173968E-02
  1790.0000    	  1791.0000    	 0.12274842E-01	 0.35189508E-02
  1791.0000    	  1792.0000    	 0.88939710E-02	 0.36118537E-02
  1792.0000    	  1793.0000    	 0.16901826E-01	 0.31894047E-02
  1793.0000    	  1794.0000    	 0.53701068E-02	 0.19304270E-02
  1794.0000    	  1795.0000    	 0.62994043E-02	 0.17095135E-02
  1795.0000    	  1796.0000    	 0.82803164E-02	 0.19270588E-02
  1796.0000    	  1797.0000    	 0.94136094E-02	 0.19409043E-02
  1797.0000    	  1798.0000    	 0.91359431E-02	 0.21795447E-02
  1798.0000    	  1799.0000    	 0.13883557E-01	 0.28393343E-02
  1799.0000    	  1800.0000    	 0.14031515E-01	 0.26714891E-02
  1800.0000    	  1801.0000    	 0.10361366E-01	 0.30864320E-02
  1801.0000    	  1802.0000    	 0.17416341E-01	 0.31058470E-02
  1802.0000    	  1803.0000    	 0.20069452E-01	 0.31956984E-02
  1803.0000    	  1804.0000    	 0.10486263E-01	 0.32626473E-02
  1804.0000    	  1805.0000    	 0.51780555E-02	 0.17603904E-02
  1805.0000    	  1806.0000    	 0.41754275E-02	 0.18884891E-02
  1806.0000    	  1807.0000    	 0.51456217E-02	 0.16580341E-02
  1807.0000    	  1808.0000    	 0.89962042E-02	 0.19433940E-02
  1808.0000    	  1809.0000    	 0.77034981E-02	 0.20352068E-02
  1809.0000    	  1810.0000    	 0.11001803E-01	 0.22100913E-02
  1810.0000    	  1811.0000    	 0.11448126E-01	 0.30513865E-02
  1811.0000    	  1812.0000    	 0.12233625E-01	 0.34226357E-02
  1812.0000    	  1813.0000    	 0.17318589E-01	 0.29603870E-02
  1813.0000    	  1814.0000    	 0.13979188E-01	 0.34062403E-02
  1814.0000    	  1815.0000    	 0.91038644E-02	 0.36131584E-02
  1815.0000    	  1816.0000    	 0.35034085E-02	 0.18041318E-02
  1816.0000    	  1817.0000    	 0.54917510E-02	 0.18780658E-02
  1817.0000    	  1818.0000    	 0.79604819E-02	 0.20804855E-02
  1818.0000    	  1819.0000    	 0.42744374E-02	 0.20374221E-02
  1819.0000    	  1820.0000    	 0.91976545E-02	 0.20566055E-02
  1820.0000    	  1821.0000    	 0.12768479E-01	 0.21437737E-02
  1821.0000    	  1822.0000    	 0.10681510E-01	 0.28686493E-02
  1822.0000    	  1823.0000    	 0.16997094E-01	 0.33744672E-02
  1823.0000    	  1824.0000    	 0.18843186E-01	 0.34019763E-02
  1824.0000    	  1825.0000    	 0.16493429E-01	 0.35645817E-02
  1825.0000    	  1826.0000    	 0.54258969E-02	 0.30221946E-02
  1826.0000    	  1827.0000    	 0.37238567E-02	 0.20607933E-02
  1827.0000    	  1828.0000    	 0.67802519E-02	 0.17141875E-02
  1828.0000    	  1829.0000    	 0.43575410E-02	 0.18331184E-02
  1829.0000    	  1830.0000    	 0.87416997E-02	 0.20212247E-02
  1830.0000    	  1831.0000    	 0.10758687E-01	 0.21450228E-02
  1831.0000    	  1832.0000    	 0.97518631E-02	 0.25762167E-02
  1832.0000    	  1833.0000    	 0.11056586E-01	 0.27699264E-02
  1833.0000    	  1834.0000    	 0.12841024E-01	 0.28502750E-02
  1834.0000    	  1835.0000    	 0.77168400E-02	 0.31883724E-02
  1835.0000    	  1836.0000    	 0.74633886E-02	 0.32908846E-02
  1836.0000    	  1837.0000    	 0.15947598E-01	 0.29484470E-02
  1837.0000    	  1838.0000    	 0.81781531E-02	 0.17249117E-02
  1838.0000    	  1839.0000    	 0.39461204E-02	 0.17273237E-02
  1839.0000    	  1840.0000    	 0.58630400E-02	 0.20064872E-02
  1840.0000    	  1841.0000    	 0.84608295E-02	 0.20350417E-02
  1841.0000    	  1842.0000    	 0.80908424E-02	 0.23719844E-02
  1842.0000    	  1843.0000    	 0.11322082E-01	 0.25672491E-02
  1843.0000    	  1844.0000    	 0.13991488E-01	 0.27845471E-02
  1844.0000    	  1845.0000    	 0.15754622E-01	 0.30001911E-02
  1845.0000    	  1846.0000    	 0.16477590E-01	 0.31062731E-02
  1846.0000    	  1847.0000    	 0.11855358E-01	 0.34516801E-02
  1847.0000    	  1848.0000    	 0.90966952E-02	 0.26759603E-02
  1848.0000    	  1849.0000    	 0.47407677E-02	 0.17667135E-02
  1849.0000    	  1850.0000    	 0.35765115E-02	 0.18335208E-02
  1850.0000    	  1851.0000    	 0.45522721E-02	 0.19941792E-02
  1851.0000    	  1852.0000    	 0.52342946E-02	 0.20635741E-02
  1852.0000    	  1853.0000    	 0.10046922E-01	 0.19161859E-02
  1853.0000    	  1854.0000    	 0.13078036E-01	 0.25498953E-02
  1854.0000    	  1855.0000    	 0.11961446E-01	 0.24899076E-02
  1855.0000    	  1856.0000    	 0.97120200E-02	 0.30636492E-02
  1856.0000    	  1857.0000    	 0.14072956E-01	 0.36521048E-02
  1857.0000    	  1858.0000    	 0.14924547E-01	 0.32025297E-02
  1858.0000    	  1859.0000    	 0.88186418E-02	 0.28542833E-02
  1859.0000    	  1860.0000    	 0.33045221E-02	 0.17141225E-02
  1860.0000    	  1861.0000    	 0.68341400E-02	 0.19137198E-02
  1861.0000    	  1862.0000    	 0.56659996E-02	 0.17901109E-02
  1862.0000    	  1863.0000    	 0.95706286E-02	 0.19932630E-02
  1863.0000    	  1864.0000    	 0.94825691E-02	 0.19832341E-02
  1864.0000    	  1865.0000    	 0.86962660E-02	 0.23827580E-02
  1865.0000    	  1866.0000    	 0.13581310E-01	 0.25119080E-02
  1866.0000    	  1867.0000    	 0.16293209E-01	 0.28168127E-02
  1867.0000    	  1868.0000    	 0.73107972E-02	 0.32734812E-02
  1868.0000    	  1869.0000    	 0.18433857E-01	 0.34206557E-02
  1869.0000    	  1870.0000    	 0.99069991E-02	 0.25263811E-02
  1870.0000    	  1871.0000    	 0.67543763E-02	 0.17410602E-02
  1871.0000    	  1872.0000    	 0.72938653E-02	 0.17964422E-02
  1872.0000    	  1873.0000    	 0.37272379E-02	 0.16610795E-02
  1873.0000    	  1874.0000    	 0.67427418E-02	 0.25032446E-02
  1874.0000    	  1875.0000    	 0.13631054E-01	 0.21429711E-02
  1875.0000    	  1876.0000    	 0.10958609E-01	 0.25902510E-02
  1876.0000    	  1877.0000    	 0.10046891E-01	 0.28247010E-02
  1877.0000    	  1878.0000    	 0.99785460E-02	 0.27721539E-02
  1878.0000    	  1879.0000    	 0.14594283E-01	 0.35190948E-02
  1879.0000    	  1880.0000    	 0.90735262E-02	 0.30490439E-02
  1880.0000    	  1881.0000    	-0.87482355E-03	 0.30764947E-02
  1881.0000    	  1882.0000    	 0.58891752E-02	 0.16555558E-02
  1882.0000    	  1883.0000    	 0.80672246E-02	 0.19187448E-02
  1883.0000    	  1884.0000    	 0.97401728E-02	 0.19082151E-02
  1884.0000    	  1885.0000    	 0.67990008E-02	 0.22472622E-02
  1885.0000    	  1886.0000    	 0.10858589E-01	 0.19041762E-02
  1886.0000    	  1887.0000    	 0.12509246E-01	 0.23517255E-02
  1887.0000    	  1888.0000    	 0.80694470E-02	 0.31655294E-02
  1888.0000    	  1889.0000    	 0.15146960E-01	 0.31216276E-02
  1889.0000    	  1890.0000    	 0.85921793E-02	 0.30297772E-02
  1890.0000    	  1891.0000    	 0.67814201E-02	 0.33952772E-02
  1891.0000    	  1892.0000    	 0.13078716E-01	 0.28662427E-02
  1892.0000    	  1893.0000    	 0.12575108E-02	 0.18922957E-02
  1893.0000    	  1894.0000    	 0.50354667E-03	 0.18755540E-02
  1894.0000    	  1895.0000    	 0.70279770E-02	 0.19626383E-02
  1895.0000    	  1896.0000    	 0.59139651E-02	 0.22328696E-02
  1896.0000    	  1897.0000    	 0.12437944E-01	 0.23015895E-02
  1897.0000    	  1898.0000    	 0.12870466E-01	 0.23867779E-02
  1898.0000    	  1899.0000    	 0.11799484E-01	 0.24582967E-02
  1899.0000    	  1900.0000    	 0.13047615E-01	 0.27508672E-02
  1900.0000    	  1901.0000    	 0.14696420E-01	 0.27838654E-02
  1901.0000    	  1902.0000    	 0.12027163E-01	 0.29561858E-02
  1902.0000    	  1903.0000    	 0.88612810E-02	 0.27700875E-02
  1903.0000    	  1904.0000    	 0.23722740E-02	 0.18210311E-02
  1904.0000    	  1905.0000    	 0.54760682E-02	 0.16931014E-02
  1905.0000    	  1906.0000    	 0.96144416E-02	 0.18637500E-02
  1906.0000    	  1907.0000    	 0.10294331E-01	 0.20395414E-02
  1907.0000    	  1908.0000    	 0.50455360E-02	 0.23344604E-02
  1908.0000    	  1909.0000    	 0.73750174E-02	 0.20810961E-02
  1909.0000    	  1910.0000    	 0.10368960E-01	 0.24767299E-02
  1910.0000    	  1911.0000    	 0.87658614E-02	 0.29602710E-02
  1911.0000    	  1912.0000    	 0.20917037E-01	 0.30444954E-02
  1912.0000    	  1913.0000    	 0.13846175E-01	 0.29016008E-02
  1913.0000    	  1914.0000    	 0.94149668E-02	 0.27344905E-02
  1914.0000    	  1915.0000    	 0.57557531E-02	 0.16902016E-02
  1915.0000    	  1916.0000    	 0.64109085E-02	 0.16997483E-02
  1916.0000    	  1917.0000    	 0.52894211E-02	 0.19053381E-02
  1917.0000    	  1918.0000    	 0.78898338E-02	 0.20545309E-02
  1918.0000    	  1919.0000    	 0.11022303E-01	 0.24557232E-02
  1919.0000    	  1920.0000    	 0.11635951E-01	 0.21492228E-02
  1920.0000    	  1921.0000    	 0.10923843E-01	 0.23842789E-02
  1921.0000    	  1922.0000    	 0.10127458E-01	 0.30749924E-02
  1922.0000    	  1923.0000    	 0.11278685E-01	 0.28586063E-02
  1923.0000    	  1924.0000    	 0.12971042E-01	 0.29749813E-02
  1924.0000    	  1925.0000    	 0.10236611E-01	 0.29274475E-02
  1925.0000    	  1926.0000    	 0.52492864E-02	 0.16626940E-02
  1926.0000    	  1927.0000    	 0.39407456E-02	 0.18217078E-02
  1927.0000    	  1928.0000    	 0.64440350E-02	 0.17779027E-02
  1928.0000    	  1929.0000    	 0.65185528E-02	 0.20943667E-02
  1929.0000    	  1930.0000    	 0.10281233E-01	 0.18918325E-02
  1930.0000    	  1931.0000    	 0.10710618E-01	 0.21623322E-02
  1931.0000    	  1932.0000    	 0.60378745E-02	 0.24999678E-02
  1932.0000    	  1933.0000    	 0.15777757E-01	 0.28637833E-02
  1933.0000    	  1934.0000    	 0.16093047E-01	 0.30874171E-02
  1934.0000    	  1935.0000    	 0.14433654E-01	 0.35779410E-02
  1935.0000    	  1936.0000    	 0.81392502E-02	 0.28765884E-02
  1936.0000    	  1937.0000    	 0.38503904E-02	 0.17732067E-02
  1937.0000    	  1938.0000    	 0.69254227E-02	 0.18231884E-02
  1938.0000    	  1939.0000    	 0.17151449E-02	 0.16576693E-02
  1939.0000    	  1940.0000    	 0.90184449E-02	 0.19925220E-02
  1940.0000    	  1941.0000    	 0.78695651E-02	 0.19562221E-02
  1941.0000    	  1942.0000    	 0.10860265E-01	 0.21130382E-02
  1942.0000    	  1943.0000    	 0.14400378E-01	 0.22744729E-02
  1943.0000    	  1944.0000    	 0.16294078E-01	 0.33698329E-02
  1944.0000    	  1945.0000    	 0.10774518E-01	 0.28660503E-02
  1945.0000    	  1946.0000    	 0.10171253E-01	 0.28801179E-02
  1946.0000    	  1947.0000    	 0.94366765E-02	 0.31893463E-02
  1947.0000    	  1948.0000    	 0.42668253E-02	 0.18483551E-02
  1948.0000    	  1949.0000    	 0.45117609E-02	 0.18582754E-02
  1949.0000    	  1950.0000    	 0.69346305E-02	 0.18929322E-02
  1950.0000    	  1951.0000    	 0.91197931E-02	 0.17358826E-02
  1951.0000    	  1952.0000    	 0.10607933E-01	 0.20226107E-02
  1952.0000    	  1953.0000    	 0.12937021E-01	 0.27843428E-02
  1953.0000    	  1954.0000    	 0.14178539E-01	 0.23822739E-02
  1954.0000    	  1955.0000    	 0.93380180E-02	 0.29853335E-02
  1955.0000    	  1956.0000    	 0.77485338E-02	 0.27996025E-02
  1956.0000    	  1957.0000    	 0.83607899E-02	 0.31804943E-02
  1957.0000    	  1958.0000    	 0.12895877E-01	 0.25810109E-02
  1958.0000    	  1959.0000    	 0.42282981E-02	 0.18891552E-02
  1959.0000    	  1960.0000    	 0.47194004E-02	 0.17480686E-02
  1960.0000    	  1961.0000    	 0.67498432E-02	 0.16923730E-02
  1961.0000    	  1962.0000    	 0.76989772E-02	 0.18184021E-02
  1962.0000    	  1963.0000    	 0.74636500E-02	 0.19656662E-02
  1963.0000    	  1964.0000    	 0.94846336E-02	 0.23962505E-02
  1964.0000    	  1965.0000    	 0.16706043E-01	 0.25314684E-02
  1965.0000    	  1966.0000    	 0.13995492E-01	 0.26688712E-02
  1966.0000    	  1967.0000    	 0.15830358E-01	 0.28444862E-02
  1967.0000    	  1968.0000    	 0.10257497E-01	 0.28403709E-02
  1968.0000    	  1969.0000    	 0.10601408E-01	 0.29108440E-02
  1969.0000    	  1970.0000    	 0.29884579E-02	 0.17692912E-02
  1970.0000    	  1971.0000    	 0.69700923E-02	 0.16034625E-02
  1971.0000    	  1972.0000    	 0.10156770E-01	 0.19406055E-02
  1972.0000    	  1973.0000    	 0.80961361E-02	 0.18727188E-02
  1973.0000    	  1974.0000    	 0.93095090E-02	 0.21240939E-02
  1974.0000    	  1975.0000    	 0.75727005E-02	 0.23380206E-02
  1975.0000    	  1976.0000    	 0.11545418E-01	 0.24778103E-02
  1976.0000    	  1977.0000    	 0.14423063E-01	 0.30636312E-02
  1977.0000    	  1978.0000    	 0.13150396E-01	 0.30709249E-02
  1978.0000    	  1979.0000    	 0.16928235E-01	 0.28775163E-02
  1979.0000    	  1980.0000    	 0.86856657E-02	 0.26114211E-02
  1980.0000    	  1981.0000    	 0.46288612E-02	 0.18126215E-02
  1981.0000    	  1982.0000    	 0.47136928E-02	 0.16623483E-02
  1982.0000    	  1983.0000    	 0.36007593E-02	 0.18849207E-02
  1983.0000    	  1984.0000    	 0.64610430E-02	 0.18053059E-02
  1984.0000    	  1985.0000    	 0.12934704E-01	 0.20856252E-02
  1985.0000    	  1986.0000    	 0.12971665E-01	 0.21636340E-02
  1986.0000    	  1987.0000    	 0.12423351E-01	 0.23075693E-02
  1987.0000    	  1988.0000    	 0.12446379E-01	 0.32785698E-02
  1988.0000    	  1989.0000    	 0.11204719E-01	 0.30242080E-02
  1989.0000    	  1990.0000    	 0.10858856E-01	 0.27198750E-02
  1990.0000    	  1991.0000    	 0.10564861E-01	 0.29532733E-02
  1991.0000    	  1992.0000    	 0.40179298E-02	 0.13457536E-02
  1992.0000    	  1993.0000    	 0.41463668E-02	 0.16534010E-02
  1993.0000    	  1994.0000    	 0.19680675E-02	 0.21236852E-02
  1994.0000    	  1995.0000    	 0.41030108E-02	 0.17677199E-02
  1995.0000    	  1996.0000    	 0.10096047E-01	 0.19783400E-02
  1996.0000    	  1997.0000    	 0.11709007E-01	 0.20262652E-02
  1997.0000    	  1998.0000    	 0.13040970E-01	 0.25232465E-02
  1998.0000    	  1999.0000    	 0.14842010E-01	 0.27064722E-02
  1999.0000    	  2000.0000    	 0.90612441E-02	 0.29675610E-02
  2000.0000    	  2001.0000    	 0.12630994E-01	 0.27290782E-02
  2001.0000    	  2002.0000    	 0.10121395E-01	 0.27853820E-02
  2002.0000    	  2003.0000    	 0.74055239E-02	 0.16324951E-02
  2003.0000    	  2004.0000    	 0.80156745E-02	 0.15963092E-02
  2004.0000    	  2005.0000    	 0.87164547E-02	 0.18194741E-02
  2005.0000    	  2006.0000    	 0.97788231E-02	 0.18209194E-02
  2006.0000    	  2007.0000    	 0.13015000E-01	 0.20059776E-02
  2007.0000    	  2008.0000    	 0.13515333E-01	 0.24747369E-02
  2008.0000    	  2009.0000    	 0.91427360E-02	 0.24902138E-02
  2009.0000    	  2010.0000    	 0.14262439E-01	 0.26421157E-02
  2010.0000    	  2011.0000    	 0.15555157E-01	 0.25760241E-02
  2011.0000    	  2012.0000    	 0.15531025E-01	 0.29448559E-02
  2012.0000    	  2013.0000    	 0.12097024E-01	 0.27911969E-02
  2013.0000    	  2014.0000    	 0.26522052E-02	 0.18551315E-02
  2014.0000    	  2015.0000    	 0.42174196E-02	 0.17139164E-02
  2015.0000    	  2016.0000    	 0.51689616E-02	 0.19191771E-02
  2016.0000    	  2017.0000    	 0.81566515E-02	 0.20385732E-02
  2017.0000    	  2018.0000    	 0.73815242E-02	 0.17643607E-02
  2018.0000    	  2019.0000    	 0.87799218E-02	 0.23462529E-02
  2019.0000    	  2020.0000    	 0.12882145E-01	 0.23437000E-02
  2020.0000    	  2021.0000    	 0.13546520E-01	 0.24312951E-02
  2021.0000    	  2022.0000    	 0.88715030E-02	 0.27827166E-02
  2022.0000    	  2023.0000    	 0.87407696E-02	 0.29502450E-02
  2023.0000    	  2024.0000    	 0.10466106E-01	 0.25342424E-02
