0.0367754,0.0361183,0.0356112,0.0341989,0.0325263,0.0305373,0.0289627,0.026901,0.0246132,0.0229355,0.0206563
0.0343615,0.0336665,0.0331422,0.0319419,0.0304298,0.0287043,0.0268805,0.0249464,0.0228645,0.0211268,0.018947
0.0321332,0.0315775,0.0307506,0.0297477,0.0284128,0.0264228,0.02493,0.0230378,0.0212492,0.0194287,0.0173756
0.0298884,0.0292655,0.0287221,0.0276379,0.0263483,0.0247084,0.0232006,0.021426,0.0195825,0.0178417,0.015939
0.0280604,0.0274924,0.0269125,0.0259235,0.0247008,0.0231078,0.0216352,0.0199604,0.0182179,0.0165497,0.0147476
0.0264332,0.0259034,0.0252438,0.0244358,0.0232981,0.0217177,0.0202265,0.0186545,0.0170322,0.0154243,0.013713
0.0248466,0.0243299,0.0237673,0.0229047,0.0217589,0.0203149,0.0189893,0.0174694,0.0158655,0.0143153,0.0127182
0.0234003,0.0230046,0.0223846,0.0216033,0.0205446,0.0191401,0.0178626,0.016389,0.014804,0.0133636,0.0118909
0.0221386,0.0216939,0.021126,0.0203731,0.0192945,0.0179759,0.0167903,0.0153749,0.0139259,0.0125001,0.0110727
0.0209846,0.0205261,0.0200251,0.0191879,0.0182951,0.016999,0.0158737,0.0145114,0.0130762,0.0116838,0.0103629
0.0197906,0.0194839,0.0188583,0.0182972,0.0172819,0.0160383,0.0149758,0.013691,0.0123373,0.0110783,0.00971039
0.0189501,0.0186516,0.0180052,0.017267,0.0163244,0.0152078,0.0141422,0.0129004,0.0115887,0.0103694,0.0090918
0.0179011,0.0174738,0.0170409,0.0163528,0.0154137,0.0143389,0.0133571,0.0122047,0.010912,0.00972233,0.00856433
0.0169774,0.0166634,0.0160283,0.015563,0.014581,0.0135617,0.0126424,0.0115158,0.0103441,0.00922889,0.00803923
0.0160815,0.0157721,0.0152868,0.0147164,0.0138866,0.0128657,0.0119467,0.0109059,0.00974993,0.00864482,0.00760855
0.0153861,0.0150427,0.014515,0.0140518,0.0132086,0.0122488,0.0113446,0.0103525,0.00923307,0.00820865,0.00717423
0.0147031,0.0142234,0.0138972,0.0132538,0.012572,0.0116014,0.0107908,0.0099161,0.00880727,0.00775212,0.00678708
0.0139316,0.0135486,0.0131523,0.0126614,0.0118821,0.0110578,0.0102783,0.00937366,0.00830363,0.00729187,0.00637774
0.0132465,0.0129654,0.0125484,0.0120722,0.0113497,0.0105269,0.00974464,0.00885982,0.00795582,0.00696025,0.00607771
0.0126774,0.0124101,0.0119338,0.0116166,0.0108626,0.0100416,0.00924258,0.0083662,0.00751637,0.00661016,0.00572798
0.0120392,0.0118043,0.0114247,0.0109844,0.0103213,0.00956624,0.00882885,0.00802276,0.00717887,0.00626841,0.00545807
0.0115652,0.0113043,0.0108781,0.0105523,0.00986902,0.00912017,0.00840346,0.00767303,0.00679548,0.0059789,0.00518514
0.01106,0.0108665,0.0104675,0.0100992,0.00948514,0.00871042,0.0079929,0.0072958,0.00649254,0.00569583,0.00499438
0.0105941,0.0102823,0.00998895,0.00960588,0.00901654,0.00832883,0.00768175,0.00699289,0.00613311,0.00539818,0.00470025
0.0100887,0.00992413,0.00955549,0.00914434,0.00865268,0.00794388,0.00728404,0.00662425,0.00589663,0.00516179,0.00446101
0.00961358,0.0094547,0.00918774,0.00878992,0.00825268,0.00761495,0.00695364,0.00632317,0.00559673,0.00494139,0.00425539
0.00928732,0.00910367,0.00878014,0.00839345,0.00791139,0.00730558,0.00669045,0.00607638,0.00535875,0.00470514,0.00404016
0.00881738,0.00872747,0.00845446,0.008072,0.0075968,0.00699304,0.00633111,0.00575847,0.00510757,0.00451553,0.00386033
0.00855279,0.00832929,0.00805326,0.00769967,0.00722342,0.00672058,0.00611905,0.0055197,0.00487648,0.0042783,0.0036671
0.00818039,0.00796244,0.00775292,0.00738902,0.00696378,0.00638697,0.00587561,0.00534244,0.00468012,0.00409073,0.0035028
0.00785106,0.00769531,0.00742892,0.00710613,0.00672649,0.006154,0.00562097,0.00508553,0.00450857,0.0039051,0.00335546
0.00751856,0.00736349,0.00710363,0.00684089,0.00643714,0.00590595,0.00537214,0.00484989,0.00426014,0.00372098,0.00319935
0.00722119,0.00705959,0.00682428,0.00653532,0.00616894,0.00568207,0.00515859,0.00464716,0.00408093,0.00355506,0.00304688
0.0069366,0.00680051,0.00657068,0.00629666,0.00592608,0.00544802,0.00495659,0.00443859,0.00392928,0.00342143,0.00292534
0.0067142,0.00652499,0.00629858,0.00603171,0.00572342,0.00521193,0.00474076,0.00430545,0.00375057,0.00326097,0.00278409
0.00645451,0.0062522,0.00600477,0.00581834,0.0054786,0.00501134,0.00455151,0.00411476,0.003581,0.00311827,0.00266302
0.00617409,0.00604834,0.00581741,0.00559431,0.00524451,0.00484193,0.00442006,0.00391086,0.00345155,0.00300277,0.0025528
0.00594154,0.00579147,0.00560282,0.00537211,0.00505152,0.0046538,0.00423765,0.00380312,0.0033188,0.00287221,0.00244983
0.00574456,0.00558193,0.0053612,0.00516312,0.00487307,0.00444414,0.00404778,0.00369146,0.00317834,0.00275516,0.00235117
0.00552886,0.00533386,0.0051906,0.00494876,0.00471346,0.00431642,0.00388744,0.00352772,0.00306127,0.00263807,0.00226796
0.00534358,0.00514667,0.00500153,0.00474884,0.00452034,0.00414581,0.00375447,0.00337718,0.00295943,0.00253014,0.00215933
0.00511889,0.00494869,0.00479861,0.00458676,0.00434838,0.00398598,0.00360679,0.00326742,0.00282364,0.00242579,0.00206718
0.00494979,0.0047791,0.00463935,0.0044318,0.00419616,0.0038384,0.0034664,0.00312345,0.0027146,0.00234109,0.00198449
0.00475898,0.00461716,0.00449066,0.00425997,0.00402574,0.00367954,0.00335063,0.00302127,0.00261923,0.00225279,0.00189281
0.00456467,0.00444963,0.00435151,0.00409803,0.00388329,0.0035579,0.00323973,0.00288839,0.00256624,0.00216232,0.00181496
0.00443678,0.00427515,0.00415331,0.00396454,0.00376952,0.00342263,0.00310675,0.00278839,0.00243251,0.00207298,0.00175071
0.00427467,0.00416119,0.00398613,0.00383565,0.00360549,0.00329419,0.00300111,0.00268822,0.00233176,0.00200864,0.00166361
0.00411114,0.00395129,0.0038747,0.00367036,0.00347776,0.00317446,0.00289311,0.00259957,0.00224978,0.00190924,0.00161962
0.00396523,0.00382512,0.00373584,0.00355912,0.00337658,0.00309337,0.00278546,0.00248968,0.0021612,0.00183437,0.00155708
0.00383966,0.00370353,0.00362701,0.00344444,0.0032518,0.00297014,0.0026797,0.00240924,0.00209097,0.0017691,0.00149305
0.0037262,0.00356988,0.00346721,0.00331837,0.00315228,0.00286854,0.00258995,0.00232482,0.00200285,0.00171454,0.00144118
0.0035581,0.00345472,0.00336008,0.00322207,0.00302334,0.00275341,0.00251166,0.00226494,0.00192268,0.0016557,0.00138129
0.00345723,0.00334348,0.00326385,0.00311973,0.00294404,0.00264657,0.00241446,0.00217867,0.00186097,0.00160512,0.00133004
0.0033156,0.00320192,0.0031423,0.00297727,0.00282103,0.00257688,0.0023315,0.00209616,0.00180181,0.00151955,0.00127703
0.00322341,0.00309576,0.00302187,0.00287808,0.00273363,0.00248968,0.00223548,0.00202016,0.00174647,0.00146808,0.00123261
0.00312717,0.00299439,0.00291908,0.00277259,0.00267361,0.00241091,0.00217299,0.00196346,0.00169534,0.00142402,0.00117569
0.00300095,0.0029041,0.00283485,0.00268271,0.00255406,0.00233076,0.00209636,0.00188384,0.00163141,0.00136608,0.00113696
0.00289559,0.00280842,0.00273981,0.00260093,0.00245638,0.00224916,0.00202348,0.00181439,0.00157246,0.00131701,0.00109659
0.00280608,0.00270743,0.00264219,0.00251865,0.00238318,0.00216737,0.00195304,0.00176502,0.00151316,0.00127271,0.00106209
0.00271656,0.00261183,0.00255244,0.00243825,0.00231984,0.00209813,0.00189079,0.00171303,0.00146723,0.00122728,0.00103036
0.00261899,0.00254069,0.00248696,0.00236114,0.00222191,0.00201102,0.00184239,0.00165817,0.00141347,0.00119798,0.000994645
0.00254032,0.00246224,0.00240174,0.00228335,0.00214417,0.00196303,0.00177662,0.00158978,0.00136545,0.0011486,0.000952792
0.00245827,0.00236804,0.00231525,0.00220908,0.00208782,0.00189528,0.0017083,0.00154165,0.00132034,0.001104,0.000920428
0.00238692,0.0022896,0.00223713,0.00213607,0.00203135,0.00183412,0.00165512,0.00149865,0.00128098,0.00107143,0.000886456
0.00231296,0.00221548,0.00216184,0.00207621,0.00196213,0.00178094,0.00159962,0.0014481,0.00123224,0.00103344,0.000855409
0.00222803,0.00215477,0.00209735,0.00201031,0.00189713,0.00171757,0.00155937,0.00139827,0.00119223,0.000999727,0.000832081
0.00215257,0.00209097,0.00203533,0.0019474,0.00183726,0.00167511,0.00150745,0.00134743,0.00115859,0.000964872,0.000801155
0.00209336,0.00201778,0.00197378,0.0018926,0.0017858,0.00161203,0.00145292,0.00131849,0.00111511,0.000935109,0.000776163
0.00201516,0.00196171,0.00192187,0.0018255,0.00173662,0.0015635,0.00141235,0.00126813,0.00107571,0.00090054,0.000738754
0.00196398,0.00188736,0.00184783,0.00177284,0.00167468,0.00151638,0.00136155,0.00122787,0.00104523,0.000872235,0.000723647
0.00190575,0.00183691,0.00179313,0.00171715,0.0016285,0.00147074,0.0013223,0.00118609,0.00101982,0.000847859,0.000697708
0.00185441,0.0017741,0.00174483,0.0016646,0.00157545,0.0014294,0.00127864,0.00115647,0.000981027,0.000815207,0.000679179
0.00178878,0.00173355,0.001691,0.00161893,0.00152896,0.00137578,0.00124602,0.00110817,0.000957639,0.000795374,0.000650492
0.00173014,0.00168084,0.00163692,0.00157464,0.00147846,0.00133655,0.00120672,0.00108049,0.000922549,0.000767337,0.000628136
0.00168096,0.00162307,0.0015795,0.0015274,0.00143669,0.00130168,0.00116432,0.00104585,0.000897152,0.000739064,0.000609207
0.00164148,0.0015808,0.0015468,0.00147924,0.00139378,0.00126108,0.00113692,0.00102232,0.000868356,0.000720886,0.000595186
0.00157241,0.00153357,0.00148895,0.00143947,0.00135012,0.00122109,0.00110022,0.000982667,0.000843101,0.000694847,0.000568028
0.00153776,0.00149019,0.00145161,0.00138848,0.00130461,0.00118802,0.00107027,0.000956596,0.000815625,0.000672525,0.000555086
0.00148625,0.00144241,0.00141208,0.00135105,0.0012786,0.0011536,0.00103673,0.000925135,0.000791808,0.000653516,0.000532702
0.00144667,0.00140242,0.00136818,0.00131199,0.00123334,0.00111893,0.00101107,0.000898769,0.000768624,0.00063335,0.000518148
0.00140568,0.00136225,0.00133932,0.0012796,0.00119872,0.00108674,0.000985575,0.000870162,0.000746707,0.000614755,0.000502078
0.00136399,0.00132608,0.00128889,0.00123691,0.00117111,0.00105731,0.000954294,0.000847282,0.000725025,0.000594515,0.00048556
0.0013206,0.00128443,0.00125596,0.00121209,0.0011361,0.00103344,0.000927894,0.000821117,0.000706342,0.000575803,0.000476985
0.00128056,0.00125026,0.00120999,0.00117565,0.00109722,0.00100211,0.000896042,0.000800795,0.000684712,0.000560056,0.000457656
0.0012488,0.00121357,0.00118657,0.00114081,0.00107139,0.000971837,0.000874613,0.000770928,0.000665015,0.000543983,0.000445155
0.00121142,0.00118466,0.00114876,0.00111045,0.00104182,0.000945439,0.000848508,0.000759773,0.000642106,0.000527318,0.000431014
0.00117508,0.00115182,0.00111707,0.00107163,0.0010204,0.000914142,0.000828648,0.000729343,0.000631071,0.000514069,0.000414677
0.0011453,0.00111623,0.00108929,0.00104106,0.000979795,0.000894586,0.000803919,0.000713555,0.000607905,0.000499987,0.000403524
0.00111742,0.00108977,0.00105897,0.00101078,0.000963507,0.000867425,0.000789308,0.000689562,0.000595864,0.000477819,0.000394641
0.00108912,0.0010559,0.00103456,0.000991202,0.00092437,0.00084987,0.000762303,0.000683308,0.000574311,0.000468426,0.000381686
0.00105504,0.00103007,0.000999682,0.000970242,0.000905409,0.00082575,0.000743209,0.000655924,0.000556597,0.000460606,0.000368528
0.0010268,0.00100219,0.000974611,0.000939079,0.000881272,0.000801143,0.000720965,0.000639007,0.000543024,0.000443803,0.000358111
0.000999684,0.000974658,0.000942012,0.00091098,0.000859071,0.000781846,0.000701422,0.000617448,0.000529871,0.000433779,0.000345972
0.000967601,0.000948753,0.000917963,0.000891754,0.000834016,0.000760503,0.000683654,0.000603514,0.000512967,0.000419193,0.00033657
0.00094849,0.000923332,0.000896099,0.000867632,0.000814419,0.000737716,0.000659521,0.000584126,0.000500338,0.000407788,0.000327773
0.00092452,0.000896712,0.000876412,0.000838619,0.000793848,0.000718343,0.000649445,0.000570007,0.000489459,0.00039002,0.000317191
0.000895495,0.000871737,0.000849738,0.000820918,0.000769466,0.000696612,0.000629905,0.000553561,0.000474345,0.000382939,0.000311275
0.000869944,0.000853926,0.00082682,0.000801946,0.000751391,0.000685427,0.000614387,0.00054264,0.000460884,0.000374219,0.000299008
0.000848409,0.000828202,0.000808243,0.000777521,0.000729138,0.00066577,0.000602522,0.000527241,0.000451863,0.000363291,0.000292364
0.000827695,0.000810728,0.00078853,0.000758954,0.000713203,0.00065128,0.000584267,0.000514143,0.000435628,0.000351951,0.00028416
0.000805874,0.000786662,0.000761443,0.000735327,0.000696398,0.000630778,0.000571146,0.000498124,0.000425314,0.000343669,0.000272819
0.000781955,0.000766921,0.000749259,0.000719737,0.000676764,0.000617881,0.000552836,0.000489145,0.000412,0.000331246,0.000266103
0.000765196,0.000747796,0.000720134,0.000699672,0.000661894,0.000597738,0.00054062,0.000471133,0.000403474,0.000324492,0.000261761
0.000747009,0.000727649,0.000709064,0.000687712,0.000644253,0.000587561,0.000528716,0.000463871,0.000391655,0.000317372,0.000251404
0.000724042,0.000709972,0.000687858,0.000667291,0.000627493,0.000569114,0.000514081,0.000450425,0.000383039,0.000307888,0.000244415
0.000705434,0.00069158,0.000670305,0.000652451,0.000611152,0.000555607,0.000498856,0.000439592,0.000373144,0.000299797,0.000239392
0.000686701,0.000672791,0.000658083,0.000636757,0.000597794,0.000543031,0.000490268,0.000428137,0.000361757,0.000289694,0.000233795
0.000671162,0.000656674,0.000639034,0.000619662,0.000582485,0.000533233,0.000477313,0.000419615,0.000352713,0.000280633,0.000224223
0.000653119,0.00063817,0.000618983,0.000605731,0.000568463,0.000514621,0.000466425,0.000407008,0.000342059,0.000274595,0.000221198
0.000634321,0.000625039,0.000600486,0.00058571,0.000553672,0.000503269,0.000453155,0.000397215,0.000337573,0.000269078,0.000213672
0.000618246,0.000608212,0.000590213,0.000574868,0.000540851,0.000489329,0.000442813,0.000387001,0.000327931,0.000262199,0.000205923
0.000605156,0.00059228,0.000576952,0.000559049,0.00052475,0.000479296,0.000431852,0.000377361,0.000320306,0.000257065,0.000199906
0.000590751,0.000580697,0.000571403,0.000548627,0.000515856,0.000468029,0.000421477,0.000367513,0.000311134,0.000249656,0.000196275
0.000570615,0.000562746,0.000544324,0.00053054,0.000498954,0.000455492,0.000409226,0.000360138,0.00030433,0.000239092,0.000191288
0.000559894,0.000550441,0.000534601,0.000520301,0.000489688,0.000442232,0.000399839,0.00034876,0.000294732,0.000235497,0.000186962
0.00054768,0.000538137,0.000521516,0.000508592,0.0004766,0.000435237,0.000389369,0.00034158,0.000287176,0.000230661,0.00018087
0.000532963,0.000527356,0.000507654,0.000493499,0.000465792,0.000424006,0.000380433,0.000334372,0.000279394,0.000225395,0.000173767
0.000516645,0.000513984,0.00049626,0.000484963,0.000456183,0.000415461,0.000372149,0.000326731,0.000273598,0.000219814,0.000170514
0.000505527,0.000499889,0.000486078,0.000471138,0.000443583,0.000404925,0.00036465,0.000318602,0.000266514,0.000212168,0.000166378
0.000492866,0.000486765,0.000476867,0.000461766,0.000432593,0.000395258,0.000355251,0.000311625,0.00026067,0.000206752,0.000161595
0.000481002,0.000474124,0.000463851,0.000450356,0.000422813,0.000385304,0.000347831,0.000302435,0.000254417,0.0002033,0.00015797
0.000469309,0.000467013,0.000448267,0.000438409,0.00041377,0.000378576,0.000337602,0.000297781,0.000246488,0.00019836,0.0001513
0.000459736,0.000454597,0.000443195,0.000430323,0.000405791,0.000369446,0.000328837,0.000289103,0.00024142,0.000193583,0.000149291
0.000446366,0.000443023,0.000433033,0.00041965,0.000393741,0.000360219,0.000326209,0.00028301,0.000235886,0.000187708,0.00014539
0.000437615,0.000431384,0.000419913,0.000410297,0.000385165,0.00035105,0.000317419,0.000275481,0.000231116,0.000183345,0.000142218
0.000425256,0.000423068,0.000408188,0.00040082,0.000375086,0.000343038,0.000309928,0.000270787,0.000223886,0.000178237,0.000137514
0.000414483,0.000410538,0.000399162,0.00039131,0.000366504,0.000333409,0.000301611,0.000262809,0.000218808,0.000173691,0.000133037
0.00040464,0.0004016,0.000393013,0.000383049,0.000357244,0.000326206,0.000294643,0.000256654,0.000212802,0.000170477,0.000130354
0.000393746,0.000390988,0.000380677,0.000373075,0.000348975,0.00031841,0.000287474,0.000250735,0.000208191,0.000165342,0.00012676
0.000384824,0.000384046,0.00036947,0.000365323,0.00034079,0.000312911,0.000281928,0.000245543,0.000203017,0.000161155,0.000122764
0.000376398,0.000373849,0.000362698,0.000355713,0.00033488,0.000305292,0.000275313,0.000240321,0.000198242,0.000157554,0.00012125
0.000367182,0.000364117,0.000355105,0.00034802,0.000325453,0.000298273,0.000268692,0.00023331,0.000193216,0.000153093,0.000117345
0.000356102,0.000356616,0.000349692,0.00033978,0.000317656,0.000289993,0.000261762,0.000228409,0.000187551,0.000149825,0.000113384
0.000347575,0.000346004,0.000336637,0.000333727,0.000309684,0.000284625,0.000256462,0.000223336,0.000184176,0.000145635,0.000111463
0.000341841,0.000339426,0.000336461,0.000323974,0.00030386,0.000277318,0.000249534,0.000217507,0.000178242,0.000141873,0.000108452
0.000334212,0.000330751,0.000323972,0.000318125,0.000295385,0.000271412,0.000244212,0.000212333,0.00017539,0.00013938,0.000104866
0.000325797,0.000321608,0.000316341,0.000309536,0.000287985,0.000265353,0.000237712,0.000207395,0.000170149,0.00013579,0.000102431
0.000314874,0.000315007,0.000305848,0.000302007,0.000281545,0.00025967,0.000232452,0.000203057,0.000166006,0.00013257,9.94659e-05
0.000310394,0.000308248,0.000301058,0.000295976,0.00027598,0.000252811,0.000227902,0.000198155,0.000161764,0.000129032,9.78354e-05
0.000301084,0.000299716,0.000295383,0.000289262,0.000268339,0.00024724,0.000222176,0.000193461,0.000159141,0.00012564,9.42774e-05
0.000294435,0.000293038,0.000288025,0.000282324,0.000262973,0.000241862,0.000217925,0.000189493,0.000154052,0.000122995,9.21418e-05
0.00028518,0.000287167,0.00028023,0.000276268,0.000256779,0.000234471,0.000212162,0.000184766,0.000149157,0.000120416,8.99728e-05
0.00028045,0.000279568,0.000274103,0.000269215,0.000249673,0.000229862,0.000207443,0.000180412,0.000146585,0.000116007,8.72038e-05
0.000273232,0.000272304,0.000269094,0.000263682,0.000243382,0.000224592,0.000202333,0.000175946,0.0001428,0.000113745,8.51194e-05
0.000267659,0.000266005,0.000263098,0.000256793,0.000238466,0.000220098,0.00019658,0.000171578,0.000139403,0.000110707,8.26841e-05
0.000259548,0.000260457,0.00025544,0.000252142,0.000234787,0.000214275,0.000193434,0.000167889,0.000135365,0.000107668,8.08361e-05
0.000256272,0.000253995,0.000250183,0.000245844,0.000226826,0.000210136,0.000188971,0.000164016,0.000132891,0.000105726,8.00258e-05
0.000249082,0.000247727,0.00024622,0.000239536,0.000220768,0.000205752,0.000183587,0.000159839,0.000129425,0.000102711,7.62671e-05
0.00024293,0.000241507,0.000239996,0.000234556,0.00021635,0.000200926,0.000180381,0.000156377,0.000126745,0.000100487,7.3671e-05
0.000237068,0.000235499,0.000234935,0.000229063,0.000211613,0.000195376,0.000175614,0.000152456,0.000122543,9.82336e-05,7.22894e-05
0.000231516,0.000230684,0.000229228,0.000223823,0.000206139,0.000192435,0.000171428,0.000148806,0.000118857,9.51302e-05,6.98569e-05
0.000226406,0.000225967,0.000223971,0.000218376,0.000202274,0.000186504,0.000166798,0.000145222,0.000116975,9.35299e-05,6.75277e-05
0.000220632,0.000220475,0.000218188,0.000213518,0.000198017,0.000182812,0.000163746,0.000142761,0.000113885,9.07601e-05,6.62906e-05
0.000216082,0.000214603,0.00021288,0.000209355,0.00019238,0.000178058,0.000159999,0.000139052,0.000111166,8.81683e-05,6.51228e-05
0.000209738,0.000209914,0.000207791,0.000204131,0.000189165,0.000173278,0.000156124,0.000136106,0.000108493,8.60917e-05,6.32273e-05
0.000204555,0.000205494,0.0002039,0.000199641,0.000184267,0.000169675,0.000153376,0.000132394,0.000105539,8.38947e-05,6.07283e-05
0.000200474,0.000200674,0.000201201,0.00019461,0.000180555,0.000166471,0.000148864,0.00012926,0.000102073,8.18096e-05,5.98705e-05
0.000194999,0.000196373,0.000194266,0.000190814,0.000175762,0.000161811,0.000146561,0.000126391,0.000100174,7.89716e-05,5.69529e-05
0.000191021,0.00019136,0.000190227,0.000186281,0.000171311,0.000158494,0.000142613,0.000123207,9.79462e-05,7.7449e-05,5.60282e-05
0.000186076,0.000186017,0.000186201,0.000182534,0.000166822,0.000155123,0.000138833,0.00012022,9.59618e-05,7.55679e-05,5.42353e-05
0.000181955,0.000182247,0.000181937,0.000178272,0.000164639,0.000151283,0.000136618,0.000118416,9.36496e-05,7.36811e-05,5.26135e-05
0.000177206,0.000177887,0.000177807,0.000174584,0.000160073,0.000147194,0.000132666,0.000114203,9.04369e-05,7.18511e-05,5.20483e-05
0.000171668,0.000174205,0.000173532,0.00017018,0.0001563,0.000143478,0.000129664,0.000112038,8.87398e-05,6.95175e-05,4.99524e-05
0.000168726,0.000169754,0.000170009,0.000166494,0.000152946,0.000140115,0.000126785,0.000109203,8.63671e-05,6.81634e-05,4.81886e-05
0.000163193,0.000165524,0.000166518,0.000162042,0.00014964,0.000136926,0.000123557,0.000106212,8.41813e-05,6.60675e-05,4.69529e-05
0.000159471,0.00016187,0.00016201,0.000158079,0.000145382,0.000134038,0.000120899,0.000104342,8.24134e-05,6.43207e-05,4.58115e-05
0.000155763,0.000157855,0.000158164,0.00015448,0.000141425,0.000131229,0.00011769,0.000101714,7.96375e-05,6.27975e-05,4.45458e-05
0.000152876,0.000153018,0.000154794,0.000151185,0.000138504,0.000128167,0.000115253,9.91454e-05,7.74254e-05,6.16969e-05,4.32436e-05
0.00014892,0.000151206,0.000151076,0.000147193,0.00013625,0.000124675,0.000112868,9.65035e-05,7.62137e-05,5.96368e-05,4.1804e-05
0.00014554,0.000146904,0.000149034,0.000145003,0.000132693,0.000122349,0.000109981,9.47573e-05,7.45285e-05,5.82827e-05,4.19998e-05
0.00014339,0.000143474,0.000145361,0.000141509,0.000129992,0.00011909,0.000108013,9.23893e-05,7.22134e-05,5.67703e-05,3.98453e-05
0.000139506,0.000140476,0.000140936,0.000138301,0.000126049,0.000115762,0.000105015,9.0338e-05,7.05533e-05,5.56322e-05,3.81725e-05
0.000135039,0.000136877,0.000138145,0.000135047,0.000123263,0.000113199,0.000103074,8.86817e-05,6.88072e-05,5.3769e-05,3.75151e-05
0.000132033,0.000133224,0.000135009,0.000132354,0.000121001,0.000111368,0.000100091,8.62805e-05,6.69647e-05,5.16087e-05,3.62547e-05
0.000129518,0.000130538,0.000132757,0.000129011,0.000117721,0.000108333,9.77203e-05,8.39787e-05,6.51352e-05,5.10143e-05,3.54919e-05
0.000126198,0.000127878,0.000127956,0.00012597,0.000114495,0.000106468,9.51774e-05,8.19799e-05,6.27508e-05,4.92985e-05,3.43424e-05
0.000123899,0.000124756,0.000125787,0.000122498,0.000111782,0.00010364,9.3459e-05,8.03197e-05,6.21029e-05,4.83861e-05,3.34458e-05
0.000120685,0.000122226,0.000123242,0.000120548,0.000110097,0.000100811,9.15144e-05,7.86013e-05,6.03739e-05,4.72536e-05,3.30056e-05
0.000117666,0.000118614,0.000120906,0.000117293,0.000107616,9.87352e-05,8.95579e-05,7.67786e-05,5.94061e-05,4.59972e-05,3.17705e-05
0.000114825,0.000117232,0.000118663,0.000114446,0.000104306,9.69129e-05,8.65e-05,7.41918e-05,5.72891e-05,4.47146e-05,3.04731e-05
0.00011361,0.000114569,0.000115099,0.000112557,0.000101827,9.43249e-05,8.49918e-05,7.28445e-05,5.59047e-05,4.33584e-05,2.99872e-05
0.000110555,0.000110965,0.000113308,0.000110552,0.000100788,9.19442e-05,8.33149e-05,7.14847e-05,5.42098e-05,4.24157e-05,2.92476e-05
0.000107767,0.000108781,0.000110451,0.000107356,9.80655e-05,9.01592e-05,8.1082e-05,6.94896e-05,5.31972e-05,4.14167e-05,2.81622e-05
0.000104643,0.000105856,0.000107518,0.000103965,9.55138e-05,8.84184e-05,7.8684e-05,6.74461e-05,5.17842e-05,4.01149e-05,2.70098e-05
0.000103407,0.00010447,0.000106404,0.000102677,9.28156e-05,8.59341e-05,7.76621e-05,6.6408e-05,5.02685e-05,3.9436e-05,2.66395e-05
0.000100135,0.000101835,0.000103441,0.000100743,9.15917e-05,8.45082e-05,7.55297e-05,6.50784e-05,4.95412e-05,3.81286e-05,2.61661e-05
9.79917e-05,9.9229e-05,0.000102196,9.87268e-05,9.02171e-05,8.22109e-05,7.41589e-05,6.35228e-05,4.82986e-05,3.69932e-05,2.48505e-05
9.48599e-05,9.73881e-05,9.89975e-05,9.57093e-05,8.75333e-05,8.0408e-05,7.17116e-05,6.17362e-05,4.7648e-05,3.6558e-05,2.44678e-05
9.39513e-05,9.45513e-05,9.64999e-05,9.33957e-05,8.50434e-05,7.9304e-05,7.07535e-05,6.08519e-05,4.60818e-05,3.50413e-05,2.37515e-05
9.1107e-05,9.11725e-05,9.46863e-05,9.28058e-05,8.34648e-05,7.7417e-05,6.9503e-05,5.91521e-05,4.46081e-05,3.42036e-05,2.29523e-05
8.94803e-05,9.09053e-05,9.221e-05,8.97149e-05,8.16329e-05,7.48218e-05,6.75713e-05,5.77708e-05,4.3258e-05,3.36e-05,2.23676e-05
8.82981e-05,8.96195e-05,9.01341e-05,8.80389e-05,8.01475e-05,7.36179e-05,6.59714e-05,5.61515e-05,4.25938e-05,3.30051e-05,2.2017e-05
8.58085e-05,8.67577e-05,9.00572e-05,8.63143e-05,7.83736e-05,7.19891e-05,6.4805e-05,5.54281e-05,4.1694e-05,3.1779e-05,2.13118e-05
8.34408e-05,8.51204e-05,8.69363e-05,8.43203e-05,7.64919e-05,6.99299e-05,6.28891e-05,5.38418e-05,4.05125e-05,3.13739e-05,2.04896e-05
8.19742e-05,8.3072e-05,8.55256e-05,8.28769e-05,7.52251e-05,6.78676e-05,6.14268e-05,5.29633e-05,3.92809e-05,3.03466e-05,1.98355e-05
7.96095e-05,8.14827e-05,8.29595e-05,8.02712e-05,7.31668e-05,6.73652e-05,6.04756e-05,5.17381e-05,3.85465e-05,2.98095e-05,1.95264e-05
7.74823e-05,7.9599e-05,8.15866e-05,7.89008e-05,7.15952e-05,6.54824e-05,5.85078e-05,5.05133e-05,3.78339e-05,2.89401e-05,1.88725e-05
7.60927e-05,7.76564e-05,7.98383e-05,7.72656e-05,6.9559e-05,6.41107e-05,5.77441e-05,4.94554e-05,3.67175e-05,2.80036e-05,1.83206e-05
7.55909e-05,7.56707e-05,7.93033e-05,7.58631e-05,6.84769e-05,6.25399e-05,5.65367e-05,4.83763e-05,3.63202e-05,2.77458e-05,1.78985e-05
7.37185e-05,7.5186e-05,7.72168e-05,7.38903e-05,6.70956e-05,6.09734e-05,5.47922e-05,4.69602e-05,3.50749e-05,2.6716e-05,1.74214e-05
7.19659e-05,7.2383e-05,7.50745e-05,7.24066e-05,6.47785e-05,6.05814e-05,5.38431e-05,4.61744e-05,3.42228e-05,2.64269e-05,1.69078e-05
7.01439e-05,7.20953e-05,7.37601e-05,7.20601e-05,6.42504e-05,5.82839e-05,5.30457e-05,4.55125e-05,3.37233e-05,2.57323e-05,1.67871e-05
6.98144e-05,7.01591e-05,7.26148e-05,7.02346e-05,6.28994e-05,5.78955e-05,5.11335e-05,4.41639e-05,3.26902e-05,2.47853e-05,1.63639e-05
6.77927e-05,6.89123e-05,7.11342e-05,6.74467e-05,6.20448e-05,5.60354e-05,5.04031e-05,4.28797e-05,3.19513e-05,2.42292e-05,1.57988e-05
6.55769e-05,6.70693e-05,6.88634e-05,6.73366e-05,5.97213e-05,5.56865e-05,4.84936e-05,4.23244e-05,3.06155e-05,2.35263e-05,1.50754e-05
6.42491e-05,6.5646e-05,6.71884e-05,6.50003e-05,5.90333e-05,5.41976e-05,4.80116e-05,4.11753e-05,3.08942e-05,2.31831e-05,1.49939e-05
6.3315e-05,6.44161e-05,6.58542e-05,6.31257e-05,5.78175e-05,5.30595e-05,4.75678e-05,4.0431e-05,2.98573e-05,2.23971e-05,1.44421e-05
6.16868e-05,6.24526e-05,6.4571e-05,6.30013e-05,5.66828e-05,5.17635e-05,4.58769e-05,3.90698e-05,2.91774e-05,2.20145e-05,1.39551e-05
6.09274e-05,6.13516e-05,6.2927e-05,6.16622e-05,5.515e-05,5.03692e-05,4.53462e-05,3.86219e-05,2.88898e-05,2.14524e-05,1.38141e-05
5.85642e-05,5.9457e-05,6.26298e-05,6.12297e-05,5.38125e-05,5.02496e-05,4.44481e-05,3.80464e-05,2.82379e-05,2.08618e-05,1.33331e-05
5.83517e-05,5.83486e-05,6.12322e-05,5.97046e-05,5.31976e-05,4.87256e-05,4.33434e-05,3.68715e-05,2.7243e-05,2.03327e-05,1.2833e-05
5.70932e-05,5.83213e-05,5.94501e-05,5.68092e-05,5.23336e-05,4.73167e-05,4.23057e-05,3.56897e-05,2.69156e-05,2.00232e-05,1.27758e-05
5.61879e-05,5.69461e-05,5.85543e-05,5.68352e-05,5.12518e-05,4.67443e-05,4.13285e-05,3.54299e-05,2.59313e-05,1.93181e-05,1.22345e-05
5.4971e-05,5.63698e-05,5.63151e-05,5.48253e-05,4.98168e-05,4.61084e-05,4.05701e-05,3.45039e-05,2.57343e-05,1.8897e-05,1.1819e-05
5.38788e-05,5.40564e-05,5.59806e-05,5.43026e-05,4.89121e-05,4.48887e-05,3.94762e-05,3.36934e-05,2.49024e-05,1.83709e-05,1.16416e-05
5.28492e-05,5.31574e-05,5.4666e-05,5.35094e-05,4.80974e-05,4.30141e-05,3.89957e-05,3.33056e-05,2.43177e-05,1.81644e-05,1.14188e-05
5.11768e-05,5.23464e-05,5.38721e-05,5.29592e-05,4.76711e-05,4.35817e-05,3.84926e-05,3.28405e-05,2.37771e-05,1.7767e-05,1.11918e-05
5.01209e-05,5.11905e-05,5.33137e-05,5.15037e-05,4.6341e-05,4.15072e-05,3.6955e-05,3.16319e-05,2.308e-05,1.75028e-05,1.07535e-05
4.9188e-05,5.02835e-05,5.15927e-05,5.09291e-05,4.56641e-05,4.10512e-05,3.67634e-05,3.13029e-05,2.28988e-05,1.6909e-05,1.0577e-05
4.79541e-05,4.99963e-05,5.11124e-05,4.88001e-05,4.41377e-05,4.01067e-05,3.59963e-05,3.04076e-05,2.22297e-05,1.65784e-05,1.04637e-05
4.77421e-05,4.85656e-05,4.96738e-05,4.87729e-05,4.41589e-05,3.99231e-05,3.52097e-05,3.01559e-05,2.16491e-05,1.63168e-05,1.01381e-05
4.67196e-05,4.75785e-05,4.84428e-05,4.72904e-05,4.3297e-05,3.87822e-05,3.45211e-05,2.95581e-05,2.17467e-05,1.5884e-05,9.92176e-06
4.60084e-05,4.6402e-05,4.85091e-05,4.70903e-05,4.21721e-05,3.83355e-05,3.36963e-05,2.89616e-05,2.12232e-05,1.54793e-05,9.60465e-06
4.5408e-05,4.52335e-05,4.71884e-05,4.545e-05,4.09632e-05,3.72365e-05,3.25303e-05,2.79007e-05,2.04658e-05,1.49136e-05,9.26782e-06
4.40829e-05,4.53223e-05,4.64659e-05,4.49036e-05,4.10272e-05,3.64056e-05,3.24176e-05,2.76691e-05,2.00182e-05,1.47877e-05,9.08125e-06
4.30396e-05,4.4087e-05,4.53315e-05,4.42991e-05,3.95965e-05,3.57988e-05,3.18548e-05,2.70323e-05,1.97886e-05,1.46179e-05,8.95741e-06
4.22156e-05,4.37143e-05,4.49428e-05,4.37144e-05,3.89822e-05,3.51197e-05,3.14092e-05,2.67686e-05,1.95224e-05,1.4234e-05,8.73687e-06
4.22364e-05,4.21063e-05,4.32039e-05,4.28341e-05,3.8808e-05,3.46517e-05,3.04032e-05,2.58281e-05,1.88199e-05,1.40446e-05,8.35323e-06
4.11354e-05,4.18786e-05,4.26812e-05,4.15419e-05,3.69398e-05,3.34856e-05,3.00793e-05,2.57279e-05,1.83632e-05,1.32602e-05,8.22747e-06
3.96345e-05,4.09632e-05,4.19059e-05,4.07323e-05,3.66831e-05,3.32482e-05,2.9407e-05,2.47868e-05,1.82814e-05,1.3089e-05,8.21431e-06
3.94594e-05,4.04713e-05,4.17322e-05,4.05825e-05,3.60874e-05,3.27719e-05,2.89818e-05,2.46964e-05,1.77893e-05,1.31403e-05,7.98013e-06
3.88975e-05,3.97582e-05,4.07972e-05,3.97541e-05,3.57367e-05,3.22136e-05,2.83763e-05,2.39805e-05,1.75705e-05,1.27481e-05,7.82152e-06
3.85352e-05,3.89252e-05,4.03252e-05,3.91114e-05,3.51628e-05,3.14429e-05,2.75902e-05,2.35103e-05,1.70786e-05,1.23608e-05,7.55563e-06
3.74002e-05,3.83694e-05,3.8846e-05,3.81934e-05,3.4195e-05,3.10849e-05,2.7454e-05,2.2894e-05,1.6896e-05,1.23932e-05,7.47858e-06
3.68603e-05,3.72493e-05,3.92338e-05,3.71302e-05,3.39951e-05,3.05734e-05,2.66607e-05,2.2919e-05,1.66439e-05,1.19031e-05,7.27387e-06
3.5774e-05,3.71813e-05,3.74739e-05,3.6278e-05,3.31698e-05,2.93366e-05,2.62165e-05,2.19595e-05,1.63152e-05,1.1781e-05,7.19131e-06
3.4811e-05,3.63804e-05,3.75834e-05,3.60638e-05,3.24197e-05,2.97082e-05,2.58235e-05,2.18752e-05,1.54759e-05,1.14845e-05,7.02428e-06
3.44176e-05,3.52187e-05,3.62921e-05,3.52409e-05,3.17697e-05,2.86951e-05,2.54879e-05,2.14195e-05,1.56888e-05,1.11748e-05,6.63778e-06
3.45889e-05,3.51878e-05,3.60889e-05,3.51676e-05,3.12782e-05,2.81613e-05,2.45152e-05,2.09348e-05,1.53066e-05,1.08495e-05,6.65358e-06
3.37365e-05,3.4406e-05,3.53879e-05,3.46472e-05,3.08662e-05,2.78085e-05,2.44804e-05,2.04862e-05,1.51726e-05,1.09334e-05,6.63257e-06
3.34594e-05,3.38854e-05,3.4489e-05,3.41636e-05,3.08933e-05,2.69558e-05,2.42792e-05,2.05591e-05,1.48915e-05,1.07676e-05,6.33415e-06
3.21918e-05,3.2849e-05,3.32783e-05,3.23468e-05,2.99948e-05,2.64518e-05,2.30119e-05,1.987e-05,1.44214e-05,1.05261e-05,6.07311e-06
3.17746e-05,3.23261e-05,3.35709e-05,3.27123e-05,2.94448e-05,2.63515e-05,2.27087e-05,1.92829e-05,1.42103e-05,1.00761e-05,6.01274e-06
3.09309e-05,3.16241e-05,3.23774e-05,3.19185e-05,2.87452e-05,2.55588e-05,2.27927e-05,1.87774e-05,1.40417e-05,1.0026e-05,5.7566e-06
3.07803e-05,3.19595e-05,3.25282e-05,3.1401e-05,2.88482e-05,2.53671e-05,2.21232e-05,1.89763e-05,1.36636e-05,9.76735e-06,5.72226e-06
2.9571e-05,3.07448e-05,3.08704e-05,3.0618e-05,2.82906e-05,2.47655e-05,2.19748e-05,1.86618e-05,1.33621e-05,9.69906e-06,5.71417e-06
3.02044e-05,2.98676e-05,3.05773e-05,3.05878e-05,2.76512e-05,2.43873e-05,2.14536e-05,1.83346e-05,1.33025e-05,9.51138e-06,5.65823e-06
2.8856e-05,3.05022e-05,3.00704e-05,2.99864e-05,2.7248e-05,2.38063e-05,2.08307e-05,1.7784e-05,1.28796e-05,9.17517e-06,5.416e-06
2.91225e-05,2.96386e-05,3.00283e-05,2.90938e-05,2.65821e-05,2.33766e-05,2.07608e-05,1.75201e-05,1.25537e-05,8.85328e-06,5.36813e-06
2.84541e-05,2.84576e-05,2.92917e-05,2.89081e-05,2.62204e-05,2.31289e-05,2.02049e-05,1.70828e-05,1.25637e-05,8.81283e-06,5.27344e-06
2.76278e-05,2.76551e-05,2.90306e-05,2.84635e-05,2.56026e-05,2.25321e-05,1.94809e-05,1.6882e-05,1.21655e-05,8.69509e-06,5.08086e-06
2.68779e-05,2.76803e-05,2.84285e-05,2.77042e-05,2.53746e-05,2.22281e-05,1.95252e-05,1.66044e-05,1.1989e-05,8.65697e-06,4.94741e-06
2.68679e-05,2.73567e-05,2.80051e-05,2.7489e-05,2.53189e-05,2.19743e-05,1.90108e-05,1.62382e-05,1.17465e-05,8.38691e-06,4.89521e-06
2.61674e-05,2.69196e-05,2.74667e-05,2.69219e-05,2.48029e-05,2.14169e-05,1.88874e-05,1.60409e-05,1.18803e-05,8.4138e-06,4.74768e-06
2.61017e-05,2.63061e-05,2.65336e-05,2.67576e-05,2.42957e-05,2.10551e-05,1.85458e-05,1.5536e-05,1.15472e-05,8.20682e-06,4.70866e-06
2.57207e-05,2.63293e-05,2.70162e-05,2.65041e-05,2.35047e-05,2.08093e-05,1.83732e-05,1.55405e-05,1.10919e-05,7.74947e-06,4.54818e-06
2.47172e-05,2.56235e-05,2.63885e-05,2.57474e-05,2.28148e-05,2.0489e-05,1.78547e-05,1.52215e-05,1.0876e-05,7.86469e-06,4.57033e-06
2.43369e-05,2.5502e-05,2.5464e-05,2.52871e-05,2.30787e-05,2.00937e-05,1.76674e-05,1.49397e-05,1.06543e-05,7.54742e-06,4.34602e-06
2.43506e-05,2.41702e-05,2.50137e-05,2.50717e-05,2.26622e-05,1.99021e-05,1.7246e-05,1.43785e-05,1.06013e-05,7.3034e-06,4.23643e-06
2.38044e-05,2.39314e-05,2.463e-05,2.43921e-05,2.22641e-05,1.9627e-05,1.66162e-05,1.43697e-05,1.04709e-05,7.175e-06,4.17681e-06
2.36291e-05,2.40722e-05,2.43018e-05,2.40404e-05,2.17533e-05,1.91259e-05,1.66304e-05,1.41095e-05,1.02167e-05,7.09462e-06,4.17547e-06
2.32355e-05,2.33942e-05,2.41186e-05,2.36083e-05,2.17545e-05,1.8664e-05,1.61395e-05,1.37988e-05,1.01274e-05,7.13009e-06,4.06341e-06
2.25772e-05,2.33185e-05,2.39127e-05,2.32411e-05,2.13314e-05,1.84819e-05,1.60613e-05,1.35273e-05,9.97514e-06,6.90744e-06,4.02263e-06
2.23544e-05,2.26864e-05,2.32245e-05,2.29171e-05,2.07469e-05,1.79929e-05,1.58595e-05,1.34318e-05,9.75928e-06,6.78302e-06,3.74716e-06
2.18546e-05,2.25343e-05,2.27644e-05,2.24303e-05,2.07248e-05,1.79487e-05,1.58266e-05,1.3163e-05,9.71818e-06,6.77265e-06,3.76582e-06
2.17944e-05,2.22368e-05,2.23133e-05,2.20498e-05,2.01332e-05,1.74862e-05,1.52095e-05,1.29677e-05,9.43294e-06,6.55295e-06,3.7796e-06
2.12997e-05,2.16172e-05,2.20159e-05,2.21517e-05,1.9849e-05,1.72536e-05,1.49817e-05,1.29407e-05,9.46926e-06,6.45293e-06,3.65792e-06
2.09785e-05,2.11627e-05,2.1822e-05,2.14107e-05,1.96432e-05,1.70759e-05,1.49663e-05,1.25093e-05,9.23857e-06,6.29529e-06,3.57753e-06
2.04267e-05,2.11128e-05,2.14326e-05,2.13154e-05,1.94021e-05,1.68556e-05,1.47056e-05,1.22609e-05,9.10628e-06,6.19635e-06,3.38579e-06
1.9988e-05,2.08296e-05,2.11175e-05,2.0997e-05,1.92786e-05,1.64767e-05,1.43938e-05,1.22181e-05,9.08201e-06,6.09131e-06,3.39934e-06
1.97281e-05,2.06388e-05,2.05895e-05,2.05288e-05,1.87392e-05,1.62843e-05,1.43676e-05,1.18929e-05,8.79723e-06,6.16137e-06,3.38816e-06
1.99151e-05,2.01287e-05,2.00656e-05,2.04187e-05,1.83939e-05,1.55602e-05,1.39656e-05,1.16772e-05,8.65525e-06,6.0105e-06,3.30641e-06
1.92423e-05,1.97283e-05,2.01993e-05,2.00878e-05,1.83622e-05,1.58531e-05,1.37143e-05,1.14965e-05,8.51425e-06,5.82748e-06,3.26211e-06
1.91574e-05,1.97683e-05,2.00868e-05,1.9734e-05,1.80226e-05,1.54917e-05,1.34096e-05,1.13003e-05,8.32426e-06,5.76604e-06,3.11558e-06
1.88545e-05,1.94141e-05,1.9432e-05,1.89425e-05,1.78474e-05,1.52261e-05,1.32702e-05,1.09644e-05,8.31019e-06,5.71435e-06,3.14091e-06
1.78811e-05,1.93683e-05,1.90193e-05,1.90363e-05,1.75621e-05,1.49533e-05,1.29733e-05,1.08469e-05,8.04682e-06,5.56591e-06,3.04765e-06
1.80141e-05,1.8656e-05,1.88001e-05,1.85361e-05,1.70318e-05,1.46635e-05,1.28182e-05,1.06766e-05,7.92389e-06,5.4866e-06,2.96515e-06
1.76797e-05,1.84236e-05,1.88641e-05,1.83135e-05,1.70043e-05,1.47731e-05,1.25493e-05,1.05349e-05,7.94271e-06,5.11399e-06,2.94192e-06
1.74896e-05,1.82676e-05,1.81192e-05,1.85149e-05,1.64951e-05,1.42828e-05,1.23323e-05,1.04986e-05,7.86592e-06,5.16401e-06,2.89596e-06
1.75172e-05,1.77091e-05,1.78409e-05,1.79915e-05,1.63411e-05,1.42215e-05,1.21692e-05,1.03136e-05,7.5718e-06,5.13778e-06,2.9197e-06
1.72803e-05,1.72394e-05,1.73629e-05,1.77989e-05,1.60395e-05,1.39067e-05,1.20933e-05,1.00559e-05,7.43621e-06,5.02027e-06,2.84956e-06
1.67746e-05,1.7053e-05,1.72991e-05,1.72923e-05,1.5764e-05,1.36639e-05,1.18106e-05,1.0023e-05,7.27127e-06,4.78012e-06,2.79418e-06
1.66227e-05,1.70319e-05,1.70306e-05,1.74598e-05,1.58748e-05,1.34188e-05,1.16239e-05,9.63145e-06,7.32798e-06,5.0209e-06,2.73731e-06
1.6311e-05,1.67063e-05,1.69054e-05,1.66362e-05,1.53275e-05,1.32455e-05,1.14981e-05,9.48512e-06,7.09118e-06,4.86095e-06,2.68702e-06
