0.0438842,0.0435864,0.0428871,0.0416986,0.0406245,0.0389775,0.0372854,0.0355092,0.0333035,0.0309037,0.0282261
0.0413155,0.0407786,0.0401507,0.0393021,0.0380015,0.0365046,0.0345774,0.032714,0.0308202,0.0284553,0.0259617
0.0386869,0.0386226,0.0374925,0.0368099,0.0355244,0.0340756,0.0322472,0.0305686,0.0283819,0.0260221,0.0237684
0.0363644,0.036075,0.0353061,0.034396,0.0332538,0.0316717,0.0299483,0.0282681,0.0262737,0.024068,0.0218022
0.0343315,0.0339877,0.0333215,0.0323608,0.0312692,0.0297226,0.0279944,0.0263756,0.024444,0.0223075,0.0201279
0.0325613,0.0320899,0.0315107,0.0307306,0.0294056,0.0279778,0.0262251,0.0246817,0.0228134,0.0207631,0.0186804
0.0307296,0.0303734,0.029769,0.0288063,0.0277451,0.0262598,0.0246291,0.0231074,0.0212615,0.0193057,0.0172723
0.0291315,0.0288013,0.028176,0.0272241,0.0262152,0.0247513,0.023261,0.0216775,0.0198523,0.0180112,0.0160256
0.0276741,0.027296,0.0267211,0.025824,0.0247645,0.0233565,0.0218119,0.0203792,0.0186403,0.0168365,0.0149499
0.0262353,0.0260769,0.025431,0.0245658,0.0234501,0.0220865,0.0205869,0.0191835,0.0175781,0.0157638,0.0139308
0.0249822,0.0246329,0.0242105,0.0232011,0.022254,0.0210767,0.0194248,0.0181501,0.016516,0.014924,0.0131354
0.0238412,0.023534,0.0229115,0.0222072,0.0210411,0.0197372,0.0184555,0.0171961,0.0155356,0.0138573,0.0121507
0.0226836,0.0223408,0.0217917,0.0211303,0.0200109,0.0188022,0.0174414,0.016078,0.0145922,0.0130808,0.0114068
0.0215613,0.0212707,0.0208329,0.0199837,0.0190747,0.0178761,0.0165296,0.0153901,0.0138803,0.0122894,0.0107821
0.0205661,0.0203502,0.0198418,0.0191188,0.0181254,0.0169149,0.0156746,0.0144422,0.013044,0.0115762,0.0100762
0.0196735,0.019424,0.0189533,0.0182234,0.0172606,0.0161533,0.0148915,0.0137369,0.0123609,0.0110388,0.00953982
0.0187066,0.0186656,0.018076,0.0174179,0.0165548,0.0153368,0.0141574,0.012974,0.0117001,0.0103684,0.00899159
0.0179995,0.0177918,0.0172978,0.016559,0.0156581,0.0145122,0.0134882,0.0124098,0.0110993,0.00978743,0.00844256
0.017175,0.0169449,0.0164839,0.0159404,0.0150506,0.0139782,0.0127833,0.0117269,0.010511,0.00924117,0.00792434
0.0165142,0.0162654,0.0158137,0.015246,0.014315,0.0132851,0.0122038,0.0112296,0.0100199,0.00874781,0.00746871
0.0157514,0.0155546,0.0151221,0.014574,0.0137602,0.0127227,0.0115954,0.0106156,0.0094936,0.00830801,0.00706908
0.0150734,0.0149449,0.0145785,0.013888,0.0131445,0.012183,0.0110942,0.0102031,0.00909421,0.0078745,0.00676132
0.01446,0.0144357,0.0138431,0.0133819,0.0127192,0.011678,0.0105559,0.0096397,0.00860675,0.00749656,0.00637747
0.0138689,0.0138634,0.0133359,0.0127654,0.0120242,0.0110585,0.0101493,0.00920309,0.00818512,0.00713127,0.00606307
0.0133278,0.013254,0.0127857,0.0122721,0.0116378,0.0106326,0.00963879,0.00875668,0.00783291,0.00678441,0.00576118
0.0128642,0.0127268,0.0122902,0.0117791,0.0110747,0.0101392,0.00923345,0.00831341,0.00739846,0.00646724,0.00540482
0.012341,0.0122285,0.0117733,0.01128,0.0106808,0.00974891,0.00882306,0.00799889,0.00710502,0.00610765,0.00513646
0.0119589,0.0117554,0.0113556,0.0108852,0.0102285,0.00936888,0.00843967,0.00758239,0.00676161,0.00589301,0.00487555
0.0113958,0.0112842,0.0108846,0.0104132,0.00983477,0.00894937,0.008071,0.00729227,0.00645667,0.00555802,0.00465575
0.0110421,0.0109683,0.0104823,0.0100201,0.00933136,0.00849971,0.00780057,0.00691901,0.00614475,0.00535072,0.00441731
0.0105622,0.0104804,0.0100294,0.00965492,0.00904334,0.00826445,0.00737839,0.00669797,0.00591479,0.00503855,0.00417009
0.0101894,0.0100872,0.00965981,0.00921022,0.00866618,0.00789291,0.00710475,0.00640635,0.00566587,0.00481514,0.003991
0.00979115,0.00973307,0.00931708,0.00889805,0.00833798,0.00757272,0.00680959,0.00612421,0.00539926,0.00459445,0.00381414
0.00947617,0.00940683,0.00898683,0.00858629,0.00797966,0.00729293,0.00653703,0.00586456,0.00517782,0.00439426,0.00362974
0.00910459,0.00901249,0.00861097,0.00826798,0.00772558,0.0069987,0.00629055,0.00564633,0.00494897,0.00418158,0.00344993
0.00872436,0.00870813,0.00833226,0.00797883,0.00742512,0.00671436,0.0060391,0.0054136,0.00474389,0.00400159,0.00327872
0.00852882,0.00840189,0.00798101,0.00764497,0.00714864,0.00647709,0.00574764,0.00517911,0.00454023,0.00384394,0.00317448
0.00819148,0.00809234,0.00770506,0.00732939,0.00688007,0.00624704,0.0055627,0.00498423,0.00435619,0.00368957,0.00303447
0.00786423,0.00778648,0.00744169,0.00710402,0.00663296,0.00599338,0.00536642,0.00481227,0.00416192,0.00349756,0.00287111
0.00758129,0.0075423,0.00718545,0.00676623,0.00639061,0.00578555,0.00521467,0.00465044,0.00400852,0.00336337,0.00276757
0.00736357,0.00728907,0.00690527,0.00660334,0.00614983,0.0055689,0.00497544,0.0044061,0.00383221,0.0032326,0.00263743
0.00708512,0.00703602,0.00670727,0.00635316,0.00593315,0.00534879,0.00478596,0.00424592,0.00368534,0.00308925,0.00251744
0.00684904,0.00681195,0.0064674,0.00612983,0.00572065,0.00518581,0.00461393,0.0040899,0.00355879,0.00299196,0.00242066
0.00664386,0.00655387,0.00621631,0.00593254,0.00550739,0.00498204,0.00443978,0.00392267,0.00340787,0.00284149,0.00230429
0.0064825,0.00637145,0.0060646,0.00578146,0.00528881,0.00484052,0.00425773,0.00376476,0.00331375,0.00272502,0.00221138
0.00616415,0.00610188,0.00579389,0.00550273,0.00509956,0.00462903,0.00411283,0.0036228,0.00315258,0.00262007,0.00209978
0.00596625,0.00593892,0.0056235,0.00530366,0.00494284,0.00447862,0.0039835,0.00350307,0.0030817,0.00250993,0.00202865
0.00577287,0.00568716,0.00540132,0.00514139,0.00476134,0.00432328,0.00382752,0.00337537,0.00292608,0.00240229,0.00194217
0.00555023,0.00552003,0.00528364,0.00496125,0.00462728,0.00416228,0.00367485,0.00324452,0.00279628,0.00229448,0.00185528
0.00537077,0.00532013,0.00508811,0.00479477,0.0044573,0.0040236,0.00355442,0.00311574,0.00270747,0.00221507,0.00176925
0.00519451,0.00516304,0.00493627,0.00460132,0.00432142,0.00386788,0.00342746,0.00301504,0.00259647,0.00213538,0.00169382
0.00502874,0.00499638,0.00474027,0.00450831,0.00414857,0.00373605,0.00332693,0.00290576,0.00249341,0.00199998,0.00164049
0.00487273,0.00482659,0.00455746,0.00434237,0.00398988,0.00362824,0.0031963,0.00281891,0.00240766,0.00196833,0.00157658
0.00469785,0.00468091,0.00445057,0.00418221,0.00386788,0.00348955,0.00308485,0.00270831,0.00233867,0.00188145,0.0015134
0.00456665,0.00451794,0.00428704,0.00406178,0.00372281,0.0033592,0.00296754,0.00260768,0.00223494,0.00181419,0.0014415
0.00445309,0.00441316,0.0041628,0.0039073,0.00360991,0.00325175,0.00286004,0.00251958,0.00215563,0.00175325,0.00138119
0.00428833,0.00423206,0.00404655,0.00380581,0.00349768,0.00314409,0.00276664,0.00242357,0.00207869,0.00168108,0.00132814
0.00412244,0.00411245,0.00390247,0.00367105,0.00336376,0.00303986,0.00267598,0.00234537,0.00201702,0.00161538,0.00128101
0.00400858,0.00396566,0.00376919,0.00355413,0.00324961,0.00293913,0.00258073,0.00226143,0.00193127,0.00154819,0.00123052
0.00386635,0.00383293,0.00364996,0.00342581,0.00314469,0.00285112,0.00250296,0.00217915,0.00186387,0.00149795,0.0011895
0.00379968,0.0037044,0.00350634,0.00336923,0.00303314,0.0027503,0.00242501,0.00210813,0.00180064,0.00142941,0.00113808
0.00363967,0.00361319,0.00343856,0.00322242,0.00293475,0.00266413,0.00233694,0.00203487,0.00173862,0.00138848,0.00109619
0.00353388,0.00349208,0.00332281,0.00312922,0.00284117,0.00257024,0.00225167,0.00196884,0.00167281,0.00133315,0.00105382
0.00343059,0.00339406,0.0032285,0.00302159,0.0027457,0.00249321,0.00217553,0.0019043,0.00161731,0.00128245,0.0010081
0.00331126,0.00326851,0.00312885,0.00293169,0.00265566,0.00242023,0.0021066,0.00184035,0.0015598,0.00124068,0.000972182
0.00322074,0.00319349,0.00304386,0.00284327,0.00257841,0.002336,0.00204568,0.00178626,0.00151273,0.00120161,0.000939797
0.00310762,0.00308352,0.0029491,0.00275542,0.00248046,0.00226282,0.00197346,0.00171526,0.0014606,0.00114916,0.000912736
0.00302365,0.00298751,0.00284527,0.00267623,0.00242432,0.00218746,0.00190702,0.00166553,0.0014043,0.00110297,0.000878746
0.0029433,0.00291842,0.00275418,0.00260743,0.0023559,0.00212217,0.0018481,0.00161666,0.00136447,0.00106507,0.000850036
0.00285058,0.00281385,0.00267664,0.00252373,0.00226423,0.00204636,0.00178437,0.00155292,0.00131462,0.00103674,0.000807131
0.00277408,0.00273906,0.00260178,0.00243691,0.00219064,0.00197195,0.00173296,0.00150682,0.00126614,0.00100876,0.000775605
0.00269096,0.00262509,0.00253522,0.00235351,0.00213778,0.00193202,0.00167053,0.00146142,0.00122208,0.000960797,0.000750572
0.00260782,0.00257511,0.00243958,0.00227506,0.00206939,0.00186191,0.00162831,0.00140986,0.00119251,0.000935629,0.000723481
0.00252457,0.00250109,0.00239004,0.00222265,0.00199381,0.00180045,0.00156908,0.00137712,0.0011444,0.00089645,0.000701275
0.00245101,0.00242474,0.00230981,0.00216531,0.00193348,0.00174188,0.00152501,0.00132257,0.00110443,0.000870018,0.000673943
0.00238423,0.00234642,0.00225101,0.00210426,0.0018908,0.00169745,0.00147215,0.00127288,0.00106661,0.000844276,0.000650589
0.00232173,0.00228472,0.0021831,0.00202675,0.00181968,0.00164219,0.00142702,0.00124258,0.00104042,0.000813437,0.000625482
0.0022514,0.00221415,0.00212049,0.00198399,0.00176801,0.00158983,0.00137548,0.00119774,0.00100003,0.000787494,0.000604709
0.00220041,0.00216142,0.00205918,0.0019114,0.00171607,0.00155205,0.00134451,0.00116242,0.000976773,0.000752186,0.00058983
0.00212837,0.00209632,0.00200411,0.00187249,0.00165985,0.00149684,0.00129555,0.00112249,0.000935466,0.000733132,0.000566785
0.00206775,0.00203723,0.00195699,0.00180353,0.00160871,0.00145734,0.00126132,0.00108988,0.000905811,0.000713805,0.000546371
0.0020135,0.00198608,0.00189586,0.00176208,0.00157001,0.00140709,0.00121602,0.00105783,0.000877365,0.000688071,0.000529417
0.00196832,0.00192073,0.00183212,0.00171128,0.00151547,0.00136688,0.00117552,0.00102374,0.00085801,0.000667464,0.000509964
0.00189801,0.00188889,0.00178507,0.00167371,0.00147498,0.0013245,0.0011478,0.000995104,0.000822721,0.000641885,0.000495441
0.00184772,0.00181676,0.00173889,0.00161294,0.00143409,0.00129084,0.0011156,0.000964774,0.00080269,0.000623019,0.000479002
0.00179348,0.0017648,0.00169623,0.00158232,0.00139374,0.00124351,0.00106849,0.00093389,0.000774031,0.000601148,0.00046032
0.00175509,0.00172015,0.00165265,0.00151917,0.00135406,0.00121645,0.00104766,0.000910061,0.000750605,0.000583804,0.000449635
0.00169599,0.00166959,0.00159806,0.00148771,0.00131626,0.00117974,0.00101119,0.000877956,0.000724693,0.000565441,0.00042949
0.00165134,0.00161796,0.0015603,0.00144401,0.00128512,0.00114292,0.000981035,0.000850303,0.000706805,0.000555376,0.000413921
0.0016028,0.00158847,0.00151205,0.00140543,0.00125359,0.00112237,0.000955794,0.000827903,0.000678836,0.000529042,0.000402049
0.0015695,0.0015349,0.00147862,0.00135681,0.00121597,0.00108631,0.000927345,0.000804372,0.000664112,0.000511458,0.000393068
0.001526,0.00149389,0.00143621,0.00132845,0.00117748,0.00105024,0.000900623,0.000778033,0.000638493,0.000499176,0.000377593
0.00148224,0.00146511,0.00139824,0.00129231,0.00114091,0.00101812,0.000872082,0.000752115,0.000624368,0.000484022,0.00036532
0.00144479,0.00141524,0.00135931,0.00125411,0.00111141,0.000991951,0.000846372,0.000733893,0.000602431,0.000469162,0.000352884
0.00140986,0.00137069,0.00133099,0.00122615,0.00108506,0.000966744,0.000828673,0.000717873,0.000585234,0.000454761,0.000342549
0.00138016,0.00134201,0.00128924,0.00119927,0.00104908,0.000932949,0.000802504,0.000685351,0.000564455,0.000441699,0.000332672
0.00133143,0.00129063,0.00125416,0.0011637,0.00102879,0.000914752,0.000781931,0.000669902,0.000551268,0.000428796,0.000319486
0.0012979,0.00126746,0.00121939,0.00112861,0.000992771,0.000887389,0.000754362,0.000650852,0.000534486,0.000416288,0.000310454
0.00127022,0.00123376,0.00118496,0.0010983,0.000968416,0.000859609,0.000732519,0.000633048,0.000518985,0.000400014,0.000299956
0.00123811,0.00120701,0.00116054,0.00107296,0.000941388,0.000842375,0.000710788,0.00061582,0.000503048,0.000392929,0.000290948
0.00120402,0.00117429,0.00112459,0.00104472,0.000918169,0.000816145,0.000692704,0.000593121,0.000488933,0.000378172,0.000282875
0.00117165,0.0011486,0.00109599,0.00101306,0.000892925,0.000790041,0.000675225,0.000580818,0.000474881,0.000368716,0.00027221
0.00113975,0.00111336,0.00106923,0.000992675,0.000872076,0.000775765,0.00065782,0.000567374,0.000463907,0.000356214,0.000265023
0.00110764,0.00107346,0.00104483,0.000966478,0.000845974,0.000750577,0.000639201,0.000545275,0.000445319,0.000347683,0.000256934
0.00108862,0.00105366,0.00101491,0.000933431,0.000825391,0.000731161,0.000622814,0.000531859,0.000433861,0.000336273,0.00024742
0.00106007,0.00103156,0.000989729,0.000918239,0.000805285,0.000717092,0.000600278,0.000521481,0.000422627,0.000328047,0.000240466
0.00103504,0.00100661,0.000966183,0.000896044,0.000786114,0.00069234,0.000588014,0.00050311,0.00041078,0.000315825,0.000231577
0.00100883,0.000980039,0.000934824,0.000862981,0.000761219,0.000671334,0.000572562,0.000488374,0.000398053,0.000306232,0.000226633
0.000980179,0.000951723,0.000913227,0.000850213,0.000750018,0.000661611,0.000559868,0.000477586,0.000389891,0.000296545,0.00021955
0.00096204,0.000925102,0.000888425,0.000823259,0.000729388,0.00064283,0.000541219,0.000462767,0.000381038,0.00028775,0.000212704
0.000931262,0.000898198,0.000868821,0.000797408,0.000707729,0.000621672,0.000526246,0.000445153,0.00036879,0.00028367,0.000205939
0.000911217,0.00087984,0.000856276,0.000776928,0.000686717,0.000606039,0.000511841,0.00043688,0.000355935,0.000275902,0.000200275
0.000891556,0.000862084,0.000829187,0.000768939,0.000674647,0.000593007,0.000502113,0.000423588,0.000345724,0.000266277,0.000192877
0.0008704,0.000848643,0.00079683,0.000750199,0.000652889,0.000578044,0.00048523,0.000412842,0.000336541,0.000258282,0.000187434
0.000848371,0.000826315,0.000783758,0.000727501,0.000639449,0.000562716,0.000476272,0.000402708,0.000330356,0.000249528,0.000184276
0.000824746,0.000801439,0.000773411,0.000706542,0.000619747,0.000549367,0.000459375,0.000394168,0.000320457,0.000244956,0.000178341
0.000808692,0.000784391,0.00074757,0.000688125,0.000607202,0.000534827,0.000446741,0.000381909,0.000310324,0.000236047,0.00017191
0.000783941,0.000761145,0.000724654,0.000671019,0.000591653,0.000519461,0.000440059,0.0003695,0.000300977,0.000230895,0.000166307
0.000766689,0.000739893,0.000704355,0.000661085,0.000577302,0.000505351,0.000425856,0.0003602,0.000292701,0.000226632,0.000161366
0.000751973,0.000729344,0.000691092,0.000640129,0.000560867,0.000488862,0.00041711,0.000352745,0.000283435,0.000218671,0.000157547
0.000726666,0.000707672,0.000674676,0.000624527,0.000548479,0.00048008,0.000410413,0.00034425,0.000277441,0.000214236,0.000152698
0.000710372,0.000694716,0.000654582,0.00060978,0.000534209,0.000467166,0.000393725,0.000338082,0.000272879,0.000204476,0.000148565
0.000690632,0.000671638,0.000641852,0.000592511,0.000520849,0.000453655,0.000387732,0.00032381,0.000263334,0.000200011,0.000144689
0.000683866,0.000661689,0.000625258,0.000586519,0.000513491,0.000443318,0.0003733,0.000315846,0.000256766,0.000195698,0.000140207
0.000666672,0.000637124,0.000613244,0.000567312,0.000495292,0.00043537,0.000364981,0.00030503,0.000250098,0.000189673,0.000136894
0.000655537,0.000632453,0.000595595,0.000559406,0.000487006,0.000426259,0.000353774,0.000304098,0.00024517,0.000182593,0.000132225
0.000637068,0.000608431,0.000580322,0.000539583,0.000474274,0.00041525,0.000350621,0.000290074,0.000238402,0.000178725,0.000128256
0.000620597,0.000597513,0.000570922,0.000528536,0.000461186,0.000401828,0.000341497,0.000283633,0.000231276,0.000174722,0.000122714
0.000608973,0.000580009,0.000554715,0.000517109,0.000452115,0.000394622,0.000332756,0.000274022,0.000224159,0.000170528,0.00011967
0.00059393,0.000574478,0.000541332,0.000502736,0.000435251,0.000384523,0.000323016,0.000271087,0.000222458,0.000165463,0.000117531
0.000577669,0.000558919,0.000528815,0.000491174,0.000430328,0.000369787,0.000315874,0.000261936,0.000212777,0.000159635,0.000114496
0.000565495,0.000540969,0.000518686,0.00048004,0.000420552,0.000363456,0.00030817,0.000254311,0.000208388,0.000157672,0.000111345
0.000556923,0.000533585,0.000503036,0.000470387,0.000409148,0.000355965,0.000300715,0.000248864,0.000203068,0.000153545,0.000106875
0.000541102,0.000526757,0.000492868,0.00045875,0.000397371,0.000346609,0.000293647,0.000245713,0.000197189,0.000147062,0.000105231
0.000529406,0.000509774,0.000484016,0.000451915,0.000391889,0.000341167,0.000287531,0.000237868,0.000191758,0.000146216,0.000101816
0.00051393,0.000495307,0.000474116,0.000437546,0.000380941,0.000334474,0.000283071,0.000231822,0.000186679,0.000139999,9.91203e-05
0.000502579,0.000481903,0.000462554,0.000427475,0.000374085,0.000324669,0.000273077,0.000228163,0.000180868,0.000139739,9.80885e-05
0.000489591,0.000476608,0.000448791,0.000418505,0.000362918,0.000315481,0.000266572,0.000221268,0.00017806,0.00013546,9.40739e-05
0.000482355,0.000464745,0.000439086,0.00040804,0.000356241,0.0003081,0.000262124,0.000213338,0.000174519,0.00013118,9.13502e-05
0.00047511,0.000454953,0.000426665,0.000398859,0.000349343,0.000300325,0.000252548,0.000209381,0.000170065,0.000125441,8.92476e-05
0.000462655,0.000446147,0.000421123,0.000387872,0.000337028,0.000293496,0.000247338,0.000205262,0.000166334,0.000122323,8.67189e-05
0.000453272,0.000441027,0.000408918,0.000382373,0.000331863,0.000289279,0.000242034,0.000200164,0.000162151,0.000121653,8.40584e-05
0.000443414,0.000430633,0.000401684,0.000373165,0.000323096,0.000282068,0.000236518,0.00019594,0.000157011,0.000116006,8.14416e-05
0.000433095,0.000417819,0.000391254,0.000363886,0.000316527,0.000275698,0.000231881,0.00019079,0.000151745,0.00011385,8.01714e-05
0.000423041,0.000403251,0.000382157,0.000354712,0.000310028,0.000269043,0.000228968,0.00018423,0.000150933,0.000112465,7.72733e-05
0.000411366,0.000398391,0.00037501,0.000348109,0.000303251,0.000261567,0.000222163,0.00017868,0.000146792,0.000108042,7.61345e-05
0.000402817,0.000390047,0.000364584,0.000339267,0.00029724,0.000258123,0.000218115,0.000174921,0.000140783,0.000104447,7.37938e-05
0.000395402,0.00037939,0.000356939,0.000335705,0.000289043,0.000251401,0.000210719,0.000171742,0.000137992,0.000103295,7.14431e-05
0.000385297,0.000372429,0.0003503,0.000324325,0.000282887,0.000242248,0.000205493,0.000168709,0.000134101,9.96462e-05,7.02352e-05
0.000379839,0.000364841,0.000343489,0.000316617,0.000276471,0.000238238,0.000203074,0.000164784,0.000130876,9.84209e-05,6.79602e-05
0.000372216,0.000356903,0.000333427,0.000311663,0.000269084,0.000233369,0.000197848,0.000159847,0.000129005,9.59343e-05,6.58281e-05
0.000362572,0.000347812,0.000328075,0.000303015,0.000265658,0.000228831,0.00019637,0.000158099,0.000124813,9.39037e-05,6.49036e-05
0.000356046,0.000344233,0.000320453,0.000298316,0.000259566,0.000225645,0.000190793,0.000155344,0.000121066,9.05254e-05,6.22678e-05
0.000347344,0.000336655,0.000311205,0.000290279,0.000252625,0.00021838,0.000185419,0.000149339,0.000119598,8.72295e-05,6.14163e-05
0.000340841,0.000331034,0.000305954,0.000282483,0.000246977,0.000212087,0.000182201,0.000146737,0.000116303,8.64631e-05,5.98252e-05
0.000333181,0.000322591,0.000300216,0.000277729,0.000240919,0.00020863,0.000176724,0.000144149,0.000114432,8.32791e-05,5.78895e-05
0.000326809,0.000315543,0.000295456,0.000272589,0.000238334,0.000204581,0.000172786,0.000140733,0.000109822,8.27544e-05,5.64225e-05
0.000322469,0.000307622,0.000290031,0.000266618,0.000230647,0.00020009,0.000169021,0.00013783,0.000109217,7.99902e-05,5.48458e-05
0.00031394,0.000299188,0.000283372,0.000260268,0.000226473,0.000194524,0.00016563,0.000132692,0.00010541,7.87171e-05,5.32876e-05
0.000306368,0.000294493,0.000278052,0.000253213,0.000221682,0.00019141,0.000161938,0.000130844,0.000102473,7.66037e-05,5.21886e-05
0.000301029,0.000286999,0.000271325,0.000248402,0.000216868,0.000185504,0.00015797,0.000127375,0.000100627,7.4128e-05,5.03855e-05
0.000292076,0.000283048,0.000265625,0.000242098,0.000212512,0.000182069,0.000155438,0.000123642,9.92955e-05,7.24031e-05,4.93877e-05
0.000287699,0.000276751,0.00026001,0.000238058,0.00020713,0.000178445,0.000151064,0.000121325,9.58983e-05,7.04918e-05,4.80453e-05
0.000282319,0.000271254,0.000254712,0.000232195,0.000202162,0.000176168,0.000148554,0.000118061,9.40579e-05,6.8799e-05,4.70915e-05
0.000277102,0.000265089,0.000247763,0.000228467,0.000198343,0.000170844,0.000146047,0.000114734,9.12573e-05,6.69387e-05,4.57072e-05
0.000269875,0.000259753,0.000243512,0.000223623,0.000194329,0.000167344,0.000142322,0.000113216,8.90912e-05,6.57845e-05,4.45598e-05
0.000264635,0.000254644,0.000238503,0.000221196,0.000191021,0.000165188,0.000138425,0.00011073,8.67517e-05,6.55332e-05,4.32127e-05
0.000259042,0.000250241,0.000233395,0.000213697,0.000185753,0.000160406,0.000136159,0.000108893,8.55094e-05,6.26141e-05,4.21841e-05
0.000253303,0.000244305,0.000228513,0.000208885,0.000182147,0.00015699,0.000133289,0.00010667,8.33753e-05,6.12142e-05,4.16326e-05
0.000248821,0.000240081,0.000224228,0.000204675,0.000177893,0.000152043,0.000131025,0.00010242,8.19279e-05,5.93808e-05,4.03721e-05
0.000244178,0.00023693,0.000219661,0.000201219,0.000173971,0.000150386,0.000127466,0.000101505,8.01764e-05,5.78378e-05,3.91456e-05
0.000239115,0.000231179,0.000214696,0.000198909,0.000171813,0.000147247,0.000124008,9.90701e-05,7.79088e-05,5.64676e-05,3.79756e-05
0.000232662,0.000225991,0.000211154,0.000192222,0.000167182,0.000144148,0.000122363,9.65936e-05,7.60572e-05,5.50648e-05,3.73161e-05
0.000229414,0.000220598,0.00020589,0.000188267,0.00016416,0.000140091,0.00011996,9.4251e-05,7.43493e-05,5.43059e-05,3.63826e-05
0.000224953,0.000217052,0.000201813,0.000184645,0.000160115,0.000137707,0.000117281,9.20933e-05,7.24974e-05,5.26488e-05,3.53342e-05
0.000221234,0.000214181,0.00019813,0.000182337,0.000157556,0.000136898,0.000114598,9.03669e-05,7.10201e-05,5.16181e-05,3.43457e-05
0.000216199,0.000208791,0.00019376,0.000177959,0.000154672,0.000132634,0.000112314,8.8219e-05,6.91176e-05,5.04999e-05,3.3424e-05
0.000211338,0.000205178,0.000190345,0.000173312,0.000150447,0.000129668,0.000110445,8.59484e-05,6.82598e-05,4.87001e-05,3.28657e-05
0.000208703,0.000200561,0.000186757,0.000170208,0.000147171,0.000126832,0.000108343,8.47677e-05,6.57702e-05,4.80044e-05,3.22015e-05
0.000202803,0.000197458,0.000183127,0.000166512,0.000144485,0.000124233,0.000104704,8.25436e-05,6.4752e-05,4.65415e-05,3.1252e-05
0.000199599,0.000192901,0.000179767,0.000163757,0.000141979,0.000121587,0.00010281,8.11618e-05,6.31653e-05,4.54058e-05,3.04042e-05
0.000194994,0.000189487,0.000175742,0.000161548,0.000138958,0.000118943,0.000101684,7.9785e-05,6.14794e-05,4.48819e-05,2.94183e-05
0.000191184,0.000185608,0.000171379,0.000156503,0.000135935,0.000116823,9.97383e-05,7.77494e-05,6.05806e-05,4.32468e-05,2.88576e-05
0.000187437,0.000181613,0.000168585,0.000152141,0.000134005,0.000114193,9.67099e-05,7.61755e-05,5.89211e-05,4.25835e-05,2.8215e-05
0.000184322,0.000178809,0.000165091,0.000150582,0.00013061,0.000112453,9.55589e-05,7.42725e-05,5.76515e-05,4.11806e-05,2.74034e-05
0.000180298,0.000175926,0.000161272,0.000147308,0.000127752,0.000109127,9.30382e-05,7.31462e-05,5.67534e-05,4.01512e-05,2.67526e-05
0.000177942,0.000170831,0.000158415,0.000144246,0.000125677,0.000107859,9.17196e-05,7.12595e-05,5.55757e-05,3.96329e-05,2.60699e-05
0.000173982,0.000168048,0.000156675,0.000141441,0.000123329,0.000106087,8.87803e-05,6.96419e-05,5.41474e-05,3.87094e-05,2.55178e-05
0.000170315,0.000165077,0.000152165,0.000138629,0.000120889,0.000103537,8.7039e-05,6.80135e-05,5.26146e-05,3.8041e-05,2.47308e-05
0.000169459,0.000162154,0.000149145,0.000137794,0.000118481,0.000100904,8.60899e-05,6.66666e-05,5.1595e-05,3.7025e-05,2.45412e-05
0.00016281,0.00015969,0.000147425,0.00013347,0.000115548,9.9597e-05,8.33806e-05,6.54637e-05,5.02939e-05,3.60326e-05,2.35843e-05
0.000160617,0.000156469,0.000144655,0.00013177,0.00011398,9.78737e-05,8.2287e-05,6.42787e-05,4.9728e-05,3.53687e-05,2.30698e-05
0.000158234,0.000152784,0.000140813,0.000128619,0.000111079,9.54992e-05,8.08855e-05,6.28118e-05,4.86952e-05,3.44448e-05,2.2677e-05
0.000153898,0.000149855,0.000137986,0.000126785,0.000109037,9.38159e-05,7.84467e-05,6.13729e-05,4.7258e-05,3.33201e-05,2.19532e-05
0.000151266,0.000146952,0.000135329,0.000123345,0.000106834,9.18723e-05,7.70983e-05,5.98899e-05,4.60453e-05,3.26579e-05,2.15502e-05
0.000148303,0.000145049,0.000133224,0.000120776,0.000105463,9.03633e-05,7.5369e-05,5.89845e-05,4.5135e-05,3.21007e-05,2.09269e-05
0.000145401,0.000141991,0.000130671,0.000118001,0.000102908,8.76684e-05,7.37414e-05,5.77524e-05,4.38141e-05,3.15949e-05,2.02254e-05
0.000142317,0.000138815,0.000127979,0.000115999,0.000101631,8.65461e-05,7.29119e-05,5.63912e-05,4.30235e-05,3.08771e-05,1.97958e-05
0.000139345,0.00013546,0.000125603,0.000114075,9.92689e-05,8.46431e-05,7.11983e-05,5.5623e-05,4.2413e-05,3.01014e-05,1.94905e-05
0.000136523,0.000134912,0.000123459,0.000111253,9.73105e-05,8.31613e-05,6.96731e-05,5.38707e-05,4.15816e-05,2.93003e-05,1.89036e-05
0.000134757,0.000131773,0.000121571,0.000110008,9.46435e-05,8.16656e-05,6.83016e-05,5.26849e-05,4.03958e-05,2.85185e-05,1.83706e-05
0.000131781,0.000128338,0.000119684,0.000107835,9.38054e-05,8.00387e-05,6.67953e-05,5.18224e-05,3.99808e-05,2.80007e-05,1.80206e-05
0.000129511,0.000126679,0.000116782,0.000106129,9.19963e-05,7.82192e-05,6.55533e-05,5.0994e-05,3.85617e-05,2.71032e-05,1.74834e-05
0.00012578,0.000124881,0.00011406,0.000103672,9.06137e-05,7.68381e-05,6.41928e-05,4.94624e-05,3.82618e-05,2.65307e-05,1.71148e-05
0.000124337,0.000122371,0.000111824,0.000101341,8.82734e-05,7.47632e-05,6.2928e-05,4.88128e-05,3.68704e-05,2.64042e-05,1.65495e-05
0.000122038,0.000119914,0.000109515,9.97206e-05,8.65367e-05,7.38884e-05,6.19843e-05,4.7314e-05,3.60522e-05,2.53611e-05,1.6265e-05
0.000120468,0.000118056,0.000107501,9.75288e-05,8.45784e-05,7.31493e-05,6.05251e-05,4.60662e-05,3.54108e-05,2.48e-05,1.58354e-05
0.000116602,0.000116534,0.000105272,9.6015e-05,8.30598e-05,7.10622e-05,5.91726e-05,4.60506e-05,3.47243e-05,2.44109e-05,1.54482e-05
0.000115039,0.000113847,0.00010352,9.47523e-05,8.14372e-05,7.00216e-05,5.78069e-05,4.4958e-05,3.42443e-05,2.37861e-05,1.49675e-05
0.000112204,0.00011097,0.000101149,9.33995e-05,7.99015e-05,6.80288e-05,5.75454e-05,4.39231e-05,3.31991e-05,2.33218e-05,1.47101e-05
0.000111197,0.000109563,9.94458e-05,9.05004e-05,7.88241e-05,6.69696e-05,5.63098e-05,4.34787e-05,3.26961e-05,2.28715e-05,1.41573e-05
0.000109821,0.000107739,9.82441e-05,8.92226e-05,7.75545e-05,6.55599e-05,5.47965e-05,4.19521e-05,3.18104e-05,2.22087e-05,1.37391e-05
0.00010665,0.000105112,9.64513e-05,8.68848e-05,7.56502e-05,6.42134e-05,5.40312e-05,4.11436e-05,3.13301e-05,2.1914e-05,1.34746e-05
0.000105225,0.000103826,9.53075e-05,8.57504e-05,7.4329e-05,6.36405e-05,5.21768e-05,4.02112e-05,3.05207e-05,2.12738e-05,1.33852e-05
0.000103594,0.000101931,9.27729e-05,8.40504e-05,7.25212e-05,6.20372e-05,5.19137e-05,3.96025e-05,2.9734e-05,2.07906e-05,1.29989e-05
0.000101634,9.96299e-05,9.1625e-05,8.26744e-05,7.12019e-05,6.14761e-05,5.07074e-05,3.88908e-05,2.92769e-05,2.01704e-05,1.26898e-05
9.98696e-05,9.80036e-05,8.94555e-05,8.12626e-05,7.01915e-05,6.02745e-05,5.01125e-05,3.80507e-05,2.87499e-05,1.98257e-05,1.22632e-05
9.76745e-05,9.63111e-05,8.68407e-05,7.89012e-05,6.95484e-05,5.9438e-05,4.8557e-05,3.73049e-05,2.82634e-05,1.94911e-05,1.21345e-05
9.60634e-05,9.48269e-05,8.57789e-05,7.83222e-05,6.75404e-05,5.80262e-05,4.74573e-05,3.69125e-05,2.72096e-05,1.8779e-05,1.17324e-05
9.29533e-05,9.3683e-05,8.44797e-05,7.64163e-05,6.63807e-05,5.68371e-05,4.68014e-05,3.54371e-05,2.68097e-05,1.85463e-05,1.14526e-05
9.16658e-05,9.1029e-05,8.33574e-05,7.52294e-05,6.55437e-05,5.56893e-05,4.5631e-05,3.50067e-05,2.61943e-05,1.82544e-05,1.12207e-05
9.05183e-05,9.01838e-05,8.13448e-05,7.40951e-05,6.44154e-05,5.45877e-05,4.49754e-05,3.44348e-05,2.57356e-05,1.79225e-05,1.10503e-05
8.86401e-05,8.76561e-05,7.98817e-05,7.26308e-05,6.30682e-05,5.37684e-05,4.4165e-05,3.41265e-05,2.5227e-05,1.74511e-05,1.06054e-05
8.59228e-05,8.74574e-05,7.79521e-05,7.09472e-05,6.16767e-05,5.27189e-05,4.32842e-05,3.2958e-05,2.45444e-05,1.70448e-05,1.04015e-05
8.5483e-05,8.5428e-05,7.73869e-05,6.97911e-05,6.0779e-05,5.19409e-05,4.24767e-05,3.21617e-05,2.4125e-05,1.67794e-05,1.01236e-05
8.48118e-05,8.30781e-05,7.54871e-05,6.87184e-05,5.94026e-05,5.07063e-05,4.13873e-05,3.17451e-05,2.37598e-05,1.62314e-05,9.90344e-06
8.19738e-05,8.24053e-05,7.40283e-05,6.70956e-05,5.84468e-05,4.91538e-05,4.13224e-05,3.12227e-05,2.30262e-05,1.59656e-05,9.38384e-06
8.11754e-05,8.02548e-05,7.34755e-05,6.59425e-05,5.77512e-05,4.88774e-05,4.02706e-05,3.01705e-05,2.24313e-05,1.53858e-05,9.50443e-06
7.89508e-05,7.90532e-05,7.17359e-05,6.49413e-05,5.64799e-05,4.8371e-05,3.89404e-05,2.96004e-05,2.23497e-05,1.51256e-05,9.16723e-06
7.76171e-05,7.83345e-05,7.02627e-05,6.35572e-05,5.57722e-05,4.75703e-05,3.83692e-05,2.92013e-05,2.1797e-05,1.49228e-05,8.92657e-06
7.71807e-05,7.6799e-05,6.93091e-05,6.26792e-05,5.38812e-05,4.58469e-05,3.74193e-05,2.89377e-05,2.16761e-05,1.45696e-05,8.68327e-06
7.53364e-05,7.5135e-05,6.79331e-05,6.17373e-05,5.36036e-05,4.56931e-05,3.69448e-05,2.81577e-05,2.08932e-05,1.42316e-05,8.56347e-06
7.3072e-05,7.37767e-05,6.67209e-05,6.02362e-05,5.25019e-05,4.41898e-05,3.63737e-05,2.74017e-05,2.03799e-05,1.39433e-05,8.47677e-06
7.23674e-05,7.15861e-05,6.49513e-05,5.92331e-05,5.17696e-05,4.37567e-05,3.54119e-05,2.68006e-05,1.99354e-05,1.37579e-05,8.03655e-06
7.16967e-05,7.12069e-05,6.39458e-05,5.79249e-05,5.11255e-05,4.32803e-05,3.47581e-05,2.67166e-05,1.94756e-05,1.34903e-05,7.68756e-06
7.03142e-05,7.02286e-05,6.27945e-05,5.70404e-05,4.98658e-05,4.19659e-05,3.39662e-05,2.57631e-05,1.91444e-05,1.2976e-05,7.68394e-06
6.85548e-05,6.89473e-05,6.12938e-05,5.57804e-05,4.86226e-05,4.1541e-05,3.38323e-05,2.54784e-05,1.8826e-05,1.27293e-05,7.53054e-06
6.79552e-05,6.79427e-05,6.10166e-05,5.47517e-05,4.87336e-05,4.07381e-05,3.28624e-05,2.48321e-05,1.85622e-05,1.23884e-05,7.39218e-06
6.58825e-05,6.62447e-05,5.94426e-05,5.44296e-05,4.72996e-05,4.01403e-05,3.20923e-05,2.4554e-05,1.79977e-05,1.22506e-05,7.06148e-06
6.49435e-05,6.54799e-05,5.83417e-05,5.38359e-05,4.61113e-05,3.95467e-05,3.14336e-05,2.42085e-05,1.78326e-05,1.19329e-05,6.96196e-06
6.41415e-05,6.459e-05,5.79027e-05,5.30679e-05,4.54966e-05,3.85454e-05,3.14373e-05,2.35203e-05,1.73776e-05,1.17757e-05,6.76689e-06
6.31768e-05,6.41235e-05,5.65483e-05,5.0599e-05,4.47131e-05,3.75942e-05,3.08564e-05,2.27901e-05,1.67229e-05,1.13133e-05,6.49562e-06
6.19829e-05,6.26034e-05,5.52585e-05,5.00318e-05,4.40142e-05,3.74034e-05,3.00326e-05,2.27886e-05,1.65012e-05,1.11772e-05,6.30551e-06
6.12968e-05,6.1796e-05,5.41271e-05,4.99325e-05,4.33007e-05,3.69271e-05,2.90693e-05,2.22992e-05,1.63244e-05,1.09241e-05,6.31317e-06
5.97106e-05,5.98129e-05,5.39683e-05,4.85498e-05,4.20865e-05,3.62147e-05,2.86049e-05,2.17655e-05,1.60331e-05,1.07812e-05,6.17821e-06
5.87271e-05,5.96518e-05,5.30442e-05,4.80298e-05,4.19836e-05,3.57862e-05,2.82091e-05,2.11288e-05,1.54041e-05,1.01766e-05,5.96841e-06
5.74276e-05,5.80191e-05,5.14674e-05,4.72098e-05,4.09603e-05,3.45806e-05,2.79096e-05,2.10495e-05,1.51872e-05,1.00784e-05,5.711e-06
5.65546e-05,5.6466e-05,5.12234e-05,4.6061e-05,4.02735e-05,3.4316e-05,2.74872e-05,2.04051e-05,1.51168e-05,9.93646e-06,5.53032e-06
5.47456e-05,5.62868e-05,4.99836e-05,4.5493e-05,4.00995e-05,3.33305e-05,2.69177e-05,1.99941e-05,1.44165e-05,9.71063e-06,5.48188e-06
5.51925e-05,5.45527e-05,4.88608e-05,4.45324e-05,3.89272e-05,3.28229e-05,2.60772e-05,1.93784e-05,1.42998e-05,9.25694e-06,5.45511e-06
5.29936e-05,5.44067e-05,4.8232e-05,4.37214e-05,3.83856e-05,3.27101e-05,2.55734e-05,1.96391e-05,1.39127e-05,9.14079e-06,5.23461e-06
5.28931e-05,5.33393e-05,4.73536e-05,4.25062e-05,3.75166e-05,3.16953e-05,2.50686e-05,1.88755e-05,1.36526e-05,8.87883e-06,5.08087e-06
5.19257e-05,5.24869e-05,4.64022e-05,4.2493e-05,3.72307e-05,3.12286e-05,2.47725e-05,1.83877e-05,1.35566e-05,8.81843e-06,4.96362e-06
5.06106e-05,5.17599e-05,4.56849e-05,4.17347e-05,3.60063e-05,3.09894e-05,2.41964e-05,1.82024e-05,1.29575e-05,8.59064e-06,4.81967e-06
4.99408e-05,4.97907e-05,4.49916e-05,4.05871e-05,3.54032e-05,3.03157e-05,2.37617e-05,1.75601e-05,1.28443e-05,8.34382e-06,4.61247e-06
4.9299e-05,5.02428e-05,4.41185e-05,4.0225e-05,3.47429e-05,2.96251e-05,2.37151e-05,1.76127e-05,1.27467e-05,8.12889e-06,4.61753e-06
4.81364e-05,4.91875e-05,4.38421e-05,3.90497e-05,3.41414e-05,2.88808e-05,2.30043e-05,1.71298e-05,1.22648e-05,8.03243e-06,4.38556e-06
4.74501e-05,4.77953e-05,4.32195e-05,3.84744e-05,3.33703e-05,2.90191e-05,2.23663e-05,1.68849e-05,1.21294e-05,7.86723e-06,4.35372e-06
4.64957e-05,4.74018e-05,4.19445e-05,3.78162e-05,3.29584e-05,2.82149e-05,2.21038e-05,1.65698e-05,1.16404e-05,7.74929e-06,4.2163e-06
4.5595e-05,4.60551e-05,4.07504e-05,3.75298e-05,3.24195e-05,2.73631e-05,2.18758e-05,1.61005e-05,1.13749e-05,7.40732e-06,3.94138e-06
4.48304e-05,4.63144e-05,4.06088e-05,3.67344e-05,3.21792e-05,2.72532e-05,2.13997e-05,1.58201e-05,1.12977e-05,7.38241e-06,3.97142e-06
4.4155e-05,4.56409e-05,3.94257e-05,3.61243e-05,3.12402e-05,2.6707e-05,2.10906e-05,1.5573e-05,1.09062e-05,7.0751e-06,3.77465e-06
4.28605e-05,4.44979e-05,3.87947e-05,3.54971e-05,3.07087e-05,2.61132e-05,2.05467e-05,1.52546e-05,1.08643e-05,6.97669e-06,3.77082e-06
4.23689e-05,4.31243e-05,3.86066e-05,3.46089e-05,3.06697e-05,2.5664e-05,1.98983e-05,1.48527e-05,1.03838e-05,6.86063e-06,3.64292e-06
4.27319e-05,4.27192e-05,3.77055e-05,3.42659e-05,2.98871e-05,2.52404e-05,1.94014e-05,1.46269e-05,1.03444e-05,6.44432e-06,3.53598e-06
4.14442e-05,4.24725e-05,3.70873e-05,3.3972e-05,2.94414e-05,2.47864e-05,1.95169e-05,1.42199e-05,1.03049e-05,6.48656e-06,3.49118e-06
4.07847e-05,4.12588e-05,3.66729e-05,3.28838e-05,2.86809e-05,2.46302e-05,1.88934e-05,1.42667e-05,9.88285e-06,6.34968e-06,3.43804e-06
3.98765e-05,4.04956e-05,3.61028e-05,3.25489e-05,2.81595e-05,2.40965e-05,1.83899e-05,1.38445e-05,9.5802e-06,6.19189e-06,3.22418e-06
3.83619e-05,3.97501e-05,3.52569e-05,3.16504e-05,2.77584e-05,2.34744e-05,1.83343e-05,1.33472e-05,9.70925e-06,6.12378e-06,3.24712e-06
3.86426e-05,3.94563e-05,3.45606e-05,3.14526e-05,2.70367e-05,2.32538e-05,1.78591e-05,1.32664e-05,9.24285e-06,5.83973e-06,3.08879e-06
3.80715e-05,3.91437e-05,3.46257e-05,3.15892e-05,2.64615e-05,2.35522e-05,1.75177e-05,1.32058e-05,9.27859e-06,5.76901e-06,3.00915e-06
3.73446e-05,3.83358e-05,3.38626e-05,3.06673e-05,2.59316e-05,2.23803e-05,1.72475e-05,1.28817e-05,9.02411e-06,5.59978e-06,2.93748e-06
3.63795e-05,3.73552e-05,3.30441e-05,2.9872e-05,2.59757e-05,2.21232e-05,1.69606e-05,1.26542e-05,8.71725e-06,5.49099e-06,2.88232e-06
3.57215e-05,3.66105e-05,3.23449e-05,2.95614e-05,2.57185e-05,2.18749e-05,1.64326e-05,1.23593e-05,8.62783e-06,5.33785e-06,2.88984e-06
3.59958e-05,3.67569e-05,3.18459e-05,2.9031e-05,2.53378e-05,2.13511e-05,1.6303e-05,1.21285e-05,8.4109e-06,5.21165e-06,2.84876e-06
3.43107e-05,3.59561e-05,3.15489e-05,2.86575e-05,2.48676e-05,2.09508e-05,1.60649e-05,1.17447e-05,8.31007e-06,5.13421e-06,2.59375e-06
3.41605e-05,3.50962e-05,3.08908e-05,2.80454e-05,2.40348e-05,2.06692e-05,1.58732e-05,1.16494e-05,8.04026e-06,5.04317e-06,2.55568e-06
3.34487e-05,3.50404e-05,2.99772e-05,2.75493e-05,2.41286e-05,1.99683e-05,1.57598e-05,1.14801e-05,7.86811e-06,4.9928e-06,2.5926e-06
3.31588e-05,3.29833e-05,2.98875e-05,2.71474e-05,2.32482e-05,1.96852e-05,1.53907e-05,1.10996e-05,7.62965e-06,4.7886e-06,2.25168e-06
3.22679e-05,3.35075e-05,2.90965e-05,2.68358e-05,2.32792e-05,1.95243e-05,1.47288e-05,1.11123e-05,7.76293e-06,4.61475e-06,2.34597e-06
3.18065e-05,3.27611e-05,2.87788e-05,2.62335e-05,2.25088e-05,1.89803e-05,1.46476e-05,1.08789e-05,7.50304e-06,4.65361e-06,2.24107e-06
3.10249e-05,3.24182e-05,2.84514e-05,2.56091e-05,2.24599e-05,1.87605e-05,1.42425e-05,1.05744e-05,7.45156e-06,4.62988e-06,2.18328e-06
3.02789e-05,3.12396e-05,2.76067e-05,2.53208e-05,2.20621e-05,1.8675e-05,1.42054e-05,1.01687e-05,7.07789e-06,4.30898e-06,2.15934e-06
3.02787e-05,3.12181e-05,2.78293e-05,2.49875e-05,2.17109e-05,1.84059e-05,1.35878e-05,1.01179e-05,7.13097e-06,4.14986e-06,2.1054e-06
