0.000255907,0.000255398,0.000239914,0.000234247,0.000222252,0.000210303,0.000194944,0.000185678,0.000172059,0.00016123,0.000155194
0.000242024,0.000241535,0.000227571,0.000222703,0.000213074,0.000201347,0.000184406,0.000174814,0.00016237,0.000153273,0.000144211
0.000231475,0.000230949,0.000220118,0.000213114,0.000200251,0.000188923,0.00017509,0.000168279,0.000154742,0.000145691,0.000137685
0.000221351,0.000219579,0.000210685,0.000202866,0.000191329,0.000179825,0.000166425,0.000160202,0.000147688,0.000138616,0.000129772
0.000212619,0.000210283,0.000202077,0.000193824,0.000182793,0.000171876,0.000158981,0.000153402,0.000141214,0.000132707,0.000123541
0.000204882,0.000201881,0.000193029,0.000185757,0.000174986,0.000164972,0.000152043,0.000146988,0.000134809,0.000127429,0.000118039
0.000197051,0.000193583,0.000186439,0.000177665,0.000167263,0.000158137,0.000145929,0.000140896,0.00012981,0.000122198,0.000112934
0.000189589,0.00018627,0.000179148,0.000170225,0.000160119,0.000152543,0.000140383,0.000135167,0.00012491,0.000117546,0.000108567
0.000182871,0.000178959,0.000172515,0.000163891,0.000153548,0.000146777,0.000134674,0.00012991,0.000119987,0.000112954,0.000104109
0.000176388,0.000172475,0.00016461,0.000158006,0.000147596,0.000141253,0.000129118,0.000124798,0.000116047,0.000108714,9.97047e-05
0.000169633,0.000165723,0.000160147,0.000152716,0.000140914,0.00013677,0.000123938,0.000120667,0.000111733,0.000104794,9.63742e-05
0.000163904,0.000161041,0.000153948,0.000146633,0.000136435,0.000131875,0.000120219,0.000115526,0.000107119,0.000100746,9.31995e-05
0.000156898,0.000154128,0.000149588,0.000141464,0.000131045,0.000128466,0.000116377,0.000111136,0.000104174,9.73678e-05,8.90837e-05
0.000150631,0.000149278,0.000144004,0.000137095,0.000126325,0.000124663,0.000111676,0.000107125,0.000101169,9.38804e-05,8.58102e-05
0.000145202,0.000143964,0.00013902,0.000132056,0.000122127,0.000120466,0.000108125,0.000103383,9.72377e-05,9.05557e-05,8.29439e-05
0.000139716,0.000138639,0.000134624,0.000127788,0.000118015,0.000117021,0.000104144,0.000100471,9.42677e-05,8.73577e-05,8.00195e-05
0.000134796,0.000133851,0.000130643,0.000122468,0.000114402,0.000113178,0.000101186,9.60315e-05,9.13165e-05,8.4235e-05,7.74052e-05
0.000130453,0.00012982,0.000126157,0.000119392,0.000111474,0.000109629,9.80122e-05,9.28731e-05,8.85705e-05,8.15866e-05,7.43997e-05
0.000125297,0.00012591,0.000121122,0.000115628,0.000108039,0.000107133,9.48076e-05,9.07494e-05,8.57149e-05,7.87238e-05,7.19935e-05
0.00012041,0.000121535,0.000116233,0.000111875,0.000105011,0.000103712,9.17119e-05,8.77724e-05,8.30123e-05,7.61413e-05,6.95858e-05
0.000116649,0.000117448,0.000113052,0.000108275,0.000101842,0.000100609,8.87219e-05,8.51557e-05,8.02406e-05,7.35922e-05,6.72389e-05
0.000112107,0.000112826,0.000108876,0.000105297,9.83281e-05,9.71763e-05,8.54501e-05,8.21645e-05,7.74085e-05,7.12744e-05,6.49608e-05
0.00010781,0.000109014,0.000105005,0.000101252,9.57114e-05,9.35184e-05,8.28168e-05,8.01585e-05,7.45312e-05,6.91014e-05,6.27005e-05
0.000104581,0.000104792,0.000102155,9.81124e-05,9.22904e-05,9.08492e-05,8.01735e-05,7.68229e-05,7.20967e-05,6.6499e-05,6.09921e-05
0.000100587,0.000101676,9.86652e-05,9.55996e-05,9.03029e-05,8.78621e-05,7.78002e-05,7.54204e-05,6.99411e-05,6.44965e-05,5.87475e-05
9.74708e-05,9.81662e-05,9.50063e-05,9.21499e-05,8.75494e-05,8.47445e-05,7.5131e-05,7.259e-05,6.75723e-05,6.27193e-05,5.67273e-05
9.42784e-05,9.49849e-05,9.19379e-05,8.91311e-05,8.48606e-05,8.23795e-05,7.28313e-05,7.06447e-05,6.54578e-05,6.03438e-05,5.4982e-05
9.08096e-05,9.14753e-05,8.80357e-05,8.65607e-05,8.22753e-05,7.8962e-05,7.05386e-05,6.82847e-05,6.33817e-05,5.87986e-05,5.31339e-05
8.79649e-05,8.83761e-05,8.59488e-05,8.35311e-05,7.95389e-05,7.71348e-05,6.85058e-05,6.65576e-05,6.12595e-05,5.65156e-05,5.12947e-05
8.50762e-05,8.54464e-05,8.3086e-05,8.07168e-05,7.74583e-05,7.39805e-05,6.59863e-05,6.40611e-05,5.94815e-05,5.47423e-05,4.94983e-05
8.22554e-05,8.25508e-05,8.02729e-05,7.78829e-05,7.43091e-05,7.17335e-05,6.418e-05,6.22226e-05,5.69614e-05,5.29693e-05,4.80386e-05
7.89213e-05,7.98379e-05,7.73595e-05,7.55737e-05,7.23317e-05,6.9371e-05,6.19716e-05,6.01517e-05,5.49803e-05,5.13e-05,4.6322e-05
7.63457e-05,7.69774e-05,7.46887e-05,7.28774e-05,6.98438e-05,6.70161e-05,6.0184e-05,5.83201e-05,5.33201e-05,4.94446e-05,4.47384e-05
7.37577e-05,7.44451e-05,7.19814e-05,7.03329e-05,6.74748e-05,6.44851e-05,5.82705e-05,5.6433e-05,5.15437e-05,4.76304e-05,4.32707e-05
7.1354e-05,7.15156e-05,6.95806e-05,6.79571e-05,6.5203e-05,6.24636e-05,5.64325e-05,5.44274e-05,4.99412e-05,4.62612e-05,4.17261e-05
6.91206e-05,6.96184e-05,6.75939e-05,6.56711e-05,6.33604e-05,6.06854e-05,5.47071e-05,5.29071e-05,4.81733e-05,4.46324e-05,4.0335e-05
6.62921e-05,6.68355e-05,6.51215e-05,6.36191e-05,6.11935e-05,5.81754e-05,5.30308e-05,5.10604e-05,4.66835e-05,4.30807e-05,3.89288e-05
6.40863e-05,6.46752e-05,6.27397e-05,6.1414e-05,5.91032e-05,5.64615e-05,5.11816e-05,4.91423e-05,4.49443e-05,4.15375e-05,3.76539e-05
6.20758e-05,6.2402e-05,6.06791e-05,5.91223e-05,5.66918e-05,5.45455e-05,4.94974e-05,4.72086e-05,4.35282e-05,4.02422e-05,3.62487e-05
5.97938e-05,6.06576e-05,5.86143e-05,5.75099e-05,5.53992e-05,5.33466e-05,4.79856e-05,4.53985e-05,4.20431e-05,3.87858e-05,3.49194e-05
5.79927e-05,5.8317e-05,5.6627e-05,5.53801e-05,5.32441e-05,5.08659e-05,4.64121e-05,4.42653e-05,4.07492e-05,3.72965e-05,3.37118e-05
5.61441e-05,5.64899e-05,5.46893e-05,5.33531e-05,5.11418e-05,4.91123e-05,4.48703e-05,4.25528e-05,3.92521e-05,3.59564e-05,3.24856e-05
5.44853e-05,5.44361e-05,5.29064e-05,5.15139e-05,4.99508e-05,4.75532e-05,4.34455e-05,4.12679e-05,3.8182e-05,3.49747e-05,3.14635e-05
5.25715e-05,5.26236e-05,5.11911e-05,4.96788e-05,4.79259e-05,4.57538e-05,4.18653e-05,3.97531e-05,3.65779e-05,3.3386e-05,3.03275e-05
5.09048e-05,5.1306e-05,4.94909e-05,4.77146e-05,4.64329e-05,4.39405e-05,4.08772e-05,3.84008e-05,3.53845e-05,3.21261e-05,2.93202e-05
4.93692e-05,4.91098e-05,4.75657e-05,4.61221e-05,4.45834e-05,4.24201e-05,3.91767e-05,3.69291e-05,3.42948e-05,3.10022e-05,2.80251e-05
4.80461e-05,4.75417e-05,4.64539e-05,4.46693e-05,4.32139e-05,4.09976e-05,3.79103e-05,3.58676e-05,3.32593e-05,3.00124e-05,2.7061e-05
4.63079e-05,4.58892e-05,4.44795e-05,4.27036e-05,4.15868e-05,3.94015e-05,3.64675e-05,3.42141e-05,3.19826e-05,2.87485e-05,2.61285e-05
4.48863e-05,4.47123e-05,4.28681e-05,4.13423e-05,3.99717e-05,3.81846e-05,3.52867e-05,3.33003e-05,3.08826e-05,2.77149e-05,2.52483e-05
4.35948e-05,4.29861e-05,4.16588e-05,3.99508e-05,3.87357e-05,3.6752e-05,3.40185e-05,3.21247e-05,2.98015e-05,2.6638e-05,2.42455e-05
4.2075e-05,4.164e-05,4.00516e-05,3.85115e-05,3.71659e-05,3.55173e-05,3.28045e-05,3.09874e-05,2.88391e-05,2.57194e-05,2.3423e-05
4.07856e-05,4.02464e-05,3.88569e-05,3.70807e-05,3.59388e-05,3.40024e-05,3.16734e-05,2.9751e-05,2.76256e-05,2.47749e-05,2.24871e-05
3.94841e-05,3.8794e-05,3.73803e-05,3.59103e-05,3.50411e-05,3.27951e-05,3.04287e-05,2.8841e-05,2.6634e-05,2.4017e-05,2.18802e-05
3.83124e-05,3.75758e-05,3.62686e-05,3.45999e-05,3.34633e-05,3.17408e-05,2.94389e-05,2.77023e-05,2.57737e-05,2.29953e-05,2.10024e-05
3.70907e-05,3.64699e-05,3.50394e-05,3.34298e-05,3.24273e-05,3.04862e-05,2.83633e-05,2.68154e-05,2.48552e-05,2.21336e-05,2.02684e-05
3.58527e-05,3.55002e-05,3.38159e-05,3.23661e-05,3.13036e-05,2.93173e-05,2.74005e-05,2.59712e-05,2.39629e-05,2.12294e-05,1.95786e-05
3.48913e-05,3.41495e-05,3.28675e-05,3.12573e-05,3.02226e-05,2.83968e-05,2.65925e-05,2.50187e-05,2.31153e-05,2.05769e-05,1.8923e-05
3.37665e-05,3.32277e-05,3.17024e-05,3.00827e-05,2.92173e-05,2.73929e-05,2.55234e-05,2.41942e-05,2.23568e-05,1.98945e-05,1.82763e-05
3.27078e-05,3.20489e-05,3.06187e-05,2.90873e-05,2.82233e-05,2.64343e-05,2.46057e-05,2.33422e-05,2.15533e-05,1.91648e-05,1.7636e-05
3.17551e-05,3.12312e-05,2.95348e-05,2.81689e-05,2.7272e-05,2.55512e-05,2.38044e-05,2.26141e-05,2.07772e-05,1.84837e-05,1.70674e-05
3.07224e-05,3.02211e-05,2.87674e-05,2.70504e-05,2.65375e-05,2.47371e-05,2.29797e-05,2.17578e-05,2.01152e-05,1.78269e-05,1.64932e-05
2.98145e-05,2.92616e-05,2.78076e-05,2.6255e-05,2.5487e-05,2.38334e-05,2.22028e-05,2.10302e-05,1.94625e-05,1.73053e-05,1.59791e-05
2.88829e-05,2.82124e-05,2.68055e-05,2.54296e-05,2.46742e-05,2.30537e-05,2.14456e-05,2.04283e-05,1.87691e-05,1.66984e-05,1.54397e-05
2.79755e-05,2.73586e-05,2.58959e-05,2.45289e-05,2.39129e-05,2.22703e-05,2.07676e-05,1.97661e-05,1.8128e-05,1.61079e-05,1.49315e-05
2.7213e-05,2.64956e-05,2.51738e-05,2.38529e-05,2.3137e-05,2.15963e-05,2.0112e-05,1.91589e-05,1.75972e-05,1.56592e-05,1.45156e-05
2.64181e-05,2.58467e-05,2.44297e-05,2.32194e-05,2.24166e-05,2.10116e-05,1.95126e-05,1.85547e-05,1.70971e-05,1.51904e-05,1.40337e-05
2.55535e-05,2.5022e-05,2.35042e-05,2.2385e-05,2.16475e-05,2.02603e-05,1.88899e-05,1.80206e-05,1.64196e-05,1.47518e-05,1.36649e-05
2.47036e-05,2.40197e-05,2.27855e-05,2.16986e-05,2.10395e-05,1.97178e-05,1.82366e-05,1.74787e-05,1.59302e-05,1.41893e-05,1.31785e-05
2.40303e-05,2.3352e-05,2.21709e-05,2.10863e-05,2.04637e-05,1.91519e-05,1.77529e-05,1.70026e-05,1.54486e-05,1.37551e-05,1.28449e-05
2.32651e-05,2.24144e-05,2.14124e-05,2.04222e-05,1.97597e-05,1.85381e-05,1.71432e-05,1.63959e-05,1.49848e-05,1.33735e-05,1.24067e-05
2.26064e-05,2.20164e-05,2.07602e-05,1.98541e-05,1.91763e-05,1.79619e-05,1.66253e-05,1.59313e-05,1.4545e-05,1.29964e-05,1.20556e-05
2.20501e-05,2.12407e-05,2.01889e-05,1.92439e-05,1.86729e-05,1.75158e-05,1.61799e-05,1.54047e-05,1.41654e-05,1.26563e-05,1.17181e-05
2.12945e-05,2.0669e-05,1.96064e-05,1.87818e-05,1.81233e-05,1.69691e-05,1.56992e-05,1.51359e-05,1.36773e-05,1.22775e-05,1.14236e-05
2.06627e-05,2.00742e-05,1.89491e-05,1.81671e-05,1.76013e-05,1.65109e-05,1.52267e-05,1.46055e-05,1.33539e-05,1.19488e-05,1.10794e-05
2.01176e-05,1.94759e-05,1.84317e-05,1.76991e-05,1.70942e-05,1.60397e-05,1.48287e-05,1.42194e-05,1.29712e-05,1.16304e-05,1.07558e-05
1.95412e-05,1.89618e-05,1.79006e-05,1.72334e-05,1.66682e-05,1.55791e-05,1.43994e-05,1.38979e-05,1.26168e-05,1.12947e-05,1.04802e-05
1.89451e-05,1.83467e-05,1.73438e-05,1.67271e-05,1.61715e-05,1.51807e-05,1.40231e-05,1.34436e-05,1.2244e-05,1.10208e-05,1.01753e-05
1.84522e-05,1.77966e-05,1.68658e-05,1.62749e-05,1.57151e-05,1.47317e-05,1.36569e-05,1.30756e-05,1.18933e-05,1.07276e-05,9.92537e-06
1.78777e-05,1.72746e-05,1.63647e-05,1.58249e-05,1.53575e-05,1.43965e-05,1.32652e-05,1.27213e-05,1.16032e-05,1.04556e-05,9.6165e-06
1.73996e-05,1.67656e-05,1.59197e-05,1.54063e-05,1.48763e-05,1.39791e-05,1.29034e-05,1.23835e-05,1.12651e-05,1.01719e-05,9.38148e-06
1.68999e-05,1.63284e-05,1.54857e-05,1.50091e-05,1.44868e-05,1.36304e-05,1.26079e-05,1.20361e-05,1.09876e-05,9.92034e-06,9.10471e-06
1.64342e-05,1.58192e-05,1.50808e-05,1.46261e-05,1.41099e-05,1.32434e-05,1.22673e-05,1.17456e-05,1.06765e-05,9.63868e-06,8.88135e-06
1.60258e-05,1.53834e-05,1.46796e-05,1.42012e-05,1.37585e-05,1.29238e-05,1.19121e-05,1.13947e-05,1.03866e-05,9.39894e-06,8.62812e-06
1.55306e-05,1.50002e-05,1.42638e-05,1.38086e-05,1.33883e-05,1.2562e-05,1.16268e-05,1.11931e-05,1.01117e-05,9.1731e-06,8.42994e-06
1.51038e-05,1.44906e-05,1.3878e-05,1.34545e-05,1.30068e-05,1.22618e-05,1.13558e-05,1.08361e-05,9.86175e-06,8.94557e-06,8.15488e-06
1.46995e-05,1.40065e-05,1.35116e-05,1.3094e-05,1.2638e-05,1.19137e-05,1.10087e-05,1.05689e-05,9.58959e-06,8.68321e-06,7.95282e-06
1.42494e-05,1.37488e-05,1.32084e-05,1.27479e-05,1.23414e-05,1.16126e-05,1.07504e-05,1.03082e-05,9.37024e-06,8.44859e-06,7.73086e-06
1.3918e-05,1.33014e-05,1.27927e-05,1.2422e-05,1.19923e-05,1.12973e-05,1.04684e-05,1.00127e-05,9.10986e-06,8.25047e-06,7.55272e-06
1.35431e-05,1.30237e-05,1.25314e-05,1.20988e-05,1.16869e-05,1.09997e-05,1.02323e-05,9.73949e-06,8.9006e-06,8.00619e-06,7.34905e-06
1.31347e-05,1.25695e-05,1.21176e-05,1.17537e-05,1.13765e-05,1.07403e-05,9.91524e-06,9.51736e-06,8.61535e-06,7.84609e-06,7.1643e-06
1.28135e-05,1.22574e-05,1.18253e-05,1.14486e-05,1.11095e-05,1.04566e-05,9.72745e-06,9.27889e-06,8.43412e-06,7.62515e-06,6.96563e-06
1.24392e-05,1.19496e-05,1.14996e-05,1.11438e-05,1.07851e-05,1.0162e-05,9.45081e-06,9.0404e-06,8.19521e-06,7.42545e-06,6.77993e-06
1.21486e-05,1.1606e-05,1.12029e-05,1.08354e-05,1.04726e-05,9.9066e-06,9.20013e-06,8.82412e-06,7.97892e-06,7.23271e-06,6.60738e-06
1.17823e-05,1.12938e-05,1.09282e-05,1.05617e-05,1.02253e-05,9.63691e-06,8.98901e-06,8.56437e-06,7.77425e-06,7.04461e-06,6.41735e-06
1.14658e-05,1.09954e-05,1.06319e-05,1.02659e-05,9.96041e-06,9.41533e-06,8.75284e-06,8.3613e-06,7.57711e-06,6.83605e-06,6.23832e-06
1.11716e-05,1.06997e-05,1.03384e-05,1.00015e-05,9.67552e-06,9.12921e-06,8.51664e-06,8.12802e-06,7.36369e-06,6.67305e-06,6.08921e-06
1.08998e-05,1.04579e-05,1.00854e-05,9.71849e-06,9.43705e-06,8.93755e-06,8.32744e-06,7.94365e-06,7.17582e-06,6.49177e-06,5.92132e-06
1.05934e-05,1.01621e-05,9.81246e-06,9.45981e-06,9.19613e-06,8.66127e-06,8.09285e-06,7.71068e-06,6.99027e-06,6.32429e-06,5.7541e-06
1.03439e-05,9.89101e-06,9.57178e-06,9.2161e-06,8.94493e-06,8.46195e-06,7.9109e-06,7.51063e-06,6.80928e-06,6.15296e-06,5.58803e-06
1.00547e-05,9.65674e-06,9.31957e-06,8.95055e-06,8.69983e-06,8.22229e-06,7.69273e-06,7.30518e-06,6.6193e-06,5.97788e-06,5.46162e-06
9.807e-06,9.39906e-06,9.09363e-06,8.72763e-06,8.45365e-06,8.02775e-06,7.47703e-06,7.13662e-06,6.45117e-06,5.82679e-06,5.31398e-06
9.5243e-06,9.14344e-06,8.87854e-06,8.48404e-06,8.24131e-06,7.79e-06,7.30465e-06,6.94377e-06,6.26513e-06,5.67097e-06,5.17039e-06
9.32193e-06,8.97924e-06,8.66046e-06,8.25756e-06,8.0471e-06,7.63088e-06,7.16856e-06,6.77853e-06,6.10039e-06,5.52393e-06,5.01687e-06
9.00552e-06,8.69086e-06,8.42434e-06,8.04754e-06,7.81297e-06,7.39919e-06,6.93996e-06,6.59114e-06,5.95455e-06,5.37697e-06,4.88754e-06
8.80744e-06,8.47803e-06,8.2326e-06,7.84182e-06,7.6293e-06,7.22017e-06,6.78007e-06,6.43382e-06,5.78911e-06,5.23086e-06,4.74223e-06
8.61937e-06,8.29043e-06,8.05596e-06,7.6058e-06,7.41396e-06,7.04634e-06,6.60335e-06,6.2671e-06,5.62336e-06,5.07005e-06,4.62257e-06
8.37221e-06,8.06936e-06,7.813e-06,7.41128e-06,7.2405e-06,6.86095e-06,6.44986e-06,6.09535e-06,5.48517e-06,4.94707e-06,4.50123e-06
8.14984e-06,7.8859e-06,7.62891e-06,7.21567e-06,7.04722e-06,6.69917e-06,6.26067e-06,5.95756e-06,5.35346e-06,4.8228e-06,4.39769e-06
7.96356e-06,7.71609e-06,7.42316e-06,7.01927e-06,6.87445e-06,6.54923e-06,6.14936e-06,5.78668e-06,5.1989e-06,4.69257e-06,4.27012e-06
7.79396e-06,7.48872e-06,7.27918e-06,6.86104e-06,6.66973e-06,6.35267e-06,5.97267e-06,5.62633e-06,5.05819e-06,4.55472e-06,4.13373e-06
7.56284e-06,7.28892e-06,7.10557e-06,6.67955e-06,6.51757e-06,6.179e-06,5.79996e-06,5.47579e-06,4.92671e-06,4.43545e-06,4.03155e-06
7.40257e-06,7.10086e-06,6.90591e-06,6.53132e-06,6.32529e-06,6.02058e-06,5.688e-06,5.36993e-06,4.80881e-06,4.32968e-06,3.9219e-06
7.21561e-06,6.96229e-06,6.75216e-06,6.35874e-06,6.17822e-06,5.88357e-06,5.54029e-06,5.23809e-06,4.67286e-06,4.20286e-06,3.7978e-06
7.05692e-06,6.77971e-06,6.59979e-06,6.15007e-06,6.005e-06,5.73318e-06,5.37741e-06,5.11436e-06,4.54463e-06,4.1088e-06,3.73403e-06
6.87858e-06,6.63629e-06,6.41249e-06,6.01132e-06,5.86944e-06,5.58035e-06,5.27114e-06,4.96992e-06,4.42476e-06,4.00187e-06,3.61407e-06
6.69218e-06,6.44483e-06,6.25321e-06,5.84397e-06,5.71159e-06,5.43569e-06,5.11422e-06,4.81158e-06,4.30257e-06,3.87926e-06,3.52603e-06
6.57399e-06,6.26998e-06,6.11115e-06,5.73075e-06,5.57301e-06,5.31405e-06,5.00911e-06,4.71827e-06,4.20557e-06,3.78401e-06,3.43366e-06
6.36268e-06,6.16771e-06,5.99153e-06,5.59483e-06,5.4252e-06,5.19123e-06,4.89213e-06,4.60871e-06,4.10812e-06,3.69171e-06,3.32685e-06
6.23168e-06,6.00487e-06,5.83254e-06,5.41861e-06,5.31456e-06,5.09249e-06,4.7726e-06,4.46984e-06,3.99891e-06,3.57926e-06,3.25449e-06
6.05881e-06,5.86851e-06,5.7362e-06,5.31359e-06,5.16823e-06,4.91783e-06,4.64941e-06,4.35072e-06,3.87092e-06,3.4924e-06,3.15302e-06
5.93595e-06,5.73302e-06,5.56366e-06,5.17536e-06,5.04118e-06,4.83756e-06,4.53513e-06,4.25425e-06,3.77256e-06,3.40002e-06,3.07596e-06
5.82674e-06,5.58988e-06,5.47261e-06,5.08324e-06,4.92706e-06,4.70279e-06,4.43473e-06,4.15991e-06,3.70114e-06,3.31225e-06,3.01033e-06
5.63328e-06,5.46246e-06,5.30371e-06,4.94415e-06,4.82654e-06,4.5979e-06,4.30958e-06,4.04924e-06,3.59765e-06,3.21745e-06,2.91185e-06
5.53218e-06,5.33748e-06,5.21048e-06,4.81817e-06,4.68249e-06,4.47372e-06,4.21885e-06,3.92332e-06,3.50077e-06,3.1389e-06,2.83413e-06
5.37758e-06,5.20153e-06,5.03299e-06,4.6905e-06,4.5799e-06,4.39043e-06,4.10956e-06,3.8376e-06,3.41727e-06,3.06662e-06,2.76676e-06
5.28341e-06,5.10176e-06,4.98387e-06,4.58014e-06,4.45707e-06,4.26761e-06,4.00814e-06,3.75608e-06,3.32621e-06,2.98633e-06,2.68518e-06
5.11611e-06,4.96123e-06,4.81789e-06,4.47527e-06,4.34684e-06,4.17843e-06,3.90826e-06,3.65971e-06,3.25299e-06,2.90686e-06,2.62485e-06
4.99274e-06,4.85898e-06,4.72529e-06,4.39207e-06,4.23219e-06,4.07461e-06,3.81909e-06,3.56704e-06,3.15405e-06,2.82686e-06,2.55323e-06
4.87869e-06,4.71981e-06,4.60603e-06,4.27152e-06,4.14695e-06,3.97634e-06,3.71414e-06,3.47597e-06,3.09464e-06,2.761e-06,2.49566e-06
4.78612e-06,4.64451e-06,4.53375e-06,4.16718e-06,4.05763e-06,3.89043e-06,3.62543e-06,3.40426e-06,3.02723e-06,2.69165e-06,2.44368e-06
4.6474e-06,4.50426e-06,4.41301e-06,4.09493e-06,3.98732e-06,3.81422e-06,3.55236e-06,3.34603e-06,2.94167e-06,2.63155e-06,2.37348e-06
4.5413e-06,4.41273e-06,4.3039e-06,3.96761e-06,3.84308e-06,3.72739e-06,3.47549e-06,3.22514e-06,2.86549e-06,2.55251e-06,2.30961e-06
4.4003e-06,4.3027e-06,4.19346e-06,3.88727e-06,3.76502e-06,3.65427e-06,3.39647e-06,3.16174e-06,2.79887e-06,2.49832e-06,2.25312e-06
4.33174e-06,4.22889e-06,4.09908e-06,3.79774e-06,3.68652e-06,3.54937e-06,3.29761e-06,3.0832e-06,2.72248e-06,2.44448e-06,2.18822e-06
4.23022e-06,4.08633e-06,4.00617e-06,3.71133e-06,3.58653e-06,3.48889e-06,3.25721e-06,3.00735e-06,2.66033e-06,2.3662e-06,2.13654e-06
4.12378e-06,4.0297e-06,3.9203e-06,3.64449e-06,3.51077e-06,3.39753e-06,3.15004e-06,2.94772e-06,2.60299e-06,2.31613e-06,2.06813e-06
4.03109e-06,3.91716e-06,3.83944e-06,3.54293e-06,3.439e-06,3.3152e-06,3.082e-06,2.86025e-06,2.53816e-06,2.26047e-06,2.03398e-06
3.94241e-06,3.84256e-06,3.75213e-06,3.46659e-06,3.36895e-06,3.23406e-06,3.02286e-06,2.80297e-06,2.47812e-06,2.21396e-06,1.98594e-06
3.84256e-06,3.75766e-06,3.67499e-06,3.38725e-06,3.27233e-06,3.17841e-06,2.93611e-06,2.75081e-06,2.42054e-06,2.14118e-06,1.93602e-06
3.76231e-06,3.67658e-06,3.58667e-06,3.32549e-06,3.21035e-06,3.1103e-06,2.88395e-06,2.67682e-06,2.3651e-06,2.10815e-06,1.89111e-06
3.66804e-06,3.58047e-06,3.47549e-06,3.23268e-06,3.13351e-06,3.05461e-06,2.81709e-06,2.6204e-06,2.32047e-06,2.05092e-06,1.86033e-06
3.58449e-06,3.4988e-06,3.42821e-06,3.17255e-06,3.05746e-06,2.97589e-06,2.75846e-06,2.56038e-06,2.24615e-06,2.00789e-06,1.80015e-06
3.5046e-06,3.42668e-06,3.33106e-06,3.10685e-06,2.99985e-06,2.90416e-06,2.68904e-06,2.50548e-06,2.20566e-06,1.95942e-06,1.75563e-06
3.41395e-06,3.35133e-06,3.26148e-06,3.04085e-06,2.9331e-06,2.83728e-06,2.63001e-06,2.44245e-06,2.14956e-06,1.91252e-06,1.71039e-06
3.3462e-06,3.27544e-06,3.18864e-06,2.97424e-06,2.84349e-06,2.77229e-06,2.56598e-06,2.3809e-06,2.11523e-06,1.86135e-06,1.68785e-06
3.24992e-06,3.19227e-06,3.12533e-06,2.91377e-06,2.79366e-06,2.72291e-06,2.51726e-06,2.34627e-06,2.05794e-06,1.81856e-06,1.63773e-06
3.18911e-06,3.15486e-06,3.05976e-06,2.84707e-06,2.75982e-06,2.67751e-06,2.4671e-06,2.28865e-06,2.02149e-06,1.78141e-06,1.59325e-06
3.11528e-06,3.06059e-06,2.97405e-06,2.77402e-06,2.67462e-06,2.61798e-06,2.41834e-06,2.2327e-06,1.97701e-06,1.74237e-06,1.56211e-06
3.04871e-06,2.99181e-06,2.90881e-06,2.73166e-06,2.63079e-06,2.55571e-06,2.35218e-06,2.19114e-06,1.93199e-06,1.70693e-06,1.52724e-06
2.97003e-06,2.92758e-06,2.84948e-06,2.65837e-06,2.56596e-06,2.49767e-06,2.30856e-06,2.13681e-06,1.88917e-06,1.66145e-06,1.4947e-06
2.90804e-06,2.86226e-06,2.79017e-06,2.61059e-06,2.50258e-06,2.44919e-06,2.25662e-06,2.09645e-06,1.84555e-06,1.62252e-06,1.46305e-06
2.84619e-06,2.80515e-06,2.73749e-06,2.5682e-06,2.45684e-06,2.38677e-06,2.20899e-06,2.04614e-06,1.80174e-06,1.59145e-06,1.4231e-06
2.79027e-06,2.75618e-06,2.66755e-06,2.50356e-06,2.40631e-06,2.33904e-06,2.16657e-06,2.00435e-06,1.7673e-06,1.55622e-06,1.3951e-06
2.72991e-06,2.69937e-06,2.6229e-06,2.45981e-06,2.36198e-06,2.30478e-06,2.115e-06,1.96282e-06,1.72244e-06,1.51691e-06,1.36073e-06
2.65611e-06,2.63573e-06,2.5589e-06,2.40749e-06,2.30698e-06,2.25096e-06,2.06585e-06,1.92248e-06,1.68079e-06,1.48645e-06,1.33427e-06
2.60431e-06,2.5811e-06,2.50112e-06,2.35643e-06,2.25391e-06,2.20375e-06,2.02767e-06,1.878e-06,1.65371e-06,1.45549e-06,1.30376e-06
2.55391e-06,2.51284e-06,2.44748e-06,2.29974e-06,2.20589e-06,2.15675e-06,1.99549e-06,1.8379e-06,1.61791e-06,1.41874e-06,1.27369e-06
2.47815e-06,2.46495e-06,2.39809e-06,2.25785e-06,2.17002e-06,2.1113e-06,1.94661e-06,1.80335e-06,1.59088e-06,1.39265e-06,1.24853e-06
2.42975e-06,2.41522e-06,2.34671e-06,2.20651e-06,2.12284e-06,2.06324e-06,1.90169e-06,1.76293e-06,1.55569e-06,1.35804e-06,1.22207e-06
2.38212e-06,2.36859e-06,2.29276e-06,2.1688e-06,2.08996e-06,2.01468e-06,1.86002e-06,1.72423e-06,1.52173e-06,1.33529e-06,1.19232e-06
2.32949e-06,2.31636e-06,2.2478e-06,2.12209e-06,2.03671e-06,1.98196e-06,1.81992e-06,1.69098e-06,1.49107e-06,1.29938e-06,1.1694e-06
2.2814e-06,2.27733e-06,2.20042e-06,2.08113e-06,1.99751e-06,1.94249e-06,1.78589e-06,1.65576e-06,1.45197e-06,1.27447e-06,1.13975e-06
2.22552e-06,2.22531e-06,2.14953e-06,2.03917e-06,1.9547e-06,1.89806e-06,1.74538e-06,1.62212e-06,1.42203e-06,1.25246e-06,1.11777e-06
2.17259e-06,2.17808e-06,2.10201e-06,1.995e-06,1.90453e-06,1.86215e-06,1.71757e-06,1.58262e-06,1.39567e-06,1.22246e-06,1.09267e-06
2.12188e-06,2.13687e-06,2.0556e-06,1.95911e-06,1.86501e-06,1.82298e-06,1.67921e-06,1.55827e-06,1.36325e-06,1.1966e-06,1.07083e-06
2.0867e-06,2.09441e-06,2.01788e-06,1.91572e-06,1.83483e-06,1.78517e-06,1.64458e-06,1.52158e-06,1.33612e-06,1.17223e-06,1.0463e-06
2.04125e-06,2.04866e-06,1.98078e-06,1.8696e-06,1.80562e-06,1.74798e-06,1.6199e-06,1.48326e-06,1.3116e-06,1.15198e-06,1.02544e-06
2.00016e-06,2.0142e-06,1.93714e-06,1.84229e-06,1.76414e-06,1.71327e-06,1.58047e-06,1.46116e-06,1.27977e-06,1.12352e-06,1.00053e-06
1.95996e-06,1.97096e-06,1.89657e-06,1.80681e-06,1.72612e-06,1.67572e-06,1.54838e-06,1.43261e-06,1.25481e-06,1.09964e-06,9.81106e-07
1.9121e-06,1.93608e-06,1.85376e-06,1.76686e-06,1.68938e-06,1.64917e-06,1.51611e-06,1.40358e-06,1.22612e-06,1.0749e-06,9.59945e-07
1.87878e-06,1.89496e-06,1.82117e-06,1.73913e-06,1.65709e-06,1.61359e-06,1.48429e-06,1.37242e-06,1.20121e-06,1.05501e-06,9.39377e-07
1.83653e-06,1.85792e-06,1.77998e-06,1.69905e-06,1.62728e-06,1.57798e-06,1.45289e-06,1.34094e-06,1.18145e-06,1.03916e-06,9.199e-07
1.8009e-06,1.82469e-06,1.74395e-06,1.66986e-06,1.59631e-06,1.548e-06,1.42068e-06,1.31545e-06,1.15379e-06,1.0125e-06,8.97406e-07
1.7625e-06,1.78782e-06,1.70812e-06,1.63524e-06,1.56255e-06,1.51594e-06,1.39425e-06,1.28961e-06,1.13002e-06,9.91024e-07,8.82325e-07
1.72337e-06,1.75301e-06,1.67176e-06,1.60309e-06,1.52934e-06,1.4849e-06,1.36695e-06,1.26499e-06,1.1075e-06,9.71482e-07,8.63383e-07
1.69768e-06,1.71921e-06,1.64455e-06,1.56716e-06,1.50248e-06,1.45537e-06,1.34081e-06,1.23735e-06,1.08581e-06,9.50835e-07,8.44889e-07
1.65701e-06,1.68739e-06,1.6072e-06,1.53537e-06,1.47247e-06,1.42292e-06,1.31452e-06,1.20703e-06,1.06251e-06,9.34888e-07,8.29344e-07
1.62704e-06,1.65529e-06,1.576e-06,1.51123e-06,1.44327e-06,1.39573e-06,1.28457e-06,1.18668e-06,1.04025e-06,9.13191e-07,8.09335e-07
1.59026e-06,1.62225e-06,1.5434e-06,1.47491e-06,1.41373e-06,1.36764e-06,1.26321e-06,1.16021e-06,1.02316e-06,8.94324e-07,7.94246e-07
1.55885e-06,1.59317e-06,1.5113e-06,1.45412e-06,1.38512e-06,1.34377e-06,1.23537e-06,1.14092e-06,9.99626e-07,8.76889e-07,7.76731e-07
1.53025e-06,1.56228e-06,1.48294e-06,1.42523e-06,1.36131e-06,1.3136e-06,1.20868e-06,1.1162e-06,9.79895e-07,8.5881e-07,7.61149e-07
1.49475e-06,1.53406e-06,1.45195e-06,1.39252e-06,1.33611e-06,1.28518e-06,1.18794e-06,1.09205e-06,9.61519e-07,8.43153e-07,7.45766e-07
1.46968e-06,1.50437e-06,1.42923e-06,1.374e-06,1.30651e-06,1.26009e-06,1.16277e-06,1.0728e-06,9.39793e-07,8.23487e-07,7.2831e-07
1.44564e-06,1.47764e-06,1.39718e-06,1.34682e-06,1.28341e-06,1.23615e-06,1.13954e-06,1.05056e-06,9.21188e-07,8.05939e-07,7.128e-07
1.41368e-06,1.45133e-06,1.36822e-06,1.3202e-06,1.258e-06,1.21131e-06,1.11574e-06,1.02868e-06,9.04292e-07,7.92398e-07,7.00062e-07
1.38942e-06,1.42456e-06,1.34593e-06,1.29793e-06,1.23289e-06,1.19173e-06,1.09154e-06,1.00768e-06,8.83618e-07,7.74666e-07,6.83888e-07
1.36116e-06,1.39825e-06,1.31981e-06,1.27266e-06,1.21163e-06,1.16629e-06,1.06995e-06,9.87344e-07,8.67497e-07,7.59996e-07,6.69571e-07
1.33418e-06,1.36894e-06,1.29172e-06,1.2432e-06,1.18803e-06,1.14376e-06,1.0514e-06,9.67086e-07,8.53339e-07,7.43984e-07,6.54966e-07
1.31241e-06,1.34441e-06,1.26855e-06,1.22255e-06,1.16809e-06,1.12061e-06,1.02819e-06,9.48805e-07,8.34438e-07,7.2944e-07,6.43625e-07
1.2845e-06,1.31779e-06,1.24618e-06,1.19947e-06,1.1441e-06,1.0996e-06,1.00875e-06,9.29007e-07,8.19057e-07,7.1422e-07,6.28109e-07
1.26173e-06,1.29701e-06,1.22108e-06,1.17807e-06,1.12132e-06,1.07807e-06,9.86329e-07,9.10879e-07,8.01131e-07,7.00326e-07,6.16199e-07
1.23693e-06,1.26983e-06,1.1975e-06,1.15403e-06,1.09811e-06,1.05834e-06,9.69897e-07,8.9302e-07,7.86077e-07,6.85407e-07,6.04191e-07
1.21386e-06,1.24788e-06,1.17581e-06,1.13385e-06,1.07979e-06,1.03637e-06,9.49219e-07,8.7487e-07,7.7003e-07,6.72383e-07,5.90548e-07
1.18899e-06,1.22554e-06,1.15222e-06,1.11373e-06,1.0596e-06,1.01577e-06,9.3082e-07,8.58336e-07,7.54904e-07,6.58807e-07,5.78474e-07
1.16885e-06,1.20316e-06,1.13008e-06,1.09717e-06,1.03989e-06,9.94001e-07,9.11826e-07,8.41295e-07,7.40275e-07,6.46303e-07,5.66559e-07
1.14872e-06,1.18053e-06,1.10894e-06,1.07246e-06,1.02023e-06,9.78684e-07,8.95889e-07,8.24068e-07,7.25965e-07,6.32963e-07,5.54501e-07
1.12733e-06,1.16346e-06,1.09037e-06,1.05515e-06,1.00464e-06,9.62838e-07,8.77896e-07,8.07197e-07,7.12339e-07,6.21055e-07,5.42295e-07
1.10786e-06,1.13956e-06,1.07025e-06,1.03464e-06,9.84283e-07,9.40765e-07,8.59802e-07,7.93149e-07,6.98325e-07,6.08115e-07,5.32218e-07
1.08852e-06,1.11797e-06,1.04978e-06,1.01605e-06,9.66255e-07,9.2324e-07,8.44981e-07,7.77201e-07,6.85211e-07,5.95714e-07,5.22015e-07
1.06547e-06,1.09892e-06,1.03029e-06,9.97025e-07,9.48374e-07,9.07675e-07,8.27286e-07,7.61457e-07,6.71742e-07,5.84305e-07,5.10992e-07
1.04907e-06,1.07822e-06,1.01245e-06,9.81097e-07,9.31004e-07,8.90197e-07,8.11349e-07,7.46614e-07,6.58732e-07,5.73753e-07,5.00836e-07
1.02687e-06,1.05766e-06,9.92255e-07,9.6289e-07,9.13827e-07,8.73529e-07,7.9491e-07,7.33416e-07,6.45348e-07,5.60945e-07,4.90841e-07
1.01198e-06,1.03964e-06,9.74222e-07,9.46134e-07,8.97716e-07,8.57115e-07,7.81279e-07,7.18411e-07,6.32856e-07,5.50148e-07,4.8015e-07
9.92629e-07,1.02134e-06,9.56958e-07,9.2951e-07,8.82234e-07,8.43251e-07,7.67583e-07,7.04733e-07,6.22145e-07,5.40479e-07,4.70695e-07
9.76463e-07,1.00279e-06,9.39621e-07,9.12249e-07,8.65975e-07,8.26184e-07,7.51505e-07,6.91388e-07,6.10149e-07,5.29239e-07,4.60631e-07
9.58119e-07,9.86181e-07,9.22581e-07,8.96049e-07,8.49994e-07,8.10427e-07,7.40012e-07,6.78833e-07,5.98697e-07,5.18943e-07,4.5152e-07
9.42458e-07,9.72969e-07,9.04581e-07,8.81265e-07,8.35348e-07,7.93871e-07,7.24439e-07,6.67661e-07,5.87354e-07,5.09099e-07,4.44149e-07
9.24546e-07,9.51805e-07,8.90237e-07,8.65095e-07,8.20395e-07,7.82495e-07,7.11074e-07,6.54177e-07,5.76369e-07,4.99484e-07,4.33969e-07
9.08306e-07,9.35172e-07,8.76456e-07,8.5001e-07,8.05999e-07,7.69737e-07,6.98277e-07,6.43362e-07,5.661e-07,4.89216e-07,4.25677e-07
8.94775e-07,9.15511e-07,8.60802e-07,8.34409e-07,7.91386e-07,7.53165e-07,6.84955e-07,6.30367e-07,5.55803e-07,4.80388e-07,4.16488e-07
8.78393e-07,9.01985e-07,8.45518e-07,8.22755e-07,7.78568e-07,7.40291e-07,6.72304e-07,6.18159e-07,5.46177e-07,4.71247e-07,4.07625e-07
8.61698e-07,8.87676e-07,8.2844e-07,8.07419e-07,7.63969e-07,7.27549e-07,6.59943e-07,6.07392e-07,5.35601e-07,4.61183e-07,4.00408e-07
8.48618e-07,8.70753e-07,8.15489e-07,7.9685e-07,7.51697e-07,7.13604e-07,6.4714e-07,5.96566e-07,5.25807e-07,4.53614e-07,3.93221e-07
8.3122e-07,8.56637e-07,7.98228e-07,7.82549e-07,7.39514e-07,7.04678e-07,6.36407e-07,5.86167e-07,5.15538e-07,4.44641e-07,3.86235e-07
8.17993e-07,8.41105e-07,7.88244e-07,7.68644e-07,7.27587e-07,6.90624e-07,6.25267e-07,5.76136e-07,5.07345e-07,4.36834e-07,3.77773e-07
8.0603e-07,8.25116e-07,7.71642e-07,7.549e-07,7.13014e-07,6.77598e-07,6.14467e-07,5.65572e-07,4.97185e-07,4.28588e-07,3.70995e-07
7.93553e-07,8.11898e-07,7.5984e-07,7.42716e-07,7.00657e-07,6.65349e-07,6.02319e-07,5.55147e-07,4.88128e-07,4.20575e-07,3.6381e-07
7.77401e-07,8.00045e-07,7.48051e-07,7.31305e-07,6.90373e-07,6.55296e-07,5.9177e-07,5.44859e-07,4.81375e-07,4.13585e-07,3.56466e-07
7.63278e-07,7.85851e-07,7.34316e-07,7.19161e-07,6.76728e-07,6.43329e-07,5.81528e-07,5.35689e-07,4.71763e-07,4.05179e-07,3.49656e-07
7.52812e-07,7.7406e-07,7.20652e-07,7.07747e-07,6.68127e-07,6.3245e-07,5.72093e-07,5.2582e-07,4.62474e-07,3.97717e-07,3.44031e-07
7.39225e-07,7.6008e-07,7.10383e-07,6.95215e-07,6.5442e-07,6.21723e-07,5.61354e-07,5.17919e-07,4.53934e-07,3.90415e-07,3.36168e-07
7.27205e-07,7.45286e-07,6.99274e-07,6.81916e-07,6.45972e-07,6.12112e-07,5.52729e-07,5.08331e-07,4.47034e-07,3.8361e-07,3.30199e-07
7.16056e-07,7.32453e-07,6.862e-07,6.72964e-07,6.34824e-07,6.01112e-07,5.42936e-07,4.99766e-07,4.39354e-07,3.76849e-07,3.23901e-07
7.04083e-07,7.2419e-07,6.74369e-07,6.5978e-07,6.22658e-07,5.9268e-07,5.33947e-07,4.90719e-07,4.3017e-07,3.69542e-07,3.17736e-07
6.92126e-07,7.10367e-07,6.6332e-07,6.51454e-07,6.15056e-07,5.80687e-07,5.24462e-07,4.8183e-07,4.25167e-07,3.63445e-07,3.11792e-07
6.79731e-07,6.96801e-07,6.51923e-07,6.39738e-07,6.02766e-07,5.72294e-07,5.15149e-07,4.73904e-07,4.16087e-07,3.56433e-07,3.06015e-07
6.71199e-07,6.87688e-07,6.41185e-07,6.32022e-07,5.92619e-07,5.62924e-07,5.06461e-07,4.66373e-07,4.07696e-07,3.50177e-07,3.0066e-07
6.58934e-07,6.73944e-07,6.30396e-07,6.19857e-07,5.86074e-07,5.53164e-07,4.98578e-07,4.58705e-07,4.01878e-07,3.44627e-07,2.95335e-07
6.47518e-07,6.64894e-07,6.19848e-07,6.099e-07,5.76024e-07,5.44461e-07,4.90893e-07,4.51625e-07,3.95374e-07,3.38493e-07,2.90916e-07
6.36087e-07,6.54241e-07,6.11724e-07,5.98877e-07,5.65554e-07,5.36241e-07,4.82727e-07,4.44567e-07,3.89512e-07,3.32734e-07,2.8412e-07
6.2628e-07,6.4268e-07,6.00365e-07,5.91356e-07,5.56576e-07,5.26502e-07,4.74244e-07,4.3628e-07,3.83203e-07,3.26829e-07,2.7961e-07
6.18211e-07,6.3093e-07,5.92067e-07,5.81171e-07,5.46081e-07,5.16592e-07,4.67696e-07,4.29832e-07,3.76666e-07,3.21049e-07,2.74682e-07
6.05521e-07,6.22704e-07,5.8469e-07,5.74729e-07,5.39897e-07,5.07503e-07,4.60702e-07,4.23243e-07,3.70972e-07,3.15773e-07,2.69264e-07
5.95982e-07,6.12073e-07,5.72289e-07,5.62644e-07,5.29534e-07,5.02152e-07,4.5284e-07,4.16507e-07,3.64223e-07,3.09398e-07,2.64413e-07
5.91507e-07,6.02228e-07,5.63116e-07,5.54627e-07,5.22622e-07,4.92754e-07,4.46708e-07,4.09145e-07,3.58165e-07,3.0414e-07,2.58519e-07
5.77504e-07,5.92913e-07,5.56887e-07,5.45644e-07,5.14037e-07,4.85589e-07,4.39695e-07,4.0337e-07,3.52578e-07,2.99769e-07,2.55171e-07
5.71789e-07,5.82131e-07,5.44399e-07,5.38641e-07,5.05811e-07,4.7833e-07,4.32715e-07,3.95515e-07,3.45843e-07,2.93731e-07,2.5113e-07
5.60863e-07,5.72747e-07,5.33771e-07,5.2955e-07,4.99259e-07,4.70199e-07,4.25188e-07,3.90656e-07,3.39839e-07,2.89582e-07,2.46775e-07
5.52893e-07,5.66433e-07,5.30815e-07,5.20872e-07,4.91448e-07,4.63363e-07,4.19238e-07,3.8352e-07,3.36045e-07,2.84728e-07,2.41994e-07
5.43961e-07,5.55503e-07,5.18659e-07,5.12582e-07,4.82424e-07,4.56664e-07,4.13032e-07,3.78434e-07,3.30461e-07,2.79902e-07,2.38205e-07
5.34393e-07,5.47709e-07,5.10575e-07,5.06615e-07,4.75744e-07,4.48616e-07,4.06625e-07,3.73768e-07,3.25552e-07,2.75585e-07,2.33802e-07
5.2435e-07,5.35612e-07,5.05705e-07,4.95219e-07,4.70126e-07,4.43378e-07,3.98058e-07,3.65868e-07,3.18918e-07,2.71241e-07,2.29841e-07
5.17331e-07,5.30487e-07,4.97939e-07,4.91289e-07,4.6209e-07,4.35099e-07,3.93855e-07,3.60451e-07,3.13365e-07,2.66361e-07,2.24878e-07
5.08128e-07,5.22011e-07,4.90187e-07,4.83556e-07,4.54293e-07,4.29444e-07,3.87841e-07,3.54368e-07,3.09005e-07,2.62031e-07,2.22177e-07
5.01063e-07,5.13849e-07,4.80933e-07,4.77897e-07,4.48189e-07,4.21552e-07,3.80357e-07,3.48679e-07,3.0446e-07,2.58018e-07,2.1819e-07
4.94157e-07,5.03123e-07,4.72649e-07,4.6837e-07,4.4103e-07,4.156e-07,3.75254e-07,3.43331e-07,2.99059e-07,2.54565e-07,2.1482e-07
4.85819e-07,4.92707e-07,4.66005e-07,4.61368e-07,4.37211e-07,4.09855e-07,3.71802e-07,3.38182e-07,2.9571e-07,2.5088e-07,2.10982e-07
4.79451e-07,4.88258e-07,4.59108e-07,4.56882e-07,4.30301e-07,4.02582e-07,3.65077e-07,3.3344e-07,2.89396e-07,2.45998e-07,2.07432e-07
4.72836e-07,4.81619e-07,4.52866e-07,4.48651e-07,4.22123e-07,3.9711e-07,3.5996e-07,3.27226e-07,2.86067e-07,2.41886e-07,2.03641e-07
4.6309e-07,4.73905e-07,4.46405e-07,4.41354e-07,4.1629e-07,3.91137e-07,3.53452e-07,3.22738e-07,2.80606e-07,2.37895e-07,2.00442e-07
4.57326e-07,4.67091e-07,4.39334e-07,4.35233e-07,4.08576e-07,3.84513e-07,3.49744e-07,3.17709e-07,2.76771e-07,2.3389e-07,1.96177e-07
4.48093e-07,4.58489e-07,4.34535e-07,4.27396e-07,4.046e-07,3.79042e-07,3.44682e-07,3.12825e-07,2.72275e-07,2.31168e-07,1.94057e-07
4.42703e-07,4.54302e-07,4.25754e-07,4.23126e-07,3.99183e-07,3.74607e-07,3.3832e-07,3.08413e-07,2.67831e-07,2.27283e-07,1.90858e-07
4.38738e-07,4.46863e-07,4.17951e-07,4.16202e-07,3.94259e-07,3.69413e-07,3.34449e-07,3.03856e-07,2.64295e-07,2.2416e-07,1.87586e-07
4.29609e-07,4.41267e-07,4.14336e-07,4.11817e-07,3.87241e-07,3.63532e-07,3.28278e-07,2.99227e-07,2.60322e-07,2.20549e-07,1.84934e-07
4.23631e-07,4.32872e-07,4.08619e-07,4.04937e-07,3.79409e-07,3.57662e-07,3.24759e-07,2.93995e-07,2.55741e-07,2.16411e-07,1.82003e-07
4.17441e-07,4.24817e-07,4.00814e-07,3.9785e-07,3.74569e-07,3.52842e-07,3.19146e-07,2.9089e-07,2.51894e-07,2.12864e-07,1.79075e-07
4.10105e-07,4.20118e-07,3.94635e-07,3.94389e-07,3.70004e-07,3.46466e-07,3.16296e-07,2.87562e-07,2.48974e-07,2.10123e-07,1.76184e-07
4.04265e-07,4.14093e-07,3.90698e-07,3.86233e-07,3.66931e-07,3.42801e-07,3.11613e-07,2.8066e-07,2.45231e-07,2.07088e-07,1.72265e-07
3.98516e-07,4.08969e-07,3.85576e-07,3.83397e-07,3.59882e-07,3.3642e-07,3.07965e-07,2.77349e-07,2.42652e-07,2.04433e-07,1.71135e-07
3.93243e-07,3.99812e-07,3.78741e-07,3.76167e-07,3.5618e-07,3.32714e-07,3.03478e-07,2.74248e-07,2.38582e-07,2.00631e-07,1.67513e-07
3.87087e-07,3.95011e-07,3.7179e-07,3.70675e-07,3.51844e-07,3.26382e-07,2.994e-07,2.70805e-07,2.34012e-07,1.97563e-07,1.6533e-07
3.81319e-07,3.91492e-07,3.68421e-07,3.65512e-07,3.45588e-07,3.2312e-07,2.93641e-07,2.66072e-07,2.30462e-07,1.94699e-07,1.62308e-07
3.74102e-07,3.85508e-07,3.6211e-07,3.5911e-07,3.40001e-07,3.18089e-07,2.87992e-07,2.62193e-07,2.27863e-07,1.90951e-07,1.58931e-07
3.70032e-07,3.80597e-07,3.57086e-07,3.55846e-07,3.35256e-07,3.14083e-07,2.85559e-07,2.58356e-07,2.24836e-07,1.89028e-07,1.57062e-07
3.63338e-07,3.74176e-07,3.51475e-07,3.50087e-07,3.29813e-07,3.09276e-07,2.8134e-07,2.55541e-07,2.20885e-07,1.85677e-07,1.54443e-07
3.59015e-07,3.66944e-07,3.45755e-07,3.44967e-07,3.26597e-07,3.05134e-07,2.77249e-07,2.51592e-07,2.17089e-07,1.83072e-07,1.52318e-07
3.54e-07,3.60376e-07,3.4271e-07,3.40163e-07,3.21841e-07,2.99452e-07,2.74514e-07,2.46844e-07,2.14211e-07,1.80344e-07,1.4971e-07
3.4874e-07,3.56621e-07,3.37357e-07,3.37513e-07,3.18404e-07,2.96507e-07,2.69014e-07,2.44919e-07,2.10527e-07,1.77747e-07,1.47764e-07
3.435e-07,3.50465e-07,3.32478e-07,3.30037e-07,3.13192e-07,2.91293e-07,2.66497e-07,2.40579e-07,2.07698e-07,1.75054e-07,1.4499e-07
3.37253e-07,3.43537e-07,3.281e-07,3.27164e-07,3.07138e-07,2.86865e-07,2.63179e-07,2.36574e-07,2.05408e-07,1.72877e-07,1.43294e-07
3.32787e-07,3.40072e-07,3.24125e-07,3.2133e-07,3.04987e-07,2.83722e-07,2.59539e-07,2.33261e-07,2.01952e-07,1.70586e-07,1.40629e-07
3.27827e-07,3.35576e-07,3.18382e-07,3.175e-07,3.00496e-07,2.79477e-07,2.55382e-07,2.29962e-07,1.99396e-07,1.67327e-07,1.38487e-07
3.22721e-07,3.30945e-07,3.1265e-07,3.12334e-07,2.9632e-07,2.76439e-07,2.52003e-07,2.27008e-07,1.96592e-07,1.65033e-07,1.35757e-07
3.17809e-07,3.24864e-07,3.09764e-07,3.07935e-07,2.93418e-07,2.71504e-07,2.48983e-07,2.24606e-07,1.93594e-07,1.62776e-07,1.3415e-07
3.11814e-07,3.22546e-07,3.04917e-07,3.05228e-07,2.89308e-07,2.68718e-07,2.45164e-07,2.21679e-07,1.90968e-07,1.60531e-07,1.32368e-07
3.08376e-07,3.1518e-07,3.01309e-07,2.98123e-07,2.84059e-07,2.63904e-07,2.42189e-07,2.17776e-07,1.88118e-07,1.57599e-07,1.30392e-07
3.06355e-07,3.1029e-07,2.97565e-07,2.96211e-07,2.80505e-07,2.60288e-07,2.39658e-07,2.14181e-07,1.86117e-07,1.55846e-07,1.28013e-07
3.02113e-07,3.05778e-07,2.92007e-07,2.90559e-07,2.76645e-07,2.55883e-07,2.35563e-07,2.12472e-07,1.8278e-07,1.52733e-07,1.26005e-07
2.96432e-07,3.01531e-07,2.87136e-07,2.85719e-07,2.72739e-07,2.53644e-07,2.31826e-07,2.08624e-07,1.80512e-07,1.50564e-07,1.24083e-07
2.93079e-07,2.96307e-07,2.84196e-07,2.82221e-07,2.70319e-07,2.49274e-07,2.29592e-07,2.05227e-07,1.78235e-07,1.49484e-07,1.22354e-07
2.87549e-07,2.91884e-07,2.81095e-07,2.78306e-07,2.66586e-07,2.47261e-07,2.26232e-07,2.02297e-07,1.74937e-07,1.45951e-07,1.19701e-07
2.83768e-07,2.89053e-07,2.74425e-07,2.76013e-07,2.62616e-07,2.42372e-07,2.22945e-07,2.00449e-07,1.72712e-07,1.4439e-07,1.18772e-07
2.7793e-07,2.8495e-07,2.72035e-07,2.72707e-07,2.58985e-07,2.39847e-07,2.18491e-07,1.97717e-07,1.71306e-07,1.42432e-07,1.16548e-07
