-0.00830489,-0.00882664,-0.0092897,-0.00970177,-0.010054,-0.0103571,-0.0105954,-0.0107761,-0.0109128,-0.0110092,-0.0110786,-0.011125,-0.0111536,-0.0111674,-0.0111568,-0.011103,-0.0110124,-0.0108515,-0.0106445,-0.0103877,-0.0100439,-0.00965493
-0.00795564,-0.00850557,-0.00899735,-0.00944977,-0.00984969,-0.0101935,-0.0104661,-0.01068,-0.010854,-0.0109677,-0.0110537,-0.011113,-0.0111378,-0.0111328,-0.0110917,-0.0110049,-0.0108675,-0.0106763,-0.0104199,-0.0100976,-0.00972543,-0.00928692
-0.00758411,-0.00814248,-0.00867016,-0.0091457,-0.00956821,-0.00993771,-0.0102515,-0.0104926,-0.0106856,-0.0108205,-0.0109224,-0.0109759,-0.0109976,-0.0109809,-0.0109233,-0.0108096,-0.0106466,-0.0104112,-0.0101169,-0.00976962,-0.00934698,-0.00888225
-0.00715961,-0.00773021,-0.00826398,-0.0087595,-0.00920684,-0.00959754,-0.00992935,-0.0101911,-0.0103995,-0.0105501,-0.0106587,-0.0107167,-0.0107402,-0.0107099,-0.0106347,-0.0104971,-0.0103059,-0.0100481,-0.00972679,-0.00934684,-0.00890438,-0.00841756
-0.00684764,-0.00742657,-0.00797367,-0.00848537,-0.00895154,-0.00936212,-0.00971358,-0.00999532,-0.0102213,-0.0103839,-0.0105009,-0.0105617,-0.0105824,-0.010543,-0.0104519,-0.0102948,-0.0100811,-0.00979874,-0.00945113,-0.00904525,-0.00858056,-0.00807356
-0.00658029,-0.00716623,-0.0077277,-0.00825098,-0.00873434,-0.00916072,-0.00952764,-0.00982942,-0.010068,-0.0102402,-0.0103665,-0.0104264,-0.0104488,-0.0103988,-0.0102968,-0.0101177,-0.00988861,-0.00958896,-0.00921774,-0.00878797,-0.00830731,-0.00778148
-0.00627544,-0.00686128,-0.00742254,-0.00795424,-0.00844403,-0.0088827,-0.00926107,-0.00957391,-0.0098227,-0.010005,-0.0101351,-0.0101992,-0.0102141,-0.0101588,-0.0100458,-0.00985754,-0.00961057,-0.00929106,-0.00890436,-0.00846272,-0.00796793,-0.00743486
-0.00601545,-0.00660129,-0.0071654,-0.00770197,-0.0081984,-0.00864657,-0.00903476,-0.00935812,-0.00961476,-0.00980492,-0.00993998,-0.0100056,-0.0100176,-0.00995605,-0.00983328,-0.00963425,-0.00937466,-0.00904086,-0.00864113,-0.00818675,-0.00768228,-0.00714154
-0.00576774,-0.00635075,-0.00691522,-0.00745482,-0.00795596,-0.00840963,-0.00880451,-0.00913787,-0.00940171,-0.00959846,-0.00973636,-0.0098025,-0.00981142,-0.00974495,-0.00961625,-0.00940639,-0.009136,-0.00879125,-0.00838019,-0.0079163,-0.00740677,-0.00686004
-0.00554501,-0.00612604,-0.00668998,-0.0072312,-0.00773664,-0.00819399,-0.00859535,-0.00893833,-0.00920645,-0.00940742,-0.00954954,-0.00961658,-0.00962358,-0.0095537,-0.00941543,-0.00919607,-0.00891718,-0.0085659,-0.00814428,-0.00767144,-0.00715702,-0.00660635
-0.00532005,-0.00589618,-0.00645623,-0.00699758,-0.00750057,-0.00796354,-0.00836787,-0.00871223,-0.00898826,-0.00919279,-0.00933737,-0.00940326,-0.00940754,-0.0093335,-0.00919213,-0.0089673,-0.00867969,-0.00831737,-0.00789348,-0.00741753,-0.00690068,-0.00635091
-0.00512107,-0.00569197,-0.00624847,-0.00678986,-0.00729565,-0.0077559,-0.00816325,-0.00851755,-0.00879289,-0.00900438,-0.0091484,-0.00921553,-0.00921894,-0.00913986,-0.00899573,-0.00876362,-0.00846705,-0.00810117,-0.007669,-0.00719212,-0.0066749,-0.00612137
-0.00491388,-0.00547695,-0.00602778,-0.00656276,-0.00706501,-0.00752582,-0.00793493,-0.00828754,-0.00856872,-0.008781,-0.00892691,-0.00899489,-0.00899495,-0.00891351,-0.00876232,-0.00852918,-0.00822912,-0.00785725,-0.00742658,-0.00694523,-0.00642946,-0.00588122
-0.00472889,-0.00528468,-0.005831,-0.00636365,-0.00686223,-0.00732493,-0.00773584,-0.00808603,-0.00837195,-0.00858499,-0.0087325,-0.00879872,-0.00879717,-0.00871452,-0.00855877,-0.00832154,-0.00801801,-0.00764164,-0.00721041,-0.00672911,-0.00621552,-0.00566896
-0.00454503,-0.00509295,-0.00563173,-0.00615818,-0.00665417,-0.00711252,-0.00752073,-0.00787511,-0.00815973,-0.00837581,-0.0085227,-0.00858953,-0.00858526,-0.00850051,-0.00834203,-0.0081029,-0.00779587,-0.00741859,-0.00698656,-0.00650654,-0.00599656,-0.00545379
-0.0043888,-0.00493158,-0.00546454,-0.00598794,-0.00647948,-0.00693676,-0.00734646,-0.00769995,-0.00798772,-0.00820319,-0.00835207,-0.00841729,-0.00841314,-0.00832654,-0.0081648,-0.00792128,-0.00761238,-0.00723191,-0.00680093,-0.00631994,-0.00581252,-0.00527154
-0.00423432,-0.00476962,-0.00529787,-0.00581312,-0.00630403,-0.00675761,-0.00716354,-0.00751967,-0.00780736,-0.00802518,-0.00817448,-0.00824013,-0.00823108,-0.00814437,-0.00798012,-0.00773588,-0.00742115,-0.00704357,-0.00660984,-0.00613117,-0.00562693,-0.00509218
-0.00407783,-0.00460237,-0.0051213,-0.00563379,-0.00611817,-0.00656679,-0.00697329,-0.00732428,-0.00761286,-0.00783099,-0.00797627,-0.00804309,-0.00803657,-0.00794644,-0.00777959,-0.00753427,-0.00722247,-0.00684257,-0.00641225,-0.0059353,-0.00543732,-0.00490576
-0.00393255,-0.00444842,-0.00496049,-0.00546423,-0.00594422,-0.00639078,-0.00679246,-0.00714402,-0.00742936,-0.00764902,-0.00779439,-0.00786057,-0.00784954,-0.00776084,-0.00759067,-0.00734684,-0.00703538,-0.00665599,-0.00622817,-0.0057549,-0.00526009,-0.00473547
-0.00380312,-0.00431104,-0.00481597,-0.00531638,-0.00579084,-0.00623404,-0.0066365,-0.00698315,-0.00726972,-0.00748849,-0.00763247,-0.00769715,-0.00768719,-0.00759615,-0.00742684,-0.00717973,-0.00686987,-0.00648977,-0.00606268,-0.00559496,-0.00510289,-0.0045814
-0.00367003,-0.00416933,-0.00466694,-0.00515771,-0.00562858,-0.00606698,-0.00646283,-0.00681061,-0.00709428,-0.00731254,-0.00745663,-0.00752195,-0.00750833,-0.00741865,-0.00724583,-0.00700169,-0.00668964,-0.00631286,-0.00588997,-0.00542356,-0.00493746,-0.00442462
-0.0035504,-0.0040414,-0.00453205,-0.00501953,-0.00548278,-0.00591807,-0.00631509,-0.00665463,-0.00694124,-0.00715477,-0.00729885,-0.00736209,-0.0073503,-0.0072582,-0.00708679,-0.00683983,-0.00652913,-0.00615193,-0.00573373,-0.00527188,-0.00479135,-0.00428336
-0.00343684,-0.00391874,-0.00440321,-0.00488046,-0.00534156,-0.00577207,-0.00616076,-0.00650615,-0.0067855,-0.00700039,-0.00714395,-0.00720911,-0.00719181,-0.00710154,-0.00692758,-0.00668522,-0.00637144,-0.00599717,-0.00558247,-0.00512425,-0.00464776,-0.00414814
-0.0033254,-0.00380108,-0.00427645,-0.00474918,-0.00520384,-0.00562754,-0.00601605,-0.0063536,-0.00663628,-0.00684759,-0.00698869,-0.00705281,-0.00703909,-0.0069467,-0.00677251,-0.00652829,-0.00621786,-0.00584591,-0.00543364,-0.00497875,-0.00450902,-0.00401367
-0.0032162,-0.00368447,-0.00415304,-0.0046173,-0.00506679,-0.00548855,-0.00587028,-0.00620797,-0.00648248,-0.00669462,-0.00683659,-0.00689774,-0.00688339,-0.00678953,-0.00661805,-0.00637412,-0.00606555,-0.00569716,-0.00528801,-0.00483888,-0.0043754,-0.00388648
-0.00310399,-0.00356122,-0.00402114,-0.00447854,-0.00492034,-0.00533442,-0.00571217,-0.00604411,-0.00631869,-0.00652696,-0.00666602,-0.00672811,-0.00671225,-0.00661891,-0.00644812,-0.00620589,-0.00589957,-0.00553591,-0.00512986,-0.00468917,-0.0042289,-0.00374888
-0.00301419,-0.00346423,-0.00391737,-0.00436717,-0.00480608,-0.00521458,-0.00558784,-0.0059187,-0.00619053,-0.00639596,-0.00653543,-0.00659774,-0.0065791,-0.00648642,-0.00631534,-0.00607529,-0.00576805,-0.00540811,-0.00500633,-0.00456838,-0.00411262,-0.00364067
-0.00291731,-0.00335882,-0.00380481,-0.00424893,-0.00467921,-0.0050848,-0.00545464,-0.00577914,-0.0060484,-0.00625262,-0.00638895,-0.00644893,-0.00643274,-0.00633773,-0.00617094,-0.00593031,-0.00562848,-0.00527058,-0.00487084,-0.00444352,-0.00399096,-0.00352377
-0.00282598,-0.0032609,-0.00369946,-0.00413446,-0.00456032,-0.00495887,-0.00532248,-0.00564496,-0.00591136,-0.00611377,-0.00624946,-0.00630926,-0.00629093,-0.0061989,-0.00602882,-0.00579185,-0.00549114,-0.00513766,-0.00474521,-0.00431759,-0.00387448,-0.00341521
-0.00274484,-0.00317128,-0.00360388,-0.00403489,-0.00445346,-0.00484665,-0.00520668,-0.0055241,-0.00579041,-0.00599033,-0.00612278,-0.00618225,-0.00616543,-0.00607239,-0.0059037,-0.00566695,-0.00537008,-0.00502045,-0.00462982,-0.00420811,-0.00376971,-0.00331596
-0.00265704,-0.00307683,-0.00350141,-0.00392295,-0.00433547,-0.00472419,-0.00507793,-0.00539291,-0.00565298,-0.00585107,-0.00598333,-0.00604151,-0.00602275,-0.00593097,-0.00576326,-0.00552947,-0.00523395,-0.00488941,-0.00450512,-0.00408907,-0.00365686,-0.00321111
-0.00257249,-0.00298342,-0.00340028,-0.00381531,-0.00422081,-0.00460338,-0.00495334,-0.00526173,-0.00551938,-0.0057141,-0.00584406,-0.00590121,-0.00588235,-0.00579083,-0.00562579,-0.0053934,-0.00510222,-0.00476158,-0.00438197,-0.00397376,-0.00354807,-0.00310882
-0.00249429,-0.00289791,-0.00330753,-0.00371585,-0.00411448,-0.00449147,-0.00483607,-0.00514061,-0.00539481,-0.0055874,-0.00571544,-0.00577115,-0.00575261,-0.00566116,-0.00549785,-0.0052674,-0.00497995,-0.00464309,-0.0042687,-0.00386629,-0.0034462,-0.00301441
-0.00241961,-0.00281567,-0.00321827,-0.00361982,-0.00401198,-0.0043836,-0.0047228,-0.00502278,-0.00527356,-0.00546376,-0.00559007,-0.0056448,-0.00562588,-0.00553537,-0.00537357,-0.0051454,-0.00486103,-0.00452866,-0.00415942,-0.00376289,-0.0033487,-0.00292419
-0.0023494,-0.00273838,-0.00313395,-0.00352915,-0.00391438,-0.00428108,-0.0046158,-0.00491224,-0.0051587,-0.0053464,-0.00547043,-0.00552387,-0.0055056,-0.00541367,-0.00525542,-0.00502937,-0.00474875,-0.00442069,-0.00405501,-0.00366611,-0.00325636,-0.00283846
-0.00227849,-0.0026606,-0.00304848,-0.00343697,-0.00381628,-0.0041764,-0.00450529,-0.0047973,-0.00504097,-0.00522606,-0.00534787,-0.00540051,-0.00538161,-0.00529197,-0.00513442,-0.00491072,-0.00463305,-0.00431002,-0.00395066,-0.00356531,-0.00316399,-0.0027531
-0.00220931,-0.00258444,-0.00296601,-0.00334674,-0.00371927,-0.00407322,-0.00439825,-0.00468463,-0.00492429,-0.0051062,-0.00522763,-0.00527861,-0.00526039,-0.00517133,-0.0050143,-0.00479382,-0.00451982,-0.00420175,-0.00384787,-0.00346973,-0.00307368,-0.00267018
-0.00214349,-0.00251087,-0.00288575,-0.00325935,-0.00362562,-0.00397339,-0.00429274,-0.00457491,-0.00481076,-0.00499034,-0.005109,-0.00515948,-0.0051403,-0.00505249,-0.00489752,-0.0046798,-0.00440999,-0.00409651,-0.003748,-0.00337579,-0.00298664,-0.00258965
-0.00208117,-0.00244145,-0.00280934,-0.00317645,-0.00353601,-0.00387854,-0.00419211,-0.00447096,-0.00470257,-0.00487941,-0.00499527,-0.00504542,-0.00502675,-0.00493789,-0.00478607,-0.00457095,-0.00430565,-0.00399668,-0.00365307,-0.00328653,-0.00290354,-0.0025142
-0.00202151,-0.00237541,-0.00273621,-0.00309623,-0.00345186,-0.00378775,-0.00409644,-0.00436971,-0.0045988,-0.0047722,-0.00488561,-0.00493646,-0.00491522,-0.00482948,-0.00467901,-0.00446672,-0.00420517,-0.00390075,-0.0035619,-0.00320083,-0.00282584,-0.00244196
-0.00195825,-0.00230437,-0.00265812,-0.00301148,-0.00335909,-0.00368907,-0.00399159,-0.00426024,-0.00448495,-0.00465582,-0.00476771,-0.00481579,-0.00479566,-0.00471118,-0.00456257,-0.00435351,-0.00409556,-0.00379618,-0.0034642,-0.00311027,-0.00274034,-0.00236527
-0.00190041,-0.00223944,-0.00258668,-0.00293351,-0.00327438,-0.00359841,-0.00389607,-0.00415973,-0.00438033,-0.00454859,-0.00465841,-0.00470542,-0.00468596,-0.00460189,-0.00445527,-0.00424927,-0.00399558,-0.00370114,-0.00337454,-0.00302653,-0.00266329,-0.00229532
-0.00184506,-0.00217724,-0.00251831,-0.00285772,-0.00319308,-0.00351026,-0.00380317,-0.00406257,-0.00427954,-0.00444512,-0.00455205,-0.00459861,-0.00457888,-0.00449585,-0.0043512,-0.00414849,-0.00389867,-0.0036089,-0.00328825,-0.00294582,-0.00258908,-0.00222762
-0.00178953,-0.00211497,-0.002449,-0.00278244,-0.0031108,-0.00342264,-0.00370959,-0.00396427,-0.00417691,-0.00433987,-0.00444526,-0.00449035,-0.00447029,-0.00438867,-0.00424605,-0.00404658,-0.00380114,-0.00351623,-0.00320085,-0.00286497,-0.00251474,-0.00216065
-0.00173955,-0.00205869,-0.00238701,-0.00271483,-0.00303711,-0.00334358,-0.00362564,-0.00387578,-0.00408472,-0.0042454,-0.00434967,-0.00439287,-0.00437271,-0.00429424,-0.00415193,-0.00395576,-0.00371288,-0.00343287,-0.00312209,-0.00279283,-0.002448,-0.00209988
-0.00168545,-0.00199765,-0.00231835,-0.00263875,-0.00295487,-0.00325487,-0.00353162,-0.0037766,-0.00398153,-0.00413823,-0.00424004,-0.00428263,-0.00426347,-0.00418369,-0.00404562,-0.00385234,-0.00361498,-0.00334024,-0.0030355,-0.00271202,-0.00237454,-0.00203435
-0.0016369,-0.00194302,-0.00225815,-0.00257236,-0.00288197,-0.00317591,-0.00344816,-0.00368893,-0.00388969,-0.00404389,-0.00414399,-0.00418527,-0.00416625,-0.00408736,-0.00395125,-0.00376145,-0.00352772,-0.00325789,-0.00295811,-0.00264056,-0.0023092,-0.00197484
-0.00158786,-0.00188744,-0.00219515,-0.00250277,-0.00280716,-0.00309511,-0.00336191,-0.00359797,-0.00379493,-0.00394608,-0.00404399,-0.00408425,-0.00406497,-0.00398812,-0.00385381,-0.00366729,-0.00343807,-0.00317316,-0.00287864,-0.00256725,-0.00224264,-0.00191537
-0.00154125,-0.00183396,-0.00213554,-0.00243697,-0.00273535,-0.00301838,-0.0032798,-0.00351026,-0.00370413,-0.00385219,-0.00394748,-0.00398763,-0.00396903,-0.00389271,-0.00376017,-0.00357741,-0.00335191,-0.00309185,-0.00280387,-0.00249757,-0.00217961,-0.00185988
-0.00149713,-0.00178389,-0.00208012,-0.0023758,-0.00266793,-0.00294518,-0.00320194,-0.00342864,-0.00361814,-0.00376416,-0.00385757,-0.00389655,-0.00387798,-0.00380219,-0.00367223,-0.0034923,-0.00327104,-0.00301546,-0.00273235,-0.00243171,-0.00211971,-0.0018059
-0.00145221,-0.00173278,-0.0020223,-0.00231143,-0.00259813,-0.00287016,-0.0031214,-0.00334262,-0.00352945,-0.00367155,-0.00376298,-0.00380118,-0.00378271,-0.00370885,-0.00358053,-0.00340417,-0.00318683,-0.00293632,-0.00265912,-0.00236448,-0.00205867,-0.00175182
-0.00141047,-0.0016845,-0.00196854,-0.00225186,-0.00253276,-0.00279893,-0.0030459,-0.00326295,-0.00344545,-0.00358477,-0.00367484,-0.00371166,-0.00369381,-0.00362082,-0.00349511,-0.00332196,-0.00310805,-0.00286264,-0.00258963,-0.00230129,-0.00200099,-0.00170063
-0.00137048,-0.00163905,-0.00191769,-0.00219412,-0.00247023,-0.00273008,-0.00297262,-0.00318605,-0.00336503,-0.00350205,-0.00358951,-0.003626,-0.00360784,-0.00353498,-0.00341198,-0.00324181,-0.00303267,-0.0027913,-0.00252415,-0.00224026,-0.00194633,-0.00165166
-0.00132771,-0.00159059,-0.00186262,-0.00213397,-0.00240348,-0.00265865,-0.00289548,-0.00310418,-0.00327905,-0.00341313,-0.00349923,-0.0035343,-0.00351604,-0.00344591,-0.00332388,-0.00315737,-0.002952,-0.00271595,-0.00245347,-0.00217628,-0.00188845,-0.00159996
-0.00128778,-0.00154469,-0.00181096,-0.00207643,-0.00234013,-0.00258983,-0.00282155,-0.00302599,-0.00319737,-0.00332851,-0.00341269,-0.00344681,-0.00342866,-0.00335964,-0.0032401,-0.00307682,-0.00287542,-0.00264415,-0.00238711,-0.00211565,-0.0018336,-0.00155157
-0.00125214,-0.00150371,-0.00176495,-0.00202494,-0.0022837,-0.00252834,-0.00275601,-0.00295642,-0.00312455,-0.00325327,-0.00333547,-0.00336917,-0.00335116,-0.00328322,-0.00316555,-0.0030048,-0.00280714,-0.00257994,-0.00232799,-0.00206158,-0.00178505,-0.00150834
-0.00121449,-0.00146054,-0.00171597,-0.00197105,-0.00222381,-0.00246363,-0.00268603,-0.00288215,-0.00304664,-0.00317252,-0.00325362,-0.00328549,-0.00326766,-0.00320167,-0.0030855,-0.00292848,-0.0027343,-0.00251213,-0.00226463,-0.00200446,-0.00173334,-0.0014627
-0.00117818,-0.00141862,-0.00166847,-0.0019175,-0.00216514,-0.00239955,-0.00261745,-0.00280936,-0.00297011,-0.00309339,-0.00317211,-0.00320377,-0.0031861,-0.00312053,-0.00300701,-0.00285328,-0.00266331,-0.00244558,-0.00220344,-0.00194781,-0.00168285,-0.00141858
-0.00114307,-0.00137799,-0.00162246,-0.00186589,-0.00210827,-0.00233762,-0.00255077,-0.00273866,-0.00289608,-0.00301655,-0.00309348,-0.00312427,-0.00310671,-0.00304237,-0.00293115,-0.00278037,-0.00259426,-0.00238108,-0.00214378,-0.00189368,-0.00163434,-0.00137589
-0.00111097,-0.0013409,-0.00158043,-0.00181887,-0.00205638,-0.00228121,-0.00248994,-0.00267414,-0.00282824,-0.00294624,-0.00302168,-0.00305162,-0.00303428,-0.00297099,-0.00286165,-0.00271368,-0.00253125,-0.00232221,-0.00208939,-0.00184424,-0.00159003,-0.00133692
-0.00108015,-0.00130511,-0.00153952,-0.00177309,-0.00200619,-0.0022261,-0.00243063,-0.00261161,-0.00276264,-0.00287837,-0.00295193,-0.00298093,-0.00296346,-0.00290165,-0.00279438,-0.0026492,-0.00247019,-0.00226506,-0.00203628,-0.00179612,-0.00154693,-0.00129922
-0.00104642,-0.00126618,-0.00149541,-0.0017237,-0.00195103,-0.00216625,-0.00236636,-0.00254259,-0.00269014,-0.00280327,-0.00287509,-0.00290349,-0.00288639,-0.0028255,-0.00272018,-0.00257841,-0.00240308,-0.00220271,-0.00197929,-0.00174402,-0.00150067,-0.0012585
-0.00101516,-0.00122985,-0.00145385,-0.00167704,-0.00189943,-0.00210993,-0.00230557,-0.002478,-0.0026224,-0.00273276,-0.00280297,-0.00283061,-0.00281378,-0.0027539,-0.0026508,-0.0025118,-0.00234027,-0.00214402,-0.00192543,-0.00169531,-0.0014573,-0.00122063
-0.000986015,-0.00119587,-0.00141537,-0.00163363,-0.00185144,-0.00205727,-0.00224908,-0.00241792,-0.00255919,-0.00266732,-0.00273561,-0.00276292,-0.00274635,-0.00268759,-0.00258632,-0.00244984,-0.00228176,-0.00208938,-0.00187545,-0.00165001,-0.00141716,-0.00118541
-0.000957138,-0.00116232,-0.00137669,-0.00159046,-0.00180336,-0.00200508,-0.00219241,-0.00235761,-0.00249589,-0.00260141,-0.00266843,-0.00269464,-0.00267818,-0.00262044,-0.00252133,-0.00238784,-0.0022233,-0.00203498,-0.00182526,-0.00160458,-0.00137664,-0.00115018
-0.000930297,-0.00113118,-0.00134111,-0.00155035,-0.00175867,-0.00195655,-0.00213987,-0.00230143,-0.0024371,-0.00254018,-0.00260584,-0.00263108,-0.0026151,-0.0025585,-0.00246101,-0.00233019,-0.00216876,-0.00198441,-0.0017788,-0.00156267,-0.00133937,-0.00111743
-0.000903386,-0.0010995,-0.00130478,-0.00150966,-0.00171361,-0.00190674,-0.00208623,-0.0022448,-0.00237683,-0.00247786,-0.002542,-0.00256685,-0.00255081,-0.00249509,-0.00239982,-0.00227181,-0.0021137,-0.00193313,-0.00173174,-0.00152007,-0.0013017,-0.00108493
-0.000876652,-0.00106811,-0.0012687,-0.00146899,-0.00166849,-0.00185752,-0.00203294,-0.00218779,-0.00231726,-0.0024158,-0.00247836,-0.0025025,-0.00248659,-0.00243202,-0.00233863,-0.00221323,-0.00205851,-0.00188163,-0.0016848,-0.00147775,-0.00126419,-0.00105249
-0.000852676,-0.00103993,-0.00123606,-0.0014325,-0.00162786,-0.00181306,-0.00198497,-0.00213646,-0.00226332,-0.00235977,-0.00242089,-0.0024446,-0.00242879,-0.00237506,-0.00228336,-0.00216048,-0.00200879,-0.00183531,-0.00164265,-0.00143959,-0.00123044,-0.00102339
-0.000826635,-0.00100967,-0.00120129,-0.00139332,-0.00158401,-0.00176515,-0.00193293,-0.00208119,-0.00220514,-0.00229927,-0.00235903,-0.00238172,-0.00236636,-0.00231361,-0.00222413,-0.0021036,-0.0019555,-0.00178575,-0.00159718,-0.00139873,-0.00119442,-0.000991805
-0.000802708,-0.00098162,-0.00116887,-0.00135686,-0.00154324,-0.00172065,-0.00188466,-0.00202948,-0.00215096,-0.00224283,-0.00230121,-0.00232327,-0.00230798,-0.00225624,-0.00216862,-0.0020506,-0.0019058,-0.00173947,-0.00155514,-0.00136072,-0.00116078,-0.000962707
-0.000780238,-0.000955229,-0.00113869,-0.00132244,-0.00150508,-0.00167873,-0.00183938,-0.00198146,-0.00209981,-0.0021899,-0.0022467,-0.00226857,-0.00225327,-0.00220275,-0.00211666,-0.00200108,-0.00185899,-0.00169631,-0.00151532,-0.00132499,-0.00112937,-0.000935607
-0.000757227,-0.000928014,-0.00110704,-0.00128715,-0.00146538,-0.00163504,-0.00179223,-0.00193081,-0.00204654,-0.00213471,-0.0021903,-0.0022112,-0.00219624,-0.0021464,-0.00206217,-0.00194929,-0.00181024,-0.00165078,-0.00147435,-0.001288,-0.0010968,-0.000907398
-0.000734761,-0.000901549,-0.00107653,-0.00125243,-0.00142686,-0.00159273,-0.00174643,-0.00188198,-0.00199506,-0.00208101,-0.00213532,-0.00215569,-0.00214096,-0.00209217,-0.00200985,-0.00189917,-0.00176327,-0.00160726,-0.00143439,-0.00125208,-0.00106527,-0.000880397
-0.000713615,-0.00087645,-0.0010475,-0.00121963,-0.00139002,-0.00155245,-0.00170259,-0.00183523,-0.00194584,-0.00202978,-0.00208277,-0.00210259,-0.00208806,-0.0020402,-0.00195966,-0.00185126,-0.00171823,-0.00156554,-0.00139643,-0.00121807,-0.00103539,-0.000854635
-0.000693905,-0.000853212,-0.00102054,-0.00118909,-0.00135591,-0.00151493,-0.00166195,-0.00179162,-0.00189997,-0.00198201,-0.0020339,-0.00205315,-0.00203857,-0.00199171,-0.00191264,-0.00180667,-0.00167617,-0.00152656,-0.00136119,-0.00118658,-0.00100752,-0.000830713
-0.000673155,-0.000828637,-0.000992046,-0.00115677,-0.0013198,-0.00147527,-0.00161893,-0.00174579,-0.00185146,-0.00193163,-0.00198217,-0.00200088,-0.00198667,-0.00194064,-0.00186339,-0.00175962,-0.00163216,-0.00148573,-0.0013238,-0.00115305,-0.000978298,-0.000805632
-0.000653754,-0.000805682,-0.000965327,-0.00112648,-0.00128591,-0.00143799,-0.00157848,-0.00170255,-0.00180583,-0.00188405,-0.00193349,-0.00195166,-0.00193766,-0.00189248,-0.0018169,-0.00171529,-0.00159059,-0.00144727,-0.00128892,-0.0011218,-0.000950912,-0.000782115
-0.000635249,-0.000783646,-0.000939785,-0.00109745,-0.00125341,-0.00140222,-0.00153965,-0.00166102,-0.00176205,-0.00183859,-0.00188676,-0.00190451,-0.0018906,-0.00184625,-0.00177224,-0.00167282,-0.00155068,-0.00141037,-0.00125534,-0.00109183,-0.000924687,-0.000759669
-0.000616851,-0.000761823,-0.000914338,-0.00106858,-0.00122107,-0.00136665,-0.00150097,-0.00161967,-0.00171838,-0.00179306,-0.00184013,-0.00185732,-0.0018437,-0.00180021,-0.00172783,-0.00163046,-0.001511,-0.00137365,-0.00122204,-0.00106205,-0.000898619,-0.000737389
-0.000599552,-0.000741293,-0.000890414,-0.00104138,-0.00119055,-0.0013331,-0.00146461,-0.0015806,-0.00167708,-0.00175021,-0.00179619,-0.00181288,-0.00179943,-0.00175677,-0.00168582,-0.00159057,-0.00147356,-0.00133912,-0.00119067,-0.00103396,-0.000874099,-0.000716467
-0.000582429,-0.00072081,-0.000866524,-0.00101415,-0.0011601,-0.00129953,-0.00142803,-0.00154161,-0.00163595,-0.00170722,-0.00175212,-0.00176845,-0.00175515,-0.00171325,-0.00164399,-0.00155053,-0.00143614,-0.00130443,-0.00115932,-0.00100608,-0.000849729,-0.000695694
-0.000565912,-0.000701109,-0.000843594,-0.000988069,-0.00113083,-0.00126715,-0.00139292,-0.00150402,-0.00159623,-0.00166589,-0.00170977,-0.00172546,-0.00171247,-0.00167138,-0.00160352,-0.00151217,-0.00140012,-0.00127118,-0.00112913,-0.00097913,-0.000826267,-0.000675671
-0.000550184,-0.000682192,-0.000821606,-0.000963007,-0.0011027,-0.00123612,-0.00135905,-0.00146778,-0.00155801,-0.00162609,-0.00166885,-0.0016843,-0.0016714,-0.00163116,-0.00156455,-0.00147525,-0.00136547,-0.00123914,-0.00110022,-0.000953403,-0.000803745,-0.000656571
-0.00053447,-0.000663553,-0.000799786,-0.000937924,-0.0010746,-0.00120519,-0.00132557,-0.0014318,-0.00151987,-0.00158649,-0.00162831,-0.00164314,-0.00163051,-0.00159105,-0.001526,-0.00143838,-0.00133105,-0.00120744,-0.00107136,-0.000927688,-0.000781509,-0.000637575
-0.000519398,-0.000645516,-0.000778673,-0.000913971,-0.00104767,-0.00117542,-0.00129291,-0.00139706,-0.00148337,-0.00154819,-0.00158909,-0.00160347,-0.00159118,-0.00155232,-0.00148877,-0.00140289,-0.00129783,-0.0011768,-0.00104367,-0.000903203,-0.000760126,-0.000619382
-0.000504375,-0.000627491,-0.000757628,-0.000889849,-0.00102058,-0.00114555,-0.00126053,-0.00136216,-0.00144639,-0.00150994,-0.00154964,-0.00156379,-0.0015515,-0.00151351,-0.00145124,-0.00136733,-0.00126455,-0.00114612,-0.00101584,-0.000878327,-0.000738605,-0.000601224
-0.000489904,-0.000610125,-0.000737309,-0.000866623,-0.000994427,-0.0011166,-0.00122906,-0.00132842,-0.00141078,-0.00147269,-0.00151161,-0.00152527,-0.00151319,-0.00147597,-0.00141502,-0.00133293,-0.00123234,-0.0011165,-0.000989151,-0.000854675,-0.000717966,-0.000583643
-0.000476378,-0.000593958,-0.00071831,-0.00084486,-0.000969925,-0.00108964,-0.00119977,-0.00129694,-0.00137732,-0.00143796,-0.00147597,-0.00148925,-0.00147734,-0.00144083,-0.0013812,-0.00130074,-0.00120232,-0.00108877,-0.000964091,-0.000832343,-0.000698686,-0.000567358
-0.000462993,-0.000577779,-0.000699419,-0.000823251,-0.000945664,-0.00106258,-0.00117025,-0.00126539,-0.00134413,-0.00140331,-0.00144039,-0.00145332,-0.00144158,-0.00140575,-0.00134729,-0.00126868,-0.00117225,-0.00106125,-0.000939117,-0.000810429,-0.000679515,-0.000551084
-0.000449861,-0.000562013,-0.000680901,-0.000801894,-0.000921664,-0.0010361,-0.00114144,-0.00123438,-0.00131128,-0.00136911,-0.00140538,-0.00141788,-0.00140627,-0.0013712,-0.00131416,-0.00123707,-0.00114273,-0.00103398,-0.000914689,-0.000788548,-0.000660713,-0.000535239
-0.000437229,-0.000546657,-0.000662933,-0.000781298,-0.000898449,-0.00101039,-0.00111332,-0.00120429,-0.00127952,-0.00133595,-0.00137127,-0.00138349,-0.0013721,-0.00133774,-0.00128179,-0.00120643,-0.00111406,-0.00100766,-0.00089087,-0.000767605,-0.000642471,-0.000519926
-0.000424998,-0.000531996,-0.000645699,-0.000761493,-0.000876023,-0.000985675,-0.00108639,-0.00117538,-0.00124886,-0.00130416,-0.00133856,-0.00135049,-0.00133929,-0.00130554,-0.00125079,-0.00117695,-0.00108657,-0.000982386,-0.000868061,-0.000747319,-0.000624998,-0.000505171
-0.000413092,-0.000517574,-0.000628698,-0.000741948,-0.000854083,-0.00096127,-0.00105976,-0.0011468,-0.0012187,-0.00127258,-0.00130629,-0.0013178,-0.00130677,-0.00127372,-0.00122017,-0.00114785,-0.0010594,-0.00095741,-0.000845593,-0.000727509,-0.000607876,-0.000490728
-0.000401586,-0.000503684,-0.000612353,-0.000723085,-0.000832819,-0.000937696,-0.00103413,-0.00111922,-0.00118952,-0.00124217,-0.00127501,-0.00128625,-0.00127539,-0.00124306,-0.00119059,-0.0011198,-0.00103316,-0.000933306,-0.000823839,-0.000708314,-0.000591336,-0.000476806
-0.000390492,-0.000490247,-0.000596529,-0.00070494,-0.000812295,-0.000914936,-0.00100932,-0.00109262,-0.00116126,-0.00121279,-0.00124477,-0.00125574,-0.00124503,-0.00121335,-0.00116199,-0.00109266,-0.00100786,-0.000910127,-0.000802841,-0.000689886,-0.000575338,-0.000463387
-0.000379647,-0.000477097,-0.000581018,-0.000687009,-0.000792116,-0.000892505,-0.000984855,-0.0010663,-0.00113347,-0.00118376,-0.00121512,-0.00122567,-0.00121515,-0.00118409,-0.00113382,-0.00106597,-0.000982944,-0.000887213,-0.000782346,-0.000671721,-0.00055972,-0.000450298
-0.000368977,-0.000464134,-0.000565714,-0.000669419,-0.000772194,-0.000870414,-0.000960705,-0.00104036,-0.00110604,-0.00115519,-0.00118574,-0.00119601,-0.00118571,-0.00115523,-0.001106,-0.0010396,-0.000958344,-0.000864759,-0.000762047,-0.000653858,-0.000544317,-0.000437405
-0.000358828,-0.000451776,-0.0005511,-0.000652576,-0.000753114,-0.00084925,-0.000937646,-0.0010155,-0.0010798,-0.00112781,-0.00115765,-0.00116765,-0.00115749,-0.00112765,-0.00107939,-0.00101441,-0.00093481,-0.000843197,-0.000742676,-0.000636779,-0.000529623,-0.000425123
-0.000348968,-0.000439845,-0.000536963,-0.000636283,-0.000734715,-0.00082876,-0.000915258,-0.000991494,-0.0010543,-0.0011012,-0.00113045,-0.0011401,-0.00113011,-0.00110086,-0.00105363,-0.000989954,-0.00091209,-0.000822318,-0.000723921,-0.000620272,-0.000515429,-0.000413284
-0.000339277,-0.000428008,-0.000522996,-0.000620057,-0.000716349,-0.000808455,-0.000893043,-0.000967594,-0.00102899,-0.00107493,-0.0011033,-0.00111279,-0.00110294,-0.00107428,-0.00102805,-0.000965695,-0.000889476,-0.000801615,-0.000705255,-0.00060393,-0.000501384,-0.000401547
-0.000330019,-0.000416712,-0.000509569,-0.00060466,-0.000698863,-0.000788953,-0.000871709,-0.000944709,-0.00100478,-0.00104959,-0.00107736,-0.00108654,-0.00107688,-0.00104879,-0.00100352,-0.000942516,-0.000867815,-0.000781817,-0.000687501,-0.000588264,-0.000487925,-0.00039031
-0.000321109,-0.000405861,-0.000496665,-0.000589565,-0.000681838,-0.000770079,-0.000851179,-0.000922561,-0.000981249,-0.00102514,-0.00105232,-0.00106115,-0.00105159,-0.00102415,-0.000979848,-0.000920003,-0.000846914,-0.000762542,-0.000670261,-0.000573102,-0.000474967,-0.000379557
-0.000312214,-0.000395032,-0.000483836,-0.000574865,-0.000665132,-0.000751423,-0.000830686,-0.000900554,-0.00095804,-0.00100085,-0.00102733,-0.00103604,-0.00102671,-0.000999665,-0.000956234,-0.000897781,-0.000826123,-0.000743718,-0.000653268,-0.000558229,-0.000462195,-0.000368919
-0.000303619,-0.000384452,-0.000471282,-0.000560265,-0.000648612,-0.000733073,-0.000810639,-0.000878954,-0.000935144,-0.000977006,-0.00100284,-0.00101127,-0.00100206,-0.000975633,-0.000933157,-0.000875866,-0.000805734,-0.000725015,-0.000636543,-0.000543515,-0.000449624,-0.000358499
-0.00029547,-0.000374458,-0.000459427,-0.000546515,-0.000632996,-0.000715666,-0.000791658,-0.000858519,-0.000913482,-0.0009544,-0.000979641,-0.00098785,-0.000978802,-0.000952892,-0.000911282,-0.000855157,-0.00078644,-0.000707347,-0.000620755,-0.000529668,-0.000437787,-0.00034865
-0.000287359,-0.000364566,-0.00044763,-0.000532848,-0.000617474,-0.000698434,-0.000772749,-0.000838153,-0.000891924,-0.000931941,-0.000956585,-0.000964551,-0.000955652,-0.00093028,-0.000889474,-0.000834545,-0.0007673,-0.000689832,-0.000605022,-0.000515896,-0.000426004,-0.000338927
-0.000279741,-0.000355193,-0.000436429,-0.000519908,-0.000602733,-0.000682047,-0.000754779,-0.00081891,-0.00087145,-0.000910607,-0.000934676,-0.000942447,-0.000933686,-0.000908782,-0.000868806,-0.000814955,-0.000749128,-0.000673239,-0.000590148,-0.000502863,-0.000414835,-0.000329669
-0.000272199,-0.000345974,-0.000425419,-0.00050705,-0.000588188,-0.000665781,-0.000737045,-0.00079973,-0.00085116,-0.000889437,-0.000913034,-0.000920497,-0.000911913,-0.00088751,-0.000848352,-0.000795637,-0.000731132,-0.000656737,-0.000575434,-0.000489974,-0.000403894,-0.000320623
-0.000264818,-0.000336811,-0.000414495,-0.000494387,-0.000573761,-0.000649699,-0.000719515,-0.000780763,-0.000831094,-0.000868513,-0.000891469,-0.000898797,-0.000890329,-0.000866448,-0.000828079,-0.000776479,-0.000713215,-0.000640523,-0.000560884,-0.000477266,-0.000393062,-0.000311672
-0.000257626,-0.000327982,-0.000403963,-0.000482117,-0.000559828,-0.000634181,-0.000702415,-0.000762397,-0.000811653,-0.00084822,-0.000870643,-0.000877758,-0.000869433,-0.000846044,-0.000808483,-0.000757935,-0.000696005,-0.000624801,-0.000546832,-0.000464976,-0.000382564,-0.000303009
-0.000250822,-0.000319561,-0.000393923,-0.000470454,-0.00054655,-0.000619355,-0.000686176,-0.00074488,-0.000793132,-0.000828865,-0.000850765,-0.000857696,-0.000849508,-0.000826543,-0.000789818,-0.000740246,-0.000679515,-0.000609805,-0.000533428,-0.000453246,-0.000372575,-0.000294797
-0.000244137,-0.000311343,-0.0003841,-0.000459006,-0.000533533,-0.000604801,-0.000670271,-0.000727771,-0.000774876,-0.000809873,-0.000831258,-0.000838047,-0.000829986,-0.00080748,-0.000771422,-0.000722887,-0.000663435,-0.00059511,-0.000520279,-0.000441779,-0.000362839,-0.000286756
-0.00023765,-0.00030335,-0.000374422,-0.00044788,-0.000520819,-0.000590622,-0.000654642,-0.000711001,-0.000757104,-0.000791307,-0.000812213,-0.000818776,-0.000810873,-0.000788804,-0.00075345,-0.000705953,-0.000647703,-0.000580735,-0.00050749,-0.00043062,-0.000353322,-0.000278929
-0.000231278,-0.000295452,-0.000365051,-0.000436811,-0.000508245,-0.000576619,-0.000639317,-0.000694413,-0.000739541,-0.000772965,-0.000793484,-0.000799802,-0.00079202,-0.000770396,-0.000735818,-0.000689233,-0.000632187,-0.000566564,-0.000494866,-0.000419616,-0.000343939,-0.0002713
-0.000225061,-0.00028781,-0.000355822,-0.000426046,-0.000495973,-0.000562908,-0.000624292,-0.000678189,-0.000722378,-0.000755075,-0.000775052,-0.000781211,-0.00077358,-0.000752425,-0.000718489,-0.000672877,-0.000617004,-0.000552746,-0.000482519,-0.000408869,-0.000334903,-0.000263814
-0.00021919,-0.000280476,-0.00034704,-0.000415817,-0.000484289,-0.00054984,-0.000609977,-0.00066273,-0.000706002,-0.000737947,-0.00075752,-0.000763512,-0.000755991,-0.000735216,-0.000702044,-0.000657305,-0.00060249,-0.00053958,-0.000470793,-0.00039864,-0.000326207,-0.000256697
-0.000213472,-0.000273388,-0.000338495,-0.000405879,-0.000472961,-0.000537181,-0.000596034,-0.000647726,-0.00069008,-0.000721371,-0.000740424,-0.000746269,-0.000738952,-0.000718483,-0.000685958,-0.000642166,-0.000588469,-0.000526824,-0.000459345,-0.000388732,-0.000317795,-0.000249806
-0.000207694,-0.000266201,-0.000329861,-0.000395779,-0.000461395,-0.000524248,-0.000581877,-0.000632451,-0.000673863,-0.00070444,-0.000723066,-0.00072876,-0.000721527,-0.000701537,-0.000669667,-0.000626753,-0.000574177,-0.000513807,-0.000447798,-0.000378658,-0.000309277,-0.000242856
-0.000202356,-0.000259595,-0.000321868,-0.000386467,-0.00045075,-0.000512302,-0.000568799,-0.000618375,-0.000658853,-0.000688842,-0.000706975,-0.000712546,-0.000705455,-0.000685851,-0.000654594,-0.000612532,-0.000560995,-0.000501836,-0.000437061,-0.000369367,-0.000301457,-0.000236402
-0.000197058,-0.00025299,-0.000313926,-0.000377089,-0.000440109,-0.000500415,-0.000555723,-0.000604236,-0.000643881,-0.000673172,-0.000691005,-0.000696362,-0.000689346,-0.000670175,-0.000639545,-0.000598297,-0.00054783,-0.000489804,-0.000426436,-0.000360098,-0.000293609,-0.000230038
-0.000192097,-0.000246838,-0.000306463,-0.000368403,-0.000430143,-0.000489223,-0.000543508,-0.000591018,-0.000629854,-0.000658595,-0.000676013,-0.000681199,-0.000674378,-0.000655449,-0.000625458,-0.000585042,-0.000535457,-0.000478601,-0.000416459,-0.000351442,-0.000286356,-0.000224073
-0.000186871,-0.000240293,-0.000298641,-0.000359204,-0.000419619,-0.000477524,-0.000530569,-0.000577093,-0.000615068,-0.000643134,-0.000660106,-0.000665206,-0.000658466,-0.000639974,-0.000610572,-0.000570912,-0.000522446,-0.000466799,-0.000405931,-0.000342319,-0.00027858,-0.000217801
-0.000182037,-0.000234284,-0.000291408,-0.000350722,-0.00040989,-0.000466591,-0.000518633,-0.000564134,-0.000601351,-0.000628835,-0.000645409,-0.000650418,-0.000643742,-0.000625607,-0.000596779,-0.000557963,-0.000510373,-0.000455848,-0.000396197,-0.000333877,-0.000271489,-0.00021199
-0.000177291,-0.000228355,-0.000284234,-0.000342288,-0.000400242,-0.000455781,-0.000506722,-0.000551333,-0.000587752,-0.000614593,-0.000630814,-0.000635673,-0.000629115,-0.000611389,-0.000583114,-0.000545018,-0.000498409,-0.000444979,-0.000386575,-0.000325505,-0.000264445,-0.000206295
-0.000172761,-0.00022267,-0.000277298,-0.000334236,-0.000391019,-0.000445379,-0.00049536,-0.000539057,-0.000574692,-0.000600987,-0.000616868,-0.000621563,-0.000615157,-0.000597676,-0.000569975,-0.000532664,-0.000487,-0.000434588,-0.000377329,-0.00031752,-0.000257765,-0.00020085
-0.00016821,-0.000217004,-0.000270452,-0.000326114,-0.000381721,-0.000434998,-0.000483879,-0.000526672,-0.000561544,-0.000587218,-0.000602825,-0.000607354,-0.000601005,-0.000583959,-0.000556819,-0.000520254,-0.000475507,-0.000424137,-0.000368078,-0.000309489,-0.000250989,-0.000195379
-0.000163985,-0.000211725,-0.000263992,-0.000318585,-0.000373087,-0.000425279,-0.0004732,-0.000515152,-0.000549327,-0.000574502,-0.000589665,-0.000594117,-0.000587938,-0.000571167,-0.000544495,-0.000508672,-0.000464791,-0.000414438,-0.000359399,-0.00030202,-0.000244786,-0.000190284
-0.000159637,-0.00020626,-0.000257419,-0.000310827,-0.000364179,-0.000415315,-0.000462218,-0.000503266,-0.000536726,-0.000561318,-0.000576166,-0.000580514,-0.000574401,-0.000557989,-0.000531865,-0.000496755,-0.000453727,-0.000404438,-0.000350567,-0.000294362,-0.000238305,-0.000185072
-0.000155671,-0.000201327,-0.000251375,-0.000303766,-0.000356071,-0.000406209,-0.000452205,-0.000492457,-0.00052523,-0.000549343,-0.000563882,-0.000568098,-0.000562124,-0.000545932,-0.000520346,-0.000485888,-0.000443675,-0.000395298,-0.000342482,-0.00028738,-0.000232447,-0.000180332
-0.000151686,-0.000196323,-0.000245303,-0.000296567,-0.000347844,-0.000396989,-0.00044203,-0.000481463,-0.000513555,-0.000537131,-0.000551348,-0.000555465,-0.000549598,-0.000533759,-0.000508643,-0.000474885,-0.000433497,-0.000386041,-0.000334297,-0.000280303,-0.000226508,-0.000175537
-0.000147768,-0.000191363,-0.000239319,-0.00028954,-0.000339712,-0.000387859,-0.000431993,-0.000470562,-0.000502048,-0.000525127,-0.000538984,-0.000543025,-0.000537252,-0.000521713,-0.000497085,-0.00046397,-0.000423409,-0.000376921,-0.000326207,-0.000273342,-0.000220655,-0.000170808
-0.000144106,-0.000186732,-0.000233721,-0.0002829,-0.000332099,-0.000379288,-0.000422574,-0.000460419,-0.000491232,-0.000513827,-0.000527421,-0.000531341,-0.000525636,-0.000510406,-0.000486225,-0.000453767,-0.000413983,-0.000368405,-0.000318642,-0.000266788,-0.000215244,-0.000166409
-0.000140351,-0.000182068,-0.000227978,-0.000276163,-0.000324355,-0.000370584,-0.000412998,-0.000450095,-0.000480219,-0.000502365,-0.000515626,-0.000519439,-0.000513871,-0.000498885,-0.000475205,-0.000443348,-0.000404406,-0.000359678,-0.000310944,-0.000260169,-0.000209709,-0.000161971
-0.000136814,-0.000177555,-0.000222542,-0.000269738,-0.000316926,-0.000362235,-0.000403801,-0.000440102,-0.000469663,-0.000491304,-0.000504289,-0.000508029,-0.000502508,-0.000487877,-0.000464646,-0.000433393,-0.00039516,-0.000351349,-0.000303585,-0.000253826,-0.000204362,-0.000157675
-0.000133431,-0.000173301,-0.000217339,-0.00026358,-0.000309883,-0.0003543,-0.000395048,-0.000430676,-0.000459616,-0.000480817,-0.000493515,-0.000497162,-0.00049173,-0.000477371,-0.000454582,-0.000423883,-0.000386395,-0.000343434,-0.00029659,-0.000247773,-0.000199351,-0.000153633
-0.000130038,-0.000169021,-0.000212118,-0.000257399,-0.000302746,-0.000346298,-0.000386223,-0.000421099,-0.000449483,-0.000470253,-0.000482675,-0.000486186,-0.000480872,-0.000466795,-0.000444401,-0.000414355,-0.000377587,-0.000335448,-0.00028956,-0.000241741,-0.000194318,-0.000149595
-0.000126802,-0.00016495,-0.000207109,-0.000251507,-0.000295963,-0.000338676,-0.00037779,-0.000412004,-0.000439787,-0.000460144,-0.000472321,-0.000475722,-0.000470553,-0.000456643,-0.000434714,-0.000405265,-0.000369172,-0.000327851,-0.000282798,-0.000235957,-0.000189486,-0.000145708
-0.000123657,-0.000160965,-0.000202238,-0.000245747,-0.000289339,-0.000331185,-0.000369566,-0.000403051,-0.000430287,-0.000450226,-0.000462095,-0.0004655,-0.000460342,-0.000446752,-0.000425215,-0.000396302,-0.000360898,-0.000320384,-0.000276202,-0.00023029,-0.000184757,-0.000141921
-0.000120548,-0.000157044,-0.000197473,-0.000240046,-0.000282777,-0.000323787,-0.000361446,-0.000394292,-0.00042094,-0.000440465,-0.000452132,-0.000455395,-0.000450361,-0.000437006,-0.000415865,-0.000387523,-0.000352796,-0.00031303,-0.000269754,-0.000224722,-0.000180161,-0.000138191
-0.000117557,-0.000153253,-0.000192812,-0.000234526,-0.000276428,-0.000316651,-0.00035355,-0.000385745,-0.000411892,-0.000430976,-0.000442386,-0.000445588,-0.000440594,-0.000427538,-0.000406809,-0.000378939,-0.000344903,-0.000305911,-0.000263449,-0.000219328,-0.000175656,-0.000134609
-0.000114633,-0.000149526,-0.000188265,-0.000229174,-0.000270203,-0.000309629,-0.000345827,-0.000377381,-0.000402984,-0.00042173,-0.000432882,-0.000435976,-0.000431137,-0.000418231,-0.000397903,-0.0003706,-0.000337211,-0.000298965,-0.000257312,-0.000214058,-0.000171319,-0.000131108
-0.000111745,-0.000145889,-0.000183803,-0.00022384,-0.000264087,-0.00030271,-0.000338222,-0.000369151,-0.000394223,-0.000412549,-0.00042347,-0.000426508,-0.00042167,-0.000409076,-0.000389147,-0.000362338,-0.000329587,-0.000292104,-0.000251265,-0.000208851,-0.000166996,-0.000127673
-0.00010899,-0.000142388,-0.000179524,-0.00021878,-0.000258228,-0.00029611,-0.000330904,-0.000361227,-0.000385814,-0.000403785,-0.000414443,-0.000417422,-0.000412695,-0.00040032,-0.000380737,-0.000354453,-0.000322314,-0.000285524,-0.000245477,-0.00020391,-0.00016289,-0.000124389
-0.00010638,-0.000139039,-0.00017541,-0.000213894,-0.00025256,-0.000289745,-0.000323846,-0.000353592,-0.000377703,-0.0003953,-0.000405768,-0.000408677,-0.000404002,-0.000391856,-0.000372628,-0.000346825,-0.000315287,-0.000279195,-0.000239899,-0.000199147,-0.000158922,-0.000121225
-0.000103782,-0.000135772,-0.00017139,-0.000209123,-0.000247053,-0.000283538,-0.000316993,-0.000346144,-0.000369802,-0.000387067,-0.000397282,-0.000400132,-0.000395555,-0.000383627,-0.000364755,-0.000339422,-0.000308466,-0.000273019,-0.000234465,-0.000194488,-0.000155054,-0.000118158
-0.000101295,-0.000132582,-0.0001675,-0.000204487,-0.00024172,-0.000277501,-0.000310311,-0.000338922,-0.00036211,-0.000379033,-0.000389023,-0.00039183,-0.000387294,-0.000375601,-0.000357086,-0.000332179,-0.000301759,-0.000267019,-0.00022919,-0.000189979,-0.000151326,-0.000115175
-9.86949e-05,-0.000129287,-0.00016344,-0.000199658,-0.00023609,-0.000271144,-0.00030332,-0.00033135,-0.000354083,-0.000370614,-0.000380426,-0.000383121,-0.000378683,-0.000367192,-0.000349023,-0.000324623,-0.000294825,-0.000260759,-0.000223674,-0.000185262,-0.000147434,-0.000112075
-9.62836e-05,-0.000126257,-0.000159686,-0.000195154,-0.000230916,-0.000265295,-0.000296857,-0.000324351,-0.00034661,-0.000362825,-0.000372439,-0.000375062,-0.000370712,-0.000359426,-0.000341593,-0.000317649,-0.000288393,-0.000254924,-0.00021859,-0.000180908,-0.000143856,-0.000109217
-9.39303e-05,-0.000123205,-0.000155949,-0.000190724,-0.000225777,-0.00025949,-0.000290425,-0.000317357,-0.000339202,-0.000355097,-0.00036448,-0.000367061,-0.000362769,-0.000351696,-0.000334198,-0.00031069,-0.000281996,-0.000249176,-0.000213498,-0.000176599,-0.000140281,-0.000106394
-9.16801e-05,-0.000120342,-0.000152405,-0.000186487,-0.000220863,-0.00025394,-0.000284307,-0.000310739,-0.000332134,-0.000347718,-0.000356946,-0.000359435,-0.00035521,-0.000344337,-0.000327138,-0.000304078,-0.000275922,-0.00024371,-0.000208685,-0.000172484,-0.000136909,-0.000103692
-8.94695e-05,-0.000117539,-0.000148962,-0.000182382,-0.000216104,-0.000248558,-0.000278339,-0.000304311,-0.000325272,-0.000340547,-0.000349567,-0.000352011,-0.000347859,-0.000337172,-0.000320312,-0.000297625,-0.000269997,-0.000238376,-0.00020403,-0.000168485,-0.000133623,-0.000101098
-8.73395e-05,-0.000114801,-0.000145597,-0.000178355,-0.000211452,-0.000243292,-0.000272526,-0.000297972,-0.000318555,-0.000333542,-0.000342366,-0.000344768,-0.000340659,-0.000330164,-0.000313608,-0.000291341,-0.0002642,-0.00023317,-0.000199445,-0.000164596,-0.000130412,-9.85456e-05
-8.52622e-05,-0.000112141,-0.000142288,-0.000174413,-0.000206863,-0.000238113,-0.000266801,-0.000291775,-0.000311946,-0.000326632,-0.00033529,-0.000337641,-0.000333607,-0.000323312,-0.000307043,-0.00028516,-0.000258527,-0.00022805,-0.000194957,-0.000160774,-0.000127259,-9.60519e-05
-8.31826e-05,-0.000109488,-0.000139011,-0.000170487,-0.000202322,-0.000232979,-0.000261106,-0.000285589,-0.00030537,-0.00031978,-0.000328243,-0.000330539,-0.000326565,-0.000316447,-0.000300484,-0.000279018,-0.00025287,-0.000222955,-0.000190498,-0.000156981,-0.000124161,-9.35873e-05
-8.11685e-05,-0.000106918,-0.000135837,-0.000166682,-0.000197897,-0.000227947,-0.000255581,-0.000279601,-0.000298996,-0.000313098,-0.000321403,-0.000323643,-0.000319723,-0.000309793,-0.000294118,-0.000273028,-0.000247366,-0.000218023,-0.000186166,-0.000153296,-0.000121126,-9.1193e-05
-7.92894e-05,-0.000104513,-0.000132876,-0.000163141,-0.00019375,-0.000223283,-0.000250397,-0.000273944,-0.000292998,-0.000306859,-0.000315,-0.000317161,-0.00031331,-0.000303555,-0.000288141,-0.000267462,-0.000242226,-0.000213405,-0.00018211,-0.000149871,-0.000118313,-8.8965e-05
-7.7386e-05,-0.000102082,-0.000129835,-0.000159524,-0.000189564,-0.000218487,-0.00024512,-0.000268241,-0.000286934,-0.000300478,-0.00030848,-0.000310585,-0.000306806,-0.000297221,-0.000282079,-0.000261753,-0.000236999,-0.000208691,-0.000178006,-0.00014635,-0.000115444,-8.67108e-05
-7.55082e-05,-9.96545e-05,-0.000126841,-0.000155939,-0.000185394,-0.000213794,-0.000239877,-0.000262533,-0.000280885,-0.000294169,-0.000301991,-0.000304047,-0.000300345,-0.000290926,-0.000276058,-0.000256115,-0.000231809,-0.000204035,-0.000173919,-0.000142908,-0.0001126,-8.44652e-05
-7.37453e-05,-9.74076e-05,-0.000124055,-0.000152587,-0.000181496,-0.000209389,-0.000234994,-0.000257254,-0.000275246,-0.000288278,-0.000295958,-0.000297956,-0.000294307,-0.000285046,-0.000270462,-0.000250848,-0.000226973,-0.000199688,-0.000170147,-0.000139684,-0.000109966,-8.23891e-05
-7.20437e-05,-9.52269e-05,-0.00012132,-0.000149317,-0.000177692,-0.000205075,-0.00023021,-0.000252058,-0.000269727,-0.000282498,-0.000290052,-0.000291992,-0.000288393,-0.000279305,-0.000264964,-0.000245703,-0.000222257,-0.000195447,-0.000166405,-0.000136531,-0.000107385,-8.03614e-05
-7.03324e-05,-9.29987e-05,-0.000118575,-0.000146017,-0.000173848,-0.0002007,-0.000225377,-0.00024682,-0.00026413,-0.000276676,-0.00028403,-0.000285973,-0.000282429,-0.000273491,-0.000259395,-0.000240471,-0.000217446,-0.00019115,-0.00016266,-0.000133352,-0.000104783,-7.8315e-05
-6.86334e-05,-9.08291e-05,-0.000115887,-0.000142773,-0.000170083,-0.000196429,-0.00022064,-0.000241674,-0.000258665,-0.000270955,-0.000278175,-0.000280054,-0.000276581,-0.000267798,-0.000253942,-0.000235378,-0.000212778,-0.00018694,-0.000158996,-0.000130241,-0.000102244,-7.63132e-05
-6.70593e-05,-8.88132e-05,-0.000113369,-0.000139767,-0.000166545,-0.000192424,-0.000216204,-0.000236869,-0.000253535,-0.000265606,-0.000272684,-0.000274533,-0.00027108,-0.000262452,-0.000248858,-0.000230592,-0.000208384,-0.000183026,-0.000155558,-0.000127334,-9.98729e-05,-7.44506e-05
-6.54776e-05,-8.676e-05,-0.00011083,-0.000136712,-0.000163003,-0.000188395,-0.000211723,-0.000231998,-0.000248362,-0.000260205,-0.000267125,-0.000268941,-0.000265548,-0.000257069,-0.000243694,-0.000225771,-0.000203966,-0.000179051,-0.000152097,-0.000124398,-9.74806e-05,-7.25742e-05
-6.39216e-05,-8.47593e-05,-0.00010834,-0.000133707,-0.000159499,-0.000184419,-0.000207321,-0.00022721,-0.000243261,-0.000254876,-0.000261671,-0.00026343,-0.000260104,-0.00025177,-0.000238636,-0.000221024,-0.000199606,-0.000175147,-0.000148688,-0.000121529,-9.51346e-05,-7.07362e-05
-6.24743e-05,-8.28952e-05,-0.00010604,-0.000130936,-0.000156247,-0.000180732,-0.000203222,-0.000222757,-0.000238526,-0.000249934,-0.000256618,-0.000258311,-0.000255055,-0.000246837,-0.000233917,-0.000216633,-0.000195559,-0.000171539,-0.000145543,-0.000118866,-9.2969e-05,-6.90399e-05
-6.10051e-05,-8.09944e-05,-0.000103648,-0.00012806,-0.000152908,-0.000176931,-0.00019901,-0.000218182,-0.000233651,-0.000244828,-0.000251366,-0.000253044,-0.000249828,-0.000241775,-0.000229086,-0.000212066,-0.000191403,-0.000167785,-0.000142278,-0.000116119,-9.07267e-05,-6.72897e-05
-5.95949e-05,-7.91776e-05,-0.000101382,-0.000125329,-0.000149718,-0.000173306,-0.000194987,-0.00021381,-0.00022899,-0.000239966,-0.000246376,-0.000248016,-0.000244846,-0.000236933,-0.000224459,-0.000207734,-0.000187432,-0.000164232,-0.000139178,-0.000113504,-8.85999e-05,-6.56241e-05
-5.8255e-05,-7.74309e-05,-9.92096e-05,-0.000122705,-0.000146657,-0.000169828,-0.000191111,-0.00020959,-0.000224511,-0.000235294,-0.000241557,-0.000243187,-0.000240056,-0.00023227,-0.000220006,-0.00020357,-0.000183609,-0.000160807,-0.000136194,-0.000110997,-8.65553e-05,-6.40313e-05
-5.69139e-05,-7.57283e-05,-9.70594e-05,-0.000120105,-0.000143612,-0.000166358,-0.000187287,-0.000205453,-0.00022008,-0.000230648,-0.000236822,-0.000238391,-0.000235311,-0.000227662,-0.000215605,-0.000199448,-0.000179829,-0.00015745,-0.000133258,-0.000108507,-8.45532e-05,-6.24569e-05
-5.55952e-05,-7.40319e-05,-9.49613e-05,-0.000117568,-0.00014064,-0.000162978,-0.000183532,-0.000201369,-0.000215743,-0.000226109,-0.000232178,-0.000233694,-0.000230672,-0.000223132,-0.000211272,-0.000195423,-0.000176131,-0.000154138,-0.000130395,-0.000106082,-8.25834e-05,-6.09213e-05
-5.43073e-05,-7.23533e-05,-9.28657e-05,-0.000115042,-0.000137685,-0.000159619,-0.000179791,-0.0001973,-0.000211407,-0.000221586,-0.000227521,-0.000229019,-0.000226037,-0.000218638,-0.000206995,-0.000191393,-0.000172437,-0.000150834,-0.000127532,-0.000103671,-8.06247e-05,-5.93987e-05
-5.30658e-05,-7.07432e-05,-9.08356e-05,-0.000112588,-0.000134821,-0.000156365,-0.000176158,-0.000193354,-0.000207203,-0.000217193,-0.000223023,-0.000224481,-0.000221544,-0.00021427,-0.000202824,-0.000187495,-0.00016888,-0.000147652,-0.000124739,-0.000101345,-7.87378e-05,-5.79298e-05
-5.18509e-05,-6.91596e-05,-8.88741e-05,-0.000110219,-0.00013204,-0.000153186,-0.000172634,-0.000189515,-0.000203119,-0.000212932,-0.000218634,-0.000220076,-0.000217179,-0.000210023,-0.000198763,-0.000183698,-0.000165406,-0.000144544,-0.000122047,-9.90817e-05,-7.69024e-05,-5.65041e-05
-5.06877e-05,-6.76579e-05,-8.69966e-05,-0.000107945,-0.000129376,-0.00015015,-0.000169277,-0.000185847,-0.000199203,-0.000208849,-0.000214458,-0.000215865,-0.000213013,-0.000205967,-0.000194895,-0.000180072,-0.000162091,-0.00014158,-0.000119476,-9.69226e-05,-7.51472e-05,-5.5137e-05
-4.95479e-05,-6.6167e-05,-8.51361e-05,-0.000105682,-0.000126728,-0.000147137,-0.000165907,-0.000182193,-0.000195328,-0.00020478,-0.000210281,-0.000211649,-0.000208844,-0.00020192,-0.000191032,-0.000176469,-0.000158777,-0.000138641,-0.000116911,-9.47686e-05,-7.34231e-05,-5.37983e-05
-4.84221e-05,-6.47095e-05,-8.32949e-05,-0.000103454,-0.000124116,-0.000144163,-0.000162602,-0.000178604,-0.000191479,-0.000200776,-0.000206166,-0.00020752,-0.00020475,-0.000197943,-0.000187236,-0.000172907,-0.000155534,-0.000135722,-0.000114392,-9.26631e-05,-7.1704e-05,-5.24737e-05
-4.73331e-05,-6.32955e-05,-8.15276e-05,-0.000101324,-0.000121614,-0.000141305,-0.000159417,-0.000175127,-0.000187796,-0.000196922,-0.000202207,-0.000203531,-0.000200805,-0.000194107,-0.000183579,-0.000169488,-0.000152404,-0.000132926,-0.000111965,-9.06372e-05,-7.00596e-05,-5.12123e-05
-4.62579e-05,-6.1909e-05,-7.97849e-05,-9.92089e-05,-0.000119124,-0.000138464,-0.000156267,-0.000171707,-0.000184141,-0.000193096,-0.000198292,-0.000199584,-0.000196893,-0.0001903,-0.000179948,-0.0001661,-0.000149307,-0.000130173,-0.000109579,-8.86223e-05,-6.84491e-05,-4.99391e-05
-4.52118e-05,-6.05457e-05,-7.80722e-05,-9.71202e-05,-0.000116684,-0.000135678,-0.000153162,-0.000168334,-0.000180545,-0.000189332,-0.000194441,-0.000195693,-0.000193057,-0.000186576,-0.000176384,-0.000162776,-0.000146265,-0.00012745,-0.000107233,-8.66542e-05,-6.68592e-05,-4.87266e-05
-4.42089e-05,-5.92449e-05,-7.6443e-05,-9.51405e-05,-0.000114358,-0.000133021,-0.000150199,-0.000165108,-0.000177113,-0.000185757,-0.00019076,-0.00019199,-0.000189384,-0.000183005,-0.000172985,-0.000159604,-0.000143356,-0.000124878,-0.000104985,-8.47793e-05,-6.53485e-05,-4.75664e-05
-4.3225e-05,-5.79546e-05,-7.48125e-05,-9.31783e-05,-0.000112037,-0.000130381,-0.000147257,-0.000161911,-0.000173693,-0.000182176,-0.000187097,-0.000188298,-0.000185731,-0.000179458,-0.000169605,-0.000156429,-0.000140474,-0.000122288,-0.000102761,-8.29139e-05,-6.38458e-05,-4.64128e-05
-4.22674e-05,-5.67111e-05,-7.32403e-05,-9.12612e-05,-0.000109791,-0.000127814,-0.000144396,-0.000158794,-0.000170375,-0.000178698,-0.000183539,-0.000184707,-0.000182186,-0.000176012,-0.000166321,-0.00015336,-0.00013767,-0.000119794,-0.000100593,-8.11066e-05,-6.23945e-05,-4.5282e-05
-4.13238e-05,-5.54792e-05,-7.17138e-05,-8.93991e-05,-0.000107601,-0.000125305,-0.000141604,-0.000155757,-0.000167136,-0.000175328,-0.000180057,-0.000181225,-0.000178723,-0.000172647,-0.000163111,-0.000150365,-0.00013493,-0.000117361,-9.84914e-05,-7.93513e-05,-6.09809e-05,-4.41957e-05
-4.04151e-05,-5.42926e-05,-7.02085e-05,-8.75619e-05,-0.000105442,-0.000122836,-0.000138867,-0.000152777,-0.000163942,-0.000171992,-0.000176641,-0.000177784,-0.000175317,-0.000169344,-0.000159967,-0.000147414,-0.00013224,-0.000114957,-9.64192e-05,-7.76191e-05,-5.9591e-05,-4.31271e-05
-3.95092e-05,-5.31155e-05,-6.87275e-05,-8.57656e-05,-0.000103319,-0.000120414,-0.000136157,-0.000149826,-0.000160809,-0.000168711,-0.000173281,-0.000174383,-0.000171963,-0.000166074,-0.000156853,-0.000144519,-0.000129593,-0.000112607,-9.43874e-05,-7.59172e-05,-5.82307e-05,-4.20706e-05
-3.86311e-05,-5.1977e-05,-6.72867e-05,-8.40131e-05,-0.000101253,-0.00011805,-0.000133528,-0.000146951,-0.000157744,-0.000165508,-0.000170002,-0.000171077,-0.000168692,-0.000162896,-0.000153821,-0.000141693,-0.000127009,-0.000110307,-9.24028e-05,-7.42716e-05,-5.69001e-05,-4.10601e-05
-3.77829e-05,-5.0865e-05,-6.58847e-05,-8.23115e-05,-9.92494e-05,-0.000115753,-0.000130964,-0.000144154,-0.000154769,-0.000162393,-0.000166811,-0.000167858,-0.000165512,-0.000159814,-0.000150877,-0.000138948,-0.000124503,-0.000108077,-9.04745e-05,-7.26666e-05,-5.56185e-05,-4.00777e-05
-3.69627e-05,-4.97967e-05,-6.45351e-05,-8.06677e-05,-9.73066e-05,-0.000113534,-0.000128482,-0.00014145,-0.000151893,-0.000159383,-0.000163723,-0.00016474,-0.000162437,-0.000156821,-0.000148022,-0.000136291,-0.000122078,-0.000105918,-8.86115e-05,-7.11194e-05,-5.43757e-05,-3.91199e-05
-3.61447e-05,-4.87184e-05,-6.31743e-05,-7.90008e-05,-9.5344e-05,-0.000111287,-0.000125982,-0.000138726,-0.000148976,-0.000156342,-0.000160599,-0.000161609,-0.000159328,-0.000153805,-0.00014515,-0.000133605,-0.000119632,-0.000103748,-8.67416e-05,-6.95583e-05,-5.31281e-05,-3.81731e-05
-3.53586e-05,-4.76931e-05,-6.18915e-05,-7.74255e-05,-9.34877e-05,-0.000109156,-0.000123609,-0.00013614,-0.000146214,-0.000153459,-0.00015764,-0.000158631,-0.000156383,-0.00015094,-0.000142415,-0.00013106,-0.000117311,-0.000101685,-8.49671e-05,-6.8082e-05,-5.19496e-05,-3.72699e-05
-3.45783e-05,-4.66694e-05,-6.05905e-05,-7.58459e-05,-9.162e-05,-0.00010702,-0.000121215,-0.000133536,-0.000143441,-0.000150555,-0.000154662,-0.000155624,-0.00015341,-0.000148055,-0.000139672,-0.000128497,-0.000114975,-9.96118e-05,-8.31807e-05,-6.65949e-05,-5.07616e-05,-3.63662e-05
-3.38418e-05,-4.56987e-05,-5.93549e-05,-7.43358e-05,-8.98344e-05,-0.000104979,-0.000118933,-0.000131057,-0.00014079,-0.00014778,-0.000151819,-0.00015276,-0.000150577,-0.000145306,-0.000137057,-0.000126058,-0.000112748,-9.76416e-05,-8.14783e-05,-6.51828e-05,-4.96336e-05,-3.55151e-05
-3.3098e-05,-4.4737e-05,-5.81429e-05,-7.28542e-05,-8.80827e-05,-0.000102962,-0.000116692,-0.000128606,-0.000138179,-0.000145058,-0.000149018,-0.000149942,-0.000147787,-0.000142594,-0.000134478,-0.000123651,-0.000110558,-9.56914e-05,-7.97996e-05,-6.37913e-05,-4.85252e-05,-3.46714e-05
-3.23838e-05,-4.37972e-05,-5.69566e-05,-7.14018e-05,-8.63645e-05,-0.000100998,-0.000114495,-0.000126206,-0.000135616,-0.000142375,-0.000146272,-0.000147177,-0.000145054,-0.000139938,-0.000131948,-0.000121296,-0.000108409,-9.37889e-05,-7.81687e-05,-6.24386e-05,-4.74421e-05,-3.38386e-05
-3.16928e-05,-4.28862e-05,-5.58001e-05,-6.9988e-05,-8.4696e-05,-9.90785e-05,-0.000112348,-0.000123869,-0.000133129,-0.000139768,-0.000143598,-0.000144482,-0.000142394,-0.000137361,-0.000129491,-0.000118999,-0.000106318,-9.19315e-05,-7.65771e-05,-6.11132e-05,-4.63868e-05,-3.30275e-05
-3.10006e-05,-4.19827e-05,-5.46553e-05,-6.85851e-05,-8.30371e-05,-9.71749e-05,-0.000110224,-0.000121546,-0.000130642,-0.000137179,-0.000140939,-0.000141808,-0.000139743,-0.000134786,-0.000127038,-0.000116721,-0.000104247,-9.00985e-05,-7.49927e-05,-5.98068e-05,-4.535e-05,-3.22511e-05
-3.03325e-05,-4.11122e-05,-5.35502e-05,-6.72387e-05,-8.14434e-05,-9.53392e-05,-0.000108168,-0.000119302,-0.00012826,-0.000134676,-0.000138374,-0.000139222,-0.000137193,-0.000132308,-0.00012468,-0.000114519,-0.000102248,-8.8318e-05,-7.34709e-05,-5.85468e-05,-4.4345e-05,-3.14953e-05
-2.9681e-05,-4.02454e-05,-5.24525e-05,-6.58907e-05,-7.98433e-05,-9.35066e-05,-0.000106121,-0.000117075,-0.000125873,-0.000132188,-0.00013582,-0.000136648,-0.000134648,-0.000129836,-0.000122327,-0.000112333,-0.000100252,-8.65564e-05,-7.19562e-05,-5.72923e-05,-4.33481e-05,-3.0739e-05
-2.90438e-05,-3.94122e-05,-5.13943e-05,-6.45921e-05,-7.83064e-05,-9.17391e-05,-0.000104148,-0.000114918,-0.000123574,-0.000129778,-0.000133349,-0.000134164,-0.00013219,-0.000127452,-0.000120055,-0.000110216,-9.83292e-05,-8.48516e-05,-7.04937e-05,-5.60816e-05,-4.23881e-05,-3.00126e-05
-2.84215e-05,-3.86071e-05,-5.03704e-05,-6.33345e-05,-7.68169e-05,-9.00259e-05,-0.000102235,-0.000112832,-0.00012134,-0.000127446,-0.00013096,-0.000131755,-0.000129808,-0.000125137,-0.000117853,-0.00010817,-9.64617e-05,-8.31995e-05,-6.90849e-05,-5.49101e-05,-4.14607e-05,-2.93102e-05
-2.78215e-05,-3.78023e-05,-4.93502e-05,-6.20801e-05,-7.53303e-05,-8.83194e-05,-0.000100323,-0.000110747,-0.000119116,-0.000125119,-0.000128568,-0.00012935,-0.000127431,-0.000122834,-0.000115659,-0.000106128,-9.46038e-05,-8.15577e-05,-6.76746e-05,-5.37515e-05,-4.05368e-05,-2.86152e-05
-2.72402e-05,-3.70379e-05,-4.83702e-05,-6.08789e-05,-7.39041e-05,-8.66801e-05,-9.8488e-05,-0.000108744,-0.000116976,-0.000122882,-0.000126277,-0.000127041,-0.000125143,-0.000120614,-0.000113552,-0.000104163,-9.28203e-05,-7.99794e-05,-6.63218e-05,-5.2637e-05,-3.96551e-05,-2.79383e-05
-2.66494e-05,-3.62622e-05,-4.73927e-05,-5.96792e-05,-7.24749e-05,-8.50366e-05,-9.66482e-05,-0.000106733,-0.000114833,-0.000120638,-0.000123972,-0.000124719,-0.000122855,-0.000118394,-0.000111439,-0.000102196,-9.10314e-05,-7.83992e-05,-6.49648e-05,-5.15177e-05,-3.87716e-05,-2.72821e-05
-2.6089e-05,-3.55244e-05,-4.64526e-05,-5.8524e-05,-7.11029e-05,-8.34564e-05,-9.4879e-05,-0.000104802,-0.000112772,-0.000118483,-0.000121763,-0.000122493,-0.00012065,-0.000116254,-0.0001094,-0.000100305,-8.93081e-05,-7.68834e-05,-6.36694e-05,-5.04477e-05,-3.79238e-05,-2.66477e-05
-2.55466e-05,-3.48019e-05,-4.55306e-05,-5.73942e-05,-6.97604e-05,-8.19147e-05,-9.31519e-05,-0.000102913,-0.000110752,-0.000116371,-0.000119599,-0.000120318,-0.000118496,-0.000114166,-0.000107421,-9.84548e-05,-8.76314e-05,-7.53927e-05,-6.23963e-05,-4.94003e-05,-3.70939e-05,-2.60408e-05
-2.50146e-05,-3.40847e-05,-4.46193e-05,-5.62709e-05,-6.84263e-05,-8.03767e-05,-9.14303e-05,-0.000101034,-0.000108743,-0.000114275,-0.000117441,-0.000118145,-0.000116352,-0.000112086,-0.000105439,-9.66158e-05,-8.59599e-05,-7.39209e-05,-6.11374e-05,-4.83626e-05,-3.62748e-05,-2.54148e-05
-2.44716e-05,-3.33973e-05,-4.37426e-05,-5.51903e-05,-6.71436e-05,-7.8892e-05,-8.97696e-05,-9.92191e-05,-0.000106808,-0.000112244,-0.000115363,-0.000116053,-0.000114285,-0.000110078,-0.000103532,-9.48395e-05,-8.435e-05,-7.24917e-05,-5.99237e-05,-4.73642e-05,-3.54857e-05,-2.48242e-05
-2.39656e-05,-3.27224e-05,-4.28799e-05,-5.41299e-05,-6.58791e-05,-7.74374e-05,-8.81406e-05,-9.7438e-05,-0.000104907,-0.000110258,-0.000113322,-0.000113992,-0.000112248,-0.000108105,-0.000101657,-9.31002e-05,-8.27707e-05,-7.10965e-05,-5.87325e-05,-4.63821e-05,-3.4714e-05,-2.42437e-05
-2.34716e-05,-3.20565e-05,-4.20272e-05,-5.30773e-05,-6.46289e-05,-7.5997e-05,-8.65263e-05,-9.56737e-05,-0.000103019,-0.000108284,-0.000111297,-0.000111956,-0.000110237,-0.000106152,-9.97998e-05,-9.13748e-05,-8.12019e-05,-6.97183e-05,-5.75524e-05,-4.54128e-05,-3.39526e-05,-2.36752e-05
-2.29769e-05,-3.14116e-05,-4.1207e-05,-5.20679e-05,-6.34301e-05,-7.46137e-05,-8.49762e-05,-9.39767e-05,-0.000101205,-0.000106384,-0.000109357,-0.000109998,-0.000108304,-0.000104273,-9.80154e-05,-8.97141e-05,-7.96957e-05,-6.83905e-05,-5.64216e-05,-4.44865e-05,-3.32189e-05,-2.31248e-05
-2.24903e-05,-3.07703e-05,-4.03884e-05,-5.10589e-05,-6.22245e-05,-7.32228e-05,-8.34163e-05,-9.22736e-05,-9.93862e-05,-0.000104482,-0.000107398,-0.000108031,-0.000106355,-0.000102389,-9.62226e-05,-8.80488e-05,-7.81873e-05,-6.70616e-05,-5.52867e-05,-4.35533e-05,-3.24873e-05,-2.25831e-05
-2.2028e-05,-3.01584e-05,-3.96062e-05,-5.00938e-05,-6.10747e-05,-7.18956e-05,-8.19276e-05,-9.06479e-05,-9.765e-05,-0.000102662,-0.000105536,-0.000106154,-0.000104503,-0.000100595,-9.45124e-05,-8.64589e-05,-7.67464e-05,-6.57908e-05,-5.42051e-05,-4.26683e-05,-3.17872e-05,-2.20495e-05
-2.15721e-05,-2.95528e-05,-3.88335e-05,-4.91405e-05,-5.99378e-05,-7.05844e-05,-8.04537e-05,-8.9036e-05,-9.59288e-05,-0.000100861,-0.000103688,-0.00010429,-0.000102664,-9.88108e-05,-9.28183e-05,-8.48845e-05,-7.53235e-05,-6.45364e-05,-5.31369e-05,-4.179e-05,-3.11014e-05,-2.15527e-05
-2.11128e-05,-2.89602e-05,-3.80742e-05,-4.82027e-05,-5.88193e-05,-6.92911e-05,-7.90045e-05,-8.74521e-05,-9.42337e-05,-9.90901e-05,-0.000101865,-0.000102464,-0.000100855,-9.70524e-05,-9.11525e-05,-8.334e-05,-7.39189e-05,-6.33012e-05,-5.20833e-05,-4.09295e-05,-3.04234e-05,-2.1052e-05
-2.06871e-05,-2.83819e-05,-3.73362e-05,-4.72878e-05,-5.77276e-05,-6.80323e-05,-7.75929e-05,-8.59061e-05,-9.25794e-05,-9.73598e-05,-0.00010009,-0.000100677,-9.90859e-05,-9.53406e-05,-8.95285e-05,-8.183e-05,-7.25517e-05,-6.20973e-05,-5.10596e-05,-4.00924e-05,-2.97674e-05,-2.05607e-05
-2.02631e-05,-2.78258e-05,-3.66162e-05,-4.63974e-05,-5.66665e-05,-6.68041e-05,-7.62141e-05,-8.44e-05,-9.09681e-05,-9.56769e-05,-9.83637e-05,-9.89347e-05,-9.73687e-05,-9.36721e-05,-8.79467e-05,-8.03612e-05,-7.12213e-05,-6.09275e-05,-5.00647e-05,-3.9276e-05,-2.91308e-05,-2.00931e-05
-1.98471e-05,-2.72681e-05,-3.59093e-05,-4.55257e-05,-5.56205e-05,-6.55948e-05,-7.48587e-05,-8.29184e-05,-8.93857e-05,-9.40166e-05,-9.66589e-05,-9.722e-05,-9.56712e-05,-9.2032e-05,-8.63852e-05,-7.8913e-05,-6.99079e-05,-5.97757e-05,-4.90843e-05,-3.8474e-05,-2.85026e-05,-1.96432e-05
-1.94425e-05,-2.67257e-05,-3.52127e-05,-4.46643e-05,-5.45977e-05,-6.441e-05,-7.35274e-05,-8.14549e-05,-8.78231e-05,-9.23827e-05,-9.49849e-05,-9.55342e-05,-9.40054e-05,-9.04166e-05,-8.48534e-05,-7.74898e-05,-6.86222e-05,-5.86416e-05,-4.81236e-05,-3.76908e-05,-2.7888e-05,-1.91755e-05
-1.9042e-05,-2.61989e-05,-3.45422e-05,-4.38336e-05,-5.35996e-05,-6.32617e-05,-7.22358e-05,-8.00401e-05,-8.63098e-05,-9.07997e-05,-9.33602e-05,-9.38973e-05,-9.23901e-05,-8.88515e-05,-8.33649e-05,-7.61112e-05,-6.73723e-05,-5.75445e-05,-4.71924e-05,-3.69318e-05,-2.72921e-05,-1.87154e-05
-1.86486e-05,-2.56774e-05,-3.38713e-05,-4.29998e-05,-5.26055e-05,-6.21085e-05,-7.0939e-05,-7.86243e-05,-8.47934e-05,-8.92137e-05,-9.17337e-05,-9.2257e-05,-9.07722e-05,-8.72814e-05,-8.18767e-05,-7.47306e-05,-6.61227e-05,-5.64467e-05,-4.62621e-05,-3.6172e-05,-2.67014e-05,-1.82992e-05
-1.82544e-05,-2.51721e-05,-3.32202e-05,-4.21967e-05,-5.16459e-05,-6.09967e-05,-6.96901e-05,-7.72536e-05,-8.33318e-05,-8.76805e-05,-9.0157e-05,-9.06747e-05,-8.92071e-05,-8.5766e-05,-8.04373e-05,-7.33961e-05,-6.49175e-05,-5.53871e-05,-4.53641e-05,-3.54353e-05,-2.6132e-05,-1.78788e-05
-1.79027e-05,-2.46793e-05,-3.25894e-05,-4.14183e-05,-5.07104e-05,-5.99127e-05,-6.84721e-05,-7.5921e-05,-8.19058e-05,-8.61892e-05,-8.86305e-05,-8.91356e-05,-8.76867e-05,-8.42944e-05,-7.90376e-05,-7.20969e-05,-6.37414e-05,-5.4358e-05,-4.44908e-05,-3.47283e-05,-2.55749e-05,-1.74751e-05
-1.75458e-05,-2.4198e-05,-3.19647e-05,-4.06384e-05,-4.97813e-05,-5.88363e-05,-6.72633e-05,-7.45968e-05,-8.04858e-05,-8.47048e-05,-8.71057e-05,-8.76005e-05,-8.61715e-05,-8.28245e-05,-7.76468e-05,-7.08092e-05,-6.25761e-05,-5.33347e-05,-4.36248e-05,-3.40198e-05,-2.50271e-05,-1.70708e-05
-1.71762e-05,-2.37205e-05,-3.13562e-05,-3.98843e-05,-4.8876e-05,-5.77893e-05,-6.60838e-05,-7.33056e-05,-7.91057e-05,-8.32598e-05,-8.56231e-05,-8.61057e-05,-8.46944e-05,-8.13942e-05,-7.6289e-05,-6.95505e-05,-6.14406e-05,-5.23391e-05,-4.27793e-05,-3.33345e-05,-2.44923e-05,-1.66763e-05
-1.68324e-05,-2.32656e-05,-3.07671e-05,-3.91585e-05,-4.80024e-05,-5.67759e-05,-6.49472e-05,-7.20616e-05,-7.77727e-05,-8.18648e-05,-8.41911e-05,-8.46665e-05,-8.32712e-05,-8.0015e-05,-7.49805e-05,-6.83402e-05,-6.03466e-05,-5.13784e-05,-4.19676e-05,-3.26718e-05,-2.39793e-05,-1.63027e-05
-1.6507e-05,-2.28105e-05,-3.01865e-05,-3.84332e-05,-4.71393e-05,-5.57739e-05,-6.38165e-05,-7.08227e-05,-7.64492e-05,-8.04786e-05,-8.27688e-05,-8.32332e-05,-8.1858e-05,-7.86476e-05,-7.36821e-05,-6.71347e-05,-5.92593e-05,-5.04265e-05,-4.11639e-05,-3.20176e-05,-2.3469e-05,-1.59316e-05
-1.61633e-05,-2.23655e-05,-2.96136e-05,-3.77241e-05,-4.62866e-05,-5.47809e-05,-6.27025e-05,-6.96014e-05,-7.51409e-05,-7.91036e-05,-8.1363e-05,-8.18197e-05,-8.04588e-05,-7.72939e-05,-7.23986e-05,-6.59442e-05,-5.81832e-05,-4.94857e-05,-4.03665e-05,-3.13718e-05,-2.29679e-05,-1.55688e-05
-1.58345e-05,-2.1931e-05,-2.90561e-05,-3.70275e-05,-4.54473e-05,-5.38163e-05,-6.16111e-05,-6.8408e-05,-7.3862e-05,-7.77682e-05,-7.99896e-05,-8.04353e-05,-7.90951e-05,-7.59699e-05,-7.11465e-05,-6.47838e-05,-5.71357e-05,-4.85707e-05,-3.95934e-05,-3.07431e-05,-2.24811e-05,-1.52132e-05
-1.55161e-05,-2.15069e-05,-2.85119e-05,-3.63498e-05,-4.46364e-05,-5.28736e-05,-6.05495e-05,-6.72415e-05,-7.26185e-05,-7.64655e-05,-7.86509e-05,-7.90885e-05,-7.77616e-05,-7.4683e-05,-6.99254e-05,-6.36518e-05,-5.61154e-05,-4.76743e-05,-3.88373e-05,-3.01302e-05,-2.20072e-05,-1.48784e-05
-1.52036e-05,-2.1093e-05,-2.79734e-05,-3.56811e-05,-4.38373e-05,-5.19413e-05,-5.95029e-05,-6.6095e-05,-7.13862e-05,-7.51775e-05,-7.73289e-05,-7.77592e-05,-7.64506e-05,-7.34077e-05,-6.87191e-05,-6.25394e-05,-5.5108e-05,-4.67937e-05,-3.80959e-05,-2.95281e-05,-2.15409e-05,-1.45287e-05
-1.49049e-05,-2.06908e-05,-2.74548e-05,-3.50374e-05,-4.30611e-05,-5.104e-05,-5.84884e-05,-6.49818e-05,-7.01956e-05,-7.39301e-05,-7.60461e-05,-7.64662e-05,-7.51773e-05,-7.21774e-05,-6.75505e-05,-6.14587e-05,-5.41324e-05,-4.59415e-05,-3.73783e-05,-2.89441e-05,-2.10921e-05,-1.42006e-05
-1.46053e-05,-2.02909e-05,-2.69435e-05,-3.43972e-05,-4.22934e-05,-5.01473e-05,-5.74809e-05,-6.38775e-05,-6.90111e-05,-7.2691e-05,-7.47778e-05,-7.51901e-05,-7.39162e-05,-7.0957e-05,-6.63934e-05,-6.03864e-05,-5.31666e-05,-4.50961e-05,-3.66661e-05,-2.83688e-05,-2.06461e-05,-1.38794e-05
-1.4318e-05,-1.99075e-05,-2.64467e-05,-3.37827e-05,-4.15547e-05,-4.9289e-05,-5.65148e-05,-6.28162e-05,-6.788e-05,-7.14992e-05,-7.35559e-05,-7.39638e-05,-7.26994e-05,-6.97796e-05,-6.5283e-05,-5.93549e-05,-5.22397e-05,-4.4286e-05,-3.5981e-05,-2.78145e-05,-2.02188e-05,-1.35698e-05
-1.40291e-05,-1.95191e-05,-2.5945e-05,-3.31542e-05,-4.07989e-05,-4.84122e-05,-5.55258e-05,-6.17308e-05,-6.67152e-05,-7.02846e-05,-7.23092e-05,-7.27034e-05,-7.14619e-05,-6.85791e-05,-6.41406e-05,-5.83035e-05,-5.12905e-05,-4.34585e-05,-3.52858e-05,-2.7253e-05,-1.97841e-05,-1.32562e-05
-1.37533e-05,-1.91533e-05,-2.54721e-05,-3.25668e-05,-4.00934e-05,-4.75887e-05,-5.45991e-05,-6.07144e-05,-6.56268e-05,-6.9148e-05,-7.11379e-05,-7.15284e-05,-7.0296e-05,-6.74529e-05,-6.30743e-05,-5.73183e-05,-5.04042e-05,-4.2684e-05,-3.46306e-05,-2.6724e-05,-1.93784e-05,-1.29657e-05
-1.34799e-05,-1.8788e-05,-2.49961e-05,-3.19746e-05,-3.93778e-05,-4.67609e-05,-5.36603e-05,-5.96877e-05,-6.45223e-05,-6.79908e-05,-6.99518e-05,-7.03335e-05,-6.91186e-05,-6.63116e-05,-6.19949e-05,-5.63191e-05,-4.95036e-05,-4.18983e-05,-3.39711e-05,-2.61924e-05,-1.89674e-05,-1.26499e-05
-1.32135e-05,-1.84277e-05,-2.45338e-05,-3.13985e-05,-3.86855e-05,-4.59494e-05,-5.27475e-05,-5.86826e-05,-6.34503e-05,-6.68634e-05,-6.87987e-05,-6.91688e-05,-6.79734e-05,-6.52046e-05,-6.0945e-05,-5.53477e-05,-4.86259e-05,-4.11356e-05,-3.33326e-05,-2.56745e-05,-1.85701e-05,-1.23828e-05
-1.29375e-05,-1.80785e-05,-2.40833e-05,-3.08319e-05,-3.80038e-05,-4.51599e-05,-5.18533e-05,-5.77026e-05,-6.24015e-05,-6.5764e-05,-6.76671e-05,-6.80366e-05,-6.68513e-05,-6.41164e-05,-5.99182e-05,-5.43962e-05,-4.77725e-05,-4.03899e-05,-3.27049e-05,-2.51693e-05,-1.81826e-05,-1.21022e-05
-1.27014e-05,-1.77436e-05,-2.36481e-05,-3.02919e-05,-3.73529e-05,-4.44006e-05,-5.09991e-05,-5.67608e-05,-6.13933e-05,-6.47081e-05,-6.6585e-05,-6.69438e-05,-6.57721e-05,-6.30746e-05,-5.89337e-05,-5.3484e-05,-4.69524e-05,-3.96742e-05,-3.21053e-05,-2.46826e-05,-1.78124e-05,-1.18349e-05
-1.24641e-05,-1.74098e-05,-2.32139e-05,-2.97484e-05,-3.66974e-05,-4.36404e-05,-5.01397e-05,-5.5819e-05,-6.03801e-05,-6.36522e-05,-6.55016e-05,-6.58487e-05,-6.46949e-05,-6.20331e-05,-5.79398e-05,-5.25732e-05,-4.61372e-05,-3.89604e-05,-3.15068e-05,-2.42013e-05,-1.74395e-05,-1.15692e-05
-1.22046e-05,-1.70728e-05,-2.2785e-05,-2.92118e-05,-3.60484e-05,-4.28832e-05,-4.92856e-05,-5.48797e-05,-5.93746e-05,-6.25927e-05,-6.4413e-05,-6.47574e-05,-6.36187e-05,-6.09906e-05,-5.69588e-05,-5.16612e-05,-4.53132e-05,-3.82474e-05,-3.09077e-05,-2.37202e-05,-1.70739e-05,-1.13064e-05
-1.19649e-05,-1.67547e-05,-2.23679e-05,-2.86911e-05,-3.54214e-05,-4.21535e-05,-4.84591e-05,-5.39725e-05,-5.84023e-05,-6.1576e-05,-6.33704e-05,-6.37087e-05,-6.25799e-05,-5.99876e-05,-5.60061e-05,-5.07831e-05,-4.4525e-05,-3.75602e-05,-3.03319e-05,-2.32593e-05,-1.67169e-05,-1.10495e-05
-1.17295e-05,-1.64359e-05,-2.19596e-05,-2.81794e-05,-3.4805e-05,-4.14304e-05,-4.76462e-05,-5.30758e-05,-5.74433e-05,-6.05693e-05,-6.23335e-05,-6.26668e-05,-6.15503e-05,-5.89945e-05,-5.50698e-05,-4.99155e-05,-4.3745e-05,-3.68843e-05,-2.9763e-05,-2.28009e-05,-1.6368e-05,-1.08054e-05
-1.15002e-05,-1.61311e-05,-2.15625e-05,-2.76795e-05,-3.41973e-05,-4.07289e-05,-4.68508e-05,-5.22042e-05,-5.65065e-05,-5.95892e-05,-6.13276e-05,-6.16559e-05,-6.05523e-05,-5.80291e-05,-5.41549e-05,-4.90744e-05,-4.29905e-05,-3.62271e-05,-2.92125e-05,-2.23594e-05,-1.60293e-05,-1.05634e-05
-1.12616e-05,-1.58315e-05,-2.11731e-05,-2.71933e-05,-3.36134e-05,-4.00419e-05,-4.60751e-05,-5.13531e-05,-5.5596e-05,-5.8636e-05,-6.03467e-05,-6.0668e-05,-5.95784e-05,-5.70857e-05,-5.32629e-05,-4.82535e-05,-4.22521e-05,-3.55822e-05,-2.86737e-05,-2.19272e-05,-1.57011e-05,-1.03309e-05
-1.10556e-05,-1.55333e-05,-2.0785e-05,-2.67112e-05,-3.303e-05,-3.9359e-05,-4.53053e-05,-5.05055e-05,-5.46836e-05,-5.76796e-05,-5.93655e-05,-5.96821e-05,-5.8604e-05,-5.61442e-05,-5.23744e-05,-4.74315e-05,-4.15106e-05,-3.49435e-05,-2.81388e-05,-2.1498e-05,-1.53747e-05,-1.00993e-05
-1.08423e-05,-1.52459e-05,-2.04114e-05,-2.62425e-05,-3.24643e-05,-3.86964e-05,-4.45565e-05,-4.96833e-05,-5.38027e-05,-5.6755e-05,-5.8421e-05,-5.87263e-05,-5.76651e-05,-5.52358e-05,-5.15122e-05,-4.66368e-05,-4.07996e-05,-3.43224e-05,-2.76217e-05,-2.10836e-05,-1.50575e-05,-9.87485e-06
-1.06338e-05,-1.49616e-05,-2.00462e-05,-2.5783e-05,-3.19079e-05,-3.80508e-05,-4.38237e-05,-4.88738e-05,-5.29375e-05,-5.58498e-05,-5.74884e-05,-5.77876e-05,-5.67353e-05,-5.43396e-05,-5.06644e-05,-4.58537e-05,-4.00999e-05,-3.37181e-05,-2.71122e-05,-2.06765e-05,-1.47481e-05,-9.65319e-06
-1.04286e-05,-1.46864e-05,-1.9685e-05,-2.53312e-05,-3.13586e-05,-3.7412e-05,-4.30984e-05,-4.80828e-05,-5.20848e-05,-5.49532e-05,-5.65704e-05,-5.68651e-05,-5.58243e-05,-5.34614e-05,-4.98336e-05,-4.50901e-05,-3.94094e-05,-3.31219e-05,-2.66161e-05,-2.02779e-05,-1.44448e-05,-9.44612e-06
-1.0223e-05,-1.44117e-05,-1.93299e-05,-2.48846e-05,-3.08236e-05,-3.67819e-05,-4.23875e-05,-4.72989e-05,-5.12432e-05,-5.40737e-05,-5.56675e-05,-5.59549e-05,-5.493e-05,-5.25911e-05,-4.9015e-05,-4.43358e-05,-3.87368e-05,-3.2532e-05,-2.61273e-05,-1.98859e-05,-1.41483e-05,-9.22872e-06
-1.00279e-05,-1.41464e-05,-1.89858e-05,-2.44533e-05,-3.02992e-05,-3.61716e-05,-4.16943e-05,-4.65339e-05,-5.04256e-05,-5.32151e-05,-5.47844e-05,-5.50681e-05,-5.405e-05,-5.17452e-05,-4.82162e-05,-4.35951e-05,-3.80754e-05,-3.19592e-05,-2.56469e-05,-1.95051e-05,-1.38587e-05,-9.02775e-06
-9.83658e-06,-1.3888e-05,-1.86494e-05,-2.40321e-05,-2.97901e-05,-3.55705e-05,-4.10155e-05,-4.57884e-05,-4.96269e-05,-5.2377e-05,-5.39246e-05,-5.42007e-05,-5.31976e-05,-5.09199e-05,-4.74371e-05,-4.28747e-05,-3.74297e-05,-3.14017e-05,-2.51824e-05,-1.91304e-05,-1.35761e-05,-8.83361e-06
-9.64393e-06,-1.36311e-05,-1.83129e-05,-2.36099e-05,-2.92768e-05,-3.49741e-05,-4.03378e-05,-4.50414e-05,-4.88223e-05,-5.15356e-05,-5.30592e-05,-5.33362e-05,-5.23417e-05,-5.00928e-05,-4.66545e-05,-4.21555e-05,-3.6785e-05,-3.08435e-05,-2.47165e-05,-1.87598e-05,-1.32952e-05,-8.62965e-06
-9.45851e-06,-1.33811e-05,-1.79859e-05,-2.32009e-05,-2.87815e-05,-3.43956e-05,-3.96825e-05,-4.43201e-05,-4.80499e-05,-5.07221e-05,-5.22286e-05,-5.24931e-05,-5.15147e-05,-4.9292e-05,-4.58959e-05,-4.14609e-05,-3.61607e-05,-3.0303e-05,-2.42669e-05,-1.84014e-05,-1.30256e-05,-8.44095e-06
-9.27905e-06,-1.31403e-05,-1.767e-05,-2.28032e-05,-2.82997e-05,-3.38318e-05,-3.90445e-05,-4.36166e-05,-4.72942e-05,-4.99329e-05,-5.14152e-05,-5.16759e-05,-5.07097e-05,-4.85133e-05,-4.51613e-05,-4.07837e-05,-3.55563e-05,-2.97807e-05,-2.38306e-05,-1.80531e-05,-1.27611e-05,-8.25402e-06
-9.10168e-06,-1.28937e-05,-1.73551e-05,-2.24061e-05,-2.78183e-05,-3.32657e-05,-3.84036e-05,-4.29091e-05,-4.65357e-05,-4.91346e-05,-5.0594e-05,-5.08546e-05,-4.9894e-05,-4.77313e-05,-4.4424e-05,-4.01021e-05,-3.4943e-05,-2.92526e-05,-2.33908e-05,-1.77052e-05,-1.24978e-05,-8.07152e-06
-8.94297e-06,-1.26644e-05,-1.70539e-05,-2.20253e-05,-2.73559e-05,-3.27243e-05,-3.77899e-05,-4.22335e-05,-4.58114e-05,-4.83744e-05,-4.98136e-05,-5.00647e-05,-4.91209e-05,-4.6986e-05,-4.37141e-05,-3.94523e-05,-3.43624e-05,-2.87486e-05,-2.29738e-05,-1.73701e-05,-1.2249e-05,-7.90091e-06
-8.75859e-06,-1.24332e-05,-1.67525e-05,-2.16488e-05,-2.68953e-05,-3.21877e-05,-3.71807e-05,-4.15626e-05,-4.50918e-05,-4.76182e-05,-4.90365e-05,-4.92879e-05,-4.83477e-05,-4.62419e-05,-4.30104e-05,-3.88075e-05,-3.37857e-05,-2.82517e-05,-2.25603e-05,-1.7041e-05,-1.19999e-05,-7.723e-06
-8.59181e-06,-1.22063e-05,-1.64555e-05,-2.12732e-05,-2.64434e-05,-3.1654e-05,-3.65778e-05,-4.08975e-05,-4.43781e-05,-4.68695e-05,-4.8269e-05,-4.85106e-05,-4.75859e-05,-4.55028e-05,-4.23173e-05,-3.81657e-05,-3.32131e-05,-2.77564e-05,-2.21507e-05,-1.67138e-05,-1.17539e-05,-7.55721e-06
-8.42762e-06,-1.19836e-05,-1.61678e-05,-2.09111e-05,-2.60028e-05,-3.11392e-05,-3.59907e-05,-4.02533e-05,-4.36856e-05,-4.61443e-05,-4.75201e-05,-4.77633e-05,-4.68481e-05,-4.47877e-05,-4.16437e-05,-3.75476e-05,-3.26616e-05,-2.72806e-05,-2.17543e-05,-1.63992e-05,-1.15183e-05,-7.39002e-06
-8.26644e-06,-1.1765e-05,-1.58823e-05,-2.05516e-05,-2.55639e-05,-3.06254e-05,-3.54064e-05,-3.96076e-05,-4.29902e-05,-4.5414e-05,-4.67763e-05,-4.70101e-05,-4.61059e-05,-4.40708e-05,-4.0971e-05,-3.69225e-05,-3.21053e-05,-2.68002e-05,-2.13561e-05,-1.60856e-05,-1.12809e-05,-7.22312e-06
-8.11262e-06,-1.15526e-05,-1.5606e-05,-2.02027e-05,-2.5142e-05,-3.01275e-05,-3.48434e-05,-3.89833e-05,-4.23206e-05,-4.47126e-05,-4.60566e-05,-4.62807e-05,-4.53895e-05,-4.33816e-05,-4.03182e-05,-3.63233e-05,-3.15697e-05,-2.63382e-05,-2.09736e-05,-1.57819e-05,-1.10517e-05,-7.07053e-06
-7.95572e-06,-1.13441e-05,-1.53315e-05,-1.98576e-05,-2.4722e-05,-2.9638e-05,-3.4283e-05,-3.83672e-05,-4.16602e-05,-4.40185e-05,-4.53425e-05,-4.55678e-05,-4.46822e-05,-4.26978e-05,-3.9674e-05,-3.57327e-05,-3.10431e-05,-2.58847e-05,-2.05958e-05,-1.54834e-05,-1.08291e-05,-6.91304e-06
-7.80641e-06,-1.11375e-05,-1.50647e-05,-1.95193e-05,-2.43082e-05,-2.91526e-05,-3.37347e-05,-3.77638e-05,-4.10102e-05,-4.33348e-05,-4.46413e-05,-4.48612e-05,-4.39851e-05,-4.20263e-05,-3.90425e-05,-3.51507e-05,-3.05248e-05,-2.54373e-05,-2.02257e-05,-1.51913e-05,-1.06106e-05,-6.76193e-06
-7.65753e-06,-1.0936e-05,-1.48008e-05,-1.91872e-05,-2.3906e-05,-2.86735e-05,-3.31944e-05,-3.71681e-05,-4.03693e-05,-4.26602e-05,-4.39464e-05,-4.41656e-05,-4.3302e-05,-4.13647e-05,-3.84166e-05,-3.45779e-05,-3.0014e-05,-2.4999e-05,-1.98608e-05,-1.49017e-05,-1.03956e-05,-6.61561e-06
-7.51368e-06,-1.07412e-05,-1.4544e-05,-1.88639e-05,-2.3512e-05,-2.82152e-05,-3.26695e-05,-3.6588e-05,-3.97465e-05,-4.20103e-05,-4.32764e-05,-4.34886e-05,-4.26346e-05,-4.07225e-05,-3.781e-05,-3.40225e-05,-2.95182e-05,-2.45706e-05,-1.95083e-05,-1.46224e-05,-1.01857e-05,-6.46895e-06
-7.37308e-06,-1.055e-05,-1.42937e-05,-1.8551e-05,-2.31269e-05,-2.77623e-05,-3.2155e-05,-3.60188e-05,-3.9134e-05,-4.13677e-05,-4.26185e-05,-4.28284e-05,-4.19818e-05,-4.00935e-05,-3.72208e-05,-3.34771e-05,-2.90299e-05,-2.41526e-05,-1.91618e-05,-1.435e-05,-9.98314e-06,-6.33257e-06
-7.23239e-06,-1.0357e-05,-1.40438e-05,-1.82307e-05,-2.27407e-05,-2.73078e-05,-3.16389e-05,-3.54509e-05,-3.85232e-05,-4.07243e-05,-4.19577e-05,-4.21622e-05,-4.13296e-05,-3.94611e-05,-3.66237e-05,-3.29303e-05,-2.85454e-05,-2.37349e-05,-1.88172e-05,-1.40769e-05,-9.78009e-06,-6.19548e-06
-7.1013e-06,-1.01793e-05,-1.38086e-05,-1.7934e-05,-2.23794e-05,-2.68862e-05,-3.11593e-05,-3.49202e-05,-3.79535e-05,-4.01254e-05,-4.13415e-05,-4.15435e-05,-4.0717e-05,-3.88707e-05,-3.60705e-05,-3.24191e-05,-2.80913e-05,-2.33448e-05,-1.84937e-05,-1.3822e-05,-9.58876e-06,-6.05791e-06
-6.96681e-06,-9.99459e-06,-1.35699e-05,-1.76314e-05,-2.20096e-05,-2.64484e-05,-3.06594e-05,-3.43703e-05,-3.73631e-05,-3.95067e-05,-4.07058e-05,-4.09011e-05,-4.00869e-05,-3.82643e-05,-3.54948e-05,-3.18943e-05,-2.7625e-05,-2.29426e-05,-1.81619e-05,-1.35608e-05,-9.39543e-06,-5.9301e-06
-6.83399e-06,-9.81316e-06,-1.33303e-05,-1.7329e-05,-2.16411e-05,-2.60142e-05,-3.01665e-05,-3.38242e-05,-3.67742e-05,-3.88898e-05,-4.00711e-05,-4.02653e-05,-3.94585e-05,-3.76575e-05,-3.49238e-05,-3.13723e-05,-2.71584e-05,-2.25427e-05,-1.78328e-05,-1.33016e-05,-9.2039e-06,-5.79612e-06
-6.70692e-06,-9.63964e-06,-1.31033e-05,-1.70415e-05,-2.12926e-05,-2.56026e-05,-2.96967e-05,-3.33042e-05,-3.62154e-05,-3.83042e-05,-3.94693e-05,-3.96587e-05,-3.88585e-05,-3.70837e-05,-3.43838e-05,-3.0875e-05,-2.67133e-05,-2.21621e-05,-1.75208e-05,-1.30543e-05,-9.02047e-06,-5.67871e-06
-6.58263e-06,-9.47006e-06,-1.28817e-05,-1.67584e-05,-2.09494e-05,-2.51989e-05,-2.92378e-05,-3.27972e-05,-3.56691e-05,-3.77301e-05,-3.8881e-05,-3.90649e-05,-3.82779e-05,-3.65184e-05,-3.38525e-05,-3.03892e-05,-2.62839e-05,-2.17908e-05,-1.7215e-05,-1.28148e-05,-8.84207e-06,-5.54893e-06
-6.46119e-06,-9.30625e-06,-1.26646e-05,-1.64856e-05,-2.06107e-05,-2.48023e-05,-2.87867e-05,-3.22981e-05,-3.51321e-05,-3.71656e-05,-3.83002e-05,-3.84836e-05,-3.77021e-05,-3.59659e-05,-3.3333e-05,-2.99106e-05,-2.58571e-05,-2.14279e-05,-1.69146e-05,-1.25794e-05,-8.66939e-06,-5.43343e-06
-6.33696e-06,-9.13676e-06,-1.24455e-05,-1.62065e-05,-2.02726e-05,-2.44013e-05,-2.83296e-05,-3.17944e-05,-3.45886e-05,-3.65957e-05,-3.77145e-05,-3.78941e-05,-3.71227e-05,-3.54054e-05,-3.28048e-05,-2.94273e-05,-2.54295e-05,-2.10598e-05,-1.66131e-05,-1.23422e-05,-8.49285e-06,-5.31437e-06
-6.21228e-06,-8.98288e-06,-1.22368e-05,-1.59442e-05,-1.99504e-05,-2.40229e-05,-2.78997e-05,-3.13176e-05,-3.40795e-05,-3.60534e-05,-3.71615e-05,-3.73345e-05,-3.65727e-05,-3.48795e-05,-3.23061e-05,-2.89746e-05,-2.50255e-05,-2.07156e-05,-1.63289e-05,-1.21173e-05,-8.32843e-06,-5.20469e-06
-6.10575e-06,-8.82021e-06,-1.20286e-05,-1.56823e-05,-1.96284e-05,-2.36395e-05,-2.7463e-05,-3.08357e-05,-3.35595e-05,-3.55115e-05,-3.66016e-05,-3.67733e-05,-3.6019e-05,-3.43432e-05,-3.18052e-05,-2.85119e-05,-2.46145e-05,-2.03634e-05,-1.6037e-05,-1.18919e-05,-8.1575e-06,-5.09401e-06
-5.99235e-06,-8.66604e-06,-1.18221e-05,-1.5416e-05,-1.93054e-05,-2.32601e-05,-2.7029e-05,-3.03569e-05,-3.30443e-05,-3.49686e-05,-3.60456e-05,-3.62122e-05,-3.54657e-05,-3.38098e-05,-3.13041e-05,-2.80528e-05,-2.42098e-05,-2.0016e-05,-1.57539e-05,-1.16672e-05,-7.99728e-06,-4.97372e-06
-5.88202e-06,-8.5121e-06,-1.16241e-05,-1.5164e-05,-1.89962e-05,-2.28959e-05,-2.6613e-05,-2.98963e-05,-3.25492e-05,-3.44506e-05,-3.5509e-05,-3.56754e-05,-3.4936e-05,-3.33011e-05,-3.08229e-05,-2.7614e-05,-2.38218e-05,-1.96828e-05,-1.548e-05,-1.14529e-05,-7.83838e-06,-4.87068e-06
-5.77308e-06,-8.36571e-06,-1.14267e-05,-1.49168e-05,-1.86923e-05,-2.25362e-05,-2.62053e-05,-2.9445e-05,-3.20607e-05,-3.39357e-05,-3.49816e-05,-3.51445e-05,-3.44132e-05,-3.27983e-05,-3.03513e-05,-2.71816e-05,-2.34369e-05,-1.9356e-05,-1.52102e-05,-1.12431e-05,-7.68492e-06,-4.76692e-06
-5.66386e-06,-8.21638e-06,-1.12333e-05,-1.46683e-05,-1.83903e-05,-2.21808e-05,-2.57961e-05,-2.89944e-05,-3.15748e-05,-3.34282e-05,-3.44566e-05,-3.46207e-05,-3.38962e-05,-3.22978e-05,-2.98845e-05,-2.67528e-05,-2.30553e-05,-1.90299e-05,-1.49432e-05,-1.10364e-05,-7.53085e-06,-4.67078e-06
-5.5631e-06,-8.07674e-06,-1.10458e-05,-1.44327e-05,-1.81017e-05,-2.18367e-05,-2.54055e-05,-2.85613e-05,-3.11118e-05,-3.29383e-05,-3.39563e-05,-3.41094e-05,-3.33956e-05,-3.18176e-05,-2.94345e-05,-2.63384e-05,-2.26876e-05,-1.87158e-05,-1.46863e-05,-1.08349e-05,-7.38392e-06,-4.56729e-06
