-0.00815974,-0.0086768,-0.0091206,-0.00949591,-0.00979873,-0.0100437,-0.0102217,-0.0103465,-0.0104346,-0.0104925,-0.0105347,-0.0105649,-0.0105879,-0.0106067,-0.0106104,-0.0105801,-0.0105192,-0.0103937,-0.0102203,-0.0099924,-0.00967054,-0.00929031
-0.00779902,-0.00834713,-0.00882423,-0.00924412,-0.00959944,-0.00989027,-0.0101071,-0.0102678,-0.0103938,-0.01047,-0.0105269,-0.010568,-0.0105849,-0.0105821,-0.0105529,-0.0104869,-0.0103769,-0.0102177,-0.00999266,-0.00969925,-0.00934629,-0.00891665
-0.00741865,-0.00797737,-0.00849288,-0.00894147,-0.00932497,-0.00964658,-0.00990801,-0.0100993,-0.0102465,-0.0103434,-0.0104161,-0.0104499,-0.0104618,-0.0104449,-0.0103962,-0.0103009,-0.0101621,-0.00995678,-0.00969169,-0.00937036,-0.00896722,-0.0085106
-0.00698765,-0.00756085,-0.00808658,-0.00855934,-0.00897279,-0.00932087,-0.00960503,-0.00982022,-0.00998507,-0.0100983,-0.0101775,-0.0102145,-0.0102264,-0.0101941,-0.0101255,-0.0100037,-0.00983458,-0.00960371,-0.00930959,-0.00895367,-0.00852854,-0.00804899
-0.00666823,-0.00725097,-0.00779268,-0.0082853,-0.00872173,-0.00909382,-0.00940127,-0.00963907,-0.00982311,-0.00994911,-0.0100363,-0.0100753,-0.010083,-0.0100399,-0.0099534,-0.00981015,-0.00961649,-0.00935886,-0.0090367,-0.00865328,-0.00820463,-0.00770444
-0.00639398,-0.00698467,-0.00754257,-0.0080496,-0.00850675,-0.0088982,-0.00922464,-0.00948456,-0.00968257,-0.00981899,-0.00991532,-0.00995286,-0.00996065,-0.00990563,-0.00980647,-0.00964024,-0.00942885,-0.00915164,-0.00880461,-0.00839653,-0.00793023,-0.00741117
-0.00608414,-0.00667535,-0.00723523,-0.00775402,-0.00822125,-0.0086286,-0.00896968,-0.00924331,-0.00945367,-0.00960086,-0.00970115,-0.00974216,-0.00974202,-0.00968039,-0.00956883,-0.00939115,-0.00916067,-0.00886213,-0.00849781,-0.00807554,-0.0075943,-0.00706712
-0.00581955,-0.00641113,-0.0069753,-0.00750153,-0.0079785,-0.00839843,-0.00875229,-0.00903864,-0.00925863,-0.00941447,-0.00951989,-0.0095621,-0.00955825,-0.00948941,-0.00936694,-0.00917694,-0.00893239,-0.00861801,-0.00823908,-0.00780272,-0.0073107,-0.0067754
-0.0055679,-0.00615693,-0.00672261,-0.00725413,-0.00773851,-0.00816699,-0.00853037,-0.00882875,-0.00905755,-0.00922085,-0.00932945,-0.00937207,-0.00936454,-0.00928982,-0.00916026,-0.00895827,-0.00870161,-0.00837475,-0.00798318,-0.00753588,-0.00703761,-0.00649604
-0.00534167,-0.00592872,-0.00649462,-0.00702969,-0.0075207,-0.00795567,-0.00832797,-0.00863782,-0.00887243,-0.00904111,-0.00915406,-0.00919755,-0.00918754,-0.00910853,-0.00896873,-0.00875612,-0.00848972,-0.00815488,-0.00775158,-0.00729413,-0.00679,-0.00624424
-0.0051144,-0.00569631,-0.00625924,-0.00679599,-0.00728711,-0.00772968,-0.00810736,-0.00842096,-0.00866478,-0.00883789,-0.00895378,-0.00899634,-0.00898309,-0.00889947,-0.00875566,-0.00853648,-0.0082605,-0.0079136,-0.00750643,-0.00704451,-0.00653698,-0.00599166
-0.00491312,-0.00548961,-0.00604938,-0.00658757,-0.00708307,-0.0075256,-0.00790857,-0.00823325,-0.00847817,-0.00865906,-0.00877488,-0.00881859,-0.0088042,-0.00871511,-0.00856769,-0.00834057,-0.00805465,-0.00770303,-0.00728653,-0.00682258,-0.00631352,-0.00576469
-0.00470467,-0.00527286,-0.00582754,-0.00636067,-0.00685458,-0.00729962,-0.00768632,-0.00801153,-0.00826346,-0.00844625,-0.00856452,-0.00860926,-0.00859142,-0.0084996,-0.00834478,-0.00811553,-0.00782526,-0.0074667,-0.00705029,-0.00658066,-0.00607243,-0.00552842
-0.00451872,-0.00507929,-0.00562939,-0.00616117,-0.00665309,-0.00710149,-0.0074919,-0.00781669,-0.00807439,-0.00825903,-0.00837934,-0.00842278,-0.00840321,-0.00830975,-0.00814989,-0.00791588,-0.00762143,-0.00725738,-0.00683906,-0.00636853,-0.0058617,-0.00531935
-0.0043345,-0.00488648,-0.00542934,-0.00595582,-0.0064464,-0.00689241,-0.00728196,-0.00761225,-0.00787027,-0.00805879,-0.00817919,-0.00822346,-0.00820123,-0.00810535,-0.00794246,-0.00770592,-0.00740708,-0.00704124,-0.00662111,-0.00615087,-0.0056469,-0.00510833
-0.00417755,-0.00472361,-0.0052607,-0.00578466,-0.00627212,-0.00671848,-0.00711085,-0.00744192,-0.00770421,-0.00789312,-0.00801606,-0.00805908,-0.00803677,-0.00793878,-0.00777232,-0.00753088,-0.00722952,-0.00685974,-0.00643953,-0.00596748,-0.00546555,-0.00492893
-0.00402295,-0.00456077,-0.00509289,-0.00560951,-0.00609708,-0.00654123,-0.00693171,-0.00726646,-0.00752986,-0.00772216,-0.00784587,-0.00788948,-0.00786274,-0.0077643,-0.00759508,-0.00735257,-0.00704486,-0.0066767,-0.00625317,-0.00578265,-0.0052833,-0.00475269
-0.003867,-0.00439347,-0.00491619,-0.00543024,-0.00591224,-0.00635285,-0.00674504,-0.00707636,-0.00734164,-0.00753513,-0.0076559,-0.00770102,-0.00767668,-0.00757501,-0.00740285,-0.00715864,-0.00685308,-0.00648212,-0.00606067,-0.00559117,-0.00509772,-0.00457078
-0.00372241,-0.00423937,-0.00475488,-0.00526077,-0.00573909,-0.00617854,-0.00656731,-0.00690045,-0.00716386,-0.00735968,-0.00748126,-0.00752615,-0.00749777,-0.00739706,-0.00722166,-0.00697844,-0.00667235,-0.00630118,-0.00588148,-0.005415,-0.0049243,-0.00440426
-0.00359344,-0.00410179,-0.00460977,-0.00511243,-0.00558579,-0.00602309,-0.00641353,-0.00674315,-0.00700875,-0.00720453,-0.00732543,-0.00736925,-0.00734204,-0.00723907,-0.00706405,-0.00681729,-0.00651208,-0.00613973,-0.00571995,-0.00525799,-0.00477014,-0.00425356
-0.00346152,-0.00396021,-0.00446053,-0.00495388,-0.0054242,-0.00585746,-0.00624273,-0.00657449,-0.00683833,-0.00703453,-0.00715622,-0.00720099,-0.00717052,-0.00706867,-0.0068903,-0.00664604,-0.00633827,-0.0059683,-0.00555185,-0.00509102,-0.00460853,-0.00410071
-0.00334295,-0.00383265,-0.00432546,-0.00481524,-0.00527872,-0.00570958,-0.00609686,-0.00642183,-0.00668927,-0.00688182,-0.00700397,-0.00704724,-0.00701859,-0.0069147,-0.00673724,-0.00648988,-0.00618312,-0.00581225,-0.00539941,-0.00494256,-0.00446545,-0.00396295
-0.00323039,-0.0037101,-0.00419637,-0.00467614,-0.00513769,-0.00556451,-0.0059447,-0.00627602,-0.00653778,-0.00673229,-0.00685469,-0.00690004,-0.00686641,-0.00676394,-0.00658427,-0.00634085,-0.0060306,-0.00566192,-0.00525207,-0.00479865,-0.00432503,-0.00383099
-0.00312057,-0.00359294,-0.00406987,-0.00454482,-0.00500022,-0.00542126,-0.00580187,-0.00612658,-0.00639207,-0.00658409,-0.00670461,-0.0067494,-0.00671938,-0.00661524,-0.00643504,-0.00618975,-0.00588229,-0.00551539,-0.00510723,-0.00465652,-0.00418985,-0.00370058
-0.00301314,-0.00347727,-0.00394661,-0.00441314,-0.00486368,-0.00528291,-0.00565785,-0.00598343,-0.00624214,-0.00643564,-0.00655773,-0.00660014,-0.00656983,-0.00646411,-0.0062865,-0.00604123,-0.00573502,-0.00537107,-0.00496553,-0.00452032,-0.00405934,-0.00357708
-0.00290312,-0.00335535,-0.00381555,-0.00427506,-0.00471805,-0.00513056,-0.00550209,-0.00582311,-0.00608255,-0.00627306,-0.00639298,-0.00643673,-0.0064053,-0.00630038,-0.00612335,-0.00587955,-0.00557504,-0.00521512,-0.0048123,-0.00437464,-0.00391748,-0.00344419
-0.00281494,-0.00325904,-0.00371186,-0.0041637,-0.00460379,-0.00501115,-0.00537902,-0.00569955,-0.00595713,-0.00614556,-0.00626645,-0.0063107,-0.00627693,-0.00617272,-0.00599545,-0.00575343,-0.00544784,-0.00509098,-0.00469188,-0.00425692,-0.00380423,-0.00333935
-0.00272022,-0.00315509,-0.00360011,-0.00404595,-0.00447753,-0.00488247,-0.00524729,-0.00556254,-0.00581834,-0.00600622,-0.00612463,-0.00616726,-0.00613611,-0.00602992,-0.00585653,-0.00561391,-0.00531289,-0.00495781,-0.00456044,-0.00413514,-0.00368613,-0.00322647
-0.00263119,-0.00305839,-0.00349538,-0.003932,-0.00435924,-0.00475739,-0.00511689,-0.00543065,-0.0056843,-0.00587117,-0.0059896,-0.00603237,-0.00599959,-0.00589621,-0.00571997,-0.00548064,-0.00518057,-0.00482916,-0.00443836,-0.0040132,-0.00357323,-0.00312187
-0.0025521,-0.00297012,-0.00340049,-0.00383266,-0.00425268,-0.00464593,-0.0050022,-0.00531177,-0.00556574,-0.00575081,-0.00586662,-0.00590959,-0.00587844,-0.00577454,-0.00559947,-0.00536028,-0.00506358,-0.00471548,-0.00432625,-0.00390648,-0.00347167,-0.00302624
-0.00246687,-0.00287732,-0.00329903,-0.00372159,-0.00413565,-0.00452447,-0.00487519,-0.00518273,-0.0054315,-0.00561543,-0.00573164,-0.00577372,-0.00574117,-0.00563848,-0.0054645,-0.00522802,-0.00493239,-0.00458881,-0.00420549,-0.00379134,-0.00336264,-0.00292566
-0.00238499,-0.00278593,-0.00319933,-0.00361496,-0.00402191,-0.00440492,-0.00475215,-0.00505395,-0.00530095,-0.00548213,-0.00559664,-0.00563825,-0.00560597,-0.00550387,-0.00533237,-0.00509716,-0.00480539,-0.0044654,-0.00408636,-0.00367963,-0.00325768,-0.00282767
-0.00230942,-0.00270227,-0.00310781,-0.00351635,-0.00391639,-0.00429402,-0.00463634,-0.00493485,-0.00517903,-0.00535869,-0.00547187,-0.00551258,-0.00548091,-0.00537912,-0.00520938,-0.00497593,-0.0046875,-0.00435089,-0.0039767,-0.00357561,-0.00315951,-0.00273734
-0.00223742,-0.00262198,-0.00301989,-0.0034213,-0.00381479,-0.00418717,-0.00452452,-0.00481902,-0.00506039,-0.00523823,-0.00535029,-0.00539047,-0.00535881,-0.00525812,-0.00508992,-0.00485859,-0.00457291,-0.00424043,-0.00387104,-0.0034757,-0.00306571,-0.00265116
-0.00216986,-0.00254671,-0.00293696,-0.00333163,-0.00371809,-0.00408567,-0.0044188,-0.0047102,-0.0049479,-0.00512383,-0.00523408,-0.00527352,-0.00524279,-0.00514117,-0.00497629,-0.00474693,-0.00446462,-0.00413606,-0.00377014,-0.00338211,-0.002977,-0.00256951
-0.0021018,-0.00247097,-0.00285309,-0.0032406,-0.00362106,-0.0039821,-0.00430983,-0.0045973,-0.00483272,-0.00500656,-0.00511524,-0.0051543,-0.00512338,-0.00502406,-0.00486009,-0.00463293,-0.00435332,-0.00402934,-0.00366939,-0.00328512,-0.00288835,-0.00248827
-0.00203556,-0.00239718,-0.00277226,-0.00315172,-0.00352523,-0.00388022,-0.0042043,-0.00448661,-0.00471853,-0.00488987,-0.00499854,-0.0050365,-0.00500647,-0.00490807,-0.00474467,-0.0045206,-0.00424442,-0.00392507,-0.00357033,-0.00319303,-0.00280185,-0.00240962
-0.00197267,-0.002326,-0.00269377,-0.00306576,-0.0034328,-0.00378169,-0.00410039,-0.00437882,-0.00460749,-0.00477694,-0.00488344,-0.00492132,-0.00489081,-0.00479383,-0.00463252,-0.00441111,-0.00413882,-0.00382373,-0.00347413,-0.00310274,-0.00271868,-0.00233342
-0.00191324,-0.00225891,-0.00261916,-0.00298423,-0.00334446,-0.00368807,-0.00400123,-0.00427669,-0.00450159,-0.00466885,-0.00477307,-0.00481104,-0.00478134,-0.00468378,-0.00452552,-0.00430654,-0.00403848,-0.00372755,-0.00338275,-0.00301703,-0.00263939,-0.0022621
-0.00185644,-0.00219521,-0.00254787,-0.00290554,-0.00326143,-0.00359849,-0.00390704,-0.00417732,-0.00440005,-0.00456432,-0.0046667,-0.00470562,-0.00467395,-0.00457949,-0.00442264,-0.00420645,-0.00394189,-0.00363523,-0.00329505,-0.00293486,-0.00256526,-0.00219396
-0.00179647,-0.00212697,-0.00247205,-0.00282262,-0.00317035,-0.00350147,-0.00380402,-0.00407,-0.00428881,-0.00445102,-0.00455234,-0.00458913,-0.00455882,-0.00446581,-0.00431103,-0.0040979,-0.00383672,-0.00353496,-0.00320134,-0.00284826,-0.00248413,-0.00212182
-0.0017417,-0.00206464,-0.00240271,-0.00274632,-0.00308716,-0.0034123,-0.00371009,-0.00397141,-0.00418655,-0.00434662,-0.00444633,-0.00448248,-0.00445314,-0.00436082,-0.00420808,-0.00399793,-0.00374079,-0.00344366,-0.00311535,-0.00276826,-0.00241097,-0.00205612
-0.00168938,-0.00200505,-0.00233638,-0.00267235,-0.00300739,-0.00332567,-0.00361886,-0.00387615,-0.00408803,-0.00424579,-0.00434315,-0.00437923,-0.00434999,-0.00425899,-0.00410827,-0.0039013,-0.00364782,-0.00335517,-0.00303264,-0.00269118,-0.00234066,-0.00199269
-0.00163702,-0.00194555,-0.00226943,-0.00259892,-0.00292679,-0.00323966,-0.00352702,-0.00377983,-0.00398781,-0.00414334,-0.00423956,-0.00427468,-0.00424546,-0.00415605,-0.00400746,-0.00380365,-0.00355433,-0.00326637,-0.00294904,-0.00261419,-0.00227041,-0.00193008
-0.00158997,-0.00189178,-0.00220951,-0.002533,-0.00285456,-0.00316203,-0.00344455,-0.0036931,-0.00389773,-0.00405128,-0.00414682,-0.00418051,-0.00415149,-0.00406521,-0.00391719,-0.00371658,-0.00346971,-0.00318647,-0.00287366,-0.00254543,-0.00220733,-0.0018733
-0.00153915,-0.00183372,-0.00214344,-0.00245915,-0.00277428,-0.00307516,-0.00335247,-0.00359609,-0.00379701,-0.00394713,-0.0040406,-0.00407407,-0.00404637,-0.00395925,-0.00381532,-0.00361756,-0.00337604,-0.00309785,-0.00279105,-0.00246874,-0.00213814,-0.00181234
-0.00149362,-0.00178176,-0.00208547,-0.00239464,-0.00270309,-0.00299786,-0.00327068,-0.00351026,-0.00370738,-0.00385536,-0.00394746,-0.00397999,-0.00395277,-0.00386677,-0.0037249,-0.00353056,-0.00329253,-0.00301904,-0.00271719,-0.0024009,-0.00207663,-0.00175706
-0.00144774,-0.00172905,-0.00202505,-0.0023273,-0.00263018,-0.00291886,-0.00318628,-0.00342138,-0.00361491,-0.0037602,-0.00385056,-0.00388254,-0.00385535,-0.00377154,-0.0036316,-0.00344044,-0.00320676,-0.00293811,-0.00264156,-0.00233151,-0.00201421,-0.00170189
-0.00140418,-0.00167843,-0.00196792,-0.00226364,-0.00256027,-0.00284385,-0.00310595,-0.0033357,-0.00352634,-0.00366892,-0.00375709,-0.00378928,-0.00376306,-0.00368002,-0.00354195,-0.00335444,-0.0031244,-0.00286049,-0.00257034,-0.00226554,-0.00195505,-0.00165041
-0.00136302,-0.00163109,-0.00191484,-0.00220445,-0.00249465,-0.00277239,-0.00302983,-0.00325587,-0.00344254,-0.0035833,-0.00366994,-0.00370131,-0.00367544,-0.00359319,-0.00345773,-0.00327306,-0.00304711,-0.00278759,-0.00250232,-0.0022033,-0.00189897,-0.00160055
-0.00132119,-0.00158287,-0.00185963,-0.00214243,-0.0024269,-0.00269923,-0.00295118,-0.00317201,-0.0033561,-0.00349335,-0.00357839,-0.00360936,-0.00358388,-0.0035037,-0.00337001,-0.00318881,-0.00296671,-0.00271217,-0.00243278,-0.00213989,-0.00184195,-0.00155063
-0.00128234,-0.00153739,-0.00180838,-0.00208502,-0.00236345,-0.00262984,-0.00287747,-0.00309424,-0.00327426,-0.00340911,-0.0034931,-0.00352301,-0.00349842,-0.0034193,-0.00328821,-0.00311023,-0.00289155,-0.00264193,-0.00236684,-0.00208035,-0.00178811,-0.00150351
-0.00124524,-0.00149463,-0.00175984,-0.00202948,-0.00230288,-0.00256282,-0.00280606,-0.00301924,-0.00319596,-0.0033287,-0.00341045,-0.00344034,-0.00341576,-0.00333709,-0.00320873,-0.00303367,-0.0028196,-0.00257402,-0.00230478,-0.00202289,-0.00173725,-0.00145851
-0.00120563,-0.00144915,-0.0017076,-0.00197174,-0.00223832,-0.00249343,-0.0027309,-0.00293948,-0.00311235,-0.00324244,-0.00332311,-0.00335198,-0.00332758,-0.00325168,-0.00312454,-0.00295307,-0.00274274,-0.0025024,-0.00223793,-0.00196286,-0.00168346,-0.0014111
-0.0011687,-0.00140615,-0.0016586,-0.00191657,-0.00217712,-0.00242663,-0.00265898,-0.00286337,-0.00303293,-0.00316035,-0.00323943,-0.00326767,-0.00324367,-0.00316909,-0.00304447,-0.00287622,-0.0026698,-0.00243421,-0.00217518,-0.00190597,-0.00163257,-0.0013668
-0.00113575,-0.00136776,-0.00161496,-0.00186724,-0.00212257,-0.00236689,-0.00259517,-0.00279562,-0.00296208,-0.00308729,-0.00316471,-0.00319281,-0.00316918,-0.00309585,-0.00297321,-0.00280749,-0.00260473,-0.00237322,-0.00211929,-0.00185526,-0.00158753,-0.00132725
-0.00110104,-0.00132745,-0.00156868,-0.00181568,-0.00206484,-0.00230422,-0.00252715,-0.00272336,-0.0028864,-0.00300905,-0.0030856,-0.00311222,-0.00308903,-0.00301773,-0.00289673,-0.0027347,-0.00253543,-0.00230887,-0.0020595,-0.00180183,-0.00153971,-0.00128562
-0.00106756,-0.00128834,-0.00152378,-0.00176458,-0.00200839,-0.00224217,-0.00246056,-0.00265264,-0.00281209,-0.00293237,-0.00300685,-0.00303351,-0.00301074,-0.00294012,-0.00282179,-0.00266302,-0.00246791,-0.0022458,-0.00200187,-0.00174893,-0.00149311,-0.00124541
-0.00103526,-0.00125051,-0.00148041,-0.00171538,-0.00195371,-0.0021823,-0.0023959,-0.00258399,-0.00274025,-0.00285795,-0.00293091,-0.00295699,-0.00293458,-0.00286536,-0.00274938,-0.00259355,-0.00240229,-0.00218473,-0.00194573,-0.00169844,-0.00144839,-0.0012066
-0.00100574,-0.00121599,-0.0014408,-0.00167057,-0.00190383,-0.00212773,-0.00233688,-0.00252131,-0.00267441,-0.00278983,-0.00286153,-0.00288703,-0.00286507,-0.00279704,-0.002683,-0.00252999,-0.00234238,-0.00212898,-0.00189456,-0.00165234,-0.00140756,-0.00117117
-0.000977452,-0.00118274,-0.00140232,-0.00162704,-0.00185564,-0.00207452,-0.0022794,-0.0024606,-0.00261074,-0.00272407,-0.00279415,-0.002819,-0.00279709,-0.0027307,-0.00261878,-0.00246857,-0.00228435,-0.00207492,-0.00184464,-0.00160755,-0.00136798,-0.00113701
-0.000946538,-0.00114663,-0.00136091,-0.00158013,-0.00180281,-0.00201682,-0.0022172,-0.00239374,-0.00254053,-0.00265148,-0.00272005,-0.00274453,-0.00272323,-0.0026579,-0.00254805,-0.00240121,-0.00222072,-0.00201601,-0.00179118,-0.00155914,-0.00132549,-0.00110015
-0.000917916,-0.00111299,-0.00132196,-0.0015359,-0.00175345,-0.00196259,-0.00215843,-0.00233119,-0.00247493,-0.00258331,-0.00265051,-0.00267446,-0.00265364,-0.00258948,-0.0024819,-0.00233787,-0.00216117,-0.00196063,-0.00174072,-0.00151395,-0.00128575,-0.00106592
-0.000891255,-0.00108157,-0.00128593,-0.0014948,-0.00170756,-0.0019119,-0.00210384,-0.00227303,-0.00241374,-0.00252002,-0.00258555,-0.00260938,-0.002589,-0.00252612,-0.00242043,-0.00227895,-0.0021057,-0.0019091,-0.00169392,-0.00147197,-0.00124901,-0.00103414
-0.000864859,-0.00105056,-0.00124974,-0.00145392,-0.00166164,-0.00186171,-0.0020491,-0.00221465,-0.00235246,-0.00245635,-0.00252078,-0.00254375,-0.00252369,-0.00246195,-0.00235848,-0.00221999,-0.0020503,-0.0018578,-0.00164695,-0.0014299,-0.00121199,-0.00100239
-0.000840371,-0.00102183,-0.00121653,-0.00141606,-0.00161904,-0.0018151,-0.0019984,-0.00216036,-0.00229562,-0.00239723,-0.00246047,-0.00248268,-0.00246327,-0.00240277,-0.00230102,-0.00216521,-0.00199867,-0.00181015,-0.00160354,-0.00139116,-0.00117799,-0.00097295
-0.000815815,-0.00099263,-0.00118265,-0.00137763,-0.00157606,-0.00176728,-0.00194668,-0.00210559,-0.00223736,-0.00233706,-0.00239897,-0.00242099,-0.0024017,-0.00234223,-0.00224271,-0.00210973,-0.00194654,-0.00176189,-0.0015596,-0.0013518,-0.00114364,-0.000943722
-0.000791452,-0.000963737,-0.00114904,-0.00133931,-0.00153314,-0.0017201,-0.00189536,-0.00205056,-0.00217981,-0.00227717,-0.00233771,-0.00235921,-0.00234023,-0.00228203,-0.00218445,-0.00205413,-0.00189436,-0.00171349,-0.00151583,-0.00131281,-0.00110953,-0.000914626
-0.000769627,-0.000937805,-0.00111867,-0.00130496,-0.0014945,-0.00167749,-0.00184916,-0.00200102,-0.00212771,-0.00222311,-0.0022824,-0.00230361,-0.00228488,-0.00222764,-0.00213183,-0.00200407,-0.00184736,-0.00166996,-0.00147656,-0.00127766,-0.00107887,-0.000888547
-0.000745954,-0.000910035,-0.00108638,-0.00126813,-0.00145288,-0.00163167,-0.00179915,-0.00194773,-0.00207158,-0.00216481,-0.00222289,-0.00224331,-0.00222517,-0.00216904,-0.00207548,-0.00195011,-0.00179702,-0.00162344,-0.00143427,-0.00124006,-0.00104618,-0.000860289
-0.000724213,-0.000884307,-0.00105631,-0.00123391,-0.00141422,-0.00158914,-0.00175277,-0.0018979,-0.00201935,-0.00211043,-0.00216728,-0.00218724,-0.00216933,-0.00211432,-0.0020227,-0.00189985,-0.00175009,-0.00158004,-0.00139519,-0.00120515,-0.00101571,-0.000834306
-0.000703823,-0.000860145,-0.00102834,-0.00120165,-0.00137809,-0.00154912,-0.00170931,-0.00185165,-0.00197005,-0.00205945,-0.00211488,-0.0021348,-0.00211703,-0.00206331,-0.00197326,-0.00185289,-0.00170594,-0.00153957,-0.00135824,-0.00117239,-0.000987309,-0.00081014
-0.000682938,-0.000835215,-0.000999038,-0.00116857,-0.00134051,-0.00150744,-0.00166407,-0.00180294,-0.00191874,-0.00200633,-0.00206069,-0.00207981,-0.00206252,-0.00200959,-0.00192148,-0.00180385,-0.00165998,-0.00149694,-0.00132021,-0.00113848,-0.000957867,-0.000785026
-0.000662569,-0.000811011,-0.000970819,-0.00113609,-0.00130409,-0.00146712,-0.00162017,-0.00175598,-0.00186919,-0.00195468,-0.0020079,-0.00202662,-0.00200969,-0.00195791,-0.00187175,-0.00175637,-0.0016157,-0.00145622,-0.00128319,-0.0011056,-0.000929411,-0.000760984
-0.000643412,-0.000788091,-0.000944019,-0.00110545,-0.00126932,-0.00142878,-0.00157821,-0.00171107,-0.00182184,-0.00190542,-0.00195746,-0.00197578,-0.00195917,-0.0019084,-0.00182407,-0.00171103,-0.0015733,-0.00141723,-0.00124806,-0.00107452,-0.000902499,-0.0007381
-0.000625571,-0.000766893,-0.000919156,-0.00107696,-0.00123716,-0.00139309,-0.00153933,-0.00166921,-0.00177774,-0.00185952,-0.00191055,-0.00192843,-0.00191191,-0.00186222,-0.00177942,-0.00166885,-0.00153372,-0.00138083,-0.00121548,-0.00104578,-0.000877429,-0.000716888
-0.000606796,-0.000744481,-0.000892902,-0.00104683,-0.00120313,-0.00135541,-0.00149819,-0.00162522,-0.00173113,-0.00181112,-0.00186093,-0.00187841,-0.00186236,-0.00181359,-0.00173268,-0.00162434,-0.0014923,-0.00134271,-0.00118095,-0.0010152,-0.000851158,-0.000694662
-0.000589259,-0.000723574,-0.000868316,-0.00101863,-0.00117124,-0.00132002,-0.00145956,-0.00158377,-0.00168732,-0.00176545,-0.00181427,-0.00183133,-0.00181559,-0.00176777,-0.00168856,-0.00158244,-0.00145323,-0.00130684,-0.00114876,-0.000986744,-0.000826579,-0.000673854
-0.000572532,-0.000703523,-0.000844825,-0.000991633,-0.00114069,-0.0012861,-0.0014225,-0.00154398,-0.0016453,-0.0017218,-0.00176949,-0.00178622,-0.00177069,-0.00172378,-0.00164619,-0.0015423,-0.00141574,-0.00127247,-0.00111781,-0.000959466,-0.000803067,-0.000654018
-0.000555918,-0.000683687,-0.000821464,-0.000964821,-0.00111033,-0.0012524,-0.00138563,-0.0015044,-0.00160342,-0.00167816,-0.00172482,-0.00174112,-0.00172596,-0.00167998,-0.00160408,-0.00150231,-0.00137849,-0.00123828,-0.00108716,-0.00093243,-0.00077974,-0.000634356
-0.000540304,-0.000665037,-0.00079952,-0.000939591,-0.00108171,-0.00122065,-0.00135098,-0.00146702,-0.00156384,-0.00163708,-0.00168275,-0.00169866,-0.00168375,-0.00163867,-0.00156426,-0.00146465,-0.00134337,-0.00120615,-0.0010583,-0.000906933,-0.000757819,-0.00061592
-0.000524853,-0.000646445,-0.000777624,-0.000914345,-0.00105317,-0.00118891,-0.00131617,-0.00142975,-0.00152444,-0.00159589,-0.00164058,-0.00165621,-0.00164155,-0.00159729,-0.00152461,-0.00142688,-0.00130828,-0.00117392,-0.0010295,-0.000881679,-0.000736059,-0.000597627
-0.000509946,-0.000628581,-0.000756622,-0.000890184,-0.00102576,-0.00115831,-0.00128276,-0.00139383,-0.00148641,-0.00155631,-0.00160005,-0.00161516,-0.00160087,-0.0015575,-0.00148627,-0.00139068,-0.00127451,-0.00114304,-0.00100178,-0.000857266,-0.000715121,-0.000580013
-0.00049577,-0.000611444,-0.000736513,-0.000867009,-0.000999466,-0.00112903,-0.00125058,-0.00135925,-0.00144985,-0.00151822,-0.00156093,-0.00157586,-0.00156176,-0.00151928,-0.00144936,-0.00135589,-0.00124207,-0.00111331,-0.000975273,-0.000834017,-0.000695067,-0.000563239
-0.000481609,-0.000594565,-0.000716576,-0.000843845,-0.000973221,-0.00109987,-0.0012188,-0.00132492,-0.0014134,-0.00148035,-0.00152218,-0.0015366,-0.00152282,-0.0014812,-0.00141287,-0.00132115,-0.00120986,-0.00108392,-0.000948842,-0.00081079,-0.000675288,-0.000546586
-0.000468034,-0.000578247,-0.000697303,-0.000821728,-0.000948081,-0.00107183,-0.00118782,-0.00129181,-0.00137851,-0.00144373,-0.00148472,-0.00149876,-0.00148537,-0.00144443,-0.00137764,-0.00128773,-0.00117879,-0.00105554,-0.000923498,-0.000788699,-0.000656276,-0.000530636
-0.000454497,-0.000561945,-0.000678098,-0.000799484,-0.000922834,-0.0010437,-0.00115712,-0.00125857,-0.00134321,-0.00140716,-0.00144705,-0.00146092,-0.00144764,-0.00140759,-0.00134215,-0.00125425,-0.00114767,-0.00102713,-0.000898051,-0.000766276,-0.000637165,-0.000514739
-0.00044147,-0.000546259,-0.000659586,-0.000778092,-0.000898482,-0.0010165,-0.00112732,-0.00122646,-0.00130922,-0.00137162,-0.00141075,-0.00142421,-0.00141119,-0.00137198,-0.00130791,-0.0012219,-0.0011176,-0.000999746,-0.000873681,-0.000744988,-0.000618874,-0.000499381
-0.000429293,-0.000531652,-0.000642288,-0.000758068,-0.000875693,-0.000991174,-0.00109959,-0.00119651,-0.00127733,-0.00133846,-0.00137674,-0.00138989,-0.0013771,-0.00133865,-0.00127594,-0.00119164,-0.00108958,-0.000974127,-0.000850819,-0.000724912,-0.000601793,-0.000485154
-0.000417247,-0.000517056,-0.000625097,-0.00073819,-0.000853124,-0.000965775,-0.00107167,-0.00116653,-0.00124566,-0.00130539,-0.00134281,-0.00135567,-0.0013431,-0.00130538,-0.0012439,-0.00116149,-0.00106151,-0.000948701,-0.000828049,-0.000705207,-0.000584834,-0.000470964
-0.000405427,-0.000502842,-0.000608266,-0.00071858,-0.000830853,-0.00094095,-0.00104446,-0.00113709,-0.0012144,-0.00127279,-0.00130945,-0.00132193,-0.00130956,-0.00127265,-0.00121261,-0.0011318,-0.00103401,-0.000923562,-0.000805805,-0.000685599,-0.00056822,-0.000457154
-0.000394061,-0.000489006,-0.000591951,-0.000699689,-0.000809327,-0.000916875,-0.00101793,-0.00110854,-0.00118417,-0.00124121,-0.00127697,-0.00128922,-0.00127711,-0.00124094,-0.00118206,-0.00110304,-0.00100731,-0.000899307,-0.000784149,-0.000666838,-0.000552129,-0.000443836
-0.000383064,-0.000475796,-0.000576312,-0.000681533,-0.000788547,-0.000893746,-0.000992529,-0.00108112,-0.00115501,-0.00121092,-0.00124581,-0.00125783,-0.00124595,-0.00121044,-0.00115281,-0.00107537,-0.000981711,-0.000876025,-0.000763422,-0.000648678,-0.000536727,-0.000431008
-0.000372352,-0.000462813,-0.000560897,-0.000663633,-0.000768231,-0.00087093,-0.000967438,-0.00105404,-0.00112634,-0.00118086,-0.0012151,-0.00122674,-0.00121508,-0.00118032,-0.00112392,-0.00104808,-0.000956437,-0.000853046,-0.000743022,-0.000630966,-0.000521643,-0.000418467
-0.000362002,-0.000450312,-0.000546084,-0.000646367,-0.000748558,-0.0008489,-0.000943295,-0.00102792,-0.00109861,-0.00115194,-0.00118534,-0.00119675,-0.0011853,-0.00115129,-0.00109603,-0.00102178,-0.00093204,-0.000830878,-0.000723289,-0.00061381,-0.000507086,-0.000406388
-0.000352025,-0.000438223,-0.000531754,-0.000629772,-0.00072959,-0.000827657,-0.000919946,-0.00100274,-0.00107177,-0.00112399,-0.00115658,-0.00116777,-0.0011565,-0.00112318,-0.00106907,-0.000996346,-0.000908525,-0.000809578,-0.000704264,-0.00059736,-0.000493025,-0.000394748
-0.00034227,-0.000426409,-0.000517722,-0.000613396,-0.000710957,-0.000806741,-0.000896947,-0.000977858,-0.0010454,-0.00109641,-0.00112839,-0.00113921,-0.00112817,-0.00109551,-0.00104253,-0.000971342,-0.000885398,-0.00078855,-0.000685709,-0.000581169,-0.000479317,-0.000383419
-0.000332676,-0.000414761,-0.00050389,-0.000597349,-0.00069259,-0.000786168,-0.000874273,-0.000953355,-0.0010194,-0.00106927,-0.00110049,-0.00111105,-0.00110026,-0.00106822,-0.00101634,-0.000946676,-0.000862575,-0.000767956,-0.000667359,-0.00056527,-0.000465813,-0.000372276
-0.000323551,-0.000403663,-0.000490692,-0.000581986,-0.00067501,-0.000766469,-0.000852629,-0.000929894,-0.000994529,-0.00104328,-0.00107381,-0.00108414,-0.00107352,-0.00104215,-0.000991282,-0.000923105,-0.000840754,-0.000748198,-0.000649856,-0.000550078,-0.000452936,-0.000361662
-0.000314682,-0.000392944,-0.000477925,-0.00056714,-0.000658066,-0.000747413,-0.00083163,-0.000907236,-0.000970387,-0.00101803,-0.00104799,-0.00105801,-0.00104759,-0.00101683,-0.000967049,-0.000900238,-0.0008197,-0.000729079,-0.000632926,-0.000535407,-0.000440516,-0.000351443
-0.000305968,-0.000382325,-0.000465326,-0.00055237,-0.00064118,-0.00072855,-0.000810823,-0.000884713,-0.000946442,-0.000993127,-0.00102225,-0.00103211,-0.00102187,-0.00099174,-0.00094299,-0.00087757,-0.000798764,-0.000710145,-0.000616102,-0.000520902,-0.000428242,-0.000341323
-0.000297638,-0.00037219,-0.000453225,-0.000538365,-0.000625106,-0.000710446,-0.000790848,-0.000863148,-0.00092353,-0.000969114,-0.000997643,-0.00100723,-0.000997194,-0.000967667,-0.000919923,-0.000855918,-0.000778718,-0.000692041,-0.000600105,-0.000507008,-0.000416485,-0.000331638
-0.000289624,-0.00036246,-0.000441596,-0.000524642,-0.000609472,-0.000692934,-0.000771639,-0.000842289,-0.000901297,-0.000945948,-0.000973902,-0.000983173,-0.000973275,-0.000944413,-0.000897675,-0.000834893,-0.000759391,-0.000674442,-0.000584589,-0.000493583,-0.000405179,-0.000322378
-0.000281625,-0.000352753,-0.000430048,-0.000511295,-0.000594145,-0.000675646,-0.000752488,-0.000821599,-0.000879369,-0.000922956,-0.000950235,-0.000959396,-0.000949729,-0.000921313,-0.000875504,-0.000814168,-0.000740178,-0.000657257,-0.000569308,-0.000480409,-0.000394049,-0.000313241
-0.000273892,-0.000343273,-0.000418752,-0.000498049,-0.000579006,-0.000658661,-0.000733767,-0.000801298,-0.000857762,-0.000900396,-0.000927045,-0.000935949,-0.000926431,-0.00089865,-0.00085383,-0.000793732,-0.000721354,-0.000640209,-0.000554291,-0.000467409,-0.000383102,-0.000304286
-0.000266556,-0.000334321,-0.000408093,-0.000485579,-0.000564701,-0.000642556,-0.000716047,-0.000782097,-0.000837318,-0.000879015,-0.000905085,-0.000913779,-0.00090444,-0.000877203,-0.000833296,-0.000774426,-0.000703547,-0.000624114,-0.000540117,-0.000455171,-0.000372799,-0.000295829
-0.000259264,-0.000325463,-0.000397491,-0.000473198,-0.0005505,-0.000626626,-0.000698418,-0.000762987,-0.000817,-0.000857792,-0.000883273,-0.000891743,-0.00088257,-0.000855901,-0.000812844,-0.000755229,-0.000685899,-0.00060817,-0.000526014,-0.000443024,-0.000362562,-0.000287493
-0.000252413,-0.000317062,-0.00038743,-0.000461477,-0.000537017,-0.000611485,-0.000681674,-0.000744926,-0.000797706,-0.000837631,-0.000862551,-0.000870839,-0.000861826,-0.000835646,-0.000793459,-0.000736989,-0.000669142,-0.000593064,-0.000512682,-0.000431529,-0.000352867,-0.000279555
-0.000245616,-0.000308815,-0.000377544,-0.000449844,-0.000523727,-0.000596476,-0.000665159,-0.00072695,-0.000778603,-0.000817649,-0.000842089,-0.000850088,-0.000841268,-0.000815617,-0.00077429,-0.000719007,-0.000652575,-0.000578075,-0.000499514,-0.000420178,-0.000343377,-0.000271808
-0.00023897,-0.000300617,-0.000367749,-0.000438399,-0.000510565,-0.000581656,-0.000648858,-0.000709195,-0.000759722,-0.000797905,-0.000821728,-0.000829589,-0.000820903,-0.000795793,-0.000755298,-0.000701197,-0.000636094,-0.000563355,-0.000486512,-0.000408999,-0.000333986,-0.000264158
-0.000232494,-0.000292714,-0.0003583,-0.000427317,-0.000497854,-0.000567361,-0.000632966,-0.000692006,-0.000741441,-0.000778771,-0.000802064,-0.000809724,-0.00080119,-0.000776592,-0.000736948,-0.000683965,-0.000620265,-0.000549088,-0.000473957,-0.000398195,-0.000324899,-0.000256755
-0.000226367,-0.000285184,-0.000349302,-0.000416784,-0.000485753,-0.000553713,-0.000617883,-0.000675619,-0.000724028,-0.000760527,-0.000783302,-0.000790783,-0.000782397,-0.000758251,-0.000719471,-0.000667532,-0.00060511,-0.000535494,-0.000461988,-0.000387893,-0.000316257,-0.000249745
-0.000220352,-0.000277832,-0.000340501,-0.000406457,-0.000473897,-0.000540325,-0.000603118,-0.000659626,-0.000706891,-0.000742637,-0.000764899,-0.000772238,-0.000763987,-0.000740328,-0.000702267,-0.000651419,-0.000590339,-0.000522176,-0.000450264,-0.000377829,-0.000307841,-0.000242885
-0.000214504,-0.000270682,-0.000331845,-0.000396429,-0.000462331,-0.000527296,-0.00058863,-0.000643968,-0.000690207,-0.000725155,-0.000746941,-0.000754071,-0.000745982,-0.000722779,-0.000685466,-0.00063571,-0.000575907,-0.00050917,-0.000438872,-0.000368046,-0.000299627,-0.000236203
-0.000208758,-0.000263627,-0.000323452,-0.000386454,-0.000450899,-0.000514438,-0.000574427,-0.000628489,-0.000673735,-0.000707904,-0.000729282,-0.000736178,-0.000728227,-0.000705491,-0.000668984,-0.000620199,-0.000561682,-0.00049636,-0.000427635,-0.000358413,-0.000291537,-0.000229707
-0.000203155,-0.000256789,-0.000315197,-0.000376769,-0.000439753,-0.000501863,-0.000560523,-0.000613366,-0.000657651,-0.000691077,-0.000711926,-0.000718659,-0.00071087,-0.000688612,-0.000652795,-0.000605048,-0.000547769,-0.000483878,-0.000416659,-0.000349009,-0.000283746,-0.000223337
-0.000197862,-0.000250238,-0.000307347,-0.000367563,-0.000429147,-0.000489885,-0.000547276,-0.000598958,-0.000642307,-0.000674979,-0.000695416,-0.000701985,-0.000694314,-0.000672462,-0.000637436,-0.000590623,-0.000534477,-0.000471989,-0.000406237,-0.00034007,-0.000276256,-0.000217286
-0.000192705,-0.000243906,-0.000299714,-0.000358625,-0.00041887,-0.000478281,-0.000534386,-0.000584987,-0.000627398,-0.000659406,-0.000679327,-0.000685749,-0.000678274,-0.000656765,-0.000622422,-0.00057661,-0.000521644,-0.000460482,-0.000396076,-0.000331411,-0.000269018,-0.00021143
-0.000187493,-0.000237483,-0.000292,-0.000349553,-0.000408387,-0.000466451,-0.000521315,-0.000570777,-0.000612234,-0.000643516,-0.000663001,-0.000669272,-0.000661898,-0.000640875,-0.00060723,-0.000562356,-0.00050858,-0.000448751,-0.000385838,-0.000322626,-0.000261697,-0.000205528
-0.000182678,-0.000231575,-0.000284867,-0.000341194,-0.00039875,-0.000455531,-0.000509246,-0.000557682,-0.000598203,-0.000628879,-0.000647878,-0.000654017,-0.000646785,-0.00062617,-0.00059317,-0.000549213,-0.00049653,-0.000437968,-0.000376325,-0.000314521,-0.000254979,-0.000200047
-0.000177894,-0.00022568,-0.000277774,-0.000332778,-0.000389115,-0.000444664,-0.000497186,-0.000544548,-0.000584214,-0.000614186,-0.000632863,-0.000638796,-0.00063165,-0.000611482,-0.000579154,-0.000536057,-0.000484514,-0.000427143,-0.000366919,-0.000306451,-0.000248248,-0.00019465
-0.000173416,-0.000220181,-0.000271119,-0.000324983,-0.000380102,-0.000434445,-0.000485923,-0.000532267,-0.00057111,-0.000600515,-0.000618779,-0.000624536,-0.000617589,-0.000597685,-0.000566019,-0.00052381,-0.000473214,-0.000417069,-0.000358087,-0.000298916,-0.000242024,-0.000189598
-0.000168703,-0.000214334,-0.000264139,-0.000316741,-0.000370592,-0.000423768,-0.000474017,-0.000519354,-0.000557319,-0.000586039,-0.000603849,-0.000609513,-0.000602652,-0.000583203,-0.000552169,-0.00051078,-0.000461357,-0.000406464,-0.000348787,-0.000290986,-0.000235368,-0.000184288
-0.000164333,-0.000208974,-0.000257697,-0.000309144,-0.000361806,-0.000413805,-0.000463029,-0.000507338,-0.000544521,-0.000572651,-0.000590055,-0.00059562,-0.000588828,-0.000569761,-0.000539333,-0.000498835,-0.000450357,-0.000396639,-0.000340191,-0.00028365,-0.000229289,-0.00017937
-0.000160049,-0.000203674,-0.000251302,-0.000301597,-0.000353098,-0.000403958,-0.000452083,-0.000495477,-0.000531851,-0.000559326,-0.000576371,-0.000581781,-0.000575115,-0.000556463,-0.000526629,-0.000486909,-0.000439469,-0.000386886,-0.000331703,-0.000276384,-0.000223269,-0.000174556
-0.000155951,-0.000198599,-0.000245133,-0.000294392,-0.000344784,-0.000394495,-0.000441644,-0.000484112,-0.000519685,-0.0005466,-0.000563291,-0.000568543,-0.000562021,-0.000543643,-0.000514414,-0.000475527,-0.000429085,-0.000377579,-0.000323554,-0.000269458,-0.000217559,-0.000169953
-0.00015184,-0.000193536,-0.000239031,-0.000287129,-0.000336405,-0.000385052,-0.00043111,-0.000472655,-0.000507457,-0.000533741,-0.000550133,-0.000555216,-0.000548769,-0.000530825,-0.000502197,-0.000464103,-0.000418643,-0.000368222,-0.000315411,-0.000262505,-0.00021178,-0.000165335
-0.000148025,-0.00018882,-0.000233283,-0.000280402,-0.000328632,-0.000376218,-0.000421314,-0.000462002,-0.000496088,-0.000521857,-0.000537814,-0.000542802,-0.000536518,-0.000518872,-0.000490751,-0.000453448,-0.000408901,-0.000359542,-0.000307771,-0.000256033,-0.000206485,-0.000161034
-0.000144093,-0.000183943,-0.000227434,-0.000273473,-0.000320615,-0.000367169,-0.00041125,-0.000451026,-0.000484378,-0.000509554,-0.000525178,-0.000530058,-0.000523845,-0.000506571,-0.000479032,-0.000442494,-0.000398864,-0.000350603,-0.000300007,-0.000249413,-0.000200958,-0.000156637
-0.000140505,-0.000179539,-0.000222058,-0.000267168,-0.00031332,-0.000358903,-0.000402074,-0.000441042,-0.000473691,-0.000498372,-0.000513679,-0.000518423,-0.000512346,-0.000495318,-0.000468344,-0.000432503,-0.000389741,-0.000342439,-0.000292901,-0.000243377,-0.000195967,-0.000152638
-0.000136901,-0.000175066,-0.000216656,-0.000260747,-0.00030593,-0.000350541,-0.000392763,-0.0004309,-0.000462858,-0.000486991,-0.000501959,-0.000506599,-0.000500626,-0.000483962,-0.000457495,-0.000422401,-0.000380513,-0.000334176,-0.000285718,-0.000237266,-0.000190911,-0.000148603
-0.000133356,-0.000170642,-0.000211338,-0.00025448,-0.000298628,-0.000342271,-0.000383585,-0.000420857,-0.00045218,-0.0004758,-0.000490404,-0.000494955,-0.00048908,-0.000472734,-0.000446786,-0.000412388,-0.000371379,-0.000326048,-0.000278624,-0.000231259,-0.000185932,-0.000144621
-0.000130041,-0.000166504,-0.000206361,-0.000248563,-0.000291796,-0.00033451,-0.000374979,-0.00041151,-0.000442153,-0.000465277,-0.000479599,-0.000484022,-0.000478222,-0.000462194,-0.000436728,-0.000403028,-0.000362845,-0.000318457,-0.000271997,-0.000225607,-0.000181332,-0.000140922
-0.000126644,-0.000162341,-0.000201266,-0.000242568,-0.000284855,-0.000326638,-0.000366238,-0.000402009,-0.000431952,-0.000454606,-0.00046859,-0.000472899,-0.000467229,-0.000451471,-0.000426536,-0.000393486,-0.000354187,-0.000310692,-0.00026526,-0.00021991,-0.000176632,-0.000137186
-0.00012344,-0.00015831,-0.000196431,-0.000236843,-0.000278196,-0.00031909,-0.000357845,-0.000392815,-0.000422174,-0.000444316,-0.000458006,-0.00046223,-0.000456616,-0.000441216,-0.000416764,-0.000384366,-0.000345831,-0.000303282,-0.000258821,-0.000214448,-0.000172092,-0.00013358
-0.000120378,-0.000154509,-0.000191812,-0.000231365,-0.000271886,-0.000311918,-0.000349867,-0.000384145,-0.000412878,-0.000434562,-0.000447956,-0.000452076,-0.000446553,-0.000431439,-0.000407458,-0.000375665,-0.000337915,-0.000296242,-0.000252704,-0.000209243,-0.000167845,-0.00013018
-0.000117302,-0.000150686,-0.000187176,-0.000225867,-0.000265499,-0.000304695,-0.000341827,-0.00037535,-0.000403505,-0.000424744,-0.00043785,-0.00044183,-0.000436422,-0.000421601,-0.00039805,-0.000366946,-0.000329966,-0.000289153,-0.000246565,-0.000204057,-0.000163579,-0.000126789
-0.000114371,-0.000147054,-0.000182734,-0.000220628,-0.000259431,-0.000297814,-0.000334145,-0.000366999,-0.000394542,-0.000415353,-0.0004282,-0.000432064,-0.000426791,-0.000412165,-0.000389103,-0.000358635,-0.000322375,-0.00028241,-0.000240666,-0.000199092,-0.000159486,-0.000123527
-0.000111518,-0.000143493,-0.00017841,-0.000215509,-0.000253505,-0.000291063,-0.000326662,-0.000358789,-0.000385769,-0.000406144,-0.000418675,-0.000422522,-0.000417271,-0.000402972,-0.000380336,-0.000350449,-0.00031492,-0.00027579,-0.000234918,-0.000194229,-0.000155484,-0.000120354
-0.000108708,-0.00013999,-0.000174185,-0.00021045,-0.000247646,-0.000284399,-0.00031928,-0.000350753,-0.000377144,-0.000397092,-0.000409397,-0.0004131,-0.00040797,-0.000393924,-0.000371713,-0.000342434,-0.000307624,-0.000269273,-0.000229298,-0.000189456,-0.000151597,-0.000117228
-0.000105993,-0.000136603,-0.00017005,-0.000205549,-0.000241975,-0.000277973,-0.000312107,-0.000342924,-0.000368792,-0.000388292,-0.000400328,-0.000403959,-0.000398876,-0.000385133,-0.000363362,-0.000334603,-0.000300525,-0.000262969,-0.000223809,-0.000184836,-0.000147791,-0.000114229
-0.000103342,-0.000133277,-0.00016602,-0.000200801,-0.000236425,-0.00027166,-0.000305096,-0.00033527,-0.000360582,-0.000379722,-0.000391489,-0.000395004,-0.000390064,-0.000376501,-0.000355157,-0.000326999,-0.000293606,-0.00025683,-0.000218474,-0.000180323,-0.000144126,-0.000111295
-0.000100724,-0.000130025,-0.000162066,-0.000196072,-0.000230969,-0.000265438,-0.000298197,-0.000327737,-0.00035251,-0.000371219,-0.000382738,-0.000386187,-0.00038126,-0.00036801,-0.000347093,-0.000319472,-0.000286757,-0.000250759,-0.000213219,-0.000175871,-0.000140479,-0.000108423
-9.82256e-05,-0.000126898,-0.000158273,-0.000191585,-0.000225749,-0.000259509,-0.000291565,-0.000320495,-0.00034477,-0.000363106,-0.000374353,-0.00037773,-0.000372909,-0.000359893,-0.000339353,-0.000312296,-0.000280229,-0.000244952,-0.000208192,-0.000171647,-0.000137014,-0.000105671
-9.58572e-05,-0.000123907,-0.000154626,-0.000187253,-0.000220698,-0.000253791,-0.000285173,-0.00031352,-0.000337308,-0.000355255,-0.000366295,-0.000369589,-0.00036483,-0.00035205,-0.000331894,-0.000305352,-0.000273927,-0.000239365,-0.000203352,-0.000167581,-0.000133669,-0.000103025
-9.34962e-05,-0.000120989,-0.000151064,-0.000183026,-0.000215797,-0.000248224,-0.000278966,-0.000306721,-0.000330038,-0.000347641,-0.000358417,-0.000361647,-0.000356974,-0.000344428,-0.000324655,-0.000298619,-0.00026781,-0.000233921,-0.000198643,-0.000163603,-0.000130411,-0.000100459
-9.12427e-05,-0.000118139,-0.000147618,-0.000178923,-0.000211048,-0.000242805,-0.000272921,-0.000300128,-0.000322968,-0.000340214,-0.000350755,-0.000353923,-0.000349298,-0.000337,-0.000317604,-0.000292041,-0.000261804,-0.000228631,-0.000194069,-0.000159758,-0.000127272,-9.79639e-05
-8.88833e-05,-0.000115194,-0.000144024,-0.00017465,-0.000206047,-0.000237114,-0.000266604,-0.000293227,-0.000315596,-0.000332441,-0.000342782,-0.000345841,-0.000341309,-0.000329225,-0.000310205,-0.00028518,-0.000255597,-0.000223121,-0.000189296,-0.000155738,-0.000123999,-9.53814e-05
-8.66969e-05,-0.000112483,-0.000140698,-0.000170667,-0.000201448,-0.000231877,-0.000260764,-0.00028685,-0.00030874,-0.000325251,-0.000335379,-0.000338356,-0.00033391,-0.000322045,-0.000303387,-0.00027885,-0.000249843,-0.000217987,-0.000184898,-0.000152032,-0.000120992,-9.29915e-05
-8.45572e-05,-0.000109758,-0.00013739,-0.000166749,-0.000196883,-0.000226683,-0.000254959,-0.000280485,-0.000301943,-0.000318118,-0.000328007,-0.000330928,-0.00032654,-0.000314901,-0.000296603,-0.000272539,-0.000244127,-0.000212936,-0.000180499,-0.000148367,-0.000117988,-9.06368e-05
-8.25138e-05,-0.000107197,-0.000134252,-0.000163006,-0.000192522,-0.00022172,-0.00024944,-0.000274461,-0.000295466,-0.000311314,-0.000321029,-0.000323851,-0.000319535,-0.000308105,-0.000290132,-0.000266546,-0.000238701,-0.000208135,-0.000176344,-0.000144866,-0.000115156,-8.83815e-05
-8.051e-05,-0.000104693,-0.000131204,-0.000159378,-0.000188301,-0.00021691,-0.000244061,-0.000268614,-0.00028918,-0.000304704,-0.000314203,-0.000316964,-0.000312721,-0.00030149,-0.000283878,-0.000260703,-0.000233413,-0.000203452,-0.000172325,-0.000141469,-0.000112398,-8.62187e-05
-7.8574e-05,-0.000102245,-0.000128228,-0.000155823,-0.000184176,-0.000212206,-0.000238823,-0.000262856,-0.000283028,-0.000298252,-0.000307541,-0.00031025,-0.000306052,-0.000295026,-0.000277739,-0.000255016,-0.000228245,-0.000198888,-0.000168371,-0.000138168,-0.000109702,-8.40885e-05
-7.66871e-05,-9.98666e-05,-0.000125298,-0.000152342,-0.000180109,-0.000207585,-0.000233669,-0.000257226,-0.000276981,-0.00029189,-0.000300998,-0.000303648,-0.000299522,-0.000288706,-0.000271734,-0.000249427,-0.000223188,-0.000194401,-0.000164506,-0.000134923,-0.000107058,-8.20101e-05
-7.4797e-05,-9.74953e-05,-0.0001224,-0.000148878,-0.000176087,-0.000203006,-0.000228546,-0.000251616,-0.000270969,-0.000285586,-0.000294488,-0.000297071,-0.000293007,-0.00028238,-0.000265736,-0.000243874,-0.000218151,-0.000189942,-0.000160666,-0.000131708,-0.000104466,-7.99573e-05
-7.29706e-05,-9.51973e-05,-0.000119594,-0.000145522,-0.00017217,-0.000198523,-0.000223578,-0.000246184,-0.000265142,-0.000279443,-0.00028817,-0.000290691,-0.00028668,-0.000276253,-0.000259919,-0.000238466,-0.000213255,-0.000185625,-0.000156939,-0.000128586,-0.000101923,-7.79625e-05
-7.12615e-05,-9.30441e-05,-0.000116973,-0.000142398,-0.000168504,-0.000194366,-0.000218921,-0.00024106,-0.000259666,-0.000273709,-0.000282259,-0.000284696,-0.000280751,-0.000270509,-0.000254459,-0.000233443,-0.000208687,-0.000181591,-0.000153455,-0.000125686,-9.95688e-05,-7.61091e-05
-6.95324e-05,-9.08715e-05,-0.000114285,-0.000139211,-0.000164799,-0.0001901,-0.000214185,-0.000235893,-0.000254129,-0.000267846,-0.000276241,-0.000278617,-0.000274742,-0.00026468,-0.000248928,-0.000228294,-0.000204041,-0.000177471,-0.000149928,-0.000122707,-9.71706e-05,-7.42304e-05
-6.78259e-05,-8.87026e-05,-0.000111638,-0.000136048,-0.000161113,-0.000185921,-0.00020948,-0.000230728,-0.000248611,-0.000262055,-0.000270258,-0.000272574,-0.000268773,-0.00025889,-0.000243435,-0.000223211,-0.000199434,-0.000173406,-0.000146419,-0.000119798,-9.47914e-05,-7.23575e-05
-6.62262e-05,-8.66937e-05,-0.000109174,-0.000133098,-0.000157671,-0.000182004,-0.000205102,-0.000225953,-0.000243471,-0.00025665,-0.000264697,-0.000266948,-0.0002632,-0.000253488,-0.000238334,-0.000218467,-0.000195145,-0.000169615,-0.000143182,-0.000117074,-9.25911e-05,-7.06301e-05
-6.46778e-05,-8.47393e-05,-0.000106756,-0.000130217,-0.000154312,-0.000178171,-0.000200816,-0.000221257,-0.000238442,-0.000251349,-0.000259253,-0.000261442,-0.000257746,-0.000248212,-0.000233323,-0.000213838,-0.000190963,-0.000165917,-0.000139977,-0.000114412,-9.04358e-05,-6.89432e-05
-6.31255e-05,-8.27497e-05,-0.000104328,-0.000127312,-0.000150919,-0.000174285,-0.000196488,-0.000216524,-0.000233345,-0.000246013,-0.000253713,-0.000255884,-0.000252244,-0.000242876,-0.000228256,-0.000209131,-0.000186702,-0.000162176,-0.000136769,-0.000111726,-8.82627e-05,-6.72407e-05
-6.15815e-05,-8.08083e-05,-0.000101953,-0.000124457,-0.000147599,-0.000170495,-0.000192248,-0.000211879,-0.000228373,-0.000240772,-0.000248323,-0.000250426,-0.000246853,-0.000237649,-0.000223292,-0.000204553,-0.000182569,-0.000158512,-0.000133633,-0.000109104,-8.61429e-05,-6.55749e-05
-6.01514e-05,-7.90042e-05,-9.97279e-05,-0.000121814,-0.00014448,-0.000166944,-0.000188283,-0.000207546,-0.000223708,-0.000235876,-0.000243272,-0.000245335,-0.000241789,-0.000232749,-0.00021867,-0.000200255,-0.000178685,-0.000155109,-0.000130694,-0.000106653,-8.41654e-05,-6.40285e-05
-5.8713e-05,-7.71689e-05,-9.74853e-05,-0.000119125,-0.000141359,-0.00016337,-0.000184278,-0.000203152,-0.000219005,-0.000230933,-0.000238162,-0.00024018,-0.000236694,-0.000227813,-0.000213976,-0.000195927,-0.000174779,-0.000151654,-0.000127734,-0.00010418,-8.21704e-05,-6.24657e-05
-5.73003e-05,-7.53791e-05,-9.52834e-05,-0.000116485,-0.000138273,-0.000159848,-0.000180346,-0.000198839,-0.000214373,-0.000226059,-0.00023315,-0.000235106,-0.000231683,-0.00022296,-0.000209381,-0.00019167,-0.000170928,-0.000148264,-0.000124823,-0.000101766,-8.02149e-05,-6.09367e-05
-5.59871e-05,-7.37134e-05,-9.32498e-05,-0.000114049,-0.00013541,-0.000156583,-0.000176687,-0.000194832,-0.000210076,-0.000221544,-0.000228509,-0.000230395,-0.000227038,-0.000218446,-0.000205099,-0.000187734,-0.000167359,-0.000145135,-0.00012214,-9.95262e-05,-7.84115e-05,-5.95259e-05
-5.4651e-05,-7.20097e-05,-9.11375e-05,-0.000111522,-0.000132472,-0.00015322,-0.00017293,-0.000190713,-0.000205651,-0.000216878,-0.000223687,-0.000225546,-0.000222233,-0.00021381,-0.000200715,-0.000183643,-0.000163692,-0.000141878,-0.000119354,-9.7215e-05,-7.65449e-05,-5.80683e-05
-5.33691e-05,-7.03847e-05,-8.91355e-05,-0.000109123,-0.000129667,-0.000150014,-0.000169343,-0.00018678,-0.000201426,-0.000212438,-0.000219109,-0.000220922,-0.000217655,-0.000209381,-0.000196521,-0.000179765,-0.000160193,-0.0001388,-0.000116712,-9.50185e-05,-7.47737e-05,-5.66841e-05
-5.21487e-05,-6.88222e-05,-8.72158e-05,-0.000106818,-0.000126974,-0.000146938,-0.000165891,-0.000182991,-0.000197367,-0.000208175,-0.000214691,-0.000216483,-0.000213256,-0.00020512,-0.000192488,-0.000176041,-0.000156826,-0.000135836,-0.000114171,-9.29118e-05,-7.30742e-05,-5.53627e-05
-5.0934e-05,-6.72962e-05,-8.53186e-05,-0.000104538,-0.000124302,-0.000143876,-0.000162487,-0.000179273,-0.000193354,-0.000203941,-0.000210351,-0.000212079,-0.000208903,-0.000200914,-0.000188505,-0.000172359,-0.000153501,-0.000132932,-0.000111673,-9.08238e-05,-7.14087e-05,-5.40562e-05
-4.97386e-05,-6.57804e-05,-8.34655e-05,-0.00010231,-0.000121691,-0.000140891,-0.000159144,-0.000175608,-0.000189428,-0.000199804,-0.000206096,-0.000207767,-0.000204646,-0.000196778,-0.000184584,-0.000168762,-0.00015025,-0.000130068,-0.000109238,-8.87897e-05,-6.97697e-05,-5.2778e-05
-4.85671e-05,-6.42775e-05,-8.16139e-05,-0.000100093,-0.000119096,-0.000137927,-0.000155818,-0.000171957,-0.000185507,-0.000195682,-0.000201832,-0.000203474,-0.000200395,-0.000192676,-0.000180716,-0.000165165,-0.000147004,-0.000127213,-0.000106803,-8.67679e-05,-6.81423e-05,-5.15106e-05
-4.74384e-05,-6.2836e-05,-7.9821e-05,-9.79411e-05,-0.000116582,-0.000135055,-0.000152591,-0.000168421,-0.000181707,-0.000191683,-0.000197716,-0.000199311,-0.000196279,-0.000188693,-0.000176946,-0.000161688,-0.000143881,-0.000124467,-0.000104431,-8.48205e-05,-6.65741e-05,-5.0289e-05
-4.63351e-05,-6.142e-05,-7.80886e-05,-9.58631e-05,-0.000114143,-0.000132254,-0.000149461,-0.000164982,-0.000178018,-0.000187806,-0.000193703,-0.000195272,-0.000192281,-0.000184822,-0.000173281,-0.000158304,-0.000140834,-0.000121786,-0.000102147,-8.2924e-05,-6.50506e-05,-4.91042e-05
-4.52793e-05,-6.0077e-05,-7.64304e-05,-9.38692e-05,-0.000111808,-0.000129582,-0.000146481,-0.000161699,-0.000174483,-0.000184093,-0.000189884,-0.000191414,-0.000188466,-0.00018113,-0.00016979,-0.000155075,-0.000137929,-0.000119233,-9.99663e-05,-8.11176e-05,-6.35924e-05,-4.7966e-05
-4.42444e-05,-5.87429e-05,-7.47879e-05,-9.18862e-05,-0.000109487,-0.000126927,-0.000143492,-0.00015843,-0.000170985,-0.000180395,-0.00018607,-0.000187553,-0.000184653,-0.000177445,-0.000166306,-0.000151868,-0.000135025,-0.0001167,-9.77927e-05,-7.93158e-05,-6.21623e-05,-4.68551e-05
-4.32224e-05,-5.7437e-05,-7.3161e-05,-8.99333e-05,-0.000107198,-0.00012431,-0.000140562,-0.00015522,-0.000167515,-0.000176756,-0.000182311,-0.000183771,-0.000180908,-0.000173826,-0.000162885,-0.000148699,-0.000132185,-0.000114187,-9.56575e-05,-7.75554e-05,-6.07361e-05,-4.57524e-05
-4.22333e-05,-5.61719e-05,-7.16009e-05,-8.80662e-05,-0.000105007,-0.000121796,-0.000137739,-0.000152113,-0.000164193,-0.000173255,-0.000178696,-0.000180122,-0.000177302,-0.000170337,-0.000159589,-0.00014566,-0.000129447,-0.000111783,-9.3602e-05,-7.58627e-05,-5.93724e-05,-4.47026e-05
-4.12577e-05,-5.49307e-05,-7.00634e-05,-8.62142e-05,-0.000102829,-0.000119299,-0.000134951,-0.000149058,-0.000160901,-0.000169785,-0.000175125,-0.000176512,-0.000173729,-0.000166878,-0.000156322,-0.000142652,-0.00012674,-0.000109416,-9.15844e-05,-7.41789e-05,-5.80361e-05,-4.36422e-05
-4.03078e-05,-5.37105e-05,-6.85507e-05,-8.43855e-05,-0.000100693,-0.000116852,-0.000132203,-0.000146047,-0.000157665,-0.000166371,-0.000171614,-0.000172957,-0.000170226,-0.000163496,-0.000153116,-0.000139701,-0.000124082,-0.000107077,-8.96011e-05,-7.25375e-05,-5.67179e-05,-4.26354e-05
-3.93986e-05,-5.25469e-05,-6.71128e-05,-8.26528e-05,-9.86592e-05,-0.000114517,-0.000129583,-0.00014317,-0.000154576,-0.00016313,-0.000168259,-0.000169574,-0.000166875,-0.000160256,-0.00015006,-0.000136887,-0.000121545,-0.000104869,-8.7702e-05,-7.09733e-05,-5.54652e-05,-4.16724e-05
-3.85055e-05,-5.13914e-05,-6.56733e-05,-8.09343e-05,-9.66314e-05,-0.000112202,-0.000126983,-0.000140319,-0.000151502,-0.000159886,-0.000164923,-0.000166201,-0.000163544,-0.000157037,-0.000147024,-0.000134073,-0.00011903,-0.000102648,-8.58233e-05,-6.94177e-05,-5.42204e-05,-4.071e-05
-3.76363e-05,-5.02775e-05,-6.42853e-05,-7.9257e-05,-9.46681e-05,-0.00010995,-0.000124455,-0.000137542,-0.00014852,-0.000156738,-0.000161684,-0.000162925,-0.000160313,-0.000153913,-0.000144075,-0.000131355,-0.000116586,-0.00010051,-8.39935e-05,-6.79104e-05,-5.30187e-05,-3.97673e-05
-3.67808e-05,-4.91767e-05,-6.29383e-05,-7.76281e-05,-9.27553e-05,-0.00010775,-0.000121991,-0.000134839,-0.000145611,-0.000153688,-0.000158516,-0.000159748,-0.000157159,-0.000150865,-0.000141197,-0.000128705,-0.0001142,-9.84269e-05,-8.22217e-05,-6.64484e-05,-5.18468e-05,-3.8865e-05
-3.59564e-05,-4.81142e-05,-6.16088e-05,-7.60218e-05,-9.08702e-05,-0.000105586,-0.000119576,-0.000132186,-0.000142745,-0.00015067,-0.00015541,-0.000156611,-0.000154057,-0.000147875,-0.000138377,-0.000126095,-0.000111859,-9.63685e-05,-8.04749e-05,-6.50058e-05,-5.06961e-05,-3.7973e-05
-3.51375e-05,-4.706e-05,-6.0302e-05,-7.44499e-05,-8.90166e-05,-0.000103464,-0.000117185,-0.000129562,-0.000139933,-0.000147704,-0.000152355,-0.000153512,-0.000151004,-0.000144916,-0.000135586,-0.000123535,-0.000109555,-9.43578e-05,-7.87629e-05,-6.35893e-05,-4.95695e-05,-3.70904e-05
-3.43393e-05,-4.60417e-05,-5.90306e-05,-7.29172e-05,-8.72138e-05,-0.000101395,-0.000114868,-0.000127007,-0.000137185,-0.000144811,-0.000149376,-0.000150503,-0.00014803,-0.000142042,-0.000132872,-0.00012104,-0.00010731,-9.23925e-05,-7.70917e-05,-6.22198e-05,-4.84682e-05,-3.62505e-05
-3.35691e-05,-4.50467e-05,-5.77938e-05,-7.14295e-05,-8.54666e-05,-9.93856e-05,-0.00011261,-0.000124522,-0.00013452,-0.000141998,-0.000146479,-0.000147572,-0.000145139,-0.000139255,-0.000130237,-0.000118618,-0.000105133,-9.0487e-05,-7.54694e-05,-6.08856e-05,-4.74069e-05,-3.54318e-05
-3.28277e-05,-4.40896e-05,-5.66022e-05,-6.99923e-05,-8.37726e-05,-9.74442e-05,-0.000110424,-0.000122122,-0.000131943,-0.00013928,-0.000143675,-0.000144737,-0.000142345,-0.000136552,-0.000127684,-0.000116273,-0.000103029,-8.86443e-05,-7.39025e-05,-5.95993e-05,-4.63792e-05,-3.46323e-05
-3.20868e-05,-4.31251e-05,-5.54011e-05,-6.85364e-05,-8.20625e-05,-9.54813e-05,-0.000108225,-0.000119705,-0.000129334,-0.000136539,-0.000140843,-0.000141889,-0.000139523,-0.00013383,-0.000125119,-0.000113907,-0.000100908,-8.67933e-05,-7.23316e-05,-5.83025e-05,-4.53454e-05,-3.38427e-05
-3.13743e-05,-4.22084e-05,-5.42685e-05,-6.71606e-05,-8.04454e-05,-9.36194e-05,-0.000106139,-0.000117412,-0.000126864,-0.000133939,-0.000138161,-0.000139183,-0.00013685,-0.000131246,-0.000122676,-0.000111665,-9.88964e-05,-8.50347e-05,-7.08414e-05,-5.70757e-05,-4.43697e-05,-3.3091e-05
-3.06679e-05,-4.12923e-05,-5.31211e-05,-6.57802e-05,-7.88184e-05,-9.1753e-05,-0.000104035,-0.000115104,-0.000124383,-0.000131322,-0.000135462,-0.000136452,-0.000134153,-0.000128644,-0.000120228,-0.000109409,-9.68727e-05,-8.32674e-05,-6.93412e-05,-5.58411e-05,-4.3388e-05,-3.23351e-05
-2.99998e-05,-4.04232e-05,-5.20308e-05,-6.4461e-05,-7.72644e-05,-8.99715e-05,-0.000102031,-0.000112907,-0.000122015,-0.000128824,-0.000132888,-0.000133852,-0.000131586,-0.000126167,-0.000117896,-0.000107263,-9.49454e-05,-8.15899e-05,-6.79126e-05,-5.46695e-05,-4.24552e-05,-3.16287e-05
-2.93288e-05,-3.95628e-05,-5.09614e-05,-6.31673e-05,-7.57395e-05,-8.82122e-05,-0.000100063,-0.000110738,-0.000119682,-0.000126373,-0.000130352,-0.000131295,-0.000129058,-0.000123725,-0.000115597,-0.000105148,-9.30512e-05,-7.99306e-05,-6.65049e-05,-5.35137e-05,-4.15378e-05,-3.09224e-05
-2.8682e-05,-3.8722e-05,-4.99144e-05,-6.1899e-05,-7.4245e-05,-8.64997e-05,-9.81354e-05,-0.000108616,-0.000117396,-0.000123961,-0.000127869,-0.000128789,-0.000126585,-0.000121336,-0.000113344,-0.00010308,-9.11943e-05,-7.83137e-05,-6.51382e-05,-5.23925e-05,-4.06419e-05,-3.02249e-05
-2.80568e-05,-3.79071e-05,-4.88945e-05,-6.06647e-05,-7.27933e-05,-8.48262e-05,-9.62525e-05,-0.000106549,-0.000115176,-0.000121616,-0.00012545,-0.000126345,-0.000124176,-0.000119016,-0.000111156,-0.000101063,-8.93876e-05,-7.67346e-05,-6.38051e-05,-5.12939e-05,-3.97681e-05,-2.954e-05
-2.74323e-05,-3.70994e-05,-4.78839e-05,-5.94409e-05,-7.13514e-05,-8.31675e-05,-9.43912e-05,-0.000104496,-0.000112961,-0.00011929,-0.000123049,-0.000123923,-0.00012178,-0.000116703,-0.000108975,-9.90659e-05,-8.76015e-05,-7.51781e-05,-6.2479e-05,-5.02117e-05,-3.891e-05,-2.88963e-05
-2.68282e-05,-3.63211e-05,-4.69089e-05,-5.82652e-05,-6.99662e-05,-8.15695e-05,-9.25904e-05,-0.000102515,-0.000110838,-0.000117044,-0.000120732,-0.000121582,-0.000119475,-0.000114477,-0.00010688,-9.71364e-05,-8.58769e-05,-7.3667e-05,-6.1206e-05,-4.91675e-05,-3.80798e-05,-2.8261e-05
-2.62395e-05,-3.55455e-05,-4.5941e-05,-5.70893e-05,-6.8576e-05,-7.99741e-05,-9.07981e-05,-0.000100549,-0.000108713,-0.000114809,-0.000118427,-0.000119254,-0.000117176,-0.000112258,-0.00010479,-9.52215e-05,-8.41565e-05,-7.21729e-05,-5.99385e-05,-4.81275e-05,-3.72549e-05,-2.76291e-05
-2.56625e-05,-3.48002e-05,-4.50075e-05,-5.59564e-05,-6.72412e-05,-7.84365e-05,-8.90715e-05,-9.86455e-05,-0.000106667,-0.000112649,-0.000116198,-0.000117007,-0.000114957,-0.000110119,-0.000102772,-9.33685e-05,-8.25002e-05,-7.07276e-05,-5.87165e-05,-4.71258e-05,-3.64611e-05,-2.70203e-05
-2.51003e-05,-3.40803e-05,-4.41046e-05,-5.486e-05,-6.59479e-05,-7.69467e-05,-8.73979e-05,-9.68059e-05,-0.00010468,-0.000110557,-0.000114043,-0.000114829,-0.000112807,-0.000108043,-0.00010082,-9.15795e-05,-8.08931e-05,-6.93282e-05,-5.75395e-05,-4.61564e-05,-3.56937e-05,-2.64321e-05
-2.45575e-05,-3.33607e-05,-4.32046e-05,-5.37657e-05,-6.46574e-05,-7.54635e-05,-8.57268e-05,-9.4969e-05,-0.000102703,-0.000108472,-0.000111888,-0.000112657,-0.000110664,-0.000105979,-9.88739e-05,-8.97941e-05,-7.92945e-05,-6.79385e-05,-5.63616e-05,-4.51975e-05,-3.49295e-05,-2.58473e-05
-2.40338e-05,-3.26767e-05,-4.23408e-05,-5.27186e-05,-6.34205e-05,-7.40395e-05,-8.41236e-05,-9.32051e-05,-0.000100802,-0.00010647,-0.000109825,-0.000110573,-0.000108603,-0.000103992,-9.7008e-05,-8.8079e-05,-7.77624e-05,-6.66034e-05,-5.52326e-05,-4.42761e-05,-3.42009e-05,-2.52734e-05
-2.35018e-05,-3.19841e-05,-4.14782e-05,-5.1672e-05,-6.21807e-05,-7.26119e-05,-8.25172e-05,-9.14352e-05,-9.88986e-05,-0.000104461,-0.00010775,-0.000108478,-0.000106541,-0.000102005,-9.5137e-05,-8.63615e-05,-7.62253e-05,-6.52669e-05,-5.41008e-05,-4.335e-05,-3.34693e-05,-2.47259e-05
-2.29962e-05,-3.13245e-05,-4.06495e-05,-5.06653e-05,-6.09908e-05,-7.12404e-05,-8.09731e-05,-8.97363e-05,-9.70699e-05,-0.000102533,-0.000105762,-0.00010647,-0.000104558,-0.000100092,-9.33333e-05,-8.47131e-05,-7.47466e-05,-6.39861e-05,-5.30208e-05,-4.24655e-05,-3.27677e-05,-2.4193e-05
-2.25057e-05,-3.0678e-05,-3.98362e-05,-4.96802e-05,-5.98268e-05,-6.9902e-05,-7.94658e-05,-8.80758e-05,-9.52783e-05,-0.000100644,-0.000103815,-0.000104509,-0.000102619,-9.82238e-05,-9.15834e-05,-8.30992e-05,-7.33075e-05,-6.27265e-05,-5.19596e-05,-4.15989e-05,-3.2082e-05,-2.36868e-05
-2.20251e-05,-3.0038e-05,-3.90325e-05,-4.87019e-05,-5.8671e-05,-6.85685e-05,-7.79652e-05,-8.64247e-05,-9.34977e-05,-9.8771e-05,-0.000101877,-0.000102552,-0.000100691,-9.63671e-05,-8.98328e-05,-8.14982e-05,-7.18748e-05,-6.14845e-05,-5.09108e-05,-4.07423e-05,-3.14029e-05,-2.31554e-05
-2.15347e-05,-2.94247e-05,-3.82596e-05,-4.77603e-05,-5.75593e-05,-6.72814e-05,-7.65184e-05,-8.48307e-05,-9.1783e-05,-9.69581e-05,-0.00010001,-0.000100668,-9.88341e-05,-9.45751e-05,-8.81494e-05,-7.99518e-05,-7.04959e-05,-6.02795e-05,-4.9901e-05,-3.99174e-05,-3.07494e-05,-2.26564e-05
-2.10838e-05,-2.88214e-05,-3.74986e-05,-4.68359e-05,-5.64641e-05,-6.60206e-05,-7.50993e-05,-8.32673e-05,-9.00992e-05,-9.51847e-05,-9.8178e-05,-9.88142e-05,-9.70055e-05,-9.28149e-05,-8.64948e-05,-7.84389e-05,-6.91438e-05,-5.91027e-05,-4.8909e-05,-3.91057e-05,-3.01116e-05,-2.21679e-05
-2.06389e-05,-2.82259e-05,-3.6747e-05,-4.59194e-05,-5.53821e-05,-6.47732e-05,-7.36936e-05,-8.17195e-05,-8.84291e-05,-9.3424e-05,-9.63608e-05,-9.69831e-05,-9.52003e-05,-9.10737e-05,-8.48574e-05,-7.69392e-05,-6.78016e-05,-5.79415e-05,-4.79271e-05,-3.83053e-05,-2.94814e-05,-2.16886e-05
-2.01926e-05,-2.76505e-05,-3.60243e-05,-4.50401e-05,-5.43444e-05,-6.35758e-05,-7.23443e-05,-8.02319e-05,-8.68244e-05,-9.17302e-05,-9.46205e-05,-9.52235e-05,-9.34658e-05,-8.93996e-05,-8.32851e-05,-7.5497e-05,-6.65139e-05,-5.68239e-05,-4.69866e-05,-3.75407e-05,-2.88737e-05,-2.12245e-05
-1.97553e-05,-2.70774e-05,-3.53027e-05,-4.41614e-05,-5.33011e-05,-6.2372e-05,-7.09885e-05,-7.87393e-05,-8.52169e-05,-9.00348e-05,-9.28656e-05,-9.34566e-05,-9.17197e-05,-8.77228e-05,-8.17067e-05,-7.40518e-05,-6.52252e-05,-5.57054e-05,-4.6044e-05,-3.67706e-05,-2.82676e-05,-2.07658e-05
-1.93364e-05,-2.65304e-05,-3.46132e-05,-4.33213e-05,-5.23064e-05,-6.12236e-05,-6.96942e-05,-7.7315e-05,-8.36829e-05,-8.8414e-05,-9.1197e-05,-9.17711e-05,-9.006e-05,-8.61253e-05,-8.02016e-05,-7.26726e-05,-6.39944e-05,-5.46362e-05,-4.51456e-05,-3.6041e-05,-2.76869e-05,-2.03079e-05
-1.89297e-05,-2.59905e-05,-3.39321e-05,-4.24912e-05,-5.13233e-05,-6.009e-05,-6.84138e-05,-7.59046e-05,-8.2163e-05,-8.68109e-05,-8.95431e-05,-9.00989e-05,-8.84137e-05,-8.45392e-05,-7.87124e-05,-7.1308e-05,-6.27807e-05,-5.35818e-05,-4.42585e-05,-3.53157e-05,-2.71198e-05,-1.98941e-05
-1.8515e-05,-2.54615e-05,-3.3263e-05,-4.16747e-05,-5.0356e-05,-5.89721e-05,-6.71556e-05,-7.45185e-05,-8.06671e-05,-8.52356e-05,-8.79123e-05,-8.8461e-05,-8.67945e-05,-8.29769e-05,-7.72485e-05,-6.99699e-05,-6.15826e-05,-5.25441e-05,-4.33841e-05,-3.4606e-05,-2.65579e-05,-1.94696e-05
-1.8135e-05,-2.49452e-05,-3.26122e-05,-4.08784e-05,-4.94128e-05,-5.78845e-05,-6.59303e-05,-7.31667e-05,-7.9208e-05,-8.36972e-05,-8.63247e-05,-8.68598e-05,-8.52132e-05,-8.14571e-05,-7.58226e-05,-6.86627e-05,-6.04175e-05,-5.15333e-05,-4.25343e-05,-3.39149e-05,-2.6014e-05,-1.90541e-05
-1.77544e-05,-2.44492e-05,-3.19787e-05,-4.01036e-05,-4.84959e-05,-5.68236e-05,-6.4734e-05,-7.18503e-05,-7.77874e-05,-8.22013e-05,-8.47819e-05,-8.52995e-05,-8.36782e-05,-7.99765e-05,-7.44342e-05,-6.7392e-05,-5.92845e-05,-5.05517e-05,-4.17093e-05,-3.32419e-05,-2.5487e-05,-1.86548e-05
-1.73787e-05,-2.3952e-05,-3.13554e-05,-3.9345e-05,-4.7592e-05,-5.578e-05,-6.35586e-05,-7.05557e-05,-7.6393e-05,-8.07266e-05,-8.32589e-05,-8.37641e-05,-8.21623e-05,-7.85215e-05,-7.30647e-05,-6.61401e-05,-5.8166e-05,-4.9585e-05,-4.08959e-05,-3.258e-05,-2.49654e-05,-1.82789e-05
-1.70185e-05,-2.34681e-05,-3.0742e-05,-3.85955e-05,-4.67085e-05,-5.47569e-05,-6.24047e-05,-6.92788e-05,-7.50178e-05,-7.92768e-05,-8.17642e-05,-8.22558e-05,-8.06755e-05,-7.70897e-05,-7.17223e-05,-6.49112e-05,-5.70726e-05,-4.86348e-05,-4.01005e-05,-3.19346e-05,-2.4455e-05,-1.7875e-05
-1.66594e-05,-2.29981e-05,-3.0151e-05,-3.78729e-05,-4.5847e-05,-5.3766e-05,-6.12857e-05,-6.80436e-05,-7.36846e-05,-7.78714e-05,-8.03141e-05,-8.0792e-05,-7.92338e-05,-7.5703e-05,-7.04187e-05,-6.37204e-05,-5.60096e-05,-4.77155e-05,-3.93285e-05,-3.13091e-05,-2.39591e-05,-1.74815e-05
-1.63075e-05,-2.25348e-05,-2.95603e-05,-3.71477e-05,-4.49888e-05,-5.27716e-05,-6.01632e-05,-6.68089e-05,-7.23519e-05,-7.64658e-05,-7.88643e-05,-7.93266e-05,-7.77922e-05,-7.43141e-05,-6.91167e-05,-6.25299e-05,-5.49487e-05,-4.67964e-05,-3.85582e-05,-3.06822e-05,-2.34686e-05,-1.71274e-05
-1.59562e-05,-2.20835e-05,-2.89869e-05,-3.64493e-05,-4.41604e-05,-5.18133e-05,-5.90822e-05,-6.56144e-05,-7.10664e-05,-7.51074e-05,-7.74593e-05,-7.79137e-05,-7.63979e-05,-7.29734e-05,-6.78581e-05,-6.13792e-05,-5.39256e-05,-4.59095e-05,-3.7815e-05,-3.00749e-05,-2.29969e-05,-1.67697e-05
-1.56365e-05,-2.16445e-05,-2.84316e-05,-3.57725e-05,-4.33533e-05,-5.08791e-05,-5.80283e-05,-6.44533e-05,-6.98138e-05,-7.37862e-05,-7.60992e-05,-7.65393e-05,-7.50437e-05,-7.16722e-05,-6.66345e-05,-6.02601e-05,-5.29273e-05,-4.50488e-05,-3.7092e-05,-2.94927e-05,-2.25338e-05,-1.64237e-05
-1.53203e-05,-2.12154e-05,-2.78814e-05,-3.50943e-05,-4.25522e-05,-4.99522e-05,-5.69831e-05,-6.33002e-05,-6.8567e-05,-7.24723e-05,-7.4742e-05,-7.51705e-05,-7.36956e-05,-7.03742e-05,-6.542e-05,-5.91515e-05,-5.19393e-05,-4.41929e-05,-3.63756e-05,-2.89084e-05,-2.20792e-05,-1.60768e-05
-1.49904e-05,-2.07902e-05,-2.73458e-05,-3.44387e-05,-4.17713e-05,-4.90506e-05,-5.59638e-05,-6.21765e-05,-6.73554e-05,-7.11937e-05,-7.34225e-05,-7.38377e-05,-7.23821e-05,-6.91113e-05,-6.4235e-05,-5.80685e-05,-5.0977e-05,-4.33611e-05,-3.56764e-05,-2.83438e-05,-2.1634e-05,-1.57415e-05
-1.4683e-05,-2.03853e-05,-2.68273e-05,-3.38072e-05,-4.10181e-05,-4.81784e-05,-5.49818e-05,-6.10939e-05,-6.61854e-05,-6.99598e-05,-7.21487e-05,-7.25548e-05,-7.11167e-05,-6.7894e-05,-6.30932e-05,-5.70272e-05,-5.00498e-05,-4.25588e-05,-3.50052e-05,-2.77965e-05,-2.12077e-05,-1.54199e-05
-1.43924e-05,-1.99798e-05,-2.63157e-05,-3.31774e-05,-4.02742e-05,-4.73162e-05,-5.40052e-05,-6.00168e-05,-6.5025e-05,-6.87344e-05,-7.08845e-05,-7.12783e-05,-6.98612e-05,-6.6688e-05,-6.19614e-05,-5.59911e-05,-4.91298e-05,-4.17635e-05,-3.43413e-05,-2.72589e-05,-2.07831e-05,-1.51021e-05
-1.40811e-05,-1.95842e-05,-2.58121e-05,-3.25608e-05,-3.9539e-05,-4.64622e-05,-5.30439e-05,-5.89555e-05,-6.38792e-05,-6.7521e-05,-6.96363e-05,-7.00203e-05,-6.86197e-05,-6.54958e-05,-6.08439e-05,-5.49696e-05,-4.82196e-05,-4.09788e-05,-3.36829e-05,-2.67261e-05,-2.0366e-05,-1.47889e-05
-1.37927e-05,-1.91976e-05,-2.53213e-05,-3.19557e-05,-3.88166e-05,-4.56328e-05,-5.21024e-05,-5.79189e-05,-6.27591e-05,-6.63419e-05,-6.84169e-05,-6.87894e-05,-6.74096e-05,-6.43301e-05,-5.9754e-05,-5.39738e-05,-4.73341e-05,-4.02159e-05,-3.30436e-05,-2.62081e-05,-1.99605e-05,-1.44819e-05
-1.35091e-05,-1.88203e-05,-2.48424e-05,-3.1367e-05,-3.81178e-05,-4.48226e-05,-5.1187e-05,-5.69064e-05,-6.16701e-05,-6.51922e-05,-6.72288e-05,-6.75921e-05,-6.62277e-05,-6.31974e-05,-5.86918e-05,-5.30029e-05,-4.64722e-05,-3.94685e-05,-3.24194e-05,-2.57025e-05,-1.95654e-05,-1.42012e-05
-1.32308e-05,-1.84518e-05,-2.43684e-05,-3.07861e-05,-3.74299e-05,-4.40216e-05,-5.02849e-05,-5.59114e-05,-6.05925e-05,-6.40564e-05,-6.60568e-05,-6.64107e-05,-6.5066e-05,-6.20761e-05,-5.7643e-05,-5.20497e-05,-4.56216e-05,-3.87343e-05,-3.18072e-05,-2.52071e-05,-1.91768e-05,-1.38895e-05
-1.29644e-05,-1.80942e-05,-2.39124e-05,-3.02269e-05,-3.67613e-05,-4.32475e-05,-4.9411e-05,-5.49459e-05,-5.95509e-05,-6.29569e-05,-6.492e-05,-6.52631e-05,-6.39386e-05,-6.09946e-05,-5.66277e-05,-5.1124e-05,-4.47981e-05,-3.80248e-05,-3.1215e-05,-2.47256e-05,-1.88029e-05,-1.36081e-05
-1.26945e-05,-1.77399e-05,-2.34625e-05,-2.96707e-05,-3.61006e-05,-4.2481e-05,-4.85429e-05,-5.39887e-05,-5.8516e-05,-6.18657e-05,-6.37961e-05,-6.413e-05,-6.28225e-05,-5.99225e-05,-5.56232e-05,-5.02064e-05,-4.39835e-05,-3.73214e-05,-3.06275e-05,-2.42517e-05,-1.84303e-05,-1.3329e-05
-1.24443e-05,-1.73982e-05,-2.30252e-05,-2.91371e-05,-3.54649e-05,-4.17443e-05,-4.77113e-05,-5.3069e-05,-5.7527e-05,-6.08164e-05,-6.27142e-05,-6.30425e-05,-6.17462e-05,-5.88892e-05,-5.46596e-05,-4.93233e-05,-4.32018e-05,-3.66468e-05,-3.00626e-05,-2.3794e-05,-1.80737e-05,-1.30616e-05
-1.21855e-05,-1.70531e-05,-2.25845e-05,-2.85915e-05,-3.48149e-05,-4.09923e-05,-4.68607e-05,-5.21296e-05,-5.65112e-05,-5.97479e-05,-6.16116e-05,-6.1926e-05,-6.06529e-05,-5.78367e-05,-5.367e-05,-4.84252e-05,-4.24027e-05,-3.5959e-05,-2.94891e-05,-2.33319e-05,-1.77103e-05,-1.27908e-05
-1.19445e-05,-1.67283e-05,-2.21685e-05,-2.80813e-05,-3.42077e-05,-4.0286e-05,-4.6063e-05,-5.12495e-05,-5.5561e-05,-5.87478e-05,-6.05755e-05,-6.08845e-05,-5.96225e-05,-5.68492e-05,-5.27454e-05,-4.75831e-05,-4.1656e-05,-3.53148e-05,-2.89494e-05,-2.28951e-05,-1.73727e-05,-1.25375e-05
-1.16953e-05,-1.64026e-05,-2.17501e-05,-2.75672e-05,-3.35926e-05,-3.95762e-05,-4.52567e-05,-5.03613e-05,-5.45982e-05,-5.77311e-05,-5.95277e-05,-5.98271e-05,-5.85838e-05,-5.58497e-05,-5.18111e-05,-4.67304e-05,-4.08981e-05,-3.46618e-05,-2.84057e-05,-2.24575e-05,-1.70279e-05,-1.22578e-05
-1.14583e-05,-1.60849e-05,-2.13441e-05,-2.70674e-05,-3.29973e-05,-3.88808e-05,-4.44723e-05,-4.94926e-05,-5.36636e-05,-5.67411e-05,-5.85093e-05,-5.8797e-05,-5.75736e-05,-5.48809e-05,-5.09034e-05,-4.59017e-05,-4.01602e-05,-3.40288e-05,-2.788e-05,-2.20302e-05,-1.66953e-05,-1.20299e-05
-1.12161e-05,-1.57744e-05,-2.09481e-05,-2.65756e-05,-3.24112e-05,-3.82043e-05,-4.37043e-05,-4.86455e-05,-5.275e-05,-5.57758e-05,-5.75102e-05,-5.77953e-05,-5.65841e-05,-5.3929e-05,-5.00153e-05,-4.50903e-05,-3.94428e-05,-3.34095e-05,-2.73626e-05,-2.16137e-05,-1.6371e-05,-1.17843e-05
-1.10074e-05,-1.54773e-05,-2.05653e-05,-2.61069e-05,-3.18517e-05,-3.75536e-05,-4.29704e-05,-4.7832e-05,-5.18717e-05,-5.48488e-05,-5.65551e-05,-5.68294e-05,-5.56332e-05,-5.30178e-05,-4.91638e-05,-4.43129e-05,-3.87536e-05,-3.28156e-05,-2.68681e-05,-2.12116e-05,-1.60607e-05,-1.15526e-05
-1.08012e-05,-1.51805e-05,-2.01841e-05,-2.5635e-05,-3.12888e-05,-3.69024e-05,-4.2233e-05,-4.70184e-05,-5.09899e-05,-5.39222e-05,-5.56e-05,-5.58626e-05,-5.46845e-05,-5.21078e-05,-4.83059e-05,-4.35371e-05,-3.80687e-05,-3.22233e-05,-2.63751e-05,-2.08152e-05,-1.57477e-05,-1.1321e-05
-1.05678e-05,-1.48826e-05,-1.98072e-05,-2.51697e-05,-3.07312e-05,-3.62551e-05,-4.15006e-05,-4.62078e-05,-5.01154e-05,-5.29949e-05,-5.46409e-05,-5.48999e-05,-5.37382e-05,-5.1198e-05,-4.74597e-05,-4.27616e-05,-3.73779e-05,-3.16322e-05,-2.58821e-05,-2.04179e-05,-1.54412e-05,-1.1091e-05
-1.03522e-05,-1.46001e-05,-1.94406e-05,-2.4718e-05,-3.0193e-05,-3.56304e-05,-4.07919e-05,-4.54254e-05,-4.92704e-05,-5.21038e-05,-5.37224e-05,-5.39743e-05,-5.28246e-05,-5.03228e-05,-4.66382e-05,-4.20144e-05,-3.67167e-05,-3.10624e-05,-2.54081e-05,-2.00381e-05,-1.51415e-05,-1.08705e-05
-1.01482e-05,-1.43179e-05,-1.90825e-05,-2.42744e-05,-2.96633e-05,-3.50122e-05,-4.0095e-05,-4.46524e-05,-4.84369e-05,-5.12225e-05,-5.28104e-05,-5.30563e-05,-5.19199e-05,-4.94571e-05,-4.58313e-05,-4.12775e-05,-3.60628e-05,-3.05028e-05,-2.49405e-05,-1.96597e-05,-1.48479e-05,-1.06514e-05
-9.94476e-06,-1.40471e-05,-1.87335e-05,-2.38406e-05,-2.91422e-05,-3.44125e-05,-3.94139e-05,-4.39013e-05,-4.76235e-05,-5.03651e-05,-5.19256e-05,-5.21658e-05,-5.10435e-05,-4.86158e-05,-4.50434e-05,-4.05628e-05,-3.54303e-05,-2.99583e-05,-2.44868e-05,-1.92951e-05,-1.45625e-05,-1.04385e-05
-9.74108e-06,-1.37826e-05,-1.83917e-05,-2.34191e-05,-2.86407e-05,-3.38247e-05,-3.87493e-05,-4.3168e-05,-4.68329e-05,-4.9531e-05,-5.10628e-05,-5.12956e-05,-5.01885e-05,-4.77946e-05,-4.42759e-05,-3.98656e-05,-3.48126e-05,-2.94245e-05,-2.40439e-05,-1.89384e-05,-1.42858e-05,-1.0234e-05
-9.55328e-06,-1.35186e-05,-1.8051e-05,-2.30008e-05,-2.81399e-05,-3.32414e-05,-3.80904e-05,-4.24384e-05,-4.60415e-05,-4.86953e-05,-5.02009e-05,-5.04281e-05,-4.93343e-05,-4.69751e-05,-4.35114e-05,-3.91684e-05,-3.41921e-05,-2.8896e-05,-2.3604e-05,-1.85844e-05,-1.40122e-05,-1.00272e-05
-9.36108e-06,-1.32646e-05,-1.77235e-05,-2.25946e-05,-2.76544e-05,-3.26754e-05,-3.74496e-05,-4.17308e-05,-4.52777e-05,-4.78877e-05,-4.93711e-05,-4.95874e-05,-4.85112e-05,-4.61851e-05,-4.27707e-05,-3.84949e-05,-3.35972e-05,-2.83822e-05,-2.31786e-05,-1.82421e-05,-1.37458e-05,-9.82849e-06
-9.18028e-06,-1.30125e-05,-1.74028e-05,-2.21964e-05,-2.71772e-05,-3.21239e-05,-3.68225e-05,-4.10345e-05,-4.45277e-05,-4.70969e-05,-4.85527e-05,-4.87627e-05,-4.76966e-05,-4.54064e-05,-4.20426e-05,-3.78312e-05,-3.30122e-05,-2.78824e-05,-2.27598e-05,-1.79061e-05,-1.34841e-05,-9.63368e-06
-8.99716e-06,-1.27689e-05,-1.70861e-05,-2.18046e-05,-2.67061e-05,-3.15786e-05,-3.62027e-05,-4.03542e-05,-4.37892e-05,-4.63151e-05,-4.77477e-05,-4.79523e-05,-4.68993e-05,-4.46437e-05,-4.13293e-05,-3.71848e-05,-3.24349e-05,-2.73893e-05,-2.23516e-05,-1.7576e-05,-1.3228e-05,-9.44798e-06
-8.82418e-06,-1.25266e-05,-1.67744e-05,-2.14176e-05,-2.62471e-05,-3.10408e-05,-3.55951e-05,-3.96808e-05,-4.30608e-05,-4.5548e-05,-4.69561e-05,-4.71535e-05,-4.6117e-05,-4.38887e-05,-4.06273e-05,-3.65464e-05,-3.18736e-05,-2.69022e-05,-2.19494e-05,-1.72518e-05,-1.29769e-05,-9.25828e-06
-8.64756e-06,-1.22921e-05,-1.64727e-05,-2.10437e-05,-2.57978e-05,-3.05198e-05,-3.50028e-05,-3.90238e-05,-4.23531e-05,-4.47995e-05,-4.61823e-05,-4.63757e-05,-4.53474e-05,-4.31548e-05,-3.99423e-05,-3.59195e-05,-3.13214e-05,-2.64292e-05,-2.15552e-05,-1.69378e-05,-1.27329e-05,-9.07466e-06
-8.47571e-06,-1.20645e-05,-1.61778e-05,-2.06788e-05,-2.53611e-05,-3.00072e-05,-3.44229e-05,-3.83838e-05,-4.16623e-05,-4.40695e-05,-4.5429e-05,-4.56149e-05,-4.46025e-05,-4.24396e-05,-3.92746e-05,-3.53107e-05,-3.07824e-05,-2.59687e-05,-2.11736e-05,-1.66271e-05,-1.24938e-05,-8.90439e-06
-8.30933e-06,-1.18369e-05,-1.58826e-05,-2.03131e-05,-2.49211e-05,-2.94984e-05,-3.38447e-05,-3.77426e-05,-4.0967e-05,-4.33366e-05,-4.46722e-05,-4.48572e-05,-4.38551e-05,-4.17231e-05,-3.86049e-05,-3.47032e-05,-3.0245e-05,-2.55083e-05,-2.07903e-05,-1.63207e-05,-1.22561e-05,-8.72126e-06
-8.14771e-06,-1.16162e-05,-1.55963e-05,-1.99588e-05,-2.44968e-05,-2.90054e-05,-3.3285e-05,-3.71239e-05,-4.02996e-05,-4.26288e-05,-4.39456e-05,-4.41194e-05,-4.31337e-05,-4.10301e-05,-3.7956e-05,-3.41166e-05,-2.97247e-05,-2.50614e-05,-2.04204e-05,-1.60242e-05,-1.20287e-05,-8.5521e-06
-7.99472e-06,-1.14039e-05,-1.53192e-05,-1.96142e-05,-2.40838e-05,-2.85247e-05,-3.27408e-05,-3.65205e-05,-3.96471e-05,-4.19421e-05,-4.32346e-05,-4.34043e-05,-4.24316e-05,-4.03565e-05,-3.73277e-05,-3.35451e-05,-2.92209e-05,-2.46309e-05,-2.00619e-05,-1.57354e-05,-1.18032e-05,-8.38418e-06
-7.83467e-06,-1.11861e-05,-1.5043e-05,-1.92705e-05,-2.36716e-05,-2.80427e-05,-3.21947e-05,-3.59145e-05,-3.89926e-05,-4.12486e-05,-4.25177e-05,-4.2686e-05,-4.17214e-05,-3.96807e-05,-3.66981e-05,-3.2971e-05,-2.87107e-05,-2.41952e-05,-1.97008e-05,-1.54479e-05,-1.15792e-05,-8.2217e-06
-7.694e-06,-1.0984e-05,-1.47792e-05,-1.8941e-05,-2.32758e-05,-2.75813e-05,-3.16711e-05,-3.53358e-05,-3.83674e-05,-4.05883e-05,-4.18365e-05,-4.19957e-05,-4.10476e-05,-3.90366e-05,-3.60919e-05,-3.24228e-05,-2.82273e-05,-2.37799e-05,-1.93579e-05,-1.51707e-05,-1.13677e-05,-8.0668e-06
-7.53264e-06,-1.07801e-05,-1.45154e-05,-1.86145e-05,-2.28814e-05,-2.71245e-05,-3.11525e-05,-3.47613e-05,-3.77468e-05,-3.99316e-05,-4.11583e-05,-4.1317e-05,-4.03745e-05,-3.83936e-05,-3.54915e-05,-3.18797e-05,-2.77473e-05,-2.33709e-05,-1.90181e-05,-1.48977e-05,-1.11558e-05,-7.9082e-06
-7.38926e-06,-1.05798e-05,-1.42552e-05,-1.82896e-05,-2.24944e-05,-2.66703e-05,-3.06388e-05,-3.41921e-05,-3.71319e-05,-3.92818e-05,-4.04886e-05,-4.06387e-05,-3.97121e-05,-3.77564e-05,-3.49001e-05,-3.13395e-05,-2.72713e-05,-2.2962e-05,-1.86815e-05,-1.46269e-05,-1.09463e-05,-7.75832e-06
-7.24902e-06,-1.03839e-05,-1.40031e-05,-1.7976e-05,-2.2117e-05,-2.62321e-05,-3.0139e-05,-3.36412e-05,-3.65352e-05,-3.86528e-05,-3.98364e-05,-3.99864e-05,-3.90706e-05,-3.71396e-05,-3.43257e-05,-3.08194e-05,-2.68127e-05,-2.25709e-05,-1.83561e-05,-1.43656e-05,-1.07451e-05,-7.60546e-06
-7.10498e-06,-1.01914e-05,-1.37534e-05,-1.76651e-05,-2.17412e-05,-2.57948e-05,-2.96416e-05,-3.30892e-05,-3.59372e-05,-3.80202e-05,-3.91882e-05,-3.933e-05,-3.84262e-05,-3.65226e-05,-3.37531e-05,-3.02942e-05,-2.63508e-05,-2.21751e-05,-1.80288e-05,-1.4105e-05,-1.05434e-05,-7.45576e-06
-6.96438e-06,-1.00052e-05,-1.35118e-05,-1.73633e-05,-2.13802e-05,-2.53712e-05,-2.91625e-05,-3.25555e-05,-3.53608e-05,-3.74122e-05,-3.85617e-05,-3.86947e-05,-3.78044e-05,-3.59292e-05,-3.31978e-05,-2.97907e-05,-2.59064e-05,-2.17951e-05,-1.77147e-05,-1.38536e-05,-1.03478e-05,-7.31477e-06
-6.83226e-06,-9.82064e-06,-1.32713e-05,-1.70646e-05,-2.10209e-05,-2.49549e-05,-2.86862e-05,-3.20294e-05,-3.47929e-05,-3.6811e-05,-3.79408e-05,-3.80739e-05,-3.71908e-05,-3.5341e-05,-3.26498e-05,-2.92946e-05,-2.54692e-05,-2.14216e-05,-1.74045e-05,-1.36051e-05,-1.01569e-05,-7.16972e-06
-6.70175e-06,-9.63918e-06,-1.30379e-05,-1.67717e-05,-2.06671e-05,-2.45423e-05,-2.82202e-05,-3.15141e-05,-3.42341e-05,-3.62198e-05,-3.7331e-05,-3.74589e-05,-3.65866e-05,-3.47637e-05,-3.21129e-05,-2.88061e-05,-2.50394e-05,-2.10536e-05,-1.70999e-05,-1.33631e-05,-9.97031e-06,-7.03025e-06
-6.57253e-06,-9.46237e-06,-1.2807e-05,-1.64845e-05,-2.03228e-05,-2.41355e-05,-2.77611e-05,-3.10055e-05,-3.36835e-05,-3.56367e-05,-3.67281e-05,-3.68545e-05,-3.59948e-05,-3.41955e-05,-3.15814e-05,-2.83257e-05,-2.46156e-05,-2.06932e-05,-1.68004e-05,-1.31217e-05,-9.78527e-06,-6.89877e-06
-6.4462e-06,-9.29078e-06,-1.25825e-05,-1.62049e-05,-1.99863e-05,-2.37456e-05,-2.73151e-05,-3.05108e-05,-3.31485e-05,-3.50745e-05,-3.61458e-05,-3.62661e-05,-3.54171e-05,-3.36438e-05,-3.10663e-05,-2.78601e-05,-2.42046e-05,-2.03406e-05,-1.65105e-05,-1.28896e-05,-9.60563e-06,-6.76594e-06
-6.3213e-06,-9.12349e-06,-1.23636e-05,-1.59342e-05,-1.96566e-05,-2.3361e-05,-2.68782e-05,-3.00256e-05,-3.2623e-05,-3.45194e-05,-3.55746e-05,-3.56923e-05,-3.48521e-05,-3.31039e-05,-3.05658e-05,-2.7403e-05,-2.38002e-05,-1.99975e-05,-1.62255e-05,-1.26631e-05,-9.43157e-06,-6.6362e-06
-6.2023e-06,-8.95377e-06,-1.21452e-05,-1.56573e-05,-1.93265e-05,-2.29752e-05,-2.64401e-05,-2.95414e-05,-3.2099e-05,-3.39641e-05,-3.50018e-05,-3.51146e-05,-3.42881e-05,-3.25617e-05,-3.00602e-05,-2.6945e-05,-2.3399e-05,-1.96539e-05,-1.5942e-05,-1.24358e-05,-9.25704e-06,-6.51172e-06
-6.09024e-06,-8.79686e-06,-1.19393e-05,-1.5401e-05,-1.90182e-05,-2.26172e-05,-2.60331e-05,-2.90892e-05,-3.16103e-05,-3.34471e-05,-3.44673e-05,-3.45782e-05,-3.37591e-05,-3.20557e-05,-2.9591e-05,-2.65166e-05,-2.30229e-05,-1.93325e-05,-1.56758e-05,-1.22235e-05,-9.09236e-06,-6.38597e-06
-5.97135e-06,-8.63541e-06,-1.17311e-05,-1.51393e-05,-1.87015e-05,-2.22456e-05,-2.56092e-05,-2.86208e-05,-3.11042e-05,-3.29132e-05,-3.39167e-05,-3.4021e-05,-3.32147e-05,-3.15363e-05,-2.91036e-05,-2.60779e-05,-2.2637e-05,-1.9003e-05,-1.54035e-05,-1.20058e-05,-8.92507e-06,-6.26814e-06
-5.85529e-06,-8.47635e-06,-1.15216e-05,-1.48779e-05,-1.83867e-05,-2.1877e-05,-2.51911e-05,-2.81561e-05,-3.06003e-05,-3.23816e-05,-3.33675e-05,-3.34702e-05,-3.26725e-05,-3.10171e-05,-2.86207e-05,-2.56418e-05,-2.22513e-05,-1.86747e-05,-1.51333e-05,-1.17899e-05,-8.76053e-06,-6.1455e-06
-5.74247e-06,-8.3246e-06,-1.13233e-05,-1.46294e-05,-1.80889e-05,-2.15274e-05,-2.47927e-05,-2.77139e-05,-3.0122e-05,-3.18771e-05,-3.28467e-05,-3.29447e-05,-3.21553e-05,-3.05262e-05,-2.81638e-05,-2.52263e-05,-2.18832e-05,-1.83622e-05,-1.48771e-05,-1.1583e-05,-8.60175e-06,-6.0302e-06
-5.63851e-06,-8.1755e-06,-1.11296e-05,-1.43848e-05,-1.77957e-05,-2.11853e-05,-2.44039e-05,-2.72825e-05,-2.96544e-05,-3.13826e-05,-3.23378e-05,-3.24311e-05,-3.16547e-05,-3.00429e-05,-2.77145e-05,-2.48203e-05,-2.15284e-05,-1.80572e-05,-1.46255e-05,-1.13831e-05,-8.44734e-06,-5.91391e-06
-5.53373e-06,-8.03159e-06,-1.09399e-05,-1.41489e-05,-1.75064e-05,-2.08489e-05,-2.40216e-05,-2.68582e-05,-2.91951e-05,-3.08968e-05,-3.18354e-05,-3.19281e-05,-3.11587e-05,-2.95705e-05,-2.72756e-05,-2.44206e-05,-2.11757e-05,-1.77595e-05,-1.43786e-05,-1.11873e-05,-8.29792e-06,-5.80451e-06
-5.42532e-06,-7.88318e-06,-1.07487e-05,-1.3908e-05,-1.72177e-05,-2.0509e-05,-2.36346e-05,-2.643e-05,-2.87305e-05,-3.04067e-05,-3.133e-05,-3.14189e-05,-3.06602e-05,-2.90925e-05,-2.68298e-05,-2.40177e-05,-2.08229e-05,-1.74572e-05,-1.41304e-05,-1.0989e-05,-8.14444e-06,-5.6944e-06
-5.31773e-06,-7.74822e-06,-1.05669e-05,-1.36814e-05,-1.69425e-05,-2.01886e-05,-2.32706e-05,-2.60249e-05,-2.82952e-05,-2.9941e-05,-3.0853e-05,-3.0936e-05,-3.0187e-05,-2.86438e-05,-2.64091e-05,-2.364e-05,-2.04894e-05,-1.71745e-05,-1.38964e-05,-1.08015e-05,-8.00258e-06,-5.59491e-06
-5.2233e-06,-7.60691e-06,-1.03848e-05,-1.34546e-05,-1.66676e-05,-1.98632e-05,-2.29008e-05,-2.56158e-05,-2.7851e-05,-2.9475e-05,-3.03697e-05,-3.04513e-05,-2.97108e-05,-2.81865e-05,-2.59865e-05,-2.32542e-05,-2.01504e-05,-1.6886e-05,-1.36565e-05,-1.06131e-05,-7.85304e-06,-5.48466e-06
-5.12711e-06,-7.47068e-06,-1.02047e-05,-1.32252e-05,-1.63916e-05,-1.9542e-05,-2.25341e-05,-2.52096e-05,-2.74114e-05,-2.90091e-05,-2.98903e-05,-2.99678e-05,-2.92362e-05,-2.77326e-05,-2.55647e-05,-2.28722e-05,-1.98163e-05,-1.66008e-05,-1.34237e-05,-1.04245e-05,-7.71464e-06,-5.37583e-06
-5.03124e-06,-7.33613e-06,-1.00321e-05,-1.30078e-05,-1.61277e-05,-1.92338e-05,-2.21821e-05,-2.48188e-05,-2.69891e-05,-2.85642e-05,-2.94281e-05,-2.95051e-05,-2.87812e-05,-2.72992e-05,-2.51592e-05,-2.25069e-05,-1.94965e-05,-1.63276e-05,-1.31986e-05,-1.02453e-05,-7.57583e-06,-5.28164e-06
-4.93716e-06,-7.20788e-06,-9.8599e-06,-1.2794e-05,-1.58685e-05,-1.89289e-05,-2.18376e-05,-2.4436e-05,-2.65724e-05,-2.81229e-05,-2.8974e-05,-2.90478e-05,-2.83329e-05,-2.68718e-05,-2.47624e-05,-2.21473e-05,-1.91791e-05,-1.60597e-05,-1.29763e-05,-1.00695e-05,-7.44197e-06,-5.18125e-06
-4.8432e-06,-7.07801e-06,-9.69119e-06,-1.25795e-05,-1.56107e-05,-1.86281e-05,-2.14917e-05,-2.40542e-05,-2.61585e-05,-2.76876e-05,-2.8522e-05,-2.85965e-05,-2.78895e-05,-2.64458e-05,-2.43696e-05,-2.17906e-05,-1.8865e-05,-1.57927e-05,-1.27567e-05,-9.8956e-06,-7.30728e-06,-5.08343e-06
-4.75343e-06,-6.95575e-06,-9.52778e-06,-1.23763e-05,-1.53646e-05,-1.83368e-05,-2.11619e-05,-2.36872e-05,-2.57638e-05,-2.72679e-05,-2.80918e-05,-2.81571e-05,-2.74611e-05,-2.60382e-05,-2.39912e-05,-2.14459e-05,-1.85622e-05,-1.55347e-05,-1.25453e-05,-9.72682e-06,-7.17834e-06,-4.98467e-06
