0.0459196,0.0456461,0.0451941,0.043708,0.0425836,0.0411294,0.0390286,0.037041,0.0346751,0.0322001,0.0294982
0.0433681,0.0427545,0.0423667,0.0410666,0.0399065,0.0382085,0.0365313,0.034245,0.0319287,0.0295573,0.0270567
0.0406942,0.040403,0.0398328,0.0385154,0.0371716,0.0357505,0.0337211,0.0317442,0.0296351,0.0275384,0.0247509
0.0382263,0.0379478,0.0373745,0.0360218,0.0348563,0.0332441,0.0314347,0.0294952,0.027397,0.025149,0.0228242
0.0360965,0.0357692,0.0352719,0.0339245,0.0327353,0.0312047,0.0294453,0.0274969,0.0254567,0.0233154,0.021065
0.034197,0.0338434,0.0333718,0.0320828,0.0308174,0.0292932,0.0277246,0.0257235,0.0238168,0.0216654,0.0194764
0.0323205,0.0319834,0.031499,0.0302539,0.0290766,0.0275726,0.0259404,0.0240865,0.0221784,0.020183,0.0181081
0.0307454,0.0303175,0.0298606,0.0286451,0.0274824,0.025989,0.0244903,0.0226182,0.0207518,0.0187865,0.0168371
0.0291187,0.0287595,0.0282682,0.0271567,0.0259968,0.0245104,0.0229974,0.0212559,0.0194721,0.0175931,0.0156878
0.0276,0.0274073,0.0268973,0.0258272,0.0246301,0.023205,0.0216753,0.0199288,0.0183392,0.0165063,0.0146875
0.0263934,0.0259631,0.0256304,0.0244933,0.0233192,0.0219703,0.0205236,0.0188671,0.0172134,0.0155021,0.0136687
0.0250076,0.0246873,0.0242426,0.0234082,0.0222364,0.0209093,0.0193233,0.0179843,0.0162281,0.0146602,0.0127948
0.0239055,0.0236145,0.0230245,0.0220892,0.0211465,0.0197267,0.0184582,0.0169029,0.015284,0.0137286,0.0120463
0.0227546,0.0224587,0.0220704,0.0210865,0.02005,0.0187661,0.0174448,0.015894,0.0143828,0.0128517,0.0112728
0.0217366,0.0214602,0.0209782,0.0200854,0.0191157,0.0178315,0.0165668,0.0151583,0.0136613,0.0121401,0.0106098
0.020808,0.0204793,0.0201055,0.0190574,0.0182347,0.0169902,0.0158127,0.0143721,0.0129421,0.0114397,0.00997882
0.0198822,0.0196917,0.0190974,0.0182798,0.0174211,0.016162,0.0149187,0.0136474,0.0123025,0.0108615,0.00951623
0.0189007,0.0188311,0.0183439,0.0174053,0.0166631,0.0153949,0.01425,0.0129677,0.011654,0.0102163,0.00890684
0.0182588,0.0178809,0.0175899,0.0166753,0.0159077,0.0147133,0.0135938,0.0123043,0.0110119,0.00967378,0.00838514
0.0174132,0.0171378,0.016867,0.015914,0.0151935,0.0140549,0.0130775,0.0116816,0.0104821,0.00915533,0.00790438
0.0167683,0.016422,0.0161559,0.0152685,0.0145507,0.0134034,0.0123642,0.0111367,0.00995863,0.00868748,0.0075155
0.0160738,0.0158462,0.015472,0.0145561,0.0138889,0.0128528,0.0118388,0.0106097,0.00942876,0.00823821,0.00711704
0.0155175,0.0151479,0.0148213,0.0140648,0.0132993,0.0123004,0.0111968,0.0101862,0.00900437,0.00784959,0.00677034
0.0148265,0.0147192,0.0141567,0.0133546,0.0127469,0.0117356,0.010789,0.00973137,0.00860966,0.00744815,0.00644973
0.0142301,0.0139795,0.0136964,0.0128299,0.0122285,0.0113281,0.010276,0.00918266,0.00816186,0.00707625,0.0060857
0.0136202,0.0134379,0.0131248,0.0123402,0.011672,0.0108072,0.00979957,0.00880891,0.00782798,0.00676888,0.00573663
0.0131642,0.0128755,0.0126131,0.0118801,0.0112171,0.0103259,0.00934256,0.00842945,0.00744703,0.00643738,0.00544197
0.0125727,0.012415,0.0121385,0.0113742,0.0107358,0.00994072,0.00902862,0.0080331,0.00712066,0.00612429,0.00518071
0.0121138,0.0119791,0.0116619,0.0109168,0.0103545,0.00949111,0.00858887,0.00769029,0.0067767,0.00582646,0.00495306
0.0115593,0.0116008,0.0111825,0.0104977,0.00991565,0.00910968,0.00823906,0.00734754,0.00654132,0.00558203,0.00470584
0.0113092,0.0109757,0.0108135,0.0101574,0.00954988,0.00875438,0.0078908,0.00705162,0.00620827,0.00532369,0.00446799
0.0108366,0.0106417,0.0103844,0.00975751,0.00915338,0.00839969,0.00759086,0.00675821,0.00593248,0.00507109,0.00428377
0.0104049,0.0102734,0.00998344,0.00935445,0.00879298,0.00807725,0.00727968,0.0064769,0.00568813,0.00485863,0.00405854
0.0100302,0.00989598,0.00962684,0.00901986,0.00845919,0.00775342,0.00696587,0.00619121,0.00543726,0.00461522,0.00385857
0.00969814,0.00952851,0.00928242,0.00869623,0.00813263,0.00748605,0.00673723,0.00595257,0.00522991,0.00445908,0.00367302
0.00930563,0.00917836,0.00901262,0.00834367,0.00780435,0.00716521,0.00645401,0.0057248,0.00501183,0.00424031,0.00348873
0.00904868,0.00887705,0.00861633,0.00812715,0.00755935,0.00690791,0.00617105,0.00546973,0.00478106,0.00404618,0.00334549
0.0087123,0.00852133,0.00832122,0.00779062,0.00726508,0.00666855,0.0059283,0.00525723,0.00456615,0.00390314,0.00320193
0.00844362,0.0082295,0.00800201,0.00749669,0.00700413,0.00640547,0.00570561,0.00508977,0.00440732,0.00376661,0.00306584
0.00813722,0.00790329,0.00768679,0.00719738,0.00675624,0.00617317,0.00553058,0.00487096,0.00421718,0.00359727,0.0029527
0.00781378,0.0076422,0.00746749,0.00694882,0.00647716,0.00594481,0.00528859,0.00466313,0.0040229,0.00341891,0.00278032
0.00757184,0.00739878,0.00720809,0.00674045,0.00624785,0.00569365,0.0051101,0.0044939,0.00387774,0.00328284,0.00267065
0.00730432,0.00713227,0.00697162,0.00647597,0.00601429,0.00548371,0.00490509,0.00428833,0.00371708,0.00314033,0.00254492
0.00705864,0.00690197,0.00673314,0.00626322,0.00580886,0.0052918,0.0047275,0.00413825,0.00357209,0.00303174,0.00244316
0.00680112,0.00672323,0.00650414,0.0060755,0.00557352,0.0051275,0.00454827,0.0039579,0.00348048,0.00290207,0.00233569
0.00659691,0.00644844,0.00625159,0.00582572,0.00543809,0.00491469,0.00441652,0.00384292,0.0032923,0.0027662,0.00223738
0.00641388,0.00628411,0.0060523,0.00563124,0.0052455,0.00472009,0.00428849,0.00366416,0.00316627,0.00266017,0.00212739
0.00618334,0.00604506,0.00583051,0.00544383,0.00504237,0.00457696,0.00410395,0.00354414,0.00307222,0.00255874,0.00204997
0.00595305,0.00582891,0.00563988,0.0052727,0.00487001,0.00442404,0.0039772,0.00344448,0.00296454,0.00247575,0.00198483
0.00579579,0.00563104,0.00546301,0.00509918,0.00473914,0.00424209,0.00384374,0.00331912,0.00283931,0.00237593,0.00189904
0.00557195,0.00545933,0.00527168,0.00492387,0.00455996,0.00409669,0.00371782,0.00317257,0.00272575,0.00227253,0.00181277
0.00542566,0.00528303,0.00512857,0.00479291,0.00438091,0.00399205,0.00354518,0.0030919,0.00264207,0.00220982,0.00173375
0.0052546,0.00508511,0.00495758,0.00459136,0.00426214,0.00383186,0.00340671,0.0029738,0.00252281,0.00212609,0.00165721
0.00511038,0.0049617,0.00478032,0.00446863,0.00409905,0.00370022,0.00333561,0.00285782,0.00244676,0.00203325,0.0016082
0.00490241,0.00477291,0.00463612,0.00431171,0.00397362,0.00358796,0.00321331,0.00275297,0.00235406,0.00194979,0.00153411
0.00474381,0.00461503,0.00449059,0.00417751,0.00385946,0.00345586,0.00311212,0.00263997,0.00227188,0.0018947,0.00145089
0.00462822,0.0045144,0.00433472,0.00404591,0.00370654,0.00334933,0.00302219,0.002559,0.00219264,0.00180827,0.00142659
0.00449092,0.00436226,0.00418728,0.00391144,0.00358916,0.00322626,0.00290404,0.00248189,0.0021052,0.00174986,0.00136903
0.00434608,0.00421182,0.00405564,0.00377453,0.0034716,0.00312408,0.00279987,0.00238972,0.0020289,0.00167671,0.00130991
0.00422116,0.00407653,0.00393199,0.00365134,0.00336925,0.00302022,0.00271382,0.00231665,0.00194806,0.00162062,0.00125269
0.00405653,0.00397013,0.00380878,0.00355357,0.00326316,0.00293645,0.00260454,0.00223412,0.0019025,0.00156204,0.00121222
0.00398123,0.00384077,0.00367658,0.00342534,0.00314054,0.00282994,0.00253934,0.00216228,0.00182437,0.00150342,0.00117709
0.00384701,0.0037176,0.00357469,0.00332691,0.00304612,0.00273965,0.00244845,0.00208571,0.00175887,0.00144697,0.00112351
0.0037229,0.0036013,0.00346044,0.0032236,0.00295164,0.00265405,0.00236925,0.0020086,0.00169904,0.00140866,0.00106548
0.00362793,0.00350289,0.00336073,0.00311522,0.00285914,0.00258499,0.00228792,0.00193864,0.001637,0.00134917,0.00104497
0.00350146,0.00339946,0.00327173,0.00303914,0.00276946,0.00248656,0.00222391,0.00187061,0.00158633,0.00128977,0.00100785
0.00342352,0.00330948,0.0031483,0.00292191,0.00267609,0.00242637,0.00215077,0.00183312,0.00153246,0.001256,0.000973098
0.00331174,0.0031952,0.0030687,0.00285119,0.00260015,0.00233743,0.0020739,0.00176329,0.00147892,0.00121701,0.000930769
0.00321749,0.00310985,0.0029743,0.00277393,0.00252936,0.00226884,0.00201149,0.00169746,0.00143384,0.00118802,0.000902441
0.00310037,0.00299918,0.00290845,0.00268685,0.00244496,0.00220441,0.00194737,0.00164064,0.00138846,0.00112954,0.000871456
0.00300265,0.00290848,0.00280796,0.00260388,0.00237933,0.00213353,0.00188933,0.00158733,0.00134102,0.00108509,0.000839464
0.00296306,0.00283501,0.00270665,0.00252002,0.00230313,0.00206741,0.00182835,0.00155896,0.00129424,0.00105349,0.000807382
0.00286979,0.00275794,0.00262642,0.00244295,0.0022294,0.00199355,0.00177326,0.00149259,0.00124807,0.00102234,0.000778571
0.00277331,0.00269631,0.00256328,0.0023747,0.00216299,0.00194528,0.00171497,0.00144719,0.00120787,0.000983051,0.000751033
0.00270067,0.00258901,0.0024815,0.00230457,0.00209145,0.00188698,0.00165914,0.00139628,0.00117539,0.000952797,0.000734593
0.00261722,0.00249732,0.00240425,0.00222476,0.00204171,0.00182068,0.00161135,0.00135701,0.00112837,0.000920003,0.000699956
0.00255036,0.00245945,0.0023381,0.00216872,0.00197942,0.00177247,0.00156113,0.00131529,0.00109872,0.00089059,0.000681782
0.00246242,0.0023731,0.00228236,0.00211249,0.0019193,0.00172268,0.00151443,0.00127342,0.00106108,0.000854676,0.000662596
0.00241281,0.00230741,0.00219709,0.0020487,0.00186338,0.00167519,0.00147225,0.00123533,0.00102743,0.000831483,0.000638483
0.00232662,0.00225224,0.00214526,0.00198848,0.00181108,0.00161689,0.00142301,0.00119659,0.000996153,0.000803143,0.000616164
0.00227019,0.00217962,0.00207769,0.00192991,0.00175628,0.00157621,0.00139176,0.00116526,0.000969365,0.000778299,0.000597709
0.00220532,0.00212344,0.00202792,0.00187557,0.00170797,0.00152747,0.00133696,0.00112234,0.000935612,0.000752888,0.000577889
0.00214936,0.00204961,0.00198282,0.00182306,0.00165262,0.00148498,0.00129751,0.0010942,0.000907486,0.00072919,0.000560021
0.0020863,0.00202032,0.00192056,0.00177464,0.00161439,0.00144071,0.00126118,0.00106056,0.000875276,0.000711775,0.000536861
0.00203517,0.00194435,0.00185378,0.00172915,0.00156358,0.0014046,0.00122583,0.00103046,0.000857488,0.000683298,0.000526301
0.00196748,0.00188025,0.00183618,0.00168029,0.00152046,0.00136293,0.00118919,0.000989265,0.000829305,0.000664764,0.00050522
0.00192649,0.00184302,0.00176041,0.00163233,0.00147215,0.00132793,0.00115022,0.000967042,0.000807944,0.000644197,0.000488724
0.00187299,0.00180175,0.00172443,0.00158156,0.00143509,0.00128383,0.00112279,0.000936648,0.000776387,0.00061997,0.00047157
0.0018255,0.00173215,0.00167076,0.00153303,0.00139072,0.00125354,0.00108379,0.00090723,0.000756273,0.000598125,0.000463822
0.00177191,0.0017112,0.00163818,0.00149549,0.00135534,0.00121698,0.00106775,0.000882885,0.000729233,0.000583765,0.000441411
0.00172141,0.00163947,0.00158554,0.00146566,0.00131054,0.00119365,0.00103031,0.000858597,0.000708809,0.000565417,0.000421854
0.00167216,0.00161278,0.00153407,0.00141481,0.00128862,0.00114694,0.000997043,0.000834193,0.000684789,0.000550495,0.00040987
0.00164329,0.00156786,0.00149913,0.00137226,0.00124823,0.00111561,0.000973032,0.0008102,0.00066674,0.000529738,0.000401878
0.00159235,0.00152303,0.00145859,0.00134256,0.00121401,0.00108997,0.000942636,0.000785071,0.000646922,0.00051513,0.000387069
0.00154407,0.00147895,0.00141168,0.00130976,0.00117141,0.00106643,0.000918407,0.000768765,0.000629558,0.000503108,0.00037271
0.00149763,0.00145599,0.00137237,0.00126385,0.00114516,0.00102956,0.000890156,0.00074527,0.000609737,0.000483347,0.000364798
0.00146435,0.00140459,0.00133872,0.00123672,0.00110686,0.00100332,0.00087126,0.000724523,0.000592985,0.000469354,0.000352314
0.00142229,0.00137122,0.00130535,0.00120457,0.00109105,0.00097586,0.000842493,0.000700392,0.000574535,0.00045613,0.000338309
0.00139717,0.00134404,0.0012699,0.00116856,0.00105931,0.000951214,0.00082029,0.00068519,0.000558838,0.000439928,0.000329384
0.00135624,0.00129846,0.00124771,0.00114134,0.00103805,0.000924557,0.000801902,0.000661474,0.000541757,0.000429038,0.000320068
0.00132498,0.00127024,0.00119839,0.00110281,0.00100488,0.000897183,0.000775807,0.000646109,0.000525612,0.000416039,0.000309909
0.00128968,0.00124605,0.00118327,0.00108298,0.000979848,0.000877516,0.000757611,0.000627231,0.0005123,0.000405976,0.00030054
0.00125867,0.00119928,0.00113716,0.00105424,0.000944673,0.00085867,0.000733744,0.000610229,0.000497605,0.000394062,0.000293163
0.00122516,0.00117349,0.00112706,0.00102596,0.000921473,0.000828275,0.000720577,0.000588133,0.000483976,0.000384803,0.000278718
0.00119477,0.00114072,0.00108761,0.000987792,0.000904371,0.000810238,0.000697248,0.000575897,0.000470567,0.000370784,0.000273048
0.00116548,0.00111346,0.00106061,0.000961936,0.000876944,0.000792794,0.000676723,0.000564388,0.000458706,0.000359047,0.000267616
0.00113529,0.00108979,0.00103089,0.00095198,0.000860865,0.000772186,0.000658384,0.000550531,0.000444978,0.00035191,0.000256865
0.00111547,0.00106542,0.00100169,0.000925567,0.00084193,0.000752336,0.00064566,0.000532122,0.000431557,0.000337767,0.000248277
0.00108701,0.00103385,0.000981055,0.000904587,0.000817243,0.00073204,0.000628609,0.000517849,0.000420797,0.000333584,0.000241014
0.0010598,0.00100439,0.0009624,0.000872031,0.000788295,0.000715447,0.000608802,0.000505147,0.000408477,0.000321548,0.000235393
0.00102795,0.000983073,0.000933562,0.000848774,0.000775119,0.000697117,0.000592935,0.000492998,0.000398376,0.000313715,0.000229172
0.00100762,0.000963654,0.000914035,0.00083211,0.00075094,0.000677392,0.000575454,0.000476295,0.000388649,0.000306116,0.00022271
0.000981701,0.000931696,0.000885908,0.000800206,0.000736593,0.000661494,0.000565129,0.000461638,0.000378276,0.000297381,0.000216401
0.000956864,0.000904105,0.000867669,0.000786468,0.000712572,0.000642057,0.00055266,0.000454357,0.000366714,0.000286106,0.000209975
0.000932675,0.000882915,0.000840231,0.000771244,0.000693684,0.000625653,0.000536262,0.000443795,0.000355005,0.0002809,0.000205391
0.000908494,0.000867505,0.000826491,0.000753234,0.000679089,0.00061169,0.000522021,0.000432043,0.000349413,0.000276085,0.000198561
0.000887573,0.000842756,0.000803744,0.000733721,0.00065896,0.000592122,0.000510324,0.000417097,0.0003346,0.000266125,0.000192656
0.000866925,0.000816169,0.000784973,0.00071429,0.000648515,0.000577448,0.000492195,0.00040968,0.000325298,0.000258577,0.000185376
0.000845121,0.000802619,0.000758694,0.00069714,0.00063098,0.000566348,0.00048352,0.000400604,0.000320112,0.000249554,0.000181575
0.000821642,0.000788931,0.000746962,0.000676512,0.000614895,0.000553847,0.000467643,0.000388096,0.000310818,0.00024443,0.000179144
0.000806979,0.000765848,0.000726859,0.000667157,0.000600797,0.00053401,0.000461322,0.000380856,0.000305335,0.000238217,0.000173153
0.000786463,0.000741775,0.000713101,0.000646989,0.000585236,0.000525405,0.00044706,0.000367094,0.000296201,0.000232673,0.000164467
0.000771122,0.000722389,0.000685021,0.000634699,0.000578694,0.000512045,0.000436364,0.000361599,0.000289577,0.000225043,0.000160269
0.000743156,0.000718296,0.000673687,0.000617583,0.000555357,0.00049852,0.000425712,0.000353758,0.00027805,0.000219502,0.000160397
0.000729474,0.000695368,0.00065923,0.000607294,0.000547242,0.000485303,0.000418221,0.000344618,0.000272662,0.000214105,0.000152529
0.000712855,0.00068327,0.000651387,0.000589891,0.000530204,0.000478305,0.000408195,0.000335231,0.000261999,0.000208546,0.000150035
0.000699132,0.000661807,0.000627772,0.00057411,0.000521916,0.000466209,0.000399181,0.00032564,0.000260171,0.000203527,0.000144587
0.000678853,0.000649272,0.000621317,0.00055889,0.000512984,0.000459418,0.000386172,0.000314783,0.000253447,0.000200293,0.000141897
0.000666836,0.00063519,0.000602023,0.000546492,0.000497185,0.000444509,0.000378988,0.000308846,0.000246379,0.000193782,0.000138101
0.000650763,0.000622695,0.000586097,0.000536404,0.000486207,0.000437506,0.000368806,0.000302261,0.000240876,0.000186453,0.000134373
0.000636612,0.000606025,0.000571458,0.000520997,0.000477486,0.000419976,0.00036317,0.000294556,0.000236421,0.000184398,0.000128658
0.000623918,0.000599685,0.000563315,0.00051131,0.000462456,0.000412823,0.000349937,0.000289983,0.00022662,0.000178734,0.000127439
0.000605331,0.000573497,0.000547895,0.000493821,0.000452658,0.000406084,0.000344463,0.000280656,0.000223691,0.00017406,0.000124651
0.000593064,0.000568074,0.000537157,0.000490051,0.000445204,0.000397362,0.000334412,0.000274124,0.000215352,0.000168469,0.000121047
0.000579423,0.000553349,0.00052243,0.000477333,0.000433947,0.000384018,0.000328632,0.000269754,0.000213092,0.000166144,0.000117671
0.000573429,0.000535811,0.000511941,0.00046936,0.00042671,0.000375203,0.000320242,0.000260173,0.000206997,0.000161489,0.000112843
0.000556906,0.000525887,0.000499945,0.000461355,0.00041691,0.000365389,0.000312487,0.000257572,0.000201838,0.000157253,0.000111245
0.000540416,0.000515105,0.000489862,0.000449209,0.00040601,0.000357612,0.000303682,0.000248975,0.000196636,0.000150765,0.000108821
0.00053323,0.000503919,0.000481393,0.000431669,0.000395157,0.000350319,0.000300511,0.000241707,0.000193058,0.000150148,0.00010726
0.000516868,0.000494655,0.000465761,0.000420741,0.00038798,0.000341539,0.000290831,0.000236137,0.000185314,0.000145029,0.000102102
0.000508811,0.000487416,0.000458466,0.000417109,0.000379276,0.00033532,0.000285406,0.000232702,0.000184545,0.000143795,9.99875e-05
0.000489083,0.000472252,0.000449675,0.000407703,0.000371558,0.000329744,0.000278501,0.000226022,0.000177895,0.000139029,9.90983e-05
0.000483857,0.000468518,0.000438293,0.000395311,0.000362126,0.000322243,0.000273368,0.000220706,0.000174751,0.000136014,9.59211e-05
0.000474828,0.000451234,0.000429592,0.000387539,0.000355059,0.000312714,0.00026728,0.000214849,0.000169432,0.000132071,9.35861e-05
0.000466142,0.000449102,0.000417575,0.000383451,0.000345204,0.000304845,0.00026101,0.000211413,0.000168541,0.000130224,9.06638e-05
0.000455048,0.000432037,0.000411572,0.00037568,0.000338786,0.000298202,0.000255678,0.000207144,0.000165308,0.000127512,8.94062e-05
0.000448481,0.000417075,0.000396617,0.000363431,0.000334313,0.000288123,0.000247537,0.000200888,0.000159423,0.000123289,8.62321e-05
0.000434312,0.00041761,0.000391577,0.000357299,0.000322674,0.000284181,0.000242916,0.000198101,0.000155605,0.000119563,8.4155e-05
0.000427083,0.000406512,0.000383252,0.000349008,0.000316682,0.000276795,0.000238223,0.000192016,0.000151824,0.000116594,8.17394e-05
0.000418907,0.00039739,0.000377301,0.000342126,0.000308081,0.000271765,0.000232398,0.000187501,0.0001479,0.000113714,8.10904e-05
0.00040536,0.000390295,0.000368212,0.000334393,0.000303268,0.000266923,0.00022861,0.000183658,0.000145194,0.00011233,7.73232e-05
0.00039891,0.000381168,0.000359398,0.000328191,0.000297785,0.000258362,0.000223293,0.000180073,0.000142887,0.000108736,7.5419e-05
0.000392542,0.000369289,0.0003512,0.000320176,0.000290469,0.000251271,0.000217421,0.000175634,0.000137613,0.000105439,7.38533e-05
0.00038247,0.000363765,0.0003423,0.000312221,0.000286165,0.000246873,0.000213134,0.000171899,0.000136412,0.000103003,7.24167e-05
0.000372799,0.000355741,0.00033713,0.000304285,0.000279961,0.000242818,0.000209298,0.00016803,0.000132616,0.00010171,7.11011e-05
0.000365476,0.000350354,0.000330956,0.000299211,0.000272104,0.000237369,0.000204612,0.000164998,0.000129435,9.94632e-05,6.88982e-05
0.0003585,0.000340782,0.000321508,0.000292816,0.000267065,0.000231056,0.000200061,0.000162198,0.000126324,9.69707e-05,6.71159e-05
0.000350598,0.000336031,0.000320693,0.000290515,0.000261517,0.000230946,0.000196369,0.000156944,0.000123689,9.43256e-05,6.49545e-05
0.000345697,0.00032986,0.000311097,0.000283949,0.000255505,0.000223292,0.000190939,0.000153398,0.00012051,9.19863e-05,6.39136e-05
0.000338419,0.000326357,0.00030212,0.0002777,0.00025174,0.000217562,0.000187926,0.000150484,0.000118018,8.97017e-05,6.22196e-05
0.000332503,0.000317683,0.000298448,0.000272345,0.000245856,0.000213493,0.000183609,0.000147613,0.000115914,8.69886e-05,5.96805e-05
0.000324077,0.000307829,0.000291388,0.000266239,0.000240852,0.00020947,0.000179071,0.000143295,0.000112862,8.55375e-05,5.97076e-05
0.000316776,0.000303258,0.00028593,0.000258744,0.000234763,0.000204429,0.000175768,0.00013999,0.00011015,8.36529e-05,5.75718e-05
0.000310381,0.000295595,0.000279946,0.000254163,0.000230318,0.000200283,0.000172123,0.000137874,0.000108443,8.17571e-05,5.67282e-05
0.000305311,0.000288899,0.000275155,0.000248342,0.000225389,0.000197043,0.000168469,0.000133972,0.000105849,8.0384e-05,5.50759e-05
0.000298164,0.000285283,0.000268729,0.000244881,0.00022109,0.00019194,0.000164878,0.000131563,0.000103214,7.81071e-05,5.37201e-05
0.00029057,0.000279408,0.000262799,0.000239634,0.000215887,0.000187908,0.000161559,0.000128634,0.000100777,7.52718e-05,5.27592e-05
0.000287329,0.000272317,0.000259293,0.000235806,0.000212877,0.000183982,0.000157703,0.000125784,9.82757e-05,7.43843e-05,5.07121e-05
0.000282516,0.000267487,0.000254037,0.000231947,0.000209708,0.000180191,0.000153522,0.000123067,9.66859e-05,7.24213e-05,4.94786e-05
0.000276625,0.000259748,0.000248596,0.000226119,0.000203045,0.000178024,0.000151211,0.000120503,9.46873e-05,7.09386e-05,4.89451e-05
0.000269159,0.000260119,0.000244257,0.000219975,0.000201263,0.000174143,0.000148557,0.00011811,9.28177e-05,7.01289e-05,4.72867e-05
0.000262945,0.000254389,0.000238722,0.000214401,0.000194836,0.000169445,0.000145206,0.000115041,9.01716e-05,6.73395e-05,4.61375e-05
0.000260449,0.000248159,0.000233024,0.000212201,0.000193388,0.000165664,0.000142839,0.000112709,8.83762e-05,6.67386e-05,4.48684e-05
0.000254552,0.000244432,0.000228609,0.00020796,0.000187971,0.000162551,0.000139079,0.000111423,8.7107e-05,6.48363e-05,4.37261e-05
0.000249449,0.000236575,0.000224947,0.000203461,0.000184164,0.000159804,0.000136297,0.000108475,8.46452e-05,6.31364e-05,4.30949e-05
0.000244785,0.000233993,0.000220728,0.000200563,0.000179787,0.000155688,0.000134865,0.000106078,8.2829e-05,6.21148e-05,4.20777e-05
0.000239959,0.00023061,0.000215969,0.00019585,0.000176361,0.000153004,0.000130879,0.000104272,8.03581e-05,6.00664e-05,4.15135e-05
0.000235497,0.000224438,0.000211682,0.000193145,0.000173149,0.000150765,0.000128188,0.000102149,7.93325e-05,5.93693e-05,4.03956e-05
0.000230053,0.000219681,0.000208707,0.000189054,0.000168185,0.000147463,0.000124948,0.000100374,7.72692e-05,5.73018e-05,3.94808e-05
0.000226168,0.000215446,0.000203822,0.00018482,0.000166128,0.000144266,0.000123224,9.80437e-05,7.61541e-05,5.65206e-05,3.86742e-05
0.000221597,0.000212112,0.00020013,0.000181593,0.000162319,0.00014035,0.000121058,9.55199e-05,7.4406e-05,5.5174e-05,3.73294e-05
0.000218706,0.00020782,0.000195978,0.000177592,0.000158607,0.000138365,0.000117431,9.36016e-05,7.30321e-05,5.36868e-05,3.68303e-05
0.000215193,0.000203301,0.000192769,0.000176032,0.000157964,0.0001354,0.000115864,9.17535e-05,7.16689e-05,5.29574e-05,3.52922e-05
0.000210006,0.000200854,0.000188899,0.000172109,0.000154432,0.000132416,0.000113893,9.01923e-05,6.998e-05,5.16296e-05,3.42881e-05
0.000205251,0.000193677,0.000185595,0.000168122,0.000150342,0.000129147,0.000111997,8.8166e-05,6.80122e-05,5.02236e-05,3.41708e-05
0.000201973,0.000191712,0.000181856,0.000165376,0.000148732,0.000127686,0.000109626,8.71939e-05,6.67408e-05,4.96542e-05,3.3123e-05
0.000198561,0.000188086,0.000178384,0.000162046,0.000144868,0.000125774,0.000106942,8.53006e-05,6.59244e-05,4.81801e-05,3.23204e-05
0.00019368,0.000185429,0.000174554,0.00015843,0.000142472,0.000122764,0.000105132,8.36479e-05,6.42595e-05,4.70762e-05,3.17978e-05
0.000191208,0.000181789,0.000171429,0.000156868,0.000139784,0.000120712,0.000103938,8.16327e-05,6.29231e-05,4.62245e-05,3.11235e-05
0.000187241,0.000179172,0.000168801,0.000153797,0.000137142,0.000119597,0.00010092,7.96982e-05,6.13191e-05,4.49028e-05,3.03094e-05
0.000183753,0.00017527,0.000164986,0.000150309,0.000133544,0.000116152,9.87163e-05,7.84709e-05,6.0762e-05,4.41814e-05,2.97699e-05
0.000179868,0.000171562,0.000163,0.000147116,0.000131808,0.000114036,9.74798e-05,7.64531e-05,5.87088e-05,4.32085e-05,2.88869e-05
0.000177154,0.000167873,0.000159176,0.00014468,0.000129292,0.000111204,9.47382e-05,7.5091e-05,5.7814e-05,4.23468e-05,2.84959e-05
0.000173241,0.000166168,0.000156181,0.00014202,0.000127071,0.000109292,9.30885e-05,7.36995e-05,5.7027e-05,4.16852e-05,2.71226e-05
0.000170502,0.000161644,0.000152286,0.000138668,0.000124589,0.000107909,9.10611e-05,7.17906e-05,5.55977e-05,4.05861e-05,2.68068e-05
0.000167101,0.000159947,0.000149914,0.000136184,0.000122232,0.000104995,8.94542e-05,7.11741e-05,5.44111e-05,3.92621e-05,2.6219e-05
0.000164569,0.00015752,0.000147481,0.000134854,0.000119646,0.000103572,8.79046e-05,6.94008e-05,5.34468e-05,3.90247e-05,2.55949e-05
0.000161661,0.000153425,0.00014362,0.000131675,0.000117727,0.000101352,8.60462e-05,6.83617e-05,5.2481e-05,3.81278e-05,2.51966e-05
0.000158999,0.000150062,0.000142532,0.000130135,0.000114765,0.000100418,8.4112e-05,6.65249e-05,5.13234e-05,3.70684e-05,2.45765e-05
0.000156096,0.000148169,0.000138958,0.000127354,0.000113394,9.73587e-05,8.31723e-05,6.55023e-05,5.0232e-05,3.61969e-05,2.38532e-05
0.000151709,0.000144724,0.000136666,0.000125168,0.00011056,9.63398e-05,8.10751e-05,6.40471e-05,4.92802e-05,3.52486e-05,2.35307e-05
0.000149827,0.000141108,0.000134061,0.000122591,0.000110075,9.43119e-05,7.95253e-05,6.26439e-05,4.7973e-05,3.47015e-05,2.28516e-05
0.000146532,0.000139529,0.000132387,0.000120619,0.000106287,9.20269e-05,7.84713e-05,6.14636e-05,4.70463e-05,3.41487e-05,2.25204e-05
0.00014421,0.000137926,0.000127974,0.000117595,0.000104412,9.09023e-05,7.66903e-05,6.08062e-05,4.64079e-05,3.34888e-05,2.1765e-05
0.000142002,0.000135551,0.000126583,0.000115767,0.000102787,8.92474e-05,7.53987e-05,5.91417e-05,4.55745e-05,3.27402e-05,2.1365e-05
0.00013912,0.000132028,0.000124239,0.000113888,0.000101169,8.76575e-05,7.37292e-05,5.81813e-05,4.39241e-05,3.17476e-05,2.0749e-05
0.00013668,0.000129167,0.000121717,0.000111156,9.86956e-05,8.50776e-05,7.2386e-05,5.72179e-05,4.35909e-05,3.10275e-05,2.02688e-05
0.000135464,0.000127978,0.000119878,0.000109679,9.78401e-05,8.39209e-05,7.11423e-05,5.57863e-05,4.29425e-05,3.02335e-05,1.98218e-05
0.000132398,0.000123525,0.00011802,0.000109144,9.49418e-05,8.27609e-05,6.97661e-05,5.48771e-05,4.19868e-05,2.96991e-05,1.95285e-05
0.000131222,0.000122138,0.000115462,0.000105683,9.4941e-05,8.12792e-05,6.7983e-05,5.36764e-05,4.04653e-05,2.9202e-05,1.91576e-05
0.00012819,0.000119952,0.000113415,0.000103323,9.19273e-05,8.03441e-05,6.64112e-05,5.30879e-05,4.02972e-05,2.86897e-05,1.83847e-05
0.000125106,0.00011804,0.000113169,0.000101907,9.03921e-05,7.74503e-05,6.59999e-05,5.26272e-05,3.96202e-05,2.77393e-05,1.8049e-05
0.000122759,0.000116403,0.000110062,0.000100518,8.84367e-05,7.66543e-05,6.46601e-05,5.07726e-05,3.85406e-05,2.74846e-05,1.76662e-05
0.000120541,0.000113716,0.000107301,9.89516e-05,8.6692e-05,7.53351e-05,6.32452e-05,5.03174e-05,3.80288e-05,2.67724e-05,1.74861e-05
0.000118758,0.000111247,0.000106621,9.72133e-05,8.555e-05,7.3525e-05,6.2575e-05,4.8816e-05,3.69659e-05,2.6207e-05,1.68882e-05
0.00011599,0.000111044,0.000103252,9.45802e-05,8.3785e-05,7.24845e-05,6.14279e-05,4.78201e-05,3.67013e-05,2.53523e-05,1.65442e-05
0.000114741,0.000109244,0.000102463,9.29444e-05,8.2324e-05,7.16186e-05,5.99714e-05,4.72119e-05,3.58885e-05,2.51333e-05,1.60477e-05
0.000111725,0.00010787,0.000100037,9.27114e-05,8.14553e-05,6.99122e-05,5.84497e-05,4.63103e-05,3.499e-05,2.48054e-05,1.58929e-05
0.000111057,0.000104139,9.85694e-05,9.00948e-05,7.97753e-05,6.85751e-05,5.74439e-05,4.54536e-05,3.44132e-05,2.40875e-05,1.55293e-05
0.000109818,0.000103481,9.56086e-05,8.81097e-05,7.83369e-05,6.69391e-05,5.65822e-05,4.44414e-05,3.36752e-05,2.34477e-05,1.51396e-05
0.000106766,0.000101707,9.52585e-05,8.73728e-05,7.7005e-05,6.68302e-05,5.57258e-05,4.3793e-05,3.33397e-05,2.29001e-05,1.46305e-05
0.000105336,9.93477e-05,9.28178e-05,8.56466e-05,7.57271e-05,6.53264e-05,5.42618e-05,4.26502e-05,3.2299e-05,2.2515e-05,1.44113e-05
0.000103385,9.72551e-05,9.13171e-05,8.438e-05,7.39794e-05,6.41445e-05,5.34524e-05,4.19246e-05,3.17507e-05,2.21349e-05,1.42294e-05
0.000100987,9.54603e-05,9.00027e-05,8.26275e-05,7.28473e-05,6.23048e-05,5.25069e-05,4.16991e-05,3.09274e-05,2.16349e-05,1.35729e-05
9.90969e-05,9.43975e-05,8.83582e-05,8.10956e-05,7.14042e-05,6.15184e-05,5.15036e-05,4.04922e-05,3.06887e-05,2.13827e-05,1.36317e-05
9.83474e-05,9.22982e-05,8.69517e-05,8.01179e-05,7.09374e-05,6.0676e-05,5.00042e-05,4.00102e-05,3.04733e-05,2.06457e-05,1.32878e-05
9.73775e-05,8.96295e-05,8.52718e-05,7.76034e-05,6.90066e-05,5.9842e-05,4.96212e-05,3.9075e-05,2.94055e-05,2.0351e-05,1.2777e-05
9.48344e-05,9.09363e-05,8.4222e-05,7.64539e-05,6.75559e-05,5.88868e-05,4.84984e-05,3.84471e-05,2.89618e-05,1.97829e-05,1.25834e-05
9.23539e-05,8.7471e-05,8.13831e-05,7.58856e-05,6.59132e-05,5.734e-05,4.83027e-05,3.74006e-05,2.85646e-05,1.96378e-05,1.2592e-05
9.12785e-05,8.58464e-05,8.01367e-05,7.43812e-05,6.56613e-05,5.64705e-05,4.66279e-05,3.6921e-05,2.79554e-05,1.90973e-05,1.18038e-05
8.99709e-05,8.40655e-05,7.95424e-05,7.26893e-05,6.41968e-05,5.54119e-05,4.57486e-05,3.59372e-05,2.77271e-05,1.87628e-05,1.19834e-05
8.77739e-05,8.30106e-05,7.75313e-05,7.11274e-05,6.32147e-05,5.49361e-05,4.53672e-05,3.54885e-05,2.65521e-05,1.83457e-05,1.14866e-05
8.57717e-05,8.15254e-05,7.60176e-05,7.07991e-05,6.21718e-05,5.37857e-05,4.41033e-05,3.49547e-05,2.63187e-05,1.82152e-05,1.12403e-05
8.5832e-05,8.02005e-05,7.47902e-05,6.92188e-05,6.0921e-05,5.32222e-05,4.35292e-05,3.4499e-05,2.59208e-05,1.75837e-05,1.08597e-05
8.36788e-05,7.93718e-05,7.39129e-05,6.7808e-05,5.91498e-05,5.18304e-05,4.27993e-05,3.36996e-05,2.53642e-05,1.71964e-05,1.04699e-05
8.26176e-05,7.75793e-05,7.25654e-05,6.75226e-05,5.91451e-05,5.05646e-05,4.19537e-05,3.30959e-05,2.50275e-05,1.68996e-05,1.03556e-05
8.11836e-05,7.75599e-05,7.14912e-05,6.58685e-05,5.7939e-05,5.00789e-05,4.08346e-05,3.27557e-05,2.45453e-05,1.63775e-05,1.03702e-05
7.99907e-05,7.49329e-05,6.95324e-05,6.3976e-05,5.65232e-05,4.94362e-05,4.01098e-05,3.18015e-05,2.4022e-05,1.60481e-05,1.00842e-05
7.80014e-05,7.36011e-05,6.92178e-05,6.36193e-05,5.59712e-05,4.87206e-05,3.98491e-05,3.1637e-05,2.34849e-05,1.60142e-05,9.70577e-06
7.66087e-05,7.25255e-05,6.8047e-05,6.30583e-05,5.49247e-05,4.79801e-05,3.89061e-05,3.09059e-05,2.30379e-05,1.52644e-05,9.40976e-06
7.55065e-05,7.07379e-05,6.6517e-05,6.10863e-05,5.38204e-05,4.73577e-05,3.78131e-05,3.01795e-05,2.27276e-05,1.52335e-05,9.19128e-06
7.45884e-05,7.10615e-05,6.62982e-05,6.06358e-05,5.32381e-05,4.59859e-05,3.72631e-05,2.94058e-05,2.23373e-05,1.48276e-05,9.30753e-06
7.25549e-05,6.8087e-05,6.40084e-05,5.87889e-05,5.23867e-05,4.5014e-05,3.65971e-05,2.91072e-05,2.17449e-05,1.47234e-05,8.82202e-06
7.22672e-05,6.71734e-05,6.28597e-05,5.79688e-05,5.22743e-05,4.44687e-05,3.60723e-05,2.8637e-05,2.1303e-05,1.40881e-05,8.69815e-06
7.00269e-05,6.67966e-05,6.22046e-05,5.80064e-05,5.06503e-05,4.31112e-05,3.56265e-05,2.75561e-05,2.08941e-05,1.38928e-05,8.81201e-06
7.03504e-05,6.63175e-05,6.09332e-05,5.65024e-05,4.98651e-05,4.30696e-05,3.4746e-05,2.72059e-05,2.03975e-05,1.32969e-05,8.46409e-06
6.83591e-05,6.49372e-05,5.94067e-05,5.55537e-05,4.95353e-05,4.29895e-05,3.44131e-05,2.67707e-05,2.02685e-05,1.32487e-05,7.99897e-06
6.69944e-05,6.38779e-05,5.86194e-05,5.45798e-05,4.81017e-05,4.15126e-05,3.36454e-05,2.65306e-05,1.95835e-05,1.31087e-05,7.88163e-06
6.62231e-05,6.3063e-05,5.77097e-05,5.3769e-05,4.74995e-05,4.06406e-05,3.36467e-05,2.59063e-05,1.94508e-05,1.30226e-05,7.71114e-06
6.50126e-05,6.17418e-05,5.71834e-05,5.26242e-05,4.71653e-05,4.03326e-05,3.20356e-05,2.60605e-05,1.90287e-05,1.25133e-05,7.63324e-06
6.38617e-05,6.01259e-05,5.54861e-05,5.19523e-05,4.55045e-05,3.9344e-05,3.16379e-05,2.5088e-05,1.85235e-05,1.20146e-05,7.28003e-06
6.27799e-05,5.92129e-05,5.52573e-05,5.07513e-05,4.52652e-05,3.84746e-05,3.15773e-05,2.44152e-05,1.83838e-05,1.21663e-05,7.22158e-06
6.08523e-05,5.93658e-05,5.35522e-05,4.97515e-05,4.41602e-05,3.79769e-05,3.07564e-05,2.38877e-05,1.79496e-05,1.16271e-05,7.14257e-06
6.13597e-05,5.78782e-05,5.29606e-05,4.94715e-05,4.37478e-05,3.76172e-05,3.00063e-05,2.38943e-05,1.75634e-05,1.16484e-05,7.01562e-06
5.99524e-05,5.60504e-05,5.20738e-05,4.85104e-05,4.27515e-05,3.7256e-05,2.97081e-05,2.34982e-05,1.70431e-05,1.12524e-05,6.72221e-06
5.86243e-05,5.53154e-05,5.17351e-05,4.707e-05,4.26592e-05,3.63352e-05,2.89454e-05,2.32478e-05,1.69228e-05,1.11205e-05,6.53162e-06
5.75422e-05,5.47845e-05,5.08858e-05,4.71009e-05,4.12496e-05,3.6083e-05,2.89459e-05,2.26625e-05,1.66356e-05,1.07293e-05,6.32389e-06
5.5649e-05,5.38351e-05,4.88293e-05,4.5653e-05,4.06585e-05,3.49279e-05,2.8167e-05,2.21804e-05,1.6301e-05,1.05216e-05,6.18403e-06
5.60223e-05,5.3e-05,4.86752e-05,4.4987e-05,4.03346e-05,3.47729e-05,2.7511e-05,2.18997e-05,1.59718e-05,1.03972e-05,5.97771e-06
5.48859e-05,5.22432e-05,4.75052e-05,4.39606e-05,3.915e-05,3.38437e-05,2.71026e-05,2.12176e-05,1.57154e-05,1.02216e-05,5.83043e-06
5.37427e-05,5.1316e-05,4.65029e-05,4.34674e-05,3.91175e-05,3.3108e-05,2.69915e-05,2.09396e-05,1.5527e-05,9.85557e-06,5.94622e-06
5.27247e-05,5.08431e-05,4.66732e-05,4.3343e-05,3.78656e-05,3.24109e-05,2.63331e-05,2.0173e-05,1.52485e-05,9.68148e-06,5.76074e-06
5.21672e-05,4.9167e-05,4.60076e-05,4.25676e-05,3.76108e-05,3.2099e-05,2.5685e-05,2.03699e-05,1.48722e-05,9.60935e-06,5.42417e-06
5.20561e-05,4.82242e-05,4.49664e-05,4.14865e-05,3.71445e-05,3.13281e-05,2.51203e-05,2.01313e-05,1.47432e-05,9.12489e-06,5.39225e-06
5.07417e-05,4.78382e-05,4.40728e-05,4.10317e-05,3.66591e-05,3.11851e-05,2.47227e-05,1.95334e-05,1.43674e-05,8.96625e-06,5.38242e-06
4.9712e-05,4.76797e-05,4.31456e-05,4.02606e-05,3.56116e-05,3.01228e-05,2.43592e-05,1.91264e-05,1.40842e-05,8.80721e-06,5.12308e-06
4.86451e-05,4.65107e-05,4.28982e-05,4.0102e-05,3.51974e-05,3.01829e-05,2.37426e-05,1.86891e-05,1.3756e-05,8.8644e-06,5.1655e-06
4.85768e-05,4.57356e-05,4.20784e-05,3.88959e-05,3.4746e-05,2.97277e-05,2.35136e-05,1.8466e-05,1.33458e-05,8.67808e-06,4.95459e-06
4.75186e-05,4.48918e-05,4.06564e-05,3.78908e-05,3.37996e-05,2.92899e-05,2.29687e-05,1.80937e-05,1.31195e-05,8.30931e-06,4.73356e-06
4.6607e-05,4.41235e-05,4.08114e-05,3.7628e-05,3.38262e-05,2.83281e-05,2.27131e-05,1.76635e-05,1.30252e-05,8.33033e-06,4.64487e-06
4.57416e-05,4.35745e-05,3.95982e-05,3.73593e-05,3.35666e-05,2.86467e-05,2.23628e-05,1.76639e-05,1.27764e-05,7.95805e-06,4.4418e-06
4.48892e-05,4.24815e-05,3.94085e-05,3.64174e-05,3.27645e-05,2.82542e-05,2.20743e-05,1.70955e-05,1.26081e-05,7.78585e-06,4.36702e-06
4.43841e-05,4.19295e-05,3.87819e-05,3.57922e-05,3.2257e-05,2.72471e-05,2.15045e-05,1.68009e-05,1.22714e-05,7.82282e-06,4.33902e-06
4.31223e-05,4.17382e-05,3.75418e-05,3.54653e-05,3.10384e-05,2.69037e-05,2.10764e-05,1.64366e-05,1.19655e-05,7.51074e-06,4.30388e-06
4.23549e-05,4.10139e-05,3.76032e-05,3.50482e-05,3.07493e-05,2.65223e-05,2.06828e-05,1.61798e-05,1.18575e-05,7.3314e-06,4.23898e-06
4.21099e-05,3.96712e-05,3.61656e-05,3.41216e-05,3.00725e-05,2.58235e-05,2.02029e-05,1.58797e-05,1.16474e-05,7.07651e-06,3.97092e-06
4.18193e-05,3.92097e-05,3.62529e-05,3.41918e-05,2.98143e-05,2.55173e-05,1.98974e-05,1.555e-05,1.13553e-05,7.11505e-06,3.97003e-06
4.13417e-05,3.91232e-05,3.50124e-05,3.32849e-05,2.97415e-05,2.47411e-05,1.96819e-05,1.53004e-05,1.11637e-05,6.87182e-06,3.92889e-06
3.99385e-05,3.79761e-05,3.49356e-05,3.24486e-05,2.91443e-05,2.50236e-05,1.96367e-05,1.52769e-05,1.10004e-05,6.86577e-06,3.67945e-06
4.00144e-05,3.76259e-05,3.46486e-05,3.21941e-05,2.84634e-05,2.44137e-05,1.91825e-05,1.49624e-05,1.07885e-05,6.70779e-06,3.73167e-06
3.9247e-05,3.69641e-05,3.40543e-05,3.21559e-05,2.85329e-05,2.41484e-05,1.88257e-05,1.47313e-05,1.04118e-05,6.4796e-06,3.61014e-06
3.78035e-05,3.65828e-05,3.34077e-05,3.11562e-05,2.76051e-05,2.34469e-05,1.85387e-05,1.45302e-05,1.02276e-05,6.54276e-06,3.47529e-06
3.76941e-05,3.65096e-05,3.28365e-05,3.07254e-05,2.67687e-05,2.31901e-05,1.81825e-05,1.408e-05,1.03016e-05,6.25232e-06,3.30017e-06
3.6791e-05,3.5197e-05,3.20478e-05,3.04121e-05,2.64776e-05,2.27489e-05,1.77401e-05,1.38264e-05,9.83043e-06,6.02971e-06,3.37358e-06
