0.000166192,0.000163932,0.000161244,0.000159485,0.000155972,0.000151416,0.000148994,0.000147427,0.000143677,0.000135963,0.000133188
0.00016286,0.000161686,0.00015829,0.000156313,0.000154194,0.000149712,0.000146583,0.000141617,0.00014106,0.00013285,0.000128732
0.000160746,0.000159473,0.000155955,0.000152952,0.000148126,0.000148031,0.000142479,0.000138606,0.000136251,0.000129043,0.000124695
0.000158661,0.000157252,0.00015342,0.000149979,0.000147185,0.000145552,0.000139996,0.000134684,0.000133198,0.000126024,0.000119109
0.000156475,0.000154982,0.00015077,0.000147089,0.000144599,0.00014319,0.000137225,0.000131573,0.000129967,0.000122747,0.000115007
0.000154262,0.000152664,0.000148516,0.000144157,0.00014211,0.000140991,0.000134407,0.000128145,0.000126527,0.000119046,0.000110858
0.000152157,0.000150312,0.000145897,0.000141393,0.000139179,0.000138247,0.000131929,0.000125739,0.00012361,0.000115901,0.000107375
0.000149549,0.000147807,0.000143463,0.000138914,0.00013713,0.00013546,0.000129678,0.000122804,0.000120535,0.000112632,0.000104131
0.000147531,0.000145478,0.000141321,0.000136065,0.000133961,0.000132892,0.000126904,0.000119963,0.00011724,0.000109069,0.000100449
0.000144846,0.000142565,0.000139275,0.000133494,0.000131577,0.000129402,0.000124453,0.000117032,0.000114126,0.000105574,9.78172e-05
0.000141896,0.000140724,0.000136672,0.000130749,0.000128788,0.000128089,0.000122051,0.000114518,0.000111724,0.000102618,9.41175e-05
0.000140249,0.000138458,0.000134498,0.000128711,0.000127478,0.000125173,0.00011982,0.000110844,0.000107394,9.80176e-05,9.06028e-05
0.000137352,0.000135646,0.000132859,0.000125748,0.000124197,0.000121406,0.00011726,0.000108323,0.00010436,9.60231e-05,8.7637e-05
0.000135371,0.000132948,0.000130871,0.00012316,0.000121449,0.000118698,0.00011436,0.000105911,0.000102101,9.30679e-05,8.52007e-05
0.000132765,0.000130217,0.000128635,0.000121635,0.000119593,0.000115214,0.000111976,0.000102828,9.91534e-05,9.00578e-05,8.22225e-05
0.000130152,0.000128079,0.000126113,0.000119684,0.000116568,0.000113191,0.000109458,0.000100519,9.59522e-05,8.67731e-05,7.93536e-05
0.000128351,0.000125686,0.00012575,0.000117095,0.000113851,0.000109785,0.000106614,9.68292e-05,9.36983e-05,8.42643e-05,7.69203e-05
0.000125916,0.000122497,0.000122307,0.000114999,0.000112133,0.000106566,0.000104283,9.48081e-05,9.11893e-05,8.10842e-05,7.40943e-05
0.000122581,0.000119429,0.00011963,0.000113147,0.000110035,0.000103682,0.000101546,9.20992e-05,8.91995e-05,7.95204e-05,7.17772e-05
0.000120305,0.000116937,0.000116641,0.000110971,0.000107884,0.000101344,9.91366e-05,8.98816e-05,8.59831e-05,7.72358e-05,6.92527e-05
0.000117731,0.00011446,0.000115132,0.000108762,0.000105301,9.83743e-05,9.65967e-05,8.72376e-05,8.43068e-05,7.46788e-05,6.72175e-05
0.000115602,0.000112508,0.000113245,0.000105986,0.000102542,9.60924e-05,9.42234e-05,8.56487e-05,8.10649e-05,7.20076e-05,6.55184e-05
0.000113073,0.000109627,0.0001099,0.000103783,0.00010013,9.29707e-05,9.15623e-05,8.25712e-05,7.9317e-05,7.05656e-05,6.35172e-05
0.000110919,0.000108454,0.000109198,0.000101487,9.76963e-05,9.13811e-05,8.95589e-05,8.07169e-05,7.58504e-05,6.71533e-05,6.11508e-05
0.000108104,0.00010516,0.000105706,9.97001e-05,9.58989e-05,8.92972e-05,8.7144e-05,7.84964e-05,7.50151e-05,6.59683e-05,5.95064e-05
0.00010529,0.000103571,0.000103483,9.69327e-05,9.39913e-05,8.67616e-05,8.50409e-05,7.63328e-05,7.22029e-05,6.3889e-05,5.72356e-05
0.000103109,0.000100964,0.000101136,9.48385e-05,9.13712e-05,8.46544e-05,8.26308e-05,7.38472e-05,7.01836e-05,6.17958e-05,5.56216e-05
0.000100251,9.9266e-05,9.82971e-05,9.25301e-05,8.92559e-05,8.24066e-05,8.06619e-05,7.19954e-05,6.78782e-05,6.03354e-05,5.38686e-05
9.86626e-05,9.69655e-05,9.6044e-05,9.00667e-05,8.65968e-05,8.07163e-05,7.81413e-05,6.98847e-05,6.59531e-05,5.82293e-05,5.212e-05
9.56897e-05,9.52437e-05,9.41687e-05,8.73735e-05,8.48319e-05,7.8236e-05,7.59903e-05,6.76085e-05,6.38443e-05,5.63832e-05,5.04939e-05
9.3929e-05,9.30197e-05,9.17461e-05,8.57709e-05,8.24994e-05,7.67897e-05,7.4094e-05,6.554e-05,6.18733e-05,5.4545e-05,4.89168e-05
9.16216e-05,9.02293e-05,8.89077e-05,8.34032e-05,8.03591e-05,7.49755e-05,7.14669e-05,6.38525e-05,6.00312e-05,5.3639e-05,4.74638e-05
8.93783e-05,8.85133e-05,8.67831e-05,8.10779e-05,7.78721e-05,7.27687e-05,6.96709e-05,6.20023e-05,5.80931e-05,5.1739e-05,4.58794e-05
8.71576e-05,8.64393e-05,8.46874e-05,7.88423e-05,7.57122e-05,7.1215e-05,6.77372e-05,6.01234e-05,5.65249e-05,4.99362e-05,4.44631e-05
8.51241e-05,8.42903e-05,8.24795e-05,7.69201e-05,7.37887e-05,6.86011e-05,6.57908e-05,5.81002e-05,5.44974e-05,4.85889e-05,4.30018e-05
8.3176e-05,8.25846e-05,8.02533e-05,7.46927e-05,7.14535e-05,6.73235e-05,6.33439e-05,5.65581e-05,5.31204e-05,4.70297e-05,4.14488e-05
8.08462e-05,7.96987e-05,7.76848e-05,7.27697e-05,6.94457e-05,6.51345e-05,6.1469e-05,5.47897e-05,5.15563e-05,4.59165e-05,4.00333e-05
7.85775e-05,7.74242e-05,7.5652e-05,7.05501e-05,6.73605e-05,6.33926e-05,5.95686e-05,5.32914e-05,4.99843e-05,4.4536e-05,3.86406e-05
7.67005e-05,7.59854e-05,7.40416e-05,6.87219e-05,6.53738e-05,6.10869e-05,5.80588e-05,5.13989e-05,4.81512e-05,4.29288e-05,3.76295e-05
7.46489e-05,7.32576e-05,7.13962e-05,6.70175e-05,6.32794e-05,5.98528e-05,5.58488e-05,5.02848e-05,4.68971e-05,4.23631e-05,3.671e-05
7.24873e-05,7.14753e-05,6.96301e-05,6.5093e-05,6.14772e-05,5.79601e-05,5.39827e-05,4.87008e-05,4.55136e-05,4.05009e-05,3.51474e-05
7.07158e-05,6.97131e-05,6.78583e-05,6.30903e-05,5.94938e-05,5.61276e-05,5.23245e-05,4.70662e-05,4.41564e-05,3.94364e-05,3.39382e-05
6.89861e-05,6.73471e-05,6.57774e-05,6.15083e-05,5.76966e-05,5.46225e-05,5.09559e-05,4.57158e-05,4.32005e-05,3.79855e-05,3.28589e-05
6.69609e-05,6.53983e-05,6.37943e-05,5.95016e-05,5.58428e-05,5.2868e-05,4.90744e-05,4.43875e-05,4.14985e-05,3.69045e-05,3.16491e-05
6.53068e-05,6.36431e-05,6.28599e-05,5.81204e-05,5.42212e-05,5.19163e-05,4.78404e-05,4.31747e-05,4.09603e-05,3.59635e-05,3.04669e-05
6.34086e-05,6.15148e-05,6.00286e-05,5.57792e-05,5.26621e-05,4.96903e-05,4.60954e-05,4.16584e-05,3.90546e-05,3.46976e-05,2.95046e-05
6.20632e-05,6.01251e-05,5.86628e-05,5.408e-05,5.1063e-05,4.82881e-05,4.49299e-05,4.0462e-05,3.81781e-05,3.35748e-05,2.84978e-05
6.00185e-05,5.74782e-05,5.65589e-05,5.26332e-05,4.94612e-05,4.66389e-05,4.32336e-05,3.92105e-05,3.6782e-05,3.26136e-05,2.74353e-05
5.81075e-05,5.59091e-05,5.44596e-05,5.10591e-05,4.76524e-05,4.52011e-05,4.1949e-05,3.80779e-05,3.53619e-05,3.14711e-05,2.66123e-05
5.68083e-05,5.43149e-05,5.29672e-05,4.94598e-05,4.64006e-05,4.38527e-05,4.06216e-05,3.69275e-05,3.43907e-05,3.02573e-05,2.56466e-05
5.48339e-05,5.24282e-05,5.11611e-05,4.79072e-05,4.49988e-05,4.23802e-05,3.92514e-05,3.5726e-05,3.31885e-05,2.93239e-05,2.46775e-05
5.31709e-05,5.13708e-05,5.00407e-05,4.61299e-05,4.36221e-05,4.12089e-05,3.8109e-05,3.4504e-05,3.18646e-05,2.84204e-05,2.36447e-05
5.17161e-05,4.93105e-05,4.80107e-05,4.49406e-05,4.23897e-05,3.98721e-05,3.71338e-05,3.35706e-05,3.09294e-05,2.70702e-05,2.3004e-05
5.01955e-05,4.79074e-05,4.68376e-05,4.37665e-05,4.11935e-05,3.85733e-05,3.57284e-05,3.25515e-05,3.004e-05,2.63726e-05,2.20063e-05
4.88098e-05,4.64062e-05,4.53121e-05,4.25019e-05,3.9971e-05,3.7446e-05,3.45411e-05,3.15599e-05,2.89423e-05,2.53682e-05,2.11555e-05
4.72927e-05,4.49851e-05,4.3989e-05,4.13605e-05,3.891e-05,3.63066e-05,3.34603e-05,3.06944e-05,2.80488e-05,2.44337e-05,2.04509e-05
4.59338e-05,4.38565e-05,4.27833e-05,4.01403e-05,3.76823e-05,3.52844e-05,3.24387e-05,2.96799e-05,2.70746e-05,2.37015e-05,1.95416e-05
4.45943e-05,4.23875e-05,4.12838e-05,3.87974e-05,3.66319e-05,3.42196e-05,3.15311e-05,2.86666e-05,2.62457e-05,2.27339e-05,1.88743e-05
4.33195e-05,4.11367e-05,4.01044e-05,3.77157e-05,3.5616e-05,3.32132e-05,3.04898e-05,2.78029e-05,2.52715e-05,2.18547e-05,1.81446e-05
4.21533e-05,4.00415e-05,3.89003e-05,3.67667e-05,3.47342e-05,3.22124e-05,2.96133e-05,2.69759e-05,2.44632e-05,2.1108e-05,1.75123e-05
4.11256e-05,3.87886e-05,3.79227e-05,3.55185e-05,3.38935e-05,3.14985e-05,2.86222e-05,2.60505e-05,2.37846e-05,2.02948e-05,1.67805e-05
3.98932e-05,3.76781e-05,3.67438e-05,3.46864e-05,3.27006e-05,3.03891e-05,2.7977e-05,2.52684e-05,2.29056e-05,1.95704e-05,1.61798e-05
3.87196e-05,3.67415e-05,3.56616e-05,3.37386e-05,3.19383e-05,2.96191e-05,2.69848e-05,2.45305e-05,2.20879e-05,1.87999e-05,1.55999e-05
3.76911e-05,3.56734e-05,3.47172e-05,3.29037e-05,3.11141e-05,2.87782e-05,2.62012e-05,2.37826e-05,2.14494e-05,1.812e-05,1.50394e-05
3.68735e-05,3.48668e-05,3.37244e-05,3.20531e-05,3.03044e-05,2.81039e-05,2.54014e-05,2.30714e-05,2.07029e-05,1.74541e-05,1.45045e-05
3.58736e-05,3.42082e-05,3.30485e-05,3.12924e-05,2.97015e-05,2.7334e-05,2.47844e-05,2.24523e-05,2.01958e-05,1.68832e-05,1.39831e-05
3.48489e-05,3.30832e-05,3.19784e-05,3.04073e-05,2.86554e-05,2.65728e-05,2.41474e-05,2.16806e-05,1.93456e-05,1.63299e-05,1.34917e-05
3.39656e-05,3.2373e-05,3.12241e-05,2.9622e-05,2.81309e-05,2.59096e-05,2.33302e-05,2.11056e-05,1.87411e-05,1.56434e-05,1.3019e-05
3.29447e-05,3.17088e-05,3.04779e-05,2.89531e-05,2.73691e-05,2.52866e-05,2.26855e-05,2.05419e-05,1.81496e-05,1.511e-05,1.26352e-05
3.24303e-05,3.08063e-05,2.974e-05,2.83052e-05,2.6759e-05,2.4588e-05,2.19893e-05,1.99093e-05,1.75769e-05,1.4583e-05,1.21684e-05
3.16973e-05,3.01245e-05,2.89027e-05,2.76145e-05,2.61946e-05,2.3932e-05,2.13853e-05,1.93166e-05,1.70859e-05,1.41231e-05,1.17633e-05
3.10305e-05,2.93315e-05,2.82958e-05,2.71425e-05,2.55107e-05,2.33984e-05,2.08871e-05,1.8745e-05,1.66567e-05,1.3651e-05,1.13446e-05
3.02075e-05,2.88805e-05,2.75314e-05,2.63897e-05,2.49856e-05,2.27745e-05,2.03676e-05,1.82299e-05,1.60768e-05,1.32315e-05,1.10277e-05
2.94287e-05,2.80105e-05,2.70332e-05,2.57414e-05,2.42937e-05,2.22769e-05,1.98296e-05,1.77495e-05,1.56102e-05,1.27942e-05,1.0659e-05
2.89202e-05,2.75768e-05,2.64103e-05,2.52296e-05,2.37221e-05,2.16766e-05,1.92735e-05,1.72583e-05,1.51525e-05,1.24233e-05,1.03202e-05
2.82905e-05,2.70332e-05,2.58245e-05,2.47951e-05,2.32468e-05,2.11672e-05,1.8856e-05,1.679e-05,1.47663e-05,1.202e-05,1.0034e-05
2.7703e-05,2.64028e-05,2.52944e-05,2.40972e-05,2.27512e-05,2.06009e-05,1.83037e-05,1.63523e-05,1.42869e-05,1.16649e-05,9.71111e-06
2.71276e-05,2.58715e-05,2.47629e-05,2.36952e-05,2.2152e-05,2.01875e-05,1.7897e-05,1.58966e-05,1.39348e-05,1.12916e-05,9.42126e-06
2.64716e-05,2.53646e-05,2.43253e-05,2.3143e-05,2.16937e-05,1.96633e-05,1.73974e-05,1.55231e-05,1.35321e-05,1.10098e-05,9.15037e-06
2.59871e-05,2.48008e-05,2.37641e-05,2.26658e-05,2.12159e-05,1.91732e-05,1.69562e-05,1.50934e-05,1.31601e-05,1.06668e-05,8.87844e-06
2.55046e-05,2.43614e-05,2.32692e-05,2.22477e-05,2.07419e-05,1.86937e-05,1.65578e-05,1.475e-05,1.28083e-05,1.04059e-05,8.62324e-06
2.48781e-05,2.38149e-05,2.27934e-05,2.17968e-05,2.02829e-05,1.82739e-05,1.61306e-05,1.43717e-05,1.24386e-05,1.00629e-05,8.37366e-06
2.43678e-05,2.33464e-05,2.22542e-05,2.13878e-05,1.99173e-05,1.77945e-05,1.57394e-05,1.39884e-05,1.20784e-05,9.80183e-06,8.14211e-06
2.39022e-05,2.29572e-05,2.18517e-05,2.08076e-05,1.9485e-05,1.74215e-05,1.53742e-05,1.35896e-05,1.17771e-05,9.50829e-06,7.91606e-06
2.33764e-05,2.24619e-05,2.13257e-05,2.04005e-05,1.90033e-05,1.6997e-05,1.49841e-05,1.3295e-05,1.14296e-05,9.29133e-06,7.68116e-06
2.29559e-05,2.19141e-05,2.0973e-05,1.99687e-05,1.85716e-05,1.65465e-05,1.46024e-05,1.29853e-05,1.1159e-05,9.0109e-06,7.48206e-06
2.24278e-05,2.15713e-05,2.05206e-05,1.96214e-05,1.81238e-05,1.61734e-05,1.42645e-05,1.26552e-05,1.08512e-05,8.77693e-06,7.25791e-06
2.20075e-05,2.11116e-05,2.01332e-05,1.91364e-05,1.77825e-05,1.57839e-05,1.39219e-05,1.23072e-05,1.05898e-05,8.53658e-06,7.06588e-06
2.15135e-05,2.06823e-05,1.96112e-05,1.88778e-05,1.73201e-05,1.54085e-05,1.36356e-05,1.20001e-05,1.03167e-05,8.30318e-06,6.87714e-06
2.11808e-05,2.03066e-05,1.93782e-05,1.83469e-05,1.70716e-05,1.50215e-05,1.32509e-05,1.17202e-05,1.00425e-05,8.1086e-06,6.67503e-06
2.05959e-05,1.98486e-05,1.8765e-05,1.80501e-05,1.66143e-05,1.47185e-05,1.29717e-05,1.14175e-05,9.73755e-06,7.88284e-06,6.48301e-06
2.02177e-05,1.94527e-05,1.84756e-05,1.75564e-05,1.62772e-05,1.4336e-05,1.26265e-05,1.1142e-05,9.51934e-06,7.68256e-06,6.31843e-06
1.97754e-05,1.90554e-05,1.80428e-05,1.72508e-05,1.58879e-05,1.40007e-05,1.23207e-05,1.08321e-05,9.264e-06,7.45756e-06,6.14156e-06
1.93438e-05,1.86569e-05,1.77068e-05,1.68168e-05,1.55638e-05,1.36728e-05,1.20403e-05,1.06345e-05,9.01809e-06,7.27539e-06,5.97657e-06
1.89836e-05,1.83099e-05,1.73648e-05,1.6504e-05,1.51886e-05,1.33001e-05,1.1759e-05,1.03956e-05,8.78627e-06,7.10449e-06,5.81335e-06
1.85319e-05,1.7913e-05,1.69741e-05,1.61233e-05,1.48702e-05,1.30071e-05,1.14382e-05,1.00721e-05,8.58437e-06,6.91903e-06,5.67052e-06
1.82016e-05,1.75881e-05,1.65948e-05,1.58024e-05,1.45302e-05,1.26689e-05,1.11995e-05,9.86856e-06,8.32226e-06,6.7536e-06,5.50213e-06
1.77578e-05,1.71863e-05,1.62989e-05,1.53794e-05,1.42569e-05,1.23722e-05,1.08981e-05,9.6333e-06,8.12928e-06,6.58459e-06,5.34828e-06
1.73736e-05,1.68419e-05,1.58966e-05,1.50838e-05,1.39029e-05,1.20976e-05,1.06651e-05,9.37979e-06,7.92915e-06,6.40616e-06,5.2033e-06
1.70211e-05,1.64576e-05,1.56024e-05,1.47298e-05,1.3642e-05,1.17837e-05,1.03844e-05,9.1608e-06,7.72391e-06,6.25166e-06,5.0517e-06
1.66203e-05,1.60866e-05,1.51657e-05,1.44479e-05,1.33063e-05,1.15252e-05,1.01327e-05,8.91149e-06,7.52917e-06,6.08163e-06,4.92997e-06
1.62525e-05,1.57622e-05,1.49521e-05,1.4094e-05,1.30445e-05,1.12498e-05,9.90451e-06,8.69781e-06,7.33487e-06,5.93155e-06,4.797e-06
1.5856e-05,1.54629e-05,1.44569e-05,1.38582e-05,1.27115e-05,1.09639e-05,9.68559e-06,8.49919e-06,7.08691e-06,5.8055e-06,4.66287e-06
1.56372e-05,1.51146e-05,1.44034e-05,1.35199e-05,1.25196e-05,1.06941e-05,9.45247e-06,8.31479e-06,6.96295e-06,5.64721e-06,4.55113e-06
1.5213e-05,1.47848e-05,1.39549e-05,1.32275e-05,1.21597e-05,1.04721e-05,9.23394e-06,8.08494e-06,6.78712e-06,5.48843e-06,4.42603e-06
1.49651e-05,1.44444e-05,1.36963e-05,1.29558e-05,1.18694e-05,1.02255e-05,8.97563e-06,7.93501e-06,6.59527e-06,5.35845e-06,4.29055e-06
1.45981e-05,1.41656e-05,1.33857e-05,1.26455e-05,1.1663e-05,1.00147e-05,8.80252e-06,7.72892e-06,6.44255e-06,5.22427e-06,4.16137e-06
1.42182e-05,1.3862e-05,1.30727e-05,1.23575e-05,1.13656e-05,9.74001e-06,8.62084e-06,7.53527e-06,6.28634e-06,5.09097e-06,4.08788e-06
1.39573e-05,1.35762e-05,1.28626e-05,1.21021e-05,1.12e-05,9.53004e-06,8.42307e-06,7.3831e-06,6.0903e-06,5.00796e-06,3.93927e-06
1.36567e-05,1.33188e-05,1.25863e-05,1.18602e-05,1.09147e-05,9.29589e-06,8.19754e-06,7.16573e-06,5.96951e-06,4.85557e-06,3.84659e-06
1.34022e-05,1.30033e-05,1.2288e-05,1.15685e-05,1.06711e-05,9.09734e-06,7.98828e-06,7.03225e-06,5.7969e-06,4.71698e-06,3.74731e-06
1.30873e-05,1.27843e-05,1.20474e-05,1.13101e-05,1.04421e-05,8.89616e-06,7.80394e-06,6.79959e-06,5.68513e-06,4.60123e-06,3.66562e-06
1.28673e-05,1.24979e-05,1.17924e-05,1.10562e-05,1.01933e-05,8.71171e-06,7.62932e-06,6.68245e-06,5.51482e-06,4.47448e-06,3.54319e-06
1.25246e-05,1.22558e-05,1.15081e-05,1.08436e-05,9.99429e-06,8.4485e-06,7.47473e-06,6.48028e-06,5.40098e-06,4.36594e-06,3.4756e-06
1.23142e-05,1.20193e-05,1.13145e-05,1.06023e-05,9.78756e-06,8.31281e-06,7.29711e-06,6.34355e-06,5.23192e-06,4.28484e-06,3.35954e-06
1.20082e-05,1.17517e-05,1.10981e-05,1.03567e-05,9.56968e-06,8.09043e-06,7.09955e-06,6.19056e-06,5.12089e-06,4.1663e-06,3.26462e-06
1.17002e-05,1.14739e-05,1.08058e-05,1.01266e-05,9.34552e-06,7.91835e-06,6.96024e-06,6.03261e-06,5.00457e-06,4.07891e-06,3.20015e-06
1.15289e-05,1.12114e-05,1.05668e-05,9.87937e-06,9.13928e-06,7.76184e-06,6.82701e-06,5.92763e-06,4.89196e-06,3.9692e-06,3.11147e-06
1.12597e-05,1.09781e-05,1.03723e-05,9.66602e-06,8.91828e-06,7.55746e-06,6.65963e-06,5.80136e-06,4.73368e-06,3.85781e-06,3.0253e-06
1.10573e-05,1.07095e-05,1.01969e-05,9.45408e-06,8.71194e-06,7.42481e-06,6.51538e-06,5.65611e-06,4.64332e-06,3.7599e-06,2.96719e-06
1.08396e-05,1.05885e-05,1.00274e-05,9.25595e-06,8.58023e-06,7.26792e-06,6.36863e-06,5.54588e-06,4.49515e-06,3.67672e-06,2.84618e-06
1.05696e-05,1.03072e-05,9.83363e-06,9.07105e-06,8.41066e-06,7.09789e-06,6.26081e-06,5.42148e-06,4.39629e-06,3.62048e-06,2.80985e-06
1.03797e-05,1.01317e-05,9.6107e-06,8.85963e-06,8.20507e-06,6.96465e-06,6.09785e-06,5.2959e-06,4.285e-06,3.48659e-06,2.72e-06
1.01883e-05,9.86785e-06,9.34943e-06,8.6391e-06,7.99949e-06,6.78874e-06,5.94851e-06,5.14598e-06,4.1887e-06,3.40961e-06,2.63172e-06
9.94186e-06,9.75854e-06,9.19366e-06,8.45674e-06,7.84373e-06,6.63088e-06,5.80974e-06,5.05036e-06,4.07185e-06,3.30915e-06,2.56781e-06
9.80302e-06,9.5033e-06,9.02126e-06,8.30903e-06,7.67094e-06,6.49157e-06,5.6921e-06,4.91308e-06,3.98515e-06,3.26152e-06,2.50462e-06
9.59527e-06,9.35264e-06,8.86911e-06,8.12945e-06,7.54765e-06,6.35388e-06,5.56889e-06,4.79942e-06,3.86092e-06,3.1645e-06,2.43641e-06
9.42004e-06,9.0821e-06,8.65363e-06,7.96434e-06,7.35101e-06,6.2379e-06,5.45554e-06,4.69585e-06,3.79253e-06,3.09101e-06,2.38618e-06
9.21751e-06,8.94915e-06,8.50711e-06,7.79132e-06,7.23867e-06,6.08632e-06,5.32969e-06,4.57655e-06,3.68579e-06,3.00703e-06,2.31278e-06
9.02364e-06,8.77224e-06,8.32662e-06,7.63603e-06,7.07368e-06,5.93889e-06,5.21224e-06,4.48346e-06,3.59883e-06,2.93365e-06,2.25513e-06
8.8163e-06,8.59824e-06,8.15636e-06,7.46797e-06,6.94571e-06,5.85145e-06,5.12414e-06,4.39268e-06,3.50698e-06,2.85991e-06,2.20382e-06
8.68979e-06,8.41629e-06,7.99739e-06,7.32702e-06,6.77304e-06,5.72025e-06,4.987e-06,4.28976e-06,3.44027e-06,2.78714e-06,2.12506e-06
8.54894e-06,8.27794e-06,7.87219e-06,7.16234e-06,6.6206e-06,5.59826e-06,4.88369e-06,4.17789e-06,3.35705e-06,2.71665e-06,2.08827e-06
8.3518e-06,8.08796e-06,7.72063e-06,7.00502e-06,6.5004e-06,5.5054e-06,4.79647e-06,4.10566e-06,3.28037e-06,2.67971e-06,2.02419e-06
8.19388e-06,7.95319e-06,7.57164e-06,6.86328e-06,6.349e-06,5.40541e-06,4.68707e-06,4.00157e-06,3.18685e-06,2.57485e-06,1.96486e-06
8.07508e-06,7.83762e-06,7.43132e-06,6.72603e-06,6.25596e-06,5.2717e-06,4.58494e-06,3.90927e-06,3.12428e-06,2.51714e-06,1.92819e-06
7.91534e-06,7.66404e-06,7.29101e-06,6.58979e-06,6.11227e-06,5.16531e-06,4.46853e-06,3.82782e-06,3.03544e-06,2.46352e-06,1.87585e-06
7.75924e-06,7.48358e-06,7.15966e-06,6.46231e-06,5.98486e-06,5.06966e-06,4.39433e-06,3.75395e-06,2.96988e-06,2.42256e-06,1.82823e-06
7.64573e-06,7.388e-06,7.01143e-06,6.33634e-06,5.85546e-06,4.96057e-06,4.27959e-06,3.65137e-06,2.90056e-06,2.33227e-06,1.79306e-06
7.47021e-06,7.21827e-06,6.85674e-06,6.22916e-06,5.73976e-06,4.85838e-06,4.21044e-06,3.58014e-06,2.84141e-06,2.30643e-06,1.73336e-06
7.34882e-06,7.15479e-06,6.74976e-06,6.10913e-06,5.64853e-06,4.76037e-06,4.11426e-06,3.50417e-06,2.76777e-06,2.24381e-06,1.70152e-06
7.19564e-06,6.95677e-06,6.62733e-06,5.95523e-06,5.51382e-06,4.69052e-06,4.03606e-06,3.42295e-06,2.71104e-06,2.19801e-06,1.65257e-06
7.08342e-06,6.87197e-06,6.49298e-06,5.86599e-06,5.40622e-06,4.57045e-06,3.95924e-06,3.3473e-06,2.63852e-06,2.15133e-06,1.62102e-06
6.96838e-06,6.71508e-06,6.40803e-06,5.74951e-06,5.30875e-06,4.50368e-06,3.86649e-06,3.27298e-06,2.59686e-06,2.09666e-06,1.57332e-06
6.84124e-06,6.64437e-06,6.32123e-06,5.63644e-06,5.23437e-06,4.41863e-06,3.80006e-06,3.1883e-06,2.53423e-06,2.04547e-06,1.53496e-06
6.74757e-06,6.49939e-06,6.16327e-06,5.51427e-06,5.14157e-06,4.36347e-06,3.71689e-06,3.14395e-06,2.46477e-06,1.99305e-06,1.4976e-06
6.62103e-06,6.37888e-06,6.02661e-06,5.42089e-06,5.01705e-06,4.26016e-06,3.62456e-06,3.08452e-06,2.41991e-06,1.94099e-06,1.46191e-06
6.47212e-06,6.27685e-06,5.90834e-06,5.33979e-06,4.90469e-06,4.14866e-06,3.57567e-06,3.00989e-06,2.36826e-06,1.90127e-06,1.4266e-06
6.34924e-06,6.15507e-06,5.81195e-06,5.23448e-06,4.82927e-06,4.08974e-06,3.50997e-06,2.95155e-06,2.32192e-06,1.86143e-06,1.39541e-06
6.26527e-06,6.04008e-06,5.74147e-06,5.12661e-06,4.7268e-06,4.01776e-06,3.42038e-06,2.88738e-06,2.26519e-06,1.81549e-06,1.36007e-06
6.13708e-06,5.95236e-06,5.60793e-06,5.02599e-06,4.62545e-06,3.9299e-06,3.36057e-06,2.81826e-06,2.22117e-06,1.77241e-06,1.33812e-06
6.03443e-06,5.8316e-06,5.54017e-06,4.92701e-06,4.55242e-06,3.87853e-06,3.29798e-06,2.76389e-06,2.17069e-06,1.73469e-06,1.31063e-06
5.94274e-06,5.72422e-06,5.42329e-06,4.83766e-06,4.47604e-06,3.79269e-06,3.22507e-06,2.70906e-06,2.1261e-06,1.70083e-06,1.27402e-06
5.83626e-06,5.62879e-06,5.29609e-06,4.74945e-06,4.36911e-06,3.72895e-06,3.15984e-06,2.65745e-06,2.07288e-06,1.6581e-06,1.24673e-06
5.73143e-06,5.53075e-06,5.214e-06,4.65639e-06,4.28647e-06,3.66996e-06,3.0975e-06,2.60271e-06,2.03737e-06,1.62553e-06,1.22135e-06
5.63857e-06,5.44839e-06,5.11604e-06,4.58736e-06,4.21952e-06,3.59728e-06,3.0461e-06,2.54904e-06,1.99873e-06,1.59258e-06,1.1915e-06
5.53333e-06,5.34732e-06,5.03785e-06,4.50382e-06,4.1209e-06,3.53346e-06,2.97622e-06,2.49851e-06,1.9636e-06,1.55632e-06,1.16336e-06
5.45386e-06,5.25546e-06,4.94723e-06,4.42892e-06,4.05999e-06,3.44558e-06,2.92687e-06,2.43861e-06,1.91962e-06,1.51786e-06,1.13192e-06
5.3587e-06,5.1582e-06,4.86121e-06,4.35305e-06,3.98575e-06,3.38731e-06,2.86364e-06,2.40207e-06,1.88001e-06,1.48871e-06,1.10689e-06
5.25045e-06,5.07521e-06,4.77809e-06,4.27338e-06,3.91377e-06,3.32286e-06,2.81121e-06,2.35304e-06,1.84483e-06,1.46451e-06,1.08253e-06
5.16848e-06,4.97904e-06,4.6755e-06,4.20776e-06,3.84782e-06,3.25357e-06,2.76358e-06,2.31003e-06,1.80771e-06,1.42708e-06,1.06924e-06
5.10346e-06,4.91758e-06,4.60046e-06,4.12107e-06,3.76316e-06,3.21881e-06,2.70568e-06,2.26407e-06,1.76256e-06,1.39385e-06,1.04416e-06
5.01597e-06,4.82265e-06,4.52586e-06,4.05209e-06,3.69693e-06,3.15708e-06,2.66177e-06,2.21628e-06,1.73476e-06,1.37315e-06,1.02024e-06
4.92529e-06,4.74312e-06,4.44986e-06,3.98371e-06,3.63508e-06,3.10567e-06,2.61181e-06,2.17869e-06,1.70415e-06,1.34381e-06,1.00367e-06
4.86099e-06,4.66401e-06,4.36701e-06,3.90278e-06,3.56985e-06,3.05032e-06,2.55921e-06,2.13605e-06,1.66817e-06,1.31916e-06,9.81726e-07
4.76591e-06,4.58464e-06,4.29224e-06,3.83729e-06,3.50044e-06,2.98883e-06,2.50937e-06,2.09224e-06,1.63413e-06,1.28826e-06,9.58649e-07
4.67526e-06,4.49374e-06,4.20928e-06,3.77039e-06,3.42409e-06,2.91945e-06,2.46393e-06,2.04553e-06,1.5996e-06,1.26195e-06,9.39561e-07
4.62138e-06,4.43761e-06,4.15886e-06,3.7101e-06,3.38894e-06,2.89762e-06,2.42438e-06,2.01886e-06,1.56989e-06,1.24053e-06,9.19581e-07
4.54674e-06,4.36412e-06,4.08555e-06,3.64705e-06,3.32185e-06,2.84597e-06,2.38051e-06,1.98352e-06,1.53939e-06,1.21347e-06,9.01309e-07
4.46585e-06,4.30004e-06,4.00374e-06,3.5794e-06,3.24946e-06,2.79225e-06,2.32804e-06,1.94501e-06,1.5132e-06,1.18365e-06,8.87169e-07
4.38393e-06,4.22437e-06,3.92529e-06,3.52202e-06,3.20274e-06,2.73311e-06,2.29488e-06,1.91105e-06,1.48579e-06,1.16416e-06,8.72145e-07
4.32265e-06,4.14762e-06,3.86962e-06,3.48001e-06,3.14547e-06,2.6811e-06,2.25127e-06,1.86664e-06,1.45877e-06,1.14733e-06,8.51292e-07
4.24372e-06,4.07971e-06,3.798e-06,3.40405e-06,3.0983e-06,2.63896e-06,2.20931e-06,1.83322e-06,1.43151e-06,1.12024e-06,8.3513e-07
4.17339e-06,4.00931e-06,3.72197e-06,3.34574e-06,3.03741e-06,2.59649e-06,2.16673e-06,1.80257e-06,1.40476e-06,1.09665e-06,8.21626e-07
4.11381e-06,3.94427e-06,3.66634e-06,3.28939e-06,2.98234e-06,2.55281e-06,2.12928e-06,1.76847e-06,1.3783e-06,1.07671e-06,8.02645e-07
4.04506e-06,3.88082e-06,3.60362e-06,3.23106e-06,2.93992e-06,2.50701e-06,2.09005e-06,1.72917e-06,1.34959e-06,1.05738e-06,7.84893e-07
3.97116e-06,3.81056e-06,3.53489e-06,3.18346e-06,2.88007e-06,2.45024e-06,2.0502e-06,1.70165e-06,1.32603e-06,1.03639e-06,7.71467e-07
3.91343e-06,3.76805e-06,3.49171e-06,3.12295e-06,2.83214e-06,2.42609e-06,2.01517e-06,1.67096e-06,1.30114e-06,1.01561e-06,7.58226e-07
3.85701e-06,3.69394e-06,3.44058e-06,3.08164e-06,2.78832e-06,2.38422e-06,1.97861e-06,1.64499e-06,1.27942e-06,9.98326e-07,7.40372e-07
3.80115e-06,3.63384e-06,3.36612e-06,3.03073e-06,2.73647e-06,2.34295e-06,1.94624e-06,1.61535e-06,1.2591e-06,9.80901e-07,7.29917e-07
3.73081e-06,3.57533e-06,3.31661e-06,2.97246e-06,2.69036e-06,2.2999e-06,1.91416e-06,1.58516e-06,1.2342e-06,9.60958e-07,7.15831e-07
3.66614e-06,3.51208e-06,3.26644e-06,2.92971e-06,2.64934e-06,2.25625e-06,1.87554e-06,1.55396e-06,1.21044e-06,9.42891e-07,7.02376e-07
3.61988e-06,3.45859e-06,3.21261e-06,2.87657e-06,2.61275e-06,2.23146e-06,1.85073e-06,1.53223e-06,1.18835e-06,9.26594e-07,6.90583e-07
3.561e-06,3.40641e-06,3.14455e-06,2.82965e-06,2.56479e-06,2.18954e-06,1.81767e-06,1.50574e-06,1.16779e-06,9.08039e-07,6.7824e-07
3.50426e-06,3.34714e-06,3.10219e-06,2.78483e-06,2.51791e-06,2.15504e-06,1.78727e-06,1.47609e-06,1.15047e-06,8.92203e-07,6.66354e-07
3.44531e-06,3.30099e-06,3.04259e-06,2.73132e-06,2.47457e-06,2.11861e-06,1.7533e-06,1.44954e-06,1.12906e-06,8.72817e-07,6.56742e-07
3.39274e-06,3.2426e-06,2.99839e-06,2.69245e-06,2.43393e-06,2.08361e-06,1.72703e-06,1.42364e-06,1.1089e-06,8.587e-07,6.44877e-07
3.33773e-06,3.1938e-06,2.94696e-06,2.65137e-06,2.39706e-06,2.04481e-06,1.69332e-06,1.4036e-06,1.09225e-06,8.41979e-07,6.30069e-07
3.28716e-06,3.14029e-06,2.89355e-06,2.6091e-06,2.35919e-06,2.00606e-06,1.6666e-06,1.37473e-06,1.07102e-06,8.27407e-07,6.18927e-07
3.24355e-06,3.09018e-06,2.85327e-06,2.56921e-06,2.32496e-06,1.97913e-06,1.63767e-06,1.35119e-06,1.05342e-06,8.1412e-07,6.06233e-07
3.18862e-06,3.03647e-06,2.80778e-06,2.5296e-06,2.28129e-06,1.94413e-06,1.61314e-06,1.32964e-06,1.03421e-06,7.98803e-07,5.97934e-07
3.13815e-06,2.99623e-06,2.76818e-06,2.47894e-06,2.24072e-06,1.91105e-06,1.58394e-06,1.30545e-06,1.01856e-06,7.8442e-07,5.87675e-07
3.08929e-06,2.94589e-06,2.71893e-06,2.44958e-06,2.21182e-06,1.88218e-06,1.5623e-06,1.28593e-06,1.00018e-06,7.68848e-07,5.7689e-07
3.04011e-06,2.89674e-06,2.67119e-06,2.41008e-06,2.1725e-06,1.85269e-06,1.53303e-06,1.26378e-06,9.8416e-07,7.5643e-07,5.67823e-07
3.00652e-06,2.85068e-06,2.62947e-06,2.37e-06,2.14201e-06,1.82642e-06,1.5059e-06,1.24378e-06,9.69039e-07,7.42771e-07,5.56895e-07
2.9484e-06,2.80913e-06,2.58514e-06,2.33451e-06,2.103e-06,1.79455e-06,1.48216e-06,1.22123e-06,9.52959e-07,7.30977e-07,5.47957e-07
2.90348e-06,2.76707e-06,2.55154e-06,2.29907e-06,2.07696e-06,1.76604e-06,1.46269e-06,1.20151e-06,9.37419e-07,7.18906e-07,5.38851e-07
2.86357e-06,2.7222e-06,2.51235e-06,2.26143e-06,2.04131e-06,1.7375e-06,1.43802e-06,1.18103e-06,9.20435e-07,7.05268e-07,5.29991e-07
2.82398e-06,2.6769e-06,2.47393e-06,2.22527e-06,2.00913e-06,1.71137e-06,1.41414e-06,1.16378e-06,9.0457e-07,6.94536e-07,5.21179e-07
2.77803e-06,2.63751e-06,2.43074e-06,2.19568e-06,1.97763e-06,1.68628e-06,1.39228e-06,1.14392e-06,8.91642e-07,6.82866e-07,5.12185e-07
2.74003e-06,2.59822e-06,2.39719e-06,2.15974e-06,1.94878e-06,1.65738e-06,1.37124e-06,1.12629e-06,8.78826e-07,6.7248e-07,5.0232e-07
2.69448e-06,2.56124e-06,2.35805e-06,2.12606e-06,1.91811e-06,1.6297e-06,1.34565e-06,1.10636e-06,8.6456e-07,6.58944e-07,4.96705e-07
2.65516e-06,2.52114e-06,2.32226e-06,2.09033e-06,1.88986e-06,1.60496e-06,1.3279e-06,1.08986e-06,8.51182e-07,6.4919e-07,4.86602e-07
2.6143e-06,2.48726e-06,2.29075e-06,2.06433e-06,1.86495e-06,1.58571e-06,1.30931e-06,1.07357e-06,8.38802e-07,6.38953e-07,4.78721e-07
2.5809e-06,2.45018e-06,2.25186e-06,2.03266e-06,1.83294e-06,1.55869e-06,1.28804e-06,1.05393e-06,8.22797e-07,6.30512e-07,4.69819e-07
2.53755e-06,2.41012e-06,2.22415e-06,2.00112e-06,1.80362e-06,1.53239e-06,1.26629e-06,1.03661e-06,8.10277e-07,6.19433e-07,4.62658e-07
2.50363e-06,2.37706e-06,2.18795e-06,1.97472e-06,1.78131e-06,1.51005e-06,1.25266e-06,1.02034e-06,7.97011e-07,6.07266e-07,4.53411e-07
2.46652e-06,2.34355e-06,2.16036e-06,1.94761e-06,1.75607e-06,1.48962e-06,1.23039e-06,1.00753e-06,7.85554e-07,5.98853e-07,4.47518e-07
2.43472e-06,2.30405e-06,2.12304e-06,1.91512e-06,1.72409e-06,1.46839e-06,1.2096e-06,9.90598e-07,7.73449e-07,5.89311e-07,4.41479e-07
2.40301e-06,2.27006e-06,2.09497e-06,1.88464e-06,1.70328e-06,1.4439e-06,1.19422e-06,9.765e-07,7.62388e-07,5.80099e-07,4.32866e-07
2.36215e-06,2.23767e-06,2.07231e-06,1.85806e-06,1.67896e-06,1.42319e-06,1.17606e-06,9.61591e-07,7.51823e-07,5.70408e-07,4.27231e-07
2.33411e-06,2.20728e-06,2.03455e-06,1.83691e-06,1.65418e-06,1.40152e-06,1.15577e-06,9.46631e-07,7.40677e-07,5.59975e-07,4.19888e-07
2.30162e-06,2.17354e-06,2.00759e-06,1.80587e-06,1.63271e-06,1.38277e-06,1.14142e-06,9.31954e-07,7.28312e-07,5.52646e-07,4.13647e-07
2.27007e-06,2.14752e-06,1.97836e-06,1.78235e-06,1.60724e-06,1.36495e-06,1.12226e-06,9.18847e-07,7.16947e-07,5.45152e-07,4.0644e-07
2.23687e-06,2.11251e-06,1.94855e-06,1.7566e-06,1.58624e-06,1.34594e-06,1.10589e-06,9.03553e-07,7.07442e-07,5.36367e-07,4.00033e-07
2.20397e-06,2.08549e-06,1.92223e-06,1.73519e-06,1.56507e-06,1.32345e-06,1.0894e-06,8.90159e-07,6.97319e-07,5.28358e-07,3.93982e-07
2.17718e-06,2.053e-06,1.89428e-06,1.70702e-06,1.53632e-06,1.30403e-06,1.07258e-06,8.75463e-07,6.85427e-07,5.19143e-07,3.87414e-07
2.15248e-06,2.02173e-06,1.87471e-06,1.6804e-06,1.52366e-06,1.29059e-06,1.06239e-06,8.65238e-07,6.76656e-07,5.11644e-07,3.80115e-07
2.12094e-06,1.99437e-06,1.8499e-06,1.66399e-06,1.49745e-06,1.26995e-06,1.04262e-06,8.50483e-07,6.65542e-07,5.04043e-07,3.74881e-07
2.09348e-06,1.97275e-06,1.8241e-06,1.6419e-06,1.47985e-06,1.25254e-06,1.03366e-06,8.39816e-07,6.56843e-07,4.97299e-07,3.69179e-07
2.06277e-06,1.94176e-06,1.78836e-06,1.6177e-06,1.45655e-06,1.23263e-06,1.01249e-06,8.2308e-07,6.46829e-07,4.87139e-07,3.64018e-07
2.03491e-06,1.91632e-06,1.77235e-06,1.59811e-06,1.43491e-06,1.21935e-06,9.99995e-07,8.14076e-07,6.37264e-07,4.81847e-07,3.58202e-07
2.00545e-06,1.88968e-06,1.75108e-06,1.57452e-06,1.41747e-06,1.20062e-06,9.88902e-07,8.04004e-07,6.28129e-07,4.74813e-07,3.52104e-07
1.98421e-06,1.8648e-06,1.72342e-06,1.55687e-06,1.40014e-06,1.18815e-06,9.72544e-07,7.90809e-07,6.1985e-07,4.68754e-07,3.45983e-07
1.95603e-06,1.84017e-06,1.70635e-06,1.53655e-06,1.37788e-06,1.16755e-06,9.62301e-07,7.81856e-07,6.11869e-07,4.60361e-07,3.41124e-07
1.92961e-06,1.81526e-06,1.68127e-06,1.51312e-06,1.35921e-06,1.15393e-06,9.47596e-07,7.71923e-07,6.02329e-07,4.53687e-07,3.34862e-07
1.90296e-06,1.78825e-06,1.65691e-06,1.49038e-06,1.34494e-06,1.13728e-06,9.35267e-07,7.5994e-07,5.97192e-07,4.46945e-07,3.32032e-07
1.88116e-06,1.77e-06,1.63754e-06,1.47392e-06,1.33139e-06,1.12155e-06,9.21462e-07,7.48369e-07,5.8603e-07,4.413e-07,3.25538e-07
1.85697e-06,1.74505e-06,1.61687e-06,1.45709e-06,1.30722e-06,1.10802e-06,9.11427e-07,7.38454e-07,5.76639e-07,4.36223e-07,3.20208e-07
1.83319e-06,1.72038e-06,1.59936e-06,1.44114e-06,1.29008e-06,1.09786e-06,8.98195e-07,7.29061e-07,5.68538e-07,4.28024e-07,3.14265e-07
1.80862e-06,1.69725e-06,1.57757e-06,1.42019e-06,1.27074e-06,1.07743e-06,8.8531e-07,7.19773e-07,5.62318e-07,4.21427e-07,3.09734e-07
1.78518e-06,1.68086e-06,1.55258e-06,1.40126e-06,1.25631e-06,1.06394e-06,8.74351e-07,7.06463e-07,5.52825e-07,4.17458e-07,3.05953e-07
1.7669e-06,1.65312e-06,1.53862e-06,1.38448e-06,1.23918e-06,1.05076e-06,8.65675e-07,6.98193e-07,5.45731e-07,4.11479e-07,3.01116e-07
1.73942e-06,1.64047e-06,1.51303e-06,1.36561e-06,1.22536e-06,1.03694e-06,8.527e-07,6.88634e-07,5.38038e-07,4.05681e-07,2.95932e-07
1.70861e-06,1.61582e-06,1.49409e-06,1.35106e-06,1.21375e-06,1.02483e-06,8.40087e-07,6.80154e-07,5.31414e-07,4.00413e-07,2.93058e-07
1.69587e-06,1.59426e-06,1.476e-06,1.33451e-06,1.19258e-06,1.01201e-06,8.29904e-07,6.69729e-07,5.2408e-07,3.93677e-07,2.86181e-07
1.67838e-06,1.57297e-06,1.46068e-06,1.31784e-06,1.17826e-06,1.001e-06,8.23533e-07,6.62326e-07,5.1579e-07,3.901e-07,2.82637e-07
1.65684e-06,1.55828e-06,1.44206e-06,1.29877e-06,1.1657e-06,9.84542e-07,8.11256e-07,6.53488e-07,5.10439e-07,3.83872e-07,2.78305e-07
1.63552e-06,1.53539e-06,1.42339e-06,1.28248e-06,1.14804e-06,9.75714e-07,7.98709e-07,6.44555e-07,5.02601e-07,3.78117e-07,2.73725e-07
1.61683e-06,1.52218e-06,1.40689e-06,1.26688e-06,1.13237e-06,9.64179e-07,7.88742e-07,6.37666e-07,4.94807e-07,3.72439e-07,2.69977e-07
1.59329e-06,1.50161e-06,1.39104e-06,1.25203e-06,1.12261e-06,9.50102e-07,7.82361e-07,6.28432e-07,4.90309e-07,3.67195e-07,2.65589e-07
1.57431e-06,1.48096e-06,1.37404e-06,1.23359e-06,1.11003e-06,9.39762e-07,7.69393e-07,6.19143e-07,4.84692e-07,3.63971e-07,2.62083e-07
1.56005e-06,1.4632e-06,1.35996e-06,1.22402e-06,1.09242e-06,9.28313e-07,7.63641e-07,6.12292e-07,4.76355e-07,3.56433e-07,2.58002e-07
1.54052e-06,1.44509e-06,1.34048e-06,1.20797e-06,1.07467e-06,9.12188e-07,7.53882e-07,6.03407e-07,4.68958e-07,3.52261e-07,2.53424e-07
1.52008e-06,1.43315e-06,1.32429e-06,1.19642e-06,1.06547e-06,9.02077e-07,7.43295e-07,5.96659e-07,4.63542e-07,3.46681e-07,2.50424e-07
1.50264e-06,1.41328e-06,1.30585e-06,1.17858e-06,1.05039e-06,8.93645e-07,7.28491e-07,5.85731e-07,4.57482e-07,3.42978e-07,2.45732e-07
1.48048e-06,1.39707e-06,1.29119e-06,1.16639e-06,1.03913e-06,8.82176e-07,7.22246e-07,5.80598e-07,4.51747e-07,3.37935e-07,2.4269e-07
1.47091e-06,1.38232e-06,1.27714e-06,1.15222e-06,1.02768e-06,8.71778e-07,7.14935e-07,5.73603e-07,4.45576e-07,3.33105e-07,2.39612e-07
1.45237e-06,1.36278e-06,1.26523e-06,1.13978e-06,1.01699e-06,8.60741e-07,7.0823e-07,5.69117e-07,4.38371e-07,3.28947e-07,2.36051e-07
1.43357e-06,1.35082e-06,1.24598e-06,1.12589e-06,1.0039e-06,8.47903e-07,6.97197e-07,5.59628e-07,4.33431e-07,3.23213e-07,2.30336e-07
1.41398e-06,1.33142e-06,1.23252e-06,1.11522e-06,9.89799e-07,8.41875e-07,6.87682e-07,5.53591e-07,4.27612e-07,3.21026e-07,2.2819e-07
1.39932e-06,1.31549e-06,1.21504e-06,1.10335e-06,9.76895e-07,8.29509e-07,6.78419e-07,5.4269e-07,4.22565e-07,3.17033e-07,2.25068e-07
1.38082e-06,1.30522e-06,1.20489e-06,1.09124e-06,9.65609e-07,8.22331e-07,6.74355e-07,5.39249e-07,4.1556e-07,3.11772e-07,2.21098e-07
1.36476e-06,1.2896e-06,1.18996e-06,1.07721e-06,9.56713e-07,8.10743e-07,6.67258e-07,5.33665e-07,4.11728e-07,3.07309e-07,2.18199e-07
1.35134e-06,1.27747e-06,1.17354e-06,1.06284e-06,9.44912e-07,7.99663e-07,6.57789e-07,5.25361e-07,4.06118e-07,3.03041e-07,2.1488e-07
1.33663e-06,1.25724e-06,1.16628e-06,1.05222e-06,9.33169e-07,7.96342e-07,6.50486e-07,5.19651e-07,4.01445e-07,2.9886e-07,2.11844e-07
1.32084e-06,1.24435e-06,1.14821e-06,1.03897e-06,9.27413e-07,7.8422e-07,6.40317e-07,5.13995e-07,3.96733e-07,2.94315e-07,2.08858e-07
1.30351e-06,1.23291e-06,1.13362e-06,1.02957e-06,9.09652e-07,7.7402e-07,6.33978e-07,5.04442e-07,3.87839e-07,2.91386e-07,2.06116e-07
1.28571e-06,1.21946e-06,1.12308e-06,1.02135e-06,9.03721e-07,7.65311e-07,6.26208e-07,4.99842e-07,3.82913e-07,2.88047e-07,2.01889e-07
1.26512e-06,1.20096e-06,1.10899e-06,1.0036e-06,8.89814e-07,7.54154e-07,6.18896e-07,4.94061e-07,3.81337e-07,2.85798e-07,1.9845e-07
1.25989e-06,1.19077e-06,1.10029e-06,9.96487e-07,8.80406e-07,7.46235e-07,6.13063e-07,4.85616e-07,3.75226e-07,2.79327e-07,1.9555e-07
1.24312e-06,1.17811e-06,1.08339e-06,9.83843e-07,8.72842e-07,7.4011e-07,6.06674e-07,4.82524e-07,3.70803e-07,2.76651e-07,1.93345e-07
1.238e-06,1.16722e-06,1.07643e-06,9.73096e-07,8.59037e-07,7.32418e-07,5.9836e-07,4.76177e-07,3.65087e-07,2.72125e-07,1.89901e-07
1.21393e-06,1.15282e-06,1.06365e-06,9.64673e-07,8.51539e-07,7.18962e-07,5.91896e-07,4.72274e-07,3.62078e-07,2.6639e-07,1.87037e-07
1.20466e-06,1.14182e-06,1.04901e-06,9.50669e-07,8.39546e-07,7.1264e-07,5.84834e-07,4.6485e-07,3.5585e-07,2.65078e-07,1.83674e-07
1.18717e-06,1.13077e-06,1.03763e-06,9.41732e-07,8.28733e-07,7.04352e-07,5.78317e-07,4.59309e-07,3.51043e-07,2.6113e-07,1.80956e-07
1.17769e-06,1.11602e-06,1.0266e-06,9.29103e-07,8.22075e-07,6.96419e-07,5.70425e-07,4.52879e-07,3.47159e-07,2.56882e-07,1.79285e-07
1.16234e-06,1.10363e-06,1.01302e-06,9.21333e-07,8.12632e-07,6.88958e-07,5.63471e-07,4.47054e-07,3.43097e-07,2.53661e-07,1.7692e-07
1.15236e-06,1.08986e-06,1.00404e-06,9.10979e-07,8.06482e-07,6.81909e-07,5.59046e-07,4.42511e-07,3.38193e-07,2.51671e-07,1.74647e-07
1.13933e-06,1.07583e-06,9.95147e-07,9.03573e-07,7.93194e-07,6.76297e-07,5.51732e-07,4.37238e-07,3.34487e-07,2.46936e-07,1.7126e-07
1.12564e-06,1.06355e-06,9.82576e-07,8.9237e-07,7.82342e-07,6.68605e-07,5.45044e-07,4.30775e-07,3.29918e-07,2.4375e-07,1.691e-07
1.11261e-06,1.0524e-06,9.71861e-07,8.84982e-07,7.76637e-07,6.57961e-07,5.37491e-07,4.26946e-07,3.27475e-07,2.40606e-07,1.66079e-07
1.09973e-06,1.04425e-06,9.63025e-07,8.71986e-07,7.66587e-07,6.50641e-07,5.33295e-07,4.20379e-07,3.21147e-07,2.37286e-07,1.63842e-07
1.08573e-06,1.03454e-06,9.49597e-07,8.62041e-07,7.57698e-07,6.44402e-07,5.27707e-07,4.15561e-07,3.16428e-07,2.3494e-07,1.60971e-07
1.07444e-06,1.02377e-06,9.40541e-07,8.52986e-07,7.48054e-07,6.3456e-07,5.21992e-07,4.09356e-07,3.14161e-07,2.30512e-07,1.58457e-07
1.0676e-06,1.01195e-06,9.3263e-07,8.43499e-07,7.4092e-07,6.3242e-07,5.17103e-07,4.04798e-07,3.08896e-07,2.27284e-07,1.55888e-07
1.04866e-06,9.99579e-07,9.20351e-07,8.33109e-07,7.32634e-07,6.20737e-07,5.11513e-07,3.99845e-07,3.05773e-07,2.24517e-07,1.53528e-07
1.04112e-06,9.89894e-07,9.13746e-07,8.32506e-07,7.2432e-07,6.15216e-07,5.03203e-07,3.97037e-07,3.01026e-07,2.21464e-07,1.52198e-07
1.03065e-06,9.77127e-07,8.99277e-07,8.18632e-07,7.17525e-07,6.08232e-07,5.00941e-07,3.9262e-07,2.99253e-07,2.17638e-07,1.49809e-07
1.01888e-06,9.71216e-07,8.91052e-07,8.06443e-07,7.10521e-07,6.00656e-07,4.9151e-07,3.87182e-07,2.92951e-07,2.15605e-07,1.47128e-07
1.01102e-06,9.59439e-07,8.8337e-07,7.97071e-07,7.01456e-07,5.93602e-07,4.88854e-07,3.82851e-07,2.89796e-07,2.12197e-07,1.44552e-07
1.00233e-06,9.52921e-07,8.72165e-07,7.94453e-07,6.92428e-07,5.88215e-07,4.8052e-07,3.78687e-07,2.85283e-07,2.11109e-07,1.43097e-07
9.86678e-07,9.38282e-07,8.60955e-07,7.79013e-07,6.84944e-07,5.80072e-07,4.75048e-07,3.73354e-07,2.81863e-07,2.07412e-07,1.39905e-07
9.76062e-07,9.32833e-07,8.5216e-07,7.76461e-07,6.78481e-07,5.73894e-07,4.68553e-07,3.69341e-07,2.78762e-07,2.03991e-07,1.38833e-07
