# xi1
# underflow	  114.66232    	 0.22540620    
# overflow	 0.26981946    	 0.15896102E-01
# sum	  129.72632    	 0.23999451    
# xmin	xmax	cross	numerror
  1034.0000    	  1035.0000    	 0.78625926E-02	 0.31119652E-02
  1035.0000    	  1036.0000    	 0.10792255E-01	 0.28464754E-02
  1036.0000    	  1037.0000    	 0.91954939E-02	 0.29695814E-02
  1037.0000    	  1038.0000    	 0.14185506E-01	 0.27879737E-02
  1038.0000    	  1039.0000    	 0.11851015E-01	 0.27278393E-02
  1039.0000    	  1040.0000    	 0.16512529E-01	 0.29234323E-02
  1040.0000    	  1041.0000    	 0.13645072E-01	 0.27679884E-02
  1041.0000    	  1042.0000    	 0.15800293E-01	 0.26374513E-02
  1042.0000    	  1043.0000    	 0.16386603E-01	 0.30023540E-02
  1043.0000    	  1044.0000    	 0.14298054E-01	 0.28426227E-02
  1044.0000    	  1045.0000    	 0.13569568E-01	 0.29245350E-02
  1045.0000    	  1046.0000    	 0.76715626E-02	 0.31636309E-02
  1046.0000    	  1047.0000    	 0.91173359E-02	 0.28055901E-02
  1047.0000    	  1048.0000    	 0.17517377E-01	 0.28144754E-02
  1048.0000    	  1049.0000    	 0.14957214E-01	 0.26276395E-02
  1049.0000    	  1050.0000    	 0.10725700E-01	 0.27618365E-02
  1050.0000    	  1051.0000    	 0.12380560E-01	 0.27738568E-02
  1051.0000    	  1052.0000    	 0.13063705E-01	 0.27970071E-02
  1052.0000    	  1053.0000    	 0.17574551E-01	 0.27804488E-02
  1053.0000    	  1054.0000    	 0.11943085E-01	 0.28831813E-02
  1054.0000    	  1055.0000    	 0.15491099E-01	 0.28045170E-02
  1055.0000    	  1056.0000    	 0.87439595E-02	 0.29260405E-02
  1056.0000    	  1057.0000    	 0.91961828E-02	 0.31515296E-02
  1057.0000    	  1058.0000    	 0.16379407E-01	 0.32067708E-02
  1058.0000    	  1059.0000    	 0.14589693E-01	 0.26592103E-02
  1059.0000    	  1060.0000    	 0.14957418E-01	 0.28696676E-02
  1060.0000    	  1061.0000    	 0.16864780E-01	 0.27171255E-02
  1061.0000    	  1062.0000    	 0.18100230E-01	 0.25302144E-02
  1062.0000    	  1063.0000    	 0.15594907E-01	 0.29001567E-02
  1063.0000    	  1064.0000    	 0.17167146E-01	 0.30591479E-02
  1064.0000    	  1065.0000    	 0.17511554E-01	 0.30292904E-02
  1065.0000    	  1066.0000    	 0.19740543E-01	 0.31041376E-02
  1066.0000    	  1067.0000    	 0.14195592E-01	 0.28218691E-02
  1067.0000    	  1068.0000    	 0.11101931E-01	 0.28276748E-02
  1068.0000    	  1069.0000    	 0.12364908E-01	 0.27643533E-02
  1069.0000    	  1070.0000    	 0.12131899E-01	 0.27063187E-02
  1070.0000    	  1071.0000    	 0.14002864E-01	 0.28642117E-02
  1071.0000    	  1072.0000    	 0.15434378E-01	 0.24951438E-02
  1072.0000    	  1073.0000    	 0.96070472E-02	 0.25675157E-02
  1073.0000    	  1074.0000    	 0.17695954E-01	 0.29818450E-02
  1074.0000    	  1075.0000    	 0.21584493E-01	 0.27555497E-02
  1075.0000    	  1076.0000    	 0.17616186E-01	 0.30419877E-02
  1076.0000    	  1077.0000    	 0.12496445E-01	 0.26736019E-02
  1077.0000    	  1078.0000    	 0.67639649E-02	 0.31645242E-02
  1078.0000    	  1079.0000    	 0.17389986E-01	 0.28629461E-02
  1079.0000    	  1080.0000    	 0.10032532E-01	 0.29057959E-02
  1080.0000    	  1081.0000    	 0.12809871E-01	 0.26250069E-02
  1081.0000    	  1082.0000    	 0.18176824E-01	 0.28521217E-02
  1082.0000    	  1083.0000    	 0.18155481E-01	 0.27919254E-02
  1083.0000    	  1084.0000    	 0.18785130E-01	 0.25715215E-02
  1084.0000    	  1085.0000    	 0.16397518E-01	 0.27126350E-02
  1085.0000    	  1086.0000    	 0.17545777E-01	 0.27591339E-02
  1086.0000    	  1087.0000    	 0.18195351E-01	 0.26749564E-02
  1087.0000    	  1088.0000    	 0.19224865E-01	 0.26773338E-02
  1088.0000    	  1089.0000    	 0.17481377E-01	 0.28369895E-02
  1089.0000    	  1090.0000    	 0.79676842E-02	 0.29720739E-02
  1090.0000    	  1091.0000    	 0.13132972E-01	 0.28806076E-02
  1091.0000    	  1092.0000    	 0.17477961E-01	 0.28913611E-02
  1092.0000    	  1093.0000    	 0.12713183E-01	 0.29564023E-02
  1093.0000    	  1094.0000    	 0.14884066E-01	 0.26254810E-02
  1094.0000    	  1095.0000    	 0.15523850E-01	 0.26168380E-02
  1095.0000    	  1096.0000    	 0.16970160E-01	 0.28363985E-02
  1096.0000    	  1097.0000    	 0.20799049E-01	 0.27865209E-02
  1097.0000    	  1098.0000    	 0.15023739E-01	 0.29776363E-02
  1098.0000    	  1099.0000    	 0.15520945E-01	 0.30521565E-02
  1099.0000    	  1100.0000    	 0.11626239E-01	 0.25190861E-02
  1100.0000    	  1101.0000    	 0.10383437E-01	 0.26959240E-02
  1101.0000    	  1102.0000    	 0.14095637E-01	 0.26275425E-02
  1102.0000    	  1103.0000    	 0.16276510E-01	 0.26634600E-02
  1103.0000    	  1104.0000    	 0.12593083E-01	 0.29519934E-02
  1104.0000    	  1105.0000    	 0.13560080E-01	 0.28255116E-02
  1105.0000    	  1106.0000    	 0.15694578E-01	 0.26992459E-02
  1106.0000    	  1107.0000    	 0.17444596E-01	 0.28444840E-02
  1107.0000    	  1108.0000    	 0.19676146E-01	 0.29083560E-02
  1108.0000    	  1109.0000    	 0.22066005E-01	 0.30351169E-02
  1109.0000    	  1110.0000    	 0.17491287E-01	 0.27977505E-02
  1110.0000    	  1111.0000    	 0.19889203E-01	 0.25990737E-02
  1111.0000    	  1112.0000    	 0.11697302E-01	 0.28480745E-02
  1112.0000    	  1113.0000    	 0.12341001E-01	 0.27903241E-02
  1113.0000    	  1114.0000    	 0.13133814E-01	 0.25449262E-02
  1114.0000    	  1115.0000    	 0.13593505E-01	 0.25209244E-02
  1115.0000    	  1116.0000    	 0.20304895E-01	 0.26784457E-02
  1116.0000    	  1117.0000    	 0.14662318E-01	 0.27953007E-02
  1117.0000    	  1118.0000    	 0.18488693E-01	 0.27416402E-02
  1118.0000    	  1119.0000    	 0.15186648E-01	 0.29776874E-02
  1119.0000    	  1120.0000    	 0.13773461E-01	 0.29329033E-02
  1120.0000    	  1121.0000    	 0.13422315E-01	 0.26749738E-02
  1121.0000    	  1122.0000    	 0.14677256E-01	 0.26516681E-02
  1122.0000    	  1123.0000    	 0.17170831E-01	 0.31867032E-02
  1123.0000    	  1124.0000    	 0.20010222E-01	 0.26692760E-02
  1124.0000    	  1125.0000    	 0.13408533E-01	 0.27802341E-02
  1125.0000    	  1126.0000    	 0.15550648E-01	 0.25665438E-02
  1126.0000    	  1127.0000    	 0.14471486E-01	 0.24724166E-02
  1127.0000    	  1128.0000    	 0.20257753E-01	 0.24511658E-02
  1128.0000    	  1129.0000    	 0.14720373E-01	 0.30855366E-02
  1129.0000    	  1130.0000    	 0.23803364E-01	 0.28434737E-02
  1130.0000    	  1131.0000    	 0.15807937E-01	 0.27418472E-02
  1131.0000    	  1132.0000    	 0.18215483E-01	 0.28048856E-02
  1132.0000    	  1133.0000    	 0.13286730E-01	 0.28628200E-02
  1133.0000    	  1134.0000    	 0.11342411E-01	 0.28344852E-02
  1134.0000    	  1135.0000    	 0.14340532E-01	 0.26528579E-02
  1135.0000    	  1136.0000    	 0.18071266E-01	 0.25727253E-02
  1136.0000    	  1137.0000    	 0.14602848E-01	 0.27185194E-02
  1137.0000    	  1138.0000    	 0.18575240E-01	 0.23237173E-02
  1138.0000    	  1139.0000    	 0.14641006E-01	 0.27098749E-02
  1139.0000    	  1140.0000    	 0.20551560E-01	 0.28682527E-02
  1140.0000    	  1141.0000    	 0.12915152E-01	 0.30408781E-02
  1141.0000    	  1142.0000    	 0.18205654E-01	 0.26190650E-02
  1142.0000    	  1143.0000    	 0.21182112E-01	 0.32260023E-02
  1143.0000    	  1144.0000    	 0.12384605E-01	 0.27146100E-02
  1144.0000    	  1145.0000    	 0.14671495E-01	 0.32641152E-02
  1145.0000    	  1146.0000    	 0.12012301E-01	 0.26190844E-02
  1146.0000    	  1147.0000    	 0.13236576E-01	 0.25833531E-02
  1147.0000    	  1148.0000    	 0.15329230E-01	 0.28253002E-02
  1148.0000    	  1149.0000    	 0.18282187E-01	 0.23748141E-02
  1149.0000    	  1150.0000    	 0.19835689E-01	 0.27030215E-02
  1150.0000    	  1151.0000    	 0.19102693E-01	 0.28064162E-02
  1151.0000    	  1152.0000    	 0.12740779E-01	 0.32605207E-02
  1152.0000    	  1153.0000    	 0.23275040E-01	 0.32003297E-02
  1153.0000    	  1154.0000    	 0.11148141E-01	 0.32076035E-02
  1154.0000    	  1155.0000    	 0.14662626E-01	 0.25285451E-02
  1155.0000    	  1156.0000    	 0.11686806E-01	 0.26114135E-02
  1156.0000    	  1157.0000    	 0.16586549E-01	 0.26231695E-02
  1157.0000    	  1158.0000    	 0.15605597E-01	 0.24204828E-02
  1158.0000    	  1159.0000    	 0.11072582E-01	 0.31563127E-02
  1159.0000    	  1160.0000    	 0.17585588E-01	 0.27682978E-02
  1160.0000    	  1161.0000    	 0.11450222E-01	 0.29293404E-02
  1161.0000    	  1162.0000    	 0.20845372E-01	 0.26629507E-02
  1162.0000    	  1163.0000    	 0.15703876E-01	 0.27367540E-02
  1163.0000    	  1164.0000    	 0.20148441E-01	 0.32248440E-02
  1164.0000    	  1165.0000    	 0.16715867E-01	 0.28182236E-02
  1165.0000    	  1166.0000    	 0.16051286E-01	 0.26594121E-02
  1166.0000    	  1167.0000    	 0.14305714E-01	 0.26767091E-02
  1167.0000    	  1168.0000    	 0.11101100E-01	 0.25094922E-02
  1168.0000    	  1169.0000    	 0.13781841E-01	 0.25185105E-02
  1169.0000    	  1170.0000    	 0.18864616E-01	 0.29252614E-02
  1170.0000    	  1171.0000    	 0.15990766E-01	 0.24463989E-02
  1171.0000    	  1172.0000    	 0.21597800E-01	 0.28816581E-02
  1172.0000    	  1173.0000    	 0.18841895E-01	 0.28318179E-02
  1173.0000    	  1174.0000    	 0.20089390E-01	 0.32878834E-02
  1174.0000    	  1175.0000    	 0.18458488E-01	 0.28573352E-02
  1175.0000    	  1176.0000    	 0.19951711E-01	 0.26300967E-02
  1176.0000    	  1177.0000    	 0.14350988E-01	 0.24153880E-02
  1177.0000    	  1178.0000    	 0.15605746E-01	 0.26649503E-02
  1178.0000    	  1179.0000    	 0.17251870E-01	 0.29767926E-02
  1179.0000    	  1180.0000    	 0.19155115E-01	 0.25986413E-02
  1180.0000    	  1181.0000    	 0.18745749E-01	 0.23643450E-02
  1181.0000    	  1182.0000    	 0.19355182E-01	 0.26180431E-02
  1182.0000    	  1183.0000    	 0.18873172E-01	 0.26915371E-02
  1183.0000    	  1184.0000    	 0.18936854E-01	 0.29034120E-02
  1184.0000    	  1185.0000    	 0.18644812E-01	 0.30940688E-02
  1185.0000    	  1186.0000    	 0.21062861E-01	 0.27501234E-02
  1186.0000    	  1187.0000    	 0.17151229E-01	 0.32311555E-02
  1187.0000    	  1188.0000    	 0.13086910E-01	 0.26190858E-02
  1188.0000    	  1189.0000    	 0.11571603E-01	 0.25983995E-02
  1189.0000    	  1190.0000    	 0.95596960E-02	 0.29246418E-02
  1190.0000    	  1191.0000    	 0.18512524E-01	 0.27378072E-02
  1191.0000    	  1192.0000    	 0.14542424E-01	 0.23724608E-02
  1192.0000    	  1193.0000    	 0.17725648E-01	 0.27928229E-02
  1193.0000    	  1194.0000    	 0.14369960E-01	 0.27792932E-02
  1194.0000    	  1195.0000    	 0.23172647E-01	 0.32217006E-02
  1195.0000    	  1196.0000    	 0.19997393E-01	 0.28032766E-02
  1196.0000    	  1197.0000    	 0.18894886E-01	 0.26860714E-02
  1197.0000    	  1198.0000    	 0.18064363E-01	 0.28283619E-02
  1198.0000    	  1199.0000    	 0.17310431E-01	 0.27800183E-02
  1199.0000    	  1200.0000    	 0.17157371E-01	 0.25993926E-02
  1200.0000    	  1201.0000    	 0.16957029E-01	 0.31140297E-02
  1201.0000    	  1202.0000    	 0.14691879E-01	 0.26138112E-02
  1202.0000    	  1203.0000    	 0.17256060E-01	 0.26572026E-02
  1203.0000    	  1204.0000    	 0.16882835E-01	 0.28000000E-02
  1204.0000    	  1205.0000    	 0.14009171E-01	 0.25490267E-02
  1205.0000    	  1206.0000    	 0.17393056E-01	 0.29162535E-02
  1206.0000    	  1207.0000    	 0.20651531E-01	 0.31294664E-02
  1207.0000    	  1208.0000    	 0.16530406E-01	 0.29214724E-02
  1208.0000    	  1209.0000    	 0.18442581E-01	 0.33239919E-02
  1209.0000    	  1210.0000    	 0.13765677E-01	 0.28121061E-02
  1210.0000    	  1211.0000    	 0.11635273E-01	 0.25792979E-02
  1211.0000    	  1212.0000    	 0.18434088E-01	 0.24979554E-02
  1212.0000    	  1213.0000    	 0.13775179E-01	 0.25595592E-02
  1213.0000    	  1214.0000    	 0.18085007E-01	 0.26045051E-02
  1214.0000    	  1215.0000    	 0.18338576E-01	 0.28031356E-02
  1215.0000    	  1216.0000    	 0.20385680E-01	 0.24698479E-02
  1216.0000    	  1217.0000    	 0.13599302E-01	 0.29585702E-02
  1217.0000    	  1218.0000    	 0.19395592E-01	 0.31658804E-02
  1218.0000    	  1219.0000    	 0.15455051E-01	 0.32702216E-02
  1219.0000    	  1220.0000    	 0.16219353E-01	 0.31113419E-02
  1220.0000    	  1221.0000    	 0.99619685E-02	 0.25033045E-02
  1221.0000    	  1222.0000    	 0.18657331E-01	 0.28425770E-02
  1222.0000    	  1223.0000    	 0.18727455E-01	 0.26823399E-02
  1223.0000    	  1224.0000    	 0.16432190E-01	 0.27650976E-02
  1224.0000    	  1225.0000    	 0.15332591E-01	 0.27985309E-02
  1225.0000    	  1226.0000    	 0.15051725E-01	 0.25439701E-02
  1226.0000    	  1227.0000    	 0.17111758E-01	 0.24601868E-02
  1227.0000    	  1228.0000    	 0.22545748E-01	 0.29995279E-02
  1228.0000    	  1229.0000    	 0.13762684E-01	 0.29980229E-02
  1229.0000    	  1230.0000    	 0.17057410E-01	 0.32852161E-02
  1230.0000    	  1231.0000    	 0.12590586E-01	 0.31396409E-02
  1231.0000    	  1232.0000    	 0.13615375E-01	 0.24196361E-02
  1232.0000    	  1233.0000    	 0.16146192E-01	 0.26634615E-02
  1233.0000    	  1234.0000    	 0.13065817E-01	 0.24828159E-02
  1234.0000    	  1235.0000    	 0.14987787E-01	 0.30531932E-02
  1235.0000    	  1236.0000    	 0.17396696E-01	 0.28035701E-02
  1236.0000    	  1237.0000    	 0.17460803E-01	 0.24558225E-02
  1237.0000    	  1238.0000    	 0.22307613E-01	 0.24887927E-02
  1238.0000    	  1239.0000    	 0.14332288E-01	 0.30373689E-02
  1239.0000    	  1240.0000    	 0.18655200E-01	 0.27634782E-02
  1240.0000    	  1241.0000    	 0.13928410E-01	 0.26991477E-02
  1241.0000    	  1242.0000    	 0.14815388E-01	 0.27410364E-02
  1242.0000    	  1243.0000    	 0.14997290E-01	 0.22707520E-02
  1243.0000    	  1244.0000    	 0.20785154E-01	 0.28227699E-02
  1244.0000    	  1245.0000    	 0.16633503E-01	 0.25669443E-02
  1245.0000    	  1246.0000    	 0.12519372E-01	 0.24794413E-02
  1246.0000    	  1247.0000    	 0.16846097E-01	 0.25129529E-02
  1247.0000    	  1248.0000    	 0.21577453E-01	 0.26901394E-02
  1248.0000    	  1249.0000    	 0.16779352E-01	 0.28027858E-02
  1249.0000    	  1250.0000    	 0.15822820E-01	 0.30595820E-02
  1250.0000    	  1251.0000    	 0.17255996E-01	 0.29491488E-02
  1251.0000    	  1252.0000    	 0.15075758E-01	 0.26179909E-02
  1252.0000    	  1253.0000    	 0.14108323E-01	 0.26192761E-02
  1253.0000    	  1254.0000    	 0.13298426E-01	 0.25204862E-02
  1254.0000    	  1255.0000    	 0.16762463E-01	 0.28062415E-02
  1255.0000    	  1256.0000    	 0.15759261E-01	 0.22977819E-02
  1256.0000    	  1257.0000    	 0.19805581E-01	 0.24615739E-02
  1257.0000    	  1258.0000    	 0.17237493E-01	 0.24722877E-02
  1258.0000    	  1259.0000    	 0.16775749E-01	 0.29527792E-02
  1259.0000    	  1260.0000    	 0.23138225E-01	 0.27429090E-02
  1260.0000    	  1261.0000    	 0.20461785E-01	 0.27720959E-02
  1261.0000    	  1262.0000    	 0.18228045E-01	 0.31689477E-02
  1262.0000    	  1263.0000    	 0.17345699E-01	 0.28831208E-02
  1263.0000    	  1264.0000    	 0.12091147E-01	 0.26455193E-02
  1264.0000    	  1265.0000    	 0.65055977E-02	 0.28220996E-02
  1265.0000    	  1266.0000    	 0.14000848E-01	 0.29675528E-02
  1266.0000    	  1267.0000    	 0.17669974E-01	 0.24098850E-02
  1267.0000    	  1268.0000    	 0.16904519E-01	 0.23921014E-02
  1268.0000    	  1269.0000    	 0.18550565E-01	 0.29065733E-02
  1269.0000    	  1270.0000    	 0.13381385E-01	 0.28840557E-02
  1270.0000    	  1271.0000    	 0.21174337E-01	 0.28391879E-02
  1271.0000    	  1272.0000    	 0.21955852E-01	 0.31795600E-02
  1272.0000    	  1273.0000    	 0.19040988E-01	 0.31263265E-02
  1273.0000    	  1274.0000    	 0.15128179E-01	 0.28205261E-02
  1274.0000    	  1275.0000    	 0.16449253E-01	 0.26336261E-02
  1275.0000    	  1276.0000    	 0.12860475E-01	 0.25514506E-02
  1276.0000    	  1277.0000    	 0.19163421E-01	 0.27847763E-02
  1277.0000    	  1278.0000    	 0.17632651E-01	 0.24306690E-02
  1278.0000    	  1279.0000    	 0.19517170E-01	 0.24752586E-02
  1279.0000    	  1280.0000    	 0.18101107E-01	 0.27168444E-02
  1280.0000    	  1281.0000    	 0.18707291E-01	 0.27480213E-02
  1281.0000    	  1282.0000    	 0.19111968E-01	 0.26947385E-02
  1282.0000    	  1283.0000    	 0.19137708E-01	 0.31193650E-02
  1283.0000    	  1284.0000    	 0.19139480E-01	 0.35252910E-02
  1284.0000    	  1285.0000    	 0.11850622E-01	 0.30146152E-02
  1285.0000    	  1286.0000    	 0.14820019E-01	 0.27693438E-02
  1286.0000    	  1287.0000    	 0.95365199E-02	 0.20707290E-02
  1287.0000    	  1288.0000    	 0.14794425E-01	 0.27217389E-02
  1288.0000    	  1289.0000    	 0.21648365E-01	 0.24607850E-02
  1289.0000    	  1290.0000    	 0.18586157E-01	 0.22519315E-02
  1290.0000    	  1291.0000    	 0.15355738E-01	 0.27420747E-02
  1291.0000    	  1292.0000    	 0.19333712E-01	 0.25902153E-02
  1292.0000    	  1293.0000    	 0.17109207E-01	 0.27045909E-02
  1293.0000    	  1294.0000    	 0.23430897E-01	 0.29885582E-02
  1294.0000    	  1295.0000    	 0.14824641E-01	 0.33590932E-02
  1295.0000    	  1296.0000    	 0.19663159E-01	 0.32510689E-02
  1296.0000    	  1297.0000    	 0.19775046E-01	 0.27579924E-02
  1297.0000    	  1298.0000    	 0.11743603E-01	 0.21608555E-02
  1298.0000    	  1299.0000    	 0.20914090E-01	 0.26469078E-02
  1299.0000    	  1300.0000    	 0.16251520E-01	 0.25228558E-02
  1300.0000    	  1301.0000    	 0.17853601E-01	 0.24262109E-02
  1301.0000    	  1302.0000    	 0.19000643E-01	 0.25309027E-02
  1302.0000    	  1303.0000    	 0.18613694E-01	 0.30115320E-02
  1303.0000    	  1304.0000    	 0.15571210E-01	 0.28467098E-02
  1304.0000    	  1305.0000    	 0.20639328E-01	 0.28580285E-02
  1305.0000    	  1306.0000    	 0.21144838E-01	 0.29333697E-02
  1306.0000    	  1307.0000    	 0.13703116E-01	 0.35289052E-02
  1307.0000    	  1308.0000    	 0.14181506E-01	 0.29246145E-02
  1308.0000    	  1309.0000    	 0.70830010E-02	 0.24455853E-02
  1309.0000    	  1310.0000    	 0.18619452E-01	 0.27730298E-02
  1310.0000    	  1311.0000    	 0.16159818E-01	 0.23655373E-02
  1311.0000    	  1312.0000    	 0.17871648E-01	 0.27628977E-02
  1312.0000    	  1313.0000    	 0.18084057E-01	 0.27656754E-02
  1313.0000    	  1314.0000    	 0.19974817E-01	 0.28885711E-02
  1314.0000    	  1315.0000    	 0.19157601E-01	 0.30972607E-02
  1315.0000    	  1316.0000    	 0.19809994E-01	 0.29227208E-02
  1316.0000    	  1317.0000    	 0.16740037E-01	 0.28646958E-02
  1317.0000    	  1318.0000    	 0.17692366E-01	 0.32291289E-02
  1318.0000    	  1319.0000    	 0.17465298E-01	 0.27523759E-02
  1319.0000    	  1320.0000    	 0.11266710E-01	 0.24166972E-02
  1320.0000    	  1321.0000    	 0.13857055E-01	 0.25096540E-02
  1321.0000    	  1322.0000    	 0.17925985E-01	 0.22185278E-02
  1322.0000    	  1323.0000    	 0.18449238E-01	 0.24405891E-02
  1323.0000    	  1324.0000    	 0.14390110E-01	 0.26659201E-02
  1324.0000    	  1325.0000    	 0.22250539E-01	 0.30433287E-02
  1325.0000    	  1326.0000    	 0.17065482E-01	 0.32509973E-02
  1326.0000    	  1327.0000    	 0.12770931E-01	 0.33072471E-02
  1327.0000    	  1328.0000    	 0.16714948E-01	 0.28665522E-02
  1328.0000    	  1329.0000    	 0.14830024E-01	 0.33186923E-02
  1329.0000    	  1330.0000    	 0.10739628E-01	 0.27811683E-02
  1330.0000    	  1331.0000    	 0.10823340E-01	 0.24725437E-02
  1331.0000    	  1332.0000    	 0.17928046E-01	 0.22812941E-02
  1332.0000    	  1333.0000    	 0.17024663E-01	 0.25951079E-02
  1333.0000    	  1334.0000    	 0.11622390E-01	 0.25140171E-02
  1334.0000    	  1335.0000    	 0.19925329E-01	 0.24103311E-02
  1335.0000    	  1336.0000    	 0.23396692E-01	 0.32551926E-02
  1336.0000    	  1337.0000    	 0.20894941E-01	 0.27855055E-02
  1337.0000    	  1338.0000    	 0.18220189E-01	 0.28493888E-02
  1338.0000    	  1339.0000    	 0.14415850E-01	 0.28905421E-02
  1339.0000    	  1340.0000    	 0.14003416E-01	 0.28431185E-02
  1340.0000    	  1341.0000    	 0.10887004E-01	 0.28098756E-02
  1341.0000    	  1342.0000    	 0.86775858E-02	 0.23393646E-02
  1342.0000    	  1343.0000    	 0.18517984E-01	 0.23100225E-02
  1343.0000    	  1344.0000    	 0.15833024E-01	 0.26003489E-02
  1344.0000    	  1345.0000    	 0.15606777E-01	 0.26821303E-02
  1345.0000    	  1346.0000    	 0.22361906E-01	 0.24879784E-02
  1346.0000    	  1347.0000    	 0.17574121E-01	 0.29772016E-02
  1347.0000    	  1348.0000    	 0.18586357E-01	 0.27294736E-02
  1348.0000    	  1349.0000    	 0.20053771E-01	 0.28342345E-02
  1349.0000    	  1350.0000    	 0.17393172E-01	 0.28773185E-02
  1350.0000    	  1351.0000    	 0.18030761E-01	 0.26138231E-02
  1351.0000    	  1352.0000    	 0.13873436E-01	 0.29951832E-02
  1352.0000    	  1353.0000    	 0.10893935E-01	 0.21859462E-02
  1353.0000    	  1354.0000    	 0.16913260E-01	 0.23814101E-02
  1354.0000    	  1355.0000    	 0.17459009E-01	 0.25180350E-02
  1355.0000    	  1356.0000    	 0.19221184E-01	 0.28066427E-02
  1356.0000    	  1357.0000    	 0.19038171E-01	 0.28165239E-02
  1357.0000    	  1358.0000    	 0.19719011E-01	 0.34723628E-02
  1358.0000    	  1359.0000    	 0.20806397E-01	 0.29811444E-02
  1359.0000    	  1360.0000    	 0.20324511E-01	 0.30913844E-02
  1360.0000    	  1361.0000    	 0.18745258E-01	 0.30632866E-02
  1361.0000    	  1362.0000    	 0.15996861E-01	 0.25072226E-02
  1362.0000    	  1363.0000    	 0.81341557E-02	 0.28783753E-02
  1363.0000    	  1364.0000    	 0.12448205E-01	 0.21498404E-02
  1364.0000    	  1365.0000    	 0.16095755E-01	 0.25279091E-02
  1365.0000    	  1366.0000    	 0.17986087E-01	 0.24283774E-02
  1366.0000    	  1367.0000    	 0.18629525E-01	 0.27906942E-02
  1367.0000    	  1368.0000    	 0.14267209E-01	 0.25869007E-02
  1368.0000    	  1369.0000    	 0.22951484E-01	 0.26400569E-02
  1369.0000    	  1370.0000    	 0.17279442E-01	 0.27815711E-02
  1370.0000    	  1371.0000    	 0.19543238E-01	 0.28427019E-02
  1371.0000    	  1372.0000    	 0.14214318E-01	 0.30241710E-02
  1372.0000    	  1373.0000    	 0.12703229E-01	 0.29059096E-02
  1373.0000    	  1374.0000    	 0.10251834E-01	 0.26878334E-02
  1374.0000    	  1375.0000    	 0.10074084E-01	 0.21455064E-02
  1375.0000    	  1376.0000    	 0.19606748E-01	 0.24026512E-02
  1376.0000    	  1377.0000    	 0.21065070E-01	 0.25931799E-02
  1377.0000    	  1378.0000    	 0.17421280E-01	 0.24329627E-02
  1378.0000    	  1379.0000    	 0.23550368E-01	 0.30729421E-02
  1379.0000    	  1380.0000    	 0.14395495E-01	 0.27813243E-02
  1380.0000    	  1381.0000    	 0.14985671E-01	 0.26564090E-02
  1381.0000    	  1382.0000    	 0.22738080E-01	 0.32597874E-02
  1382.0000    	  1383.0000    	 0.13335491E-01	 0.35618587E-02
  1383.0000    	  1384.0000    	 0.14786263E-01	 0.27578745E-02
  1384.0000    	  1385.0000    	 0.16548371E-01	 0.28879923E-02
  1385.0000    	  1386.0000    	 0.14330996E-01	 0.21743222E-02
  1386.0000    	  1387.0000    	 0.20891638E-01	 0.24715047E-02
  1387.0000    	  1388.0000    	 0.17883949E-01	 0.25511574E-02
  1388.0000    	  1389.0000    	 0.18835833E-01	 0.29226490E-02
  1389.0000    	  1390.0000    	 0.16140198E-01	 0.27581694E-02
  1390.0000    	  1391.0000    	 0.16974630E-01	 0.28630382E-02
  1391.0000    	  1392.0000    	 0.19556396E-01	 0.25432066E-02
  1392.0000    	  1393.0000    	 0.17030553E-01	 0.32768970E-02
  1393.0000    	  1394.0000    	 0.11830763E-01	 0.28418929E-02
  1394.0000    	  1395.0000    	 0.15944019E-01	 0.25961788E-02
  1395.0000    	  1396.0000    	 0.12235026E-01	 0.27559946E-02
  1396.0000    	  1397.0000    	 0.10683082E-01	 0.21736222E-02
  1397.0000    	  1398.0000    	 0.15901464E-01	 0.26645440E-02
  1398.0000    	  1399.0000    	 0.12232189E-01	 0.24404804E-02
  1399.0000    	  1400.0000    	 0.20838772E-01	 0.25873786E-02
  1400.0000    	  1401.0000    	 0.19557923E-01	 0.23365905E-02
  1401.0000    	  1402.0000    	 0.23357821E-01	 0.30212750E-02
  1402.0000    	  1403.0000    	 0.25827390E-01	 0.31192123E-02
  1403.0000    	  1404.0000    	 0.19234156E-01	 0.30447676E-02
  1404.0000    	  1405.0000    	 0.19491249E-01	 0.27289705E-02
  1405.0000    	  1406.0000    	 0.13907077E-01	 0.25819711E-02
  1406.0000    	  1407.0000    	 0.13782016E-01	 0.26489066E-02
  1407.0000    	  1408.0000    	 0.10053107E-01	 0.20775348E-02
  1408.0000    	  1409.0000    	 0.17991803E-01	 0.25817595E-02
  1409.0000    	  1410.0000    	 0.20404928E-01	 0.24696113E-02
  1410.0000    	  1411.0000    	 0.18906720E-01	 0.24520616E-02
  1411.0000    	  1412.0000    	 0.18159781E-01	 0.29573432E-02
  1412.0000    	  1413.0000    	 0.25224328E-01	 0.28605208E-02
  1413.0000    	  1414.0000    	 0.14635054E-01	 0.27664009E-02
  1414.0000    	  1415.0000    	 0.20991654E-01	 0.33836183E-02
  1415.0000    	  1416.0000    	 0.17969779E-01	 0.26560381E-02
  1416.0000    	  1417.0000    	 0.16052165E-01	 0.26348586E-02
  1417.0000    	  1418.0000    	 0.12423325E-01	 0.24454036E-02
  1418.0000    	  1419.0000    	 0.92768910E-02	 0.22548217E-02
  1419.0000    	  1420.0000    	 0.21379622E-01	 0.22787361E-02
  1420.0000    	  1421.0000    	 0.17523150E-01	 0.26328628E-02
  1421.0000    	  1422.0000    	 0.24289426E-01	 0.22896067E-02
  1422.0000    	  1423.0000    	 0.21066055E-01	 0.29822326E-02
  1423.0000    	  1424.0000    	 0.17060668E-01	 0.27637434E-02
  1424.0000    	  1425.0000    	 0.19775832E-01	 0.26736946E-02
  1425.0000    	  1426.0000    	 0.11208634E-01	 0.29560546E-02
  1426.0000    	  1427.0000    	 0.17509010E-01	 0.31335482E-02
  1427.0000    	  1428.0000    	 0.11248348E-01	 0.32231636E-02
  1428.0000    	  1429.0000    	 0.15369344E-01	 0.30161512E-02
  1429.0000    	  1430.0000    	 0.98922220E-02	 0.20813107E-02
  1430.0000    	  1431.0000    	 0.16120938E-01	 0.25979868E-02
  1431.0000    	  1432.0000    	 0.17509210E-01	 0.24628081E-02
  1432.0000    	  1433.0000    	 0.13782907E-01	 0.27779709E-02
  1433.0000    	  1434.0000    	 0.24204689E-01	 0.25888543E-02
  1434.0000    	  1435.0000    	 0.17952993E-01	 0.30000113E-02
  1435.0000    	  1436.0000    	 0.21055785E-01	 0.27395028E-02
  1436.0000    	  1437.0000    	 0.19824421E-01	 0.26255900E-02
  1437.0000    	  1438.0000    	 0.11025058E-01	 0.30117936E-02
  1438.0000    	  1439.0000    	 0.12494460E-01	 0.30960578E-02
  1439.0000    	  1440.0000    	 0.10188195E-01	 0.25830634E-02
  1440.0000    	  1441.0000    	 0.63093553E-02	 0.21983745E-02
  1441.0000    	  1442.0000    	 0.20057035E-01	 0.28926873E-02
  1442.0000    	  1443.0000    	 0.13504574E-01	 0.26809341E-02
  1443.0000    	  1444.0000    	 0.21711042E-01	 0.26287638E-02
  1444.0000    	  1445.0000    	 0.21501178E-01	 0.30635633E-02
  1445.0000    	  1446.0000    	 0.16043003E-01	 0.25531953E-02
  1446.0000    	  1447.0000    	 0.18593760E-01	 0.24992071E-02
  1447.0000    	  1448.0000    	 0.13232830E-01	 0.29281365E-02
  1448.0000    	  1449.0000    	 0.19987787E-01	 0.31544314E-02
  1449.0000    	  1450.0000    	 0.14545837E-01	 0.25294150E-02
  1450.0000    	  1451.0000    	 0.82221220E-02	 0.23012460E-02
  1451.0000    	  1452.0000    	 0.93146071E-02	 0.20730738E-02
  1452.0000    	  1453.0000    	 0.17305857E-01	 0.28408249E-02
  1453.0000    	  1454.0000    	 0.17985257E-01	 0.24078861E-02
  1454.0000    	  1455.0000    	 0.18070016E-01	 0.26487723E-02
  1455.0000    	  1456.0000    	 0.86488505E-02	 0.27626467E-02
  1456.0000    	  1457.0000    	 0.23571082E-01	 0.27200813E-02
  1457.0000    	  1458.0000    	 0.19508799E-01	 0.25667394E-02
  1458.0000    	  1459.0000    	 0.20746963E-01	 0.27590603E-02
  1459.0000    	  1460.0000    	 0.14980939E-01	 0.27765389E-02
  1460.0000    	  1461.0000    	 0.16532020E-01	 0.29110732E-02
  1461.0000    	  1462.0000    	 0.13661529E-01	 0.22835004E-02
  1462.0000    	  1463.0000    	 0.91266886E-02	 0.21451564E-02
  1463.0000    	  1464.0000    	 0.17757768E-01	 0.28508607E-02
  1464.0000    	  1465.0000    	 0.17054942E-01	 0.24860933E-02
  1465.0000    	  1466.0000    	 0.23933365E-01	 0.26446109E-02
  1466.0000    	  1467.0000    	 0.18673523E-01	 0.24327176E-02
  1467.0000    	  1468.0000    	 0.18650819E-01	 0.23826843E-02
  1468.0000    	  1469.0000    	 0.16331951E-01	 0.26829320E-02
  1469.0000    	  1470.0000    	 0.15377844E-01	 0.32584136E-02
  1470.0000    	  1471.0000    	 0.15341623E-01	 0.27013630E-02
  1471.0000    	  1472.0000    	 0.17206711E-01	 0.27282404E-02
  1472.0000    	  1473.0000    	 0.13127475E-01	 0.22064242E-02
  1473.0000    	  1474.0000    	 0.97296915E-02	 0.20177646E-02
  1474.0000    	  1475.0000    	 0.19507270E-01	 0.26024281E-02
  1475.0000    	  1476.0000    	 0.23960985E-01	 0.29939420E-02
  1476.0000    	  1477.0000    	 0.14859923E-01	 0.27167037E-02
  1477.0000    	  1478.0000    	 0.18965938E-01	 0.24872941E-02
  1478.0000    	  1479.0000    	 0.13762170E-01	 0.27756168E-02
  1479.0000    	  1480.0000    	 0.16474639E-01	 0.28251171E-02
  1480.0000    	  1481.0000    	 0.19530324E-01	 0.28702064E-02
  1481.0000    	  1482.0000    	 0.16446258E-01	 0.27828068E-02
  1482.0000    	  1483.0000    	 0.14177911E-01	 0.25678157E-02
  1483.0000    	  1484.0000    	 0.10523407E-01	 0.22084361E-02
  1484.0000    	  1485.0000    	 0.32100572E-02	 0.20712316E-02
  1485.0000    	  1486.0000    	 0.14103438E-01	 0.23846107E-02
  1486.0000    	  1487.0000    	 0.18848458E-01	 0.24883721E-02
  1487.0000    	  1488.0000    	 0.15134556E-01	 0.24528947E-02
  1488.0000    	  1489.0000    	 0.18645512E-01	 0.23703465E-02
  1489.0000    	  1490.0000    	 0.19057728E-01	 0.26114306E-02
  1490.0000    	  1491.0000    	 0.20843138E-01	 0.31284137E-02
  1491.0000    	  1492.0000    	 0.17625466E-01	 0.31128591E-02
  1492.0000    	  1493.0000    	 0.16066671E-01	 0.28978998E-02
  1493.0000    	  1494.0000    	 0.15514068E-01	 0.25983456E-02
  1494.0000    	  1495.0000    	 0.87215842E-02	 0.24506048E-02
  1495.0000    	  1496.0000    	 0.84222266E-02	 0.21715423E-02
  1496.0000    	  1497.0000    	 0.19415065E-01	 0.24116664E-02
  1497.0000    	  1498.0000    	 0.21739940E-01	 0.24557772E-02
  1498.0000    	  1499.0000    	 0.19892805E-01	 0.24125102E-02
  1499.0000    	  1500.0000    	 0.19465621E-01	 0.24924800E-02
  1500.0000    	  1501.0000    	 0.18400209E-01	 0.28159056E-02
  1501.0000    	  1502.0000    	 0.17298337E-01	 0.25459916E-02
  1502.0000    	  1503.0000    	 0.19745685E-01	 0.29125550E-02
  1503.0000    	  1504.0000    	 0.12220671E-01	 0.28017349E-02
  1504.0000    	  1505.0000    	 0.15558446E-01	 0.27487264E-02
  1505.0000    	  1506.0000    	 0.10088909E-01	 0.21295916E-02
  1506.0000    	  1507.0000    	 0.81728135E-02	 0.20137528E-02
  1507.0000    	  1508.0000    	 0.16084194E-01	 0.25276409E-02
  1508.0000    	  1509.0000    	 0.19004556E-01	 0.24408762E-02
  1509.0000    	  1510.0000    	 0.22502160E-01	 0.24260648E-02
  1510.0000    	  1511.0000    	 0.22271575E-01	 0.27520475E-02
  1511.0000    	  1512.0000    	 0.15347535E-01	 0.25666859E-02
  1512.0000    	  1513.0000    	 0.18462620E-01	 0.26541107E-02
  1513.0000    	  1514.0000    	 0.18205832E-01	 0.28768254E-02
  1514.0000    	  1515.0000    	 0.15305389E-01	 0.29497087E-02
  1515.0000    	  1516.0000    	 0.10901313E-01	 0.25909780E-02
  1516.0000    	  1517.0000    	 0.14081907E-01	 0.23586003E-02
  1517.0000    	  1518.0000    	 0.97629471E-02	 0.18373113E-02
  1518.0000    	  1519.0000    	 0.23096245E-01	 0.23956268E-02
  1519.0000    	  1520.0000    	 0.17096113E-01	 0.25686114E-02
  1520.0000    	  1521.0000    	 0.18117369E-01	 0.25270211E-02
  1521.0000    	  1522.0000    	 0.14393278E-01	 0.26467606E-02
  1522.0000    	  1523.0000    	 0.20176169E-01	 0.28468589E-02
  1523.0000    	  1524.0000    	 0.17873019E-01	 0.30049511E-02
  1524.0000    	  1525.0000    	 0.14532241E-01	 0.27668321E-02
  1525.0000    	  1526.0000    	 0.17958168E-01	 0.27439192E-02
  1526.0000    	  1527.0000    	 0.15350721E-01	 0.29366305E-02
  1527.0000    	  1528.0000    	 0.10997974E-01	 0.27325286E-02
  1528.0000    	  1529.0000    	 0.57642266E-02	 0.18835279E-02
  1529.0000    	  1530.0000    	 0.14395419E-01	 0.24359950E-02
  1530.0000    	  1531.0000    	 0.18234202E-01	 0.24270788E-02
  1531.0000    	  1532.0000    	 0.19590963E-01	 0.22088114E-02
  1532.0000    	  1533.0000    	 0.17268542E-01	 0.24947477E-02
  1533.0000    	  1534.0000    	 0.13993557E-01	 0.28442123E-02
  1534.0000    	  1535.0000    	 0.14504027E-01	 0.30960446E-02
  1535.0000    	  1536.0000    	 0.22570982E-01	 0.24668005E-02
  1536.0000    	  1537.0000    	 0.12135533E-01	 0.30789893E-02
  1537.0000    	  1538.0000    	 0.12721665E-01	 0.25220243E-02
  1538.0000    	  1539.0000    	 0.10563812E-01	 0.25085223E-02
  1539.0000    	  1540.0000    	 0.96241634E-02	 0.17952222E-02
  1540.0000    	  1541.0000    	 0.18145378E-01	 0.25231474E-02
  1541.0000    	  1542.0000    	 0.18378819E-01	 0.26937705E-02
  1542.0000    	  1543.0000    	 0.15728882E-01	 0.24817978E-02
  1543.0000    	  1544.0000    	 0.23356508E-01	 0.27455474E-02
  1544.0000    	  1545.0000    	 0.19931013E-01	 0.30840837E-02
  1545.0000    	  1546.0000    	 0.12827452E-01	 0.29836319E-02
  1546.0000    	  1547.0000    	 0.19529945E-01	 0.26916188E-02
  1547.0000    	  1548.0000    	 0.15627603E-01	 0.28245069E-02
  1548.0000    	  1549.0000    	 0.12111935E-01	 0.24602041E-02
  1549.0000    	  1550.0000    	 0.90732628E-02	 0.22844658E-02
  1550.0000    	  1551.0000    	 0.58498408E-02	 0.20260270E-02
  1551.0000    	  1552.0000    	 0.14884724E-01	 0.24866224E-02
  1552.0000    	  1553.0000    	 0.15860126E-01	 0.25382127E-02
  1553.0000    	  1554.0000    	 0.15275302E-01	 0.29489585E-02
  1554.0000    	  1555.0000    	 0.18582153E-01	 0.28979794E-02
  1555.0000    	  1556.0000    	 0.15670493E-01	 0.29893179E-02
  1556.0000    	  1557.0000    	 0.23151051E-01	 0.23381762E-02
  1557.0000    	  1558.0000    	 0.13237417E-01	 0.26861137E-02
  1558.0000    	  1559.0000    	 0.13797505E-01	 0.29769136E-02
  1559.0000    	  1560.0000    	 0.14897600E-01	 0.25177348E-02
  1560.0000    	  1561.0000    	 0.11264455E-01	 0.22008808E-02
  1561.0000    	  1562.0000    	 0.70793185E-02	 0.18308979E-02
  1562.0000    	  1563.0000    	 0.19393158E-01	 0.22593522E-02
  1563.0000    	  1564.0000    	 0.17777494E-01	 0.23239697E-02
  1564.0000    	  1565.0000    	 0.18787633E-01	 0.24915672E-02
  1565.0000    	  1566.0000    	 0.18982351E-01	 0.25926903E-02
  1566.0000    	  1567.0000    	 0.17075912E-01	 0.29025183E-02
  1567.0000    	  1568.0000    	 0.15751514E-01	 0.23719583E-02
  1568.0000    	  1569.0000    	 0.17510961E-01	 0.29096357E-02
  1569.0000    	  1570.0000    	 0.18595291E-01	 0.28571151E-02
  1570.0000    	  1571.0000    	 0.14316484E-01	 0.25473513E-02
  1571.0000    	  1572.0000    	 0.61752353E-02	 0.20100022E-02
  1572.0000    	  1573.0000    	 0.78137736E-02	 0.18210344E-02
  1573.0000    	  1574.0000    	 0.19092200E-01	 0.25233865E-02
  1574.0000    	  1575.0000    	 0.17882464E-01	 0.25296955E-02
  1575.0000    	  1576.0000    	 0.16740174E-01	 0.23169962E-02
  1576.0000    	  1577.0000    	 0.17074675E-01	 0.26961950E-02
  1577.0000    	  1578.0000    	 0.16867486E-01	 0.27767148E-02
  1578.0000    	  1579.0000    	 0.19793291E-01	 0.25614994E-02
  1579.0000    	  1580.0000    	 0.15130848E-01	 0.30164078E-02
  1580.0000    	  1581.0000    	 0.11346440E-01	 0.30536948E-02
  1581.0000    	  1582.0000    	 0.14338132E-01	 0.27718657E-02
  1582.0000    	  1583.0000    	 0.11507261E-01	 0.23848701E-02
  1583.0000    	  1584.0000    	 0.72476716E-02	 0.20359683E-02
  1584.0000    	  1585.0000    	 0.16100133E-01	 0.25440564E-02
  1585.0000    	  1586.0000    	 0.19103252E-01	 0.26194565E-02
  1586.0000    	  1587.0000    	 0.22582162E-01	 0.26673742E-02
  1587.0000    	  1588.0000    	 0.15833087E-01	 0.26464385E-02
  1588.0000    	  1589.0000    	 0.17743561E-01	 0.29152557E-02
  1589.0000    	  1590.0000    	 0.14468563E-01	 0.28578853E-02
  1590.0000    	  1591.0000    	 0.20297138E-01	 0.33392527E-02
  1591.0000    	  1592.0000    	 0.13448588E-01	 0.24478084E-02
  1592.0000    	  1593.0000    	 0.10588897E-01	 0.26742902E-02
  1593.0000    	  1594.0000    	 0.82835102E-02	 0.21376274E-02
  1594.0000    	  1595.0000    	 0.11490985E-01	 0.21626657E-02
  1595.0000    	  1596.0000    	 0.13650475E-01	 0.23243185E-02
  1596.0000    	  1597.0000    	 0.17816703E-01	 0.22396148E-02
  1597.0000    	  1598.0000    	 0.24111572E-01	 0.24565626E-02
  1598.0000    	  1599.0000    	 0.19401876E-01	 0.26307377E-02
  1599.0000    	  1600.0000    	 0.14659570E-01	 0.28947939E-02
  1600.0000    	  1601.0000    	 0.15475817E-01	 0.26809246E-02
  1601.0000    	  1602.0000    	 0.12317220E-01	 0.27456515E-02
  1602.0000    	  1603.0000    	 0.14727890E-01	 0.23449935E-02
  1603.0000    	  1604.0000    	 0.14315752E-01	 0.23822787E-02
  1604.0000    	  1605.0000    	 0.12982546E-01	 0.20215747E-02
  1605.0000    	  1606.0000    	 0.57092959E-02	 0.21232447E-02
  1606.0000    	  1607.0000    	 0.17106277E-01	 0.25245009E-02
  1607.0000    	  1608.0000    	 0.20921121E-01	 0.23659541E-02
  1608.0000    	  1609.0000    	 0.16484230E-01	 0.24402398E-02
  1609.0000    	  1610.0000    	 0.14434041E-01	 0.24981883E-02
  1610.0000    	  1611.0000    	 0.19684177E-01	 0.25436907E-02
  1611.0000    	  1612.0000    	 0.18356641E-01	 0.23348670E-02
  1612.0000    	  1613.0000    	 0.14369706E-01	 0.26935682E-02
  1613.0000    	  1614.0000    	 0.13370764E-01	 0.25789842E-02
  1614.0000    	  1615.0000    	 0.13229076E-01	 0.24841283E-02
  1615.0000    	  1616.0000    	 0.10122058E-01	 0.22200851E-02
  1616.0000    	  1617.0000    	 0.66903854E-02	 0.20103960E-02
  1617.0000    	  1618.0000    	 0.17828195E-01	 0.22121947E-02
  1618.0000    	  1619.0000    	 0.14190850E-01	 0.24804408E-02
  1619.0000    	  1620.0000    	 0.14905948E-01	 0.27299394E-02
  1620.0000    	  1621.0000    	 0.20892323E-01	 0.26219483E-02
  1621.0000    	  1622.0000    	 0.18738225E-01	 0.25640977E-02
  1622.0000    	  1623.0000    	 0.17006529E-01	 0.24736218E-02
  1623.0000    	  1624.0000    	 0.13018299E-01	 0.28349255E-02
  1624.0000    	  1625.0000    	 0.15266580E-01	 0.24648480E-02
  1625.0000    	  1626.0000    	 0.13442755E-01	 0.24169732E-02
  1626.0000    	  1627.0000    	 0.66100672E-02	 0.24020923E-02
  1627.0000    	  1628.0000    	 0.85858319E-02	 0.19463723E-02
  1628.0000    	  1629.0000    	 0.19581015E-01	 0.27595767E-02
  1629.0000    	  1630.0000    	 0.24025847E-01	 0.25123521E-02
  1630.0000    	  1631.0000    	 0.19419023E-01	 0.26939637E-02
  1631.0000    	  1632.0000    	 0.18479752E-01	 0.24715171E-02
  1632.0000    	  1633.0000    	 0.18764451E-01	 0.26272353E-02
  1633.0000    	  1634.0000    	 0.23345765E-01	 0.32017673E-02
  1634.0000    	  1635.0000    	 0.14222453E-01	 0.26694596E-02
  1635.0000    	  1636.0000    	 0.14221392E-01	 0.25429006E-02
  1636.0000    	  1637.0000    	 0.10568526E-01	 0.23373662E-02
  1637.0000    	  1638.0000    	 0.87789489E-02	 0.21037624E-02
  1638.0000    	  1639.0000    	 0.41487127E-02	 0.16628931E-02
  1639.0000    	  1640.0000    	 0.20850716E-01	 0.22137871E-02
  1640.0000    	  1641.0000    	 0.12149597E-01	 0.25232863E-02
  1641.0000    	  1642.0000    	 0.24118415E-01	 0.29833977E-02
  1642.0000    	  1643.0000    	 0.18980301E-01	 0.25904139E-02
  1643.0000    	  1644.0000    	 0.13775640E-01	 0.23601347E-02
  1644.0000    	  1645.0000    	 0.12307107E-01	 0.30074171E-02
  1645.0000    	  1646.0000    	 0.14211082E-01	 0.26364078E-02
  1646.0000    	  1647.0000    	 0.12810460E-01	 0.28994282E-02
  1647.0000    	  1648.0000    	 0.11734581E-01	 0.25329532E-02
  1648.0000    	  1649.0000    	 0.10381269E-01	 0.22649665E-02
  1649.0000    	  1650.0000    	 0.10246335E-01	 0.17300431E-02
  1650.0000    	  1651.0000    	 0.13881278E-01	 0.24883636E-02
  1651.0000    	  1652.0000    	 0.22231132E-01	 0.28641526E-02
  1652.0000    	  1653.0000    	 0.14489055E-01	 0.24140561E-02
  1653.0000    	  1654.0000    	 0.14288212E-01	 0.25572903E-02
  1654.0000    	  1655.0000    	 0.19659444E-01	 0.26352267E-02
  1655.0000    	  1656.0000    	 0.16219964E-01	 0.26680384E-02
  1656.0000    	  1657.0000    	 0.13545246E-01	 0.25048750E-02
  1657.0000    	  1658.0000    	 0.11367149E-01	 0.28068218E-02
  1658.0000    	  1659.0000    	 0.96546603E-02	 0.26560910E-02
  1659.0000    	  1660.0000    	 0.88722412E-02	 0.22019705E-02
  1660.0000    	  1661.0000    	 0.48557527E-02	 0.16287176E-02
  1661.0000    	  1662.0000    	 0.19837918E-01	 0.25793077E-02
  1662.0000    	  1663.0000    	 0.17867341E-01	 0.29710034E-02
  1663.0000    	  1664.0000    	 0.20657025E-01	 0.23576929E-02
  1664.0000    	  1665.0000    	 0.19451135E-01	 0.23150916E-02
  1665.0000    	  1666.0000    	 0.19108012E-01	 0.27074337E-02
  1666.0000    	  1667.0000    	 0.18853844E-01	 0.26569966E-02
  1667.0000    	  1668.0000    	 0.13434471E-01	 0.26514345E-02
  1668.0000    	  1669.0000    	 0.13873899E-01	 0.26619322E-02
  1669.0000    	  1670.0000    	 0.10739344E-01	 0.20812633E-02
  1670.0000    	  1671.0000    	 0.63694490E-02	 0.20632951E-02
  1671.0000    	  1672.0000    	 0.66849036E-02	 0.17985739E-02
  1672.0000    	  1673.0000    	 0.18383320E-01	 0.23564956E-02
  1673.0000    	  1674.0000    	 0.20424982E-01	 0.24680488E-02
  1674.0000    	  1675.0000    	 0.19049224E-01	 0.23388834E-02
  1675.0000    	  1676.0000    	 0.18556078E-01	 0.29172363E-02
  1676.0000    	  1677.0000    	 0.17313075E-01	 0.27163361E-02
  1677.0000    	  1678.0000    	 0.14064341E-01	 0.27965214E-02
  1678.0000    	  1679.0000    	 0.17328332E-01	 0.25817009E-02
  1679.0000    	  1680.0000    	 0.17895763E-01	 0.28264305E-02
  1680.0000    	  1681.0000    	 0.11067384E-01	 0.23599891E-02
  1681.0000    	  1682.0000    	 0.70097354E-02	 0.18280584E-02
  1682.0000    	  1683.0000    	 0.96833245E-02	 0.18216344E-02
  1683.0000    	  1684.0000    	 0.22592324E-01	 0.24313335E-02
  1684.0000    	  1685.0000    	 0.19988355E-01	 0.25494006E-02
  1685.0000    	  1686.0000    	 0.17080973E-01	 0.24726066E-02
  1686.0000    	  1687.0000    	 0.14968595E-01	 0.29010301E-02
  1687.0000    	  1688.0000    	 0.13543365E-01	 0.27211908E-02
  1688.0000    	  1689.0000    	 0.13263661E-01	 0.26609289E-02
  1689.0000    	  1690.0000    	 0.14268161E-01	 0.27062154E-02
  1690.0000    	  1691.0000    	 0.13374000E-01	 0.27106942E-02
  1691.0000    	  1692.0000    	 0.96419099E-02	 0.25250798E-02
  1692.0000    	  1693.0000    	 0.94774582E-02	 0.19013366E-02
  1693.0000    	  1694.0000    	 0.52205840E-02	 0.17938283E-02
  1694.0000    	  1695.0000    	 0.18530715E-01	 0.23751118E-02
  1695.0000    	  1696.0000    	 0.14546491E-01	 0.25646558E-02
  1696.0000    	  1697.0000    	 0.18126770E-01	 0.24324516E-02
  1697.0000    	  1698.0000    	 0.16923378E-01	 0.29219764E-02
  1698.0000    	  1699.0000    	 0.18148433E-01	 0.21203711E-02
  1699.0000    	  1700.0000    	 0.19712338E-01	 0.29085164E-02
  1700.0000    	  1701.0000    	 0.15679447E-01	 0.24721121E-02
  1701.0000    	  1702.0000    	 0.14897204E-01	 0.25309719E-02
  1702.0000    	  1703.0000    	 0.19409360E-01	 0.22668301E-02
  1703.0000    	  1704.0000    	 0.74819238E-02	 0.18132684E-02
  1704.0000    	  1705.0000    	 0.53857328E-02	 0.17167792E-02
  1705.0000    	  1706.0000    	 0.17994116E-01	 0.23645426E-02
  1706.0000    	  1707.0000    	 0.19767252E-01	 0.23644304E-02
  1707.0000    	  1708.0000    	 0.22294189E-01	 0.26922446E-02
  1708.0000    	  1709.0000    	 0.19010579E-01	 0.25956879E-02
  1709.0000    	  1710.0000    	 0.16309955E-01	 0.26860961E-02
  1710.0000    	  1711.0000    	 0.16798266E-01	 0.27012693E-02
  1711.0000    	  1712.0000    	 0.14064493E-01	 0.29100270E-02
  1712.0000    	  1713.0000    	 0.95525868E-02	 0.24032098E-02
  1713.0000    	  1714.0000    	 0.99059032E-02	 0.21270643E-02
  1714.0000    	  1715.0000    	 0.75918824E-02	 0.19012011E-02
  1715.0000    	  1716.0000    	 0.34723156E-02	 0.16670624E-02
  1716.0000    	  1717.0000    	 0.17949967E-01	 0.26268778E-02
  1717.0000    	  1718.0000    	 0.18881447E-01	 0.21222549E-02
  1718.0000    	  1719.0000    	 0.19012223E-01	 0.28087736E-02
  1719.0000    	  1720.0000    	 0.16860224E-01	 0.26283906E-02
  1720.0000    	  1721.0000    	 0.15686717E-01	 0.28120116E-02
  1721.0000    	  1722.0000    	 0.20628343E-01	 0.25151559E-02
  1722.0000    	  1723.0000    	 0.11445656E-01	 0.27571518E-02
  1723.0000    	  1724.0000    	 0.17365050E-01	 0.25356914E-02
  1724.0000    	  1725.0000    	 0.92775009E-02	 0.23234450E-02
  1725.0000    	  1726.0000    	 0.63163388E-02	 0.19335379E-02
  1726.0000    	  1727.0000    	 0.17042593E-02	 0.16836596E-02
  1727.0000    	  1728.0000    	 0.16300590E-01	 0.23804019E-02
  1728.0000    	  1729.0000    	 0.20556910E-01	 0.22048436E-02
  1729.0000    	  1730.0000    	 0.14969350E-01	 0.25438620E-02
  1730.0000    	  1731.0000    	 0.15207337E-01	 0.24499595E-02
  1731.0000    	  1732.0000    	 0.19518195E-01	 0.24120029E-02
  1732.0000    	  1733.0000    	 0.16079885E-01	 0.24762475E-02
  1733.0000    	  1734.0000    	 0.12514254E-01	 0.27366403E-02
  1734.0000    	  1735.0000    	 0.85705392E-02	 0.24909679E-02
  1735.0000    	  1736.0000    	 0.10864656E-01	 0.29271568E-02
  1736.0000    	  1737.0000    	 0.89874897E-02	 0.18612376E-02
  1737.0000    	  1738.0000    	 0.89664461E-02	 0.16745580E-02
  1738.0000    	  1739.0000    	 0.20222331E-01	 0.24411863E-02
  1739.0000    	  1740.0000    	 0.14796476E-01	 0.22157091E-02
  1740.0000    	  1741.0000    	 0.12803267E-01	 0.25073194E-02
  1741.0000    	  1742.0000    	 0.13995387E-01	 0.28377407E-02
  1742.0000    	  1743.0000    	 0.14237818E-01	 0.25675379E-02
  1743.0000    	  1744.0000    	 0.18250289E-01	 0.26781959E-02
  1744.0000    	  1745.0000    	 0.14532885E-01	 0.24166992E-02
  1745.0000    	  1746.0000    	 0.99655640E-02	 0.21871169E-02
  1746.0000    	  1747.0000    	 0.10262692E-01	 0.21221200E-02
  1747.0000    	  1748.0000    	 0.10014621E-01	 0.18349750E-02
  1748.0000    	  1749.0000    	 0.67332250E-02	 0.15105679E-02
  1749.0000    	  1750.0000    	 0.17543980E-01	 0.26795195E-02
  1750.0000    	  1751.0000    	 0.19885498E-01	 0.22642022E-02
  1751.0000    	  1752.0000    	 0.17641767E-01	 0.29515714E-02
  1752.0000    	  1753.0000    	 0.22764078E-01	 0.25440589E-02
  1753.0000    	  1754.0000    	 0.11953911E-01	 0.30081746E-02
  1754.0000    	  1755.0000    	 0.16621702E-01	 0.30645629E-02
  1755.0000    	  1756.0000    	 0.15748414E-01	 0.25576607E-02
  1756.0000    	  1757.0000    	 0.12148175E-01	 0.24862812E-02
  1757.0000    	  1758.0000    	 0.82503094E-02	 0.24527706E-02
  1758.0000    	  1759.0000    	 0.80025258E-02	 0.18796118E-02
  1759.0000    	  1760.0000    	 0.52377557E-02	 0.14279116E-02
  1760.0000    	  1761.0000    	 0.20859894E-01	 0.22026560E-02
  1761.0000    	  1762.0000    	 0.17418883E-01	 0.20561566E-02
  1762.0000    	  1763.0000    	 0.16384483E-01	 0.25451445E-02
  1763.0000    	  1764.0000    	 0.19661839E-01	 0.29921832E-02
  1764.0000    	  1765.0000    	 0.14786479E-01	 0.26360751E-02
  1765.0000    	  1766.0000    	 0.12970844E-01	 0.27951877E-02
  1766.0000    	  1767.0000    	 0.13973551E-01	 0.24950867E-02
  1767.0000    	  1768.0000    	 0.12609602E-01	 0.22017341E-02
  1768.0000    	  1769.0000    	 0.12073343E-01	 0.20580238E-02
  1769.0000    	  1770.0000    	 0.63200247E-02	 0.18342379E-02
  1770.0000    	  1771.0000    	 0.72324801E-02	 0.16126959E-02
  1771.0000    	  1772.0000    	 0.16169019E-01	 0.23875745E-02
  1772.0000    	  1773.0000    	 0.20061710E-01	 0.22800611E-02
  1773.0000    	  1774.0000    	 0.14801552E-01	 0.26198137E-02
  1774.0000    	  1775.0000    	 0.12822188E-01	 0.28024013E-02
  1775.0000    	  1776.0000    	 0.20506609E-01	 0.23321099E-02
  1776.0000    	  1777.0000    	 0.16824323E-01	 0.26035865E-02
  1777.0000    	  1778.0000    	 0.18601112E-01	 0.26768113E-02
  1778.0000    	  1779.0000    	 0.16579184E-01	 0.23457324E-02
  1779.0000    	  1780.0000    	 0.68420925E-02	 0.21008225E-02
  1780.0000    	  1781.0000    	 0.93811585E-02	 0.17309118E-02
  1781.0000    	  1782.0000    	 0.38920945E-02	 0.14811762E-02
  1782.0000    	  1783.0000    	 0.20128540E-01	 0.21960930E-02
  1783.0000    	  1784.0000    	 0.17174310E-01	 0.21443870E-02
  1784.0000    	  1785.0000    	 0.20798414E-01	 0.28967355E-02
  1785.0000    	  1786.0000    	 0.12825729E-01	 0.25115527E-02
  1786.0000    	  1787.0000    	 0.15229117E-01	 0.23313181E-02
  1787.0000    	  1788.0000    	 0.11873383E-01	 0.25582150E-02
  1788.0000    	  1789.0000    	 0.11454781E-01	 0.29044040E-02
  1789.0000    	  1790.0000    	 0.13204516E-01	 0.22246671E-02
  1790.0000    	  1791.0000    	 0.91789587E-02	 0.21821280E-02
  1791.0000    	  1792.0000    	 0.94369588E-02	 0.15802988E-02
  1792.0000    	  1793.0000    	 0.51369733E-02	 0.18721951E-02
  1793.0000    	  1794.0000    	 0.16138145E-01	 0.22693175E-02
  1794.0000    	  1795.0000    	 0.15828536E-01	 0.23045964E-02
  1795.0000    	  1796.0000    	 0.20259015E-01	 0.25008251E-02
  1796.0000    	  1797.0000    	 0.17158495E-01	 0.25373684E-02
  1797.0000    	  1798.0000    	 0.20379001E-01	 0.26927336E-02
  1798.0000    	  1799.0000    	 0.15352660E-01	 0.28313970E-02
  1799.0000    	  1800.0000    	 0.12025523E-01	 0.26503208E-02
  1800.0000    	  1801.0000    	 0.97757174E-02	 0.25737594E-02
  1801.0000    	  1802.0000    	 0.11224002E-01	 0.21186231E-02
  1802.0000    	  1803.0000    	 0.63500143E-02	 0.19770931E-02
  1803.0000    	  1804.0000    	 0.59033644E-02	 0.13957163E-02
  1804.0000    	  1805.0000    	 0.17192826E-01	 0.30710189E-02
  1805.0000    	  1806.0000    	 0.18997514E-01	 0.19905995E-02
  1806.0000    	  1807.0000    	 0.14082982E-01	 0.22605384E-02
  1807.0000    	  1808.0000    	 0.20030460E-01	 0.23476384E-02
  1808.0000    	  1809.0000    	 0.12822826E-01	 0.28230183E-02
  1809.0000    	  1810.0000    	 0.13107882E-01	 0.24180833E-02
  1810.0000    	  1811.0000    	 0.12592014E-01	 0.26653191E-02
  1811.0000    	  1812.0000    	 0.12749252E-01	 0.22418012E-02
  1812.0000    	  1813.0000    	 0.91297105E-02	 0.21589370E-02
  1813.0000    	  1814.0000    	 0.85332120E-02	 0.18056832E-02
  1814.0000    	  1815.0000    	 0.43184545E-02	 0.14717452E-02
  1815.0000    	  1816.0000    	 0.22177393E-01	 0.26737257E-02
  1816.0000    	  1817.0000    	 0.17979941E-01	 0.24472191E-02
  1817.0000    	  1818.0000    	 0.17686784E-01	 0.22704614E-02
  1818.0000    	  1819.0000    	 0.15017967E-01	 0.27042320E-02
  1819.0000    	  1820.0000    	 0.15583337E-01	 0.22811877E-02
  1820.0000    	  1821.0000    	 0.10784710E-01	 0.24061881E-02
  1821.0000    	  1822.0000    	 0.14075598E-01	 0.25984461E-02
  1822.0000    	  1823.0000    	 0.10460035E-01	 0.23848506E-02
  1823.0000    	  1824.0000    	 0.72188624E-02	 0.20652244E-02
  1824.0000    	  1825.0000    	 0.48002668E-02	 0.16449117E-02
  1825.0000    	  1826.0000    	 0.68386755E-02	 0.13925801E-02
  1826.0000    	  1827.0000    	 0.17910901E-01	 0.28516663E-02
  1827.0000    	  1828.0000    	 0.16314793E-01	 0.25435011E-02
  1828.0000    	  1829.0000    	 0.16953016E-01	 0.25862481E-02
  1829.0000    	  1830.0000    	 0.14787876E-01	 0.25546565E-02
  1830.0000    	  1831.0000    	 0.15096919E-01	 0.24813350E-02
  1831.0000    	  1832.0000    	 0.19854273E-01	 0.28460714E-02
  1832.0000    	  1833.0000    	 0.16380235E-01	 0.26067527E-02
  1833.0000    	  1834.0000    	 0.74204939E-02	 0.24319404E-02
  1834.0000    	  1835.0000    	 0.11020527E-01	 0.23311144E-02
  1835.0000    	  1836.0000    	 0.82818682E-02	 0.15843332E-02
  1836.0000    	  1837.0000    	 0.39452084E-02	 0.15646058E-02
  1837.0000    	  1838.0000    	 0.19726306E-01	 0.25513702E-02
  1838.0000    	  1839.0000    	 0.14853071E-01	 0.25880618E-02
  1839.0000    	  1840.0000    	 0.18920277E-01	 0.22227851E-02
  1840.0000    	  1841.0000    	 0.12029593E-01	 0.23470005E-02
  1841.0000    	  1842.0000    	 0.13478250E-01	 0.22720809E-02
  1842.0000    	  1843.0000    	 0.15072168E-01	 0.25064774E-02
  1843.0000    	  1844.0000    	 0.16474444E-01	 0.28999456E-02
  1844.0000    	  1845.0000    	 0.89256531E-02	 0.25786191E-02
  1845.0000    	  1846.0000    	 0.76103897E-02	 0.20838728E-02
  1846.0000    	  1847.0000    	 0.55486063E-02	 0.15369305E-02
  1847.0000    	  1848.0000    	 0.14032978E-02	 0.13397606E-02
  1848.0000    	  1849.0000    	 0.21391239E-01	 0.23607322E-02
  1849.0000    	  1850.0000    	 0.15180847E-01	 0.24637985E-02
  1850.0000    	  1851.0000    	 0.17245875E-01	 0.24106420E-02
  1851.0000    	  1852.0000    	 0.13797138E-01	 0.26214217E-02
  1852.0000    	  1853.0000    	 0.16126403E-01	 0.22613375E-02
  1853.0000    	  1854.0000    	 0.15600971E-01	 0.29235464E-02
  1854.0000    	  1855.0000    	 0.11093795E-01	 0.26285419E-02
  1855.0000    	  1856.0000    	 0.11230744E-01	 0.25263723E-02
  1856.0000    	  1857.0000    	 0.75967282E-02	 0.20584101E-02
  1857.0000    	  1858.0000    	 0.70645485E-02	 0.17898179E-02
  1858.0000    	  1859.0000    	 0.43661190E-02	 0.13974617E-02
  1859.0000    	  1860.0000    	 0.14350048E-01	 0.21318933E-02
  1860.0000    	  1861.0000    	 0.16395877E-01	 0.21409754E-02
  1861.0000    	  1862.0000    	 0.21817491E-01	 0.23932244E-02
  1862.0000    	  1863.0000    	 0.13783519E-01	 0.23353613E-02
  1863.0000    	  1864.0000    	 0.14221079E-01	 0.25077913E-02
  1864.0000    	  1865.0000    	 0.16197737E-01	 0.21932545E-02
  1865.0000    	  1866.0000    	 0.17850587E-01	 0.22588835E-02
  1866.0000    	  1867.0000    	 0.10168211E-01	 0.23788716E-02
  1867.0000    	  1868.0000    	 0.10804660E-01	 0.21464718E-02
  1868.0000    	  1869.0000    	 0.72483932E-02	 0.18591054E-02
  1869.0000    	  1870.0000    	 0.50324292E-02	 0.13402643E-02
  1870.0000    	  1871.0000    	 0.12259363E-01	 0.22853764E-02
  1871.0000    	  1872.0000    	 0.19092352E-01	 0.27137033E-02
  1872.0000    	  1873.0000    	 0.13997294E-01	 0.25127150E-02
  1873.0000    	  1874.0000    	 0.15259497E-01	 0.24308258E-02
  1874.0000    	  1875.0000    	 0.14122500E-01	 0.26282200E-02
  1875.0000    	  1876.0000    	 0.13407022E-01	 0.23163165E-02
  1876.0000    	  1877.0000    	 0.14027969E-01	 0.27794484E-02
  1877.0000    	  1878.0000    	 0.11937173E-01	 0.22076458E-02
  1878.0000    	  1879.0000    	 0.76739484E-02	 0.17620909E-02
  1879.0000    	  1880.0000    	 0.57676586E-02	 0.16008116E-02
  1880.0000    	  1881.0000    	 0.74561175E-02	 0.16471394E-02
  1881.0000    	  1882.0000    	 0.17999273E-01	 0.24324165E-02
  1882.0000    	  1883.0000    	 0.15037215E-01	 0.22058340E-02
  1883.0000    	  1884.0000    	 0.19281619E-01	 0.26611703E-02
  1884.0000    	  1885.0000    	 0.20195393E-01	 0.24193138E-02
  1885.0000    	  1886.0000    	 0.13571963E-01	 0.25724775E-02
  1886.0000    	  1887.0000    	 0.16867188E-01	 0.25052300E-02
  1887.0000    	  1888.0000    	 0.11791525E-01	 0.25074465E-02
  1888.0000    	  1889.0000    	 0.11314031E-01	 0.21798376E-02
  1889.0000    	  1890.0000    	 0.81297272E-02	 0.18832539E-02
  1890.0000    	  1891.0000    	 0.72257892E-02	 0.16757219E-02
  1891.0000    	  1892.0000    	 0.39941752E-02	 0.13764128E-02
  1892.0000    	  1893.0000    	 0.15304156E-01	 0.24308926E-02
  1893.0000    	  1894.0000    	 0.16730355E-01	 0.22668267E-02
  1894.0000    	  1895.0000    	 0.18057599E-01	 0.25166353E-02
  1895.0000    	  1896.0000    	 0.15408165E-01	 0.24980423E-02
  1896.0000    	  1897.0000    	 0.18694229E-01	 0.32698750E-02
  1897.0000    	  1898.0000    	 0.12934777E-01	 0.23087177E-02
  1898.0000    	  1899.0000    	 0.12433450E-01	 0.26954925E-02
  1899.0000    	  1900.0000    	 0.10971533E-01	 0.23354255E-02
  1900.0000    	  1901.0000    	 0.93992993E-02	 0.19369188E-02
  1901.0000    	  1902.0000    	 0.90072851E-02	 0.16970601E-02
  1902.0000    	  1903.0000    	 0.32598672E-02	 0.13721905E-02
  1903.0000    	  1904.0000    	 0.16082423E-01	 0.21310687E-02
  1904.0000    	  1905.0000    	 0.13193993E-01	 0.23418779E-02
  1905.0000    	  1906.0000    	 0.14336273E-01	 0.23159418E-02
  1906.0000    	  1907.0000    	 0.14931247E-01	 0.24530684E-02
  1907.0000    	  1908.0000    	 0.12374202E-01	 0.26969189E-02
  1908.0000    	  1909.0000    	 0.15787273E-01	 0.24408967E-02
  1909.0000    	  1910.0000    	 0.11829647E-01	 0.24987235E-02
  1910.0000    	  1911.0000    	 0.12275826E-01	 0.23578814E-02
  1911.0000    	  1912.0000    	 0.79554142E-02	 0.19661001E-02
  1912.0000    	  1913.0000    	 0.35171370E-02	 0.16133812E-02
  1913.0000    	  1914.0000    	 0.60210691E-02	 0.13450929E-02
  1914.0000    	  1915.0000    	 0.18487500E-01	 0.22944260E-02
  1915.0000    	  1916.0000    	 0.18038967E-01	 0.23663406E-02
  1916.0000    	  1917.0000    	 0.21619565E-01	 0.29107243E-02
  1917.0000    	  1918.0000    	 0.17830542E-01	 0.26482544E-02
  1918.0000    	  1919.0000    	 0.18575485E-01	 0.25659415E-02
  1919.0000    	  1920.0000    	 0.15002936E-01	 0.25760610E-02
  1920.0000    	  1921.0000    	 0.15168581E-01	 0.27198251E-02
  1921.0000    	  1922.0000    	 0.11768725E-01	 0.21053803E-02
  1922.0000    	  1923.0000    	 0.81173060E-02	 0.21011510E-02
  1923.0000    	  1924.0000    	 0.60898314E-02	 0.17569400E-02
  1924.0000    	  1925.0000    	 0.31642054E-02	 0.13577094E-02
  1925.0000    	  1926.0000    	 0.15761799E-01	 0.23841330E-02
  1926.0000    	  1927.0000    	 0.14132821E-01	 0.23926105E-02
  1927.0000    	  1928.0000    	 0.93161389E-02	 0.25849971E-02
  1928.0000    	  1929.0000    	 0.18645328E-01	 0.24770212E-02
  1929.0000    	  1930.0000    	 0.18297457E-01	 0.25281024E-02
  1930.0000    	  1931.0000    	 0.12444007E-01	 0.23561921E-02
  1931.0000    	  1932.0000    	 0.10201286E-01	 0.26178318E-02
  1932.0000    	  1933.0000    	 0.10633620E-01	 0.19398718E-02
  1933.0000    	  1934.0000    	 0.83853399E-02	 0.20290006E-02
  1934.0000    	  1935.0000    	 0.64647579E-02	 0.15925446E-02
  1935.0000    	  1936.0000    	 0.32427907E-02	 0.12733642E-02
  1936.0000    	  1937.0000    	 0.13394618E-01	 0.24189566E-02
  1937.0000    	  1938.0000    	 0.18499027E-01	 0.23140384E-02
  1938.0000    	  1939.0000    	 0.15860011E-01	 0.24747538E-02
  1939.0000    	  1940.0000    	 0.16987324E-01	 0.24846978E-02
  1940.0000    	  1941.0000    	 0.12946127E-01	 0.26648813E-02
  1941.0000    	  1942.0000    	 0.16459171E-01	 0.24653910E-02
  1942.0000    	  1943.0000    	 0.14606616E-01	 0.24776837E-02
  1943.0000    	  1944.0000    	 0.10330534E-01	 0.22248002E-02
  1944.0000    	  1945.0000    	 0.69908819E-02	 0.18962939E-02
  1945.0000    	  1946.0000    	 0.44834738E-02	 0.15004412E-02
  1946.0000    	  1947.0000    	 0.41953669E-02	 0.12210855E-02
  1947.0000    	  1948.0000    	 0.14294674E-01	 0.20699177E-02
  1948.0000    	  1949.0000    	 0.11654959E-01	 0.24179519E-02
  1949.0000    	  1950.0000    	 0.14685644E-01	 0.23685658E-02
  1950.0000    	  1951.0000    	 0.14679375E-01	 0.22354491E-02
  1951.0000    	  1952.0000    	 0.14242383E-01	 0.24182967E-02
  1952.0000    	  1953.0000    	 0.14382874E-01	 0.25635879E-02
  1953.0000    	  1954.0000    	 0.14405775E-01	 0.24405568E-02
  1954.0000    	  1955.0000    	 0.10745850E-01	 0.20942997E-02
  1955.0000    	  1956.0000    	 0.73438791E-02	 0.18895821E-02
  1956.0000    	  1957.0000    	 0.62843866E-02	 0.16184831E-02
  1957.0000    	  1958.0000    	 0.39016440E-02	 0.12708959E-02
  1958.0000    	  1959.0000    	 0.21043031E-01	 0.24620684E-02
  1959.0000    	  1960.0000    	 0.13017242E-01	 0.27575003E-02
  1960.0000    	  1961.0000    	 0.20482787E-01	 0.21161375E-02
  1961.0000    	  1962.0000    	 0.95835384E-02	 0.22756944E-02
  1962.0000    	  1963.0000    	 0.16939602E-01	 0.24751171E-02
  1963.0000    	  1964.0000    	 0.14725094E-01	 0.26690257E-02
  1964.0000    	  1965.0000    	 0.11843210E-01	 0.22990623E-02
  1965.0000    	  1966.0000    	 0.99503350E-02	 0.20861104E-02
  1966.0000    	  1967.0000    	 0.71841044E-02	 0.16683028E-02
  1967.0000    	  1968.0000    	 0.70333912E-02	 0.13746960E-02
  1968.0000    	  1969.0000    	 0.33469030E-02	 0.13731465E-02
  1969.0000    	  1970.0000    	 0.16132871E-01	 0.21113932E-02
  1970.0000    	  1971.0000    	 0.14131718E-01	 0.21972668E-02
  1971.0000    	  1972.0000    	 0.15964610E-01	 0.25512367E-02
  1972.0000    	  1973.0000    	 0.17052063E-01	 0.22312681E-02
  1973.0000    	  1974.0000    	 0.11172652E-01	 0.22725380E-02
  1974.0000    	  1975.0000    	 0.15442955E-01	 0.24010839E-02
  1975.0000    	  1976.0000    	 0.15276807E-01	 0.20393586E-02
  1976.0000    	  1977.0000    	 0.12416131E-01	 0.19983537E-02
  1977.0000    	  1978.0000    	 0.66606589E-02	 0.19330155E-02
  1978.0000    	  1979.0000    	 0.54530219E-02	 0.13123884E-02
  1979.0000    	  1980.0000    	 0.34695689E-02	 0.12667264E-02
  1980.0000    	  1981.0000    	 0.18584252E-01	 0.21269877E-02
  1981.0000    	  1982.0000    	 0.15544556E-01	 0.22675430E-02
  1982.0000    	  1983.0000    	 0.13579481E-01	 0.25157075E-02
  1983.0000    	  1984.0000    	 0.13889921E-01	 0.22695251E-02
  1984.0000    	  1985.0000    	 0.20588250E-01	 0.27834205E-02
  1985.0000    	  1986.0000    	 0.87433189E-02	 0.24508848E-02
  1986.0000    	  1987.0000    	 0.11978880E-01	 0.22313251E-02
  1987.0000    	  1988.0000    	 0.81077933E-02	 0.19044143E-02
  1988.0000    	  1989.0000    	 0.96700144E-02	 0.20023891E-02
  1989.0000    	  1990.0000    	 0.51784967E-02	 0.13810668E-02
  1990.0000    	  1991.0000    	 0.32358750E-02	 0.11424857E-02
  1991.0000    	  1992.0000    	 0.16657082E-01	 0.20721321E-02
  1992.0000    	  1993.0000    	 0.16161748E-01	 0.22065903E-02
  1993.0000    	  1994.0000    	 0.18745373E-01	 0.24046192E-02
  1994.0000    	  1995.0000    	 0.16329783E-01	 0.23822825E-02
  1995.0000    	  1996.0000    	 0.12448967E-01	 0.26575658E-02
  1996.0000    	  1997.0000    	 0.11750022E-01	 0.24119959E-02
  1997.0000    	  1998.0000    	 0.10311299E-01	 0.22641205E-02
  1998.0000    	  1999.0000    	 0.10215632E-01	 0.19342743E-02
  1999.0000    	  2000.0000    	 0.92232965E-02	 0.17815163E-02
  2000.0000    	  2001.0000    	 0.62583157E-02	 0.14247784E-02
  2001.0000    	  2002.0000    	 0.35888432E-02	 0.12118199E-02
  2002.0000    	  2003.0000    	 0.17475176E-01	 0.22537491E-02
  2003.0000    	  2004.0000    	 0.16630778E-01	 0.27185583E-02
  2004.0000    	  2005.0000    	 0.12204718E-01	 0.21613929E-02
  2005.0000    	  2006.0000    	 0.16637171E-01	 0.25384664E-02
  2006.0000    	  2007.0000    	 0.13735529E-01	 0.22295204E-02
  2007.0000    	  2008.0000    	 0.16744853E-01	 0.22887093E-02
  2008.0000    	  2009.0000    	 0.10233736E-01	 0.23449247E-02
  2009.0000    	  2010.0000    	 0.55982420E-02	 0.19719111E-02
  2010.0000    	  2011.0000    	 0.67329940E-02	 0.16256286E-02
  2011.0000    	  2012.0000    	 0.73910590E-02	 0.16296520E-02
  2012.0000    	  2013.0000    	 0.37465657E-02	 0.11648918E-02
  2013.0000    	  2014.0000    	 0.18522934E-01	 0.25811776E-02
  2014.0000    	  2015.0000    	 0.15234587E-01	 0.23922797E-02
  2015.0000    	  2016.0000    	 0.16752764E-01	 0.24924470E-02
  2016.0000    	  2017.0000    	 0.14884980E-01	 0.27921978E-02
  2017.0000    	  2018.0000    	 0.11998684E-01	 0.22431672E-02
  2018.0000    	  2019.0000    	 0.12752173E-01	 0.23970885E-02
  2019.0000    	  2020.0000    	 0.10861086E-01	 0.20917737E-02
  2020.0000    	  2021.0000    	 0.98380862E-02	 0.18046852E-02
  2021.0000    	  2022.0000    	 0.70575628E-02	 0.16291843E-02
  2022.0000    	  2023.0000    	 0.50425147E-02	 0.15783127E-02
  2023.0000    	  2024.0000    	 0.39685245E-02	 0.14218952E-02
