# xi3
# underflow	  4.0990445    	 0.62704722E-03
# overflow	 0.35123973E-02	 0.28233672E-04
# sum	  5.5118925    	 0.72907417E-03
# xmin	xmax	cross	numerror
  1034.0000    	  1035.0000    	 0.20405174E-01	 0.23245270E-04
  1035.0000    	  1036.0000    	 0.19214833E-01	 0.21237393E-04
  1036.0000    	  1037.0000    	 0.16867872E-01	 0.19346077E-04
  1037.0000    	  1038.0000    	 0.13531769E-01	 0.17657604E-04
  1038.0000    	  1039.0000    	 0.93785692E-02	 0.16175817E-04
  1039.0000    	  1040.0000    	 0.47104487E-02	 0.15246042E-04
  1040.0000    	  1041.0000    	-0.22267621E-03	 0.15646612E-04
  1041.0000    	  1042.0000    	-0.49729539E-02	 0.18495371E-04
  1042.0000    	  1043.0000    	-0.92158762E-02	 0.21753930E-04
  1043.0000    	  1044.0000    	-0.12571285E-01	 0.26217776E-04
  1044.0000    	  1045.0000    	-0.14736448E-01	 0.31551127E-04
  1045.0000    	  1046.0000    	 0.20056962E-01	 0.22711995E-04
  1046.0000    	  1047.0000    	 0.18872923E-01	 0.20868544E-04
  1047.0000    	  1048.0000    	 0.16577836E-01	 0.19083695E-04
  1048.0000    	  1049.0000    	 0.13278863E-01	 0.17609242E-04
  1049.0000    	  1050.0000    	 0.92020120E-02	 0.15941835E-04
  1050.0000    	  1051.0000    	 0.45594344E-02	 0.15031274E-04
  1051.0000    	  1052.0000    	-0.25512238E-03	 0.15538678E-04
  1052.0000    	  1053.0000    	-0.49843191E-02	 0.17368726E-04
  1053.0000    	  1054.0000    	-0.91461795E-02	 0.20450719E-04
  1054.0000    	  1055.0000    	-0.12418565E-01	 0.25749818E-04
  1055.0000    	  1056.0000    	-0.14458556E-01	 0.28326223E-04
  1056.0000    	  1057.0000    	 0.19707813E-01	 0.22374226E-04
  1057.0000    	  1058.0000    	 0.18551827E-01	 0.20605200E-04
  1058.0000    	  1059.0000    	 0.16275820E-01	 0.18816792E-04
  1059.0000    	  1060.0000    	 0.13020517E-01	 0.17095468E-04
  1060.0000    	  1061.0000    	 0.90063942E-02	 0.15670422E-04
  1061.0000    	  1062.0000    	 0.44755780E-02	 0.14801096E-04
  1062.0000    	  1063.0000    	-0.31409096E-03	 0.15183474E-04
  1063.0000    	  1064.0000    	-0.49492440E-02	 0.17385792E-04
  1064.0000    	  1065.0000    	-0.90116139E-02	 0.19862167E-04
  1065.0000    	  1066.0000    	-0.12213893E-01	 0.23482773E-04
  1066.0000    	  1067.0000    	-0.14242625E-01	 0.27099062E-04
  1067.0000    	  1068.0000    	 0.19344106E-01	 0.22063154E-04
  1068.0000    	  1069.0000    	 0.18205424E-01	 0.20310951E-04
  1069.0000    	  1070.0000    	 0.15966125E-01	 0.18526783E-04
  1070.0000    	  1071.0000    	 0.12797090E-01	 0.16873935E-04
  1071.0000    	  1072.0000    	 0.88155402E-02	 0.15423559E-04
  1072.0000    	  1073.0000    	 0.43498045E-02	 0.14547928E-04
  1073.0000    	  1074.0000    	-0.34134209E-03	 0.14689098E-04
  1074.0000    	  1075.0000    	-0.48707537E-02	 0.16194925E-04
  1075.0000    	  1076.0000    	-0.88717990E-02	 0.18841290E-04
  1076.0000    	  1077.0000    	-0.12024462E-01	 0.22484349E-04
  1077.0000    	  1078.0000    	-0.13980338E-01	 0.24901625E-04
  1078.0000    	  1079.0000    	 0.19004060E-01	 0.21813439E-04
  1079.0000    	  1080.0000    	 0.17878452E-01	 0.20955948E-04
  1080.0000    	  1081.0000    	 0.15690118E-01	 0.18316981E-04
  1081.0000    	  1082.0000    	 0.12542122E-01	 0.16639248E-04
  1082.0000    	  1083.0000    	 0.86513088E-02	 0.15193972E-04
  1083.0000    	  1084.0000    	 0.42314867E-02	 0.14300945E-04
  1084.0000    	  1085.0000    	-0.40651762E-03	 0.14386703E-04
  1085.0000    	  1086.0000    	-0.48577145E-02	 0.16213812E-04
  1086.0000    	  1087.0000    	-0.87304196E-02	 0.18543644E-04
  1087.0000    	  1088.0000    	-0.11860098E-01	 0.21505778E-04
  1088.0000    	  1089.0000    	-0.13730079E-01	 0.24270478E-04
  1089.0000    	  1090.0000    	 0.18690598E-01	 0.21563110E-04
  1090.0000    	  1091.0000    	 0.17584505E-01	 0.19804653E-04
  1091.0000    	  1092.0000    	 0.15384029E-01	 0.18047703E-04
  1092.0000    	  1093.0000    	 0.12294237E-01	 0.16402375E-04
  1093.0000    	  1094.0000    	 0.84523614E-02	 0.14955514E-04
  1094.0000    	  1095.0000    	 0.41159543E-02	 0.14124190E-04
  1095.0000    	  1096.0000    	-0.39803390E-03	 0.14241952E-04
  1096.0000    	  1097.0000    	-0.48001191E-02	 0.15480064E-04
  1097.0000    	  1098.0000    	-0.86864247E-02	 0.18191208E-04
  1098.0000    	  1099.0000    	-0.11667026E-01	 0.21244458E-04
  1099.0000    	  1100.0000    	-0.13508788E-01	 0.24091996E-04
  1100.0000    	  1101.0000    	 0.18362700E-01	 0.21207029E-04
  1101.0000    	  1102.0000    	 0.17257756E-01	 0.19546304E-04
  1102.0000    	  1103.0000    	 0.15103836E-01	 0.17824066E-04
  1103.0000    	  1104.0000    	 0.12073500E-01	 0.16211269E-04
  1104.0000    	  1105.0000    	 0.82669533E-02	 0.14760727E-04
  1105.0000    	  1106.0000    	 0.40028787E-02	 0.13870290E-04
  1106.0000    	  1107.0000    	-0.45303428E-03	 0.13990571E-04
  1107.0000    	  1108.0000    	-0.47646156E-02	 0.15229721E-04
  1108.0000    	  1109.0000    	-0.85673094E-02	 0.17238301E-04
  1109.0000    	  1110.0000    	-0.11500490E-01	 0.20134355E-04
  1110.0000    	  1111.0000    	-0.13321920E-01	 0.22728860E-04
  1111.0000    	  1112.0000    	 0.18016434E-01	 0.20938686E-04
  1112.0000    	  1113.0000    	 0.16934311E-01	 0.19279082E-04
  1113.0000    	  1114.0000    	 0.14840505E-01	 0.17608943E-04
  1114.0000    	  1115.0000    	 0.11829525E-01	 0.15959007E-04
  1115.0000    	  1116.0000    	 0.81001391E-02	 0.14549408E-04
  1116.0000    	  1117.0000    	 0.38996010E-02	 0.13689190E-04
  1117.0000    	  1118.0000    	-0.48609355E-03	 0.13906352E-04
  1118.0000    	  1119.0000    	-0.47180734E-02	 0.15325516E-04
  1119.0000    	  1120.0000    	-0.84315271E-02	 0.16683057E-04
  1120.0000    	  1121.0000    	-0.11315454E-01	 0.19486095E-04
  1121.0000    	  1122.0000    	-0.13077028E-01	 0.21630150E-04
  1122.0000    	  1123.0000    	 0.17675466E-01	 0.20646243E-04
  1123.0000    	  1124.0000    	 0.16636035E-01	 0.19055762E-04
  1124.0000    	  1125.0000    	 0.14549437E-01	 0.17360599E-04
  1125.0000    	  1126.0000    	 0.11598779E-01	 0.15749504E-04
  1126.0000    	  1127.0000    	 0.79388546E-02	 0.14358650E-04
  1127.0000    	  1128.0000    	 0.37965026E-02	 0.13499885E-04
  1128.0000    	  1129.0000    	-0.52452884E-03	 0.13485596E-04
  1129.0000    	  1130.0000    	-0.47036540E-02	 0.14404135E-04
  1130.0000    	  1131.0000    	-0.83406453E-02	 0.16287462E-04
  1131.0000    	  1132.0000    	-0.11141282E-01	 0.18772410E-04
  1132.0000    	  1133.0000    	-0.12826853E-01	 0.21179460E-04
  1133.0000    	  1134.0000    	 0.17378234E-01	 0.20388495E-04
  1134.0000    	  1135.0000    	 0.16333109E-01	 0.18802087E-04
  1135.0000    	  1136.0000    	 0.14300323E-01	 0.17167744E-04
  1136.0000    	  1137.0000    	 0.11369530E-01	 0.15541406E-04
  1137.0000    	  1138.0000    	 0.77632226E-02	 0.14165024E-04
  1138.0000    	  1139.0000    	 0.36901972E-02	 0.13339087E-04
  1139.0000    	  1140.0000    	-0.54520392E-03	 0.13280999E-04
  1140.0000    	  1141.0000    	-0.46426705E-02	 0.14222470E-04
  1141.0000    	  1142.0000    	-0.82310499E-02	 0.15853655E-04
  1142.0000    	  1143.0000    	-0.10979565E-01	 0.18002814E-04
  1143.0000    	  1144.0000    	-0.12582869E-01	 0.20439889E-04
  1144.0000    	  1145.0000    	 0.17078254E-01	 0.20151499E-04
  1145.0000    	  1146.0000    	 0.16021288E-01	 0.18575186E-04
  1146.0000    	  1147.0000    	 0.14015459E-01	 0.16939754E-04
  1147.0000    	  1148.0000    	 0.11155556E-01	 0.15352899E-04
  1148.0000    	  1149.0000    	 0.76091020E-02	 0.13992162E-04
  1149.0000    	  1150.0000    	 0.35810263E-02	 0.13151383E-04
  1150.0000    	  1151.0000    	-0.58897627E-03	 0.13091343E-04
  1151.0000    	  1152.0000    	-0.45995262E-02	 0.13917859E-04
  1152.0000    	  1153.0000    	-0.81125581E-02	 0.15610460E-04
  1153.0000    	  1154.0000    	-0.10775005E-01	 0.17556096E-04
  1154.0000    	  1155.0000    	-0.12394652E-01	 0.20023422E-04
  1155.0000    	  1156.0000    	 0.16737472E-01	 0.19857071E-04
  1156.0000    	  1157.0000    	 0.15752039E-01	 0.18363471E-04
  1157.0000    	  1158.0000    	 0.13752734E-01	 0.16749182E-04
  1158.0000    	  1159.0000    	 0.10934767E-01	 0.15160130E-04
  1159.0000    	  1160.0000    	 0.74399985E-02	 0.13827305E-04
  1160.0000    	  1161.0000    	 0.35070066E-02	 0.12970550E-04
  1161.0000    	  1162.0000    	-0.63274126E-03	 0.12850390E-04
  1162.0000    	  1163.0000    	-0.45631739E-02	 0.13684284E-04
  1163.0000    	  1164.0000    	-0.80144456E-02	 0.15393714E-04
  1164.0000    	  1165.0000    	-0.10595983E-01	 0.17120043E-04
  1165.0000    	  1166.0000    	-0.12145539E-01	 0.19473296E-04
  1166.0000    	  1167.0000    	 0.16472689E-01	 0.19641791E-04
  1167.0000    	  1168.0000    	 0.15456524E-01	 0.18136462E-04
  1168.0000    	  1169.0000    	 0.13512096E-01	 0.16548406E-04
  1169.0000    	  1170.0000    	 0.10725356E-01	 0.14981633E-04
  1170.0000    	  1171.0000    	 0.72863090E-02	 0.13635642E-04
  1171.0000    	  1172.0000    	 0.33779218E-02	 0.12751406E-04
  1172.0000    	  1173.0000    	-0.63572340E-03	 0.12713717E-04
  1173.0000    	  1174.0000    	-0.45196703E-02	 0.13471164E-04
  1174.0000    	  1175.0000    	-0.79031897E-02	 0.14949854E-04
  1175.0000    	  1176.0000    	-0.10475273E-01	 0.16716184E-04
  1176.0000    	  1177.0000    	-0.11934999E-01	 0.19071502E-04
  1177.0000    	  1178.0000    	 0.16165074E-01	 0.19377153E-04
  1178.0000    	  1179.0000    	 0.15200560E-01	 0.17920333E-04
  1179.0000    	  1180.0000    	 0.13240689E-01	 0.16357351E-04
  1180.0000    	  1181.0000    	 0.10523854E-01	 0.14805537E-04
  1181.0000    	  1182.0000    	 0.71186823E-02	 0.13444258E-04
  1182.0000    	  1183.0000    	 0.33195486E-02	 0.12613341E-04
  1183.0000    	  1184.0000    	-0.67312532E-03	 0.12506549E-04
  1184.0000    	  1185.0000    	-0.44805948E-02	 0.13270999E-04
  1185.0000    	  1186.0000    	-0.78064530E-02	 0.14650204E-04
  1186.0000    	  1187.0000    	-0.10306859E-01	 0.16502420E-04
  1187.0000    	  1188.0000    	-0.11743669E-01	 0.18593760E-04
  1188.0000    	  1189.0000    	 0.15874883E-01	 0.19145927E-04
  1189.0000    	  1190.0000    	 0.14873654E-01	 0.17673247E-04
  1190.0000    	  1191.0000    	 0.13012199E-01	 0.16160697E-04
  1191.0000    	  1192.0000    	 0.10302583E-01	 0.14625493E-04
  1192.0000    	  1193.0000    	 0.69821400E-02	 0.13282835E-04
  1193.0000    	  1194.0000    	 0.32048569E-02	 0.12431427E-04
  1194.0000    	  1195.0000    	-0.69807123E-03	 0.12313451E-04
  1195.0000    	  1196.0000    	-0.44501557E-02	 0.12995339E-04
  1196.0000    	  1197.0000    	-0.76862879E-02	 0.14316526E-04
  1197.0000    	  1198.0000    	-0.10141071E-01	 0.16126952E-04
  1198.0000    	  1199.0000    	-0.11544067E-01	 0.18210725E-04
  1199.0000    	  1200.0000    	 0.15566212E-01	 0.18887317E-04
  1200.0000    	  1201.0000    	 0.14607515E-01	 0.17458183E-04
  1201.0000    	  1202.0000    	 0.12758435E-01	 0.15980365E-04
  1202.0000    	  1203.0000    	 0.10113666E-01	 0.14453045E-04
  1203.0000    	  1204.0000    	 0.68200383E-02	 0.13114970E-04
  1204.0000    	  1205.0000    	 0.31308166E-02	 0.12250324E-04
  1205.0000    	  1206.0000    	-0.73293858E-03	 0.12145349E-04
  1206.0000    	  1207.0000    	-0.44078058E-02	 0.12791542E-04
  1207.0000    	  1208.0000    	-0.75914673E-02	 0.14064554E-04
  1208.0000    	  1209.0000    	-0.99695548E-02	 0.15774994E-04
  1209.0000    	  1210.0000    	-0.11309378E-01	 0.17898930E-04
  1210.0000    	  1211.0000    	 0.15298727E-01	 0.18679284E-04
  1211.0000    	  1212.0000    	 0.14352104E-01	 0.17260989E-04
  1212.0000    	  1213.0000    	 0.12514815E-01	 0.15756746E-04
  1213.0000    	  1214.0000    	 0.99193407E-02	 0.14284623E-04
  1214.0000    	  1215.0000    	 0.66739104E-02	 0.12938681E-04
  1215.0000    	  1216.0000    	 0.30304897E-02	 0.12108962E-04
  1216.0000    	  1217.0000    	-0.74539388E-03	 0.11949595E-04
  1217.0000    	  1218.0000    	-0.43717633E-02	 0.12648475E-04
  1218.0000    	  1219.0000    	-0.74754854E-02	 0.13810218E-04
  1219.0000    	  1220.0000    	-0.98551142E-02	 0.15650045E-04
  1220.0000    	  1221.0000    	-0.11148352E-01	 0.17529502E-04
  1221.0000    	  1222.0000    	 0.15000313E-01	 0.18428022E-04
  1222.0000    	  1223.0000    	 0.14097167E-01	 0.17077244E-04
  1223.0000    	  1224.0000    	 0.12293845E-01	 0.15594596E-04
  1224.0000    	  1225.0000    	 0.97086052E-02	 0.14086117E-04
  1225.0000    	  1226.0000    	 0.65312365E-02	 0.12782626E-04
  1226.0000    	  1227.0000    	 0.29356986E-02	 0.11910033E-04
  1227.0000    	  1228.0000    	-0.77479771E-03	 0.11803311E-04
  1228.0000    	  1229.0000    	-0.43231173E-02	 0.12514729E-04
  1229.0000    	  1230.0000    	-0.73944076E-02	 0.13582779E-04
  1230.0000    	  1231.0000    	-0.96678487E-02	 0.15259118E-04
  1231.0000    	  1232.0000    	-0.10924178E-01	 0.17145455E-04
  1232.0000    	  1233.0000    	 0.14746168E-01	 0.18210052E-04
  1233.0000    	  1234.0000    	 0.13821305E-01	 0.16852339E-04
  1234.0000    	  1235.0000    	 0.12057229E-01	 0.15406803E-04
  1235.0000    	  1236.0000    	 0.95225117E-02	 0.13932505E-04
  1236.0000    	  1237.0000    	 0.63777395E-02	 0.12734665E-04
  1237.0000    	  1238.0000    	 0.28674642E-02	 0.11784302E-04
  1238.0000    	  1239.0000    	-0.79332714E-03	 0.11644936E-04
  1239.0000    	  1240.0000    	-0.43029424E-02	 0.12196606E-04
  1240.0000    	  1241.0000    	-0.72960637E-02	 0.13361599E-04
  1241.0000    	  1242.0000    	-0.95157466E-02	 0.14960494E-04
  1242.0000    	  1243.0000    	-0.10711986E-01	 0.16769174E-04
  1243.0000    	  1244.0000    	 0.14456443E-01	 0.17979386E-04
  1244.0000    	  1245.0000    	 0.13574332E-01	 0.16676689E-04
  1245.0000    	  1246.0000    	 0.11813491E-01	 0.15215139E-04
  1246.0000    	  1247.0000    	 0.93345303E-02	 0.13747509E-04
  1247.0000    	  1248.0000    	 0.62501994E-02	 0.12453459E-04
  1248.0000    	  1249.0000    	 0.27655989E-02	 0.11595741E-04
  1249.0000    	  1250.0000    	-0.81471363E-03	 0.11478100E-04
  1250.0000    	  1251.0000    	-0.42466454E-02	 0.12201012E-04
  1251.0000    	  1252.0000    	-0.71964592E-02	 0.13148051E-04
  1252.0000    	  1253.0000    	-0.93153215E-02	 0.14803383E-04
  1253.0000    	  1254.0000    	-0.10556641E-01	 0.16525724E-04
  1254.0000    	  1255.0000    	 0.14195468E-01	 0.17766868E-04
  1255.0000    	  1256.0000    	 0.13310828E-01	 0.16454166E-04
  1256.0000    	  1257.0000    	 0.11608661E-01	 0.15048247E-04
  1257.0000    	  1258.0000    	 0.91593608E-02	 0.13597294E-04
  1258.0000    	  1259.0000    	 0.61081494E-02	 0.12296022E-04
  1259.0000    	  1260.0000    	 0.27021883E-02	 0.11474824E-04
  1260.0000    	  1261.0000    	-0.83712256E-03	 0.11317023E-04
  1261.0000    	  1262.0000    	-0.42026326E-02	 0.11875090E-04
  1262.0000    	  1263.0000    	-0.70981837E-02	 0.12937417E-04
  1263.0000    	  1264.0000    	-0.92291408E-02	 0.14475309E-04
  1264.0000    	  1265.0000    	-0.10365416E-01	 0.16306995E-04
  1265.0000    	  1266.0000    	 0.13945369E-01	 0.17578973E-04
  1266.0000    	  1267.0000    	 0.13075432E-01	 0.16275996E-04
  1267.0000    	  1268.0000    	 0.11360633E-01	 0.14846574E-04
  1268.0000    	  1269.0000    	 0.89805842E-02	 0.13427136E-04
  1269.0000    	  1270.0000    	 0.59734790E-02	 0.12128752E-04
  1270.0000    	  1271.0000    	 0.26269437E-02	 0.11324651E-04
  1271.0000    	  1272.0000    	-0.86271614E-03	 0.11151309E-04
  1272.0000    	  1273.0000    	-0.41653348E-02	 0.11730836E-04
  1273.0000    	  1274.0000    	-0.69707921E-02	 0.12826126E-04
  1274.0000    	  1275.0000    	-0.90536229E-02	 0.14247089E-04
  1275.0000    	  1276.0000    	-0.10166978E-01	 0.16018187E-04
  1276.0000    	  1277.0000    	 0.13687947E-01	 0.17360626E-04
  1277.0000    	  1278.0000    	 0.12853109E-01	 0.16259516E-04
  1278.0000    	  1279.0000    	 0.11168264E-01	 0.14693466E-04
  1279.0000    	  1280.0000    	 0.87747146E-02	 0.13251683E-04
  1280.0000    	  1281.0000    	 0.58437938E-02	 0.11980354E-04
  1281.0000    	  1282.0000    	 0.25278364E-02	 0.11163234E-04
  1282.0000    	  1283.0000    	-0.87225819E-03	 0.11012444E-04
  1283.0000    	  1284.0000    	-0.41373980E-02	 0.11506599E-04
  1284.0000    	  1285.0000    	-0.69020049E-02	 0.12631544E-04
  1285.0000    	  1286.0000    	-0.89082424E-02	 0.14019311E-04
  1286.0000    	  1287.0000    	-0.99689254E-02	 0.15760772E-04
  1287.0000    	  1288.0000    	 0.13441022E-01	 0.17158042E-04
  1288.0000    	  1289.0000    	 0.12591036E-01	 0.15895014E-04
  1289.0000    	  1290.0000    	 0.10944277E-01	 0.14515541E-04
  1290.0000    	  1291.0000    	 0.85940575E-02	 0.13080498E-04
  1291.0000    	  1292.0000    	 0.57272478E-02	 0.11852177E-04
  1292.0000    	  1293.0000    	 0.24622968E-02	 0.10989544E-04
  1293.0000    	  1294.0000    	-0.89953828E-03	 0.10852141E-04
  1294.0000    	  1295.0000    	-0.40838182E-02	 0.11346650E-04
  1295.0000    	  1296.0000    	-0.68107213E-02	 0.12396825E-04
  1296.0000    	  1297.0000    	-0.87739335E-02	 0.13857724E-04
  1297.0000    	  1298.0000    	-0.98145106E-02	 0.15555199E-04
  1298.0000    	  1299.0000    	 0.13187590E-01	 0.16939843E-04
  1299.0000    	  1300.0000    	 0.12342741E-01	 0.15701724E-04
  1300.0000    	  1301.0000    	 0.10726047E-01	 0.14344340E-04
  1301.0000    	  1302.0000    	 0.84315185E-02	 0.12934397E-04
  1302.0000    	  1303.0000    	 0.55854297E-02	 0.11674165E-04
  1303.0000    	  1304.0000    	 0.24006552E-02	 0.10897596E-04
  1304.0000    	  1305.0000    	-0.91823968E-03	 0.10688925E-04
  1305.0000    	  1306.0000    	-0.40420768E-02	 0.11185196E-04
  1306.0000    	  1307.0000    	-0.67041238E-02	 0.12216059E-04
  1307.0000    	  1308.0000    	-0.86487736E-02	 0.13627732E-04
  1308.0000    	  1309.0000    	-0.96288663E-02	 0.15275794E-04
  1309.0000    	  1310.0000    	 0.12926460E-01	 0.16900285E-04
  1310.0000    	  1311.0000    	 0.12126805E-01	 0.15528892E-04
  1311.0000    	  1312.0000    	 0.10542869E-01	 0.14200614E-04
  1312.0000    	  1313.0000    	 0.82729446E-02	 0.12784034E-04
  1313.0000    	  1314.0000    	 0.54648278E-02	 0.11528781E-04
  1314.0000    	  1315.0000    	 0.23194940E-02	 0.10727069E-04
  1315.0000    	  1316.0000    	-0.93307873E-03	 0.10560653E-04
  1316.0000    	  1317.0000    	-0.40015158E-02	 0.11033939E-04
  1317.0000    	  1318.0000    	-0.66156440E-02	 0.12058580E-04
  1318.0000    	  1319.0000    	-0.85163698E-02	 0.13414139E-04
  1319.0000    	  1320.0000    	-0.94574601E-02	 0.15037652E-04
  1320.0000    	  1321.0000    	 0.12695582E-01	 0.16545678E-04
  1321.0000    	  1322.0000    	 0.11891258E-01	 0.15385691E-04
  1322.0000    	  1323.0000    	 0.10330913E-01	 0.14022920E-04
  1323.0000    	  1324.0000    	 0.81020283E-02	 0.12627875E-04
  1324.0000    	  1325.0000    	 0.53427739E-02	 0.11407550E-04
  1325.0000    	  1326.0000    	 0.22503879E-02	 0.10588595E-04
  1326.0000    	  1327.0000    	-0.95991971E-03	 0.10400970E-04
  1327.0000    	  1328.0000    	-0.39568594E-02	 0.10909163E-04
  1328.0000    	  1329.0000    	-0.65163529E-02	 0.11879805E-04
  1329.0000    	  1330.0000    	-0.83641217E-02	 0.13228943E-04
  1330.0000    	  1331.0000    	-0.92685898E-02	 0.14895127E-04
  1331.0000    	  1332.0000    	 0.12461772E-01	 0.16352503E-04
  1332.0000    	  1333.0000    	 0.11664907E-01	 0.15166883E-04
  1333.0000    	  1334.0000    	 0.10117023E-01	 0.13836254E-04
  1334.0000    	  1335.0000    	 0.79288392E-02	 0.12473285E-04
  1335.0000    	  1336.0000    	 0.52320025E-02	 0.11254354E-04
  1336.0000    	  1337.0000    	 0.21804513E-02	 0.10440941E-04
  1337.0000    	  1338.0000    	-0.96554114E-03	 0.10265370E-04
  1338.0000    	  1339.0000    	-0.39449524E-02	 0.10727349E-04
  1339.0000    	  1340.0000    	-0.64557926E-02	 0.11733212E-04
  1340.0000    	  1341.0000    	-0.82190494E-02	 0.13076036E-04
  1341.0000    	  1342.0000    	-0.91314892E-02	 0.14588560E-04
  1342.0000    	  1343.0000    	 0.12240361E-01	 0.16175803E-04
  1343.0000    	  1344.0000    	 0.11459328E-01	 0.15002980E-04
  1344.0000    	  1345.0000    	 0.99540350E-02	 0.13719900E-04
  1345.0000    	  1346.0000    	 0.77799753E-02	 0.12320637E-04
  1346.0000    	  1347.0000    	 0.51038954E-02	 0.11095582E-04
  1347.0000    	  1348.0000    	 0.21117697E-02	 0.10307071E-04
  1348.0000    	  1349.0000    	-0.97965114E-03	 0.10144467E-04
  1349.0000    	  1350.0000    	-0.38942134E-02	 0.10600629E-04
  1350.0000    	  1351.0000    	-0.63457455E-02	 0.11524821E-04
  1351.0000    	  1352.0000    	-0.80747615E-02	 0.12862762E-04
  1352.0000    	  1353.0000    	-0.89745585E-02	 0.14378468E-04
  1353.0000    	  1354.0000    	 0.11975661E-01	 0.15958369E-04
  1354.0000    	  1355.0000    	 0.11222543E-01	 0.14811723E-04
  1355.0000    	  1356.0000    	 0.97390653E-02	 0.13664676E-04
  1356.0000    	  1357.0000    	 0.76264704E-02	 0.12180275E-04
  1357.0000    	  1358.0000    	 0.49854469E-02	 0.10961008E-04
  1358.0000    	  1359.0000    	 0.20472237E-02	 0.10176422E-04
  1359.0000    	  1360.0000    	-0.99319152E-03	 0.10009272E-04
  1360.0000    	  1361.0000    	-0.38579333E-02	 0.10441082E-04
  1361.0000    	  1362.0000    	-0.62498243E-02	 0.11437217E-04
  1362.0000    	  1363.0000    	-0.79660355E-02	 0.12741637E-04
  1363.0000    	  1364.0000    	-0.87707043E-02	 0.14220827E-04
  1364.0000    	  1365.0000    	 0.11762345E-01	 0.15787699E-04
  1365.0000    	  1366.0000    	 0.11021761E-01	 0.14668898E-04
  1366.0000    	  1367.0000    	 0.95431844E-02	 0.13368541E-04
  1367.0000    	  1368.0000    	 0.74606534E-02	 0.12044363E-04
  1368.0000    	  1369.0000    	 0.48599297E-02	 0.10813354E-04
  1369.0000    	  1370.0000    	 0.19682910E-02	 0.10020195E-04
  1370.0000    	  1371.0000    	-0.10120452E-02	 0.98543810E-05
  1371.0000    	  1372.0000    	-0.38110315E-02	 0.10322483E-04
  1372.0000    	  1373.0000    	-0.61662472E-02	 0.11255473E-04
  1373.0000    	  1374.0000    	-0.78325081E-02	 0.12534660E-04
  1374.0000    	  1375.0000    	-0.86131581E-02	 0.14067731E-04
  1375.0000    	  1376.0000    	 0.11559519E-01	 0.15618811E-04
  1376.0000    	  1377.0000    	 0.10796507E-01	 0.14491352E-04
  1377.0000    	  1378.0000    	 0.93592688E-02	 0.13210545E-04
  1378.0000    	  1379.0000    	 0.73093666E-02	 0.11882852E-04
  1379.0000    	  1380.0000    	 0.47810870E-02	 0.10701348E-04
  1380.0000    	  1381.0000    	 0.19198808E-02	 0.99109715E-05
  1381.0000    	  1382.0000    	-0.10203604E-02	 0.97554174E-05
  1382.0000    	  1383.0000    	-0.37734750E-02	 0.10196457E-04
  1383.0000    	  1384.0000    	-0.60923539E-02	 0.11095977E-04
  1384.0000    	  1385.0000    	-0.76837602E-02	 0.12449684E-04
  1385.0000    	  1386.0000    	-0.84752563E-02	 0.13844121E-04
  1386.0000    	  1387.0000    	 0.11327310E-01	 0.15431674E-04
  1387.0000    	  1388.0000    	 0.10595993E-01	 0.14309308E-04
  1388.0000    	  1389.0000    	 0.91940943E-02	 0.13074555E-04
  1389.0000    	  1390.0000    	 0.71486479E-02	 0.11726851E-04
  1390.0000    	  1391.0000    	 0.46606721E-02	 0.10562632E-04
  1391.0000    	  1392.0000    	 0.18450791E-02	 0.97820546E-05
  1392.0000    	  1393.0000    	-0.10267568E-02	 0.96159035E-05
  1393.0000    	  1394.0000    	-0.37383559E-02	 0.10024257E-04
  1394.0000    	  1395.0000    	-0.59982629E-02	 0.10963933E-04
  1395.0000    	  1396.0000    	-0.75858009E-02	 0.12189796E-04
  1396.0000    	  1397.0000    	-0.82985812E-02	 0.13566212E-04
  1397.0000    	  1398.0000    	 0.11137985E-01	 0.15280684E-04
  1398.0000    	  1399.0000    	 0.10400174E-01	 0.14161063E-04
  1399.0000    	  1400.0000    	 0.90014660E-02	 0.12904106E-04
  1400.0000    	  1401.0000    	 0.70111735E-02	 0.11591475E-04
  1401.0000    	  1402.0000    	 0.45336864E-02	 0.10393127E-04
  1402.0000    	  1403.0000    	 0.17941403E-02	 0.96700343E-05
  1403.0000    	  1404.0000    	-0.10383917E-02	 0.94927997E-05
  1404.0000    	  1405.0000    	-0.37099757E-02	 0.99454626E-05
  1405.0000    	  1406.0000    	-0.59186850E-02	 0.10795728E-04
  1406.0000    	  1407.0000    	-0.74674290E-02	 0.12026673E-04
  1407.0000    	  1408.0000    	-0.81684268E-02	 0.13478770E-04
  1408.0000    	  1409.0000    	 0.10924327E-01	 0.15096090E-04
  1409.0000    	  1410.0000    	 0.10210235E-01	 0.14000884E-04
  1410.0000    	  1411.0000    	 0.88154215E-02	 0.12750780E-04
  1411.0000    	  1412.0000    	 0.68753467E-02	 0.11484355E-04
  1412.0000    	  1413.0000    	 0.44609922E-02	 0.10330401E-04
  1413.0000    	  1414.0000    	 0.17295584E-02	 0.95194657E-05
  1414.0000    	  1415.0000    	-0.10671502E-02	 0.93494055E-05
  1415.0000    	  1416.0000    	-0.36514905E-02	 0.97990128E-05
  1416.0000    	  1417.0000    	-0.58120778E-02	 0.10703918E-04
  1417.0000    	  1418.0000    	-0.73336730E-02	 0.11868083E-04
  1418.0000    	  1419.0000    	-0.80102718E-02	 0.13335220E-04
  1419.0000    	  1420.0000    	 0.10713269E-01	 0.14929203E-04
  1420.0000    	  1421.0000    	 0.99891474E-02	 0.13821904E-04
  1421.0000    	  1422.0000    	 0.86691658E-02	 0.12627347E-04
  1422.0000    	  1423.0000    	 0.67115884E-02	 0.11305433E-04
  1423.0000    	  1424.0000    	 0.43395315E-02	 0.10152197E-04
  1424.0000    	  1425.0000    	 0.16845981E-02	 0.94231692E-05
  1425.0000    	  1426.0000    	-0.10673687E-02	 0.92334367E-05
  1426.0000    	  1427.0000    	-0.36325142E-02	 0.96672243E-05
  1427.0000    	  1428.0000    	-0.57527322E-02	 0.10530296E-04
  1428.0000    	  1429.0000    	-0.72119455E-02	 0.11868548E-04
  1429.0000    	  1430.0000    	-0.78553242E-02	 0.13079470E-04
  1430.0000    	  1431.0000    	 0.10487513E-01	 0.14739002E-04
  1431.0000    	  1432.0000    	 0.98219013E-02	 0.13692869E-04
  1432.0000    	  1433.0000    	 0.84736377E-02	 0.12446454E-04
  1433.0000    	  1434.0000    	 0.65966288E-02	 0.11193184E-04
  1434.0000    	  1435.0000    	 0.42343703E-02	 0.10730744E-04
  1435.0000    	  1436.0000    	 0.16189975E-02	 0.92903249E-05
  1436.0000    	  1437.0000    	-0.10731590E-02	 0.91193791E-05
  1437.0000    	  1438.0000    	-0.35866786E-02	 0.95506655E-05
  1438.0000    	  1439.0000    	-0.56690810E-02	 0.10445848E-04
  1439.0000    	  1440.0000    	-0.70774221E-02	 0.11618323E-04
  1440.0000    	  1441.0000    	-0.77071845E-02	 0.12955974E-04
  1441.0000    	  1442.0000    	 0.10310750E-01	 0.14598181E-04
  1442.0000    	  1443.0000    	 0.96324196E-02	 0.13513443E-04
  1443.0000    	  1444.0000    	 0.83099984E-02	 0.12302646E-04
  1444.0000    	  1445.0000    	 0.64480769E-02	 0.11033846E-04
  1445.0000    	  1446.0000    	 0.41407952E-02	 0.99084714E-05
  1446.0000    	  1447.0000    	 0.15609793E-02	 0.91710747E-05
  1447.0000    	  1448.0000    	-0.10781743E-02	 0.90206773E-05
  1448.0000    	  1449.0000    	-0.35447633E-02	 0.94247943E-05
  1449.0000    	  1450.0000    	-0.55815186E-02	 0.10301243E-04
  1450.0000    	  1451.0000    	-0.69922512E-02	 0.11419308E-04
  1451.0000    	  1452.0000    	-0.75878115E-02	 0.12730408E-04
  1452.0000    	  1453.0000    	 0.10106988E-01	 0.14442091E-04
  1453.0000    	  1454.0000    	 0.94499537E-02	 0.13439000E-04
  1454.0000    	  1455.0000    	 0.81581727E-02	 0.12176156E-04
  1455.0000    	  1456.0000    	 0.63141996E-02	 0.10906063E-04
  1456.0000    	  1457.0000    	 0.40466713E-02	 0.97886349E-05
  1457.0000    	  1458.0000    	 0.15126562E-02	 0.90653273E-05
  1458.0000    	  1459.0000    	-0.10897508E-02	 0.89047565E-05
  1459.0000    	  1460.0000    	-0.35096053E-02	 0.93125423E-05
  1460.0000    	  1461.0000    	-0.54873980E-02	 0.10141644E-04
  1461.0000    	  1462.0000    	-0.68586005E-02	 0.11291922E-04
  1462.0000    	  1463.0000    	-0.74405674E-02	 0.12629031E-04
  1463.0000    	  1464.0000    	 0.99100712E-02	 0.14253080E-04
  1464.0000    	  1465.0000    	 0.92567090E-02	 0.13205856E-04
  1465.0000    	  1466.0000    	 0.79915077E-02	 0.12026415E-04
  1466.0000    	  1467.0000    	 0.61977535E-02	 0.10794666E-04
  1467.0000    	  1468.0000    	 0.39493963E-02	 0.96482457E-05
  1468.0000    	  1469.0000    	 0.14573490E-02	 0.89712722E-05
  1469.0000    	  1470.0000    	-0.10965704E-02	 0.87745278E-05
  1470.0000    	  1471.0000    	-0.34752483E-02	 0.93108087E-05
  1471.0000    	  1472.0000    	-0.54361972E-02	 0.10038207E-04
  1472.0000    	  1473.0000    	-0.67495173E-02	 0.11124523E-04
  1473.0000    	  1474.0000    	-0.73074535E-02	 0.12474670E-04
  1474.0000    	  1475.0000    	 0.97196511E-02	 0.14102622E-04
  1475.0000    	  1476.0000    	 0.90869711E-02	 0.13067396E-04
  1476.0000    	  1477.0000    	 0.78524483E-02	 0.11901631E-04
  1477.0000    	  1478.0000    	 0.60506231E-02	 0.10630421E-04
  1478.0000    	  1479.0000    	 0.38570115E-02	 0.95281747E-05
  1479.0000    	  1480.0000    	 0.14018670E-02	 0.88085140E-05
  1480.0000    	  1481.0000    	-0.11080336E-02	 0.86435940E-05
  1481.0000    	  1482.0000    	-0.34399554E-02	 0.90710402E-05
  1482.0000    	  1483.0000    	-0.53550187E-02	 0.99142454E-05
  1483.0000    	  1484.0000    	-0.66273702E-02	 0.11043818E-04
  1484.0000    	  1485.0000    	-0.71484808E-02	 0.12278083E-04
  1485.0000    	  1486.0000    	 0.95469957E-02	 0.13955339E-04
  1486.0000    	  1487.0000    	 0.89064176E-02	 0.12910532E-04
  1487.0000    	  1488.0000    	 0.76834789E-02	 0.12111104E-04
  1488.0000    	  1489.0000    	 0.59207577E-02	 0.10498208E-04
  1489.0000    	  1490.0000    	 0.37632985E-02	 0.94883913E-05
  1490.0000    	  1491.0000    	 0.13521695E-02	 0.87064110E-05
  1491.0000    	  1492.0000    	-0.11171026E-02	 0.85458090E-05
  1492.0000    	  1493.0000    	-0.34077151E-02	 0.89763357E-05
  1493.0000    	  1494.0000    	-0.52759339E-02	 0.97773591E-05
  1494.0000    	  1495.0000    	-0.65206934E-02	 0.10857013E-04
  1495.0000    	  1496.0000    	-0.70243693E-02	 0.12059062E-04
  1496.0000    	  1497.0000    	 0.93581633E-02	 0.13802976E-04
  1497.0000    	  1498.0000    	 0.87394596E-02	 0.12772349E-04
  1498.0000    	  1499.0000    	 0.75257694E-02	 0.11601313E-04
  1499.0000    	  1500.0000    	 0.58061439E-02	 0.10372581E-04
  1500.0000    	  1501.0000    	 0.36884508E-02	 0.93060373E-05
  1501.0000    	  1502.0000    	 0.13088589E-02	 0.85973144E-05
  1502.0000    	  1503.0000    	-0.11198230E-02	 0.84471133E-05
  1503.0000    	  1504.0000    	-0.33708954E-02	 0.88354421E-05
  1504.0000    	  1505.0000    	-0.51900653E-02	 0.96651481E-05
  1505.0000    	  1506.0000    	-0.64124559E-02	 0.10777730E-04
  1506.0000    	  1507.0000    	-0.68906393E-02	 0.11977797E-04
  1507.0000    	  1508.0000    	 0.91876725E-02	 0.13654419E-04
  1508.0000    	  1509.0000    	 0.85688835E-02	 0.12628891E-04
  1509.0000    	  1510.0000    	 0.73710883E-02	 0.11457463E-04
  1510.0000    	  1511.0000    	 0.56939171E-02	 0.10263582E-04
  1511.0000    	  1512.0000    	 0.36000111E-02	 0.92129723E-05
  1512.0000    	  1513.0000    	 0.12624160E-02	 0.84836202E-05
  1513.0000    	  1514.0000    	-0.11174537E-02	 0.83517612E-05
  1514.0000    	  1515.0000    	-0.33171476E-02	 0.87474692E-05
  1515.0000    	  1516.0000    	-0.51112874E-02	 0.95578545E-05
  1516.0000    	  1517.0000    	-0.63131125E-02	 0.10556581E-04
  1517.0000    	  1518.0000    	-0.67766311E-02	 0.11784839E-04
  1518.0000    	  1519.0000    	 0.89769885E-02	 0.13480773E-04
  1519.0000    	  1520.0000    	 0.83953016E-02	 0.12494957E-04
  1520.0000    	  1521.0000    	 0.72210806E-02	 0.11323552E-04
  1521.0000    	  1522.0000    	 0.55516034E-02	 0.10121773E-04
  1522.0000    	  1523.0000    	 0.35021202E-02	 0.90575307E-05
  1523.0000    	  1524.0000    	 0.12087656E-02	 0.83728749E-05
  1524.0000    	  1525.0000    	-0.11362259E-02	 0.82114278E-05
  1525.0000    	  1526.0000    	-0.32822768E-02	 0.86674018E-05
  1526.0000    	  1527.0000    	-0.50615588E-02	 0.93999016E-05
  1527.0000    	  1528.0000    	-0.62065230E-02	 0.10445000E-04
  1528.0000    	  1529.0000    	-0.66384922E-02	 0.11729712E-04
  1529.0000    	  1530.0000    	 0.88414927E-02	 0.13363517E-04
  1530.0000    	  1531.0000    	 0.82349811E-02	 0.12339184E-04
  1531.0000    	  1532.0000    	 0.70808609E-02	 0.11189947E-04
  1532.0000    	  1533.0000    	 0.54404542E-02	 0.99990975E-05
  1533.0000    	  1534.0000    	 0.34100804E-02	 0.89402217E-05
  1534.0000    	  1535.0000    	 0.11633687E-02	 0.82684700E-05
  1535.0000    	  1536.0000    	-0.11276687E-02	 0.81437835E-05
  1536.0000    	  1537.0000    	-0.32612690E-02	 0.85593424E-05
  1537.0000    	  1538.0000    	-0.49757620E-02	 0.93123852E-05
  1538.0000    	  1539.0000    	-0.61011424E-02	 0.10349781E-04
  1539.0000    	  1540.0000    	-0.65164055E-02	 0.11520766E-04
  1540.0000    	  1541.0000    	 0.86492871E-02	 0.13194560E-04
  1541.0000    	  1542.0000    	 0.80555051E-02	 0.12173142E-04
  1542.0000    	  1543.0000    	 0.69478765E-02	 0.11059905E-04
  1543.0000    	  1544.0000    	 0.53283713E-02	 0.98720969E-05
  1544.0000    	  1545.0000    	 0.33406439E-02	 0.88346825E-05
  1545.0000    	  1546.0000    	 0.11266430E-02	 0.81860876E-05
  1546.0000    	  1547.0000    	-0.11347751E-02	 0.80471821E-05
  1547.0000    	  1548.0000    	-0.32337909E-02	 0.83958841E-05
  1548.0000    	  1549.0000    	-0.49018382E-02	 0.92061717E-05
  1549.0000    	  1550.0000    	-0.59882752E-02	 0.10216637E-04
  1550.0000    	  1551.0000    	-0.63995531E-02	 0.11289212E-04
  1551.0000    	  1552.0000    	 0.84841935E-02	 0.13041893E-04
  1552.0000    	  1553.0000    	 0.79194953E-02	 0.12053299E-04
  1553.0000    	  1554.0000    	 0.67988038E-02	 0.10914750E-04
  1554.0000    	  1555.0000    	 0.52272966E-02	 0.97889805E-05
  1555.0000    	  1556.0000    	 0.32557366E-02	 0.87081518E-05
  1556.0000    	  1557.0000    	 0.10751950E-02	 0.80601664E-05
  1557.0000    	  1558.0000    	-0.11363988E-02	 0.79284485E-05
  1558.0000    	  1559.0000    	-0.31807621E-02	 0.82920126E-05
  1559.0000    	  1560.0000    	-0.48262845E-02	 0.90705167E-05
  1560.0000    	  1561.0000    	-0.59012532E-02	 0.10044312E-04
  1561.0000    	  1562.0000    	-0.62830170E-02	 0.11265177E-04
  1562.0000    	  1563.0000    	 0.82721793E-02	 0.12865169E-04
  1563.0000    	  1564.0000    	 0.77666914E-02	 0.11922031E-04
  1564.0000    	  1565.0000    	 0.66719972E-02	 0.10808056E-04
  1565.0000    	  1566.0000    	 0.51076028E-02	 0.96381467E-05
  1566.0000    	  1567.0000    	 0.31789676E-02	 0.86100614E-05
  1567.0000    	  1568.0000    	 0.10345040E-02	 0.79485127E-05
  1568.0000    	  1569.0000    	-0.11433821E-02	 0.78247247E-05
  1569.0000    	  1570.0000    	-0.31367267E-02	 0.82511762E-05
  1570.0000    	  1571.0000    	-0.47590635E-02	 0.89787750E-05
  1571.0000    	  1572.0000    	-0.57977749E-02	 0.99817724E-05
  1572.0000    	  1573.0000    	-0.61470937E-02	 0.11003393E-04
  1573.0000    	  1574.0000    	 0.81812688E-02	 0.12778829E-04
  1574.0000    	  1575.0000    	 0.76032339E-02	 0.11762262E-04
  1575.0000    	  1576.0000    	 0.65317951E-02	 0.10662424E-04
  1576.0000    	  1577.0000    	 0.49793944E-02	 0.95124292E-05
  1577.0000    	  1578.0000    	 0.30977850E-02	 0.84987659E-05
  1578.0000    	  1579.0000    	 0.99396877E-03	 0.78560032E-05
  1579.0000    	  1580.0000    	-0.11483444E-02	 0.77590772E-05
  1580.0000    	  1581.0000    	-0.31181706E-02	 0.81318010E-05
  1581.0000    	  1582.0000    	-0.46878706E-02	 0.88884299E-05
  1582.0000    	  1583.0000    	-0.57050780E-02	 0.98343291E-05
  1583.0000    	  1584.0000    	-0.60427903E-02	 0.10967975E-04
  1584.0000    	  1585.0000    	 0.80096709E-02	 0.12623960E-04
  1585.0000    	  1586.0000    	 0.74590548E-02	 0.11647299E-04
  1586.0000    	  1587.0000    	 0.63989161E-02	 0.10530774E-04
  1587.0000    	  1588.0000    	 0.48916559E-02	 0.94083398E-05
  1588.0000    	  1589.0000    	 0.30423727E-02	 0.84177309E-05
  1589.0000    	  1590.0000    	 0.95943881E-03	 0.77661854E-05
  1590.0000    	  1591.0000    	-0.11598865E-02	 0.76146804E-05
  1591.0000    	  1592.0000    	-0.30906152E-02	 0.80145848E-05
  1592.0000    	  1593.0000    	-0.46147897E-02	 0.87845624E-05
  1593.0000    	  1594.0000    	-0.56028009E-02	 0.97096602E-05
  1594.0000    	  1595.0000    	-0.58920939E-02	 0.10746981E-04
  1595.0000    	  1596.0000    	 0.78338197E-02	 0.12470423E-04
  1596.0000    	  1597.0000    	 0.73127412E-02	 0.11507379E-04
  1597.0000    	  1598.0000    	 0.62802998E-02	 0.10424698E-04
  1598.0000    	  1599.0000    	 0.47914527E-02	 0.92867705E-05
  1599.0000    	  1600.0000    	 0.29566534E-02	 0.83211090E-05
  1600.0000    	  1601.0000    	 0.91674209E-03	 0.76749205E-05
  1601.0000    	  1602.0000    	-0.11512918E-02	 0.75457137E-05
  1602.0000    	  1603.0000    	-0.30521529E-02	 0.79231221E-05
  1603.0000    	  1604.0000    	-0.45561103E-02	 0.86957131E-05
  1604.0000    	  1605.0000    	-0.55047960E-02	 0.96219087E-05
  1605.0000    	  1606.0000    	-0.58057518E-02	 0.10692534E-04
  1606.0000    	  1607.0000    	 0.76981683E-02	 0.12336204E-04
  1607.0000    	  1608.0000    	 0.71755570E-02	 0.11385002E-04
  1608.0000    	  1609.0000    	 0.61416966E-02	 0.10300599E-04
  1609.0000    	  1610.0000    	 0.46823152E-02	 0.91538905E-05
  1610.0000    	  1611.0000    	 0.28711380E-02	 0.81678689E-05
  1611.0000    	  1612.0000    	 0.86799420E-03	 0.75421469E-05
  1612.0000    	  1613.0000    	-0.11476796E-02	 0.74696079E-05
  1613.0000    	  1614.0000    	-0.30129348E-02	 0.79059109E-05
  1614.0000    	  1615.0000    	-0.44906563E-02	 0.85346604E-05
  1615.0000    	  1616.0000    	-0.54172378E-02	 0.95020601E-05
  1616.0000    	  1617.0000    	-0.57000213E-02	 0.10564440E-04
  1617.0000    	  1618.0000    	 0.75303945E-02	 0.12196227E-04
  1618.0000    	  1619.0000    	 0.70103020E-02	 0.11277740E-04
  1619.0000    	  1620.0000    	 0.60120844E-02	 0.10151136E-04
  1620.0000    	  1621.0000    	 0.45841187E-02	 0.90462608E-05
  1621.0000    	  1622.0000    	 0.28130768E-02	 0.81168062E-05
  1622.0000    	  1623.0000    	 0.85349069E-03	 0.74975679E-05
  1623.0000    	  1624.0000    	-0.11557920E-02	 0.73797866E-05
  1624.0000    	  1625.0000    	-0.29724389E-02	 0.77429959E-05
  1625.0000    	  1626.0000    	-0.44279548E-02	 0.84421096E-05
  1626.0000    	  1627.0000    	-0.53141561E-02	 0.94036026E-05
  1627.0000    	  1628.0000    	-0.54768179E-02	 0.10237948E-04
  1628.0000    	  1629.0000    	 0.74017098E-02	 0.12067147E-04
  1629.0000    	  1630.0000    	 0.69015351E-02	 0.11153544E-04
  1630.0000    	  1631.0000    	 0.59109666E-02	 0.10060701E-04
  1631.0000    	  1632.0000    	 0.44623747E-02	 0.89022764E-05
  1632.0000    	  1633.0000    	 0.27408191E-02	 0.79812500E-05
  1633.0000    	  1634.0000    	 0.79743227E-03	 0.73698765E-05
  1634.0000    	  1635.0000    	-0.11635110E-02	 0.72881298E-05
  1635.0000    	  1636.0000    	-0.29390277E-02	 0.76532396E-05
  1636.0000    	  1637.0000    	-0.43500016E-02	 0.84689271E-05
  1637.0000    	  1638.0000    	-0.52412397E-02	 0.92478199E-05
  1638.0000    	  1639.0000    	-0.54809361E-02	 0.10196565E-04
  1639.0000    	  1640.0000    	 0.72647794E-02	 0.11954486E-04
  1640.0000    	  1641.0000    	 0.67541316E-02	 0.10985590E-04
  1641.0000    	  1642.0000    	 0.57750818E-02	 0.99113215E-05
  1642.0000    	  1643.0000    	 0.43904491E-02	 0.89280880E-05
  1643.0000    	  1644.0000    	 0.26710333E-02	 0.78653143E-05
  1644.0000    	  1645.0000    	 0.76050180E-03	 0.72863496E-05
  1645.0000    	  1646.0000    	-0.11590479E-02	 0.72006318E-05
  1646.0000    	  1647.0000    	-0.28997898E-02	 0.75761491E-05
  1647.0000    	  1648.0000    	-0.42922563E-02	 0.82755834E-05
  1648.0000    	  1649.0000    	-0.51456520E-02	 0.91398648E-05
  1649.0000    	  1650.0000    	-0.53821448E-02	 0.10087819E-04
  1650.0000    	  1651.0000    	 0.71175610E-02	 0.11808830E-04
  1651.0000    	  1652.0000    	 0.66315195E-02	 0.10876564E-04
  1652.0000    	  1653.0000    	 0.56521594E-02	 0.97837924E-05
  1653.0000    	  1654.0000    	 0.42961501E-02	 0.87214447E-05
  1654.0000    	  1655.0000    	 0.26161517E-02	 0.78032104E-05
  1655.0000    	  1656.0000    	 0.73824652E-03	 0.72142665E-05
  1656.0000    	  1657.0000    	-0.11555905E-02	 0.71100203E-05
  1657.0000    	  1658.0000    	-0.28834950E-02	 0.74630920E-05
  1658.0000    	  1659.0000    	-0.42312432E-02	 0.81822099E-05
  1659.0000    	  1660.0000    	-0.50493564E-02	 0.90512453E-05
  1660.0000    	  1661.0000    	-0.52747350E-02	 0.99935231E-05
  1661.0000    	  1662.0000    	 0.69801508E-02	 0.11676570E-04
  1662.0000    	  1663.0000    	 0.61336101E-02	 0.10433868E-04
  1663.0000    	  1664.0000    	 0.55541600E-02	 0.96930796E-05
  1664.0000    	  1665.0000    	 0.41892082E-02	 0.85946396E-05
  1665.0000    	  1666.0000    	 0.25356726E-02	 0.76660585E-05
  1666.0000    	  1667.0000    	 0.71228919E-03	 0.72718213E-05
  1667.0000    	  1668.0000    	-0.11569109E-02	 0.70279078E-05
  1668.0000    	  1669.0000    	-0.28352161E-02	 0.74062348E-05
  1669.0000    	  1670.0000    	-0.41564156E-02	 0.80880884E-05
  1670.0000    	  1671.0000    	-0.49699684E-02	 0.89169971E-05
  1671.0000    	  1672.0000    	-0.51783345E-02	 0.98852758E-05
  1672.0000    	  1673.0000    	 0.68311184E-02	 0.11521205E-04
  1673.0000    	  1674.0000    	 0.63588750E-02	 0.10621431E-04
  1674.0000    	  1675.0000    	 0.54162106E-02	 0.95385275E-05
  1675.0000    	  1676.0000    	 0.41122430E-02	 0.85009000E-05
  1676.0000    	  1677.0000    	 0.24769092E-02	 0.75889198E-05
  1677.0000    	  1678.0000    	 0.66958498E-03	 0.70225247E-05
  1678.0000    	  1679.0000    	-0.11614877E-02	 0.72052469E-05
  1679.0000    	  1680.0000    	-0.28098915E-02	 0.73132494E-05
  1680.0000    	  1681.0000    	-0.40971983E-02	 0.79960634E-05
  1681.0000    	  1682.0000    	-0.48778185E-02	 0.87927977E-05
  1682.0000    	  1683.0000    	-0.50679988E-02	 0.97309472E-05
  1683.0000    	  1684.0000    	 0.67091267E-02	 0.11407205E-04
  1684.0000    	  1685.0000    	 0.62411865E-02	 0.10499756E-04
  1685.0000    	  1686.0000    	 0.53299788E-02	 0.94607818E-05
  1686.0000    	  1687.0000    	 0.40297474E-02	 0.84054879E-05
  1687.0000    	  1688.0000    	 0.24152163E-02	 0.75085510E-05
  1688.0000    	  1689.0000    	 0.62736811E-03	 0.69144702E-05
  1689.0000    	  1690.0000    	-0.11512138E-02	 0.68691051E-05
  1690.0000    	  1691.0000    	-0.27775720E-02	 0.71885615E-05
  1691.0000    	  1692.0000    	-0.40416623E-02	 0.78940683E-05
  1692.0000    	  1693.0000    	-0.47952385E-02	 0.87218611E-05
  1693.0000    	  1694.0000    	-0.49891131E-02	 0.96808979E-05
  1694.0000    	  1695.0000    	 0.65830032E-02	 0.11429506E-04
  1695.0000    	  1696.0000    	 0.61168360E-02	 0.10496705E-04
  1696.0000    	  1697.0000    	 0.52074135E-02	 0.93267343E-05
  1697.0000    	  1698.0000    	 0.39276510E-02	 0.82877550E-05
  1698.0000    	  1699.0000    	 0.23514416E-02	 0.74004440E-05
  1699.0000    	  1700.0000    	 0.60268858E-03	 0.68460918E-05
  1700.0000    	  1701.0000    	-0.11571486E-02	 0.67704453E-05
  1701.0000    	  1702.0000    	-0.27401809E-02	 0.71492010E-05
  1702.0000    	  1703.0000    	-0.39817763E-02	 0.77994797E-05
  1703.0000    	  1704.0000    	-0.47238524E-02	 0.86053841E-05
  1704.0000    	  1705.0000    	-0.48920546E-02	 0.95154806E-05
  1705.0000    	  1706.0000    	 0.64310478E-02	 0.11258146E-04
  1706.0000    	  1707.0000    	 0.59889669E-02	 0.10248353E-04
  1707.0000    	  1708.0000    	 0.50966541E-02	 0.92058636E-05
  1708.0000    	  1709.0000    	 0.38426520E-02	 0.81833015E-05
  1709.0000    	  1710.0000    	 0.22848439E-02	 0.72842451E-05
  1710.0000    	  1711.0000    	 0.56643895E-03	 0.67445911E-05
  1711.0000    	  1712.0000    	-0.11547755E-02	 0.66930796E-05
  1712.0000    	  1713.0000    	-0.27086722E-02	 0.70895482E-05
  1713.0000    	  1714.0000    	-0.39296440E-02	 0.77019336E-05
  1714.0000    	  1715.0000    	-0.46213043E-02	 0.85177020E-05
  1715.0000    	  1716.0000    	-0.47912858E-02	 0.93526471E-05
  1716.0000    	  1717.0000    	 0.63106227E-02	 0.11011044E-04
  1717.0000    	  1718.0000    	 0.58767527E-02	 0.10140852E-04
  1718.0000    	  1719.0000    	 0.49961275E-02	 0.91055163E-05
  1719.0000    	  1720.0000    	 0.37483677E-02	 0.80604387E-05
  1720.0000    	  1721.0000    	 0.22318203E-02	 0.71974977E-05
  1721.0000    	  1722.0000    	 0.54975348E-03	 0.66938999E-05
  1722.0000    	  1723.0000    	-0.11508558E-02	 0.66112014E-05
  1723.0000    	  1724.0000    	-0.26777259E-02	 0.69769390E-05
  1724.0000    	  1725.0000    	-0.38550318E-02	 0.76487669E-05
  1725.0000    	  1726.0000    	-0.45663605E-02	 0.84392150E-05
  1726.0000    	  1727.0000    	-0.46936309E-02	 0.93222356E-05
  1727.0000    	  1728.0000    	 0.60653624E-02	 0.10786620E-04
  1728.0000    	  1729.0000    	 0.57447382E-02	 0.10002818E-04
  1729.0000    	  1730.0000    	 0.48957486E-02	 0.89972142E-05
  1730.0000    	  1731.0000    	 0.36815008E-02	 0.79814402E-05
  1731.0000    	  1732.0000    	 0.21792268E-02	 0.71233666E-05
  1732.0000    	  1733.0000    	 0.51888879E-03	 0.66073513E-05
  1733.0000    	  1734.0000    	-0.11515848E-02	 0.65340647E-05
  1734.0000    	  1735.0000    	-0.26569249E-02	 0.69008283E-05
  1735.0000    	  1736.0000    	-0.38060044E-02	 0.75820033E-05
  1736.0000    	  1737.0000    	-0.44772903E-02	 0.83151532E-05
  1737.0000    	  1738.0000    	-0.46055714E-02	 0.91296020E-05
  1738.0000    	  1739.0000    	 0.60836077E-02	 0.10782012E-04
  1739.0000    	  1740.0000    	 0.56380760E-02	 0.98903803E-05
  1740.0000    	  1741.0000    	 0.47974158E-02	 0.88961031E-05
  1741.0000    	  1742.0000    	 0.36071335E-02	 0.78991480E-05
  1742.0000    	  1743.0000    	 0.21203384E-02	 0.70217467E-05
  1743.0000    	  1744.0000    	 0.48503149E-03	 0.64986737E-05
  1744.0000    	  1745.0000    	-0.11561210E-02	 0.64508066E-05
  1745.0000    	  1746.0000    	-0.26150686E-02	 0.68060736E-05
  1746.0000    	  1747.0000    	-0.37450512E-02	 0.74364674E-05
  1747.0000    	  1748.0000    	-0.43827906E-02	 0.82236474E-05
  1748.0000    	  1749.0000    	-0.45175517E-02	 0.90689385E-05
  1749.0000    	  1750.0000    	 0.59565997E-02	 0.10649036E-04
  1750.0000    	  1751.0000    	 0.55338952E-02	 0.97920460E-05
  1751.0000    	  1752.0000    	 0.47001160E-02	 0.88272198E-05
  1752.0000    	  1753.0000    	 0.35099148E-02	 0.77628047E-05
  1753.0000    	  1754.0000    	 0.20726557E-02	 0.69553261E-05
  1754.0000    	  1755.0000    	 0.46447513E-03	 0.64472926E-05
  1755.0000    	  1756.0000    	-0.11498249E-02	 0.63638802E-05
  1756.0000    	  1757.0000    	-0.25838170E-02	 0.68132909E-05
  1757.0000    	  1758.0000    	-0.36822630E-02	 0.73934043E-05
  1758.0000    	  1759.0000    	-0.43253797E-02	 0.80980902E-05
  1759.0000    	  1760.0000    	-0.44286585E-02	 0.89051012E-05
  1760.0000    	  1761.0000    	 0.58263234E-02	 0.10566714E-04
  1761.0000    	  1762.0000    	 0.54046846E-02	 0.96519616E-05
  1762.0000    	  1763.0000    	 0.45928709E-02	 0.86640189E-05
  1763.0000    	  1764.0000    	 0.34400819E-02	 0.76766329E-05
  1764.0000    	  1765.0000    	 0.20174043E-02	 0.68615388E-05
  1765.0000    	  1766.0000    	 0.43956094E-03	 0.63663972E-05
  1766.0000    	  1767.0000    	-0.11379867E-02	 0.63178794E-05
  1767.0000    	  1768.0000    	-0.25517444E-02	 0.66718707E-05
  1768.0000    	  1769.0000    	-0.36450452E-02	 0.72587723E-05
  1769.0000    	  1770.0000    	-0.42543316E-02	 0.79826027E-05
  1770.0000    	  1771.0000    	-0.43387281E-02	 0.88047372E-05
  1771.0000    	  1772.0000    	 0.57215516E-02	 0.10429494E-04
  1772.0000    	  1773.0000    	 0.53038913E-02	 0.95481966E-05
  1773.0000    	  1774.0000    	 0.45146079E-02	 0.85807882E-05
  1774.0000    	  1775.0000    	 0.33614708E-02	 0.75890237E-05
  1775.0000    	  1776.0000    	 0.19531914E-02	 0.67900775E-05
  1776.0000    	  1777.0000    	 0.41311769E-03	 0.62901629E-05
  1777.0000    	  1778.0000    	-0.11345369E-02	 0.62551280E-05
  1778.0000    	  1779.0000    	-0.25268438E-02	 0.65933742E-05
  1779.0000    	  1780.0000    	-0.35736006E-02	 0.71994328E-05
  1780.0000    	  1781.0000    	-0.41708027E-02	 0.79251501E-05
  1781.0000    	  1782.0000    	-0.42555246E-02	 0.86381008E-05
  1782.0000    	  1783.0000    	 0.56070486E-02	 0.10286263E-04
  1783.0000    	  1784.0000    	 0.51916579E-02	 0.94286189E-05
  1784.0000    	  1785.0000    	 0.44126823E-02	 0.84640570E-05
  1785.0000    	  1786.0000    	 0.32808370E-02	 0.74744824E-05
  1786.0000    	  1787.0000    	 0.19129500E-02	 0.66875266E-05
  1787.0000    	  1788.0000    	 0.38456276E-03	 0.61949524E-05
  1788.0000    	  1789.0000    	-0.11383016E-02	 0.61491736E-05
  1789.0000    	  1790.0000    	-0.24977949E-02	 0.65075932E-05
  1790.0000    	  1791.0000    	-0.35261541E-02	 0.71400840E-05
  1791.0000    	  1792.0000    	-0.41031772E-02	 0.77816112E-05
  1792.0000    	  1793.0000    	-0.41607696E-02	 0.87729225E-05
  1793.0000    	  1794.0000    	 0.54814915E-02	 0.10146825E-04
  1794.0000    	  1795.0000    	 0.50973285E-02	 0.93303090E-05
  1795.0000    	  1796.0000    	 0.43056569E-02	 0.83360982E-05
  1796.0000    	  1797.0000    	 0.32114566E-02	 0.73808600E-05
  1797.0000    	  1798.0000    	 0.18648167E-02	 0.66092759E-05
  1798.0000    	  1799.0000    	 0.36936871E-03	 0.61447862E-05
  1799.0000    	  1800.0000    	-0.11326145E-02	 0.61042184E-05
  1800.0000    	  1801.0000    	-0.24653671E-02	 0.64523432E-05
  1801.0000    	  1802.0000    	-0.34697249E-02	 0.70401223E-05
  1802.0000    	  1803.0000    	-0.40260261E-02	 0.77730180E-05
  1803.0000    	  1804.0000    	-0.40858657E-02	 0.84789327E-05
  1804.0000    	  1805.0000    	 0.53932085E-02	 0.10057587E-04
  1805.0000    	  1806.0000    	 0.49790028E-02	 0.92002514E-05
  1806.0000    	  1807.0000    	 0.42383183E-02	 0.83219042E-05
  1807.0000    	  1808.0000    	 0.31452417E-02	 0.73081714E-05
  1808.0000    	  1809.0000    	 0.17879472E-02	 0.64677379E-05
  1809.0000    	  1810.0000    	 0.33065530E-03	 0.61343914E-05
  1810.0000    	  1811.0000    	-0.11271577E-02	 0.60144224E-05
  1811.0000    	  1812.0000    	-0.24358395E-02	 0.64106652E-05
  1812.0000    	  1813.0000    	-0.34171995E-02	 0.69588866E-05
  1813.0000    	  1814.0000    	-0.39600656E-02	 0.76418702E-05
  1814.0000    	  1815.0000    	-0.40197936E-02	 0.83859564E-05
  1815.0000    	  1816.0000    	 0.52813721E-02	 0.99310112E-05
  1816.0000    	  1817.0000    	 0.48890819E-02	 0.91096467E-05
  1817.0000    	  1818.0000    	 0.41260772E-02	 0.81325496E-05
  1818.0000    	  1819.0000    	 0.30698345E-02	 0.72025401E-05
  1819.0000    	  1820.0000    	 0.17640166E-02	 0.64340133E-05
  1820.0000    	  1821.0000    	 0.31909903E-03	 0.60202582E-05
  1821.0000    	  1822.0000    	-0.11253260E-02	 0.59687423E-05
  1822.0000    	  1823.0000    	-0.24067727E-02	 0.62856539E-05
  1823.0000    	  1824.0000    	-0.33647503E-02	 0.69181482E-05
  1824.0000    	  1825.0000    	-0.38946047E-02	 0.75397615E-05
  1825.0000    	  1826.0000    	-0.39084997E-02	 0.82551895E-05
  1826.0000    	  1827.0000    	 0.51335727E-02	 0.97772971E-05
  1827.0000    	  1828.0000    	 0.47845883E-02	 0.89834431E-05
  1828.0000    	  1829.0000    	 0.40574542E-02	 0.80632600E-05
  1829.0000    	  1830.0000    	 0.30010791E-02	 0.71060671E-05
  1830.0000    	  1831.0000    	 0.17171358E-02	 0.63755679E-05
  1831.0000    	  1832.0000    	 0.29290310E-03	 0.59327384E-05
  1832.0000    	  1833.0000    	-0.11225135E-02	 0.58864222E-05
  1833.0000    	  1834.0000    	-0.23721661E-02	 0.62597622E-05
  1834.0000    	  1835.0000    	-0.33127723E-02	 0.68024745E-05
  1835.0000    	  1836.0000    	-0.38256906E-02	 0.74469696E-05
  1836.0000    	  1837.0000    	-0.38586138E-02	 0.81808440E-05
  1837.0000    	  1838.0000    	 0.50687456E-02	 0.96999780E-05
  1838.0000    	  1839.0000    	 0.44707965E-02	 0.86777817E-05
  1839.0000    	  1840.0000    	 0.39639624E-02	 0.79515662E-05
  1840.0000    	  1841.0000    	 0.29269376E-02	 0.70074116E-05
  1841.0000    	  1842.0000    	 0.16687673E-02	 0.62787957E-05
  1842.0000    	  1843.0000    	 0.27827798E-03	 0.58567338E-05
  1843.0000    	  1844.0000    	-0.11143852E-02	 0.58419103E-05
  1844.0000    	  1845.0000    	-0.17564244E-02	 0.53442957E-05
  1845.0000    	  1846.0000    	-0.32612532E-02	 0.67420373E-05
  1846.0000    	  1847.0000    	-0.37567320E-02	 0.73769215E-05
  1847.0000    	  1848.0000    	-0.37742963E-02	 0.81378887E-05
  1848.0000    	  1849.0000    	 0.49611299E-02	 0.95642994E-05
  1849.0000    	  1850.0000    	 0.45958803E-02	 0.87886279E-05
  1850.0000    	  1851.0000    	 0.38912027E-02	 0.78592960E-05
  1851.0000    	  1852.0000    	 0.28673887E-02	 0.69319186E-05
  1852.0000    	  1853.0000    	 0.16232980E-02	 0.62003598E-05
  1853.0000    	  1854.0000    	 0.24445025E-03	 0.57595486E-05
  1854.0000    	  1855.0000    	-0.11122808E-02	 0.57548528E-05
  1855.0000    	  1856.0000    	-0.23100019E-02	 0.61153296E-05
  1856.0000    	  1857.0000    	-0.32142546E-02	 0.66601112E-05
  1857.0000    	  1858.0000    	-0.36853928E-02	 0.72634431E-05
  1858.0000    	  1859.0000    	-0.37064346E-02	 0.80479110E-05
  1859.0000    	  1860.0000    	 0.48721652E-02	 0.94660226E-05
  1860.0000    	  1861.0000    	 0.44996529E-02	 0.86675016E-05
  1861.0000    	  1862.0000    	 0.37989546E-02	 0.77532951E-05
  1862.0000    	  1863.0000    	 0.28153315E-02	 0.69204707E-05
  1863.0000    	  1864.0000    	 0.15775455E-02	 0.61159474E-05
  1864.0000    	  1865.0000    	 0.23224941E-03	 0.57615069E-05
  1865.0000    	  1866.0000    	-0.11156259E-02	 0.56924002E-05
  1866.0000    	  1867.0000    	-0.22931824E-02	 0.61213739E-05
  1867.0000    	  1868.0000    	-0.31680488E-02	 0.65821915E-05
  1868.0000    	  1869.0000    	-0.36152125E-02	 0.71674979E-05
  1869.0000    	  1870.0000    	-0.36356111E-02	 0.79528546E-05
  1870.0000    	  1871.0000    	 0.47669175E-02	 0.93362145E-05
  1871.0000    	  1872.0000    	 0.44067334E-02	 0.85669729E-05
  1872.0000    	  1873.0000    	 0.37365839E-02	 0.76866591E-05
  1873.0000    	  1874.0000    	 0.27406067E-02	 0.67539767E-05
  1874.0000    	  1875.0000    	 0.15279611E-02	 0.60344302E-05
  1875.0000    	  1876.0000    	 0.20980792E-03	 0.56394841E-05
  1876.0000    	  1877.0000    	-0.11084490E-02	 0.56237799E-05
  1877.0000    	  1878.0000    	-0.22660051E-02	 0.59509593E-05
  1878.0000    	  1879.0000    	-0.31151577E-02	 0.64828543E-05
  1879.0000    	  1880.0000    	-0.35591309E-02	 0.71476108E-05
  1880.0000    	  1881.0000    	-0.35581088E-02	 0.78493927E-05
  1881.0000    	  1882.0000    	 0.46778468E-02	 0.92336425E-05
  1882.0000    	  1883.0000    	 0.43204772E-02	 0.84617953E-05
  1883.0000    	  1884.0000    	 0.36340004E-02	 0.75516113E-05
  1884.0000    	  1885.0000    	 0.26831889E-02	 0.66888500E-05
  1885.0000    	  1886.0000    	 0.14924426E-02	 0.59564315E-05
  1886.0000    	  1887.0000    	 0.19428986E-03	 0.55728496E-05
  1887.0000    	  1888.0000    	-0.10940989E-02	 0.55834089E-05
  1888.0000    	  1889.0000    	-0.22311784E-02	 0.58933175E-05
  1889.0000    	  1890.0000    	-0.30635318E-02	 0.64462238E-05
  1890.0000    	  1891.0000    	-0.35011085E-02	 0.70525721E-05
  1891.0000    	  1892.0000    	-0.34783662E-02	 0.76462374E-05
  1892.0000    	  1893.0000    	 0.45820716E-02	 0.91198791E-05
  1893.0000    	  1894.0000    	 0.42400775E-02	 0.83676191E-05
  1894.0000    	  1895.0000    	 0.35700398E-02	 0.74893014E-05
  1895.0000    	  1896.0000    	 0.26144378E-02	 0.65810893E-05
  1896.0000    	  1897.0000    	 0.14599555E-02	 0.59027594E-05
  1897.0000    	  1898.0000    	 0.17082354E-03	 0.55106078E-05
  1898.0000    	  1899.0000    	-0.10952003E-02	 0.55226906E-05
  1899.0000    	  1900.0000    	-0.22019537E-02	 0.58575494E-05
  1900.0000    	  1901.0000    	-0.30238298E-02	 0.63688154E-05
  1901.0000    	  1902.0000    	-0.34313030E-02	 0.69377003E-05
  1902.0000    	  1903.0000    	-0.34203134E-02	 0.76712563E-05
  1903.0000    	  1904.0000    	 0.44891181E-02	 0.90162814E-05
  1904.0000    	  1905.0000    	 0.41464564E-02	 0.82563788E-05
  1905.0000    	  1906.0000    	 0.34881986E-02	 0.73758248E-05
  1906.0000    	  1907.0000    	 0.25520995E-02	 0.64977040E-05
  1907.0000    	  1908.0000    	 0.12006421E-02	 0.53497469E-05
  1908.0000    	  1909.0000    	 0.16001970E-03	 0.54426407E-05
  1909.0000    	  1910.0000    	-0.10854650E-02	 0.54654727E-05
  1910.0000    	  1911.0000    	-0.21739043E-02	 0.57614740E-05
  1911.0000    	  1912.0000    	-0.29749231E-02	 0.62790833E-05
  1912.0000    	  1913.0000    	-0.33745735E-02	 0.69162020E-05
  1913.0000    	  1914.0000    	-0.33476747E-02	 0.76260260E-05
  1914.0000    	  1915.0000    	 0.43988500E-02	 0.89117851E-05
  1915.0000    	  1916.0000    	 0.40628594E-02	 0.81791288E-05
  1916.0000    	  1917.0000    	 0.34224030E-02	 0.73048347E-05
  1917.0000    	  1918.0000    	 0.25007804E-02	 0.64290695E-05
  1918.0000    	  1919.0000    	 0.13644557E-02	 0.57366308E-05
  1919.0000    	  1920.0000    	 0.14179862E-03	 0.53987314E-05
  1920.0000    	  1921.0000    	-0.10840048E-02	 0.54020958E-05
  1921.0000    	  1922.0000    	-0.21527108E-02	 0.57139669E-05
  1922.0000    	  1923.0000    	-0.29247052E-02	 0.62188182E-05
  1923.0000    	  1924.0000    	-0.33226926E-02	 0.67575368E-05
  1924.0000    	  1925.0000    	-0.32548467E-02	 0.74568291E-05
  1925.0000    	  1926.0000    	 0.42991067E-02	 0.87763095E-05
  1926.0000    	  1927.0000    	 0.39775067E-02	 0.80495036E-05
  1927.0000    	  1928.0000    	 0.33422143E-02	 0.72007556E-05
  1928.0000    	  1929.0000    	 0.24425343E-02	 0.63479245E-05
  1929.0000    	  1930.0000    	 0.13376770E-02	 0.56696028E-05
  1930.0000    	  1931.0000    	 0.12480733E-03	 0.53082222E-05
  1931.0000    	  1932.0000    	-0.10765008E-02	 0.53411633E-05
  1932.0000    	  1933.0000    	-0.21185227E-02	 0.57251766E-05
  1933.0000    	  1934.0000    	-0.28804218E-02	 0.61674579E-05
  1934.0000    	  1935.0000    	-0.32504300E-02	 0.67416861E-05
  1935.0000    	  1936.0000    	-0.32114101E-02	 0.75163360E-05
  1936.0000    	  1937.0000    	 0.42100000E-02	 0.87133179E-05
  1937.0000    	  1938.0000    	 0.39070442E-02	 0.79835130E-05
  1938.0000    	  1939.0000    	 0.32728163E-02	 0.71150868E-05
  1939.0000    	  1940.0000    	 0.23834586E-02	 0.62688787E-05
  1940.0000    	  1941.0000    	 0.12928293E-02	 0.55891568E-05
  1941.0000    	  1942.0000    	 0.10289452E-03	 0.52503774E-05
  1942.0000    	  1943.0000    	-0.10728602E-02	 0.52998186E-05
  1943.0000    	  1944.0000    	-0.20996991E-02	 0.55886597E-05
  1944.0000    	  1945.0000    	-0.28331288E-02	 0.60494135E-05
  1945.0000    	  1946.0000    	-0.31901829E-02	 0.66673056E-05
  1946.0000    	  1947.0000    	-0.31413491E-02	 0.73595026E-05
  1947.0000    	  1948.0000    	 0.41392273E-02	 0.85788471E-05
  1948.0000    	  1949.0000    	 0.38252400E-02	 0.78693661E-05
  1949.0000    	  1950.0000    	 0.32076300E-02	 0.70352107E-05
  1950.0000    	  1951.0000    	 0.23342443E-02	 0.62083586E-05
  1951.0000    	  1952.0000    	 0.12588651E-02	 0.55266225E-05
  1952.0000    	  1953.0000    	 0.82695874E-04	 0.51804570E-05
  1953.0000    	  1954.0000    	-0.10613524E-02	 0.52274767E-05
  1954.0000    	  1955.0000    	-0.20701066E-02	 0.55660045E-05
  1955.0000    	  1956.0000    	-0.27949683E-02	 0.60231747E-05
  1956.0000    	  1957.0000    	-0.31415909E-02	 0.65653177E-05
  1957.0000    	  1958.0000    	-0.30892377E-02	 0.72373141E-05
  1958.0000    	  1959.0000    	 0.40593259E-02	 0.84794699E-05
  1959.0000    	  1960.0000    	 0.37474793E-02	 0.77772570E-05
  1960.0000    	  1961.0000    	 0.31394895E-02	 0.69365355E-05
  1961.0000    	  1962.0000    	 0.22740379E-02	 0.61097601E-05
  1962.0000    	  1963.0000    	 0.12270032E-02	 0.54580091E-05
  1963.0000    	  1964.0000    	 0.84355452E-04	 0.51636488E-05
  1964.0000    	  1965.0000    	-0.10590847E-02	 0.51683714E-05
  1965.0000    	  1966.0000    	-0.20464325E-02	 0.54629314E-05
  1966.0000    	  1967.0000    	-0.27471320E-02	 0.59282943E-05
  1967.0000    	  1968.0000    	-0.30792756E-02	 0.64938610E-05
  1968.0000    	  1969.0000    	-0.30138706E-02	 0.71311802E-05
  1969.0000    	  1970.0000    	 0.39639331E-02	 0.83643270E-05
  1970.0000    	  1971.0000    	 0.36636318E-02	 0.76692641E-05
  1971.0000    	  1972.0000    	 0.30658802E-02	 0.68417621E-05
  1972.0000    	  1973.0000    	 0.22267690E-02	 0.60312278E-05
  1973.0000    	  1974.0000    	 0.11982482E-02	 0.54035338E-05
  1974.0000    	  1975.0000    	 0.60427762E-04	 0.50777193E-05
  1975.0000    	  1976.0000    	-0.10492886E-02	 0.51329613E-05
  1976.0000    	  1977.0000    	-0.20217408E-02	 0.54419806E-05
  1977.0000    	  1978.0000    	-0.27029525E-02	 0.58853854E-05
  1978.0000    	  1979.0000    	-0.30341010E-02	 0.63964589E-05
  1979.0000    	  1980.0000    	-0.29602828E-02	 0.71151958E-05
  1980.0000    	  1981.0000    	 0.38861130E-02	 0.82591745E-05
  1981.0000    	  1982.0000    	 0.35899788E-02	 0.75737531E-05
  1982.0000    	  1983.0000    	 0.30090521E-02	 0.67802593E-05
  1983.0000    	  1984.0000    	 0.21765499E-02	 0.59551308E-05
  1984.0000    	  1985.0000    	 0.11589844E-02	 0.53298781E-05
  1985.0000    	  1986.0000    	 0.41892705E-04	 0.50026847E-05
  1986.0000    	  1987.0000    	-0.10439649E-02	 0.50803124E-05
  1987.0000    	  1988.0000    	-0.19780392E-02	 0.54215731E-05
  1988.0000    	  1989.0000    	-0.26570572E-02	 0.58447249E-05
  1989.0000    	  1990.0000    	-0.29767730E-02	 0.63347318E-05
  1990.0000    	  1991.0000    	-0.28938392E-02	 0.69781135E-05
  1991.0000    	  1992.0000    	 0.38161901E-02	 0.81608874E-05
  1992.0000    	  1993.0000    	 0.35204679E-02	 0.74902245E-05
  1993.0000    	  1994.0000    	 0.29404372E-02	 0.66818505E-05
  1994.0000    	  1995.0000    	 0.21123664E-02	 0.58593764E-05
  1995.0000    	  1996.0000    	 0.11264743E-02	 0.52628089E-05
  1996.0000    	  1997.0000    	 0.29833261E-04	 0.49423222E-05
  1997.0000    	  1998.0000    	-0.10353030E-02	 0.50278361E-05
  1998.0000    	  1999.0000    	-0.19657029E-02	 0.53295567E-05
  1999.0000    	  2000.0000    	-0.26197523E-02	 0.57506387E-05
  2000.0000    	  2001.0000    	-0.29154064E-02	 0.63086583E-05
  2001.0000    	  2002.0000    	-0.28496931E-02	 0.69615024E-05
  2002.0000    	  2003.0000    	 0.37168535E-02	 0.80403547E-05
  2003.0000    	  2004.0000    	 0.34375785E-02	 0.73742333E-05
  2004.0000    	  2005.0000    	 0.28794720E-02	 0.65910396E-05
  2005.0000    	  2006.0000    	 0.20716331E-02	 0.58236006E-05
  2006.0000    	  2007.0000    	 0.10921447E-02	 0.51948532E-05
  2007.0000    	  2008.0000    	 0.20437952E-04	 0.49123348E-05
  2008.0000    	  2009.0000    	-0.10308864E-02	 0.49298194E-05
  2009.0000    	  2010.0000    	-0.19367800E-02	 0.52805706E-05
  2010.0000    	  2011.0000    	-0.25805607E-02	 0.56948620E-05
  2011.0000    	  2012.0000    	-0.28700494E-02	 0.61999519E-05
  2012.0000    	  2013.0000    	-0.25507333E-02	 0.65755842E-05
  2013.0000    	  2014.0000    	 0.36530412E-02	 0.79460118E-05
  2014.0000    	  2015.0000    	 0.33698009E-02	 0.72923139E-05
  2015.0000    	  2016.0000    	 0.28236881E-02	 0.65198608E-05
  2016.0000    	  2017.0000    	 0.20202825E-02	 0.57169215E-05
  2017.0000    	  2018.0000    	 0.10617150E-02	 0.51332809E-05
  2018.0000    	  2019.0000    	 0.12611674E-04	 0.48731799E-05
  2019.0000    	  2020.0000    	-0.10293863E-02	 0.49177142E-05
  2020.0000    	  2021.0000    	-0.19103331E-02	 0.52555705E-05
  2021.0000    	  2022.0000    	-0.25347982E-02	 0.56499676E-05
  2022.0000    	  2023.0000    	-0.28141820E-02	 0.61509182E-05
  2023.0000    	  2024.0000    	-0.27324155E-02	 0.67548234E-05
