-0.00786122,-0.00810685,-0.00827612,-0.00837925,-0.00842805,-0.00844295,-0.00842335,-0.00838766,-0.00834905,-0.00831443,-0.00829558,-0.00829342,-0.00830965,-0.00834581,-0.00838985,-0.00842504,-0.00844896,-0.00843172,-0.00837808,-0.00827978,-0.00809967,-0.00785882
-0.00753102,-0.00781958,-0.00803242,-0.00818462,-0.00828775,-0.00835007,-0.00836915,-0.00836673,-0.00836066,-0.00834313,-0.00833315,-0.00833681,-0.00834504,-0.00835793,-0.00837025,-0.00836872,-0.0083461,-0.00829329,-0.00818941,-0.00803125,-0.0078177,-0.00752942
-0.00717872,-0.00749185,-0.00774993,-0.00794021,-0.00807815,-0.00817541,-0.00823828,-0.00826643,-0.00828065,-0.0082788,-0.00828355,-0.00827841,-0.00827955,-0.00827667,-0.00826614,-0.00823624,-0.00818235,-0.00808445,-0.00794031,-0.00775156,-0.00749069,-0.00717509
-0.00677516,-0.0071174,-0.00739946,-0.00762331,-0.00779898,-0.00792783,-0.0080175,-0.00807089,-0.0081039,-0.00811749,-0.0081266,-0.00812314,-0.00812154,-0.00810242,-0.0080715,-0.00801298,-0.00792808,-0.00780155,-0.00762713,-0.00740202,-0.0071161,-0.00677547
-0.00647311,-0.00683653,-0.00714425,-0.0073959,-0.00760028,-0.00775703,-0.0078721,-0.00794843,-0.0079996,-0.00802479,-0.0080402,-0.00803677,-0.00802948,-0.0079983,-0.00794866,-0.00786769,-0.00775744,-0.00760268,-0.00739973,-0.00714625,-0.00683566,-0.00647311
-0.00621122,-0.00659338,-0.00692556,-0.00719814,-0.00742841,-0.00760794,-0.00774487,-0.00784269,-0.00790713,-0.00794209,-0.00796461,-0.00795922,-0.00794936,-0.00790558,-0.00784171,-0.00773902,-0.0076086,-0.00743192,-0.00720445,-0.00692679,-0.00659631,-0.00621393
-0.0059147,-0.00630827,-0.00665299,-0.00694708,-0.00719467,-0.00739499,-0.00754963,-0.00766321,-0.00774139,-0.00778635,-0.00781252,-0.00780876,-0.00779122,-0.00773979,-0.00766257,-0.00754527,-0.0073955,-0.00719655,-0.00694956,-0.00665414,-0.00630746,-0.00591425
-0.0056593,-0.00606328,-0.00642121,-0.00673075,-0.00699447,-0.00721164,-0.00738229,-0.00750992,-0.00759878,-0.00765208,-0.00768263,-0.00767926,-0.00765698,-0.00759772,-0.00750868,-0.00737771,-0.00721251,-0.00699619,-0.00673285,-0.0064217,-0.00606219,-0.00565867
-0.00541523,-0.0058262,-0.00619451,-0.00651725,-0.00679453,-0.00702527,-0.00720891,-0.00734985,-0.00744846,-0.00750914,-0.00754266,-0.00753922,-0.00751258,-0.00744658,-0.00734917,-0.00720529,-0.00702651,-0.00679586,-0.00651837,-0.00619424,-0.00582592,-0.00541418
-0.00519428,-0.00561238,-0.00598825,-0.00632226,-0.00661189,-0.00685402,-0.00704937,-0.0072029,-0.00730862,-0.00737546,-0.00741252,-0.00740948,-0.0073796,-0.00730822,-0.0072004,-0.00704489,-0.00685475,-0.00661417,-0.00632363,-0.00598788,-0.00561125,-0.00519338
-0.0049725,-0.00539341,-0.00577527,-0.0061178,-0.00641454,-0.00666815,-0.00687271,-0.0070333,-0.00714869,-0.00722024,-0.00726039,-0.00725674,-0.00722283,-0.00714645,-0.00703313,-0.00686961,-0.00666903,-0.00641523,-0.00611799,-0.00577513,-0.00539273,-0.00497247
-0.00477406,-0.00519798,-0.00558406,-0.00593512,-0.00624082,-0.00649982,-0.00671339,-0.00688519,-0.00700415,-0.0070834,-0.00712375,-0.00712064,-0.00708471,-0.00700287,-0.00688471,-0.00671231,-0.00650086,-0.0062405,-0.0059326,-0.00558542,-0.00519902,-0.00477375
-0.00456875,-0.00499214,-0.00538128,-0.00573465,-0.00604547,-0.00631168,-0.0065325,-0.0067083,-0.00683528,-0.00691749,-0.00696055,-0.00695834,-0.00691904,-0.00683377,-0.00670791,-0.00653148,-0.00631395,-0.00604536,-0.00573473,-0.00537992,-0.00499159,-0.0045682
-0.004385,-0.00480807,-0.0051991,-0.0055575,-0.00587218,-0.00614558,-0.0063737,-0.00655241,-0.0066857,-0.00677106,-0.0068163,-0.00681328,-0.00677191,-0.00668407,-0.00655242,-0.00637021,-0.00614727,-0.00587176,-0.00555656,-0.00519886,-0.00480933,-0.00438563
-0.004202,-0.00462367,-0.00501489,-0.0053747,-0.00569338,-0.00596988,-0.006201,-0.00638696,-0.00652317,-0.00661296,-0.00665895,-0.00665674,-0.0066126,-0.00652183,-0.00638653,-0.00620043,-0.00597154,-0.00569254,-0.00537356,-0.0050139,-0.0046246,-0.00420217
-0.00404497,-0.0044666,-0.00485844,-0.00522102,-0.00554197,-0.00582318,-0.00605956,-0.00624914,-0.00639079,-0.00648202,-0.00653071,-0.00652764,-0.00648268,-0.00638907,-0.00624968,-0.00605792,-0.00582523,-0.00554121,-0.0052199,-0.00485657,-0.00446718,-0.00404518
-0.00388994,-0.00430984,-0.00470219,-0.00506392,-0.00538926,-0.00567274,-0.00591136,-0.00610626,-0.00625054,-0.00634649,-0.00639593,-0.00639302,-0.00634441,-0.00624965,-0.00610661,-0.00591295,-0.00567311,-0.00538828,-0.00506263,-0.00469931,-0.00430994,-0.00389087
-0.00373372,-0.00414867,-0.00453801,-0.00490265,-0.00522736,-0.00551227,-0.00575577,-0.00595072,-0.00609838,-0.00619629,-0.00624468,-0.00624339,-0.00619632,-0.00609824,-0.00595169,-0.00575468,-0.00551515,-0.00522672,-0.00490037,-0.0045359,-0.00415017,-0.00373331
-0.00358845,-0.00399929,-0.00438683,-0.00474962,-0.00507548,-0.00536283,-0.00560674,-0.00580592,-0.00595418,-0.00605527,-0.00610526,-0.00610407,-0.00605364,-0.00595515,-0.00580525,-0.00560792,-0.00536588,-0.00507564,-0.00474933,-0.00438602,-0.00400075,-0.00358824
-0.00345751,-0.00386539,-0.00425048,-0.00461478,-0.00494009,-0.00522952,-0.0054777,-0.00567632,-0.00582819,-0.00593025,-0.00598053,-0.00597857,-0.00592891,-0.00582803,-0.0056771,-0.00547556,-0.00523273,-0.00494053,-0.00461258,-0.00425092,-0.0038674,-0.00345676
-0.00332405,-0.00372709,-0.0041099,-0.00447056,-0.00479729,-0.00508671,-0.00533371,-0.00553679,-0.00568896,-0.00579292,-0.00584462,-0.00584363,-0.00579117,-0.00569021,-0.00553601,-0.00533549,-0.00508935,-0.00479747,-0.00447061,-0.00410938,-0.00372829,-0.00332369
-0.00320303,-0.00360235,-0.00398225,-0.00434326,-0.00466817,-0.00495882,-0.00521046,-0.00541045,-0.00556703,-0.00566929,-0.00572193,-0.00571995,-0.00566868,-0.00556594,-0.00541097,-0.00520672,-0.00496071,-0.00466724,-0.00434136,-0.00398211,-0.00360441,-0.00320362
-0.00308777,-0.00348147,-0.00385984,-0.00421577,-0.00454276,-0.00483312,-0.00508134,-0.00528871,-0.00544305,-0.00554799,-0.00560169,-0.00560161,-0.00554593,-0.00544336,-0.00528651,-0.00508427,-0.00483405,-0.00454102,-0.0042167,-0.00385984,-0.0034831,-0.00308823
-0.00297531,-0.00336608,-0.00374003,-0.00409524,-0.00441991,-0.00470908,-0.00496022,-0.00516442,-0.00532302,-0.00542734,-0.00548006,-0.00547957,-0.00542684,-0.00532286,-0.00516442,-0.00495984,-0.00471088,-0.00441879,-0.00409431,-0.0037381,-0.00336679,-0.00297478
-0.00286606,-0.00325175,-0.0036223,-0.00397393,-0.00429808,-0.00458785,-0.00483721,-0.0050443,-0.0051994,-0.00530621,-0.00536126,-0.00535939,-0.00530624,-0.00519997,-0.00504306,-0.00483786,-0.00458858,-0.00429762,-0.00397449,-0.00362226,-0.00325379,-0.00286746
-0.0027533,-0.00313229,-0.00349808,-0.00384703,-0.00416782,-0.0044558,-0.00470446,-0.00491052,-0.00506773,-0.0051733,-0.00522738,-0.00522689,-0.00517299,-0.00506727,-0.00491013,-0.0047051,-0.00445628,-0.00416758,-0.00384601,-0.00349809,-0.00313293,-0.00275251
-0.00266227,-0.00303605,-0.00339827,-0.00374375,-0.00406475,-0.00435101,-0.0045991,-0.00480658,-0.00496383,-0.00506883,-0.00512445,-0.00512431,-0.00506859,-0.00496289,-0.00480519,-0.00460075,-0.00435047,-0.00406324,-0.0037438,-0.00339763,-0.00303529,-0.00266123
-0.00256469,-0.00293359,-0.00329162,-0.00363473,-0.00395138,-0.00423842,-0.00448602,-0.00469147,-0.00484897,-0.00495453,-0.00500881,-0.00500813,-0.00495446,-0.00484706,-0.00469145,-0.00448597,-0.00423806,-0.00395181,-0.00363321,-0.00329323,-0.00293373,-0.00256326
-0.00247356,-0.00283702,-0.0031907,-0.00352909,-0.00384478,-0.00412843,-0.00437424,-0.00458034,-0.00473747,-0.00484359,-0.00489884,-0.00489833,-0.00484355,-0.00473764,-0.00457981,-0.00437629,-0.00412867,-0.00384434,-0.00352994,-0.00319029,-0.00283682,-0.00247272
-0.00239143,-0.00274924,-0.00309962,-0.00343624,-0.00374825,-0.00403056,-0.00427545,-0.0044802,-0.00463869,-0.00474445,-0.0047981,-0.00479828,-0.00474464,-0.00463847,-0.00448086,-0.00427681,-0.0040313,-0.00374895,-0.00343524,-0.00309872,-0.0027495,-0.00238934
-0.00230391,-0.00265675,-0.00300168,-0.003333,-0.00364295,-0.00392346,-0.00416623,-0.00437088,-0.00452707,-0.00463308,-0.00468802,-0.00468764,-0.00463319,-0.00452739,-0.0043704,-0.00416808,-0.00392271,-0.00364314,-0.00333369,-0.00300147,-0.00265622,-0.00230292
-0.00221961,-0.00256599,-0.00290612,-0.00323376,-0.00354014,-0.00381836,-0.00406004,-0.00426206,-0.00441839,-0.00452311,-0.00457744,-0.00457723,-0.00452315,-0.00441781,-0.00426221,-0.00406036,-0.00381747,-0.00354039,-0.00323371,-0.00290644,-0.00256638,-0.0022183
-0.00214172,-0.0024825,-0.00281789,-0.00314171,-0.00344453,-0.00372031,-0.00396006,-0.00416112,-0.00431656,-0.00442114,-0.00447513,-0.00447469,-0.00442111,-0.0043159,-0.00416142,-0.0039605,-0.00371972,-0.00344483,-0.00314144,-0.00281821,-0.00248251,-0.00214037
-0.00206747,-0.00240242,-0.00273305,-0.00305284,-0.00335242,-0.00362583,-0.0038634,-0.00406286,-0.00421739,-0.00432152,-0.00437542,-0.00437493,-0.00432154,-0.00421703,-0.00406352,-0.0038639,-0.00362481,-0.00335283,-0.00305272,-0.00273358,-0.00240246,-0.00206611
-0.00199762,-0.0023274,-0.002653,-0.00296892,-0.00326469,-0.00353594,-0.00377176,-0.00397022,-0.00412326,-0.00422685,-0.00427981,-0.00427928,-0.0042267,-0.00412165,-0.00397026,-0.00377181,-0.00353498,-0.0032655,-0.00296801,-0.00265411,-0.00232685,-0.00199602
-0.00192782,-0.00225166,-0.00257206,-0.00288376,-0.00317654,-0.0034442,-0.00367739,-0.00387438,-0.00402676,-0.00412967,-0.0041823,-0.0041818,-0.00412934,-0.00402579,-0.00387515,-0.00367814,-0.00344306,-0.00317678,-0.00288354,-0.00257254,-0.00225126,-0.00192633
-0.00185999,-0.00217824,-0.00249402,-0.00280071,-0.00308954,-0.00335395,-0.00358598,-0.00378014,-0.00393096,-0.00403313,-0.00408625,-0.0040854,-0.00403363,-0.003931,-0.00378051,-0.00358576,-0.00335323,-0.00309026,-0.00280068,-0.0024947,-0.00217772,-0.00185898
-0.00179532,-0.00210738,-0.00241826,-0.00272021,-0.00300549,-0.00326666,-0.00349593,-0.00368827,-0.00383786,-0.00393935,-0.0039915,-0.003991,-0.00393916,-0.00383763,-0.00368865,-0.00349584,-0.00326604,-0.00300611,-0.00272026,-0.00241866,-0.00210723,-0.00179398
-0.00173424,-0.00204063,-0.00234619,-0.00264375,-0.00292521,-0.00318353,-0.00340977,-0.00360119,-0.00374888,-0.00384963,-0.00390057,-0.00390063,-0.00384962,-0.00374787,-0.00360108,-0.00340985,-0.0031832,-0.00292603,-0.00264391,-0.00234657,-0.00204001,-0.00173308
-0.00167621,-0.00197678,-0.00227709,-0.00257016,-0.00284926,-0.00310412,-0.00332805,-0.00351655,-0.00366354,-0.00376264,-0.00381302,-0.0038141,-0.00376203,-0.00366241,-0.00351666,-0.00332769,-0.00310348,-0.00284948,-0.00257075,-0.00227747,-0.00197701,-0.00167507
-0.00161507,-0.00190933,-0.00220434,-0.0024926,-0.00276666,-0.00301798,-0.00323857,-0.00342493,-0.00356999,-0.00366847,-0.00371873,-0.00371871,-0.00366783,-0.00356949,-0.00342553,-0.00323873,-0.003017,-0.00276691,-0.00249285,-0.0022051,-0.00190898,-0.00161392
-0.00155933,-0.00184751,-0.00213757,-0.00242117,-0.00269102,-0.00293879,-0.00315685,-0.00334072,-0.00348397,-0.0035817,-0.0036313,-0.00363126,-0.00358136,-0.00348368,-0.00334131,-0.00315681,-0.00293814,-0.00269135,-0.00242143,-0.00213825,-0.00184723,-0.00155832
-0.00150601,-0.0017884,-0.00207356,-0.00235206,-0.00261841,-0.00286189,-0.00307765,-0.0032593,-0.00340107,-0.00349768,-0.00354613,-0.00354647,-0.00349695,-0.00340051,-0.00325973,-0.00307766,-0.00286173,-0.00261831,-0.00235269,-0.00207378,-0.00178819,-0.00150484
-0.00145298,-0.00172957,-0.00200921,-0.00228326,-0.00254506,-0.00278546,-0.00299766,-0.00317692,-0.00331662,-0.00341242,-0.00346055,-0.00346068,-0.00341146,-0.00331641,-0.00317736,-0.00299775,-0.00278497,-0.00254511,-0.00228352,-0.00200967,-0.00172935,-0.00145208
-0.00140529,-0.00167632,-0.00195154,-0.00222136,-0.00247926,-0.00271653,-0.00292575,-0.0031028,-0.00324072,-0.00333561,-0.00338393,-0.00338346,-0.00333456,-0.00324195,-0.00310353,-0.00292646,-0.00271549,-0.00247929,-0.00222101,-0.00195236,-0.00167645,-0.00140445
-0.00135409,-0.00161895,-0.00188816,-0.0021527,-0.00240626,-0.0026393,-0.00284572,-0.00301981,-0.00315578,-0.00324893,-0.00329626,-0.00329607,-0.00324858,-0.00315562,-0.00302035,-0.00284553,-0.00263885,-0.00240636,-0.00215286,-0.00188879,-0.00161861,-0.00135333
-0.00130821,-0.00156768,-0.00183251,-0.00209235,-0.00234149,-0.00257072,-0.00277448,-0.00294626,-0.00308026,-0.00317255,-0.0032192,-0.00321867,-0.00317197,-0.00308006,-0.00294655,-0.0027745,-0.00257055,-0.00234162,-0.00209191,-0.00183254,-0.00156738,-0.00130742
-0.00126208,-0.00151592,-0.00177465,-0.00202967,-0.00227522,-0.00250046,-0.00270108,-0.00287031,-0.00300213,-0.00309305,-0.00313914,-0.00313883,-0.00309228,-0.00300235,-0.00287046,-0.00270093,-0.00250036,-0.00227519,-0.00202966,-0.00177518,-0.0015155,-0.00126127
-0.00121842,-0.00146623,-0.00171993,-0.00197029,-0.00221169,-0.00243375,-0.00263104,-0.00279701,-0.00292741,-0.00301691,-0.00306194,-0.00306223,-0.00301681,-0.00292763,-0.00279745,-0.00263075,-0.00243308,-0.0022116,-0.001971,-0.00172059,-0.0014662,-0.0012181
-0.00117726,-0.00141974,-0.00166913,-0.00191503,-0.00215194,-0.00237031,-0.00256475,-0.00272845,-0.00285675,-0.00294547,-0.00298977,-0.00298983,-0.00294506,-0.00285679,-0.00272873,-0.00256443,-0.00236998,-0.00215194,-0.00191514,-0.00166921,-0.00141979,-0.00117691
-0.00113563,-0.00137264,-0.00161641,-0.00185738,-0.00209051,-0.00230528,-0.00249628,-0.00265685,-0.0027837,-0.00287045,-0.00291419,-0.0029144,-0.00287025,-0.00278381,-0.00265738,-0.0024958,-0.00230447,-0.0020903,-0.00185811,-0.00161705,-0.00137262,-0.00113545
-0.00109684,-0.00132829,-0.00156766,-0.00180394,-0.00203285,-0.00224361,-0.00243204,-0.0025902,-0.00271458,-0.00280025,-0.00284366,-0.00284353,-0.0028004,-0.00271498,-0.00259061,-0.00243185,-0.0022433,-0.00203292,-0.00180404,-0.0015682,-0.00132813,-0.00109667
-0.00106012,-0.00128661,-0.00152106,-0.00175237,-0.00197788,-0.00218403,-0.00237006,-0.00252593,-0.00264852,-0.00273301,-0.0027752,-0.00277549,-0.00273275,-0.00264811,-0.00252605,-0.00236961,-0.00218469,-0.00197744,-0.00175331,-0.00152092,-0.00128633,-0.00105967
-0.00102118,-0.00124243,-0.0014717,-0.00169867,-0.00191935,-0.00212259,-0.00230451,-0.00245765,-0.00257791,-0.00266107,-0.002703,-0.00270295,-0.00266069,-0.00257843,-0.00245767,-0.00230418,-0.00212229,-0.0019193,-0.00169889,-0.00147196,-0.00124233,-0.0010208
-0.000984881,-0.00120087,-0.00142524,-0.00164758,-0.00186392,-0.00206335,-0.00224194,-0.00239247,-0.00251085,-0.00259254,-0.0026338,-0.00263371,-0.00259216,-0.00251123,-0.00239265,-0.00224183,-0.00206313,-0.0018639,-0.00164773,-0.00142547,-0.00120071,-0.000984631
-0.000952635,-0.00116361,-0.00138373,-0.00160187,-0.00181444,-0.00201036,-0.00218634,-0.00233452,-0.00245099,-0.00253145,-0.00257195,-0.0025722,-0.00253122,-0.00245158,-0.00233475,-0.00218604,-0.00201026,-0.00181432,-0.00160217,-0.00138412,-0.00116378,-0.000952395
-0.00091872,-0.00112481,-0.00134009,-0.00155398,-0.00176213,-0.00195477,-0.00212703,-0.00227253,-0.00238708,-0.00246616,-0.00250648,-0.00250605,-0.00246579,-0.00238792,-0.00227268,-0.00212706,-0.0019542,-0.00176214,-0.0015536,-0.00134056,-0.00112485,-0.000918482
-0.00088596,-0.00108715,-0.00129765,-0.00150678,-0.00171112,-0.00189977,-0.00206921,-0.00221199,-0.00232435,-0.00240218,-0.00244137,-0.00244139,-0.00240186,-0.00232491,-0.00221194,-0.00206903,-0.00189958,-0.00171108,-0.00150693,-0.00129766,-0.00108705,-0.000885873
-0.000854665,-0.00105097,-0.00125678,-0.00146141,-0.00166173,-0.00184674,-0.00201301,-0.00215325,-0.00226368,-0.00234006,-0.00237857,-0.00237857,-0.00233971,-0.00226416,-0.00215327,-0.00201286,-0.00184656,-0.00166173,-0.00146152,-0.00125677,-0.00105087,-0.00085456
-0.000826131,-0.00101788,-0.00121943,-0.00142001,-0.00161663,-0.00179836,-0.00196165,-0.00209955,-0.0022081,-0.00228316,-0.00232114,-0.00232111,-0.00228296,-0.00220862,-0.00209945,-0.00196143,-0.00179812,-0.00161663,-0.00142014,-0.00121943,-0.00101779,-0.000825942
-0.000798573,-0.000986154,-0.00118331,-0.00137994,-0.00157304,-0.00175119,-0.00191169,-0.00204752,-0.00215425,-0.00222815,-0.00226533,-0.0022653,-0.00222742,-0.00215472,-0.00204739,-0.0019118,-0.00175127,-0.00157298,-0.00137975,-0.00118326,-0.000985966,-0.00079857
-0.000769084,-0.000951764,-0.00114451,-0.00133672,-0.00152548,-0.00170027,-0.00185761,-0.00199036,-0.00209504,-0.00216768,-0.00220411,-0.00220417,-0.00216723,-0.00209564,-0.00199031,-0.00185749,-0.00170008,-0.00152557,-0.00133678,-0.00114425,-0.000951702,-0.000769036
-0.000741797,-0.000919944,-0.00110811,-0.00129616,-0.00148104,-0.00165233,-0.00180659,-0.0019369,-0.00203967,-0.00211079,-0.00214666,-0.00214669,-0.0021105,-0.00204017,-0.00193685,-0.00180645,-0.00165217,-0.00148108,-0.00129623,-0.00110798,-0.000919871,-0.000741742
-0.000716541,-0.000890221,-0.00107445,-0.00125849,-0.00143972,-0.0016076,-0.00175917,-0.00188722,-0.00198803,-0.00205792,-0.00209294,-0.00209332,-0.00205777,-0.0019888,-0.0018872,-0.00175899,-0.00160757,-0.0014397,-0.00125866,-0.00107436,-0.000890452,-0.000716566
-0.00069133,-0.00086097,-0.00104076,-0.00122096,-0.00139842,-0.0015632,-0.00171162,-0.00183722,-0.00193629,-0.00200483,-0.00203941,-0.00203947,-0.00200457,-0.00193676,-0.00183717,-0.00171153,-0.00156306,-0.0013985,-0.00122099,-0.00104057,-0.00086092,-0.000691275
-0.000668255,-0.000834012,-0.00100995,-0.00118637,-0.00136023,-0.00152209,-0.00166765,-0.00179084,-0.00188835,-0.00195555,-0.00198956,-0.00198939,-0.00195537,-0.00188879,-0.00179085,-0.0016675,-0.00152171,-0.00136033,-0.00118626,-0.00100968,-0.00083391,-0.000668175
-0.000645067,-0.000806589,-0.000978449,-0.0011511,-0.00132153,-0.00147988,-0.00162274,-0.00174394,-0.00183919,-0.0019053,-0.00193871,-0.00193881,-0.00190523,-0.00183979,-0.00174378,-0.00162288,-0.00147986,-0.00132166,-0.00115113,-0.000978183,-0.000806557,-0.000644998
-0.000622228,-0.000779633,-0.000947343,-0.00111624,-0.00128305,-0.00143828,-0.0015783,-0.001697,-0.00179064,-0.00185537,-0.00188814,-0.00188818,-0.00185518,-0.00179108,-0.00169684,-0.00157827,-0.00143813,-0.00128306,-0.00111625,-0.00094724,-0.000779632,-0.000622194
-0.00060177,-0.000755409,-0.000919311,-0.00108491,-0.00124839,-0.00140068,-0.0015382,-0.00165468,-0.00174666,-0.00181024,-0.00184244,-0.0018426,-0.0018101,-0.00174704,-0.00165447,-0.00153812,-0.00140051,-0.00124832,-0.00108494,-0.000919322,-0.000755429,-0.000601765
-0.000579857,-0.000729717,-0.000889591,-0.00105148,-0.00121121,-0.00136045,-0.00149494,-0.00160917,-0.00169938,-0.00176165,-0.0017933,-0.00179324,-0.00176155,-0.00169972,-0.00160916,-0.00149489,-0.00136033,-0.00121126,-0.00105139,-0.000889518,-0.0007297,-0.00057978
-0.000559734,-0.000705903,-0.00086199,-0.00102046,-0.00117669,-0.00132305,-0.00145477,-0.00156665,-0.00165536,-0.00171633,-0.0017474,-0.0017473,-0.00171616,-0.00165552,-0.00156677,-0.00145466,-0.00132288,-0.00117675,-0.00102038,-0.000861922,-0.000705808,-0.000559655
-0.000541032,-0.00068372,-0.000836325,-0.000991165,-0.00114443,-0.0012879,-0.00141718,-0.00152716,-0.0016138,-0.00167384,-0.00170414,-0.00170439,-0.00167366,-0.00161432,-0.00152704,-0.00141709,-0.00128772,-0.00114458,-0.00099116,-0.00083611,-0.00068365,-0.000540973
-0.000521825,-0.000660668,-0.000809569,-0.000961219,-0.00111089,-0.00125133,-0.00137806,-0.00148566,-0.00157061,-0.00162959,-0.00165941,-0.00165939,-0.00162939,-0.00157095,-0.00148551,-0.00137794,-0.00125115,-0.00111077,-0.000961081,-0.000809405,-0.000660635,-0.00052169
-0.000503251,-0.000638599,-0.000783824,-0.000931945,-0.00107848,-0.00121595,-0.00134013,-0.00144564,-0.0015289,-0.00158658,-0.00161588,-0.00161588,-0.00158648,-0.00152929,-0.0014456,-0.00134002,-0.00121591,-0.00107852,-0.000931886,-0.000783617,-0.000638533,-0.000503221
-0.000485859,-0.00061772,-0.00075948,-0.000904329,-0.00104758,-0.00118236,-0.0013039,-0.00140738,-0.00148904,-0.00154559,-0.00157431,-0.00157433,-0.00154549,-0.00148938,-0.0014074,-0.00130387,-0.00118228,-0.00104769,-0.000904232,-0.000759288,-0.000617693,-0.000485749
-0.000469778,-0.000598435,-0.0007369,-0.000878689,-0.00101901,-0.0011511,-0.00127033,-0.00137175,-0.00145194,-0.00150739,-0.0015356,-0.00153558,-0.00150718,-0.00145216,-0.00137164,-0.00127027,-0.00115093,-0.00101894,-0.000878626,-0.000736837,-0.000598352,-0.000469639
-0.000452861,-0.000578145,-0.00071318,-0.000851656,-0.000988815,-0.00111813,-0.00123485,-0.00133429,-0.00141273,-0.00146711,-0.00149473,-0.00149474,-0.00146698,-0.00141303,-0.00133425,-0.00123483,-0.00111806,-0.000988895,-0.000851558,-0.000713002,-0.000578103,-0.000452787
-0.00043719,-0.000559273,-0.000690983,-0.000826384,-0.000960569,-0.00108721,-0.00120156,-0.00129902,-0.0013759,-0.00142914,-0.00145628,-0.00145628,-0.00142908,-0.00137617,-0.00129898,-0.00120153,-0.00108717,-0.000960651,-0.00082635,-0.000690885,-0.000559228,-0.000437112
-0.000422272,-0.000541249,-0.000669858,-0.000802225,-0.000933535,-0.00105758,-0.00116963,-0.00126519,-0.00134058,-0.00139282,-0.0014194,-0.00141943,-0.00139271,-0.0013408,-0.00126511,-0.00116962,-0.00105753,-0.000933624,-0.000802157,-0.000669711,-0.000541226,-0.000422193
-0.000407576,-0.000523483,-0.000648898,-0.000778316,-0.000906723,-0.0010282,-0.0011379,-0.00123155,-0.00130542,-0.00135656,-0.00138263,-0.00138265,-0.0013565,-0.0013056,-0.0012315,-0.0011379,-0.00102813,-0.000906786,-0.000778261,-0.00064882,-0.000523459,-0.000407492
-0.000393807,-0.000506835,-0.000629294,-0.000755836,-0.000881474,-0.00100052,-0.00110809,-0.00119979,-0.00127218,-0.00132242,-0.001348,-0.001348,-0.00132234,-0.00127242,-0.00119976,-0.00110804,-0.00100044,-0.000881603,-0.000755795,-0.000629129,-0.000506788,-0.00039376
-0.000380294,-0.00049033,-0.000609723,-0.000733405,-0.000856328,-0.000972872,-0.00107818,-0.00116816,-0.0012391,-0.0012882,-0.00131333,-0.00131338,-0.0012882,-0.00123921,-0.00116813,-0.00107812,-0.000972797,-0.000856384,-0.000733421,-0.000609724,-0.000490304,-0.0003802
-0.000367242,-0.000474472,-0.000591011,-0.00071194,-0.000832198,-0.000946271,-0.00104945,-0.00113764,-0.0012072,-0.00125535,-0.00127997,-0.00127993,-0.00125532,-0.00120728,-0.00113758,-0.00104946,-0.000946223,-0.000832227,-0.000711893,-0.000590966,-0.000474455,-0.000367163
-0.000354958,-0.000459364,-0.000573186,-0.000691403,-0.000809091,-0.000920798,-0.00102185,-0.00110833,-0.00117652,-0.00122372,-0.00124784,-0.00124789,-0.00122371,-0.00117663,-0.0011082,-0.00102195,-0.000920748,-0.000809034,-0.000691377,-0.000573177,-0.000459373,-0.000354865
-0.000342755,-0.000444548,-0.000555549,-0.000670963,-0.000786071,-0.000895511,-0.000994583,-0.00107922,-0.00114598,-0.0011923,-0.00121597,-0.00121593,-0.00119226,-0.00114614,-0.00107919,-0.000994524,-0.000895485,-0.000786137,-0.000670974,-0.000555433,-0.000444532,-0.000342681
-0.000331121,-0.000430278,-0.000538508,-0.000651457,-0.000764045,-0.000871188,-0.000968054,-0.00105117,-0.00111672,-0.00116195,-0.00118522,-0.00118514,-0.00116203,-0.00111671,-0.00105117,-0.000968145,-0.000871123,-0.000764056,-0.000651416,-0.000538596,-0.00043029,-0.000331031
-0.000319538,-0.000416035,-0.000521666,-0.000631897,-0.000741964,-0.000846813,-0.000941749,-0.00102305,-0.00108719,-0.00113161,-0.00115431,-0.00115433,-0.0011316,-0.00108724,-0.00102302,-0.000941762,-0.000846749,-0.000741971,-0.000631839,-0.000521561,-0.000416033,-0.000319482
-0.000308507,-0.000402437,-0.000505426,-0.000613115,-0.000720716,-0.000823304,-0.000916255,-0.00099588,-0.00105872,-0.00110218,-0.00112449,-0.00112449,-0.00110222,-0.00105876,-0.000995862,-0.000916296,-0.000823271,-0.000720748,-0.000613115,-0.000505409,-0.000402459,-0.000308431
-0.000298211,-0.000389784,-0.0004903,-0.000595562,-0.000700828,-0.000801394,-0.000892522,-0.000970531,-0.00103206,-0.0010747,-0.00109657,-0.00109659,-0.00107475,-0.00103213,-0.000970508,-0.000892489,-0.000801387,-0.000700898,-0.000595599,-0.000490241,-0.000389778,-0.00029817
-0.000288089,-0.000377193,-0.000475316,-0.00057816,-0.000681166,-0.00077946,-0.000868701,-0.000945209,-0.00100552,-0.00104731,-0.00106873,-0.00106877,-0.00104734,-0.00100554,-0.000945129,-0.000868774,-0.000779473,-0.000681224,-0.000578156,-0.000475312,-0.000377261,-0.000288028
-0.000278248,-0.000365017,-0.000460667,-0.000561074,-0.000661835,-0.000758046,-0.000845469,-0.000920321,-0.00097942,-0.00102035,-0.0010414,-0.00104135,-0.00102038,-0.000979448,-0.000920348,-0.00084546,-0.000758059,-0.000661832,-0.000561157,-0.000460627,-0.000365035,-0.00027817
-0.000268821,-0.000353221,-0.000446556,-0.000544652,-0.000643145,-0.000737321,-0.000822839,-0.000896249,-0.000954165,-0.000994234,-0.00101481,-0.00101482,-0.00099427,-0.000954156,-0.000896207,-0.000822919,-0.000737305,-0.000643145,-0.000544672,-0.000446558,-0.000353272,-0.000268762
-0.000259723,-0.000341967,-0.000433047,-0.000528877,-0.000625153,-0.000717416,-0.000801186,-0.000873101,-0.000929811,-0.000969153,-0.000989303,-0.000989345,-0.000969198,-0.00092984,-0.000873095,-0.00080122,-0.000717409,-0.000625209,-0.000528904,-0.000432967,-0.00034202,-0.000259677
-0.000250945,-0.000330976,-0.000419755,-0.000513374,-0.000607555,-0.000697806,-0.000779823,-0.000850286,-0.000905873,-0.000944339,-0.000964153,-0.000964146,-0.000944404,-0.000905853,-0.000850289,-0.000779862,-0.000697791,-0.000607558,-0.000513412,-0.000419755,-0.000331019,-0.000250879
-0.000242471,-0.000320408,-0.000407014,-0.000498432,-0.000590563,-0.000678894,-0.000759272,-0.000828263,-0.000882739,-0.000920454,-0.000939821,-0.000939822,-0.000920492,-0.00088274,-0.000828274,-0.00075929,-0.000678883,-0.000590532,-0.000498475,-0.000406967,-0.000320439,-0.000242407
-0.00023437,-0.000310235,-0.000394769,-0.0004841,-0.000574184,-0.000660674,-0.000739398,-0.000807047,-0.000860375,-0.000897362,-0.000916293,-0.00091634,-0.00089738,-0.000860377,-0.000807015,-0.000739427,-0.000660667,-0.000574198,-0.000484088,-0.000394727,-0.000310268,-0.000234285
-0.000226473,-0.000300342,-0.00038277,-0.000470017,-0.000558145,-0.000642755,-0.000719868,-0.000786107,-0.00083838,-0.000874606,-0.00089323,-0.000893213,-0.000874642,-0.000838385,-0.000786114,-0.000719886,-0.000642793,-0.000558124,-0.00047007,-0.000382744,-0.000300386,-0.000226414
-0.000218795,-0.000290652,-0.000371035,-0.000456251,-0.000542372,-0.000625168,-0.000700631,-0.000765519,-0.000816735,-0.000852215,-0.000870444,-0.00087044,-0.000852263,-0.000816712,-0.000765502,-0.000700671,-0.00062516,-0.000542384,-0.000456257,-0.000371014,-0.000290692,-0.00021874
-0.000211498,-0.000281435,-0.000359839,-0.000443098,-0.000527294,-0.000608332,-0.000682271,-0.000745812,-0.000796022,-0.00083078,-0.000848653,-0.000848666,-0.000830835,-0.000796012,-0.000745796,-0.000682291,-0.000608332,-0.000527317,-0.000443099,-0.000359822,-0.000281461,-0.000211436
-0.000204471,-0.000272556,-0.000349047,-0.000430387,-0.000512759,-0.00059208,-0.000664469,-0.000726778,-0.000775955,-0.000809985,-0.000827561,-0.000827539,-0.000810065,-0.000775932,-0.000726764,-0.000664507,-0.000592104,-0.000512749,-0.000430387,-0.000349033,-0.000272597,-0.000204435
-0.000197578,-0.000263829,-0.000338439,-0.000417829,-0.000498329,-0.000575997,-0.00064686,-0.000707892,-0.000756055,-0.000789455,-0.00080658,-0.0008066,-0.000789493,-0.000756052,-0.00070787,-0.000646881,-0.000576001,-0.00049837,-0.000417817,-0.000338403,-0.000263887,-0.000197542
-0.000191036,-0.000255527,-0.000328284,-0.000405882,-0.000484605,-0.000560589,-0.000629982,-0.000689788,-0.000737,-0.000769698,-0.000786513,-0.000786523,-0.00076975,-0.000736972,-0.000689768,-0.000630065,-0.000560588,-0.000484612,-0.000405852,-0.000328252,-0.00025555,-0.000190975
-0.000184762,-0.000247574,-0.000318534,-0.000394254,-0.000471293,-0.000545691,-0.000613734,-0.00067229,-0.000718546,-0.000750627,-0.000767146,-0.000767082,-0.000750647,-0.000718567,-0.000672323,-0.00061373,-0.000545755,-0.000471289,-0.000394297,-0.000318485,-0.000247557,-0.0001847
-0.000178585,-0.000239682,-0.000308915,-0.000382934,-0.000458244,-0.000531012,-0.000597581,-0.000654999,-0.000700335,-0.000731726,-0.00074788,-0.00074791,-0.000731812,-0.000700295,-0.000654985,-0.000597678,-0.000531024,-0.000458259,-0.000382908,-0.000308877,-0.000239732,-0.00017856
-0.00017261,-0.000232028,-0.000299515,-0.000371773,-0.000445398,-0.000516608,-0.000581797,-0.000638008,-0.000682416,-0.000713184,-0.000729001,-0.000729005,-0.000713221,-0.000682379,-0.000638005,-0.000581849,-0.00051662,-0.0004454,-0.00037178,-0.000299479,-0.000232053,-0.000172574
-0.000166972,-0.000224814,-0.000290644,-0.000361258,-0.000433265,-0.000502972,-0.000566862,-0.000621928,-0.000665457,-0.000695618,-0.000711128,-0.000711131,-0.00069566,-0.000665428,-0.000621946,-0.000566905,-0.000503,-0.000433264,-0.000361278,-0.000290615,-0.000224842,-0.000166936
-0.000161413,-0.000217711,-0.000281909,-0.000350861,-0.000421259,-0.000489493,-0.000552022,-0.000605997,-0.00064863,-0.000678195,-0.000693386,-0.000693389,-0.00067823,-0.000648621,-0.000605977,-0.000552074,-0.000489522,-0.000421257,-0.000350855,-0.000281876,-0.000217731,-0.000161407
-0.000156188,-0.000210999,-0.000273633,-0.000341017,-0.000409853,-0.000476693,-0.000537947,-0.000590899,-0.000632667,-0.000661644,-0.000676533,-0.000676559,-0.000661701,-0.000632643,-0.000590836,-0.000537997,-0.000476715,-0.000409874,-0.000340997,-0.000273594,-0.000211009,-0.000156168
-0.000151072,-0.000204426,-0.000265492,-0.000331303,-0.000398656,-0.000464032,-0.000524051,-0.000575902,-0.000616847,-0.000645256,-0.000659891,-0.000659849,-0.000645326,-0.000616858,-0.000575894,-0.000524105,-0.000464109,-0.000398642,-0.00033131,-0.000265462,-0.000204447,-0.000151056
-0.000146109,-0.000197964,-0.000257504,-0.000321772,-0.0003876,-0.000451562,-0.000510384,-0.000561105,-0.000601237,-0.000629065,-0.000643378,-0.000643374,-0.000629114,-0.000601237,-0.000561088,-0.000510389,-0.000451586,-0.000387608,-0.000321772,-0.00025747,-0.000197965,-0.00014607
-0.000141275,-0.000191732,-0.000249801,-0.000312553,-0.00037691,-0.00043954,-0.000497067,-0.000546794,-0.000586128,-0.0006134,-0.000627424,-0.000627416,-0.000613439,-0.000586118,-0.000546802,-0.000497128,-0.000439552,-0.000376931,-0.00031256,-0.00024976,-0.000191741,-0.000141262
-0.000136754,-0.000185823,-0.000242479,-0.0003038,-0.000366774,-0.000428067,-0.000484428,-0.000533134,-0.000571744,-0.000598457,-0.000612208,-0.0006122,-0.000598489,-0.000571692,-0.000533191,-0.000484493,-0.00042805,-0.000366776,-0.000303791,-0.000242435,-0.000185834,-0.000136712
-0.000132306,-0.000180075,-0.000235344,-0.000295235,-0.000356843,-0.000416838,-0.000472068,-0.000519841,-0.000557605,-0.000583824,-0.000597289,-0.000597305,-0.000583857,-0.000557602,-0.00051984,-0.000472121,-0.00041685,-0.00035683,-0.000295241,-0.000235296,-0.000180096,-0.000132288
-0.00012803,-0.00017453,-0.000228405,-0.000286968,-0.000347184,-0.000405933,-0.000459984,-0.000506836,-0.00054384,-0.000569523,-0.000582736,-0.000582754,-0.000569567,-0.000543829,-0.000506793,-0.000460074,-0.00040593,-0.000347162,-0.000286937,-0.000228382,-0.000174532,-0.000128011
-0.000123856,-0.000169077,-0.000221623,-0.000278768,-0.000337667,-0.000395163,-0.000448104,-0.000493978,-0.00053026,-0.000555436,-0.000568423,-0.000568396,-0.000555487,-0.000530268,-0.000494002,-0.000448162,-0.000395186,-0.000337647,-0.000278771,-0.000221597,-0.000169089,-0.000123844
-0.000119811,-0.000163813,-0.000215019,-0.000270828,-0.000328406,-0.00038467,-0.000436522,-0.00048145,-0.00051703,-0.000541684,-0.000554391,-0.00055436,-0.000541729,-0.000517018,-0.000481448,-0.000436578,-0.00038468,-0.000328393,-0.000270826,-0.000214994,-0.000163825,-0.000119815
-0.000116019,-0.000158799,-0.000208758,-0.000263286,-0.000319607,-0.000374675,-0.000425477,-0.000469495,-0.000504392,-0.000528549,-0.00054103,-0.000541011,-0.000528608,-0.000504364,-0.000469549,-0.000425538,-0.000374662,-0.00031958,-0.000263273,-0.000208732,-0.000158796,-0.000115989
-0.000112312,-0.000153957,-0.000202683,-0.000255975,-0.00031107,-0.000365002,-0.000414759,-0.000457926,-0.000492126,-0.000515841,-0.000528035,-0.000528024,-0.00051589,-0.000492081,-0.000457924,-0.000414833,-0.000364991,-0.000311084,-0.000255947,-0.000202671,-0.000153955,-0.000112298
-0.000108613,-0.000149101,-0.000196577,-0.000248609,-0.000302418,-0.000355175,-0.00040389,-0.000446177,-0.000479666,-0.000502895,-0.000514847,-0.000514846,-0.000502951,-0.000479648,-0.000446189,-0.000403961,-0.000355178,-0.000302427,-0.000248583,-0.000196563,-0.000149093,-0.000108613
-0.000105226,-0.000144627,-0.000190954,-0.000241801,-0.000294455,-0.000346116,-0.000393878,-0.000435336,-0.000468159,-0.000490968,-0.000502648,-0.000502655,-0.000490993,-0.000468146,-0.000435313,-0.000393958,-0.000346116,-0.000294473,-0.000241762,-0.000190917,-0.000144635,-0.000105193
-0.000101855,-0.000140183,-0.000185361,-0.000234993,-0.000286528,-0.000337099,-0.000383872,-0.000424492,-0.000456662,-0.000479011,-0.000490521,-0.000490485,-0.00047904,-0.000456679,-0.000424516,-0.00038392,-0.000337124,-0.000286524,-0.000235007,-0.000185342,-0.000140198,-0.000101842
-9.87574e-05,-0.000136072,-0.000180136,-0.000228693,-0.000279125,-0.000328637,-0.000374533,-0.000414343,-0.000445926,-0.000467872,-0.000479161,-0.000479098,-0.000467929,-0.000445895,-0.000414364,-0.000374592,-0.000328639,-0.000279118,-0.000228679,-0.000180131,-0.000136075,-9.87188e-05
-9.54683e-05,-0.00013174,-0.000174687,-0.000222056,-0.000271327,-0.000319803,-0.000364686,-0.000403715,-0.000434624,-0.000456119,-0.000467146,-0.000467118,-0.000456146,-0.000434604,-0.000403701,-0.000364712,-0.000319785,-0.000271338,-0.00022205,-0.000174678,-0.000131749,-9.54695e-05
-9.24755e-05,-0.000127761,-0.00016967,-0.000215959,-0.000264132,-0.00031159,-0.000355598,-0.00039381,-0.000424133,-0.00044523,-0.000456027,-0.00045604,-0.000445239,-0.000424137,-0.000393817,-0.00035564,-0.000311573,-0.00026416,-0.000215933,-0.000169644,-0.000127759,-9.24664e-05
-8.9544e-05,-0.000123868,-0.000164716,-0.000209912,-0.000257038,-0.000303477,-0.00034657,-0.000384051,-0.000413767,-0.000434418,-0.000445026,-0.000445018,-0.000434442,-0.000413775,-0.000384063,-0.000346608,-0.000303465,-0.000257031,-0.000209902,-0.000164677,-0.000123856,-8.95499e-05
-8.67593e-05,-0.000120134,-0.000159956,-0.00020417,-0.000250258,-0.000295706,-0.000337966,-0.000374693,-0.000403825,-0.000424086,-0.000434491,-0.00043449,-0.000424117,-0.00040381,-0.000374676,-0.000337988,-0.000295722,-0.000250264,-0.000204134,-0.000159952,-0.000120147,-8.67569e-05
-8.39807e-05,-0.000116452,-0.000155262,-0.000198383,-0.000243457,-0.000287945,-0.000329289,-0.000365285,-0.000393844,-0.000413676,-0.000423919,-0.000423879,-0.000413722,-0.000393839,-0.000365305,-0.000329338,-0.000287974,-0.000243456,-0.000198384,-0.000155241,-0.000116445,-8.39763e-05
-8.1415e-05,-0.000113005,-0.000150856,-0.000193028,-0.000237146,-0.000280704,-0.000321232,-0.000356547,-0.000384561,-0.000404036,-0.000414039,-0.00041401,-0.000404063,-0.000384544,-0.00035653,-0.000321297,-0.000280726,-0.000237145,-0.000193001,-0.000150839,-0.000113023,-8.14052e-05
-7.87944e-05,-0.000109509,-0.000146391,-0.000187552,-0.000230662,-0.000273298,-0.000312969,-0.000347557,-0.000375008,-0.000394086,-0.000403898,-0.000403889,-0.000394114,-0.000375,-0.000347553,-0.00031303,-0.000273301,-0.000230665,-0.000187538,-0.000146377,-0.000109499,-7.87921e-05
-7.64142e-05,-0.000106322,-0.000142298,-0.000182571,-0.000224759,-0.000266538,-0.000305441,-0.000339369,-0.000366297,-0.000385022,-0.000394673,-0.000394646,-0.000385069,-0.000366273,-0.000339365,-0.000305488,-0.000266535,-0.000224763,-0.000182539,-0.000142314,-0.000106313,-7.64142e-05
-7.40466e-05,-0.000103127,-0.000138211,-0.000177511,-0.000218814,-0.00025971,-0.000297809,-0.000331076,-0.000357477,-0.000375834,-0.00038528,-0.000385263,-0.00037588,-0.000357462,-0.000331072,-0.000297879,-0.00025971,-0.00021879,-0.000177518,-0.00013821,-0.00010311,-7.40397e-05
-7.17143e-05,-9.99887e-05,-0.000134194,-0.000172608,-0.000212943,-0.00025298,-0.000290292,-0.000322868,-0.00034878,-0.000366778,-0.000376022,-0.000376031,-0.000366823,-0.000348778,-0.000322889,-0.000290359,-0.00025297,-0.000212944,-0.000172566,-0.000134186,-9.99687e-05,-7.17095e-05
-6.95528e-05,-9.70595e-05,-0.000130449,-0.000167971,-0.000207464,-0.000246665,-0.000283257,-0.000315221,-0.000340632,-0.000358293,-0.000367368,-0.000367368,-0.000358327,-0.000340615,-0.000315213,-0.00028332,-0.000246676,-0.000207475,-0.000167955,-0.000130416,-9.70596e-05,-6.95522e-05
-6.73763e-05,-9.41295e-05,-0.000126643,-0.000163303,-0.000201918,-0.000240288,-0.000276136,-0.000307483,-0.000332353,-0.000349682,-0.000358566,-0.000358568,-0.000349709,-0.000332342,-0.000307457,-0.000276177,-0.00024031,-0.000201912,-0.000163281,-0.000126646,-9.41292e-05,-6.7385e-05
-6.53103e-05,-9.13071e-05,-0.000123033,-0.000158844,-0.000196598,-0.000234169,-0.000269277,-0.000299982,-0.000324403,-0.000341385,-0.000350107,-0.000350114,-0.000341416,-0.000324405,-0.000300002,-0.000269329,-0.000234169,-0.000196598,-0.000158814,-0.000123017,-9.12943e-05,-6.53106e-05
-6.33541e-05,-8.86505e-05,-0.000119594,-0.000154589,-0.000191566,-0.000228364,-0.000262789,-0.000292913,-0.000316871,-0.000333524,-0.00034209,-0.000342079,-0.000333544,-0.000316856,-0.000292918,-0.000262826,-0.000228364,-0.000191551,-0.000154574,-0.000119579,-8.86546e-05,-6.33515e-05
-6.14027e-05,-8.60036e-05,-0.000116161,-0.000150348,-0.000186495,-0.000222533,-0.000256255,-0.000285764,-0.000309276,-0.000325616,-0.000334022,-0.000333989,-0.000325629,-0.000309268,-0.000285764,-0.000256299,-0.000222537,-0.000186498,-0.00015034,-0.000116156,-8.6013e-05,-6.14181e-05
-5.95546e-05,-8.34912e-05,-0.000112886,-0.000146306,-0.000181679,-0.000216977,-0.000250018,-0.000278979,-0.000302018,-0.000318066,-0.00032632,-0.000326286,-0.0003181,-0.000302003,-0.00027897,-0.000250085,-0.000216975,-0.000181696,-0.000146284,-0.000112905,-8.34897e-05,-5.95565e-05
-5.77641e-05,-8.104e-05,-0.000109725,-0.000142373,-0.000176986,-0.000211548,-0.000243944,-0.000272321,-0.000294924,-0.000310659,-0.000318736,-0.000318745,-0.000310681,-0.000294917,-0.000272319,-0.000243987,-0.000211536,-0.000176985,-0.000142355,-0.000109724,-8.10386e-05,-5.7767e-05
-5.60241e-05,-7.86701e-05,-0.00010663,-0.000138499,-0.000172375,-0.000206201,-0.00023796,-0.000265795,-0.000287952,-0.000303393,-0.000311328,-0.00031132,-0.000303433,-0.000287965,-0.000265789,-0.000238016,-0.000206209,-0.00017235,-0.000138495,-0.000106611,-7.86582e-05,-5.60061e-05
-5.43357e-05,-7.63621e-05,-0.000103623,-0.000134764,-0.000167905,-0.000201043,-0.000232165,-0.000259454,-0.000281201,-0.000296332,-0.00030412,-0.000304117,-0.000296362,-0.000281204,-0.00025946,-0.000232185,-0.000201047,-0.000167888,-0.000134755,-0.000103614,-7.63471e-05,-5.43329e-05
-5.27062e-05,-7.41127e-05,-0.000100703,-0.000131144,-0.000163543,-0.000195997,-0.000226494,-0.000253257,-0.00027458,-0.000289457,-0.000297081,-0.000297067,-0.000289484,-0.000274585,-0.000253255,-0.000226532,-0.000196003,-0.00016356,-0.000131127,-0.000100691,-7.41242e-05,-5.26986e-05
-5.11047e-05,-7.19253e-05,-9.78454e-05,-0.000127561,-0.00015927,-0.000191027,-0.000220931,-0.000247163,-0.000268072,-0.000282645,-0.000290126,-0.000290135,-0.000282656,-0.000268067,-0.000247159,-0.000220947,-0.000191038,-0.000159263,-0.000127558,-9.78207e-05,-7.19215e-05,-5.11103e-05
-4.9596e-05,-6.98388e-05,-9.51143e-05,-0.000124163,-0.000155193,-0.000186293,-0.000215591,-0.000241321,-0.00026184,-0.000276147,-0.000283477,-0.00028348,-0.000276161,-0.000261838,-0.000241311,-0.00021563,-0.000186306,-0.000155181,-0.000124154,-9.51021e-05,-6.98473e-05,-4.95919e-05
-4.81534e-05,-6.78577e-05,-9.2499e-05,-0.000120896,-0.000151246,-0.000181737,-0.000210452,-0.000235695,-0.000255841,-0.000269869,-0.00027708,-0.000277076,-0.000269895,-0.000255834,-0.000235688,-0.000210485,-0.000181747,-0.000151256,-0.000120883,-9.24994e-05,-6.78495e-05,-4.81428e-05
-4.6743e-05,-6.59137e-05,-8.99646e-05,-0.000117716,-0.00014743,-0.00017732,-0.000205465,-0.000230224,-0.000249987,-0.000263777,-0.000270835,-0.000270847,-0.000263794,-0.000249992,-0.000230228,-0.0002055,-0.000177319,-0.000147443,-0.000117717,-8.99567e-05,-6.59124e-05,-4.67485e-05
-4.53996e-05,-6.40395e-05,-8.75086e-05,-0.000114637,-0.000143742,-0.000173012,-0.000200617,-0.000224904,-0.000244303,-0.000257837,-0.00026477,-0.000264777,-0.000257835,-0.000244308,-0.000224912,-0.000200648,-0.000172996,-0.000143728,-0.000114635,-8.75051e-05,-6.40436e-05,-4.53949e-05
-4.40006e-05,-6.21249e-05,-8.49706e-05,-0.000111459,-0.000139881,-0.000168514,-0.000195557,-0.000219354,-0.000238384,-0.000251643,-0.000258443,-0.000258457,-0.00025166,-0.000238383,-0.000219362,-0.000195587,-0.000168517,-0.000139889,-0.000111439,-8.4958e-05,-6.21129e-05,-4.40065e-05
-4.2721e-05,-6.03601e-05,-8.26293e-05,-0.000108486,-0.000136334,-0.000164377,-0.000190891,-0.000214238,-0.000232896,-0.000245909,-0.000252587,-0.000252593,-0.000245929,-0.000232897,-0.000214242,-0.00019092,-0.000164378,-0.000136305,-0.000108496,-8.26181e-05,-6.03499e-05,-4.27192e-05
-4.14624e-05,-5.85906e-05,-8.03099e-05,-0.000105587,-0.00013281,-0.000160275,-0.000186255,-0.000209133,-0.00022745,-0.000240218,-0.000246767,-0.000246777,-0.00024023,-0.000227447,-0.000209142,-0.000186276,-0.000160276,-0.000132799,-0.000105574,-8.03136e-05,-5.85918e-05,-4.14645e-05
-4.02747e-05,-5.6941e-05,-7.81233e-05,-0.000102818,-0.00012946,-0.000156372,-0.00018185,-0.000204301,-0.000222275,-0.000234804,-0.000241247,-0.000241238,-0.000234822,-0.000222271,-0.000204297,-0.000181871,-0.000156381,-0.000129467,-0.000102811,-7.81154e-05,-5.69376e-05,-4.02706e-05
-3.91218e-05,-5.53339e-05,-7.59953e-05,-0.000100135,-0.000126223,-0.000152591,-0.000177566,-0.000199622,-0.000217247,-0.000229543,-0.000235866,-0.00023585,-0.000229556,-0.000217231,-0.000199609,-0.000177584,-0.000152596,-0.000126218,-0.000100143,-7.59886e-05,-5.53441e-05,-3.91243e-05
-3.80093e-05,-5.37751e-05,-7.39363e-05,-9.75344e-05,-0.000123068,-0.000148902,-0.000173401,-0.000195016,-0.000212326,-0.000224413,-0.000230611,-0.000230609,-0.000224414,-0.000212316,-0.000195011,-0.000173411,-0.000148906,-0.000123068,-9.75317e-05,-7.39371e-05,-5.3783e-05,-3.80086e-05
-3.69317e-05,-5.22656e-05,-7.19236e-05,-9.49807e-05,-0.000119967,-0.00014529,-0.000169306,-0.000190524,-0.000207503,-0.000219361,-0.000225447,-0.000225455,-0.000219376,-0.000207509,-0.000190529,-0.000169323,-0.000145292,-0.000119969,-9.49876e-05,-7.19197e-05,-5.22689e-05,-3.69244e-05
-3.58622e-05,-5.07684e-05,-6.99387e-05,-9.24501e-05,-0.000116911,-0.000141711,-0.000165248,-0.000186052,-0.000202711,-0.000214359,-0.000220323,-0.000220326,-0.000214359,-0.000202709,-0.00018605,-0.000165257,-0.000141706,-0.000116904,-9.24641e-05,-6.99305e-05,-5.07842e-05,-3.58596e-05
-3.48322e-05,-4.93346e-05,-6.80168e-05,-9.00147e-05,-0.000113942,-0.000138222,-0.000161315,-0.000181717,-0.000198067,-0.00020949,-0.000215348,-0.000215362,-0.000209496,-0.000198066,-0.000181715,-0.000161312,-0.000138225,-0.000113938,-9.00185e-05,-6.80041e-05,-4.93357e-05,-3.48283e-05
-3.38738e-05,-4.79958e-05,-6.62358e-05,-8.77495e-05,-0.000111174,-0.000134982,-0.000157634,-0.000177637,-0.00019371,-0.000204946,-0.0002107,-0.000210694,-0.000204936,-0.000193714,-0.000177645,-0.000157645,-0.000134986,-0.000111182,-8.77451e-05,-6.62258e-05,-4.79963e-05,-3.38776e-05
-3.29067e-05,-4.6649e-05,-6.4414e-05,-8.54526e-05,-0.000108373,-0.000131677,-0.000153897,-0.00017353,-0.00018931,-0.000200302,-0.000205966,-0.000205974,-0.000200318,-0.000189297,-0.000173527,-0.000153899,-0.000131687,-0.000108358,-8.5441e-05,-6.4402e-05,-4.66502e-05,-3.29154e-05
-3.19618e-05,-4.53126e-05,-6.26265e-05,-8.31704e-05,-0.000105594,-0.000128431,-0.000150191,-0.000169434,-0.000184923,-0.000195722,-0.000201275,-0.000201278,-0.00019573,-0.000184917,-0.000169444,-0.0001502,-0.000128432,-0.000105587,-8.31614e-05,-6.26273e-05,-4.53113e-05,-3.19596e-05
-3.10863e-05,-4.40796e-05,-6.09708e-05,-8.10481e-05,-0.000103011,-0.000125404,-0.000146748,-0.000165645,-0.000180842,-0.000191452,-0.000196907,-0.000196906,-0.000191453,-0.000180835,-0.000165658,-0.000146752,-0.000125403,-0.000103002,-8.10544e-05,-6.09714e-05,-4.40833e-05,-3.10873e-05
-3.02346e-05,-4.28869e-05,-5.93609e-05,-7.89995e-05,-0.000100494,-0.000122443,-0.000143385,-0.000161925,-0.000176861,-0.000187268,-0.00019264,-0.000192634,-0.000187283,-0.00017685,-0.000161938,-0.000143394,-0.00012245,-0.000100492,-7.89916e-05,-5.93687e-05,-4.28804e-05,-3.02369e-05
-2.93926e-05,-4.16783e-05,-5.77427e-05,-7.69201e-05,-9.7961e-05,-0.000119453,-0.000139984,-0.000158187,-0.000172822,-0.000183057,-0.00018831,-0.000188317,-0.000183059,-0.000172822,-0.00015819,-0.000139985,-0.000119452,-9.79502e-05,-7.69214e-05,-5.77391e-05,-4.1681e-05,-2.93855e-05
-2.85584e-05,-4.05079e-05,-5.61664e-05,-7.48934e-05,-9.54894e-05,-0.000116538,-0.000136662,-0.000154516,-0.000168889,-0.000178925,-0.000184085,-0.000184094,-0.000178936,-0.000168882,-0.000154513,-0.00013667,-0.000116542,-9.5475e-05,-7.49055e-05,-5.61631e-05,-4.05065e-05,-2.85564e-05
-2.77887e-05,-3.94274e-05,-5.47054e-05,-7.30257e-05,-9.31715e-05,-0.000113816,-0.000133565,-0.000151092,-0.000165201,-0.000175072,-0.000180138,-0.000180147,-0.000175075,-0.000165196,-0.000151098,-0.000133566,-0.000113821,-9.318e-05,-7.30223e-05,-5.46989e-05,-3.94213e-05,-2.77913e-05
-2.70204e-05,-3.83302e-05,-5.32282e-05,-7.11258e-05,-9.08571e-05,-0.000111077,-0.000130434,-0.000147629,-0.000161487,-0.000171178,-0.000176146,-0.000176159,-0.000171178,-0.000161477,-0.000147628,-0.000130441,-0.000111082,-9.08522e-05,-7.11291e-05,-5.32199e-05,-3.8328e-05,-2.70218e-05
-2.62712e-05,-3.7265e-05,-5.17876e-05,-6.92715e-05,-8.85771e-05,-0.000108387,-0.000127369,-0.000144235,-0.000157835,-0.000167348,-0.000172233,-0.000172238,-0.000167349,-0.000157832,-0.000144238,-0.000127372,-0.000108391,-8.85744e-05,-6.92745e-05,-5.17851e-05,-3.72652e-05,-2.62709e-05
-2.55765e-05,-3.62864e-05,-5.04622e-05,-6.75694e-05,-8.64684e-05,-0.000105898,-0.000124521,-0.000141087,-0.00015445,-0.000163801,-0.00016861,-0.000168606,-0.000163802,-0.000154448,-0.000141083,-0.000124538,-0.0001059,-8.64807e-05,-6.75693e-05,-5.04608e-05,-3.62896e-05,-2.55838e-05
-2.48778e-05,-3.52794e-05,-4.90944e-05,-6.57997e-05,-8.43075e-05,-0.000103339,-0.0001216,-0.000137851,-0.000150967,-0.000160139,-0.000164857,-0.000164856,-0.000160144,-0.000150961,-0.000137853,-0.000121598,-0.000103342,-8.42986e-05,-6.58044e-05,-4.9095e-05,-3.52808e-05,-2.48741e-05
-2.42096e-05,-3.43301e-05,-4.78019e-05,-6.41313e-05,-8.22512e-05,-0.000100904,-0.000118817,-0.000134767,-0.000147647,-0.000156656,-0.000161292,-0.00016129,-0.00015666,-0.000147642,-0.000134769,-0.000118814,-0.000100908,-8.22425e-05,-6.41355e-05,-4.7803e-05,-3.433e-05,-2.42056e-05
-2.35747e-05,-3.34243e-05,-4.65719e-05,-6.25368e-05,-8.02826e-05,-9.85708e-05,-0.000116148,-0.000131799,-0.000144454,-0.000153316,-0.000157856,-0.00015787,-0.000153313,-0.000144452,-0.000131808,-0.000116146,-9.85701e-05,-8.027e-05,-6.25362e-05,-4.65709e-05,-3.3423e-05,-2.35733e-05
-2.29549e-05,-3.25409e-05,-4.53656e-05,-6.09628e-05,-7.83388e-05,-9.62655e-05,-0.000113516,-0.000128888,-0.000141307,-0.000150008,-0.00015448,-0.000154483,-0.000150009,-0.00014131,-0.000128891,-0.000113511,-9.62677e-05,-7.83391e-05,-6.09686e-05,-4.53527e-05,-3.25376e-05,-2.29512e-05
-2.23389e-05,-3.16757e-05,-4.41785e-05,-5.94263e-05,-7.64423e-05,-9.40087e-05,-0.000110932,-0.000126025,-0.000138224,-0.000146774,-0.000151166,-0.000151173,-0.000146774,-0.00013822,-0.000126016,-0.000110937,-9.40151e-05,-7.64413e-05,-5.94392e-05,-4.41672e-05,-3.16679e-05,-2.23419e-05
-2.17411e-05,-3.08118e-05,-4.30066e-05,-5.79048e-05,-7.45584e-05,-9.1778e-05,-0.000108368,-0.000123177,-0.000135156,-0.00014355,-0.000147861,-0.000147867,-0.000143546,-0.000135154,-0.000123181,-0.00010837,-9.17764e-05,-7.45515e-05,-5.79172e-05,-4.29969e-05,-3.08114e-05,-2.17414e-05
-2.11689e-05,-2.99912e-05,-4.18774e-05,-5.64375e-05,-7.27373e-05,-8.96182e-05,-0.00010589,-0.000120422,-0.000132187,-0.00014043,-0.000144672,-0.000144672,-0.00014043,-0.000132183,-0.000120424,-0.000105889,-8.9619e-05,-7.27392e-05,-5.6443e-05,-4.18755e-05,-2.99878e-05,-2.11668e-05
-2.06137e-05,-2.91924e-05,-4.07896e-05,-5.50228e-05,-7.09817e-05,-8.75197e-05,-0.000103484,-0.000117746,-0.000129303,-0.000137405,-0.000141564,-0.000141573,-0.000137402,-0.000129297,-0.000117748,-0.000103483,-8.75217e-05,-7.09774e-05,-5.5027e-05,-4.07853e-05,-2.91929e-05,-2.06135e-05
-2.00815e-05,-2.84363e-05,-3.97521e-05,-5.36751e-05,-6.92987e-05,-8.55238e-05,-0.000101194,-0.000115198,-0.000126549,-0.000134512,-0.000138605,-0.000138612,-0.000134512,-0.000126552,-0.000115199,-0.000101187,-8.55267e-05,-6.93023e-05,-5.3678e-05,-3.97546e-05,-2.84385e-05,-2.00829e-05
-1.95707e-05,-2.76915e-05,-3.87322e-05,-5.23331e-05,-6.76381e-05,-8.35383e-05,-9.89104e-05,-0.000112658,-0.000123814,-0.000131635,-0.000135655,-0.000135663,-0.000131631,-0.000123812,-0.00011266,-9.89092e-05,-8.3536e-05,-6.76392e-05,-5.23382e-05,-3.87224e-05,-2.76958e-05,-1.95679e-05
-1.90632e-05,-2.69615e-05,-3.77226e-05,-5.10146e-05,-6.60013e-05,-8.15895e-05,-9.66706e-05,-0.000110171,-0.000121117,-0.000128804,-0.000132752,-0.000132759,-0.000128801,-0.000121119,-0.000110172,-9.6664e-05,-8.15907e-05,-6.59949e-05,-5.10218e-05,-3.7722e-05,-2.69631e-05,-1.90585e-05
-1.8574e-05,-2.62602e-05,-3.67575e-05,-4.97623e-05,-6.44352e-05,-7.97171e-05,-9.45162e-05,-0.000107764,-0.000118528,-0.000126081,-0.000129961,-0.000129973,-0.000126078,-0.000118528,-0.000107769,-9.45102e-05,-7.97172e-05,-6.44278e-05,-4.97615e-05,-3.67642e-05,-2.62616e-05,-1.85757e-05
-1.80972e-05,-2.55802e-05,-3.58172e-05,-4.8521e-05,-6.28902e-05,-7.78696e-05,-9.23922e-05,-0.000105401,-0.00011597,-0.000123393,-0.000127204,-0.000127215,-0.000123388,-0.000115965,-0.000105403,-9.2384e-05,-7.787e-05,-6.28878e-05,-4.85256e-05,-3.58131e-05,-2.5579e-05,-1.80927e-05
-1.7636e-05,-2.49102e-05,-3.48924e-05,-4.73046e-05,-6.13768e-05,-7.60588e-05,-9.03024e-05,-0.000103079,-0.00011346,-0.000120744,-0.000124497,-0.000124502,-0.000120747,-0.000113457,-0.000103076,-9.03005e-05,-7.60603e-05,-6.13683e-05,-4.73168e-05,-3.48919e-05,-2.49103e-05,-1.7634e-05
-1.71926e-05,-2.42757e-05,-3.40168e-05,-4.61578e-05,-5.99357e-05,-7.43325e-05,-8.83143e-05,-0.000100859,-0.00011106,-0.000118231,-0.000121915,-0.000121924,-0.000118225,-0.000111061,-0.000100859,-8.83159e-05,-7.43367e-05,-5.99376e-05,-4.61638e-05,-3.40172e-05,-2.42756e-05,-1.72009e-05
-1.67643e-05,-2.36492e-05,-3.31473e-05,-4.50181e-05,-5.85075e-05,-7.26292e-05,-8.63425e-05,-9.86643e-05,-0.000108685,-0.000115721,-0.000119349,-0.000119349,-0.000115722,-0.000108679,-9.86627e-05,-8.63367e-05,-7.26306e-05,-5.85025e-05,-4.50238e-05,-3.31504e-05,-2.36497e-05,-1.67655e-05
-1.63472e-05,-2.30474e-05,-3.23115e-05,-4.39117e-05,-5.71262e-05,-7.09744e-05,-8.44318e-05,-9.6529e-05,-0.000106377,-0.000113289,-0.00011686,-0.000116855,-0.000113294,-0.000106371,-9.65316e-05,-8.44254e-05,-7.09736e-05,-5.71234e-05,-4.39175e-05,-3.23127e-05,-2.30471e-05,-1.63418e-05
-1.59408e-05,-2.24564e-05,-3.15033e-05,-4.28442e-05,-5.57874e-05,-6.936e-05,-8.25711e-05,-9.44536e-05,-0.000104127,-0.000110931,-0.000114427,-0.000114437,-0.000110926,-0.000104121,-9.44532e-05,-8.25667e-05,-6.936e-05,-5.57844e-05,-4.28518e-05,-3.15033e-05,-2.24626e-05,-1.59427e-05
-1.55504e-05,-2.18878e-05,-3.07111e-05,-4.17943e-05,-5.44689e-05,-6.77798e-05,-8.07498e-05,-9.24193e-05,-0.000101916,-0.000108603,-0.000112042,-0.000112051,-0.0001086,-0.000101918,-9.24207e-05,-8.07371e-05,-6.77807e-05,-5.44622e-05,-4.18025e-05,-3.07078e-05,-2.18924e-05,-1.5547e-05
-1.51618e-05,-2.13285e-05,-2.9931e-05,-4.07671e-05,-5.31747e-05,-6.62262e-05,-7.8949e-05,-9.04082e-05,-9.97446e-05,-0.000106314,-0.000109698,-0.000109701,-0.000106312,-9.97393e-05,-9.04084e-05,-7.89427e-05,-6.62273e-05,-5.31741e-05,-4.07747e-05,-2.99292e-05,-2.13323e-05,-1.51557e-05
-1.47862e-05,-2.07946e-05,-2.91789e-05,-3.97709e-05,-5.19234e-05,-6.47205e-05,-7.72075e-05,-8.84538e-05,-9.76277e-05,-0.000104089,-0.000107414,-0.000107419,-0.000104085,-9.7627e-05,-8.84559e-05,-7.71999e-05,-6.47198e-05,-5.19209e-05,-3.97763e-05,-2.91793e-05,-2.07919e-05,-1.47857e-05
-1.44282e-05,-2.02704e-05,-2.84511e-05,-3.88086e-05,-5.07115e-05,-6.32592e-05,-7.55154e-05,-8.65566e-05,-9.55773e-05,-0.000101921,-0.000105198,-0.000105198,-0.000101922,-9.5576e-05,-8.65591e-05,-7.55097e-05,-6.32588e-05,-5.07068e-05,-3.88123e-05,-2.84521e-05,-2.02719e-05,-1.44278e-05
-1.40847e-05,-1.97709e-05,-2.77513e-05,-3.7883e-05,-4.95411e-05,-6.1849e-05,-7.38787e-05,-8.47256e-05,-9.35953e-05,-9.98323e-05,-0.000103054,-0.000103053,-9.98331e-05,-9.35911e-05,-8.47276e-05,-7.38761e-05,-6.18491e-05,-4.95355e-05,-3.78829e-05,-2.77542e-05,-1.97698e-05,-1.40788e-05
-1.37415e-05,-1.92674e-05,-2.70517e-05,-3.69498e-05,-4.83621e-05,-6.0432e-05,-7.22348e-05,-8.28883e-05,-9.1596e-05,-9.77274e-05,-0.000100892,-0.000100894,-9.77277e-05,-9.15952e-05,-8.28912e-05,-7.223e-05,-6.04321e-05,-4.83613e-05,-3.69544e-05,-2.70546e-05,-1.92683e-05,-1.3737e-05
-1.34095e-05,-1.87943e-05,-2.63928e-05,-3.60697e-05,-4.72516e-05,-5.90868e-05,-7.06761e-05,-8.11425e-05,-8.97024e-05,-9.57333e-05,-9.88435e-05,-9.88475e-05,-9.57349e-05,-8.97017e-05,-8.11409e-05,-7.06716e-05,-5.90881e-05,-4.72502e-05,-3.60745e-05,-2.63921e-05,-1.87962e-05,-1.34143e-05
-1.30899e-05,-1.83213e-05,-2.57296e-05,-3.51874e-05,-4.61367e-05,-5.77408e-05,-6.91105e-05,-7.93895e-05,-8.78e-05,-9.37268e-05,-9.67852e-05,-9.67858e-05,-9.37243e-05,-8.7796e-05,-7.93903e-05,-6.9107e-05,-5.77406e-05,-4.61329e-05,-3.51914e-05,-2.57293e-05,-1.83231e-05,-1.3087e-05
-1.27886e-05,-1.78768e-05,-2.51017e-05,-3.43497e-05,-4.50748e-05,-5.64614e-05,-6.7623e-05,-7.77224e-05,-8.59883e-05,-9.18147e-05,-9.48253e-05,-9.48238e-05,-9.18144e-05,-8.59838e-05,-7.77241e-05,-6.762e-05,-5.64601e-05,-4.5076e-05,-3.43537e-05,-2.51033e-05,-1.7876e-05,-1.27858e-05
-1.24808e-05,-1.7437e-05,-2.44871e-05,-3.35297e-05,-4.40344e-05,-5.51984e-05,-6.61596e-05,-7.60792e-05,-8.42036e-05,-8.99369e-05,-9.28938e-05,-9.28929e-05,-8.99332e-05,-8.41994e-05,-7.60817e-05,-6.61551e-05,-5.5201e-05,-4.40333e-05,-3.35312e-05,-2.44868e-05,-1.74377e-05,-1.24826e-05
-1.2189e-05,-1.70131e-05,-2.38907e-05,-3.27313e-05,-4.3023e-05,-5.39752e-05,-6.47337e-05,-7.44763e-05,-8.24608e-05,-8.80984e-05,-9.1006e-05,-9.10084e-05,-8.80955e-05,-8.2459e-05,-7.44782e-05,-6.47287e-05,-5.39729e-05,-4.30223e-05,-3.27347e-05,-2.3892e-05,-1.7013e-05,-1.21887e-05
-1.19129e-05,-1.6599e-05,-2.33106e-05,-3.19542e-05,-4.20375e-05,-5.27792e-05,-6.33422e-05,-7.29135e-05,-8.07649e-05,-8.63058e-05,-8.91658e-05,-8.91679e-05,-8.63047e-05,-8.07641e-05,-7.29188e-05,-6.33376e-05,-5.27768e-05,-4.20334e-05,-3.19591e-05,-2.33101e-05,-1.65989e-05,-1.18977e-05
-1.16288e-05,-1.61944e-05,-2.27407e-05,-3.11913e-05,-4.10644e-05,-5.15981e-05,-6.19676e-05,-7.13675e-05,-7.90822e-05,-8.45326e-05,-8.73463e-05,-8.73455e-05,-8.453e-05,-7.90818e-05,-7.13687e-05,-6.19623e-05,-5.15992e-05,-4.10635e-05,-3.11935e-05,-2.27413e-05,-1.61943e-05,-1.16283e-05
-1.13596e-05,-1.58063e-05,-2.21917e-05,-3.04593e-05,-4.01324e-05,-5.04643e-05,-6.0642e-05,-6.98784e-05,-7.74667e-05,-8.28203e-05,-8.55909e-05,-8.55872e-05,-8.28214e-05,-7.74621e-05,-6.98823e-05,-6.06363e-05,-5.04641e-05,-4.01251e-05,-3.04597e-05,-2.21953e-05,-1.58068e-05,-1.13615e-05
-1.10985e-05,-1.54199e-05,-2.16481e-05,-2.97268e-05,-3.91989e-05,-4.93328e-05,-5.93237e-05,-6.83989e-05,-7.58514e-05,-8.11201e-05,-8.38411e-05,-8.38406e-05,-8.11186e-05,-7.585e-05,-6.84005e-05,-5.93204e-05,-4.93321e-05,-3.91968e-05,-2.97287e-05,-2.16494e-05,-1.54202e-05,-1.10978e-05
-1.08465e-05,-1.50511e-05,-2.1128e-05,-2.9026e-05,-3.8306e-05,-4.82461e-05,-5.80558e-05,-6.69704e-05,-7.42988e-05,-7.94774e-05,-8.21556e-05,-8.21553e-05,-7.94773e-05,-7.42963e-05,-6.69715e-05,-5.80506e-05,-4.82453e-05,-3.83025e-05,-2.90278e-05,-2.1128e-05,-1.50516e-05,-1.08449e-05
-1.05986e-05,-1.46972e-05,-2.06272e-05,-2.83503e-05,-3.74432e-05,-4.7195e-05,-5.68283e-05,-6.55899e-05,-7.27928e-05,-7.78886e-05,-8.05231e-05,-8.05223e-05,-7.78882e-05,-7.27912e-05,-6.55899e-05,-5.68251e-05,-4.71942e-05,-3.74387e-05,-2.83543e-05,-2.06258e-05,-1.46963e-05,-1.06036e-05
-1.03638e-05,-1.43442e-05,-2.01283e-05,-2.76782e-05,-3.65844e-05,-4.61497e-05,-5.5607e-05,-6.42152e-05,-7.12965e-05,-7.63059e-05,-7.88969e-05,-7.88973e-05,-7.6307e-05,-7.12944e-05,-6.4214e-05,-5.56053e-05,-4.61486e-05,-3.65829e-05,-2.76824e-05,-2.01299e-05,-1.43444e-05,-1.03604e-05
-1.01342e-05,-1.40129e-05,-1.96546e-05,-2.7038e-05,-3.57654e-05,-4.51518e-05,-5.44394e-05,-6.28973e-05,-6.98602e-05,-7.479e-05,-7.73398e-05,-7.73383e-05,-7.47881e-05,-6.98589e-05,-6.28988e-05,-5.44353e-05,-4.51501e-05,-3.57632e-05,-2.70418e-05,-1.96571e-05,-1.40106e-05,-1.01248e-05
-9.90559e-06,-1.36742e-05,-1.91808e-05,-2.64002e-05,-3.49455e-05,-4.415e-05,-5.32685e-05,-6.15767e-05,-6.8422e-05,-7.32674e-05,-7.57744e-05,-7.57738e-05,-7.32677e-05,-6.84194e-05,-6.15794e-05,-5.32651e-05,-4.41491e-05,-3.49437e-05,-2.64008e-05,-1.91817e-05,-1.36759e-05,-9.9017e-06
-9.6868e-06,-1.33568e-05,-1.87295e-05,-2.57901e-05,-3.41608e-05,-4.31923e-05,-5.21458e-05,-6.031e-05,-6.70422e-05,-7.18101e-05,-7.42767e-05,-7.42772e-05,-7.18086e-05,-6.70397e-05,-6.03101e-05,-5.21446e-05,-4.31896e-05,-3.41607e-05,-2.57914e-05,-1.87307e-05,-1.33568e-05,-9.68491e-06
-9.47681e-06,-1.30447e-05,-1.82869e-05,-2.51915e-05,-3.33932e-05,-4.22565e-05,-5.10501e-05,-5.90745e-05,-6.56926e-05,-7.03811e-05,-7.2811e-05,-7.28106e-05,-7.03808e-05,-6.56912e-05,-5.90773e-05,-5.10467e-05,-4.22542e-05,-3.33917e-05,-2.51927e-05,-1.82888e-05,-1.30453e-05,-9.47777e-06
-9.27145e-06,-1.27387e-05,-1.78528e-05,-2.46039e-05,-3.26382e-05,-4.13307e-05,-4.99643e-05,-5.78488e-05,-6.43542e-05,-6.89675e-05,-7.13543e-05,-7.13545e-05,-6.89658e-05,-6.43528e-05,-5.78496e-05,-4.99619e-05,-4.13288e-05,-3.26368e-05,-2.46046e-05,-1.78554e-05,-1.27396e-05,-9.26426e-06
-9.0613e-06,-1.24466e-05,-1.74377e-05,-2.40392e-05,-3.19109e-05,-4.04388e-05,-4.89187e-05,-5.66663e-05,-6.30642e-05,-6.76014e-05,-6.99514e-05,-6.99496e-05,-6.76014e-05,-6.3064e-05,-5.66701e-05,-4.89149e-05,-4.04377e-05,-3.19064e-05,-2.40403e-05,-1.74393e-05,-1.24466e-05,-9.06379e-06
-8.87041e-06,-1.21614e-05,-1.70294e-05,-2.3485e-05,-3.11985e-05,-3.95645e-05,-4.78927e-05,-5.5508e-05,-6.18e-05,-6.62652e-05,-6.85757e-05,-6.85729e-05,-6.6263e-05,-6.17974e-05,-5.55108e-05,-4.78921e-05,-3.95661e-05,-3.11931e-05,-2.34862e-05,-1.70305e-05,-1.21614e-05,-8.86811e-06
-8.68489e-06,-1.18809e-05,-1.66291e-05,-2.29402e-05,-3.04952e-05,-3.87034e-05,-4.68811e-05,-5.43635e-05,-6.05489e-05,-6.49401e-05,-6.72144e-05,-6.72126e-05,-6.49396e-05,-6.05474e-05,-5.43655e-05,-4.68788e-05,-3.8703e-05,-3.04923e-05,-2.29413e-05,-1.66298e-05,-1.18802e-05,-8.67651e-06
-8.49327e-06,-1.16108e-05,-1.62447e-05,-2.24177e-05,-2.98236e-05,-3.78789e-05,-4.59113e-05,-5.32655e-05,-5.93476e-05,-6.36689e-05,-6.59101e-05,-6.59066e-05,-6.36691e-05,-5.93461e-05,-5.3267e-05,-4.59071e-05,-3.7876e-05,-2.98198e-05,-2.242e-05,-1.62475e-05,-1.16104e-05,-8.49274e-06
-8.31221e-06,-1.13427e-05,-1.58641e-05,-2.1899e-05,-2.91504e-05,-3.70514e-05,-4.4939e-05,-5.21654e-05,-5.81467e-05,-6.23952e-05,-6.45986e-05,-6.45968e-05,-6.2394e-05,-5.81442e-05,-5.21661e-05,-4.49359e-05,-3.70506e-05,-2.91481e-05,-2.18999e-05,-1.58659e-05,-1.13432e-05,-8.30904e-06
-8.13823e-06,-1.10883e-05,-1.55002e-05,-2.14036e-05,-2.85107e-05,-3.62639e-05,-4.4012e-05,-5.11163e-05,-5.70007e-05,-6.11793e-05,-6.33493e-05,-6.33462e-05,-6.11804e-05,-5.69994e-05,-5.11175e-05,-4.40088e-05,-3.6263e-05,-2.85078e-05,-2.14045e-05,-1.55041e-05,-1.1087e-05,-8.12618e-06
-7.96882e-06,-1.08381e-05,-1.51438e-05,-2.09173e-05,-2.78804e-05,-3.54892e-05,-4.3097e-05,-5.00804e-05,-5.58673e-05,-5.9979e-05,-6.21161e-05,-6.21103e-05,-5.99797e-05,-5.58649e-05,-5.00811e-05,-4.30939e-05,-3.54886e-05,-2.78769e-05,-2.09183e-05,-1.51468e-05,-1.08392e-05,-7.96485e-06
-7.79419e-06,-1.05946e-05,-1.4795e-05,-2.04398e-05,-2.72612e-05,-3.47259e-05,-4.2199e-05,-4.90638e-05,-5.47531e-05,-5.87993e-05,-6.08991e-05,-6.08981e-05,-5.87995e-05,-5.47505e-05,-4.90635e-05,-4.21975e-05,-3.4725e-05,-2.72591e-05,-2.04401e-05,-1.47971e-05,-1.05941e-05,-7.79773e-06
-7.63963e-06,-1.03575e-05,-1.44568e-05,-1.99758e-05,-2.666e-05,-3.39851e-05,-4.13265e-05,-4.8073e-05,-5.36683e-05,-5.76504e-05,-5.97165e-05,-5.97162e-05,-5.76489e-05,-5.36663e-05,-4.80742e-05,-4.13239e-05,-3.39852e-05,-2.66573e-05,-1.99763e-05,-1.4459e-05,-1.03579e-05,-7.63543e-06
-7.48268e-06,-1.01325e-05,-1.41293e-05,-1.95268e-05,-2.6076e-05,-3.32663e-05,-4.04772e-05,-4.71094e-05,-5.26122e-05,-5.65329e-05,-5.85676e-05,-5.85648e-05,-5.65313e-05,-5.26112e-05,-4.71111e-05,-4.04756e-05,-3.32661e-05,-2.6075e-05,-1.95286e-05,-1.41314e-05,-1.01293e-05,-7.47834e-06
-7.32973e-06,-9.90501e-06,-1.38077e-05,-1.9088e-05,-2.55037e-05,-3.2558e-05,-3.96422e-05,-4.61632e-05,-5.15765e-05,-5.54323e-05,-5.74336e-05,-5.74322e-05,-5.54306e-05,-5.15738e-05,-4.61639e-05,-3.9641e-05,-3.25582e-05,-2.55032e-05,-1.90874e-05,-1.38092e-05,-9.90474e-06,-7.33505e-06
-7.17857e-06,-9.68639e-06,-1.34939e-05,-1.86567e-05,-2.49462e-05,-3.18676e-05,-3.88265e-05,-4.52344e-05,-5.05587e-05,-5.43529e-05,-5.63235e-05,-5.63216e-05,-5.43513e-05,-5.05571e-05,-4.52345e-05,-3.88242e-05,-3.18666e-05,-2.49438e-05,-1.8658e-05,-1.34969e-05,-9.6859e-06,-7.17641e-06
-7.03518e-06,-9.47374e-06,-1.31912e-05,-1.82414e-05,-2.44031e-05,-3.11978e-05,-3.8035e-05,-4.43332e-05,-4.95714e-05,-5.33063e-05,-5.52467e-05,-5.52446e-05,-5.33045e-05,-4.95704e-05,-4.4335e-05,-3.80321e-05,-3.11966e-05,-2.44008e-05,-1.82411e-05,-1.31946e-05,-9.47299e-06,-7.02255e-06
-6.892e-06,-9.26658e-06,-1.28923e-05,-1.78293e-05,-2.38656e-05,-3.0531e-05,-3.72444e-05,-4.34364e-05,-4.85872e-05,-5.22621e-05,-5.41716e-05,-5.41674e-05,-5.22607e-05,-4.85861e-05,-4.34377e-05,-3.72436e-05,-3.05302e-05,-2.38631e-05,-1.7829e-05,-1.28943e-05,-9.26496e-06,-6.88755e-06
-6.74559e-06,-9.06513e-06,-1.26028e-05,-1.74318e-05,-2.33476e-05,-2.98882e-05,-3.64843e-05,-4.25699e-05,-4.76376e-05,-5.12539e-05,-5.31318e-05,-5.31301e-05,-5.12521e-05,-4.76361e-05,-4.25712e-05,-3.64819e-05,-2.98873e-05,-2.33443e-05,-1.74318e-05,-1.26042e-05,-9.06504e-06,-6.75074e-06
-6.61918e-06,-8.8696e-06,-1.23222e-05,-1.70475e-05,-2.28437e-05,-2.92635e-05,-3.57441e-05,-4.1729e-05,-4.67146e-05,-5.02734e-05,-5.21237e-05,-5.212e-05,-5.02719e-05,-4.67139e-05,-4.17295e-05,-3.57423e-05,-2.92623e-05,-2.28414e-05,-1.70466e-05,-1.23266e-05,-8.86914e-06,-6.6178e-06
-6.4965e-06,-8.68088e-06,-1.20471e-05,-1.66654e-05,-2.23453e-05,-2.86456e-05,-3.50116e-05,-4.08945e-05,-4.57977e-05,-4.92999e-05,-5.11213e-05,-5.11178e-05,-4.92989e-05,-4.57971e-05,-4.08953e-05,-3.50102e-05,-2.8645e-05,-2.23431e-05,-1.66661e-05,-1.20495e-05,-8.67778e-06,-6.48477e-06
-6.36094e-06,-8.49248e-06,-1.17796e-05,-1.62964e-05,-2.18618e-05,-2.80448e-05,-3.42987e-05,-4.00827e-05,-4.49065e-05,-4.83536e-05,-5.01464e-05,-5.01423e-05,-4.83514e-05,-4.49045e-05,-4.00835e-05,-3.42975e-05,-2.80441e-05,-2.18598e-05,-1.62957e-05,-1.17821e-05,-8.49119e-06,-6.35725e-06
-6.23773e-06,-8.31421e-06,-1.15215e-05,-1.59419e-05,-2.13955e-05,-2.74646e-05,-3.36124e-05,-3.93011e-05,-4.40467e-05,-4.74403e-05,-4.92051e-05,-4.92031e-05,-4.74393e-05,-4.40444e-05,-3.93005e-05,-3.36113e-05,-2.74653e-05,-2.13947e-05,-1.59409e-05,-1.15238e-05,-8.31292e-06,-6.23507e-06
-6.12557e-06,-8.13643e-06,-1.12679e-05,-1.55904e-05,-2.09373e-05,-2.68939e-05,-3.29321e-05,-3.85263e-05,-4.3196e-05,-4.65356e-05,-4.82751e-05,-4.82707e-05,-4.65335e-05,-4.31946e-05,-3.85259e-05,-3.29305e-05,-2.68944e-05,-2.09344e-05,-1.55907e-05,-1.12714e-05,-8.13581e-06,-6.11459e-06
-6.00027e-06,-7.96453e-06,-1.102e-05,-1.52484e-05,-2.04853e-05,-2.63315e-05,-3.22648e-05,-3.77642e-05,-4.23574e-05,-4.56425e-05,-4.73552e-05,-4.7351e-05,-4.56413e-05,-4.23561e-05,-3.77631e-05,-3.22629e-05,-2.63306e-05,-2.04832e-05,-1.5247e-05,-1.1023e-05,-7.96338e-06,-5.99575e-06
-5.88343e-06,-7.79748e-06,-1.07786e-05,-1.49132e-05,-2.00445e-05,-2.57829e-05,-3.16121e-05,-3.70197e-05,-4.1538e-05,-4.47735e-05,-4.64584e-05,-4.64551e-05,-4.47723e-05,-4.15365e-05,-3.70198e-05,-3.16104e-05,-2.57831e-05,-2.00444e-05,-1.49119e-05,-1.0781e-05,-7.79597e-06,-5.87996e-06
-5.7713e-06,-7.63403e-06,-1.05447e-05,-1.45884e-05,-1.9618e-05,-2.52501e-05,-3.09774e-05,-3.62945e-05,-4.07421e-05,-4.39268e-05,-4.55854e-05,-4.55822e-05,-4.39237e-05,-4.07405e-05,-3.62962e-05,-3.09763e-05,-2.52499e-05,-1.96169e-05,-1.45869e-05,-1.0546e-05,-7.63363e-06,-5.7765e-06
-5.66135e-06,-7.47565e-06,-1.03144e-05,-1.42691e-05,-1.91995e-05,-2.47263e-05,-3.0354e-05,-3.55834e-05,-3.99572e-05,-4.30929e-05,-4.4726e-05,-4.47216e-05,-4.30909e-05,-3.99546e-05,-3.55818e-05,-3.03541e-05,-2.47263e-05,-1.91964e-05,-1.4269e-05,-1.03174e-05,-7.47428e-06,-5.65646e-06
-5.55702e-06,-7.32228e-06,-1.00933e-05,-1.39623e-05,-1.8793e-05,-2.42195e-05,-2.97513e-05,-3.48925e-05,-3.91979e-05,-4.22849e-05,-4.38923e-05,-4.38883e-05,-4.22839e-05,-3.91962e-05,-3.48918e-05,-2.97507e-05,-2.42193e-05,-1.87911e-05,-1.39624e-05,-1.00956e-05,-7.32148e-06,-5.55153e-06
-5.45188e-06,-7.17109e-06,-9.87576e-06,-1.36591e-05,-1.83942e-05,-2.37202e-05,-2.91544e-05,-3.42116e-05,-3.84449e-05,-4.14854e-05,-4.30686e-05,-4.3064e-05,-4.14843e-05,-3.84453e-05,-3.42113e-05,-2.91543e-05,-2.37201e-05,-1.83914e-05,-1.36592e-05,-9.87779e-06,-7.16987e-06,-5.44728e-06
-5.35094e-06,-7.02511e-06,-9.66591e-06,-1.33683e-05,-1.80104e-05,-2.3239e-05,-2.85826e-05,-3.35566e-05,-3.77256e-05,-4.07158e-05,-4.22774e-05,-4.22743e-05,-4.07152e-05,-3.77242e-05,-3.3558e-05,-2.85815e-05,-2.32396e-05,-1.80078e-05,-1.3368e-05,-9.66787e-06,-7.0247e-06,-5.34785e-06
-5.25135e-06,-6.87991e-06,-9.45485e-06,-1.3074e-05,-1.76215e-05,-2.27527e-05,-2.80003e-05,-3.289e-05,-3.69904e-05,-3.99356e-05,-4.1472e-05,-4.14671e-05,-3.99349e-05,-3.69894e-05,-3.28893e-05,-2.80001e-05,-2.27529e-05,-1.76198e-05,-1.30749e-05,-9.45801e-06,-6.87838e-06,-5.24655e-06
-5.15544e-06,-6.74194e-06,-9.25651e-06,-1.27985e-05,-1.72567e-05,-2.22941e-05,-2.74536e-05,-3.22654e-05,-3.63014e-05,-3.9203e-05,-4.07147e-05,-4.07105e-05,-3.9199e-05,-3.62999e-05,-3.22627e-05,-2.74549e-05,-2.2296e-05,-1.72556e-05,-1.27983e-05,-9.25933e-06,-6.74249e-06,-5.15246e-06
-5.06003e-06,-6.60666e-06,-9.0581e-06,-1.25226e-05,-1.68908e-05,-2.18359e-05,-2.69046e-05,-3.1636e-05,-3.56065e-05,-3.84622e-05,-3.99503e-05,-3.99472e-05,-3.84596e-05,-3.56042e-05,-3.16332e-05,-2.69046e-05,-2.18358e-05,-1.68887e-05,-1.25217e-05,-9.06145e-06,-6.60383e-06,-5.04565e-06
-4.96891e-06,-6.47299e-06,-8.86661e-06,-1.22557e-05,-1.65364e-05,-2.13899e-05,-2.6371e-05,-3.10227e-05,-3.49309e-05,-3.77412e-05,-3.92094e-05,-3.92036e-05,-3.77409e-05,-3.49303e-05,-3.1023e-05,-2.6371e-05,-2.13889e-05,-1.65338e-05,-1.22554e-05,-8.86948e-06,-6.47108e-06,-4.9649e-06
-4.86892e-06,-6.34382e-06,-8.68008e-06,-1.1993e-05,-1.6189e-05,-2.09545e-05,-2.58482e-05,-3.04249e-05,-3.42711e-05,-3.70384e-05,-3.84814e-05,-3.84793e-05,-3.70368e-05,-3.42698e-05,-3.04245e-05,-2.58493e-05,-2.09531e-05,-1.61869e-05,-1.19928e-05,-8.68219e-06,-6.34188e-06,-4.87282e-06
-4.7921e-06,-6.21965e-06,-8.50052e-06,-1.17437e-05,-1.58571e-05,-2.05363e-05,-2.53489e-05,-2.98508e-05,-3.36389e-05,-3.63641e-05,-3.77868e-05,-3.77825e-05,-3.63615e-05,-3.3636e-05,-2.98514e-05,-2.53484e-05,-2.05368e-05,-1.58551e-05,-1.17428e-05,-8.50225e-06,-6.21871e-06,-4.78971e-06
-4.71433e-06,-6.09757e-06,-8.32163e-06,-1.1494e-05,-1.55265e-05,-2.01201e-05,-2.48503e-05,-2.92792e-05,-3.30044e-05,-3.56895e-05,-3.7094e-05,-3.70869e-05,-3.56876e-05,-3.30041e-05,-2.92765e-05,-2.48513e-05,-2.01226e-05,-1.55249e-05,-1.14947e-05,-8.32497e-06,-6.09424e-06,-4.70177e-06
-4.62143e-06,-5.97455e-06,-8.14726e-06,-1.12494e-05,-1.51992e-05,-1.97073e-05,-2.43566e-05,-2.87104e-05,-3.23761e-05,-3.50181e-05,-3.63982e-05,-3.63953e-05,-3.50178e-05,-3.23752e-05,-2.87099e-05,-2.43554e-05,-1.97078e-05,-1.51977e-05,-1.12484e-05,-8.1485e-06,-5.9738e-06,-4.61747e-06
-4.53989e-06,-5.85851e-06,-7.97643e-06,-1.10112e-05,-1.48834e-05,-1.93104e-05,-2.38792e-05,-2.81623e-05,-3.17702e-05,-3.43724e-05,-3.57324e-05,-3.5729e-05,-3.43719e-05,-3.177e-05,-2.81617e-05,-2.3878e-05,-1.93103e-05,-1.48813e-05,-1.10112e-05,-7.97989e-06,-5.85557e-06,-4.53727e-06
-4.45954e-06,-5.74247e-06,-7.81218e-06,-1.07801e-05,-1.45749e-05,-1.89197e-05,-2.34094e-05,-2.76217e-05,-3.11732e-05,-3.37346e-05,-3.50726e-05,-3.5069e-05,-3.37314e-05,-3.11724e-05,-2.76224e-05,-2.34093e-05,-1.89187e-05,-1.45729e-05,-1.07794e-05,-7.81411e-06,-5.74101e-06,-4.45604e-06
-4.38131e-06,-5.63181e-06,-7.65079e-06,-1.05534e-05,-1.42722e-05,-1.85395e-05,-2.29526e-05,-2.70972e-05,-3.05922e-05,-3.31153e-05,-3.44334e-05,-3.44321e-05,-3.31134e-05,-3.05922e-05,-2.70975e-05,-2.29528e-05,-1.854e-05,-1.42722e-05,-1.05529e-05,-7.6531e-06,-5.62923e-06,-4.37813e-06
-4.29662e-06,-5.52468e-06,-7.49524e-06,-1.03356e-05,-1.3982e-05,-1.81688e-05,-2.25077e-05,-2.65858e-05,-3.00255e-05,-3.25123e-05,-3.38102e-05,-3.38065e-05,-3.25089e-05,-3.00267e-05,-2.65854e-05,-2.25094e-05,-1.8171e-05,-1.39798e-05,-1.03346e-05,-7.49709e-06,-5.52175e-06,-4.30378e-06
-4.23036e-06,-5.41748e-06,-7.34011e-06,-1.01186e-05,-1.3692e-05,-1.78024e-05,-2.20676e-05,-2.60785e-05,-2.94627e-05,-3.19106e-05,-3.31885e-05,-3.3187e-05,-3.19072e-05,-2.94624e-05,-2.60763e-05,-2.20672e-05,-1.78028e-05,-1.36902e-05,-1.01181e-05,-7.34302e-06,-5.41531e-06,-4.22762e-06
-4.15811e-06,-5.3147e-06,-7.19125e-06,-9.90955e-06,-1.34123e-05,-1.74477e-05,-2.1641e-05,-2.55859e-05,-2.89184e-05,-3.13285e-05,-3.25889e-05,-3.25848e-05,-3.13279e-05,-2.89189e-05,-2.55857e-05,-2.16406e-05,-1.7449e-05,-1.34097e-05,-9.90964e-06,-7.19423e-06,-5.31216e-06,-4.15483e-06
-4.08775e-06,-5.21326e-06,-7.04621e-06,-9.70498e-06,-1.31383e-05,-1.71016e-05,-2.12226e-05,-2.51034e-05,-2.8385e-05,-3.07593e-05,-3.20009e-05,-3.19966e-05,-3.07556e-05,-2.83842e-05,-2.5103e-05,-2.12221e-05,-1.7102e-05,-1.31367e-05,-9.70361e-06,-7.04854e-06,-5.21157e-06,-4.08314e-06
-4.01834e-06,-5.11573e-06,-6.90345e-06,-9.50515e-06,-1.2869e-05,-1.67609e-05,-2.08116e-05,-2.46328e-05,-2.78606e-05,-3.01981e-05,-3.14221e-05,-3.1418e-05,-3.01958e-05,-2.7861e-05,-2.46302e-05,-2.08133e-05,-1.67605e-05,-1.28692e-05,-9.5044e-06,-6.90579e-06,-5.11288e-06,-4.01628e-06
-3.9498e-06,-5.01887e-06,-6.76346e-06,-9.30819e-06,-1.2608e-05,-1.6427e-05,-2.04091e-05,-2.41672e-05,-2.73446e-05,-2.96482e-05,-3.08552e-05,-3.08488e-05,-2.96458e-05,-2.73451e-05,-2.4165e-05,-2.04115e-05,-1.64297e-05,-1.26059e-05,-9.30874e-06,-6.76639e-06,-5.01652e-06,-3.94654e-06
-3.88303e-06,-4.92493e-06,-6.62869e-06,-9.1175e-06,-1.23521e-05,-1.61028e-05,-2.00176e-05,-2.37143e-05,-2.68437e-05,-2.9111e-05,-3.02984e-05,-3.02957e-05,-2.9107e-05,-2.6843e-05,-2.37131e-05,-2.00182e-05,-1.61034e-05,-1.23499e-05,-9.11734e-06,-6.6318e-06,-4.92321e-06,-3.87905e-06
-3.81885e-06,-4.83396e-06,-6.49764e-06,-8.93345e-06,-1.2104e-05,-1.57862e-05,-1.96345e-05,-2.32739e-05,-2.6355e-05,-2.85885e-05,-2.97583e-05,-2.97536e-05,-2.85856e-05,-2.63547e-05,-2.32733e-05,-1.96359e-05,-1.57872e-05,-1.21018e-05,-8.93292e-06,-6.49905e-06,-4.83185e-06,-3.81864e-06
-3.75332e-06,-4.74427e-06,-6.36661e-06,-8.74901e-06,-1.18556e-05,-1.54721e-05,-1.92545e-05,-2.28323e-05,-2.58645e-05,-2.80649e-05,-2.92177e-05,-2.92152e-05,-2.80628e-05,-2.58654e-05,-2.28326e-05,-1.92541e-05,-1.54719e-05,-1.18539e-05,-8.74841e-06,-6.36857e-06,-4.74184e-06,-3.75042e-06
-3.69163e-06,-4.65696e-06,-6.24027e-06,-8.57122e-06,-1.16165e-05,-1.51683e-05,-1.88868e-05,-2.24069e-05,-2.53944e-05,-2.75603e-05,-2.86968e-05,-2.86926e-05,-2.75593e-05,-2.53933e-05,-2.2406e-05,-1.88877e-05,-1.51682e-05,-1.16143e-05,-8.57053e-06,-6.24303e-06,-4.65536e-06,-3.68899e-06
-3.63251e-06,-4.57411e-06,-6.11788e-06,-8.39924e-06,-1.13848e-05,-1.48722e-05,-1.85298e-05,-2.19939e-05,-2.49349e-05,-2.70698e-05,-2.81898e-05,-2.81857e-05,-2.70682e-05,-2.49346e-05,-2.19926e-05,-1.85302e-05,-1.48739e-05,-1.13837e-05,-8.39848e-06,-6.12066e-06,-4.57032e-06,-3.62732e-06
-3.5725e-06,-4.48759e-06,-5.99702e-06,-8.2278e-06,-1.11548e-05,-1.45779e-05,-1.81733e-05,-2.15811e-05,-2.44755e-05,-2.65775e-05,-2.768e-05,-2.76771e-05,-2.65752e-05,-2.44758e-05,-2.1581e-05,-1.81734e-05,-1.45776e-05,-1.11525e-05,-8.22645e-06,-5.99965e-06,-4.48566e-06,-3.56879e-06
-3.52253e-06,-4.40924e-06,-5.88158e-06,-8.06451e-06,-1.09348e-05,-1.42966e-05,-1.78319e-05,-2.11855e-05,-2.40352e-05,-2.61069e-05,-2.71935e-05,-2.71887e-05,-2.61057e-05,-2.40377e-05,-2.1186e-05,-1.78319e-05,-1.42968e-05,-1.09319e-05,-8.06382e-06,-5.88293e-06,-4.40635e-06,-3.51353e-06
-3.45693e-06,-4.32866e-06,-5.76645e-06,-7.90229e-06,-1.07156e-05,-1.40171e-05,-1.74937e-05,-2.07935e-05,-2.36006e-05,-2.56409e-05,-2.67118e-05,-2.67093e-05,-2.56383e-05,-2.36013e-05,-2.07939e-05,-1.7494e-05,-1.40168e-05,-1.07143e-05,-7.90251e-06,-5.76837e-06,-4.32664e-06,-3.45512e-06
-3.40254e-06,-4.2512e-06,-5.65355e-06,-7.74286e-06,-1.05004e-05,-1.37413e-05,-1.71592e-05,-2.04073e-05,-2.31706e-05,-2.51799e-05,-2.62344e-05,-2.62319e-05,-2.5178e-05,-2.317e-05,-2.04066e-05,-1.71602e-05,-1.37422e-05,-1.04985e-05,-7.74307e-06,-5.65556e-06,-4.24831e-06,-3.40127e-06
-3.34695e-06,-4.17389e-06,-5.54455e-06,-7.58878e-06,-1.02923e-05,-1.34757e-05,-1.68356e-05,-2.00329e-05,-2.27532e-05,-2.47345e-05,-2.57724e-05,-2.57703e-05,-2.47313e-05,-2.2754e-05,-2.00319e-05,-1.68375e-05,-1.34768e-05,-1.02918e-05,-7.58975e-06,-5.54706e-06,-4.17293e-06,-3.34478e-06
-3.29326e-06,-4.10036e-06,-5.43753e-06,-7.43701e-06,-1.00853e-05,-1.32118e-05,-1.6514e-05,-1.9659e-05,-2.23377e-05,-2.42873e-05,-2.53119e-05,-2.53088e-05,-2.42859e-05,-2.23379e-05,-1.96595e-05,-1.65145e-05,-1.32119e-05,-1.00843e-05,-7.43623e-06,-5.43904e-06,-4.09796e-06,-3.28985e-06
-3.24157e-06,-4.02788e-06,-5.33382e-06,-7.29037e-06,-9.8876e-06,-1.29568e-05,-1.62049e-05,-1.92986e-05,-2.19363e-05,-2.38573e-05,-2.48678e-05,-2.48617e-05,-2.38557e-05,-2.19371e-05,-1.93001e-05,-1.62043e-05,-1.29569e-05,-9.88506e-06,-7.28975e-06,-5.33529e-06,-4.02527e-06,-3.23943e-06
-3.18868e-06,-3.95666e-06,-5.23082e-06,-7.14526e-06,-9.69058e-06,-1.2706e-05,-1.58987e-05,-1.89427e-05,-2.15413e-05,-2.34334e-05,-2.44295e-05,-2.4426e-05,-2.34318e-05,-2.15418e-05,-1.89443e-05,-1.58989e-05,-1.27057e-05,-9.68948e-06,-7.14443e-06,-5.23305e-06,-3.95434e-06,-3.18541e-06
-3.13934e-06,-3.88682e-06,-5.13143e-06,-7.00315e-06,-9.49832e-06,-1.24587e-05,-1.5599e-05,-1.85965e-05,-2.11533e-05,-2.30172e-05,-2.39984e-05,-2.39949e-05,-2.30152e-05,-2.11533e-05,-1.85961e-05,-1.55995e-05,-1.24599e-05,-9.49816e-06,-7.00292e-06,-5.13349e-06,-3.88589e-06,-3.13412e-06
-3.08938e-06,-3.81811e-06,-5.03364e-06,-6.86515e-06,-9.31155e-06,-1.22168e-05,-1.53045e-05,-1.82543e-05,-2.07725e-05,-2.26082e-05,-2.35739e-05,-2.35717e-05,-2.26063e-05,-2.07721e-05,-1.82532e-05,-1.53055e-05,-1.2218e-05,-9.31044e-06,-6.86462e-06,-5.03498e-06,-3.81727e-06,-3.08706e-06
-3.04074e-06,-3.75264e-06,-4.93838e-06,-6.73067e-06,-9.12993e-06,-1.19829e-05,-1.50195e-05,-1.79223e-05,-2.04021e-05,-2.22121e-05,-2.3164e-05,-2.31602e-05,-2.22093e-05,-2.04019e-05,-1.79206e-05,-1.50204e-05,-1.19841e-05,-9.12768e-06,-6.73019e-06,-4.93992e-06,-3.75093e-06,-3.03844e-06
-2.99403e-06,-3.68866e-06,-4.8465e-06,-6.60146e-06,-8.95102e-06,-1.17549e-05,-1.4741e-05,-1.75976e-05,-2.0039e-05,-2.18225e-05,-2.2761e-05,-2.27578e-05,-2.18204e-05,-2.00398e-05,-1.75975e-05,-1.47404e-05,-1.17552e-05,-8.95026e-06,-6.59924e-06,-4.8479e-06,-3.68713e-06,-2.99077e-06
-2.9472e-06,-3.6239e-06,-4.75428e-06,-6.4692e-06,-8.77431e-06,-1.15263e-05,-1.4462e-05,-1.72733e-05,-1.96777e-05,-2.14338e-05,-2.23583e-05,-2.23557e-05,-2.14326e-05,-1.96775e-05,-1.72727e-05,-1.44621e-05,-1.1527e-05,-8.77331e-06,-6.46881e-06,-4.75587e-06,-3.623e-06,-2.94564e-06
-2.90342e-06,-3.56415e-06,-4.66774e-06,-6.34651e-06,-8.60814e-06,-1.13137e-05,-1.42032e-05,-1.69714e-05,-1.9341e-05,-2.10716e-05,-2.19832e-05,-2.19823e-05,-2.10709e-05,-1.93403e-05,-1.69709e-05,-1.42016e-05,-1.13145e-05,-8.60739e-06,-6.34577e-06,-4.66916e-06,-3.56243e-06,-2.89872e-06
-2.85842e-06,-3.50266e-06,-4.58122e-06,-6.22386e-06,-8.43942e-06,-1.10949e-05,-1.39347e-05,-1.66587e-05,-1.89921e-05,-2.06974e-05,-2.15961e-05,-2.15929e-05,-2.06967e-05,-1.89928e-05,-1.66591e-05,-1.39347e-05,-1.10965e-05,-8.43885e-06,-6.22227e-06,-4.58182e-06,-3.5015e-06,-2.85631e-06
-2.81368e-06,-3.44262e-06,-4.49421e-06,-6.1004e-06,-8.27214e-06,-1.08785e-05,-1.36703e-05,-1.63509e-05,-1.86476e-05,-2.03275e-05,-2.12123e-05,-2.121e-05,-2.03257e-05,-1.86471e-05,-1.635e-05,-1.36709e-05,-1.08794e-05,-8.27103e-06,-6.10017e-06,-4.49551e-06,-3.44182e-06,-2.81142e-06
-2.77155e-06,-3.38526e-06,-4.41197e-06,-5.98384e-06,-8.11407e-06,-1.06741e-05,-1.34192e-05,-1.60575e-05,-1.83187e-05,-1.99759e-05,-2.08474e-05,-2.08438e-05,-1.99733e-05,-1.832e-05,-1.60578e-05,-1.34204e-05,-1.06733e-05,-8.11205e-06,-5.98399e-06,-4.41286e-06,-3.3835e-06,-2.76928e-06
-2.7302e-06,-3.32903e-06,-4.3316e-06,-5.86923e-06,-7.95886e-06,-1.04732e-05,-1.31738e-05,-1.57712e-05,-1.79985e-05,-1.9632e-05,-2.04918e-05,-2.04882e-05,-1.96305e-05,-1.7999e-05,-1.57704e-05,-1.31748e-05,-1.04739e-05,-7.95677e-06,-5.87002e-06,-4.33253e-06,-3.32746e-06,-2.72559e-06
-2.6896e-06,-3.27568e-06,-4.25349e-06,-5.75863e-06,-7.80584e-06,-1.02769e-05,-1.29337e-05,-1.54911e-05,-1.76851e-05,-1.92939e-05,-2.01415e-05,-2.01389e-05,-1.9292e-05,-1.76854e-05,-1.54902e-05,-1.29328e-05,-1.02768e-05,-7.80567e-06,-5.7585e-06,-4.25462e-06,-3.2734e-06,-2.68544e-06
-2.64661e-06,-3.21876e-06,-4.17508e-06,-5.64712e-06,-7.65454e-06,-1.00795e-05,-1.26913e-05,-1.52085e-05,-1.7368e-05,-1.89541e-05,-1.97892e-05,-1.97861e-05,-1.89521e-05,-1.7369e-05,-1.52072e-05,-1.2691e-05,-1.00801e-05,-7.65269e-06,-5.64742e-06,-4.17589e-06,-3.21784e-06,-2.64522e-06
-2.60282e-06,-3.16893e-06,-4.1005e-06,-5.54194e-06,-7.50985e-06,-9.89396e-06,-1.2464e-05,-1.49412e-05,-1.70716e-05,-1.86316e-05,-1.94563e-05,-1.94537e-05,-1.86308e-05,-1.70711e-05,-1.49406e-05,-1.24645e-05,-9.89453e-06,-7.51e-06,-5.54238e-06,-4.10187e-06,-3.16646e-06,-2.60941e-06
-2.56982e-06,-3.1149e-06,-4.02631e-06,-5.43716e-06,-7.36694e-06,-9.7056e-06,-1.22336e-05,-1.4672e-05,-1.67693e-05,-1.83083e-05,-1.91204e-05,-1.91174e-05,-1.83065e-05,-1.67693e-05,-1.46717e-05,-1.22326e-05,-9.70731e-06,-7.36568e-06,-5.43525e-06,-4.02736e-06,-3.11194e-06,-2.56795e-06
-2.53207e-06,-3.06591e-06,-3.95329e-06,-5.33208e-06,-7.22319e-06,-9.52076e-06,-1.20051e-05,-1.44062e-05,-1.6471e-05,-1.79869e-05,-1.8788e-05,-1.87847e-05,-1.79853e-05,-1.64703e-05,-1.44049e-05,-1.20056e-05,-9.52202e-06,-7.22247e-06,-5.33156e-06,-3.95343e-06,-3.06305e-06,-2.52679e-06
-2.49439e-06,-3.01452e-06,-3.88342e-06,-5.23236e-06,-7.08649e-06,-9.343e-06,-1.17868e-05,-1.415e-05,-1.61845e-05,-1.7679e-05,-1.84674e-05,-1.84652e-05,-1.7676e-05,-1.61846e-05,-1.41492e-05,-1.17869e-05,-9.34471e-06,-7.08592e-06,-5.23153e-06,-3.88266e-06,-3.01292e-06,-2.49301e-06
-2.45745e-06,-2.96806e-06,-3.81338e-06,-5.13406e-06,-6.95232e-06,-9.16835e-06,-1.15732e-05,-1.39001e-05,-1.59034e-05,-1.73748e-05,-1.81538e-05,-1.8151e-05,-1.73735e-05,-1.59033e-05,-1.38978e-05,-1.15737e-05,-9.17002e-06,-6.95226e-06,-5.13331e-06,-3.81402e-06,-2.96495e-06,-2.4551e-06
-2.42014e-06,-2.91848e-06,-3.74555e-06,-5.03636e-06,-6.8194e-06,-8.99656e-06,-1.13596e-05,-1.36513e-05,-1.56234e-05,-1.70757e-05,-1.78404e-05,-1.78395e-05,-1.70736e-05,-1.56237e-05,-1.36503e-05,-1.13602e-05,-8.99705e-06,-6.81881e-06,-5.03668e-06,-3.74599e-06,-2.91627e-06,-2.41837e-06
-2.3865e-06,-2.87343e-06,-3.67987e-06,-4.9448e-06,-6.69329e-06,-8.83064e-06,-1.11566e-05,-1.34124e-05,-1.5357e-05,-1.67866e-05,-1.75427e-05,-1.75387e-05,-1.67845e-05,-1.53565e-05,-1.34123e-05,-1.11568e-05,-8.83139e-06,-6.69161e-06,-4.9444e-06,-3.68092e-06,-2.86968e-06,-2.38067e-06
