0.000637112,0.000644309,0.000665546,0.00072623,0.000742732,0.000759371,0.000777107,0.000779908,0.000810311,0.000825019,0.000833579,0.000817311,0.000803221,0.000801193,0.00078778,0.000765758,0.000769711,0.000725061,0.000708983,0.000672923,0.000627452,0.000616246
0.000594774,0.000608572,0.00063435,0.000691274,0.000704684,0.000727186,0.000738864,0.000739151,0.000772261,0.000782709,0.000799207,0.000779463,0.000768973,0.000765666,0.000752379,0.000730574,0.000739327,0.0006845,0.000681145,0.000633286,0.000593811,0.000577168
0.000567577,0.00057627,0.000594204,0.000654867,0.000665452,0.000691869,0.000710631,0.000708256,0.000736411,0.000753912,0.000763726,0.000741717,0.000734402,0.000732081,0.000720564,0.000694429,0.000684814,0.000652317,0.000638671,0.000602565,0.000564592,0.000540472
0.000530437,0.000549801,0.000565047,0.000621719,0.000638427,0.000658629,0.000678057,0.000679093,0.00070616,0.00072131,0.000730047,0.000708236,0.000705474,0.000702306,0.000691084,0.000669282,0.000655366,0.000625914,0.00061329,0.000568799,0.000534423,0.000506276
0.000501805,0.000522123,0.000539498,0.000593048,0.00061099,0.00062958,0.000648626,0.000651445,0.000678124,0.000693742,0.000698961,0.000678595,0.000678581,0.000673459,0.000663387,0.000642986,0.000624339,0.000598114,0.000583604,0.000540572,0.000508395,0.000479408
0.000474767,0.000494782,0.000517271,0.000566433,0.000587212,0.000602644,0.000621314,0.000624942,0.000651711,0.000669356,0.000670736,0.000653475,0.000653167,0.000645392,0.000636435,0.000619374,0.000597811,0.000570923,0.000556745,0.000512853,0.000484604,0.000456945
0.000451577,0.000471464,0.000494865,0.00054203,0.000561106,0.000577083,0.000595389,0.000600906,0.000628184,0.000644485,0.000641629,0.000627487,0.00063035,0.000619661,0.000612153,0.000594131,0.000571379,0.000550042,0.000529228,0.000491347,0.000461539,0.000434841
0.000428916,0.000450076,0.000476438,0.000517282,0.000538004,0.000551491,0.00057167,0.000577924,0.000605754,0.000620961,0.000616341,0.00060482,0.000609339,0.000595187,0.000588242,0.000572763,0.000549851,0.000528235,0.000503632,0.000470849,0.000439059,0.000417216
0.000408326,0.000426723,0.000456524,0.000496826,0.000516297,0.000531001,0.000547729,0.000555997,0.000583484,0.000598746,0.000591613,0.000584194,0.000587402,0.000571603,0.000566707,0.000549882,0.000528595,0.000507183,0.000481829,0.000449018,0.000421062,0.000397775
0.000389013,0.000410539,0.000440824,0.000476953,0.000496479,0.000510405,0.00052761,0.000536057,0.000560028,0.000584103,0.00057017,0.000565282,0.00056551,0.000552859,0.00054602,0.000527001,0.000507825,0.000489271,0.000456147,0.00043227,0.000402196,0.000380048
0.00036796,0.000388466,0.000425379,0.000451983,0.000477577,0.000490013,0.000504851,0.000515511,0.000545636,0.000557255,0.000547416,0.000544896,0.000547651,0.000530029,0.000528966,0.000510547,0.000492759,0.000469543,0.000438798,0.000412771,0.000386619,0.000364515
0.000355331,0.000371234,0.000406924,0.000442778,0.000457992,0.000470661,0.000487214,0.000501602,0.00052635,0.000537904,0.000527552,0.000528316,0.000525306,0.000508766,0.000508994,0.000488203,0.000480162,0.000452233,0.000422543,0.000394044,0.000373485,0.000347974
0.000338193,0.00035219,0.000392637,0.000420594,0.000438517,0.000455857,0.000466492,0.00048189,0.000503965,0.000516063,0.000510301,0.000512872,0.000512732,0.000490377,0.000490395,0.000472898,0.00045951,0.000433841,0.000406769,0.000380361,0.000356575,0.000335444
0.000322063,0.000337752,0.000379491,0.000407121,0.000427153,0.000436259,0.000449667,0.00046851,0.000488,0.00049618,0.000492452,0.000494868,0.0004901,0.000473169,0.000477421,0.000457636,0.000444645,0.000417448,0.000385369,0.000369219,0.000339889,0.000322316
0.000307855,0.000323494,0.000363604,0.000388,0.000408496,0.000422636,0.000435019,0.000453733,0.000471616,0.000478209,0.000476669,0.000478123,0.000474306,0.000455789,0.000457574,0.000441193,0.000430279,0.000403195,0.00037349,0.000353009,0.000327918,0.000307538
0.000292933,0.000311871,0.000354095,0.00036963,0.000393088,0.000405873,0.00041836,0.000441679,0.00045512,0.000461709,0.000462114,0.0004605,0.000459727,0.000441021,0.000442581,0.000426756,0.000414821,0.000389111,0.000359167,0.000339151,0.000314061,0.000294337
0.000280646,0.000298061,0.000335723,0.00036268,0.000381684,0.000399267,0.000409005,0.000427837,0.000442309,0.000447315,0.000444608,0.000449558,0.000440383,0.000423272,0.000428939,0.000410603,0.000403577,0.000380289,0.000347344,0.000329876,0.000305336,0.00028162
0.000267716,0.000286615,0.000329136,0.000347246,0.000366612,0.000380864,0.000393651,0.000416818,0.000425027,0.000428668,0.000430466,0.000433899,0.000425243,0.000412122,0.00041404,0.000398361,0.000388516,0.000363612,0.000330851,0.000317624,0.000289598,0.000269353
0.000258724,0.000274739,0.000314977,0.000332345,0.000354712,0.000368963,0.000380448,0.000401033,0.00041472,0.000412265,0.000419718,0.000418188,0.00041068,0.000396604,0.000400539,0.000386801,0.000376609,0.000354756,0.000323309,0.000305591,0.000281651,0.00026052
0.000248295,0.000265411,0.00030457,0.000321925,0.000341849,0.000352094,0.000364672,0.000390138,0.000396078,0.000397515,0.000407957,0.000405387,0.000397703,0.000384132,0.000387497,0.000374327,0.000361903,0.000338589,0.000310176,0.000291508,0.000268267,0.000249885
0.000237591,0.000254713,0.000292026,0.000308691,0.000329647,0.000344853,0.000355988,0.000376545,0.000388035,0.000384177,0.000393386,0.0003907,0.000383009,0.000371838,0.000375665,0.000360476,0.000350903,0.000331172,0.000300835,0.00028455,0.000261172,0.000239884
0.000228073,0.000245395,0.000279962,0.000301167,0.00031802,0.000330989,0.000343373,0.000365688,0.000372121,0.000370738,0.000380577,0.000377839,0.000370176,0.000362321,0.00036383,0.000345518,0.000335891,0.00031635,0.000286013,0.000276249,0.000249742,0.000230706
0.000221788,0.000235406,0.000266289,0.000288013,0.000304434,0.0003229,0.00033246,0.000351625,0.000362791,0.000357912,0.000370269,0.000363981,0.000358981,0.000351089,0.000352916,0.000333925,0.000322574,0.000307445,0.00027937,0.000265592,0.000245595,0.000222375
0.000210042,0.000229763,0.000256705,0.000278826,0.000295738,0.000311048,0.00032306,0.000343916,0.000348181,0.000349369,0.000356917,0.000354719,0.000347254,0.000339859,0.000340164,0.00032087,0.000314053,0.000298696,0.000268739,0.000257281,0.000232025,0.000211783
0.000203731,0.000221401,0.00025199,0.000267855,0.000283413,0.000300601,0.000311403,0.00033148,0.000337241,0.000335527,0.000345132,0.000340363,0.000336197,0.000331155,0.000333219,0.000311924,0.000303102,0.000285352,0.000261116,0.000248702,0.000224991,0.000205327
0.000192934,0.000212911,0.000239638,0.000257771,0.000272545,0.000290176,0.000301137,0.000320306,0.00032576,0.000325912,0.00033402,0.000331682,0.000325466,0.00031954,0.000323159,0.000300641,0.000292207,0.000274876,0.000251472,0.000237171,0.000216801,0.000194591
0.000185091,0.000206152,0.000231791,0.000250099,0.00026291,0.000281287,0.000292132,0.000308879,0.000316378,0.000315012,0.000324085,0.00032065,0.000314736,0.000309533,0.000313015,0.000290463,0.000283659,0.000266274,0.000243028,0.000230053,0.000209926,0.000186753
0.000177734,0.000198298,0.000222285,0.000240327,0.000253736,0.000269833,0.000280695,0.000298773,0.000303467,0.000304971,0.000314442,0.000311003,0.000306878,0.000300739,0.000303334,0.000281985,0.000273485,0.000255172,0.000234901,0.000218603,0.000201174,0.000178666
0.000171363,0.000192829,0.000215024,0.00023317,0.000244756,0.000261928,0.000274128,0.00028889,0.000294311,0.000295184,0.000304305,0.000299969,0.000295139,0.000290799,0.000296257,0.000271589,0.000265646,0.000247738,0.000227208,0.000213312,0.000194566,0.000172197
0.000163659,0.000186755,0.000206972,0.000223746,0.00023651,0.000254014,0.00026278,0.000280967,0.000284184,0.000286883,0.000293497,0.000292238,0.000287605,0.000285287,0.000287284,0.00026287,0.000256341,0.000239918,0.000219715,0.000205177,0.0001872,0.000163811
0.000158585,0.000181286,0.000199284,0.000217605,0.000228902,0.000243955,0.000256403,0.000272761,0.00027362,0.000279477,0.000285531,0.000281448,0.000277417,0.000273343,0.000278575,0.000253371,0.000246303,0.000232202,0.000213156,0.00019925,0.000182822,0.000158129
0.000153544,0.00017362,0.00019118,0.000209591,0.000220726,0.000235157,0.000246768,0.000260344,0.00026467,0.000266995,0.000276847,0.000273278,0.000269822,0.000267677,0.000267938,0.000245202,0.000238538,0.000222946,0.000204949,0.000190354,0.000174867,0.000151601
0.000147497,0.000168009,0.000184389,0.000202352,0.000212727,0.000227606,0.000238749,0.000252737,0.000255264,0.000259562,0.000267904,0.000264463,0.000260823,0.000258689,0.000260468,0.000237246,0.000230438,0.000214908,0.000198489,0.000183431,0.00016869,0.000145697
0.000141602,0.000162994,0.000177875,0.000195595,0.000205512,0.000219634,0.000230614,0.000244258,0.000246154,0.00025327,0.000259109,0.000255172,0.000253707,0.000251157,0.000252567,0.00022949,0.000223287,0.000207916,0.000192388,0.000177118,0.0001633,0.000140047
0.000137318,0.000156068,0.000171073,0.000189027,0.000199295,0.000212211,0.000222927,0.000237725,0.000238119,0.000243172,0.000251315,0.00024772,0.000244825,0.000242701,0.000243937,0.000222115,0.000214412,0.000200394,0.000185222,0.000170082,0.000157339,0.000134148
0.000132723,0.000151805,0.000164287,0.000182954,0.000190871,0.000204413,0.000217623,0.000228062,0.000231658,0.000235341,0.000243441,0.000241098,0.000237332,0.000235364,0.000235997,0.000213253,0.000207364,0.000193764,0.000179701,0.000164357,0.000151773,0.000129193
0.000127546,0.000144756,0.000160246,0.000176017,0.000184579,0.000198948,0.000206972,0.000221048,0.00022206,0.000227886,0.000234897,0.000232028,0.000230149,0.000227807,0.000227617,0.000208308,0.00020101,0.000185399,0.000173098,0.000157139,0.00014574,0.00012435
0.00012359,0.0001398,0.000154121,0.000170181,0.000177997,0.000192378,0.000200652,0.000213867,0.00021501,0.00022133,0.000226664,0.000225248,0.0002227,0.000220746,0.000219889,0.000201406,0.000194376,0.000179853,0.000167417,0.000151992,0.000140515,0.00011917
0.00011925,0.00013498,0.000147289,0.000164729,0.000172869,0.000185261,0.000194112,0.000208805,0.000208644,0.000213425,0.000220372,0.000215975,0.000214895,0.000213505,0.000213099,0.000194871,0.000187096,0.000174758,0.000162344,0.000146832,0.000135836,0.000114688
0.000115593,0.000131214,0.000141243,0.000158502,0.000165985,0.000180908,0.000188453,0.000198576,0.00020093,0.000205787,0.000214093,0.000210355,0.000208791,0.000209106,0.000205307,0.000189208,0.000181618,0.000170265,0.000157161,0.000141492,0.000130834,0.000110705
0.000110656,0.000125773,0.000136671,0.000153806,0.000159749,0.000173581,0.000182452,0.00019254,0.000193575,0.000200815,0.000205549,0.000203169,0.000201578,0.00020012,0.000198401,0.000182514,0.000175188,0.000162946,0.00015144,0.000136698,0.000125836,0.000106058
0.000106923,0.000121247,0.000131657,0.000148444,0.000154495,0.000167434,0.000175725,0.000186782,0.000187349,0.000194506,0.000199347,0.0001954,0.00019453,0.00019315,0.000191786,0.000176249,0.00016949,0.000156983,0.000146398,0.000131877,0.000121145,0.000102331
0.000103254,0.000116566,0.000126997,0.000142984,0.000149234,0.000162371,0.000170552,0.000180484,0.000181272,0.000188086,0.000192227,0.000190259,0.000188968,0.000187579,0.000185536,0.000171526,0.000164168,0.000152255,0.000142245,0.000126817,0.00011659,9.8582e-05
9.95805e-05,0.000112245,0.00012288,0.00013834,0.000143558,0.000156446,0.000164471,0.000174357,0.000175698,0.000181471,0.000186153,0.000183055,0.000182262,0.000181578,0.000178683,0.000165524,0.000157694,0.000146955,0.000136943,0.000122346,0.000112143,9.52193e-05
9.57186e-05,0.000109222,0.000120168,0.000133084,0.000138472,0.000150192,0.000159123,0.000168155,0.000168846,0.000177533,0.000179903,0.000178211,0.000177993,0.00017673,0.000172634,0.000160502,0.0001532,0.000142876,0.000133888,0.000119142,0.00010938,9.2622e-05
9.20386e-05,0.000103784,0.000114555,0.000128133,0.000134198,0.000146145,0.000153616,0.000162572,0.000163517,0.000170532,0.000173675,0.000170739,0.000170026,0.000169258,0.000166638,0.00015429,0.000146962,0.000136096,0.000127219,0.000113713,0.000103547,8.90137e-05
8.91101e-05,9.95877e-05,0.000111054,0.000124152,0.000129858,0.000140912,0.000148586,0.000157403,0.00015826,0.000165194,0.000167956,0.000165744,0.000165681,0.000164733,0.000160824,0.000149591,0.000142758,0.000132504,0.000122979,0.000109728,9.94603e-05,8.59305e-05
8.60505e-05,9.61238e-05,0.000106684,0.000119246,0.00012496,0.000136405,0.000144556,0.000151625,0.000152919,0.000159515,0.000161958,0.000159286,0.000158701,0.000158926,0.000154686,0.000144505,0.000137403,0.000127103,0.000119048,0.000106572,9.6837e-05,8.2807e-05
8.20558e-05,9.21377e-05,0.000103335,0.000115438,0.000120796,0.000131688,0.000138239,0.000147167,0.000147963,0.000154675,0.000158588,0.000154452,0.000153097,0.00015252,0.000149737,0.000139784,0.00013176,0.000121853,0.000114993,0.00010261,9.22634e-05,7.97132e-05
7.94965e-05,8.8545e-05,9.94047e-05,0.000111985,0.000116792,0.000127446,0.000133643,0.000142663,0.000144484,0.000149036,0.000152091,0.000148408,0.000148862,0.000147121,0.000144419,0.000134071,0.000127394,0.000118137,0.000111152,9.87545e-05,8.85756e-05,7.71758e-05
7.62478e-05,8.52421e-05,9.61851e-05,0.00010733,0.00011273,0.000122998,0.000129346,0.000137092,0.00013854,0.000144801,0.000147794,0.000144109,0.000143426,0.000142661,0.000140013,0.000130707,0.00012295,0.000113712,0.000106979,9.55275e-05,8.54344e-05,7.407e-05
7.38196e-05,8.18427e-05,9.27144e-05,0.000103992,0.000109326,0.000119228,0.000124982,0.000133117,0.000134273,0.000139633,0.000143127,0.000138383,0.000137762,0.000138083,0.000135749,0.000127507,0.000119226,0.000110235,0.000105093,9.30176e-05,8.31722e-05,7.17747e-05
7.12917e-05,7.93284e-05,8.94527e-05,9.97802e-05,0.000105365,0.000116534,0.000121264,0.000129096,0.000130949,0.00013407,0.000138348,0.000133876,0.000133772,0.000134846,0.000131012,0.000123399,0.00011579,0.000106457,0.000101491,8.88484e-05,7.97978e-05,7.00397e-05
6.85455e-05,7.64095e-05,8.62036e-05,9.65607e-05,0.000101169,0.000111441,0.000117102,0.000123962,0.000125589,0.000130803,0.000133343,0.000129596,0.00013001,0.000128833,0.000125831,0.000117923,0.000111579,0.000103006,9.69487e-05,8.65224e-05,7.72496e-05,6.71434e-05
6.61105e-05,7.33397e-05,8.31987e-05,9.31295e-05,9.81119e-05,0.000107409,0.000113758,0.00011988,0.000121641,0.000126241,0.000128592,0.0001248,0.000125719,0.000125381,0.000121429,0.000114684,0.000107577,9.9343e-05,9.38092e-05,8.3207e-05,7.38527e-05,6.47711e-05
6.38076e-05,7.09711e-05,8.07466e-05,8.9889e-05,9.45381e-05,0.000104363,0.000109866,0.000116043,0.000117695,0.000121949,0.000125281,0.00012148,0.000122193,0.000121577,0.000117225,0.000110342,0.000104545,9.61168e-05,9.12563e-05,8.07852e-05,7.14397e-05,6.31693e-05
6.14114e-05,6.83721e-05,7.80176e-05,8.63323e-05,9.17455e-05,0.000100116,0.000106089,0.000112177,0.000113911,0.00011875,0.000120255,0.000117156,0.00011773,0.000117453,0.000113626,0.00010834,0.000100253,9.28331e-05,8.78709e-05,7.78241e-05,6.8755e-05,6.05235e-05
5.90821e-05,6.59054e-05,7.51453e-05,8.35883e-05,8.83738e-05,9.7316e-05,0.000102644,0.000108836,0.000110591,0.000114561,0.000116683,0.000113167,0.000114554,0.000113105,0.000110127,0.000103709,9.73448e-05,8.98822e-05,8.47378e-05,7.51222e-05,6.66107e-05,5.85592e-05
5.70222e-05,6.35288e-05,7.24759e-05,8.05604e-05,8.58322e-05,9.42612e-05,9.93967e-05,0.00010508,0.000107409,0.000111054,0.000112735,0.000109678,0.000110441,0.000110129,0.00010646,0.000101085,9.36715e-05,8.69759e-05,8.20182e-05,7.26536e-05,6.4075e-05,5.62936e-05
5.49662e-05,6.15011e-05,6.99312e-05,7.77989e-05,8.3325e-05,9.1896e-05,9.62481e-05,0.000101913,0.000104112,0.000107683,0.000109387,0.000106084,0.000106571,0.000107295,0.000103083,9.81632e-05,9.07556e-05,8.37891e-05,7.87764e-05,7.0363e-05,6.19718e-05,5.4647e-05
5.35039e-05,5.89148e-05,6.77311e-05,7.50347e-05,8.07869e-05,8.89425e-05,9.38823e-05,9.85444e-05,0.000101573,0.000104011,0.000105254,0.000102904,0.000103051,0.000104056,0.000100243,9.56468e-05,8.71791e-05,8.20926e-05,7.72068e-05,6.82874e-05,6.03189e-05,5.24251e-05
5.11044e-05,5.73251e-05,6.55131e-05,7.25154e-05,7.79685e-05,8.55433e-05,8.99842e-05,9.57512e-05,9.83062e-05,0.000101393,0.000102276,9.98357e-05,0.000101111,9.99637e-05,9.68621e-05,9.18023e-05,8.48594e-05,7.89562e-05,7.41587e-05,6.59435e-05,5.80406e-05,5.07342e-05
4.93979e-05,5.53684e-05,6.31446e-05,7.00413e-05,7.54618e-05,8.30007e-05,8.73304e-05,9.25072e-05,9.50973e-05,9.82223e-05,9.91562e-05,9.6759e-05,9.75774e-05,9.72283e-05,9.37591e-05,8.93076e-05,8.20563e-05,7.64223e-05,7.19431e-05,6.36547e-05,5.58164e-05,4.90227e-05
4.76413e-05,5.36524e-05,6.12288e-05,6.77481e-05,7.29726e-05,8.06359e-05,8.43195e-05,8.98217e-05,9.24287e-05,9.51871e-05,9.63574e-05,9.42119e-05,9.49083e-05,9.43024e-05,9.07856e-05,8.62627e-05,7.96926e-05,7.39871e-05,6.99783e-05,6.17568e-05,5.41982e-05,4.76501e-05
4.61156e-05,5.17592e-05,5.90709e-05,6.54722e-05,7.0801e-05,7.78539e-05,8.1839e-05,8.70197e-05,8.96163e-05,9.24108e-05,9.31291e-05,9.12012e-05,9.20406e-05,9.15481e-05,8.81902e-05,8.42664e-05,7.69325e-05,7.21351e-05,6.75216e-05,5.97763e-05,5.22874e-05,4.58101e-05
4.46714e-05,5.0154e-05,5.71384e-05,6.34264e-05,6.89841e-05,7.58514e-05,7.95503e-05,8.41585e-05,8.6972e-05,9.01936e-05,9.05825e-05,8.88425e-05,8.96371e-05,8.92977e-05,8.59268e-05,8.16169e-05,7.4848e-05,7.00906e-05,6.53472e-05,5.79981e-05,5.06222e-05,4.42037e-05
4.26806e-05,4.86435e-05,5.54944e-05,6.10337e-05,6.68066e-05,7.35379e-05,7.67755e-05,8.18606e-05,8.44484e-05,8.79057e-05,8.79036e-05,8.63038e-05,8.65099e-05,8.64323e-05,8.31544e-05,7.98322e-05,7.22417e-05,6.7494e-05,6.31633e-05,5.61907e-05,4.88783e-05,4.29581e-05
4.148e-05,4.69391e-05,5.33982e-05,5.92372e-05,6.47364e-05,7.15996e-05,7.47923e-05,7.93892e-05,8.22208e-05,8.48832e-05,8.53687e-05,8.39241e-05,8.35728e-05,8.42445e-05,8.08976e-05,7.72662e-05,6.98336e-05,6.55754e-05,6.14627e-05,5.44099e-05,4.74349e-05,4.13798e-05
4.01293e-05,4.54602e-05,5.18123e-05,5.7441e-05,6.25558e-05,6.95903e-05,7.27441e-05,7.74368e-05,7.96388e-05,8.25839e-05,8.34222e-05,8.16478e-05,8.11014e-05,8.1865e-05,7.86872e-05,7.54489e-05,6.7815e-05,6.39778e-05,6.01437e-05,5.29135e-05,4.60251e-05,4.02524e-05
3.88804e-05,4.40552e-05,4.9874e-05,5.58255e-05,6.09727e-05,6.7233e-05,7.05749e-05,7.46671e-05,7.75947e-05,8.05352e-05,8.02806e-05,7.90106e-05,7.93405e-05,7.90079e-05,7.60618e-05,7.25787e-05,6.6049e-05,6.1928e-05,5.80062e-05,5.11902e-05,4.44036e-05,3.87211e-05
3.76838e-05,4.27159e-05,4.82656e-05,5.406e-05,5.91731e-05,6.5316e-05,6.86107e-05,7.25596e-05,7.54071e-05,7.82442e-05,7.77535e-05,7.65824e-05,7.73368e-05,7.69848e-05,7.41323e-05,7.03365e-05,6.42295e-05,6.00816e-05,5.59709e-05,4.9563e-05,4.28981e-05,3.75394e-05
3.63899e-05,4.14704e-05,4.68302e-05,5.23982e-05,5.74995e-05,6.33318e-05,6.65408e-05,7.10024e-05,7.39128e-05,7.60817e-05,7.55247e-05,7.49885e-05,7.52061e-05,7.44589e-05,7.17712e-05,6.83868e-05,6.2009e-05,5.83914e-05,5.45837e-05,4.7996e-05,4.18035e-05,3.62535e-05
3.50363e-05,4.03391e-05,4.55449e-05,5.10045e-05,5.57414e-05,6.17807e-05,6.46868e-05,6.89593e-05,7.16142e-05,7.37965e-05,7.39857e-05,7.27215e-05,7.31969e-05,7.28619e-05,7.01572e-05,6.66849e-05,6.06724e-05,5.66913e-05,5.2867e-05,4.65085e-05,4.05758e-05,3.55055e-05
3.41909e-05,3.89761e-05,4.39575e-05,4.95625e-05,5.42828e-05,5.98515e-05,6.26631e-05,6.67309e-05,6.95197e-05,7.2418e-05,7.16784e-05,7.11948e-05,7.11928e-05,7.06016e-05,6.83585e-05,6.46357e-05,5.88133e-05,5.52445e-05,5.1142e-05,4.52734e-05,3.91421e-05,3.41443e-05
3.29855e-05,3.78249e-05,4.27282e-05,4.78605e-05,5.27011e-05,5.81498e-05,6.069e-05,6.49487e-05,6.76487e-05,7.03446e-05,6.98375e-05,6.91931e-05,6.93533e-05,6.87773e-05,6.63844e-05,6.29536e-05,5.70898e-05,5.38092e-05,4.97663e-05,4.39901e-05,3.81011e-05,3.30993e-05
3.20453e-05,3.67121e-05,4.15034e-05,4.65126e-05,5.12679e-05,5.67427e-05,5.95727e-05,6.35236e-05,6.60107e-05,6.82783e-05,6.82247e-05,6.73988e-05,6.70679e-05,6.73742e-05,6.43257e-05,6.12728e-05,5.55485e-05,5.21483e-05,4.81586e-05,4.25666e-05,3.69098e-05,3.20901e-05
3.10128e-05,3.56066e-05,4.01655e-05,4.5348e-05,4.97602e-05,5.49727e-05,5.76542e-05,6.1555e-05,6.44434e-05,6.68797e-05,6.60274e-05,6.56238e-05,6.54745e-05,6.49487e-05,6.28634e-05,5.96276e-05,5.40876e-05,5.09478e-05,4.70334e-05,4.1584e-05,3.58268e-05,3.11558e-05
3.00828e-05,3.4577e-05,3.91091e-05,4.4001e-05,4.85168e-05,5.34632e-05,5.61584e-05,5.99298e-05,6.27346e-05,6.49853e-05,6.40457e-05,6.40838e-05,6.37467e-05,6.33061e-05,6.11253e-05,5.78882e-05,5.25116e-05,4.96757e-05,4.5666e-05,4.04588e-05,3.47664e-05,3.01539e-05
2.90503e-05,3.35266e-05,3.78384e-05,4.27437e-05,4.71145e-05,5.19968e-05,5.4828e-05,5.83323e-05,6.0993e-05,6.34298e-05,6.28901e-05,6.24548e-05,6.21606e-05,6.16779e-05,5.94276e-05,5.65172e-05,5.08948e-05,4.84103e-05,4.44401e-05,3.92259e-05,3.37705e-05,2.91568e-05
2.82275e-05,3.2547e-05,3.67171e-05,4.1562e-05,4.59436e-05,5.05205e-05,5.30486e-05,5.67567e-05,5.95955e-05,6.19209e-05,6.10524e-05,6.09711e-05,6.05849e-05,5.99005e-05,5.80307e-05,5.47309e-05,4.98753e-05,4.69935e-05,4.30766e-05,3.80794e-05,3.27331e-05,2.83812e-05
2.74184e-05,3.16229e-05,3.56018e-05,4.05259e-05,4.45759e-05,4.91128e-05,5.17422e-05,5.54371e-05,5.82076e-05,6.028e-05,5.9479e-05,5.91471e-05,5.91153e-05,5.8009e-05,5.66059e-05,5.30014e-05,4.86786e-05,4.56844e-05,4.18956e-05,3.6968e-05,3.18611e-05,2.75858e-05
2.65572e-05,3.06502e-05,3.4612e-05,3.93268e-05,4.34611e-05,4.77897e-05,5.03568e-05,5.38086e-05,5.64455e-05,5.88939e-05,5.79883e-05,5.80058e-05,5.73735e-05,5.66903e-05,5.50334e-05,5.18615e-05,4.73255e-05,4.45866e-05,4.08243e-05,3.59398e-05,3.08665e-05,2.67554e-05
2.57916e-05,2.97411e-05,3.36502e-05,3.83118e-05,4.2371e-05,4.65727e-05,4.90736e-05,5.2116e-05,5.54898e-05,5.72123e-05,5.62383e-05,5.64794e-05,5.57452e-05,5.51578e-05,5.35379e-05,5.04626e-05,4.60577e-05,4.34671e-05,3.97178e-05,3.4875e-05,3.0003e-05,2.60023e-05
2.49402e-05,2.88388e-05,3.27413e-05,3.72953e-05,4.13542e-05,4.54035e-05,4.76609e-05,5.10374e-05,5.35655e-05,5.61097e-05,5.53284e-05,5.53081e-05,5.43372e-05,5.39809e-05,5.21687e-05,4.92841e-05,4.47969e-05,4.22143e-05,3.84171e-05,3.39676e-05,2.92935e-05,2.52955e-05
2.42052e-05,2.80949e-05,3.17235e-05,3.62469e-05,4.00465e-05,4.40991e-05,4.63556e-05,4.96732e-05,5.24702e-05,5.45343e-05,5.36944e-05,5.38637e-05,5.29694e-05,5.21489e-05,5.08939e-05,4.76347e-05,4.37553e-05,4.11163e-05,3.75384e-05,3.30502e-05,2.84201e-05,2.44548e-05
2.35105e-05,2.72883e-05,3.088e-05,3.51653e-05,3.92077e-05,4.28214e-05,4.53137e-05,4.80824e-05,5.10175e-05,5.34157e-05,5.2325e-05,5.2554e-05,5.18333e-05,5.07579e-05,4.97973e-05,4.64373e-05,4.26313e-05,4.02752e-05,3.64665e-05,3.21121e-05,2.74996e-05,2.37446e-05
2.27063e-05,2.64663e-05,2.98922e-05,3.42843e-05,3.80682e-05,4.17517e-05,4.40031e-05,4.74907e-05,4.97662e-05,5.2082e-05,5.11651e-05,5.10455e-05,5.03959e-05,4.93976e-05,4.84295e-05,4.52997e-05,4.16292e-05,3.90079e-05,3.53339e-05,3.11104e-05,2.67215e-05,2.30533e-05
2.21338e-05,2.57078e-05,2.91095e-05,3.33422e-05,3.71073e-05,4.05187e-05,4.28143e-05,4.5937e-05,4.8571e-05,5.05552e-05,4.97999e-05,4.99802e-05,4.91892e-05,4.81694e-05,4.71959e-05,4.40911e-05,4.04347e-05,3.80812e-05,3.44434e-05,3.02947e-05,2.59895e-05,2.23623e-05
2.14675e-05,2.50333e-05,2.83828e-05,3.24497e-05,3.61291e-05,3.93778e-05,4.18963e-05,4.47754e-05,4.74245e-05,4.92773e-05,4.8101e-05,4.86237e-05,4.77542e-05,4.69105e-05,4.59209e-05,4.27251e-05,3.9565e-05,3.70805e-05,3.34142e-05,2.96113e-05,2.52215e-05,2.17187e-05
2.09115e-05,2.42801e-05,2.75441e-05,3.16224e-05,3.52359e-05,3.82458e-05,4.06132e-05,4.36376e-05,4.63338e-05,4.78881e-05,4.76433e-05,4.75921e-05,4.6875e-05,4.56943e-05,4.49951e-05,4.18289e-05,3.83511e-05,3.61703e-05,3.25813e-05,2.87088e-05,2.45922e-05,2.10598e-05
2.01947e-05,2.35699e-05,2.67663e-05,3.07195e-05,3.42711e-05,3.73604e-05,3.95399e-05,4.26175e-05,4.50047e-05,4.68883e-05,4.62893e-05,4.62398e-05,4.54912e-05,4.45372e-05,4.36003e-05,4.07204e-05,3.74115e-05,3.51066e-05,3.17609e-05,2.77418e-05,2.38252e-05,2.05139e-05
1.96313e-05,2.28771e-05,2.60527e-05,2.9857e-05,3.3447e-05,3.63382e-05,3.85688e-05,4.14064e-05,4.38513e-05,4.57511e-05,4.50002e-05,4.52829e-05,4.43206e-05,4.33005e-05,4.25434e-05,3.96634e-05,3.64516e-05,3.41678e-05,3.07267e-05,2.70913e-05,2.31829e-05,1.98789e-05
1.89502e-05,2.22212e-05,2.53229e-05,2.90681e-05,3.2623e-05,3.54067e-05,3.74738e-05,4.02855e-05,4.27268e-05,4.46158e-05,4.38973e-05,4.41514e-05,4.33806e-05,4.21426e-05,4.14061e-05,3.85662e-05,3.56047e-05,3.32396e-05,2.98399e-05,2.6284e-05,2.2614e-05,1.93168e-05
1.84922e-05,2.16099e-05,2.46205e-05,2.82724e-05,3.17044e-05,3.44108e-05,3.66245e-05,3.93076e-05,4.16873e-05,4.34959e-05,4.27798e-05,4.29477e-05,4.21246e-05,4.09821e-05,4.03134e-05,3.76107e-05,3.46216e-05,3.23691e-05,2.91249e-05,2.56262e-05,2.18958e-05,1.87589e-05
1.79446e-05,2.09391e-05,2.39651e-05,2.74684e-05,3.07714e-05,3.34486e-05,3.57823e-05,3.8416e-05,4.06192e-05,4.24748e-05,4.1895e-05,4.18047e-05,4.10497e-05,3.98098e-05,3.93082e-05,3.66178e-05,3.39145e-05,3.16013e-05,2.8287e-05,2.50191e-05,2.1354e-05,1.81803e-05
1.74369e-05,2.0409e-05,2.33314e-05,2.67155e-05,3.00825e-05,3.24915e-05,3.48225e-05,3.72338e-05,3.97717e-05,4.13996e-05,4.07096e-05,4.10075e-05,4.01858e-05,3.88737e-05,3.83704e-05,3.55926e-05,3.29792e-05,3.06923e-05,2.74509e-05,2.43791e-05,2.071e-05,1.76797e-05
1.69233e-05,1.98432e-05,2.26776e-05,2.59839e-05,2.92307e-05,3.17565e-05,3.38971e-05,3.64774e-05,3.88201e-05,4.03642e-05,3.96728e-05,3.99606e-05,3.90387e-05,3.77322e-05,3.73561e-05,3.47309e-05,3.21737e-05,2.99042e-05,2.67485e-05,2.36211e-05,2.0117e-05,1.71702e-05
1.64433e-05,1.92762e-05,2.20485e-05,2.5313e-05,2.8536e-05,3.08506e-05,3.30645e-05,3.54233e-05,3.77893e-05,3.93833e-05,3.86976e-05,3.90301e-05,3.81243e-05,3.67858e-05,3.64749e-05,3.37561e-05,3.12669e-05,2.9066e-05,2.59832e-05,2.29621e-05,1.95682e-05,1.66602e-05
1.59179e-05,1.87177e-05,2.14966e-05,2.46066e-05,2.76861e-05,3.00949e-05,3.21531e-05,3.44838e-05,3.69343e-05,3.82274e-05,3.7725e-05,3.78649e-05,3.71415e-05,3.57617e-05,3.5578e-05,3.28129e-05,3.04831e-05,2.83647e-05,2.52914e-05,2.23992e-05,1.90386e-05,1.6232e-05
1.55213e-05,1.82428e-05,2.09014e-05,2.4032e-05,2.71114e-05,2.93009e-05,3.14345e-05,3.36807e-05,3.59938e-05,3.72149e-05,3.64657e-05,3.71182e-05,3.62333e-05,3.49273e-05,3.46797e-05,3.21215e-05,2.97799e-05,2.76322e-05,2.45921e-05,2.18149e-05,1.8481e-05,1.57199e-05
1.49839e-05,1.76933e-05,2.02934e-05,2.32617e-05,2.63617e-05,2.84761e-05,3.05365e-05,3.28445e-05,3.51726e-05,3.63222e-05,3.57742e-05,3.60258e-05,3.54608e-05,3.39969e-05,3.3798e-05,3.12529e-05,2.90222e-05,2.68316e-05,2.37981e-05,2.12132e-05,1.79788e-05,1.5278e-05
1.46164e-05,1.72188e-05,1.97365e-05,2.27199e-05,2.56975e-05,2.77272e-05,2.97557e-05,3.20201e-05,3.42689e-05,3.54342e-05,3.50234e-05,3.52217e-05,3.45083e-05,3.3083e-05,3.29687e-05,3.04845e-05,2.81039e-05,2.60917e-05,2.3225e-05,2.05405e-05,1.75337e-05,1.48484e-05
1.41221e-05,1.66785e-05,1.92294e-05,2.20917e-05,2.49745e-05,2.71408e-05,2.9005e-05,3.11774e-05,3.32576e-05,3.46523e-05,3.40975e-05,3.43592e-05,3.36062e-05,3.23373e-05,3.19511e-05,2.9697e-05,2.75968e-05,2.54224e-05,2.26331e-05,2.00685e-05,1.70979e-05,1.4412e-05
1.3771e-05,1.62476e-05,1.87333e-05,2.15458e-05,2.44025e-05,2.63218e-05,2.83237e-05,3.05365e-05,3.26073e-05,3.3765e-05,3.32756e-05,3.35254e-05,3.29645e-05,3.13258e-05,3.15003e-05,2.89903e-05,2.6821e-05,2.47718e-05,2.18917e-05,1.94051e-05,1.65752e-05,1.3958e-05
1.32947e-05,1.58072e-05,1.82777e-05,2.08915e-05,2.36764e-05,2.57092e-05,2.75793e-05,2.96978e-05,3.17851e-05,3.27719e-05,3.23349e-05,3.25563e-05,3.19641e-05,3.05327e-05,3.0443e-05,2.82213e-05,2.61115e-05,2.41076e-05,2.13515e-05,1.89427e-05,1.61197e-05,1.35974e-05
1.29626e-05,1.53745e-05,1.77569e-05,2.03204e-05,2.29211e-05,2.50443e-05,2.68695e-05,2.894e-05,3.10315e-05,3.19575e-05,3.159e-05,3.17546e-05,3.11992e-05,2.97577e-05,2.96465e-05,2.74291e-05,2.5461e-05,2.34532e-05,2.07829e-05,1.85416e-05,1.57034e-05,1.3247e-05
1.25434e-05,1.49298e-05,1.72441e-05,1.98241e-05,2.24385e-05,2.43964e-05,2.6268e-05,2.81676e-05,3.02771e-05,3.11015e-05,3.08545e-05,3.09936e-05,3.04819e-05,2.91187e-05,2.90405e-05,2.67498e-05,2.483e-05,2.28135e-05,2.01982e-05,1.80015e-05,1.53269e-05,1.28398e-05
1.21623e-05,1.45264e-05,1.67998e-05,1.93723e-05,2.20524e-05,2.37414e-05,2.56028e-05,2.75509e-05,2.94759e-05,3.03312e-05,3.00995e-05,3.01692e-05,2.97017e-05,2.82874e-05,2.83769e-05,2.61089e-05,2.4112e-05,2.21492e-05,1.96654e-05,1.74695e-05,1.48949e-05,1.24962e-05
1.18323e-05,1.41444e-05,1.63361e-05,1.8813e-05,2.13554e-05,2.31429e-05,2.49243e-05,2.69299e-05,2.89063e-05,2.95254e-05,2.94276e-05,2.95017e-05,2.90259e-05,2.77142e-05,2.76548e-05,2.54763e-05,2.36378e-05,2.16163e-05,1.91048e-05,1.70087e-05,1.45222e-05,1.2099e-05
1.15025e-05,1.37284e-05,1.59426e-05,1.82982e-05,2.06965e-05,2.2573e-05,2.43929e-05,2.6182e-05,2.8175e-05,2.87815e-05,2.86467e-05,2.87728e-05,2.82705e-05,2.68734e-05,2.69026e-05,2.47711e-05,2.29541e-05,2.1048e-05,1.86143e-05,1.66519e-05,1.40891e-05,1.17947e-05
1.1158e-05,1.3353e-05,1.55276e-05,1.78103e-05,2.02085e-05,2.20516e-05,2.37321e-05,2.55706e-05,2.74208e-05,2.808e-05,2.78979e-05,2.79879e-05,2.75615e-05,2.61965e-05,2.61906e-05,2.41547e-05,2.2369e-05,2.0558e-05,1.80943e-05,1.61618e-05,1.36766e-05,1.14313e-05
1.08548e-05,1.29866e-05,1.51804e-05,1.73687e-05,1.97519e-05,2.1493e-05,2.29843e-05,2.4913e-05,2.67484e-05,2.74164e-05,2.71982e-05,2.73019e-05,2.70543e-05,2.55867e-05,2.55627e-05,2.34674e-05,2.17619e-05,2.00146e-05,1.76192e-05,1.56814e-05,1.32767e-05,1.11015e-05
1.05486e-05,1.26339e-05,1.47497e-05,1.69056e-05,1.91661e-05,2.10176e-05,2.27044e-05,2.43529e-05,2.6113e-05,2.67808e-05,2.65225e-05,2.67017e-05,2.62862e-05,2.49633e-05,2.48714e-05,2.29733e-05,2.13789e-05,1.94867e-05,1.71328e-05,1.52958e-05,1.29876e-05,1.07961e-05
1.02525e-05,1.22828e-05,1.43168e-05,1.64931e-05,1.86906e-05,2.03611e-05,2.19409e-05,2.38788e-05,2.55233e-05,2.60906e-05,2.59299e-05,2.61977e-05,2.57464e-05,2.42023e-05,2.42107e-05,2.24308e-05,2.06478e-05,1.89006e-05,1.6719e-05,1.48079e-05,1.26021e-05,1.05681e-05
9.9332e-06,1.19106e-05,1.39375e-05,1.60214e-05,1.81811e-05,1.9953e-05,2.14301e-05,2.32421e-05,2.48385e-05,2.54718e-05,2.52172e-05,2.55608e-05,2.51095e-05,2.36954e-05,2.37152e-05,2.18843e-05,2.03203e-05,1.84468e-05,1.62679e-05,1.44725e-05,1.22307e-05,1.02235e-05
9.64125e-06,1.15996e-05,1.35924e-05,1.56685e-05,1.7734e-05,1.9402e-05,2.0952e-05,2.2656e-05,2.43162e-05,2.47033e-05,2.46892e-05,2.48091e-05,2.45052e-05,2.31733e-05,2.31288e-05,2.12753e-05,1.97145e-05,1.80167e-05,1.58237e-05,1.41134e-05,1.19634e-05,9.89771e-06
9.34915e-06,1.13363e-05,1.32522e-05,1.52649e-05,1.73001e-05,1.89342e-05,2.03812e-05,2.2098e-05,2.36582e-05,2.41701e-05,2.39717e-05,2.41373e-05,2.39973e-05,2.25348e-05,2.24816e-05,2.07051e-05,1.92944e-05,1.76163e-05,1.54016e-05,1.36874e-05,1.16061e-05,9.65312e-06
9.10428e-06,1.10315e-05,1.29271e-05,1.48169e-05,1.68841e-05,1.84955e-05,1.99929e-05,2.15971e-05,2.31267e-05,2.36216e-05,2.34118e-05,2.37635e-05,2.33566e-05,2.19244e-05,2.2034e-05,2.0204e-05,1.86822e-05,1.70536e-05,1.50019e-05,1.33713e-05,1.13288e-05,9.41654e-06
8.82657e-06,1.06979e-05,1.26185e-05,1.44523e-05,1.64533e-05,1.80264e-05,1.95373e-05,2.10546e-05,2.25423e-05,2.29904e-05,2.28586e-05,2.312e-05,2.28311e-05,2.14188e-05,2.1419e-05,1.9685e-05,1.82756e-05,1.66728e-05,1.45885e-05,1.29989e-05,1.10121e-05,9.13436e-06
8.62326e-06,1.04208e-05,1.23049e-05,1.406e-05,1.60075e-05,1.76598e-05,1.89633e-05,2.04903e-05,2.20711e-05,2.2421e-05,2.24371e-05,2.25353e-05,2.22515e-05,2.09224e-05,2.09525e-05,1.92258e-05,1.76997e-05,1.62416e-05,1.42437e-05,1.26676e-05,1.07667e-05,8.85966e-06
8.38656e-06,1.0151e-05,1.19669e-05,1.37683e-05,1.56087e-05,1.72926e-05,1.85812e-05,2.00723e-05,2.1595e-05,2.19026e-05,2.18003e-05,2.21463e-05,2.16903e-05,2.04546e-05,2.04431e-05,1.88381e-05,1.74346e-05,1.58382e-05,1.38935e-05,1.22848e-05,1.04422e-05,8.59191e-06
8.13999e-06,9.89137e-06,1.16791e-05,1.34076e-05,1.52991e-05,1.6808e-05,1.81457e-05,1.96285e-05,2.11015e-05,2.13504e-05,2.13573e-05,2.15099e-05,2.1396e-05,1.9969e-05,1.9864e-05,1.82755e-05,1.69181e-05,1.54523e-05,1.34906e-05,1.20073e-05,1.01716e-05,8.41673e-06
7.89731e-06,9.59496e-06,1.13596e-05,1.30518e-05,1.49375e-05,1.64326e-05,1.79e-05,1.90988e-05,2.04933e-05,2.09039e-05,2.07587e-05,2.102e-05,2.07244e-05,1.94395e-05,1.94617e-05,1.78723e-05,1.65734e-05,1.50327e-05,1.31124e-05,1.16897e-05,9.88453e-06,8.12898e-06
7.70735e-06,9.36343e-06,1.10761e-05,1.27287e-05,1.44892e-05,1.60212e-05,1.73601e-05,1.8523e-05,2.01021e-05,2.03182e-05,2.03325e-05,2.0565e-05,2.03131e-05,1.9076e-05,1.90586e-05,1.73606e-05,1.61217e-05,1.46183e-05,1.28339e-05,1.14107e-05,9.64377e-06,7.91471e-06
7.41515e-06,9.10757e-06,1.0785e-05,1.24243e-05,1.41271e-05,1.56491e-05,1.696e-05,1.81441e-05,1.95207e-05,1.99094e-05,1.9743e-05,2.00174e-05,1.97767e-05,1.85325e-05,1.85287e-05,1.69226e-05,1.5819e-05,1.43554e-05,1.25122e-05,1.10806e-05,9.38494e-06,7.67481e-06
7.25632e-06,8.88195e-06,1.05274e-05,1.2104e-05,1.38144e-05,1.53176e-05,1.64727e-05,1.77612e-05,1.91016e-05,1.94149e-05,1.92368e-05,1.96549e-05,1.93634e-05,1.808e-05,1.80551e-05,1.65956e-05,1.53828e-05,1.38693e-05,1.21755e-05,1.08417e-05,9.16355e-06,7.50723e-06
7.02378e-06,8.65053e-06,1.02589e-05,1.18051e-05,1.34726e-05,1.49317e-05,1.61301e-05,1.73718e-05,1.85723e-05,1.8835e-05,1.87982e-05,1.90949e-05,1.88033e-05,1.769e-05,1.76131e-05,1.62501e-05,1.5058e-05,1.36072e-05,1.18888e-05,1.05105e-05,8.89697e-06,7.2743e-06
6.83915e-06,8.44586e-06,1.00106e-05,1.15645e-05,1.31388e-05,1.46218e-05,1.57613e-05,1.69135e-05,1.82212e-05,1.84357e-05,1.84219e-05,1.86645e-05,1.8423e-05,1.72919e-05,1.71821e-05,1.58795e-05,1.46255e-05,1.32876e-05,1.15626e-05,1.02473e-05,8.71644e-06,7.06207e-06
6.65536e-06,8.19386e-06,9.74544e-06,1.12516e-05,1.28157e-05,1.42378e-05,1.5423e-05,1.65326e-05,1.77126e-05,1.79745e-05,1.79278e-05,1.82231e-05,1.79563e-05,1.69172e-05,1.67477e-05,1.54437e-05,1.43158e-05,1.29397e-05,1.1273e-05,9.98311e-06,8.44979e-06,6.87723e-06
6.49649e-06,7.97094e-06,9.5074e-06,1.09536e-05,1.25123e-05,1.39071e-05,1.50672e-05,1.61796e-05,1.7254e-05,1.76186e-05,1.74713e-05,1.7858e-05,1.76538e-05,1.64351e-05,1.63701e-05,1.50974e-05,1.389e-05,1.26326e-05,1.1074e-05,9.72246e-06,8.21685e-06,6.75397e-06
6.2738e-06,7.7999e-06,9.32152e-06,1.07471e-05,1.21905e-05,1.36062e-05,1.47734e-05,1.5726e-05,1.69499e-05,1.71865e-05,1.7104e-05,1.74057e-05,1.71717e-05,1.60596e-05,1.59821e-05,1.47043e-05,1.36691e-05,1.23748e-05,1.07257e-05,9.42441e-06,8.0134e-06,6.55339e-06
6.12964e-06,7.56403e-06,9.06778e-06,1.04354e-05,1.19109e-05,1.32166e-05,1.43962e-05,1.53878e-05,1.65356e-05,1.6795e-05,1.67392e-05,1.69659e-05,1.67701e-05,1.57356e-05,1.57072e-05,1.43421e-05,1.32909e-05,1.20564e-05,1.04782e-05,9.23849e-06,7.79497e-06,6.34562e-06
5.9467e-06,7.40548e-06,8.8632e-06,1.02129e-05,1.16427e-05,1.29942e-05,1.40722e-05,1.50982e-05,1.62382e-05,1.62635e-05,1.63348e-05,1.66709e-05,1.63598e-05,1.54278e-05,1.52517e-05,1.40929e-05,1.30941e-05,1.18153e-05,1.02221e-05,9.01478e-06,7.60911e-06,6.17964e-06
5.79834e-06,7.19906e-06,8.61434e-06,9.99121e-06,1.13645e-05,1.26467e-05,1.37016e-05,1.4642e-05,1.58336e-05,1.60026e-05,1.60126e-05,1.62039e-05,1.59784e-05,1.50668e-05,1.49412e-05,1.36987e-05,1.27066e-05,1.13708e-05,9.97821e-06,8.78685e-06,7.44594e-06,6.01448e-06
5.63797e-06,7.00453e-06,8.44732e-06,9.71233e-06,1.10528e-05,1.23674e-05,1.34677e-05,1.43551e-05,1.53992e-05,1.5614e-05,1.55848e-05,1.58547e-05,1.56541e-05,1.47204e-05,1.4482e-05,1.33668e-05,1.24344e-05,1.11973e-05,9.70325e-06,8.54975e-06,7.22578e-06,5.84336e-06
5.49814e-06,6.82982e-06,8.22125e-06,9.49162e-06,1.08485e-05,1.20939e-05,1.31511e-05,1.40193e-05,1.50056e-05,1.53187e-05,1.52066e-05,1.5564e-05,1.52616e-05,1.43549e-05,1.42105e-05,1.30834e-05,1.21551e-05,1.09162e-05,9.49017e-06,8.33923e-06,7.03846e-06,5.64588e-06
5.32899e-06,6.63988e-06,8.03577e-06,9.30306e-06,1.05702e-05,1.17534e-05,1.28062e-05,1.36731e-05,1.47169e-05,1.49131e-05,1.48398e-05,1.52201e-05,1.49743e-05,1.40607e-05,1.38375e-05,1.27378e-05,1.1816e-05,1.06555e-05,9.26394e-06,8.14394e-06,6.85105e-06,5.51724e-06
5.19415e-06,6.50022e-06,7.81497e-06,9.07172e-06,1.03177e-05,1.14728e-05,1.25067e-05,1.33444e-05,1.43863e-05,1.46095e-05,1.4526e-05,1.48787e-05,1.46749e-05,1.37393e-05,1.3486e-05,1.24295e-05,1.15036e-05,1.03849e-05,9.06488e-06,7.89888e-06,6.66576e-06,5.4176e-06
5.07576e-06,6.34926e-06,7.62408e-06,8.84736e-06,1.00904e-05,1.12504e-05,1.23449e-05,1.30441e-05,1.40298e-05,1.42558e-05,1.41856e-05,1.45103e-05,1.41724e-05,1.3386e-05,1.32029e-05,1.22407e-05,1.12627e-05,1.02294e-05,8.84074e-06,7.71341e-06,6.49689e-06,5.25254e-06
4.90375e-06,6.17171e-06,7.45036e-06,8.64429e-06,9.8085e-06,1.09995e-05,1.19766e-05,1.27611e-05,1.37787e-05,1.39381e-05,1.39236e-05,1.41154e-05,1.39531e-05,1.31331e-05,1.29117e-05,1.19171e-05,1.11e-05,9.9407e-06,8.63847e-06,7.49078e-06,6.33293e-06,5.10508e-06
4.77992e-06,6.00829e-06,7.24455e-06,8.42856e-06,9.59988e-06,1.0811e-05,1.17367e-05,1.2513e-05,1.335e-05,1.36427e-05,1.35997e-05,1.39057e-05,1.36776e-05,1.28002e-05,1.26306e-05,1.16775e-05,1.078e-05,9.76935e-06,8.44065e-06,7.30417e-06,6.16816e-06,4.97375e-06
4.6818e-06,5.8873e-06,7.10504e-06,8.23637e-06,9.35491e-06,1.05201e-05,1.14298e-05,1.21838e-05,1.31469e-05,1.33649e-05,1.33137e-05,1.35388e-05,1.33159e-05,1.25547e-05,1.22799e-05,1.13923e-05,1.05358e-05,9.44718e-06,8.20623e-06,7.16021e-06,6.00836e-06,4.82941e-06
4.55267e-06,5.72174e-06,6.92022e-06,8.04535e-06,9.16926e-06,1.03453e-05,1.11949e-05,1.19485e-05,1.27354e-05,1.30639e-05,1.29961e-05,1.32375e-05,1.30417e-05,1.2268e-05,1.19849e-05,1.11466e-05,1.03398e-05,9.2437e-06,8.04431e-06,6.94083e-06,5.86553e-06,4.67738e-06
4.41929e-06,5.58419e-06,6.77407e-06,7.84105e-06,8.94781e-06,1.00421e-05,1.094e-05,1.16324e-05,1.25516e-05,1.27284e-05,1.2671e-05,1.29433e-05,1.27134e-05,1.19864e-05,1.16975e-05,1.0896e-05,1.00922e-05,9.03759e-06,7.83245e-06,6.76563e-06,5.70829e-06,4.55567e-06
4.32551e-06,5.42767e-06,6.61466e-06,7.68476e-06,8.79273e-06,9.83607e-06,1.07345e-05,1.1379e-05,1.22859e-05,1.23992e-05,1.24209e-05,1.26981e-05,1.23518e-05,1.17872e-05,1.14064e-05,1.06682e-05,9.80882e-06,8.80294e-06,7.62614e-06,6.62301e-06,5.55353e-06,4.43267e-06
4.2268e-06,5.33836e-06,6.43505e-06,7.52265e-06,8.57089e-06,9.61242e-06,1.05214e-05,1.10592e-05,1.19528e-05,1.21796e-05,1.2214e-05,1.2384e-05,1.21011e-05,1.14662e-05,1.12266e-05,1.03346e-05,9.59057e-06,8.59124e-06,7.44032e-06,6.47557e-06,5.43378e-06,4.33531e-06
4.10793e-06,5.19681e-06,6.26852e-06,7.31622e-06,8.35124e-06,9.35157e-06,1.02748e-05,1.08019e-05,1.1651e-05,1.18961e-05,1.18896e-05,1.21807e-05,1.18864e-05,1.1229e-05,1.09228e-05,1.01261e-05,9.42742e-06,8.4155e-06,7.31001e-06,6.28274e-06,5.2989e-06,4.22156e-06
3.98522e-06,5.04204e-06,6.15409e-06,7.15763e-06,8.14578e-06,9.19079e-06,1.00194e-05,1.06327e-05,1.14058e-05,1.16672e-05,1.16041e-05,1.19105e-05,1.16431e-05,1.10106e-05,1.07203e-05,9.89518e-06,9.23193e-06,8.21583e-06,7.12078e-06,6.12224e-06,5.16357e-06,4.08082e-06
3.87751e-06,4.92374e-06,6.01177e-06,7.01765e-06,7.98319e-06,8.99279e-06,9.82411e-06,1.03709e-05,1.1202e-05,1.13969e-05,1.13871e-05,1.16197e-05,1.13506e-05,1.07466e-05,1.04846e-05,9.70764e-06,9.0274e-06,8.03999e-06,6.9801e-06,5.95988e-06,5.04098e-06,3.9855e-06
3.7881e-06,4.80736e-06,5.86687e-06,6.81965e-06,7.79195e-06,8.76183e-06,9.59883e-06,1.01304e-05,1.0893e-05,1.11562e-05,1.10779e-05,1.13929e-05,1.10953e-05,1.05095e-05,1.02219e-05,9.50958e-06,8.78315e-06,7.85254e-06,6.81056e-06,5.82445e-06,4.91441e-06,3.89996e-06
3.66836e-06,4.69949e-06,5.73734e-06,6.6885e-06,7.60643e-06,8.5971e-06,9.39801e-06,9.92097e-06,1.0677e-05,1.08696e-05,1.08376e-05,1.11472e-05,1.08322e-05,1.02806e-05,9.93001e-06,9.31285e-06,8.57162e-06,7.69247e-06,6.64973e-06,5.68893e-06,4.7856e-06,3.78719e-06
3.58236e-06,4.57493e-06,5.63024e-06,6.52534e-06,7.4255e-06,8.40821e-06,9.19521e-06,9.70538e-06,1.03952e-05,1.06711e-05,1.06054e-05,1.08875e-05,1.05667e-05,1.00349e-05,9.67771e-06,9.07511e-06,8.36492e-06,7.49379e-06,6.50163e-06,5.54951e-06,4.67119e-06,3.66282e-06
3.51118e-06,4.46569e-06,5.46857e-06,6.35753e-06,7.26126e-06,8.20359e-06,9.00364e-06,9.51143e-06,1.01505e-05,1.04206e-05,1.03834e-05,1.07153e-05,1.04095e-05,9.84644e-06,9.49338e-06,8.87443e-06,8.21337e-06,7.31657e-06,6.36177e-06,5.41377e-06,4.56873e-06,3.58419e-06
3.41774e-06,4.37454e-06,5.34589e-06,6.24699e-06,7.08458e-06,8.04331e-06,8.79127e-06,9.21031e-06,9.92267e-06,1.02063e-05,1.01975e-05,1.03761e-05,1.00799e-05,9.60976e-06,9.28954e-06,8.6429e-06,8.05607e-06,7.16656e-06,6.20366e-06,5.2913e-06,4.44357e-06,3.48616e-06
3.31908e-06,4.26223e-06,5.22034e-06,6.10143e-06,6.92365e-06,7.86826e-06,8.63339e-06,9.0191e-06,9.74906e-06,9.96552e-06,9.9743e-06,1.01854e-05,9.86137e-06,9.40374e-06,9.05727e-06,8.49871e-06,7.86725e-06,7.00086e-06,6.05844e-06,5.15465e-06,4.32338e-06,3.39756e-06
3.23177e-06,4.14019e-06,5.10305e-06,5.93817e-06,6.75888e-06,7.73741e-06,8.43896e-06,8.85299e-06,9.47982e-06,9.78281e-06,9.72851e-06,9.99507e-06,9.66323e-06,9.19021e-06,8.88521e-06,8.30117e-06,7.70959e-06,6.86409e-06,5.93773e-06,5.02777e-06,4.22838e-06,3.28906e-06
3.14592e-06,4.05912e-06,4.98195e-06,5.82563e-06,6.58045e-06,7.49685e-06,8.24647e-06,8.61613e-06,9.3494e-06,9.54317e-06,9.53256e-06,9.75715e-06,9.521e-06,9.01844e-06,8.67092e-06,8.18121e-06,7.52965e-06,6.69233e-06,5.78524e-06,4.89487e-06,4.11949e-06,3.22672e-06
3.06223e-06,3.95659e-06,4.87676e-06,5.66436e-06,6.48584e-06,7.3695e-06,8.04592e-06,8.48134e-06,9.0132e-06,9.3468e-06,9.27165e-06,9.54601e-06,9.27658e-06,8.80083e-06,8.4572e-06,7.94185e-06,7.35312e-06,6.53023e-06,5.67816e-06,4.80322e-06,4.03515e-06,3.12916e-06
2.99876e-06,3.86547e-06,4.74143e-06,5.54124e-06,6.28999e-06,7.16517e-06,7.87351e-06,8.2347e-06,8.85852e-06,9.1845e-06,9.08744e-06,9.3286e-06,9.07774e-06,8.61243e-06,8.29143e-06,7.77369e-06,7.15658e-06,6.3702e-06,5.52847e-06,4.66491e-06,3.92276e-06,3.05523e-06
2.92141e-06,3.76355e-06,4.63544e-06,5.41936e-06,6.14783e-06,7.01745e-06,7.68595e-06,8.06157e-06,8.66735e-06,8.96471e-06,8.91995e-06,9.07922e-06,8.90557e-06,8.4371e-06,8.07393e-06,7.58906e-06,7.01685e-06,6.19135e-06,5.40645e-06,4.55004e-06,3.8178e-06,2.96415e-06
2.84191e-06,3.70002e-06,4.52761e-06,5.30824e-06,6.00911e-06,6.8598e-06,7.53609e-06,7.8657e-06,8.46596e-06,8.76383e-06,8.70219e-06,8.92847e-06,8.70753e-06,8.23787e-06,7.93716e-06,7.45621e-06,6.83881e-06,6.08812e-06,5.26946e-06,4.44691e-06,3.7422e-06,2.90995e-06
2.78524e-06,3.58677e-06,4.40174e-06,5.18478e-06,5.89662e-06,6.68456e-06,7.35585e-06,7.67254e-06,8.26948e-06,8.56396e-06,8.55711e-06,8.69638e-06,8.43247e-06,8.0665e-06,7.71027e-06,7.23274e-06,6.72854e-06,5.9409e-06,5.15337e-06,4.33104e-06,3.62081e-06,2.81211e-06
2.69531e-06,3.48803e-06,4.31621e-06,5.05908e-06,5.73793e-06,6.53703e-06,7.19428e-06,7.52423e-06,8.12272e-06,8.38022e-06,8.35374e-06,8.51306e-06,8.2954e-06,7.89369e-06,7.54428e-06,7.06429e-06,6.56772e-06,5.81063e-06,5.03072e-06,4.2235e-06,3.53336e-06,2.74345e-06
2.6306e-06,3.41557e-06,4.2151e-06,4.9211e-06,5.60802e-06,6.40482e-06,7.03463e-06,7.3795e-06,7.89345e-06,8.18264e-06,8.18517e-06,8.32426e-06,8.10337e-06,7.7141e-06,7.38542e-06,6.93989e-06,6.42942e-06,5.6745e-06,4.90971e-06,4.12388e-06,3.4486e-06,2.66811e-06
2.56655e-06,3.33228e-06,4.11182e-06,4.81178e-06,5.48093e-06,6.24639e-06,6.88959e-06,7.2039e-06,7.74557e-06,8.00638e-06,8.00728e-06,8.15856e-06,7.9227e-06,7.54282e-06,7.19325e-06,6.76108e-06,6.27307e-06,5.53251e-06,4.78885e-06,4.02942e-06,3.3618e-06,2.60206e-06
2.50236e-06,3.24452e-06,4.0127e-06,4.70024e-06,5.33841e-06,6.1007e-06,6.73308e-06,7.03365e-06,7.55972e-06,7.84121e-06,7.82459e-06,7.96993e-06,7.75844e-06,7.38556e-06,7.03676e-06,6.61162e-06,6.12985e-06,5.41328e-06,4.68785e-06,3.92606e-06,3.27643e-06,2.53086e-06
2.43419e-06,3.16513e-06,3.92134e-06,4.60449e-06,5.23017e-06,5.92217e-06,6.57344e-06,6.90562e-06,7.40342e-06,7.65698e-06,7.6422e-06,7.80941e-06,7.63861e-06,7.25355e-06,6.86157e-06,6.45101e-06,5.99181e-06,5.26701e-06,4.58734e-06,3.82253e-06,3.19596e-06,2.46353e-06
2.3739e-06,3.08918e-06,3.82966e-06,4.47749e-06,5.09011e-06,5.82293e-06,6.4336e-06,6.71611e-06,7.20075e-06,7.51797e-06,7.48984e-06,7.62205e-06,7.43173e-06,7.05214e-06,6.70113e-06,6.31336e-06,5.84201e-06,5.17403e-06,4.46967e-06,3.74685e-06,3.11817e-06,2.40146e-06
2.31446e-06,3.0138e-06,3.74208e-06,4.36952e-06,4.96936e-06,5.6896e-06,6.28958e-06,6.56601e-06,7.03691e-06,7.34787e-06,7.32873e-06,7.45751e-06,7.26214e-06,6.89576e-06,6.55454e-06,6.16831e-06,5.71178e-06,5.05386e-06,4.36939e-06,3.65547e-06,3.04062e-06,2.33889e-06
2.26475e-06,2.94091e-06,3.64552e-06,4.28554e-06,4.87392e-06,5.54822e-06,6.16578e-06,6.40483e-06,6.9291e-06,7.18289e-06,7.18399e-06,7.30026e-06,7.07643e-06,6.74461e-06,6.44077e-06,6.03885e-06,5.61435e-06,4.92989e-06,4.25065e-06,3.55845e-06,2.96169e-06,2.28652e-06
2.19949e-06,2.8654e-06,3.55614e-06,4.17144e-06,4.71485e-06,5.46875e-06,6.01811e-06,6.27815e-06,6.71395e-06,7.03894e-06,7.01858e-06,7.11021e-06,6.95754e-06,6.6012e-06,6.25723e-06,5.90544e-06,5.47253e-06,4.83031e-06,4.16844e-06,3.47461e-06,2.88682e-06,2.21448e-06
2.14228e-06,2.79442e-06,3.45924e-06,4.08775e-06,4.61431e-06,5.29917e-06,5.86123e-06,6.16327e-06,6.59761e-06,6.85833e-06,6.86442e-06,6.93543e-06,6.81779e-06,6.47123e-06,6.13982e-06,5.74148e-06,5.37591e-06,4.7038e-06,4.07723e-06,3.37358e-06,2.80559e-06,2.14779e-06
2.09638e-06,2.72523e-06,3.38592e-06,3.97857e-06,4.51071e-06,5.18443e-06,5.74038e-06,5.9912e-06,6.43822e-06,6.7098e-06,6.72964e-06,6.77759e-06,6.65077e-06,6.32316e-06,5.97777e-06,5.62391e-06,5.23035e-06,4.58537e-06,3.96901e-06,3.30766e-06,2.73937e-06,2.09252e-06
2.03008e-06,2.66345e-06,3.30742e-06,3.89141e-06,4.40405e-06,5.06841e-06,5.62037e-06,5.85322e-06,6.28076e-06,6.54514e-06,6.56334e-06,6.65445e-06,6.49066e-06,6.17487e-06,5.84983e-06,5.49088e-06,5.1028e-06,4.48748e-06,3.87588e-06,3.22324e-06,2.67743e-06,2.05083e-06
1.98206e-06,2.59634e-06,3.23038e-06,3.79402e-06,4.30542e-06,4.94218e-06,5.48708e-06,5.72347e-06,6.14893e-06,6.40089e-06,6.41375e-06,6.5023e-06,6.34396e-06,6.03247e-06,5.71133e-06,5.36365e-06,5.00331e-06,4.37679e-06,3.7833e-06,3.14572e-06,2.61144e-06,1.9951e-06
1.94123e-06,2.53095e-06,3.15172e-06,3.6999e-06,4.20566e-06,4.81128e-06,5.36433e-06,5.60116e-06,5.99299e-06,6.25553e-06,6.26941e-06,6.35983e-06,6.21037e-06,5.9074e-06,5.58503e-06,5.22688e-06,4.87786e-06,4.27466e-06,3.68871e-06,3.07191e-06,2.54708e-06,1.93632e-06
1.88424e-06,2.47141e-06,3.07457e-06,3.62188e-06,4.09731e-06,4.70619e-06,5.24021e-06,5.47209e-06,5.85027e-06,6.10886e-06,6.14413e-06,6.19587e-06,6.07986e-06,5.79092e-06,5.46676e-06,5.12532e-06,4.78365e-06,4.16106e-06,3.61892e-06,2.98908e-06,2.48532e-06,1.88622e-06
1.83706e-06,2.40278e-06,2.99769e-06,3.53779e-06,4.0162e-06,4.59295e-06,5.12588e-06,5.32055e-06,5.73389e-06,5.97404e-06,6.00613e-06,6.05206e-06,5.90728e-06,5.64083e-06,5.32423e-06,4.99548e-06,4.67548e-06,4.06831e-06,3.5114e-06,2.9232e-06,2.41459e-06,1.83949e-06
1.79047e-06,2.34377e-06,2.92831e-06,3.43512e-06,3.91156e-06,4.4748e-06,5.00665e-06,5.21348e-06,5.58856e-06,5.84812e-06,5.85173e-06,5.93051e-06,5.80456e-06,5.51413e-06,5.21992e-06,4.88838e-06,4.56127e-06,3.97485e-06,3.43877e-06,2.84493e-06,2.36237e-06,1.80116e-06
1.73867e-06,2.28816e-06,2.85789e-06,3.36027e-06,3.80821e-06,4.38817e-06,4.88278e-06,5.09662e-06,5.46929e-06,5.69671e-06,5.73236e-06,5.79867e-06,5.66466e-06,5.3821e-06,5.09861e-06,4.76448e-06,4.46896e-06,3.89038e-06,3.35557e-06,2.77466e-06,2.29731e-06,1.74142e-06
1.69304e-06,2.22703e-06,2.79e-06,3.28247e-06,3.72356e-06,4.27477e-06,4.77019e-06,4.97133e-06,5.33322e-06,5.57673e-06,5.59822e-06,5.64985e-06,5.53665e-06,5.2622e-06,4.96421e-06,4.64652e-06,4.35292e-06,3.78818e-06,3.27439e-06,2.70918e-06,2.23832e-06,1.69902e-06
1.65413e-06,2.16656e-06,2.7168e-06,3.1968e-06,3.63289e-06,4.16554e-06,4.66139e-06,4.88715e-06,5.20593e-06,5.43989e-06,5.47858e-06,5.52962e-06,5.43178e-06,5.16027e-06,4.85756e-06,4.53848e-06,4.26501e-06,3.68914e-06,3.19912e-06,2.63649e-06,2.18312e-06,1.65701e-06
1.60822e-06,2.11744e-06,2.6569e-06,3.11536e-06,3.54607e-06,4.07208e-06,4.55923e-06,4.74688e-06,5.06496e-06,5.32501e-06,5.35446e-06,5.40036e-06,5.28682e-06,5.01904e-06,4.72306e-06,4.43172e-06,4.13539e-06,3.60984e-06,3.11484e-06,2.58755e-06,2.128e-06,1.6115e-06
1.56252e-06,2.06585e-06,2.59336e-06,3.04754e-06,3.44973e-06,3.98226e-06,4.44805e-06,4.63057e-06,4.94461e-06,5.19853e-06,5.2291e-06,5.27374e-06,5.17397e-06,4.90501e-06,4.61325e-06,4.32579e-06,4.0313e-06,3.52875e-06,3.04026e-06,2.52002e-06,2.0763e-06,1.57168e-06
1.52365e-06,2.00974e-06,2.53246e-06,2.96784e-06,3.37791e-06,3.88583e-06,4.34774e-06,4.53548e-06,4.85198e-06,5.07217e-06,5.09647e-06,5.15314e-06,5.04589e-06,4.79839e-06,4.51331e-06,4.21935e-06,3.97336e-06,3.43467e-06,2.96833e-06,2.45542e-06,2.02548e-06,1.52847e-06
1.48687e-06,1.95549e-06,2.46601e-06,2.90238e-06,3.30002e-06,3.8011e-06,4.25381e-06,4.42085e-06,4.73266e-06,4.95484e-06,4.99758e-06,5.03196e-06,4.91025e-06,4.68498e-06,4.40707e-06,4.12111e-06,3.8815e-06,3.35311e-06,2.89247e-06,2.39822e-06,1.97115e-06,1.48298e-06
1.44522e-06,1.90752e-06,2.40526e-06,2.82953e-06,3.21353e-06,3.70588e-06,4.14395e-06,4.32794e-06,4.61864e-06,4.84041e-06,4.8718e-06,4.91185e-06,4.81482e-06,4.58199e-06,4.30448e-06,4.01612e-06,3.78162e-06,3.2685e-06,2.82358e-06,2.33725e-06,1.92371e-06,1.44344e-06
1.40895e-06,1.86288e-06,2.34285e-06,2.75677e-06,3.12777e-06,3.60452e-06,4.04519e-06,4.22113e-06,4.51121e-06,4.72138e-06,4.76595e-06,4.79241e-06,4.70618e-06,4.47332e-06,4.21137e-06,3.92708e-06,3.69768e-06,3.19982e-06,2.75791e-06,2.27033e-06,1.86768e-06,1.40596e-06
1.37113e-06,1.81951e-06,2.28979e-06,2.69014e-06,3.05075e-06,3.52344e-06,3.94636e-06,4.11154e-06,4.39174e-06,4.61475e-06,4.64857e-06,4.6736e-06,4.60629e-06,4.35653e-06,4.09708e-06,3.83123e-06,3.60518e-06,3.11138e-06,2.6907e-06,2.2215e-06,1.82449e-06,1.36894e-06
1.33785e-06,1.77151e-06,2.22788e-06,2.62139e-06,2.97913e-06,3.42818e-06,3.85827e-06,4.02462e-06,4.29393e-06,4.51923e-06,4.53582e-06,4.56826e-06,4.49671e-06,4.26107e-06,4.01245e-06,3.7433e-06,3.51585e-06,3.03606e-06,2.62217e-06,2.16517e-06,1.77834e-06,1.33663e-06
1.30459e-06,1.72296e-06,2.17463e-06,2.55898e-06,2.90561e-06,3.34601e-06,3.75979e-06,3.92582e-06,4.19791e-06,4.39336e-06,4.44214e-06,4.46016e-06,4.39464e-06,4.16731e-06,3.91718e-06,3.64223e-06,3.43526e-06,2.96036e-06,2.55145e-06,2.11082e-06,1.72969e-06,1.29852e-06
1.26744e-06,1.67589e-06,2.12038e-06,2.49571e-06,2.8377e-06,3.26129e-06,3.66807e-06,3.84423e-06,4.09568e-06,4.289e-06,4.32897e-06,4.35959e-06,4.28873e-06,4.06772e-06,3.80852e-06,3.56259e-06,3.3534e-06,2.89009e-06,2.4915e-06,2.05824e-06,1.6843e-06,1.26462e-06
1.2353e-06,1.635e-06,2.06743e-06,2.43314e-06,2.76492e-06,3.18122e-06,3.58621e-06,3.74537e-06,3.99754e-06,4.18938e-06,4.2346e-06,4.25075e-06,4.18689e-06,3.97139e-06,3.72302e-06,3.46738e-06,3.2739e-06,2.8184e-06,2.42955e-06,2.00515e-06,1.64087e-06,1.23148e-06
1.20185e-06,1.59343e-06,2.01586e-06,2.37372e-06,2.69682e-06,3.10675e-06,3.50171e-06,3.65447e-06,3.90004e-06,4.09119e-06,4.13679e-06,4.14985e-06,4.09216e-06,3.87042e-06,3.63827e-06,3.38408e-06,3.19328e-06,2.75098e-06,2.3693e-06,1.95606e-06,1.5985e-06,1.20019e-06
1.17144e-06,1.5514e-06,1.95864e-06,2.31498e-06,2.62895e-06,3.03019e-06,3.41149e-06,3.57353e-06,3.80932e-06,3.99412e-06,4.04141e-06,4.0478e-06,3.99089e-06,3.77765e-06,3.5499e-06,3.29425e-06,3.11597e-06,2.67709e-06,2.31366e-06,1.91187e-06,1.55715e-06,1.16653e-06
1.13921e-06,1.51236e-06,1.91649e-06,2.25776e-06,2.56325e-06,2.95178e-06,3.32908e-06,3.4842e-06,3.71817e-06,3.89082e-06,3.94461e-06,3.95358e-06,3.90129e-06,3.68937e-06,3.46655e-06,3.21823e-06,3.04783e-06,2.61748e-06,2.25126e-06,1.85688e-06,1.5153e-06,1.13425e-06
1.10961e-06,1.47252e-06,1.86771e-06,2.19946e-06,2.50315e-06,2.88356e-06,3.25829e-06,3.39876e-06,3.62565e-06,3.8059e-06,3.85347e-06,3.85315e-06,3.81513e-06,3.60813e-06,3.38174e-06,3.14167e-06,2.97004e-06,2.54646e-06,2.19419e-06,1.81454e-06,1.47832e-06,1.10469e-06
1.08147e-06,1.43329e-06,1.82254e-06,2.14472e-06,2.4404e-06,2.80972e-06,3.17711e-06,3.32563e-06,3.54452e-06,3.70361e-06,3.76366e-06,3.76719e-06,3.71876e-06,3.52222e-06,3.29756e-06,3.06535e-06,2.89902e-06,2.48404e-06,2.13726e-06,1.76946e-06,1.43695e-06,1.07587e-06
1.05358e-06,1.39668e-06,1.7784e-06,2.08805e-06,2.37709e-06,2.73538e-06,3.09425e-06,3.23941e-06,3.4457e-06,3.62644e-06,3.66782e-06,3.67799e-06,3.63125e-06,3.43781e-06,3.21797e-06,2.98639e-06,2.81914e-06,2.42388e-06,2.0856e-06,1.72472e-06,1.40254e-06,1.04812e-06
1.02441e-06,1.36032e-06,1.73024e-06,2.03973e-06,2.3196e-06,2.67027e-06,3.01874e-06,3.16451e-06,3.36946e-06,3.52844e-06,3.58099e-06,3.58599e-06,3.5422e-06,3.35667e-06,3.14017e-06,2.90983e-06,2.75978e-06,2.3602e-06,2.03226e-06,1.67892e-06,1.3642e-06,1.01817e-06
9.97176e-07,1.32575e-06,1.68626e-06,1.98573e-06,2.26516e-06,2.604e-06,2.94563e-06,3.09072e-06,3.28648e-06,3.44903e-06,3.49488e-06,3.49335e-06,3.46397e-06,3.27833e-06,3.06808e-06,2.83656e-06,2.70024e-06,2.3015e-06,1.98112e-06,1.6358e-06,1.32784e-06,9.91924e-07
9.7337e-07,1.29116e-06,1.64338e-06,1.93672e-06,2.20473e-06,2.53705e-06,2.87274e-06,3.01574e-06,3.21171e-06,3.36442e-06,3.41612e-06,3.41197e-06,3.37892e-06,3.19554e-06,2.98352e-06,2.76902e-06,2.63253e-06,2.24417e-06,1.93021e-06,1.59731e-06,1.29053e-06,9.64564e-07
9.45997e-07,1.2581e-06,1.60463e-06,1.88816e-06,2.15506e-06,2.47457e-06,2.80326e-06,2.94108e-06,3.13111e-06,3.28265e-06,3.32939e-06,3.33103e-06,3.295e-06,3.11664e-06,2.92322e-06,2.69747e-06,2.56808e-06,2.18942e-06,1.8835e-06,1.55663e-06,1.25919e-06,9.38276e-07
9.20583e-07,1.22578e-06,1.56361e-06,1.84225e-06,2.09551e-06,2.41505e-06,2.73207e-06,2.87209e-06,3.05794e-06,3.19565e-06,3.24986e-06,3.24958e-06,3.21071e-06,3.04411e-06,2.85117e-06,2.62697e-06,2.50696e-06,2.13624e-06,1.83531e-06,1.51318e-06,1.2265e-06,9.13091e-07
8.9561e-07,1.19144e-06,1.52287e-06,1.79308e-06,2.04605e-06,2.35399e-06,2.67133e-06,2.7991e-06,2.97973e-06,3.12273e-06,3.16668e-06,3.16879e-06,3.14351e-06,2.97335e-06,2.7805e-06,2.56383e-06,2.43914e-06,2.07691e-06,1.78959e-06,1.47838e-06,1.19509e-06,8.88346e-07
8.73987e-07,1.16174e-06,1.48471e-06,1.74888e-06,1.9921e-06,2.29375e-06,2.60498e-06,2.7387e-06,2.90866e-06,3.0471e-06,3.0927e-06,3.09445e-06,3.06791e-06,2.90718e-06,2.71599e-06,2.49973e-06,2.37736e-06,2.02541e-06,1.74762e-06,1.43865e-06,1.16281e-06,8.65286e-07
8.50532e-07,1.13147e-06,1.44854e-06,1.70597e-06,1.94618e-06,2.24163e-06,2.53847e-06,2.66563e-06,2.83866e-06,2.9661e-06,3.02583e-06,3.01287e-06,2.99202e-06,2.84023e-06,2.65094e-06,2.43671e-06,2.31998e-06,1.97276e-06,1.6992e-06,1.40435e-06,1.13272e-06,8.4207e-07
8.28563e-07,1.10261e-06,1.41305e-06,1.66181e-06,1.89657e-06,2.17999e-06,2.47545e-06,2.60579e-06,2.76767e-06,2.89661e-06,2.94436e-06,2.9447e-06,2.91681e-06,2.75505e-06,2.58776e-06,2.37273e-06,2.26746e-06,1.92756e-06,1.65768e-06,1.36723e-06,1.10268e-06,8.19651e-07
8.0673e-07,1.07476e-06,1.37615e-06,1.62101e-06,1.84728e-06,2.1258e-06,2.41798e-06,2.54175e-06,2.70601e-06,2.82293e-06,2.87574e-06,2.87399e-06,2.84941e-06,2.697e-06,2.52214e-06,2.31452e-06,2.21077e-06,1.87459e-06,1.61383e-06,1.33491e-06,1.07275e-06,7.97551e-07
7.84782e-07,1.04638e-06,1.34034e-06,1.57886e-06,1.80227e-06,2.07013e-06,2.36187e-06,2.48053e-06,2.64008e-06,2.7576e-06,2.80721e-06,2.80597e-06,2.77844e-06,2.63344e-06,2.45783e-06,2.25794e-06,2.15672e-06,1.82873e-06,1.57944e-06,1.29959e-06,1.04675e-06,7.75199e-07
7.64163e-07,1.01974e-06,1.30779e-06,1.53836e-06,1.75615e-06,2.02048e-06,2.29964e-06,2.42087e-06,2.57547e-06,2.68699e-06,2.73554e-06,2.73339e-06,2.71016e-06,2.56759e-06,2.40105e-06,2.19412e-06,2.10097e-06,1.78242e-06,1.53384e-06,1.26681e-06,1.01833e-06,7.54644e-07
7.43635e-07,9.91038e-07,1.2745e-06,1.50299e-06,1.70817e-06,1.97002e-06,2.23794e-06,2.36601e-06,2.51088e-06,2.62031e-06,2.6651e-06,2.66682e-06,2.64732e-06,2.50633e-06,2.341e-06,2.146e-06,2.05088e-06,1.73794e-06,1.4931e-06,1.23203e-06,9.90023e-07,7.34245e-07
7.24445e-07,9.66187e-07,1.24172e-06,1.4629e-06,1.66847e-06,1.92194e-06,2.18659e-06,2.30658e-06,2.45109e-06,2.5576e-06,2.60403e-06,2.60226e-06,2.58255e-06,2.44524e-06,2.28692e-06,2.0887e-06,1.99936e-06,1.69278e-06,1.45698e-06,1.20298e-06,9.64469e-07,7.14725e-07
7.05197e-07,9.42584e-07,1.21128e-06,1.42662e-06,1.6279e-06,1.8777e-06,2.12741e-06,2.25311e-06,2.39208e-06,2.4979e-06,2.53964e-06,2.53603e-06,2.52073e-06,2.38841e-06,2.22959e-06,2.03955e-06,1.94954e-06,1.64746e-06,1.42077e-06,1.17241e-06,9.38829e-07,6.96026e-07
6.86904e-07,9.16549e-07,1.18057e-06,1.38945e-06,1.58633e-06,1.82816e-06,2.08e-06,2.20488e-06,2.33469e-06,2.43687e-06,2.47732e-06,2.47168e-06,2.45635e-06,2.3312e-06,2.17397e-06,1.98522e-06,1.89955e-06,1.6102e-06,1.38508e-06,1.14215e-06,9.13631e-07,6.77597e-07
6.69271e-07,8.91997e-07,1.15004e-06,1.35612e-06,1.54354e-06,1.78075e-06,2.02882e-06,2.14687e-06,2.27618e-06,2.37412e-06,2.41716e-06,2.41438e-06,2.39532e-06,2.27147e-06,2.12571e-06,1.93702e-06,1.85469e-06,1.56695e-06,1.3486e-06,1.11299e-06,8.88861e-07,6.58636e-07
6.515e-07,8.69753e-07,1.12057e-06,1.32175e-06,1.50717e-06,1.73706e-06,1.97958e-06,2.09196e-06,2.22337e-06,2.31484e-06,2.3596e-06,2.35709e-06,2.34007e-06,2.2174e-06,2.07434e-06,1.88529e-06,1.80931e-06,1.52747e-06,1.31424e-06,1.0851e-06,8.66217e-07,6.41256e-07
6.35052e-07,8.4774e-07,1.09124e-06,1.28793e-06,1.46438e-06,1.6987e-06,1.93189e-06,2.04386e-06,2.17126e-06,2.25947e-06,2.30527e-06,2.29446e-06,2.28035e-06,2.17073e-06,2.02546e-06,1.83812e-06,1.75787e-06,1.48654e-06,1.28098e-06,1.0569e-06,8.44803e-07,6.23598e-07
6.18524e-07,8.25559e-07,1.06506e-06,1.25494e-06,1.4308e-06,1.64822e-06,1.88638e-06,1.99604e-06,2.11982e-06,2.20621e-06,2.24647e-06,2.24796e-06,2.22912e-06,2.10595e-06,1.97469e-06,1.78999e-06,1.72227e-06,1.45129e-06,1.25102e-06,1.03174e-06,8.20588e-07,6.07932e-07
6.02027e-07,8.03769e-07,1.03884e-06,1.22709e-06,1.39543e-06,1.61262e-06,1.83603e-06,1.94654e-06,2.06354e-06,2.144e-06,2.19661e-06,2.19067e-06,2.17426e-06,2.05912e-06,1.92797e-06,1.74775e-06,1.67734e-06,1.4151e-06,1.21756e-06,1.0032e-06,7.99647e-07,5.90953e-07
5.85111e-07,7.83628e-07,1.01185e-06,1.19576e-06,1.36252e-06,1.57302e-06,1.78799e-06,1.90215e-06,2.01969e-06,2.09438e-06,2.13537e-06,2.13739e-06,2.12016e-06,2.01283e-06,1.88661e-06,1.70254e-06,1.63634e-06,1.38072e-06,1.18675e-06,9.79944e-07,7.79272e-07,5.75639e-07
5.70508e-07,7.63372e-07,9.8601e-07,1.16464e-06,1.3251e-06,1.53178e-06,1.75019e-06,1.85339e-06,1.96933e-06,2.04541e-06,2.08671e-06,2.08521e-06,2.07078e-06,1.96378e-06,1.83565e-06,1.65971e-06,1.59713e-06,1.34247e-06,1.15634e-06,9.53433e-07,7.57774e-07,5.60695e-07
5.55873e-07,7.42716e-07,9.6076e-07,1.13502e-06,1.29343e-06,1.49429e-06,1.70413e-06,1.81024e-06,1.91968e-06,1.99345e-06,2.0342e-06,2.0338e-06,2.0193e-06,1.9163e-06,1.79039e-06,1.61993e-06,1.55588e-06,1.30987e-06,1.12654e-06,9.29475e-07,7.38035e-07,5.45099e-07
5.41625e-07,7.24132e-07,9.39417e-07,1.11023e-06,1.25756e-06,1.45758e-06,1.662e-06,1.76867e-06,1.87354e-06,1.9406e-06,1.98271e-06,1.98559e-06,1.97117e-06,1.86718e-06,1.75196e-06,1.57743e-06,1.51862e-06,1.27613e-06,1.10047e-06,9.05465e-07,7.18672e-07,5.31523e-07
5.27702e-07,7.07299e-07,9.14024e-07,1.07867e-06,1.22983e-06,1.42159e-06,1.62576e-06,1.72063e-06,1.82993e-06,1.89848e-06,1.93781e-06,1.93347e-06,1.92204e-06,1.82833e-06,1.71141e-06,1.53322e-06,1.48069e-06,1.24493e-06,1.07042e-06,8.81802e-07,6.9967e-07,5.1728e-07
5.13782e-07,6.87365e-07,8.89752e-07,1.05388e-06,1.19774e-06,1.38691e-06,1.58402e-06,1.68201e-06,1.78632e-06,1.8521e-06,1.89101e-06,1.88923e-06,1.87551e-06,1.78108e-06,1.6664e-06,1.50024e-06,1.44532e-06,1.21266e-06,1.04356e-06,8.60036e-07,6.80939e-07,5.03759e-07
4.99934e-07,6.70058e-07,8.67206e-07,1.0291e-06,1.16848e-06,1.35281e-06,1.54523e-06,1.64415e-06,1.7442e-06,1.80758e-06,1.84747e-06,1.84859e-06,1.8294e-06,1.73539e-06,1.62589e-06,1.46147e-06,1.4128e-06,1.18507e-06,1.01922e-06,8.3994e-07,6.6356e-07,4.90819e-07
4.87548e-07,6.53045e-07,8.46152e-07,1.00358e-06,1.13942e-06,1.32119e-06,1.50782e-06,1.60589e-06,1.70412e-06,1.7632e-06,1.80015e-06,1.79744e-06,1.78486e-06,1.7032e-06,1.59306e-06,1.4245e-06,1.37408e-06,1.1531e-06,9.92614e-07,8.16065e-07,6.458e-07,4.78444e-07
4.75666e-07,6.36716e-07,8.25286e-07,9.76631e-07,1.11174e-06,1.28934e-06,1.47417e-06,1.56334e-06,1.66143e-06,1.71801e-06,1.75863e-06,1.75595e-06,1.74563e-06,1.65964e-06,1.55577e-06,1.39055e-06,1.34267e-06,1.12373e-06,9.667e-07,7.96805e-07,6.28228e-07,4.6484e-07
4.63409e-07,6.20148e-07,8.03833e-07,9.52015e-07,1.08326e-06,1.25503e-06,1.43808e-06,1.52969e-06,1.6232e-06,1.68026e-06,1.71249e-06,1.71594e-06,1.70014e-06,1.6159e-06,1.51582e-06,1.35715e-06,1.30853e-06,1.09826e-06,9.43501e-07,7.76542e-07,6.12232e-07,4.53209e-07
4.50395e-07,6.03017e-07,7.83022e-07,9.2851e-07,1.05643e-06,1.22557e-06,1.4033e-06,1.48832e-06,1.583e-06,1.64059e-06,1.67702e-06,1.67202e-06,1.66099e-06,1.58039e-06,1.47924e-06,1.32217e-06,1.27686e-06,1.06926e-06,9.19688e-07,7.56146e-07,5.95698e-07,4.40939e-07
4.39668e-07,5.8848e-07,7.63612e-07,9.07937e-07,1.02915e-06,1.19568e-06,1.37133e-06,1.45513e-06,1.54495e-06,1.59901e-06,1.63055e-06,1.63474e-06,1.62232e-06,1.54398e-06,1.44425e-06,1.29042e-06,1.24737e-06,1.0427e-06,8.96105e-07,7.3691e-07,5.80967e-07,4.30323e-07
4.28361e-07,5.73858e-07,7.41941e-07,8.84657e-07,1.00729e-06,1.16614e-06,1.33918e-06,1.42097e-06,1.50929e-06,1.56233e-06,1.59033e-06,1.59697e-06,1.5839e-06,1.5104e-06,1.41507e-06,1.25604e-06,1.21643e-06,1.01823e-06,8.75148e-07,7.18592e-07,5.66893e-07,4.1863e-07
4.17379e-07,5.58747e-07,7.25918e-07,8.64321e-07,9.80091e-07,1.13762e-06,1.30664e-06,1.38804e-06,1.47335e-06,1.52511e-06,1.54999e-06,1.55712e-06,1.54664e-06,1.47174e-06,1.37976e-06,1.22836e-06,1.18785e-06,9.93764e-07,8.52004e-07,6.99974e-07,5.51025e-07,4.08405e-07
4.06335e-07,5.45063e-07,7.07381e-07,8.4448e-07,9.54863e-07,1.11089e-06,1.27307e-06,1.35514e-06,1.44017e-06,1.48159e-06,1.5133e-06,1.52163e-06,1.50863e-06,1.44068e-06,1.3369e-06,1.1961e-06,1.15898e-06,9.68305e-07,8.29607e-07,6.83671e-07,5.38042e-07,3.97691e-07
3.96371e-07,5.31015e-07,6.89926e-07,8.2277e-07,9.31025e-07,1.08434e-06,1.24533e-06,1.3222e-06,1.40362e-06,1.45058e-06,1.47963e-06,1.48514e-06,1.47233e-06,1.40431e-06,1.31331e-06,1.16837e-06,1.1311e-06,9.435e-07,8.09923e-07,6.65042e-07,5.23072e-07,3.87727e-07
3.85736e-07,5.1822e-07,6.73072e-07,8.03291e-07,9.08542e-07,1.0599e-06,1.21824e-06,1.28825e-06,1.36995e-06,1.41542e-06,1.44588e-06,1.45186e-06,1.4367e-06,1.37175e-06,1.28271e-06,1.14034e-06,1.10531e-06,9.22151e-07,7.90109e-07,6.48407e-07,5.09973e-07,3.77634e-07
3.76935e-07,5.04854e-07,6.55307e-07,7.83254e-07,8.87162e-07,1.0338e-06,1.1849e-06,1.26009e-06,1.3376e-06,1.38199e-06,1.40884e-06,1.41208e-06,1.40013e-06,1.33854e-06,1.25279e-06,1.11266e-06,1.07725e-06,8.98351e-07,7.69701e-07,6.32569e-07,4.97069e-07,3.68117e-07
3.66152e-07,4.9121e-07,6.37913e-07,7.63823e-07,8.65034e-07,1.01058e-06,1.15672e-06,1.23115e-06,1.30599e-06,1.34848e-06,1.37575e-06,1.3833e-06,1.36928e-06,1.31727e-06,1.2286e-06,1.08509e-06,1.05122e-06,8.77219e-07,7.51011e-07,6.15633e-07,4.84404e-07,3.58513e-07
3.57704e-07,4.79046e-07,6.23527e-07,7.45991e-07,8.41904e-07,9.82316e-07,1.1306e-06,1.2038e-06,1.2756e-06,1.31709e-06,1.34348e-06,1.35006e-06,1.33787e-06,1.27824e-06,1.19459e-06,1.06115e-06,1.02584e-06,8.53735e-07,7.32002e-07,6.00264e-07,4.71054e-07,3.49487e-07
3.48612e-07,4.6793e-07,6.12576e-07,7.28009e-07,8.22957e-07,9.57751e-07,1.10849e-06,1.17122e-06,1.2459e-06,1.2826e-06,1.30759e-06,1.31952e-06,1.31203e-06,1.24168e-06,1.16579e-06,1.03389e-06,1.00295e-06,8.33878e-07,7.14296e-07,5.85646e-07,4.60752e-07,3.40588e-07
3.3904e-07,4.56197e-07,5.93878e-07,7.11033e-07,8.01657e-07,9.40643e-07,1.07747e-06,1.14792e-06,1.21798e-06,1.25956e-06,1.28096e-06,1.28391e-06,1.26922e-06,1.22231e-06,1.14275e-06,1.00754e-06,9.78144e-07,8.1294e-07,6.97672e-07,5.69404e-07,4.4764e-07,3.32803e-07
3.30121e-07,4.44996e-07,5.7861e-07,6.93467e-07,7.85331e-07,9.11955e-07,1.05083e-06,1.12157e-06,1.19208e-06,1.2255e-06,1.24771e-06,1.25681e-06,1.24203e-06,1.18721e-06,1.11702e-06,9.80742e-07,9.53059e-07,7.97067e-07,6.79886e-07,5.57487e-07,4.36559e-07,3.23169e-07
3.22129e-07,4.33203e-07,5.63772e-07,6.76918e-07,7.63561e-07,8.94194e-07,1.02575e-06,1.0936e-06,1.16056e-06,1.19523e-06,1.22354e-06,1.22669e-06,1.21145e-06,1.16259e-06,1.0865e-06,9.60245e-07,9.30521e-07,7.73709e-07,6.62257e-07,5.42192e-07,4.25063e-07,3.15125e-07
3.13808e-07,4.22707e-07,5.50028e-07,6.59899e-07,7.46383e-07,8.73018e-07,1.0019e-06,1.06765e-06,1.13292e-06,1.16646e-06,1.19328e-06,1.19835e-06,1.18361e-06,1.13718e-06,1.06352e-06,9.35539e-07,9.07811e-07,7.56529e-07,6.46147e-07,5.28769e-07,4.14515e-07,3.06872e-07
3.0602e-07,4.11839e-07,5.36121e-07,6.44925e-07,7.2671e-07,8.52357e-07,9.78209e-07,1.04296e-06,1.10661e-06,1.13927e-06,1.16652e-06,1.17015e-06,1.15466e-06,1.10975e-06,1.0367e-06,9.14747e-07,8.86726e-07,7.36739e-07,6.29998e-07,5.15256e-07,4.03833e-07,2.99377e-07
2.98108e-07,4.00644e-07,5.22806e-07,6.29201e-07,7.07673e-07,8.32913e-07,9.53993e-07,1.01945e-06,1.08016e-06,1.11289e-06,1.1369e-06,1.14357e-06,1.1251e-06,1.08376e-06,1.00809e-06,8.97724e-07,8.65908e-07,7.18168e-07,6.13629e-07,5.02714e-07,3.94129e-07,2.91177e-07
2.90733e-07,3.91567e-07,5.0983e-07,6.14488e-07,6.91666e-07,8.12559e-07,9.3294e-07,9.94692e-07,1.05517e-06,1.08602e-06,1.11224e-06,1.11629e-06,1.10061e-06,1.0594e-06,9.89227e-07,8.71519e-07,8.45042e-07,7.01625e-07,5.99349e-07,4.89672e-07,3.83725e-07,2.84432e-07
2.83383e-07,3.81816e-07,4.97168e-07,5.99823e-07,6.74782e-07,7.93379e-07,9.11111e-07,9.71393e-07,1.03033e-06,1.06035e-06,1.08605e-06,1.0903e-06,1.07455e-06,1.03512e-06,9.6631e-07,8.50709e-07,8.24943e-07,6.84723e-07,5.84597e-07,4.77357e-07,3.74069e-07,2.77243e-07
2.76218e-07,3.72313e-07,4.84817e-07,5.85509e-07,6.58314e-07,7.7466e-07,8.89796e-07,9.48632e-07,1.00607e-06,1.03529e-06,1.06048e-06,1.06492e-06,1.04911e-06,1.01141e-06,9.43924e-07,8.3041e-07,8.05322e-07,6.68239e-07,5.70211e-07,4.65352e-07,3.64665e-07,2.70235e-07
2.69697e-07,3.63615e-07,4.72538e-07,5.71802e-07,6.42136e-07,7.5278e-07,8.7068e-07,9.26787e-07,9.85335e-07,1.01126e-06,1.03498e-06,1.03949e-06,1.02176e-06,9.84922e-07,9.23216e-07,8.09419e-07,7.87126e-07,6.5332e-07,5.56251e-07,4.5532e-07,3.55421e-07,2.6347e-07
2.62144e-07,3.53843e-07,4.61385e-07,5.58464e-07,6.26875e-07,7.38592e-07,8.49412e-07,9.0435e-07,9.61082e-07,9.9132e-07,1.00586e-06,1.01519e-06,9.99497e-07,9.6434e-07,9.02726e-07,7.93767e-07,7.6937e-07,6.38365e-07,5.42394e-07,4.42482e-07,3.46631e-07,2.56668e-07
2.5579e-07,3.45203e-07,4.49517e-07,5.44567e-07,6.11227e-07,7.21108e-07,8.28771e-07,8.83397e-07,9.36507e-07,9.63574e-07,9.87265e-07,9.92198e-07,9.76318e-07,9.43452e-07,8.79732e-07,7.7242e-07,7.49149e-07,6.21146e-07,5.29126e-07,4.31085e-07,3.3788e-07,2.50233e-07
2.49103e-07,3.36895e-07,4.38242e-07,5.32431e-07,5.96421e-07,7.04789e-07,8.11007e-07,8.61355e-07,9.13203e-07,9.38926e-07,9.68808e-07,9.70424e-07,9.53598e-07,9.21189e-07,8.58037e-07,7.54499e-07,7.31696e-07,6.07041e-07,5.16479e-07,4.19876e-07,3.29359e-07,2.44023e-07
2.43001e-07,3.28223e-07,4.27356e-07,5.18832e-07,5.81657e-07,6.87436e-07,7.9036e-07,8.42292e-07,8.92675e-07,9.18459e-07,9.41174e-07,9.46379e-07,9.30537e-07,9.00637e-07,8.39264e-07,7.36021e-07,7.13796e-07,5.91584e-07,5.03357e-07,4.09612e-07,3.21129e-07,2.37691e-07
2.3684e-07,3.20038e-07,4.1666e-07,5.06403e-07,5.67381e-07,6.71165e-07,7.7179e-07,8.22408e-07,8.71468e-07,8.96656e-07,9.18885e-07,9.24214e-07,9.08413e-07,8.79927e-07,8.19681e-07,7.18453e-07,6.96701e-07,5.77312e-07,4.90927e-07,3.99258e-07,3.13063e-07,2.31644e-07
2.30593e-07,3.12129e-07,4.06455e-07,4.94723e-07,5.52229e-07,6.56362e-07,7.54442e-07,8.01447e-07,8.51704e-07,8.77218e-07,8.95358e-07,9.02797e-07,8.84803e-07,8.59058e-07,7.99585e-07,7.03083e-07,6.81771e-07,5.62945e-07,4.78525e-07,3.89479e-07,3.0545e-07,2.25687e-07
2.24813e-07,3.04413e-07,3.96055e-07,4.83637e-07,5.40294e-07,6.39755e-07,7.34358e-07,7.84826e-07,8.33068e-07,8.50444e-07,8.76294e-07,8.81717e-07,8.64505e-07,8.41808e-07,7.82793e-07,6.84435e-07,6.61976e-07,5.49576e-07,4.66264e-07,3.79924e-07,2.97823e-07,2.19634e-07
2.19133e-07,2.9655e-07,3.86387e-07,4.70264e-07,5.27085e-07,6.26202e-07,7.18976e-07,7.63943e-07,8.09103e-07,8.33756e-07,8.55794e-07,8.61091e-07,8.42386e-07,8.21315e-07,7.64938e-07,6.65271e-07,6.45834e-07,5.37095e-07,4.55384e-07,3.69417e-07,2.91e-07,2.1438e-07
2.14017e-07,2.88816e-07,3.75572e-07,4.58968e-07,5.13305e-07,6.09436e-07,7.01657e-07,7.47878e-07,7.89912e-07,8.18358e-07,8.33462e-07,8.40189e-07,8.26204e-07,8.00533e-07,7.40436e-07,6.52599e-07,6.34298e-07,5.22846e-07,4.44568e-07,3.60206e-07,2.82819e-07,2.0902e-07
2.08158e-07,2.8191e-07,3.66721e-07,4.48259e-07,5.007e-07,5.94987e-07,6.84757e-07,7.29153e-07,7.72008e-07,7.94541e-07,8.14406e-07,8.20228e-07,8.04831e-07,7.82696e-07,7.27741e-07,6.3638e-07,6.16578e-07,5.10605e-07,4.32931e-07,3.5103e-07,2.75538e-07,2.0344e-07
2.02814e-07,2.74803e-07,3.57391e-07,4.37372e-07,4.88236e-07,5.80707e-07,6.68429e-07,7.11645e-07,7.53338e-07,7.75392e-07,7.94799e-07,8.00698e-07,7.8542e-07,7.64414e-07,7.10461e-07,6.2103e-07,6.01542e-07,4.98121e-07,4.22101e-07,3.4204e-07,2.6855e-07,1.98177e-07
1.97591e-07,2.67855e-07,3.48263e-07,4.26713e-07,4.76043e-07,5.66723e-07,6.52434e-07,6.94491e-07,7.35044e-07,7.56638e-07,7.75588e-07,7.8156e-07,7.66407e-07,7.46493e-07,6.93522e-07,6.06005e-07,5.86809e-07,4.85901e-07,4.11508e-07,3.33252e-07,2.61723e-07,1.93033e-07
1.92485e-07,2.61061e-07,3.39331e-07,4.16276e-07,4.64109e-07,5.53021e-07,6.3676e-07,6.77685e-07,7.17116e-07,7.38268e-07,7.5676e-07,7.62802e-07,7.47782e-07,7.28917e-07,6.76916e-07,5.91294e-07,5.72372e-07,4.73932e-07,4.01145e-07,3.2466e-07,2.55047e-07,1.88002e-07
1.87347e-07,2.54586e-07,3.30646e-07,4.07317e-07,4.52924e-07,5.39657e-07,6.19912e-07,6.62119e-07,7.02197e-07,7.16239e-07,7.38849e-07,7.44834e-07,7.28427e-07,7.13654e-07,6.61673e-07,5.76812e-07,5.56579e-07,4.62054e-07,3.90341e-07,3.16906e-07,2.48836e-07,1.82745e-07
1.82608e-07,2.47919e-07,3.22037e-07,3.96035e-07,4.40998e-07,5.26438e-07,6.06342e-07,6.45055e-07,6.82324e-07,7.02617e-07,7.20212e-07,7.26384e-07,7.11659e-07,6.9475e-07,6.44665e-07,5.62776e-07,5.44352e-07,4.50729e-07,3.8108e-07,3.08041e-07,2.42138e-07,1.78269e-07
1.77781e-07,2.42055e-07,3.14175e-07,3.86281e-07,4.28155e-07,5.14189e-07,5.91728e-07,6.28696e-07,6.65753e-07,6.8332e-07,7.01701e-07,7.09109e-07,6.96202e-07,6.78421e-07,6.29456e-07,5.48144e-07,5.31468e-07,4.36784e-07,3.71367e-07,2.99976e-07,2.35632e-07,1.73907e-07
1.73158e-07,2.35341e-07,3.0546e-07,3.766e-07,4.18843e-07,5.00892e-07,5.77099e-07,6.1369e-07,6.48872e-07,6.68365e-07,6.85068e-07,6.91356e-07,6.76951e-07,6.61842e-07,6.13632e-07,5.35402e-07,5.17411e-07,4.28448e-07,3.61852e-07,2.92136e-07,2.29786e-07,1.68957e-07
1.68585e-07,2.29253e-07,2.97431e-07,3.67169e-07,4.08108e-07,4.88488e-07,5.62897e-07,5.98455e-07,6.32629e-07,6.51733e-07,6.67997e-07,6.74339e-07,6.60105e-07,6.45829e-07,5.98553e-07,5.22119e-07,5.04329e-07,4.17637e-07,3.52535e-07,2.84438e-07,2.23808e-07,1.6445e-07
1.6411e-07,2.23295e-07,2.89567e-07,3.57922e-07,3.97593e-07,4.76322e-07,5.48964e-07,5.83507e-07,6.16696e-07,6.35421e-07,6.51253e-07,6.57642e-07,6.43583e-07,6.30104e-07,5.83754e-07,5.09096e-07,4.91494e-07,4.07037e-07,3.4341e-07,2.76905e-07,2.17956e-07,1.60041e-07
1.59591e-07,2.16909e-07,2.81717e-07,3.48254e-07,3.87993e-07,4.6594e-07,5.34523e-07,5.69211e-07,5.99799e-07,6.17952e-07,6.34332e-07,6.41913e-07,6.26046e-07,6.14819e-07,5.66012e-07,4.97041e-07,4.78065e-07,3.97039e-07,3.34323e-07,2.69747e-07,2.12855e-07,1.55306e-07
1.55446e-07,2.11749e-07,2.74318e-07,3.3996e-07,3.77197e-07,4.52678e-07,5.21879e-07,5.54459e-07,5.85727e-07,6.03727e-07,6.18696e-07,6.25181e-07,6.1148e-07,5.99484e-07,5.54974e-07,4.83802e-07,4.66548e-07,3.86448e-07,3.25711e-07,2.62309e-07,2.06619e-07,1.51504e-07
1.5125e-07,2.06157e-07,2.66928e-07,3.31236e-07,3.67305e-07,4.41186e-07,5.08712e-07,5.40335e-07,5.70677e-07,5.88325e-07,6.02872e-07,6.09398e-07,5.95883e-07,5.84569e-07,5.40979e-07,4.71515e-07,4.54424e-07,3.76448e-07,3.17128e-07,2.5524e-07,2.01126e-07,1.47371e-07
1.47144e-07,2.0068e-07,2.59687e-07,3.22678e-07,3.57612e-07,4.29909e-07,4.95787e-07,5.26476e-07,5.5591e-07,5.73216e-07,5.87343e-07,5.93907e-07,5.80579e-07,5.69915e-07,5.27239e-07,4.59463e-07,4.42525e-07,3.66638e-07,3.08716e-07,2.48319e-07,1.95747e-07,1.43326e-07
1.43126e-07,1.95316e-07,2.52594e-07,3.14282e-07,3.48111e-07,4.18842e-07,4.83099e-07,5.12877e-07,5.41419e-07,5.58392e-07,5.72102e-07,5.78701e-07,5.65561e-07,5.55514e-07,5.1375e-07,4.47639e-07,4.30849e-07,3.57015e-07,3.00472e-07,2.41542e-07,1.90477e-07,1.39368e-07
1.39193e-07,1.90062e-07,2.45647e-07,3.06046e-07,3.38799e-07,4.07979e-07,4.70642e-07,4.99529e-07,5.27197e-07,5.43844e-07,5.57142e-07,5.63774e-07,5.50823e-07,5.41358e-07,5.00507e-07,4.36037e-07,4.19391e-07,3.47574e-07,2.92392e-07,2.34906e-07,1.85314e-07,1.35494e-07
1.35344e-07,1.84916e-07,2.38842e-07,2.97964e-07,3.29671e-07,3.97316e-07,4.58413e-07,4.86423e-07,5.13241e-07,5.29568e-07,5.42461e-07,5.49121e-07,5.3636e-07,5.27443e-07,4.87503e-07,4.24651e-07,4.08145e-07,3.38312e-07,2.8447e-07,2.28408e-07,1.80257e-07,1.31702e-07
1.31775e-07,1.79394e-07,2.32079e-07,2.89875e-07,3.19818e-07,3.84871e-07,4.45097e-07,4.7556e-07,4.99465e-07,5.15838e-07,5.28034e-07,5.34475e-07,5.23215e-07,5.13668e-07,4.74336e-07,4.1597e-07,3.96513e-07,3.28406e-07,2.76223e-07,2.21928e-07,1.74903e-07,1.27805e-07
1.27889e-07,1.74938e-07,2.25647e-07,2.82257e-07,3.11956e-07,3.76579e-07,4.34622e-07,4.60941e-07,4.86107e-07,5.01817e-07,5.13912e-07,5.20622e-07,5.08239e-07,5.00333e-07,4.62201e-07,4.02522e-07,3.8628e-07,3.20315e-07,2.69095e-07,2.15814e-07,1.70448e-07,1.24359e-07
1.24282e-07,1.70102e-07,2.19254e-07,2.74625e-07,3.03361e-07,3.66496e-07,4.23051e-07,4.48554e-07,4.72921e-07,4.88332e-07,5.00035e-07,5.06767e-07,4.94572e-07,4.87125e-07,4.49895e-07,3.91769e-07,3.75656e-07,3.11573e-07,2.61637e-07,2.09715e-07,1.65692e-07,1.20806e-07
1.2075e-07,1.65364e-07,2.12993e-07,2.67139e-07,2.94936e-07,3.56599e-07,4.11692e-07,4.36397e-07,4.59984e-07,4.75103e-07,4.86421e-07,4.93168e-07,4.8116e-07,4.74145e-07,4.37813e-07,3.81218e-07,3.65231e-07,3.02998e-07,2.54326e-07,2.03743e-07,1.61033e-07,1.17328e-07
1.17296e-07,1.60724e-07,2.06862e-07,2.59796e-07,2.86681e-07,3.46889e-07,4.00541e-07,4.2447e-07,4.47293e-07,4.62125e-07,4.73063e-07,4.79823e-07,4.68003e-07,4.61395e-07,4.25952e-07,3.70869e-07,3.55005e-07,2.94589e-07,2.47161e-07,1.97897e-07,1.56469e-07,1.13926e-07
1.13916e-07,1.5618e-07,2.0086e-07,2.52595e-07,2.78591e-07,3.3736e-07,3.89599e-07,4.12769e-07,4.34846e-07,4.49396e-07,4.59961e-07,4.66731e-07,4.55095e-07,4.48869e-07,4.14311e-07,3.60717e-07,3.44977e-07,2.86344e-07,2.40141e-07,1.92175e-07,1.51999e-07,1.10598e-07
1.1061e-07,1.5173e-07,1.94987e-07,2.45532e-07,2.70664e-07,3.28011e-07,3.78862e-07,4.0129e-07,4.22637e-07,4.3691e-07,4.47109e-07,4.53886e-07,4.42436e-07,4.36562e-07,4.02885e-07,3.50759e-07,3.35143e-07,2.7826e-07,2.33262e-07,1.86576e-07,1.47621e-07,1.07343e-07
