# xi1
# underflow	 -4.3373637    	 0.24261829E-03
# overflow	-0.71598922E-02	 0.23243026E-05
# sum	 -4.7130925    	 0.24338309E-03
# xmin	xmax	cross	numerror
  2024.0000    	  2025.0000    	 0.75591371E-03	 0.11389517E-05
  2025.0000    	  2026.0000    	 0.63824724E-03	 0.98851392E-06
  2026.0000    	  2027.0000    	 0.42552977E-03	 0.85224533E-06
  2027.0000    	  2028.0000    	 0.15160114E-03	 0.76969274E-06
  2028.0000    	  2029.0000    	-0.13985746E-03	 0.85963025E-06
  2029.0000    	  2030.0000    	-0.40246651E-03	 0.97525332E-06
  2030.0000    	  2031.0000    	-0.61292154E-03	 0.10457435E-05
  2031.0000    	  2032.0000    	-0.75323434E-03	 0.10627313E-05
  2032.0000    	  2033.0000    	-0.82443351E-03	 0.10401397E-05
  2033.0000    	  2034.0000    	-0.83310848E-03	 0.10373214E-05
  2034.0000    	  2035.0000    	-0.79979066E-03	 0.10648136E-05
  2035.0000    	  2036.0000    	 0.72659828E-03	 0.99191568E-06
  2036.0000    	  2037.0000    	 0.61205238E-03	 0.95770307E-06
  2037.0000    	  2038.0000    	 0.40307799E-03	 0.80991002E-06
  2038.0000    	  2039.0000    	 0.13455062E-03	 0.74548581E-06
  2039.0000    	  2040.0000    	-0.14743268E-03	 0.76271002E-06
  2040.0000    	  2041.0000    	-0.40705526E-03	 0.88793447E-06
  2041.0000    	  2042.0000    	-0.61309811E-03	 0.93307848E-06
  2042.0000    	  2043.0000    	-0.74735032E-03	 0.97147673E-06
  2043.0000    	  2044.0000    	-0.81545222E-03	 0.10168091E-05
  2044.0000    	  2045.0000    	-0.82346047E-03	 0.10164365E-05
  2045.0000    	  2046.0000    	-0.78852485E-03	 0.10454925E-05
  2046.0000    	  2047.0000    	 0.69715017E-03	 0.91447611E-06
  2047.0000    	  2048.0000    	 0.58492933E-03	 0.84618658E-06
  2048.0000    	  2049.0000    	 0.38082851E-03	 0.76530203E-06
  2049.0000    	  2050.0000    	 0.11718223E-03	 0.71378421E-06
  2050.0000    	  2051.0000    	-0.15928322E-03	 0.72225093E-06
  2051.0000    	  2052.0000    	-0.41157960E-03	 0.82141993E-06
  2052.0000    	  2053.0000    	-0.61163551E-03	 0.92376476E-06
  2053.0000    	  2054.0000    	-0.74217698E-03	 0.94195740E-06
  2054.0000    	  2055.0000    	-0.80686382E-03	 0.96575170E-06
  2055.0000    	  2056.0000    	-0.81519539E-03	 0.10396078E-05
  2056.0000    	  2057.0000    	-0.77816028E-03	 0.10384347E-05
  2057.0000    	  2058.0000    	 0.66984507E-03	 0.90456295E-06
  2058.0000    	  2059.0000    	 0.55916686E-03	 0.80472933E-06
  2059.0000    	  2060.0000    	 0.35743989E-03	 0.70838490E-06
  2060.0000    	  2061.0000    	 0.10118601E-03	 0.65844232E-06
  2061.0000    	  2062.0000    	-0.16915263E-03	 0.68377325E-06
  2062.0000    	  2063.0000    	-0.41515783E-03	 0.77767780E-06
  2063.0000    	  2064.0000    	-0.60910478E-03	 0.84951523E-06
  2064.0000    	  2065.0000    	-0.73649504E-03	 0.89882767E-06
  2065.0000    	  2066.0000    	-0.79798091E-03	 0.97446515E-06
  2066.0000    	  2067.0000    	-0.80369159E-03	 0.97590883E-06
  2067.0000    	  2068.0000    	-0.76809861E-03	 0.10157518E-05
  2068.0000    	  2069.0000    	 0.64083848E-03	 0.87232212E-06
  2069.0000    	  2070.0000    	 0.53314564E-03	 0.78126967E-06
  2070.0000    	  2071.0000    	 0.33659671E-03	 0.68515425E-06
  2071.0000    	  2072.0000    	 0.85806559E-04	 0.62795839E-06
  2072.0000    	  2073.0000    	-0.17992641E-03	 0.65177766E-06
  2073.0000    	  2074.0000    	-0.41952981E-03	 0.74311753E-06
  2074.0000    	  2075.0000    	-0.60811185E-03	 0.83230834E-06
  2075.0000    	  2076.0000    	-0.73198711E-03	 0.87724123E-06
  2076.0000    	  2077.0000    	-0.79046039E-03	 0.92568057E-06
  2077.0000    	  2078.0000    	-0.79478368E-03	 0.10082213E-05
  2078.0000    	  2079.0000    	-0.75777578E-03	 0.10050105E-05
  2079.0000    	  2080.0000    	 0.61350768E-03	 0.81676961E-06
  2080.0000    	  2081.0000    	 0.50763040E-03	 0.74879984E-06
  2081.0000    	  2082.0000    	 0.31532711E-03	 0.67626558E-06
  2082.0000    	  2083.0000    	 0.70409451E-04	 0.62549390E-06
  2083.0000    	  2084.0000    	-0.18900489E-03	 0.65023911E-06
  2084.0000    	  2085.0000    	-0.42258431E-03	 0.70046278E-06
  2085.0000    	  2086.0000    	-0.60636367E-03	 0.77565631E-06
  2086.0000    	  2087.0000    	-0.72610438E-03	 0.87504754E-06
  2087.0000    	  2088.0000    	-0.78199530E-03	 0.90655587E-06
  2088.0000    	  2089.0000    	-0.78627955E-03	 0.94989809E-06
  2089.0000    	  2090.0000    	-0.75048000E-03	 0.99778414E-06
  2090.0000    	  2091.0000    	 0.58634031E-03	 0.80319602E-06
  2091.0000    	  2092.0000    	 0.48313251E-03	 0.71260008E-06
  2092.0000    	  2093.0000    	 0.29452478E-03	 0.64623365E-06
  2093.0000    	  2094.0000    	 0.55141411E-04	 0.60620221E-06
  2094.0000    	  2095.0000    	-0.19736935E-03	 0.62619425E-06
  2095.0000    	  2096.0000    	-0.42688033E-03	 0.68547671E-06
  2096.0000    	  2097.0000    	-0.60606892E-03	 0.75933802E-06
  2097.0000    	  2098.0000    	-0.72074963E-03	 0.83395806E-06
  2098.0000    	  2099.0000    	-0.77374218E-03	 0.89181259E-06
  2099.0000    	  2100.0000    	-0.77574011E-03	 0.94153116E-06
  2100.0000    	  2101.0000    	-0.73892431E-03	 0.97974392E-06
  2101.0000    	  2102.0000    	 0.56076712E-03	 0.74604304E-06
  2102.0000    	  2103.0000    	 0.45959970E-03	 0.69022278E-06
  2103.0000    	  2104.0000    	 0.27565790E-03	 0.62727419E-06
  2104.0000    	  2105.0000    	 0.40357465E-04	 0.58779505E-06
  2105.0000    	  2106.0000    	-0.20734939E-03	 0.60353357E-06
  2106.0000    	  2107.0000    	-0.42831100E-03	 0.66427463E-06
  2107.0000    	  2108.0000    	-0.60363863E-03	 0.74566670E-06
  2108.0000    	  2109.0000    	-0.71536040E-03	 0.82171487E-06
  2109.0000    	  2110.0000    	-0.76707551E-03	 0.86973110E-06
  2110.0000    	  2111.0000    	-0.76682695E-03	 0.92618524E-06
  2111.0000    	  2112.0000    	-0.72916384E-03	 0.97615773E-06
  2112.0000    	  2113.0000    	 0.53675325E-03	 0.72513406E-06
  2113.0000    	  2114.0000    	 0.43601980E-03	 0.67626542E-06
  2114.0000    	  2115.0000    	 0.25546941E-03	 0.60487990E-06
  2115.0000    	  2116.0000    	 0.25811910E-04	 0.57651699E-06
  2116.0000    	  2117.0000    	-0.21451289E-03	 0.57957770E-06
  2117.0000    	  2118.0000    	-0.43246233E-03	 0.66246804E-06
  2118.0000    	  2119.0000    	-0.60108114E-03	 0.71930912E-06
  2119.0000    	  2120.0000    	-0.70860449E-03	 0.79477395E-06
  2120.0000    	  2121.0000    	-0.75801495E-03	 0.85920661E-06
  2121.0000    	  2122.0000    	-0.75914658E-03	 0.91360999E-06
  2122.0000    	  2123.0000    	-0.71893643E-03	 0.95860099E-06
  2123.0000    	  2124.0000    	 0.51122121E-03	 0.70106298E-06
  2124.0000    	  2125.0000    	 0.41362364E-03	 0.65036445E-06
  2125.0000    	  2126.0000    	 0.23642748E-03	 0.59861870E-06
  2126.0000    	  2127.0000    	 0.12392629E-04	 0.57753478E-06
  2127.0000    	  2128.0000    	-0.22266184E-03	 0.61904181E-06
  2128.0000    	  2129.0000    	-0.43515840E-03	 0.61700353E-06
  2129.0000    	  2130.0000    	-0.59829617E-03	 0.70216561E-06
  2130.0000    	  2131.0000    	-0.70294996E-03	 0.79005474E-06
  2131.0000    	  2132.0000    	-0.74978552E-03	 0.84880857E-06
  2132.0000    	  2133.0000    	-0.74963879E-03	 0.90244683E-06
  2133.0000    	  2134.0000    	-0.71106309E-03	 0.95128282E-06
  2134.0000    	  2135.0000    	 0.48625622E-03	 0.68213854E-06
  2135.0000    	  2136.0000    	 0.39154520E-03	 0.62729290E-06
  2136.0000    	  2137.0000    	 0.21833811E-03	 0.57915752E-06
  2137.0000    	  2138.0000    	-0.79366324E-06	 0.55391869E-06
  2138.0000    	  2139.0000    	-0.23032941E-03	 0.57634572E-06
  2139.0000    	  2140.0000    	-0.43755209E-03	 0.61271993E-06
  2140.0000    	  2141.0000    	-0.59739289E-03	 0.68841333E-06
  2141.0000    	  2142.0000    	-0.69785661E-03	 0.77312345E-06
  2142.0000    	  2143.0000    	-0.74355416E-03	 0.83531426E-06
  2143.0000    	  2144.0000    	-0.74085919E-03	 0.89088571E-06
  2144.0000    	  2145.0000    	-0.70279516E-03	 0.97614494E-06
  2145.0000    	  2146.0000    	 0.46124849E-03	 0.66204237E-06
  2146.0000    	  2147.0000    	 0.36962918E-03	 0.62172175E-06
  2147.0000    	  2148.0000    	 0.20118331E-03	 0.57135147E-06
  2148.0000    	  2149.0000    	-0.14043437E-04	 0.54597597E-06
  2149.0000    	  2150.0000    	-0.23830702E-03	 0.55089209E-06
  2150.0000    	  2151.0000    	-0.43957328E-03	 0.59835557E-06
  2151.0000    	  2152.0000    	-0.59514443E-03	 0.68654204E-06
  2152.0000    	  2153.0000    	-0.69272353E-03	 0.76801607E-06
  2153.0000    	  2154.0000    	-0.73519570E-03	 0.82632181E-06
  2154.0000    	  2155.0000    	-0.73193830E-03	 0.88819087E-06
  2155.0000    	  2156.0000    	-0.69534359E-03	 0.98253651E-06
  2156.0000    	  2157.0000    	 0.44071722E-03	 0.64208507E-06
  2157.0000    	  2158.0000    	 0.34807993E-03	 0.60462030E-06
  2158.0000    	  2159.0000    	 0.18296721E-03	 0.55239807E-06
  2159.0000    	  2160.0000    	-0.26074518E-04	 0.53889766E-06
  2160.0000    	  2161.0000    	-0.24574077E-03	 0.54681195E-06
  2161.0000    	  2162.0000    	-0.44123192E-03	 0.58944193E-06
  2162.0000    	  2163.0000    	-0.59232022E-03	 0.66917764E-06
  2163.0000    	  2164.0000    	-0.68751031E-03	 0.74551819E-06
  2164.0000    	  2165.0000    	-0.72682692E-03	 0.81468282E-06
  2165.0000    	  2166.0000    	-0.72368617E-03	 0.87304146E-06
  2166.0000    	  2167.0000    	-0.68509746E-03	 0.92458247E-06
  2167.0000    	  2168.0000    	 0.41745593E-03	 0.62814084E-06
  2168.0000    	  2169.0000    	 0.32748330E-03	 0.59552312E-06
  2169.0000    	  2170.0000    	 0.16621550E-03	 0.54383244E-06
  2170.0000    	  2171.0000    	-0.39306235E-04	 0.52613788E-06
  2171.0000    	  2172.0000    	-0.25243210E-03	 0.53583086E-06
  2172.0000    	  2173.0000    	-0.44337378E-03	 0.57982873E-06
  2173.0000    	  2174.0000    	-0.59005257E-03	 0.69953426E-06
  2174.0000    	  2175.0000    	-0.68180458E-03	 0.74297961E-06
  2175.0000    	  2176.0000    	-0.72066604E-03	 0.80478313E-06
  2176.0000    	  2177.0000    	-0.71590708E-03	 0.86853724E-06
  2177.0000    	  2178.0000    	-0.67623444E-03	 0.91361087E-06
  2178.0000    	  2179.0000    	 0.39468879E-03	 0.61140503E-06
  2179.0000    	  2180.0000    	 0.30749310E-03	 0.57903662E-06
  2180.0000    	  2181.0000    	 0.14996523E-03	 0.53357515E-06
  2181.0000    	  2182.0000    	-0.50706061E-04	 0.51531872E-06
  2182.0000    	  2183.0000    	-0.25950863E-03	 0.53076700E-06
  2183.0000    	  2184.0000    	-0.44563709E-03	 0.57257812E-06
  2184.0000    	  2185.0000    	-0.58835935E-03	 0.65643254E-06
  2185.0000    	  2186.0000    	-0.67584829E-03	 0.72938443E-06
  2186.0000    	  2187.0000    	-0.71364380E-03	 0.79466255E-06
  2187.0000    	  2188.0000    	-0.70730939E-03	 0.85109387E-06
  2188.0000    	  2189.0000    	-0.66726396E-03	 0.90301870E-06
  2189.0000    	  2190.0000    	 0.37249662E-03	 0.60524079E-06
  2190.0000    	  2191.0000    	 0.28832572E-03	 0.56037030E-06
  2191.0000    	  2192.0000    	 0.13320111E-03	 0.53314077E-06
  2192.0000    	  2193.0000    	-0.61458234E-04	 0.50440328E-06
  2193.0000    	  2194.0000    	-0.26584412E-03	 0.51692518E-06
  2194.0000    	  2195.0000    	-0.44781342E-03	 0.56822639E-06
  2195.0000    	  2196.0000    	-0.58658928E-03	 0.64697653E-06
  2196.0000    	  2197.0000    	-0.67100637E-03	 0.72188187E-06
  2197.0000    	  2198.0000    	-0.70547879E-03	 0.78971125E-06
  2198.0000    	  2199.0000    	-0.69816109E-03	 0.85217717E-06
  2199.0000    	  2200.0000    	-0.66046036E-03	 0.89424890E-06
  2200.0000    	  2201.0000    	 0.35275618E-03	 0.62546669E-06
  2201.0000    	  2202.0000    	 0.26914354E-03	 0.54719827E-06
  2202.0000    	  2203.0000    	 0.11771895E-03	 0.51881357E-06
  2203.0000    	  2204.0000    	-0.72703229E-04	 0.49889429E-06
  2204.0000    	  2205.0000    	-0.27255367E-03	 0.51315435E-06
  2205.0000    	  2206.0000    	-0.44912496E-03	 0.55698125E-06
  2206.0000    	  2207.0000    	-0.58347477E-03	 0.63484141E-06
  2207.0000    	  2208.0000    	-0.66555649E-03	 0.71156621E-06
  2208.0000    	  2209.0000    	-0.69883926E-03	 0.81349492E-06
  2209.0000    	  2210.0000    	-0.68996727E-03	 0.84634593E-06
  2210.0000    	  2211.0000    	-0.65419583E-03	 0.89162615E-06
  2211.0000    	  2212.0000    	 0.33248763E-03	 0.57263257E-06
  2212.0000    	  2213.0000    	 0.25017384E-03	 0.53851785E-06
  2213.0000    	  2214.0000    	 0.10263614E-03	 0.50845400E-06
  2214.0000    	  2215.0000    	-0.83824700E-04	 0.50256930E-06
  2215.0000    	  2216.0000    	-0.27854866E-03	 0.51807034E-06
  2216.0000    	  2217.0000    	-0.45035468E-03	 0.55833387E-06
  2217.0000    	  2218.0000    	-0.58062984E-03	 0.62833665E-06
  2218.0000    	  2219.0000    	-0.66069733E-03	 0.70526062E-06
  2219.0000    	  2220.0000    	-0.69159707E-03	 0.77138587E-06
  2220.0000    	  2221.0000    	-0.68329223E-03	 0.83048307E-06
  2221.0000    	  2222.0000    	-0.64424759E-03	 0.87792310E-06
  2222.0000    	  2223.0000    	 0.31204558E-03	 0.56916937E-06
  2223.0000    	  2224.0000    	 0.23278419E-03	 0.52957586E-06
  2224.0000    	  2225.0000    	 0.87229825E-04	 0.50167563E-06
  2225.0000    	  2226.0000    	-0.94652659E-04	 0.49240941E-06
  2226.0000    	  2227.0000    	-0.28405057E-03	 0.51377107E-06
  2227.0000    	  2228.0000    	-0.45201938E-03	 0.54642534E-06
  2228.0000    	  2229.0000    	-0.57853747E-03	 0.62104021E-06
  2229.0000    	  2230.0000    	-0.65506268E-03	 0.69890874E-06
  2230.0000    	  2231.0000    	-0.68448005E-03	 0.76429853E-06
  2231.0000    	  2232.0000    	-0.67546889E-03	 0.82741732E-06
  2232.0000    	  2233.0000    	-0.63564778E-03	 0.87240380E-06
  2233.0000    	  2234.0000    	 0.29227595E-03	 0.57280809E-06
  2234.0000    	  2235.0000    	 0.21477153E-03	 0.52360735E-06
  2235.0000    	  2236.0000    	 0.74107446E-04	 0.49000220E-06
  2236.0000    	  2237.0000    	-0.10464825E-03	 0.48175846E-06
  2237.0000    	  2238.0000    	-0.28973626E-03	 0.50759376E-06
  2238.0000    	  2239.0000    	-0.45310235E-03	 0.54250122E-06
  2239.0000    	  2240.0000    	-0.57683094E-03	 0.61418397E-06
  2240.0000    	  2241.0000    	-0.65044849E-03	 0.69074807E-06
  2241.0000    	  2242.0000    	-0.67798767E-03	 0.75909622E-06
  2242.0000    	  2243.0000    	-0.66694255E-03	 0.81370035E-06
  2243.0000    	  2244.0000    	-0.62864548E-03	 0.86380105E-06
  2244.0000    	  2245.0000    	 0.27457625E-03	 0.56849632E-06
  2245.0000    	  2246.0000    	 0.19786820E-03	 0.50743096E-06
  2246.0000    	  2247.0000    	 0.59574365E-04	 0.50228020E-06
  2247.0000    	  2248.0000    	-0.11514171E-03	 0.48482489E-06
  2248.0000    	  2249.0000    	-0.29539698E-03	 0.49132289E-06
  2249.0000    	  2250.0000    	-0.45364542E-03	 0.53506774E-06
  2250.0000    	  2251.0000    	-0.57375103E-03	 0.61290038E-06
  2251.0000    	  2252.0000    	-0.64413888E-03	 0.68558284E-06
  2252.0000    	  2253.0000    	-0.67113612E-03	 0.74814732E-06
  2253.0000    	  2254.0000    	-0.66081901E-03	 0.80512787E-06
  2254.0000    	  2255.0000    	-0.62100990E-03	 0.85852016E-06
  2255.0000    	  2256.0000    	 0.25533078E-03	 0.53482370E-06
  2256.0000    	  2257.0000    	 0.18042335E-03	 0.50572651E-06
  2257.0000    	  2258.0000    	 0.45859659E-04	 0.48017075E-06
  2258.0000    	  2259.0000    	-0.12420773E-03	 0.47277171E-06
  2259.0000    	  2260.0000    	-0.30016037E-03	 0.48666183E-06
  2260.0000    	  2261.0000    	-0.45483557E-03	 0.52990833E-06
  2261.0000    	  2262.0000    	-0.57105447E-03	 0.60754020E-06
  2262.0000    	  2263.0000    	-0.64007295E-03	 0.68057843E-06
  2263.0000    	  2264.0000    	-0.66471604E-03	 0.74534947E-06
  2264.0000    	  2265.0000    	-0.65281971E-03	 0.79959288E-06
  2265.0000    	  2266.0000    	-0.61379877E-03	 0.85299053E-06
  2266.0000    	  2267.0000    	 0.23731766E-03	 0.52643716E-06
  2267.0000    	  2268.0000    	 0.16436922E-03	 0.51751863E-06
  2268.0000    	  2269.0000    	 0.32776190E-04	 0.47096271E-06
  2269.0000    	  2270.0000    	-0.13393068E-03	 0.47756181E-06
  2270.0000    	  2271.0000    	-0.30475689E-03	 0.48852301E-06
  2271.0000    	  2272.0000    	-0.45629258E-03	 0.53151137E-06
  2272.0000    	  2273.0000    	-0.56814174E-03	 0.60157912E-06
  2273.0000    	  2274.0000    	-0.63495779E-03	 0.67075755E-06
  2274.0000    	  2275.0000    	-0.65754912E-03	 0.73462640E-06
  2275.0000    	  2276.0000    	-0.64510158E-03	 0.78996964E-06
  2276.0000    	  2277.0000    	-0.60514313E-03	 0.83992558E-06
  2277.0000    	  2278.0000    	 0.21990288E-03	 0.51700106E-06
  2278.0000    	  2279.0000    	 0.14863845E-03	 0.49029039E-06
  2279.0000    	  2280.0000    	 0.19214380E-04	 0.46965154E-06
  2280.0000    	  2281.0000    	-0.14268073E-03	 0.46511750E-06
  2281.0000    	  2282.0000    	-0.30999853E-03	 0.47637302E-06
  2282.0000    	  2283.0000    	-0.45739646E-03	 0.52335710E-06
  2283.0000    	  2284.0000    	-0.56666972E-03	 0.59445012E-06
  2284.0000    	  2285.0000    	-0.62839444E-03	 0.71971489E-06
  2285.0000    	  2286.0000    	-0.65128639E-03	 0.73107086E-06
  2286.0000    	  2287.0000    	-0.63874842E-03	 0.78375151E-06
  2287.0000    	  2288.0000    	-0.59965194E-03	 0.83763926E-06
  2288.0000    	  2289.0000    	 0.20372719E-03	 0.50870974E-06
  2289.0000    	  2290.0000    	 0.13257507E-03	 0.49304609E-06
  2290.0000    	  2291.0000    	 0.69484471E-05	 0.47740023E-06
  2291.0000    	  2292.0000    	-0.15158270E-03	 0.45925480E-06
  2292.0000    	  2293.0000    	-0.31456859E-03	 0.47784886E-06
  2293.0000    	  2294.0000    	-0.45696415E-03	 0.51806251E-06
  2294.0000    	  2295.0000    	-0.56324600E-03	 0.60929120E-06
  2295.0000    	  2296.0000    	-0.62556256E-03	 0.67483757E-06
  2296.0000    	  2297.0000    	-0.64479782E-03	 0.72691596E-06
  2297.0000    	  2298.0000    	-0.63097166E-03	 0.78171062E-06
  2298.0000    	  2299.0000    	-0.59091837E-03	 0.82749754E-06
  2299.0000    	  2300.0000    	 0.18716121E-03	 0.50157857E-06
  2300.0000    	  2301.0000    	 0.11785718E-03	 0.49363504E-06
  2301.0000    	  2302.0000    	-0.45797349E-05	 0.45689635E-06
  2302.0000    	  2303.0000    	-0.15988591E-03	 0.45514879E-06
  2303.0000    	  2304.0000    	-0.31917424E-03	 0.47276136E-06
  2304.0000    	  2305.0000    	-0.45825022E-03	 0.51455809E-06
  2305.0000    	  2306.0000    	-0.56065454E-03	 0.58181570E-06
  2306.0000    	  2307.0000    	-0.61948304E-03	 0.65345478E-06
  2307.0000    	  2308.0000    	-0.63860248E-03	 0.71595246E-06
  2308.0000    	  2309.0000    	-0.62444212E-03	 0.76885455E-06
  2309.0000    	  2310.0000    	-0.58361213E-03	 0.82056641E-06
  2310.0000    	  2311.0000    	 0.16993449E-03	 0.49671918E-06
  2311.0000    	  2312.0000    	 0.10266756E-03	 0.46760570E-06
  2312.0000    	  2313.0000    	-0.16973703E-04	 0.45828058E-06
  2313.0000    	  2314.0000    	-0.16852329E-03	 0.45651982E-06
  2314.0000    	  2315.0000    	-0.32334251E-03	 0.48890789E-06
  2315.0000    	  2316.0000    	-0.45889998E-03	 0.51008219E-06
  2316.0000    	  2317.0000    	-0.55760686E-03	 0.57827325E-06
  2317.0000    	  2318.0000    	-0.61460504E-03	 0.64589677E-06
  2318.0000    	  2319.0000    	-0.63228133E-03	 0.70961690E-06
  2319.0000    	  2320.0000    	-0.61599229E-03	 0.76082060E-06
  2320.0000    	  2321.0000    	-0.57731738E-03	 0.81466928E-06
  2321.0000    	  2322.0000    	 0.15413323E-03	 0.48193262E-06
  2322.0000    	  2323.0000    	 0.89416634E-04	 0.46396676E-06
  2323.0000    	  2324.0000    	-0.28560685E-04	 0.44915984E-06
  2324.0000    	  2325.0000    	-0.17589977E-03	 0.45460557E-06
  2325.0000    	  2326.0000    	-0.32759408E-03	 0.46435302E-06
  2326.0000    	  2327.0000    	-0.45876274E-03	 0.50530798E-06
  2327.0000    	  2328.0000    	-0.55496600E-03	 0.57206213E-06
  2328.0000    	  2329.0000    	-0.60969234E-03	 0.64754542E-06
  2329.0000    	  2330.0000    	-0.62578898E-03	 0.71071495E-06
  2330.0000    	  2331.0000    	-0.61065209E-03	 0.75729899E-06
  2331.0000    	  2332.0000    	-0.57066087E-03	 0.81134055E-06
  2332.0000    	  2333.0000    	 0.13992445E-03	 0.47763976E-06
  2333.0000    	  2334.0000    	 0.74830820E-04	 0.46302317E-06
  2334.0000    	  2335.0000    	-0.39834078E-04	 0.45096098E-06
  2335.0000    	  2336.0000    	-0.18382496E-03	 0.44696325E-06
  2336.0000    	  2337.0000    	-0.33060796E-03	 0.46394307E-06
  2337.0000    	  2338.0000    	-0.45912424E-03	 0.50386706E-06
  2338.0000    	  2339.0000    	-0.55235238E-03	 0.58680035E-06
  2339.0000    	  2340.0000    	-0.60404160E-03	 0.65270824E-06
  2340.0000    	  2341.0000    	-0.61904483E-03	 0.69619017E-06
  2341.0000    	  2342.0000    	-0.60361707E-03	 0.75129228E-06
  2342.0000    	  2343.0000    	-0.56258124E-03	 0.80494636E-06
  2343.0000    	  2344.0000    	 0.12346479E-03	 0.48009324E-06
  2344.0000    	  2345.0000    	 0.61230560E-04	 0.45661691E-06
  2345.0000    	  2346.0000    	-0.51061386E-04	 0.44434766E-06
  2346.0000    	  2347.0000    	-0.19099948E-03	 0.43547313E-06
  2347.0000    	  2348.0000    	-0.33488441E-03	 0.45640162E-06
  2348.0000    	  2349.0000    	-0.45902311E-03	 0.50135272E-06
  2349.0000    	  2350.0000    	-0.54982579E-03	 0.56645884E-06
  2350.0000    	  2351.0000    	-0.59930353E-03	 0.63148586E-06
  2351.0000    	  2352.0000    	-0.61383280E-03	 0.70059044E-06
  2352.0000    	  2353.0000    	-0.59753084E-03	 0.75035035E-06
  2353.0000    	  2354.0000    	-0.55689893E-03	 0.79958984E-06
  2354.0000    	  2355.0000    	 0.10950231E-03	 0.46526796E-06
  2355.0000    	  2356.0000    	 0.48175132E-04	 0.44886462E-06
  2356.0000    	  2357.0000    	-0.61082614E-04	 0.43826891E-06
  2357.0000    	  2358.0000    	-0.19850064E-03	 0.43768303E-06
  2358.0000    	  2359.0000    	-0.33806123E-03	 0.45296462E-06
  2359.0000    	  2360.0000    	-0.45887168E-03	 0.49755504E-06
  2360.0000    	  2361.0000    	-0.54639817E-03	 0.56369120E-06
  2361.0000    	  2362.0000    	-0.59534653E-03	 0.63046469E-06
  2362.0000    	  2363.0000    	-0.60789566E-03	 0.68737170E-06
  2363.0000    	  2364.0000    	-0.59036304E-03	 0.73744144E-06
  2364.0000    	  2365.0000    	-0.55141960E-03	 0.80039894E-06
  2365.0000    	  2366.0000    	 0.94675052E-04	 0.49297088E-06
  2366.0000    	  2367.0000    	 0.35723277E-04	 0.44159495E-06
  2367.0000    	  2368.0000    	-0.71190508E-04	 0.43330933E-06
  2368.0000    	  2369.0000    	-0.20587494E-03	 0.43180193E-06
  2369.0000    	  2370.0000    	-0.34129279E-03	 0.45732942E-06
  2370.0000    	  2371.0000    	-0.45904461E-03	 0.50219552E-06
  2371.0000    	  2372.0000    	-0.54375151E-03	 0.55809395E-06
  2372.0000    	  2373.0000    	-0.58999103E-03	 0.62870211E-06
  2373.0000    	  2374.0000    	-0.60131330E-03	 0.68112169E-06
  2374.0000    	  2375.0000    	-0.58414687E-03	 0.73882433E-06
  2375.0000    	  2376.0000    	-0.54454556E-03	 0.78669414E-06
  2376.0000    	  2377.0000    	 0.81670361E-04	 0.45526788E-06
  2377.0000    	  2378.0000    	 0.23055723E-04	 0.44210631E-06
  2378.0000    	  2379.0000    	-0.81650041E-04	 0.43073101E-06
  2379.0000    	  2380.0000    	-0.21213583E-03	 0.43232041E-06
  2380.0000    	  2381.0000    	-0.34490342E-03	 0.45476767E-06
  2381.0000    	  2382.0000    	-0.45919752E-03	 0.49352271E-06
  2382.0000    	  2383.0000    	-0.54118527E-03	 0.55318879E-06
  2383.0000    	  2384.0000    	-0.58553438E-03	 0.62446981E-06
  2384.0000    	  2385.0000    	-0.59529814E-03	 0.68785456E-06
  2385.0000    	  2386.0000    	-0.57733247E-03	 0.72780239E-06
  2386.0000    	  2387.0000    	-0.53811459E-03	 0.78330038E-06
  2387.0000    	  2388.0000    	 0.68513854E-04	 0.45744250E-06
  2388.0000    	  2389.0000    	 0.10728697E-04	 0.43335193E-06
  2389.0000    	  2390.0000    	-0.90998583E-04	 0.43695781E-06
  2390.0000    	  2391.0000    	-0.21827705E-03	 0.42631366E-06
  2391.0000    	  2392.0000    	-0.34761345E-03	 0.45998315E-06
  2392.0000    	  2393.0000    	-0.45951196E-03	 0.52010259E-06
  2393.0000    	  2394.0000    	-0.53756644E-03	 0.54842497E-06
  2394.0000    	  2395.0000    	-0.58191568E-03	 0.61770088E-06
  2395.0000    	  2396.0000    	-0.59051529E-03	 0.67580474E-06
  2396.0000    	  2397.0000    	-0.57171317E-03	 0.72304045E-06
  2397.0000    	  2398.0000    	-0.53078971E-03	 0.77409978E-06
  2398.0000    	  2399.0000    	 0.54338147E-04	 0.45825820E-06
  2399.0000    	  2400.0000    	-0.86062491E-06	 0.43576857E-06
  2400.0000    	  2401.0000    	-0.10115751E-03	 0.42552280E-06
  2401.0000    	  2402.0000    	-0.22534158E-03	 0.42775253E-06
  2402.0000    	  2403.0000    	-0.35078163E-03	 0.44759476E-06
  2403.0000    	  2404.0000    	-0.45891976E-03	 0.50395122E-06
  2404.0000    	  2405.0000    	-0.53465028E-03	 0.54737537E-06
  2405.0000    	  2406.0000    	-0.57607304E-03	 0.60810181E-06
  2406.0000    	  2407.0000    	-0.58333522E-03	 0.67623366E-06
  2407.0000    	  2408.0000    	-0.56589836E-03	 0.72184645E-06
  2408.0000    	  2409.0000    	-0.52537590E-03	 0.76907936E-06
  2409.0000    	  2410.0000    	 0.42600274E-04	 0.44419555E-06
  2410.0000    	  2411.0000    	-0.12244302E-04	 0.42669511E-06
  2411.0000    	  2412.0000    	-0.10947366E-03	 0.42138594E-06
  2412.0000    	  2413.0000    	-0.23064204E-03	 0.42182404E-06
  2413.0000    	  2414.0000    	-0.35344081E-03	 0.44074024E-06
  2414.0000    	  2415.0000    	-0.45763825E-03	 0.48062583E-06
  2415.0000    	  2416.0000    	-0.53277061E-03	 0.56919781E-06
  2416.0000    	  2417.0000    	-0.57113626E-03	 0.60745226E-06
  2417.0000    	  2418.0000    	-0.57938079E-03	 0.66489529E-06
  2418.0000    	  2419.0000    	-0.55919066E-03	 0.71091404E-06
  2419.0000    	  2420.0000    	-0.52000346E-03	 0.80482816E-06
  2420.0000    	  2421.0000    	 0.29283501E-04	 0.44195229E-06
  2421.0000    	  2422.0000    	-0.23320888E-04	 0.42430002E-06
  2422.0000    	  2423.0000    	-0.11834106E-03	 0.41966814E-06
  2423.0000    	  2424.0000    	-0.23627474E-03	 0.42506092E-06
  2424.0000    	  2425.0000    	-0.35620067E-03	 0.44516231E-06
  2425.0000    	  2426.0000    	-0.45812568E-03	 0.49592693E-06
  2426.0000    	  2427.0000    	-0.52982936E-03	 0.54496463E-06
  2427.0000    	  2428.0000    	-0.56665945E-03	 0.60091408E-06
  2428.0000    	  2429.0000    	-0.57199715E-03	 0.65720760E-06
  2429.0000    	  2430.0000    	-0.55273590E-03	 0.70456933E-06
  2430.0000    	  2431.0000    	-0.51430004E-03	 0.76520586E-06
  2431.0000    	  2432.0000    	 0.17009027E-04	 0.44658254E-06
  2432.0000    	  2433.0000    	-0.33766806E-04	 0.42044208E-06
  2433.0000    	  2434.0000    	-0.12692625E-03	 0.42527083E-06
  2434.0000    	  2435.0000    	-0.24195949E-03	 0.41990695E-06
  2435.0000    	  2436.0000    	-0.35840751E-03	 0.44026908E-06
  2436.0000    	  2437.0000    	-0.45711689E-03	 0.51077852E-06
  2437.0000    	  2438.0000    	-0.52727272E-03	 0.53692454E-06
  2438.0000    	  2439.0000    	-0.56222194E-03	 0.60056134E-06
  2439.0000    	  2440.0000    	-0.56724695E-03	 0.65384614E-06
  2440.0000    	  2441.0000    	-0.54613502E-03	 0.72580499E-06
  2441.0000    	  2442.0000    	-0.50792982E-03	 0.75812315E-06
  2442.0000    	  2443.0000    	 0.54981935E-05	 0.44010026E-06
  2443.0000    	  2444.0000    	-0.44824463E-04	 0.43089757E-06
  2444.0000    	  2445.0000    	-0.13575742E-03	 0.42005097E-06
  2445.0000    	  2446.0000    	-0.24724636E-03	 0.41661774E-06
  2446.0000    	  2447.0000    	-0.36082985E-03	 0.43521918E-06
  2447.0000    	  2448.0000    	-0.45740589E-03	 0.49528585E-06
  2448.0000    	  2449.0000    	-0.52308273E-03	 0.53235039E-06
  2449.0000    	  2450.0000    	-0.55796677E-03	 0.61209720E-06
  2450.0000    	  2451.0000    	-0.56177320E-03	 0.64755390E-06
  2451.0000    	  2452.0000    	-0.54194075E-03	 0.69648606E-06
  2452.0000    	  2453.0000    	-0.50165089E-03	 0.74920284E-06
  2453.0000    	  2454.0000    	-0.58259253E-05	 0.43509327E-06
  2454.0000    	  2455.0000    	-0.55133231E-04	 0.42054942E-06
  2455.0000    	  2456.0000    	-0.14308549E-03	 0.41167517E-06
  2456.0000    	  2457.0000    	-0.25359392E-03	 0.42237717E-06
  2457.0000    	  2458.0000    	-0.36342047E-03	 0.43628796E-06
  2458.0000    	  2459.0000    	-0.45618548E-03	 0.47166506E-06
  2459.0000    	  2460.0000    	-0.52081571E-03	 0.53235160E-06
  2460.0000    	  2461.0000    	-0.55301429E-03	 0.60824058E-06
  2461.0000    	  2462.0000    	-0.55658651E-03	 0.64384632E-06
  2462.0000    	  2463.0000    	-0.53523614E-03	 0.69437659E-06
  2463.0000    	  2464.0000    	-0.49683730E-03	 0.74739359E-06
  2464.0000    	  2465.0000    	-0.17568141E-04	 0.44337378E-06
  2465.0000    	  2466.0000    	-0.64928942E-04	 0.41410268E-06
  2466.0000    	  2467.0000    	-0.15104667E-03	 0.40783972E-06
  2467.0000    	  2468.0000    	-0.25763324E-03	 0.41454775E-06
  2468.0000    	  2469.0000    	-0.36526191E-03	 0.45668754E-06
  2469.0000    	  2470.0000    	-0.45543077E-03	 0.47042296E-06
  2470.0000    	  2471.0000    	-0.51822876E-03	 0.52839111E-06
  2471.0000    	  2472.0000    	-0.54872394E-03	 0.58747959E-06
  2472.0000    	  2473.0000    	-0.55074434E-03	 0.63930842E-06
  2473.0000    	  2474.0000    	-0.53003540E-03	 0.68970164E-06
  2474.0000    	  2475.0000    	-0.49111291E-03	 0.73958651E-06
  2475.0000    	  2476.0000    	-0.28026203E-04	 0.42577540E-06
  2476.0000    	  2477.0000    	-0.74522519E-04	 0.41599465E-06
  2477.0000    	  2478.0000    	-0.15887423E-03	 0.43317781E-06
  2478.0000    	  2479.0000    	-0.26302093E-03	 0.41510178E-06
  2479.0000    	  2480.0000    	-0.36672836E-03	 0.43168326E-06
  2480.0000    	  2481.0000    	-0.45513199E-03	 0.50138909E-06
  2481.0000    	  2482.0000    	-0.51444099E-03	 0.53093655E-06
  2482.0000    	  2483.0000    	-0.54355338E-03	 0.58458287E-06
  2483.0000    	  2484.0000    	-0.54530028E-03	 0.63308010E-06
  2484.0000    	  2485.0000    	-0.52470155E-03	 0.68253102E-06
  2485.0000    	  2486.0000    	-0.48438003E-03	 0.73383680E-06
  2486.0000    	  2487.0000    	-0.38167517E-04	 0.42444198E-06
  2487.0000    	  2488.0000    	-0.84152043E-04	 0.43805463E-06
  2488.0000    	  2489.0000    	-0.16626521E-03	 0.40941995E-06
  2489.0000    	  2490.0000    	-0.26700629E-03	 0.41287514E-06
  2490.0000    	  2491.0000    	-0.36877496E-03	 0.43440925E-06
  2491.0000    	  2492.0000    	-0.45447616E-03	 0.47688911E-06
  2492.0000    	  2493.0000    	-0.51172512E-03	 0.52146231E-06
  2493.0000    	  2494.0000    	-0.54077726E-03	 0.58147329E-06
  2494.0000    	  2495.0000    	-0.54011531E-03	 0.62764516E-06
  2495.0000    	  2496.0000    	-0.51957592E-03	 0.68616425E-06
  2496.0000    	  2497.0000    	-0.47851085E-03	 0.73037378E-06
  2497.0000    	  2498.0000    	-0.48014115E-04	 0.42302318E-06
  2498.0000    	  2499.0000    	-0.93291702E-04	 0.42495388E-06
  2499.0000    	  2500.0000    	-0.17360526E-03	 0.40757333E-06
  2500.0000    	  2501.0000    	-0.27185371E-03	 0.41449344E-06
  2501.0000    	  2502.0000    	-0.37076439E-03	 0.43062504E-06
  2502.0000    	  2503.0000    	-0.45349412E-03	 0.46859530E-06
  2503.0000    	  2504.0000    	-0.50928307E-03	 0.51930968E-06
  2504.0000    	  2505.0000    	-0.53556438E-03	 0.57830114E-06
  2505.0000    	  2506.0000    	-0.53437178E-03	 0.62515320E-06
  2506.0000    	  2507.0000    	-0.51302237E-03	 0.67457070E-06
  2507.0000    	  2508.0000    	-0.47405344E-03	 0.72820935E-06
  2508.0000    	  2509.0000    	-0.59050292E-04	 0.43547379E-06
  2509.0000    	  2510.0000    	-0.10226881E-03	 0.41021559E-06
  2510.0000    	  2511.0000    	-0.17986386E-03	 0.41110671E-06
  2511.0000    	  2512.0000    	-0.27640817E-03	 0.41746916E-06
  2512.0000    	  2513.0000    	-0.37175459E-03	 0.42779580E-06
  2513.0000    	  2514.0000    	-0.45206945E-03	 0.46433161E-06
  2514.0000    	  2515.0000    	-0.50627856E-03	 0.52857900E-06
  2515.0000    	  2516.0000    	-0.53141366E-03	 0.57237146E-06
  2516.0000    	  2517.0000    	-0.53076942E-03	 0.62840245E-06
  2517.0000    	  2518.0000    	-0.50762406E-03	 0.66955795E-06
  2518.0000    	  2519.0000    	-0.46842668E-03	 0.72366151E-06
  2519.0000    	  2520.0000    	-0.68299404E-04	 0.42896321E-06
  2520.0000    	  2521.0000    	-0.11078644E-03	 0.41028308E-06
  2521.0000    	  2522.0000    	-0.18626271E-03	 0.40348679E-06
  2522.0000    	  2523.0000    	-0.28059293E-03	 0.41422417E-06
  2523.0000    	  2524.0000    	-0.37392371E-03	 0.42625174E-06
  2524.0000    	  2525.0000    	-0.45077870E-03	 0.47249370E-06
  2525.0000    	  2526.0000    	-0.50323571E-03	 0.52257259E-06
  2526.0000    	  2527.0000    	-0.52702223E-03	 0.56662592E-06
  2527.0000    	  2528.0000    	-0.52517163E-03	 0.61996868E-06
  2528.0000    	  2529.0000    	-0.50222689E-03	 0.66397071E-06
  2529.0000    	  2530.0000    	-0.46401911E-03	 0.73713504E-06
  2530.0000    	  2531.0000    	-0.77329491E-04	 0.42182269E-06
  2531.0000    	  2532.0000    	-0.11879818E-03	 0.40768033E-06
  2532.0000    	  2533.0000    	-0.19358393E-03	 0.40576912E-06
  2533.0000    	  2534.0000    	-0.28417520E-03	 0.40798305E-06
  2534.0000    	  2535.0000    	-0.37534180E-03	 0.43185848E-06
  2535.0000    	  2536.0000    	-0.45068741E-03	 0.46311438E-06
  2536.0000    	  2537.0000    	-0.50102069E-03	 0.51151084E-06
  2537.0000    	  2538.0000    	-0.52250368E-03	 0.58052422E-06
  2538.0000    	  2539.0000    	-0.51911579E-03	 0.61325878E-06
  2539.0000    	  2540.0000    	-0.49757379E-03	 0.66374846E-06
  2540.0000    	  2541.0000    	-0.45848427E-03	 0.71929460E-06
  2541.0000    	  2542.0000    	-0.86529155E-04	 0.42250771E-06
  2542.0000    	  2543.0000    	-0.12752868E-03	 0.40678820E-06
  2543.0000    	  2544.0000    	-0.19944466E-03	 0.40595268E-06
  2544.0000    	  2545.0000    	-0.28806931E-03	 0.40954189E-06
  2545.0000    	  2546.0000    	-0.37625605E-03	 0.42734105E-06
  2546.0000    	  2547.0000    	-0.44944875E-03	 0.46459447E-06
  2547.0000    	  2548.0000    	-0.49702063E-03	 0.50982301E-06
  2548.0000    	  2549.0000    	-0.51834816E-03	 0.56033641E-06
  2549.0000    	  2550.0000    	-0.51565662E-03	 0.61307228E-06
  2550.0000    	  2551.0000    	-0.49302565E-03	 0.66290524E-06
  2551.0000    	  2552.0000    	-0.45347327E-03	 0.71341347E-06
  2552.0000    	  2553.0000    	-0.95336869E-04	 0.43134335E-06
  2553.0000    	  2554.0000    	-0.13486151E-03	 0.41175944E-06
  2554.0000    	  2555.0000    	-0.20620878E-03	 0.41365764E-06
  2555.0000    	  2556.0000    	-0.29149886E-03	 0.40515349E-06
  2556.0000    	  2557.0000    	-0.37711626E-03	 0.42265727E-06
  2557.0000    	  2558.0000    	-0.44823778E-03	 0.45895194E-06
  2558.0000    	  2559.0000    	-0.49443267E-03	 0.51093380E-06
  2559.0000    	  2560.0000    	-0.51459533E-03	 0.56252100E-06
  2560.0000    	  2561.0000    	-0.51057652E-03	 0.61187725E-06
  2561.0000    	  2562.0000    	-0.48649140E-03	 0.65844126E-06
  2562.0000    	  2563.0000    	-0.44798682E-03	 0.70694378E-06
  2563.0000    	  2564.0000    	-0.10408453E-03	 0.43938147E-06
  2564.0000    	  2565.0000    	-0.14266864E-03	 0.41086171E-06
  2565.0000    	  2566.0000    	-0.21043389E-03	 0.40259072E-06
  2566.0000    	  2567.0000    	-0.29593947E-03	 0.41038590E-06
  2567.0000    	  2568.0000    	-0.37844950E-03	 0.42140521E-06
  2568.0000    	  2569.0000    	-0.44736800E-03	 0.46361373E-06
  2569.0000    	  2570.0000    	-0.49170024E-03	 0.50496028E-06
  2570.0000    	  2571.0000    	-0.51010520E-03	 0.56501637E-06
  2571.0000    	  2572.0000    	-0.50573264E-03	 0.60555134E-06
  2572.0000    	  2573.0000    	-0.48224186E-03	 0.65557286E-06
  2573.0000    	  2574.0000    	-0.44235762E-03	 0.70384613E-06
  2574.0000    	  2575.0000    	-0.11262866E-03	 0.41720759E-06
  2575.0000    	  2576.0000    	-0.14983725E-03	 0.40815571E-06
  2576.0000    	  2577.0000    	-0.21737766E-03	 0.41594687E-06
  2577.0000    	  2578.0000    	-0.29903065E-03	 0.41158635E-06
  2578.0000    	  2579.0000    	-0.37971992E-03	 0.43050965E-06
  2579.0000    	  2580.0000    	-0.44561806E-03	 0.45674498E-06
  2580.0000    	  2581.0000    	-0.48819068E-03	 0.50619144E-06
  2581.0000    	  2582.0000    	-0.50664119E-03	 0.55461063E-06
  2582.0000    	  2583.0000    	-0.50045187E-03	 0.60746158E-06
  2583.0000    	  2584.0000    	-0.47796301E-03	 0.64954744E-06
  2584.0000    	  2585.0000    	-0.43926106E-03	 0.70426672E-06
  2585.0000    	  2586.0000    	-0.12096773E-03	 0.42277105E-06
  2586.0000    	  2587.0000    	-0.15776432E-03	 0.41630821E-06
  2587.0000    	  2588.0000    	-0.22259993E-03	 0.40740186E-06
  2588.0000    	  2589.0000    	-0.30188839E-03	 0.41750104E-06
  2589.0000    	  2590.0000    	-0.38073358E-03	 0.42085299E-06
  2590.0000    	  2591.0000    	-0.44467683E-03	 0.46612411E-06
  2591.0000    	  2592.0000    	-0.48576489E-03	 0.49953713E-06
  2592.0000    	  2593.0000    	-0.50148127E-03	 0.55302266E-06
  2593.0000    	  2594.0000    	-0.49571458E-03	 0.59630048E-06
  2594.0000    	  2595.0000    	-0.47163488E-03	 0.64593670E-06
  2595.0000    	  2596.0000    	-0.43262658E-03	 0.69697329E-06
  2596.0000    	  2597.0000    	-0.12795605E-03	 0.43670581E-06
  2597.0000    	  2598.0000    	-0.16356628E-03	 0.40452911E-06
  2598.0000    	  2599.0000    	-0.22763519E-03	 0.40792233E-06
  2599.0000    	  2600.0000    	-0.30519321E-03	 0.41469885E-06
  2600.0000    	  2601.0000    	-0.38141408E-03	 0.42456169E-06
  2601.0000    	  2602.0000    	-0.44314222E-03	 0.45269809E-06
  2602.0000    	  2603.0000    	-0.48248474E-03	 0.49816609E-06
  2603.0000    	  2604.0000    	-0.49794753E-03	 0.54639708E-06
  2604.0000    	  2605.0000    	-0.49231465E-03	 0.59955193E-06
  2605.0000    	  2606.0000    	-0.46775028E-03	 0.64590730E-06
  2606.0000    	  2607.0000    	-0.42919764E-03	 0.69335024E-06
  2607.0000    	  2608.0000    	-0.13570770E-03	 0.43049254E-06
  2608.0000    	  2609.0000    	-0.17145893E-03	 0.40828304E-06
  2609.0000    	  2610.0000    	-0.23318954E-03	 0.40709710E-06
  2610.0000    	  2611.0000    	-0.30809061E-03	 0.40723804E-06
  2611.0000    	  2612.0000    	-0.38190781E-03	 0.42053730E-06
  2612.0000    	  2613.0000    	-0.44222333E-03	 0.45402677E-06
  2613.0000    	  2614.0000    	-0.47945452E-03	 0.49577840E-06
  2614.0000    	  2615.0000    	-0.49377374E-03	 0.54452556E-06
  2615.0000    	  2616.0000    	-0.48661588E-03	 0.58995915E-06
  2616.0000    	  2617.0000    	-0.46346279E-03	 0.63807308E-06
  2617.0000    	  2618.0000    	-0.42494237E-03	 0.69352251E-06
  2618.0000    	  2619.0000    	-0.14318034E-03	 0.42008861E-06
  2619.0000    	  2620.0000    	-0.17648199E-03	 0.40504013E-06
  2620.0000    	  2621.0000    	-0.23772955E-03	 0.42899443E-06
  2621.0000    	  2622.0000    	-0.31148650E-03	 0.42017294E-06
  2622.0000    	  2623.0000    	-0.38277454E-03	 0.42094920E-06
  2623.0000    	  2624.0000    	-0.44110831E-03	 0.45232803E-06
  2624.0000    	  2625.0000    	-0.47677080E-03	 0.49311410E-06
  2625.0000    	  2626.0000    	-0.48931980E-03	 0.54330343E-06
  2626.0000    	  2627.0000    	-0.48178095E-03	 0.58721838E-06
  2627.0000    	  2628.0000    	-0.45719887E-03	 0.63519665E-06
  2628.0000    	  2629.0000    	-0.41977429E-03	 0.68686961E-06
  2629.0000    	  2630.0000    	-0.15108265E-03	 0.43563248E-06
  2630.0000    	  2631.0000    	-0.18384844E-03	 0.41067357E-06
  2631.0000    	  2632.0000    	-0.24252334E-03	 0.40489289E-06
  2632.0000    	  2633.0000    	-0.31399927E-03	 0.40847233E-06
  2633.0000    	  2634.0000    	-0.38332223E-03	 0.41865566E-06
  2634.0000    	  2635.0000    	-0.43925919E-03	 0.45962827E-06
  2635.0000    	  2636.0000    	-0.47399567E-03	 0.49260703E-06
  2636.0000    	  2637.0000    	-0.48608994E-03	 0.54480032E-06
  2637.0000    	  2638.0000    	-0.47782108E-03	 0.58230586E-06
  2638.0000    	  2639.0000    	-0.45373070E-03	 0.63309643E-06
  2639.0000    	  2640.0000    	-0.41534572E-03	 0.68371829E-06
  2640.0000    	  2641.0000    	-0.15765819E-03	 0.42472595E-06
  2641.0000    	  2642.0000    	-0.19002566E-03	 0.41401769E-06
  2642.0000    	  2643.0000    	-0.24688356E-03	 0.42037688E-06
  2643.0000    	  2644.0000    	-0.31588747E-03	 0.40669453E-06
  2644.0000    	  2645.0000    	-0.38427170E-03	 0.43302177E-06
  2645.0000    	  2646.0000    	-0.43737896E-03	 0.45203931E-06
  2646.0000    	  2647.0000    	-0.47061037E-03	 0.49200967E-06
  2647.0000    	  2648.0000    	-0.48262257E-03	 0.53997569E-06
  2648.0000    	  2649.0000    	-0.47343479E-03	 0.58022722E-06
  2649.0000    	  2650.0000    	-0.44848822E-03	 0.63042054E-06
  2650.0000    	  2651.0000    	-0.40994818E-03	 0.68359317E-06
  2651.0000    	  2652.0000    	-0.16404269E-03	 0.42570816E-06
  2652.0000    	  2653.0000    	-0.19602746E-03	 0.40886591E-06
  2653.0000    	  2654.0000    	-0.25156898E-03	 0.41784868E-06
  2654.0000    	  2655.0000    	-0.31884865E-03	 0.41170011E-06
  2655.0000    	  2656.0000    	-0.38434771E-03	 0.42285820E-06
  2656.0000    	  2657.0000    	-0.43659896E-03	 0.45019433E-06
  2657.0000    	  2658.0000    	-0.46815955E-03	 0.50375779E-06
  2658.0000    	  2659.0000    	-0.47823300E-03	 0.53579275E-06
  2659.0000    	  2660.0000    	-0.46885905E-03	 0.57715076E-06
  2660.0000    	  2661.0000    	-0.44493442E-03	 0.62316172E-06
  2661.0000    	  2662.0000    	-0.40678814E-03	 0.67970611E-06
  2662.0000    	  2663.0000    	-0.17151633E-03	 0.42350044E-06
  2663.0000    	  2664.0000    	-0.20116890E-03	 0.41464582E-06
  2664.0000    	  2665.0000    	-0.25558281E-03	 0.41661307E-06
  2665.0000    	  2666.0000    	-0.32108818E-03	 0.41998281E-06
  2666.0000    	  2667.0000    	-0.38481203E-03	 0.42564402E-06
  2667.0000    	  2668.0000    	-0.43534250E-03	 0.44663026E-06
  2668.0000    	  2669.0000    	-0.46563354E-03	 0.48999332E-06
  2669.0000    	  2670.0000    	-0.47472134E-03	 0.53523409E-06
  2670.0000    	  2671.0000    	-0.46505131E-03	 0.58073503E-06
  2671.0000    	  2672.0000    	-0.43948056E-03	 0.62447119E-06
  2672.0000    	  2673.0000    	-0.40135031E-03	 0.67665958E-06
  2673.0000    	  2674.0000    	-0.17742168E-03	 0.42612808E-06
  2674.0000    	  2675.0000    	-0.20713764E-03	 0.41483691E-06
  2675.0000    	  2676.0000    	-0.25960451E-03	 0.41084007E-06
  2676.0000    	  2677.0000    	-0.32305264E-03	 0.41406002E-06
  2677.0000    	  2678.0000    	-0.38463617E-03	 0.42185393E-06
  2678.0000    	  2679.0000    	-0.43402221E-03	 0.45805042E-06
  2679.0000    	  2680.0000    	-0.46209588E-03	 0.48392338E-06
  2680.0000    	  2681.0000    	-0.47047638E-03	 0.53327215E-06
  2681.0000    	  2682.0000    	-0.46059811E-03	 0.58944667E-06
  2682.0000    	  2683.0000    	-0.43575244E-03	 0.61981066E-06
  2683.0000    	  2684.0000    	-0.39799985E-03	 0.67216701E-06
  2684.0000    	  2685.0000    	-0.18308197E-03	 0.42418026E-06
  2685.0000    	  2686.0000    	-0.21206627E-03	 0.41531993E-06
  2686.0000    	  2687.0000    	-0.26376903E-03	 0.42279089E-06
  2687.0000    	  2688.0000    	-0.32548133E-03	 0.41097909E-06
  2688.0000    	  2689.0000    	-0.38507523E-03	 0.41792295E-06
  2689.0000    	  2690.0000    	-0.43192814E-03	 0.44763117E-06
  2690.0000    	  2691.0000    	-0.45915934E-03	 0.48568451E-06
  2691.0000    	  2692.0000    	-0.46724965E-03	 0.52922744E-06
  2692.0000    	  2693.0000    	-0.45638566E-03	 0.56867902E-06
  2693.0000    	  2694.0000    	-0.43078355E-03	 0.61584765E-06
  2694.0000    	  2695.0000    	-0.39237891E-03	 0.67511619E-06
  2695.0000    	  2696.0000    	-0.18915488E-03	 0.42809588E-06
  2696.0000    	  2697.0000    	-0.21742146E-03	 0.41157457E-06
  2697.0000    	  2698.0000    	-0.26743275E-03	 0.41336067E-06
  2698.0000    	  2699.0000    	-0.32784814E-03	 0.41978540E-06
  2699.0000    	  2700.0000    	-0.38517225E-03	 0.41917282E-06
  2700.0000    	  2701.0000    	-0.43068144E-03	 0.45421418E-06
  2701.0000    	  2702.0000    	-0.45654389E-03	 0.48359432E-06
  2702.0000    	  2703.0000    	-0.46242750E-03	 0.52821618E-06
  2703.0000    	  2704.0000    	-0.45202570E-03	 0.56742340E-06
  2704.0000    	  2705.0000    	-0.42739697E-03	 0.61586750E-06
  2705.0000    	  2706.0000    	-0.38909319E-03	 0.66773365E-06
  2706.0000    	  2707.0000    	-0.19536672E-03	 0.42865272E-06
  2707.0000    	  2708.0000    	-0.22281408E-03	 0.42025820E-06
  2708.0000    	  2709.0000    	-0.27121486E-03	 0.41740096E-06
  2709.0000    	  2710.0000    	-0.32980179E-03	 0.41054512E-06
  2710.0000    	  2711.0000    	-0.38534349E-03	 0.41671307E-06
  2711.0000    	  2712.0000    	-0.42871558E-03	 0.44627442E-06
  2712.0000    	  2713.0000    	-0.45367802E-03	 0.47936282E-06
  2713.0000    	  2714.0000    	-0.45908034E-03	 0.53008012E-06
  2714.0000    	  2715.0000    	-0.44790974E-03	 0.56444210E-06
  2715.0000    	  2716.0000    	-0.42206690E-03	 0.60788738E-06
  2716.0000    	  2717.0000    	-0.38533767E-03	 0.66455429E-06
  2717.0000    	  2718.0000    	-0.20082597E-03	 0.42942962E-06
  2718.0000    	  2719.0000    	-0.22736111E-03	 0.41391417E-06
  2719.0000    	  2720.0000    	-0.27474539E-03	 0.41198818E-06
  2720.0000    	  2721.0000    	-0.33100736E-03	 0.41570395E-06
  2721.0000    	  2722.0000    	-0.38522163E-03	 0.41928683E-06
  2722.0000    	  2723.0000    	-0.42736067E-03	 0.44351575E-06
  2723.0000    	  2724.0000    	-0.45057240E-03	 0.47852099E-06
  2724.0000    	  2725.0000    	-0.45469780E-03	 0.52383259E-06
  2725.0000    	  2726.0000    	-0.44383448E-03	 0.56467540E-06
  2726.0000    	  2727.0000    	-0.41856654E-03	 0.60990683E-06
  2727.0000    	  2728.0000    	-0.38218155E-03	 0.67005546E-06
  2728.0000    	  2729.0000    	-0.20646591E-03	 0.43226890E-06
  2729.0000    	  2730.0000    	-0.23256516E-03	 0.42769047E-06
  2730.0000    	  2731.0000    	-0.27770568E-03	 0.41395841E-06
  2731.0000    	  2732.0000    	-0.33331002E-03	 0.41377691E-06
  2732.0000    	  2733.0000    	-0.38546697E-03	 0.41956955E-06
  2733.0000    	  2734.0000    	-0.42554693E-03	 0.43939734E-06
  2734.0000    	  2735.0000    	-0.44777469E-03	 0.47702659E-06
  2735.0000    	  2736.0000    	-0.45204515E-03	 0.52623298E-06
  2736.0000    	  2737.0000    	-0.43946908E-03	 0.56838420E-06
  2737.0000    	  2738.0000    	-0.41379940E-03	 0.60681742E-06
  2738.0000    	  2739.0000    	-0.37671199E-03	 0.72048038E-06
  2739.0000    	  2740.0000    	-0.21145665E-03	 0.43171106E-06
  2740.0000    	  2741.0000    	-0.23604762E-03	 0.41725590E-06
  2741.0000    	  2742.0000    	-0.28131479E-03	 0.41823789E-06
  2742.0000    	  2743.0000    	-0.33387181E-03	 0.41036125E-06
  2743.0000    	  2744.0000    	-0.38488254E-03	 0.42052045E-06
  2744.0000    	  2745.0000    	-0.42440860E-03	 0.44217750E-06
  2745.0000    	  2746.0000    	-0.44486817E-03	 0.47856955E-06
  2746.0000    	  2747.0000    	-0.44847004E-03	 0.51459772E-06
  2747.0000    	  2748.0000    	-0.43580228E-03	 0.55700118E-06
  2748.0000    	  2749.0000    	-0.41048178E-03	 0.60653540E-06
  2749.0000    	  2750.0000    	-0.37332492E-03	 0.67334758E-06
  2750.0000    	  2751.0000    	-0.21618355E-03	 0.43991474E-06
  2751.0000    	  2752.0000    	-0.24051690E-03	 0.42436771E-06
  2752.0000    	  2753.0000    	-0.28385221E-03	 0.40916772E-06
  2753.0000    	  2754.0000    	-0.33582020E-03	 0.41281641E-06
  2754.0000    	  2755.0000    	-0.38503859E-03	 0.42385214E-06
  2755.0000    	  2756.0000    	-0.42179376E-03	 0.44174091E-06
  2756.0000    	  2757.0000    	-0.44260005E-03	 0.47623132E-06
  2757.0000    	  2758.0000    	-0.44525351E-03	 0.51314864E-06
  2758.0000    	  2759.0000    	-0.43156831E-03	 0.55423546E-06
  2759.0000    	  2760.0000    	-0.40591136E-03	 0.59812103E-06
  2760.0000    	  2761.0000    	-0.36894601E-03	 0.65689709E-06
  2761.0000    	  2762.0000    	-0.22139713E-03	 0.44490905E-06
  2762.0000    	  2763.0000    	-0.24521206E-03	 0.42815416E-06
  2763.0000    	  2764.0000    	-0.28710510E-03	 0.41235710E-06
  2764.0000    	  2765.0000    	-0.33723476E-03	 0.41645305E-06
  2765.0000    	  2766.0000    	-0.38440363E-03	 0.41567289E-06
  2766.0000    	  2767.0000    	-0.42045928E-03	 0.43735097E-06
  2767.0000    	  2768.0000    	-0.43857979E-03	 0.47412837E-06
  2768.0000    	  2769.0000    	-0.44124141E-03	 0.51481920E-06
  2769.0000    	  2770.0000    	-0.42825316E-03	 0.55257415E-06
  2770.0000    	  2771.0000    	-0.40193697E-03	 0.59813760E-06
  2771.0000    	  2772.0000    	-0.36554054E-03	 0.65941438E-06
  2772.0000    	  2773.0000    	-0.22600805E-03	 0.43814123E-06
  2773.0000    	  2774.0000    	-0.24957480E-03	 0.42714734E-06
  2774.0000    	  2775.0000    	-0.28971041E-03	 0.41580597E-06
  2775.0000    	  2776.0000    	-0.33832945E-03	 0.41097623E-06
  2776.0000    	  2777.0000    	-0.38463227E-03	 0.42025625E-06
  2777.0000    	  2778.0000    	-0.41889693E-03	 0.46393202E-06
  2778.0000    	  2779.0000    	-0.43713376E-03	 0.47601704E-06
  2779.0000    	  2780.0000    	-0.43686808E-03	 0.51121747E-06
  2780.0000    	  2781.0000    	-0.42387147E-03	 0.54936372E-06
  2781.0000    	  2782.0000    	-0.39869619E-03	 0.59714935E-06
  2782.0000    	  2783.0000    	-0.36141201E-03	 0.65335353E-06
  2783.0000    	  2784.0000    	-0.23055956E-03	 0.43985469E-06
  2784.0000    	  2785.0000    	-0.25325865E-03	 0.42304884E-06
  2785.0000    	  2786.0000    	-0.29262828E-03	 0.41490093E-06
  2786.0000    	  2787.0000    	-0.34050327E-03	 0.42659124E-06
  2787.0000    	  2788.0000    	-0.38408949E-03	 0.42079627E-06
  2788.0000    	  2789.0000    	-0.41806230E-03	 0.44105263E-06
  2789.0000    	  2790.0000    	-0.43388244E-03	 0.46972541E-06
  2790.0000    	  2791.0000    	-0.43458620E-03	 0.51459421E-06
  2791.0000    	  2792.0000    	-0.41992191E-03	 0.54735144E-06
  2792.0000    	  2793.0000    	-0.39404002E-03	 0.59364620E-06
  2793.0000    	  2794.0000    	-0.35659105E-03	 0.65297606E-06
  2794.0000    	  2795.0000    	-0.23513709E-03	 0.44467667E-06
  2795.0000    	  2796.0000    	-0.25699758E-03	 0.42899308E-06
  2796.0000    	  2797.0000    	-0.29583131E-03	 0.42645083E-06
  2797.0000    	  2798.0000    	-0.34111803E-03	 0.41676577E-06
  2798.0000    	  2799.0000    	-0.38400887E-03	 0.42103788E-06
  2799.0000    	  2800.0000    	-0.41476665E-03	 0.45233145E-06
  2800.0000    	  2801.0000    	-0.43101350E-03	 0.47124768E-06
  2801.0000    	  2802.0000    	-0.43128119E-03	 0.50897415E-06
  2802.0000    	  2803.0000    	-0.41726182E-03	 0.54586840E-06
  2803.0000    	  2804.0000    	-0.39113893E-03	 0.59437585E-06
  2804.0000    	  2805.0000    	-0.35363344E-03	 0.66297559E-06
  2805.0000    	  2806.0000    	-0.23890344E-03	 0.44961387E-06
  2806.0000    	  2807.0000    	-0.26021387E-03	 0.42872784E-06
  2807.0000    	  2808.0000    	-0.29758864E-03	 0.41804211E-06
  2808.0000    	  2809.0000    	-0.34219623E-03	 0.42353654E-06
  2809.0000    	  2810.0000    	-0.38291098E-03	 0.41686182E-06
  2810.0000    	  2811.0000    	-0.41357971E-03	 0.43759527E-06
  2811.0000    	  2812.0000    	-0.42853697E-03	 0.47540260E-06
  2812.0000    	  2813.0000    	-0.42728997E-03	 0.51065496E-06
  2813.0000    	  2814.0000    	-0.41263785E-03	 0.56029176E-06
  2814.0000    	  2815.0000    	-0.38600862E-03	 0.59887732E-06
  2815.0000    	  2816.0000    	-0.34966500E-03	 0.64531112E-06
  2816.0000    	  2817.0000    	-0.24356235E-03	 0.46985419E-06
  2817.0000    	  2818.0000    	-0.26371550E-03	 0.42429682E-06
  2818.0000    	  2819.0000    	-0.29995607E-03	 0.42119027E-06
  2819.0000    	  2820.0000    	-0.34308969E-03	 0.41478145E-06
  2820.0000    	  2821.0000    	-0.38299227E-03	 0.41790008E-06
  2821.0000    	  2822.0000    	-0.41138586E-03	 0.44488429E-06
  2822.0000    	  2823.0000    	-0.42494669E-03	 0.49166964E-06
  2823.0000    	  2824.0000    	-0.42433954E-03	 0.53905726E-06
  2824.0000    	  2825.0000    	-0.40923865E-03	 0.54736699E-06
  2825.0000    	  2826.0000    	-0.38281102E-03	 0.59056159E-06
  2826.0000    	  2827.0000    	-0.32820996E-03	 0.63815595E-06
  2827.0000    	  2828.0000    	-0.24734498E-03	 0.44962925E-06
  2828.0000    	  2829.0000    	-0.26738518E-03	 0.42891120E-06
  2829.0000    	  2830.0000    	-0.30270817E-03	 0.42708419E-06
  2830.0000    	  2831.0000    	-0.34357433E-03	 0.41998380E-06
  2831.0000    	  2832.0000    	-0.38240322E-03	 0.42616341E-06
  2832.0000    	  2833.0000    	-0.40993731E-03	 0.43880411E-06
  2833.0000    	  2834.0000    	-0.42318042E-03	 0.46500997E-06
  2834.0000    	  2835.0000    	-0.42028375E-03	 0.49940542E-06
  2835.0000    	  2836.0000    	-0.40534986E-03	 0.53858937E-06
  2836.0000    	  2837.0000    	-0.37894672E-03	 0.58543480E-06
  2837.0000    	  2838.0000    	-0.34288652E-03	 0.64184856E-06
  2838.0000    	  2839.0000    	-0.25085738E-03	 0.44764517E-06
  2839.0000    	  2840.0000    	-0.27029298E-03	 0.45446582E-06
  2840.0000    	  2841.0000    	-0.30483189E-03	 0.41915906E-06
  2841.0000    	  2842.0000    	-0.34537634E-03	 0.43218910E-06
  2842.0000    	  2843.0000    	-0.38212122E-03	 0.42505988E-06
  2843.0000    	  2844.0000    	-0.40815748E-03	 0.44350425E-06
  2844.0000    	  2845.0000    	-0.41953401E-03	 0.46886627E-06
  2845.0000    	  2846.0000    	-0.41775637E-03	 0.50057883E-06
  2846.0000    	  2847.0000    	-0.40182994E-03	 0.53709375E-06
  2847.0000    	  2848.0000    	-0.37581731E-03	 0.58484060E-06
  2848.0000    	  2849.0000    	-0.33919056E-03	 0.63740855E-06
  2849.0000    	  2850.0000    	-0.25475420E-03	 0.44876374E-06
  2850.0000    	  2851.0000    	-0.27351305E-03	 0.43630016E-06
  2851.0000    	  2852.0000    	-0.30661563E-03	 0.42227094E-06
  2852.0000    	  2853.0000    	-0.34518380E-03	 0.41462983E-06
  2853.0000    	  2854.0000    	-0.38048304E-03	 0.41680355E-06
  2854.0000    	  2855.0000    	-0.40580601E-03	 0.43112435E-06
  2855.0000    	  2856.0000    	-0.41696817E-03	 0.46288975E-06
  2856.0000    	  2857.0000    	-0.41327155E-03	 0.49626035E-06
  2857.0000    	  2858.0000    	-0.39855751E-03	 0.53937297E-06
  2858.0000    	  2859.0000    	-0.37200456E-03	 0.59617006E-06
  2859.0000    	  2860.0000    	-0.33506841E-03	 0.63736846E-06
  2860.0000    	  2861.0000    	-0.25824162E-03	 0.48837666E-06
  2861.0000    	  2862.0000    	-0.27667145E-03	 0.43435108E-06
  2862.0000    	  2863.0000    	-0.30834433E-03	 0.42674317E-06
  2863.0000    	  2864.0000    	-0.34613675E-03	 0.42549391E-06
  2864.0000    	  2865.0000    	-0.38069851E-03	 0.43673185E-06
  2865.0000    	  2866.0000    	-0.40439250E-03	 0.43202940E-06
  2866.0000    	  2867.0000    	-0.41433803E-03	 0.46213973E-06
  2867.0000    	  2868.0000    	-0.41142947E-03	 0.50358032E-06
  2868.0000    	  2869.0000    	-0.39455293E-03	 0.53374870E-06
  2869.0000    	  2870.0000    	-0.36856931E-03	 0.58566272E-06
  2870.0000    	  2871.0000    	-0.33293288E-03	 0.63759829E-06
  2871.0000    	  2872.0000    	-0.26172500E-03	 0.45765045E-06
  2872.0000    	  2873.0000    	-0.27935208E-03	 0.44438625E-06
  2873.0000    	  2874.0000    	-0.31074919E-03	 0.45043294E-06
  2874.0000    	  2875.0000    	-0.34670635E-03	 0.43849915E-06
  2875.0000    	  2876.0000    	-0.37987515E-03	 0.42553758E-06
  2876.0000    	  2877.0000    	-0.40231546E-03	 0.43459012E-06
  2877.0000    	  2878.0000    	-0.41180836E-03	 0.46496271E-06
  2878.0000    	  2879.0000    	-0.40712287E-03	 0.49416249E-06
  2879.0000    	  2880.0000    	-0.39151534E-03	 0.54336130E-06
  2880.0000    	  2881.0000    	-0.36518079E-03	 0.59551572E-06
  2881.0000    	  2882.0000    	-0.32997060E-03	 0.63603966E-06
  2882.0000    	  2883.0000    	-0.26498917E-03	 0.45691677E-06
  2883.0000    	  2884.0000    	-0.28203671E-03	 0.43916250E-06
  2884.0000    	  2885.0000    	-0.31206489E-03	 0.43197257E-06
  2885.0000    	  2886.0000    	-0.34717303E-03	 0.42184571E-06
  2886.0000    	  2887.0000    	-0.37929263E-03	 0.42678669E-06
  2887.0000    	  2888.0000    	-0.40083084E-03	 0.43402323E-06
  2888.0000    	  2889.0000    	-0.40907607E-03	 0.46456222E-06
  2889.0000    	  2890.0000    	-0.40414804E-03	 0.50334300E-06
  2890.0000    	  2891.0000    	-0.38725858E-03	 0.53046971E-06
  2891.0000    	  2892.0000    	-0.36196414E-03	 0.57903148E-06
  2892.0000    	  2893.0000    	-0.32551314E-03	 0.63291542E-06
  2893.0000    	  2894.0000    	-0.26812068E-03	 0.46184055E-06
  2894.0000    	  2895.0000    	-0.28465512E-03	 0.44025968E-06
  2895.0000    	  2896.0000    	-0.31388588E-03	 0.43328551E-06
  2896.0000    	  2897.0000    	-0.34761142E-03	 0.41969289E-06
  2897.0000    	  2898.0000    	-0.37799265E-03	 0.42120983E-06
  2898.0000    	  2899.0000    	-0.39906550E-03	 0.43498795E-06
  2899.0000    	  2900.0000    	-0.40613556E-03	 0.45733656E-06
  2900.0000    	  2901.0000    	-0.40105829E-03	 0.49717185E-06
  2901.0000    	  2902.0000    	-0.38481110E-03	 0.53028014E-06
  2902.0000    	  2903.0000    	-0.35763499E-03	 0.57576579E-06
  2903.0000    	  2904.0000    	-0.32303305E-03	 0.64369665E-06
  2904.0000    	  2905.0000    	-0.27072197E-03	 0.46518859E-06
  2905.0000    	  2906.0000    	-0.28724447E-03	 0.44145518E-06
  2906.0000    	  2907.0000    	-0.31549824E-03	 0.43459786E-06
  2907.0000    	  2908.0000    	-0.34875778E-03	 0.42296769E-06
  2908.0000    	  2909.0000    	-0.37766376E-03	 0.41906665E-06
  2909.0000    	  2910.0000    	-0.39681288E-03	 0.43606319E-06
  2910.0000    	  2911.0000    	-0.40350636E-03	 0.45690408E-06
  2911.0000    	  2912.0000    	-0.39764925E-03	 0.48803085E-06
  2912.0000    	  2913.0000    	-0.38082528E-03	 0.53247995E-06
  2913.0000    	  2914.0000    	-0.35441654E-03	 0.57271103E-06
  2914.0000    	  2915.0000    	-0.31860959E-03	 0.62361743E-06
  2915.0000    	  2916.0000    	-0.27408302E-03	 0.46790651E-06
  2916.0000    	  2917.0000    	-0.28940171E-03	 0.44942521E-06
  2917.0000    	  2918.0000    	-0.31697911E-03	 0.42954277E-06
  2918.0000    	  2919.0000    	-0.34809222E-03	 0.42845739E-06
  2919.0000    	  2920.0000    	-0.37602180E-03	 0.41780463E-06
  2920.0000    	  2921.0000    	-0.39515716E-03	 0.43645185E-06
  2921.0000    	  2922.0000    	-0.40105697E-03	 0.45516271E-06
  2922.0000    	  2923.0000    	-0.39479218E-03	 0.48716746E-06
  2923.0000    	  2924.0000    	-0.37777842E-03	 0.52792301E-06
  2924.0000    	  2925.0000    	-0.35216393E-03	 0.57377008E-06
  2925.0000    	  2926.0000    	-0.31594367E-03	 0.62915670E-06
  2926.0000    	  2927.0000    	-0.27657286E-03	 0.46656244E-06
  2927.0000    	  2928.0000    	-0.29213660E-03	 0.44734210E-06
  2928.0000    	  2929.0000    	-0.31800939E-03	 0.43246750E-06
  2929.0000    	  2930.0000    	-0.34874201E-03	 0.44123180E-06
  2930.0000    	  2931.0000    	-0.37628470E-03	 0.43726093E-06
  2931.0000    	  2932.0000    	-0.39269823E-03	 0.43023100E-06
  2932.0000    	  2933.0000    	-0.39819863E-03	 0.45412663E-06
  2933.0000    	  2934.0000    	-0.39161229E-03	 0.48899095E-06
  2934.0000    	  2935.0000    	-0.37470485E-03	 0.53616191E-06
  2935.0000    	  2936.0000    	-0.34830360E-03	 0.57042736E-06
  2936.0000    	  2937.0000    	-0.31366738E-03	 0.62986282E-06
  2937.0000    	  2938.0000    	-0.27894471E-03	 0.46589278E-06
  2938.0000    	  2939.0000    	-0.29423925E-03	 0.44504765E-06
  2939.0000    	  2940.0000    	-0.31952914E-03	 0.44276562E-06
  2940.0000    	  2941.0000    	-0.34902762E-03	 0.42413919E-06
  2941.0000    	  2942.0000    	-0.37507718E-03	 0.42095719E-06
  2942.0000    	  2943.0000    	-0.39129714E-03	 0.42842880E-06
  2943.0000    	  2944.0000    	-0.39542651E-03	 0.45829988E-06
  2944.0000    	  2945.0000    	-0.38839692E-03	 0.49049353E-06
  2945.0000    	  2946.0000    	-0.37117335E-03	 0.52301665E-06
  2946.0000    	  2947.0000    	-0.34525325E-03	 0.58073283E-06
  2947.0000    	  2948.0000    	-0.30906568E-03	 0.62508955E-06
  2948.0000    	  2949.0000    	-0.28230075E-03	 0.47140435E-06
  2949.0000    	  2950.0000    	-0.29624101E-03	 0.44952118E-06
  2950.0000    	  2951.0000    	-0.32061926E-03	 0.43362609E-06
  2951.0000    	  2952.0000    	-0.34902875E-03	 0.42169762E-06
  2952.0000    	  2953.0000    	-0.37380407E-03	 0.41866778E-06
  2953.0000    	  2954.0000    	-0.38911849E-03	 0.42950162E-06
  2954.0000    	  2955.0000    	-0.39362015E-03	 0.45797686E-06
  2955.0000    	  2956.0000    	-0.38537249E-03	 0.50102592E-06
  2956.0000    	  2957.0000    	-0.36781900E-03	 0.52398002E-06
  2957.0000    	  2958.0000    	-0.34125522E-03	 0.57253208E-06
  2958.0000    	  2959.0000    	-0.30700225E-03	 0.64588562E-06
  2959.0000    	  2960.0000    	-0.28442872E-03	 0.47022719E-06
  2960.0000    	  2961.0000    	-0.29800217E-03	 0.44752314E-06
  2961.0000    	  2962.0000    	-0.32170525E-03	 0.43205808E-06
  2962.0000    	  2963.0000    	-0.34890875E-03	 0.42303934E-06
  2963.0000    	  2964.0000    	-0.37317783E-03	 0.41927720E-06
  2964.0000    	  2965.0000    	-0.38757030E-03	 0.45841133E-06
  2965.0000    	  2966.0000    	-0.39039745E-03	 0.45802075E-06
  2966.0000    	  2967.0000    	-0.38291544E-03	 0.48656600E-06
  2967.0000    	  2968.0000    	-0.36454518E-03	 0.52397932E-06
  2968.0000    	  2969.0000    	-0.33878597E-03	 0.56857674E-06
  2969.0000    	  2970.0000    	-0.30260889E-03	 0.61606129E-06
  2970.0000    	  2971.0000    	-0.28650057E-03	 0.47417348E-06
  2971.0000    	  2972.0000    	-0.30007530E-03	 0.45179616E-06
  2972.0000    	  2973.0000    	-0.32323302E-03	 0.44062465E-06
  2973.0000    	  2974.0000    	-0.34884862E-03	 0.42554970E-06
  2974.0000    	  2975.0000    	-0.37159808E-03	 0.42191146E-06
  2975.0000    	  2976.0000    	-0.38496005E-03	 0.42803158E-06
  2976.0000    	  2977.0000    	-0.38769486E-03	 0.44987781E-06
  2977.0000    	  2978.0000    	-0.37922831E-03	 0.48133029E-06
  2978.0000    	  2979.0000    	-0.36156202E-03	 0.51914276E-06
  2979.0000    	  2980.0000    	-0.33468763E-03	 0.56839757E-06
  2980.0000    	  2981.0000    	-0.30052674E-03	 0.61397688E-06
  2981.0000    	  2982.0000    	-0.28899196E-03	 0.48395792E-06
  2982.0000    	  2983.0000    	-0.30223153E-03	 0.46282311E-06
  2983.0000    	  2984.0000    	-0.32387440E-03	 0.43687541E-06
  2984.0000    	  2985.0000    	-0.34889047E-03	 0.42162649E-06
  2985.0000    	  2986.0000    	-0.37073724E-03	 0.43224702E-06
  2986.0000    	  2987.0000    	-0.38367474E-03	 0.42867622E-06
  2987.0000    	  2988.0000    	-0.38547925E-03	 0.45150816E-06
  2988.0000    	  2989.0000    	-0.37682623E-03	 0.49179703E-06
  2989.0000    	  2990.0000    	-0.35771556E-03	 0.52207975E-06
  2990.0000    	  2991.0000    	-0.33241695E-03	 0.56638784E-06
  2991.0000    	  2992.0000    	-0.29722761E-03	 0.61225099E-06
  2992.0000    	  2993.0000    	-0.29108997E-03	 0.48470691E-06
  2993.0000    	  2994.0000    	-0.30353560E-03	 0.45646192E-06
  2994.0000    	  2995.0000    	-0.32454652E-03	 0.43892165E-06
  2995.0000    	  2996.0000    	-0.34913134E-03	 0.42533636E-06
  2996.0000    	  2997.0000    	-0.36982762E-03	 0.42776823E-06
  2997.0000    	  2998.0000    	-0.38115148E-03	 0.43009450E-06
  2998.0000    	  2999.0000    	-0.38219398E-03	 0.45102593E-06
  2999.0000    	  3000.0000    	-0.37351816E-03	 0.48169856E-06
  3000.0000    	  3001.0000    	-0.35526046E-03	 0.52400013E-06
  3001.0000    	  3002.0000    	-0.32853969E-03	 0.56252219E-06
  3002.0000    	  3003.0000    	-0.29477603E-03	 0.64433674E-06
  3003.0000    	  3004.0000    	-0.29321244E-03	 0.50151504E-06
  3004.0000    	  3005.0000    	-0.30551945E-03	 0.45971747E-06
  3005.0000    	  3006.0000    	-0.32607125E-03	 0.43670443E-06
  3006.0000    	  3007.0000    	-0.34943447E-03	 0.42691228E-06
  3007.0000    	  3008.0000    	-0.36838859E-03	 0.43003783E-06
  3008.0000    	  3009.0000    	-0.38012655E-03	 0.42980757E-06
  3009.0000    	  3010.0000    	-0.38011637E-03	 0.45037212E-06
  3010.0000    	  3011.0000    	-0.37078141E-03	 0.52268918E-06
  3011.0000    	  3012.0000    	-0.35240229E-03	 0.51594855E-06
  3012.0000    	  3013.0000    	-0.32682969E-03	 0.58184720E-06
  3013.0000    	  3014.0000    	-0.29182928E-03	 0.61098497E-06
  3014.0000    	  3015.0000    	-0.29486127E-03	 0.48090001E-06
  3015.0000    	  3016.0000    	-0.30677662E-03	 0.45968316E-06
  3016.0000    	  3017.0000    	-0.32598318E-03	 0.44036152E-06
  3017.0000    	  3018.0000    	-0.34923467E-03	 0.43442579E-06
  3018.0000    	  3019.0000    	-0.36740636E-03	 0.41991172E-06
  3019.0000    	  3020.0000    	-0.37753440E-03	 0.42730444E-06
  3020.0000    	  3021.0000    	-0.37783611E-03	 0.44764587E-06
  3021.0000    	  3022.0000    	-0.36749479E-03	 0.47820100E-06
  3022.0000    	  3023.0000    	-0.34923277E-03	 0.51507145E-06
  3023.0000    	  3024.0000    	-0.32327941E-03	 0.56038302E-06
  3024.0000    	  3025.0000    	-0.28943806E-03	 0.61518463E-06
  3025.0000    	  3026.0000    	-0.29686255E-03	 0.47997441E-06
  3026.0000    	  3027.0000    	-0.30813663E-03	 0.45861718E-06
  3027.0000    	  3028.0000    	-0.32723427E-03	 0.44379699E-06
  3028.0000    	  3029.0000    	-0.34827965E-03	 0.42569130E-06
  3029.0000    	  3030.0000    	-0.36639659E-03	 0.42207710E-06
  3030.0000    	  3031.0000    	-0.37579807E-03	 0.42823943E-06
  3031.0000    	  3032.0000    	-0.37564926E-03	 0.45392937E-06
  3032.0000    	  3033.0000    	-0.36503629E-03	 0.48281979E-06
  3033.0000    	  3034.0000    	-0.34598150E-03	 0.54305182E-06
  3034.0000    	  3035.0000    	-0.31963991E-03	 0.55812115E-06
  3035.0000    	  3036.0000    	-0.28507076E-03	 0.60747248E-06
  3036.0000    	  3037.0000    	-0.29879319E-03	 0.48798603E-06
  3037.0000    	  3038.0000    	-0.30963066E-03	 0.46180615E-06
  3038.0000    	  3039.0000    	-0.32801958E-03	 0.45074557E-06
  3039.0000    	  3040.0000    	-0.34832198E-03	 0.42552991E-06
  3040.0000    	  3041.0000    	-0.36508601E-03	 0.42018548E-06
  3041.0000    	  3042.0000    	-0.37398977E-03	 0.43138034E-06
  3042.0000    	  3043.0000    	-0.37200081E-03	 0.44718530E-06
  3043.0000    	  3044.0000    	-0.36181840E-03	 0.48146209E-06
  3044.0000    	  3045.0000    	-0.34342263E-03	 0.51462510E-06
  3045.0000    	  3046.0000    	-0.31673401E-03	 0.55634235E-06
  3046.0000    	  3047.0000    	-0.28257885E-03	 0.60429147E-06
  3047.0000    	  3048.0000    	-0.30044795E-03	 0.49021266E-06
  3048.0000    	  3049.0000    	-0.31090971E-03	 0.46581664E-06
  3049.0000    	  3050.0000    	-0.32873825E-03	 0.44450137E-06
  3050.0000    	  3051.0000    	-0.34816688E-03	 0.43086722E-06
  3051.0000    	  3052.0000    	-0.36379031E-03	 0.42125433E-06
  3052.0000    	  3053.0000    	-0.37165905E-03	 0.42687661E-06
  3053.0000    	  3054.0000    	-0.36969661E-03	 0.44515169E-06
  3054.0000    	  3055.0000    	-0.35908813E-03	 0.48328265E-06
  3055.0000    	  3056.0000    	-0.34106147E-03	 0.51283817E-06
  3056.0000    	  3057.0000    	-0.31459726E-03	 0.55748428E-06
  3057.0000    	  3058.0000    	-0.28006281E-03	 0.60400629E-06
  3058.0000    	  3059.0000    	-0.30193539E-03	 0.49060557E-06
  3059.0000    	  3060.0000    	-0.31176558E-03	 0.46576618E-06
  3060.0000    	  3061.0000    	-0.32896263E-03	 0.45231094E-06
  3061.0000    	  3062.0000    	-0.34810409E-03	 0.42962123E-06
  3062.0000    	  3063.0000    	-0.36252716E-03	 0.41818117E-06
  3063.0000    	  3064.0000    	-0.37002692E-03	 0.42643699E-06
  3064.0000    	  3065.0000    	-0.36778508E-03	 0.46445440E-06
  3065.0000    	  3066.0000    	-0.35707679E-03	 0.48719340E-06
  3066.0000    	  3067.0000    	-0.33723125E-03	 0.51136367E-06
  3067.0000    	  3068.0000    	-0.31097239E-03	 0.55559560E-06
  3068.0000    	  3069.0000    	-0.27714257E-03	 0.60396300E-06
  3069.0000    	  3070.0000    	-0.30322304E-03	 0.49105870E-06
  3070.0000    	  3071.0000    	-0.31289891E-03	 0.46248980E-06
  3071.0000    	  3072.0000    	-0.32894394E-03	 0.44450468E-06
  3072.0000    	  3073.0000    	-0.34701927E-03	 0.42778332E-06
  3073.0000    	  3074.0000    	-0.36107736E-03	 0.42556689E-06
  3074.0000    	  3075.0000    	-0.36755914E-03	 0.43090576E-06
  3075.0000    	  3076.0000    	-0.36506576E-03	 0.44547391E-06
  3076.0000    	  3077.0000    	-0.35335789E-03	 0.47631857E-06
  3077.0000    	  3078.0000    	-0.33421000E-03	 0.52078041E-06
  3078.0000    	  3079.0000    	-0.30851297E-03	 0.55669251E-06
  3079.0000    	  3080.0000    	-0.27570241E-03	 0.59980931E-06
  3080.0000    	  3081.0000    	-0.30451823E-03	 0.49443898E-06
  3081.0000    	  3082.0000    	-0.31381674E-03	 0.47855520E-06
  3082.0000    	  3083.0000    	-0.32995712E-03	 0.45871039E-06
  3083.0000    	  3084.0000    	-0.34702760E-03	 0.43102315E-06
  3084.0000    	  3085.0000    	-0.36080577E-03	 0.42322721E-06
  3085.0000    	  3086.0000    	-0.36592378E-03	 0.42594731E-06
  3086.0000    	  3087.0000    	-0.36286203E-03	 0.46870201E-06
  3087.0000    	  3088.0000    	-0.35068494E-03	 0.47287717E-06
  3088.0000    	  3089.0000    	-0.33198997E-03	 0.51020790E-06
  3089.0000    	  3090.0000    	-0.30580375E-03	 0.55142218E-06
  3090.0000    	  3091.0000    	-0.27121858E-03	 0.59820424E-06
  3091.0000    	  3092.0000    	-0.30621303E-03	 0.49556883E-06
  3092.0000    	  3093.0000    	-0.31560077E-03	 0.47614214E-06
  3093.0000    	  3094.0000    	-0.33020935E-03	 0.45751313E-06
  3094.0000    	  3095.0000    	-0.34654115E-03	 0.42806467E-06
  3095.0000    	  3096.0000    	-0.35855716E-03	 0.42409503E-06
  3096.0000    	  3097.0000    	-0.36384702E-03	 0.42518661E-06
  3097.0000    	  3098.0000    	-0.36035707E-03	 0.44956433E-06
  3098.0000    	  3099.0000    	-0.34855965E-03	 0.47609645E-06
  3099.0000    	  3100.0000    	-0.32916094E-03	 0.50994332E-06
  3100.0000    	  3101.0000    	-0.30320514E-03	 0.55891339E-06
  3101.0000    	  3102.0000    	-0.27004540E-03	 0.61148569E-06
  3102.0000    	  3103.0000    	-0.30814979E-03	 0.49776154E-06
  3103.0000    	  3104.0000    	-0.31636666E-03	 0.47881402E-06
  3104.0000    	  3105.0000    	-0.33027448E-03	 0.44802106E-06
  3105.0000    	  3106.0000    	-0.34618568E-03	 0.43296692E-06
  3106.0000    	  3107.0000    	-0.35779284E-03	 0.42191895E-06
  3107.0000    	  3108.0000    	-0.36200859E-03	 0.42519141E-06
  3108.0000    	  3109.0000    	-0.35791276E-03	 0.45148405E-06
  3109.0000    	  3110.0000    	-0.34527273E-03	 0.47533783E-06
  3110.0000    	  3111.0000    	-0.32645444E-03	 0.51939083E-06
  3111.0000    	  3112.0000    	-0.29999220E-03	 0.57437434E-06
  3112.0000    	  3113.0000    	-0.26687123E-03	 0.60243098E-06
  3113.0000    	  3114.0000    	-0.30891601E-03	 0.50017515E-06
  3114.0000    	  3115.0000    	-0.31698528E-03	 0.49786365E-06
  3115.0000    	  3116.0000    	-0.33027814E-03	 0.45026139E-06
  3116.0000    	  3117.0000    	-0.34526015E-03	 0.43500032E-06
  3117.0000    	  3118.0000    	-0.35639530E-03	 0.42182365E-06
  3118.0000    	  3119.0000    	-0.36045984E-03	 0.42416445E-06
  3119.0000    	  3120.0000    	-0.35491727E-03	 0.44394260E-06
  3120.0000    	  3121.0000    	-0.34316651E-03	 0.47604780E-06
  3121.0000    	  3122.0000    	-0.32402784E-03	 0.51552203E-06
  3122.0000    	  3123.0000    	-0.29700791E-03	 0.55105624E-06
  3123.0000    	  3124.0000    	-0.26375105E-03	 0.58875491E-06
