0.00015335,0.000147923,0.000149206,0.000145506,0.000136132,0.000133464,0.000128247,0.000122974,0.000118224,0.000114151,0.000109318
0.000147413,0.000144309,0.00014518,0.00013913,0.000131853,0.000129627,0.00012122,0.000118493,0.000112738,0.000107824,0.000102916
0.000142723,0.000139306,0.000138896,0.000135756,0.000127971,0.000123281,0.000117409,0.000112344,0.000106242,0.000103879,9.74548e-05
0.000138365,0.000135052,0.000135343,0.00013012,0.00012389,0.000119027,0.000111451,0.000107581,0.000101517,9.8461e-05,9.19164e-05
0.00013419,0.000131217,0.000131056,0.000125931,0.000120069,0.000114957,0.000107003,0.000103189,9.69077e-05,9.4211e-05,8.7333e-05
0.000130134,0.000127569,0.000127013,0.000122083,0.000116175,0.000111262,0.000102531,9.93617e-05,9.28764e-05,9.01531e-05,8.33352e-05
0.000126258,0.000123931,0.00012289,0.000118187,0.000112782,0.000107637,9.91535e-05,9.54673e-05,8.87908e-05,8.65225e-05,7.92007e-05
0.000123121,0.000120567,0.000118985,0.000115042,0.000109474,0.000104383,9.59413e-05,9.22884e-05,8.52996e-05,8.29885e-05,7.55058e-05
0.000118891,0.000116971,0.000115356,0.000111099,0.000106049,0.00010117,9.24989e-05,8.8889e-05,8.18681e-05,7.97987e-05,7.22004e-05
0.000115123,0.000113671,0.000112061,0.000106905,0.000102378,9.78415e-05,8.9585e-05,8.57972e-05,7.87669e-05,7.66802e-05,6.95193e-05
0.000112282,0.000109878,0.000108554,0.000104183,9.98503e-05,9.54551e-05,8.66066e-05,8.29271e-05,7.59588e-05,7.4351e-05,6.61552e-05
0.000108683,0.000107546,0.000105422,0.000101827,9.72337e-05,9.27214e-05,8.38007e-05,8.01286e-05,7.30094e-05,7.1427e-05,6.35678e-05
0.000105728,0.000103946,0.000103048,9.79803e-05,9.45808e-05,8.93246e-05,8.16103e-05,7.79085e-05,7.05556e-05,6.85061e-05,6.07278e-05
0.000103509,0.000100735,9.95365e-05,9.50434e-05,9.16887e-05,8.68684e-05,7.91074e-05,7.51197e-05,6.82947e-05,6.58712e-05,5.84672e-05
0.0001001,9.80111e-05,9.68491e-05,9.23989e-05,8.90855e-05,8.40355e-05,7.69648e-05,7.30448e-05,6.58622e-05,6.36663e-05,5.61594e-05
9.7574e-05,9.53389e-05,9.46658e-05,8.96953e-05,8.65773e-05,8.15334e-05,7.41763e-05,7.05321e-05,6.35484e-05,6.17195e-05,5.38892e-05
9.43768e-05,9.27812e-05,9.15338e-05,8.6923e-05,8.41082e-05,7.8409e-05,7.26422e-05,6.85819e-05,6.1845e-05,5.91214e-05,5.2385e-05
9.29062e-05,9.01937e-05,8.94825e-05,8.43781e-05,8.16097e-05,7.64781e-05,7.01828e-05,6.62737e-05,5.93893e-05,5.70819e-05,5.01465e-05
8.99717e-05,8.74915e-05,8.6248e-05,8.17664e-05,7.98508e-05,7.42167e-05,6.86137e-05,6.40771e-05,5.74636e-05,5.50919e-05,4.83793e-05
8.77209e-05,8.55958e-05,8.41969e-05,8.00065e-05,7.75611e-05,7.21735e-05,6.65227e-05,6.2105e-05,5.54284e-05,5.29531e-05,4.65501e-05
8.54538e-05,8.28733e-05,8.15208e-05,7.71259e-05,7.55501e-05,6.97875e-05,6.47161e-05,6.01221e-05,5.39173e-05,5.12379e-05,4.49309e-05
8.37031e-05,8.05318e-05,7.99883e-05,7.5226e-05,7.34217e-05,6.78095e-05,6.24576e-05,5.80466e-05,5.2591e-05,4.89595e-05,4.33098e-05
8.13324e-05,7.83033e-05,7.69786e-05,7.30454e-05,7.1756e-05,6.5632e-05,6.09199e-05,5.64544e-05,5.10684e-05,4.78299e-05,4.146e-05
7.9171e-05,7.6611e-05,7.57016e-05,7.14087e-05,6.91049e-05,6.34365e-05,5.84884e-05,5.47415e-05,4.94013e-05,4.52294e-05,4.0378e-05
7.70646e-05,7.41919e-05,7.29792e-05,6.89656e-05,6.76713e-05,6.1683e-05,5.75452e-05,5.33226e-05,4.79383e-05,4.44406e-05,3.86901e-05
7.49988e-05,7.20733e-05,7.08314e-05,6.69687e-05,6.55698e-05,6.02011e-05,5.55466e-05,5.1499e-05,4.63014e-05,4.27134e-05,3.74183e-05
7.32766e-05,7.06396e-05,6.88651e-05,6.50779e-05,6.36251e-05,5.83668e-05,5.39569e-05,4.98551e-05,4.48659e-05,4.13951e-05,3.61165e-05
7.1184e-05,6.83382e-05,6.66956e-05,6.37111e-05,6.16153e-05,5.66929e-05,5.24968e-05,4.84229e-05,4.3339e-05,3.97781e-05,3.47387e-05
6.94004e-05,6.67387e-05,6.46786e-05,6.16501e-05,5.99245e-05,5.47324e-05,5.07794e-05,4.68217e-05,4.20144e-05,3.84099e-05,3.37223e-05
6.78038e-05,6.43102e-05,6.29479e-05,5.98244e-05,5.8232e-05,5.35505e-05,4.89313e-05,4.58693e-05,4.07242e-05,3.71949e-05,3.24642e-05
6.59547e-05,6.31476e-05,6.12746e-05,5.80705e-05,5.66511e-05,5.15568e-05,4.7914e-05,4.40378e-05,3.93184e-05,3.58124e-05,3.14547e-05
6.38649e-05,6.11926e-05,5.93088e-05,5.65011e-05,5.46894e-05,5.02298e-05,4.59587e-05,4.28587e-05,3.82111e-05,3.45607e-05,3.00263e-05
6.22133e-05,5.94608e-05,5.75245e-05,5.49879e-05,5.30139e-05,4.87193e-05,4.46412e-05,4.15541e-05,3.69695e-05,3.3331e-05,2.91479e-05
6.03923e-05,5.76984e-05,5.56532e-05,5.34286e-05,5.136e-05,4.6935e-05,4.32122e-05,4.01485e-05,3.57574e-05,3.21353e-05,2.82056e-05
5.88805e-05,5.63586e-05,5.43267e-05,5.21397e-05,4.98606e-05,4.61811e-05,4.20757e-05,3.9168e-05,3.46058e-05,3.11207e-05,2.71768e-05
5.71194e-05,5.49717e-05,5.26514e-05,5.05063e-05,4.82624e-05,4.46413e-05,4.03594e-05,3.77877e-05,3.37153e-05,3.00768e-05,2.6252e-05
5.53176e-05,5.27123e-05,5.09338e-05,4.89431e-05,4.67421e-05,4.3061e-05,3.95008e-05,3.65909e-05,3.24426e-05,2.90541e-05,2.52854e-05
5.37559e-05,5.12032e-05,4.94798e-05,4.75348e-05,4.53509e-05,4.16816e-05,3.82926e-05,3.54343e-05,3.1352e-05,2.80234e-05,2.43567e-05
5.24867e-05,4.99311e-05,4.80255e-05,4.62412e-05,4.42415e-05,4.07501e-05,3.71465e-05,3.43057e-05,3.03606e-05,2.7242e-05,2.36153e-05
5.08824e-05,4.82078e-05,4.66691e-05,4.46906e-05,4.28862e-05,3.96071e-05,3.56916e-05,3.30253e-05,2.9499e-05,2.63811e-05,2.26855e-05
4.92827e-05,4.67364e-05,4.52257e-05,4.36748e-05,4.1214e-05,3.80012e-05,3.44665e-05,3.20116e-05,2.83676e-05,2.5206e-05,2.19188e-05
4.78778e-05,4.53291e-05,4.37155e-05,4.22941e-05,3.99993e-05,3.6681e-05,3.3384e-05,3.10266e-05,2.74837e-05,2.44595e-05,2.11728e-05
4.63921e-05,4.41329e-05,4.24874e-05,4.11132e-05,3.88679e-05,3.55034e-05,3.23863e-05,3.00061e-05,2.68215e-05,2.35843e-05,2.04167e-05
4.51008e-05,4.25941e-05,4.1177e-05,3.99258e-05,3.74451e-05,3.43576e-05,3.1386e-05,2.8987e-05,2.57499e-05,2.28024e-05,1.96652e-05
4.40463e-05,4.13048e-05,3.99142e-05,3.8899e-05,3.62021e-05,3.28289e-05,3.01678e-05,2.82838e-05,2.49268e-05,2.19004e-05,1.89944e-05
4.22303e-05,4.01024e-05,3.86857e-05,3.76377e-05,3.50975e-05,3.22629e-05,2.92274e-05,2.71134e-05,2.4038e-05,2.11974e-05,1.84583e-05
4.1012e-05,3.887e-05,3.75882e-05,3.64796e-05,3.40138e-05,3.14127e-05,2.85455e-05,2.62403e-05,2.35149e-05,2.05938e-05,1.77656e-05
3.95874e-05,3.74245e-05,3.64837e-05,3.55007e-05,3.28982e-05,3.02063e-05,2.72471e-05,2.55076e-05,2.24622e-05,1.96029e-05,1.7051e-05
3.84636e-05,3.65096e-05,3.53466e-05,3.44746e-05,3.19959e-05,2.89771e-05,2.64466e-05,2.4501e-05,2.17443e-05,1.91644e-05,1.64957e-05
3.73991e-05,3.55277e-05,3.43305e-05,3.32737e-05,3.08034e-05,2.82095e-05,2.57681e-05,2.35321e-05,2.10863e-05,1.85191e-05,1.5889e-05
3.61144e-05,3.42965e-05,3.33305e-05,3.24144e-05,2.99812e-05,2.7182e-05,2.47744e-05,2.29475e-05,2.03682e-05,1.78113e-05,1.5398e-05
3.51408e-05,3.32605e-05,3.23881e-05,3.12554e-05,2.90458e-05,2.64619e-05,2.38527e-05,2.20914e-05,1.97072e-05,1.74472e-05,1.48652e-05
3.39035e-05,3.21678e-05,3.12689e-05,3.04578e-05,2.83354e-05,2.55945e-05,2.33198e-05,2.12199e-05,1.91614e-05,1.67944e-05,1.44117e-05
3.29567e-05,3.10817e-05,3.04525e-05,2.94572e-05,2.71379e-05,2.4753e-05,2.23711e-05,2.07255e-05,1.83814e-05,1.61077e-05,1.38097e-05
3.20679e-05,3.0298e-05,2.95256e-05,2.86202e-05,2.63513e-05,2.39988e-05,2.17357e-05,1.99932e-05,1.77704e-05,1.55387e-05,1.33519e-05
3.115e-05,2.93493e-05,2.86507e-05,2.77988e-05,2.55733e-05,2.32773e-05,2.10113e-05,1.93704e-05,1.72464e-05,1.50583e-05,1.29472e-05
3.03083e-05,2.85083e-05,2.78381e-05,2.6975e-05,2.46722e-05,2.24339e-05,2.03094e-05,1.88794e-05,1.6593e-05,1.4513e-05,1.24341e-05
2.92092e-05,2.76631e-05,2.70771e-05,2.60207e-05,2.39471e-05,2.17979e-05,1.97421e-05,1.81249e-05,1.60898e-05,1.40949e-05,1.20383e-05
2.84023e-05,2.68503e-05,2.62497e-05,2.53245e-05,2.3233e-05,2.10908e-05,1.91043e-05,1.75235e-05,1.55704e-05,1.35907e-05,1.16033e-05
2.76304e-05,2.60753e-05,2.54195e-05,2.46782e-05,2.25966e-05,2.04318e-05,1.84719e-05,1.69421e-05,1.50225e-05,1.30945e-05,1.12056e-05
2.69031e-05,2.53745e-05,2.49152e-05,2.38708e-05,2.18606e-05,1.97881e-05,1.78501e-05,1.64449e-05,1.45897e-05,1.26243e-05,1.07772e-05
2.60087e-05,2.46191e-05,2.40528e-05,2.31576e-05,2.12328e-05,1.92794e-05,1.74791e-05,1.5935e-05,1.4123e-05,1.23778e-05,1.0497e-05
2.53358e-05,2.39452e-05,2.33916e-05,2.24394e-05,2.05765e-05,1.8612e-05,1.68989e-05,1.54407e-05,1.36815e-05,1.19075e-05,1.0134e-05
2.46811e-05,2.33121e-05,2.27379e-05,2.17853e-05,1.9974e-05,1.80548e-05,1.64102e-05,1.49455e-05,1.327e-05,1.15447e-05,9.85482e-06
2.39723e-05,2.26638e-05,2.21455e-05,2.11708e-05,1.93551e-05,1.75093e-05,1.5966e-05,1.45276e-05,1.28531e-05,1.11395e-05,9.47324e-06
2.34111e-05,2.20898e-05,2.15228e-05,2.06211e-05,1.8908e-05,1.70377e-05,1.54361e-05,1.41867e-05,1.25341e-05,1.07947e-05,9.14921e-06
2.26742e-05,2.15192e-05,2.08594e-05,2.0049e-05,1.83559e-05,1.65403e-05,1.50671e-05,1.36688e-05,1.20321e-05,1.05253e-05,8.92841e-06
2.21577e-05,2.08426e-05,2.03792e-05,1.93899e-05,1.78122e-05,1.59408e-05,1.45656e-05,1.32606e-05,1.17203e-05,1.01224e-05,8.58346e-06
2.16032e-05,2.02717e-05,1.9952e-05,1.87374e-05,1.73561e-05,1.54817e-05,1.41124e-05,1.28848e-05,1.13869e-05,9.87843e-06,8.31845e-06
2.10629e-05,1.98485e-05,1.93275e-05,1.8294e-05,1.68302e-05,1.51011e-05,1.38109e-05,1.2558e-05,1.10247e-05,9.50084e-06,8.10021e-06
2.05346e-05,1.93649e-05,1.88147e-05,1.77867e-05,1.6398e-05,1.4722e-05,1.34502e-05,1.22244e-05,1.06962e-05,9.18669e-06,7.85564e-06
1.99854e-05,1.89115e-05,1.83794e-05,1.72707e-05,1.58905e-05,1.42333e-05,1.30982e-05,1.18257e-05,1.03472e-05,8.89802e-06,7.55762e-06
1.94633e-05,1.83779e-05,1.78921e-05,1.6801e-05,1.55373e-05,1.38754e-05,1.27663e-05,1.15781e-05,1.00853e-05,8.6709e-06,7.37168e-06
1.89644e-05,1.79828e-05,1.74464e-05,1.63763e-05,1.51015e-05,1.35006e-05,1.24288e-05,1.11928e-05,9.7892e-06,8.39537e-06,7.12253e-06
1.85543e-05,1.74947e-05,1.69862e-05,1.59954e-05,1.47289e-05,1.31395e-05,1.20777e-05,1.09064e-05,9.50328e-06,8.14898e-06,6.9082e-06
1.80653e-05,1.70428e-05,1.65756e-05,1.55844e-05,1.44064e-05,1.2748e-05,1.18088e-05,1.06498e-05,9.23931e-06,7.88076e-06,6.70421e-06
1.76353e-05,1.66874e-05,1.61933e-05,1.50661e-05,1.39799e-05,1.24565e-05,1.1483e-05,1.03438e-05,8.9577e-06,7.67094e-06,6.5013e-06
1.72048e-05,1.6267e-05,1.57992e-05,1.47395e-05,1.36448e-05,1.20972e-05,1.11842e-05,1.00686e-05,8.73083e-06,7.44531e-06,6.33667e-06
1.68752e-05,1.58808e-05,1.54709e-05,1.43169e-05,1.33202e-05,1.18192e-05,1.08959e-05,9.82447e-06,8.46277e-06,7.24262e-06,6.1325e-06
1.64353e-05,1.55213e-05,1.50621e-05,1.39572e-05,1.29405e-05,1.14904e-05,1.0622e-05,9.55167e-06,8.23462e-06,7.0179e-06,5.96009e-06
1.60092e-05,1.52161e-05,1.4721e-05,1.3597e-05,1.2666e-05,1.12621e-05,1.03634e-05,9.33278e-06,8.00748e-06,6.82995e-06,5.76414e-06
1.56662e-05,1.48222e-05,1.43766e-05,1.32631e-05,1.23531e-05,1.09153e-05,1.00828e-05,9.08416e-06,7.79515e-06,6.62703e-06,5.60895e-06
1.53398e-05,1.44298e-05,1.40238e-05,1.29146e-05,1.20824e-05,1.06446e-05,9.86158e-06,8.89369e-06,7.59207e-06,6.44123e-06,5.46662e-06
1.50034e-05,1.41692e-05,1.37233e-05,1.25945e-05,1.17757e-05,1.03543e-05,9.58447e-06,8.61889e-06,7.40651e-06,6.26431e-06,5.30471e-06
1.45663e-05,1.38224e-05,1.33833e-05,1.23024e-05,1.14919e-05,1.01308e-05,9.37868e-06,8.43831e-06,7.20458e-06,6.09823e-06,5.14398e-06
1.43523e-05,1.34867e-05,1.30694e-05,1.20351e-05,1.12025e-05,9.90769e-06,9.13066e-06,8.20754e-06,7.01199e-06,5.92945e-06,5.01589e-06
1.39529e-05,1.32016e-05,1.27203e-05,1.1747e-05,1.09557e-05,9.66943e-06,8.93543e-06,8.0083e-06,6.81902e-06,5.77074e-06,4.85245e-06
1.36225e-05,1.28967e-05,1.24542e-05,1.14453e-05,1.07022e-05,9.4309e-06,8.69619e-06,7.7763e-06,6.64355e-06,5.60032e-06,4.73326e-06
1.33021e-05,1.25388e-05,1.21672e-05,1.12398e-05,1.04829e-05,9.21412e-06,8.52092e-06,7.63495e-06,6.48462e-06,5.46032e-06,4.59798e-06
1.30243e-05,1.23382e-05,1.19072e-05,1.08886e-05,1.02174e-05,9.0245e-06,8.2769e-06,7.39937e-06,6.31112e-06,5.3224e-06,4.47308e-06
1.27288e-05,1.20976e-05,1.15913e-05,1.06777e-05,1.00016e-05,8.77454e-06,8.08277e-06,7.23735e-06,6.15128e-06,5.16328e-06,4.3324e-06
1.24319e-05,1.17744e-05,1.13345e-05,1.03857e-05,9.73966e-06,8.54982e-06,7.88011e-06,7.01648e-06,5.98028e-06,5.02045e-06,4.2123e-06
1.21429e-05,1.15383e-05,1.10566e-05,1.01523e-05,9.50527e-06,8.37662e-06,7.67979e-06,6.86309e-06,5.83335e-06,4.89985e-06,4.10475e-06
1.18512e-05,1.12573e-05,1.07985e-05,9.89434e-06,9.31261e-06,8.16682e-06,7.49487e-06,6.68012e-06,5.6846e-06,4.77123e-06,3.98671e-06
1.16049e-05,1.10188e-05,1.05598e-05,9.68773e-06,9.05016e-06,7.97962e-06,7.32463e-06,6.5413e-06,5.5422e-06,4.6406e-06,3.874e-06
1.1319e-05,1.07542e-05,1.03356e-05,9.4513e-06,8.82347e-06,7.79012e-06,7.14712e-06,6.38568e-06,5.3978e-06,4.50763e-06,3.78097e-06
1.10474e-05,1.05098e-05,1.00601e-05,9.25783e-06,8.66132e-06,7.60213e-06,6.99514e-06,6.22959e-06,5.26756e-06,4.39437e-06,3.66316e-06
1.08088e-05,1.02717e-05,9.84071e-06,8.99535e-06,8.44727e-06,7.42607e-06,6.81037e-06,6.0272e-06,5.11809e-06,4.27803e-06,3.56676e-06
1.05331e-05,1.00413e-05,9.60257e-06,8.83009e-06,8.274e-06,7.25538e-06,6.63804e-06,5.89483e-06,5.00214e-06,4.16159e-06,3.47651e-06
1.0304e-05,9.77246e-06,9.40195e-06,8.6044e-06,8.05781e-06,7.08441e-06,6.49227e-06,5.74019e-06,4.87506e-06,4.0639e-06,3.3824e-06
1.00352e-05,9.58374e-06,9.15604e-06,8.39493e-06,7.85676e-06,6.92981e-06,6.32448e-06,5.60963e-06,4.74683e-06,3.94561e-06,3.28788e-06
9.84101e-06,9.37277e-06,8.9589e-06,8.18542e-06,7.69975e-06,6.78241e-06,6.16928e-06,5.47381e-06,4.63947e-06,3.84593e-06,3.19553e-06
9.54043e-06,9.19213e-06,8.74849e-06,8.03192e-06,7.50623e-06,6.56343e-06,6.07518e-06,5.3881e-06,4.53442e-06,3.74331e-06,3.10735e-06
9.37564e-06,8.95095e-06,8.56479e-06,7.81062e-06,7.33991e-06,6.49955e-06,5.88353e-06,5.17901e-06,4.40662e-06,3.63744e-06,3.01096e-06
9.15037e-06,8.76067e-06,8.3443e-06,7.67894e-06,7.18852e-06,6.31888e-06,5.74885e-06,5.08565e-06,4.30954e-06,3.54992e-06,2.93887e-06
8.93919e-06,8.54656e-06,8.17042e-06,7.4911e-06,7.02753e-06,6.192e-06,5.59994e-06,4.98754e-06,4.19058e-06,3.47463e-06,2.87006e-06
8.73382e-06,8.38107e-06,7.96907e-06,7.34467e-06,6.86979e-06,6.0353e-06,5.46498e-06,4.84216e-06,4.10172e-06,3.37329e-06,2.78947e-06
8.55576e-06,8.21568e-06,7.80535e-06,7.15845e-06,6.70251e-06,5.90393e-06,5.33643e-06,4.7206e-06,4.01443e-06,3.29235e-06,2.724e-06
8.33911e-06,8.01418e-06,7.62216e-06,7.00312e-06,6.54682e-06,5.76611e-06,5.25073e-06,4.60263e-06,3.90629e-06,3.197e-06,2.63614e-06
8.12525e-06,7.82015e-06,7.4419e-06,6.86632e-06,6.41202e-06,5.63887e-06,5.10563e-06,4.52482e-06,3.80434e-06,3.12543e-06,2.58315e-06
7.95536e-06,7.61137e-06,7.25842e-06,6.67996e-06,6.24663e-06,5.51795e-06,4.97292e-06,4.4044e-06,3.71637e-06,3.03765e-06,2.49728e-06
7.78834e-06,7.45388e-06,7.13957e-06,6.51477e-06,6.11505e-06,5.37941e-06,4.85366e-06,4.29884e-06,3.61862e-06,2.95352e-06,2.43813e-06
7.59273e-06,7.296e-06,6.9428e-06,6.38579e-06,5.98666e-06,5.25449e-06,4.72854e-06,4.19898e-06,3.54315e-06,2.88707e-06,2.37832e-06
7.43478e-06,7.15607e-06,6.79755e-06,6.244e-06,5.87018e-06,5.15463e-06,4.61912e-06,4.10733e-06,3.44468e-06,2.83907e-06,2.33302e-06
7.25564e-06,6.99594e-06,6.62962e-06,6.11085e-06,5.71741e-06,5.01156e-06,4.52755e-06,3.99292e-06,3.34987e-06,2.75761e-06,2.25622e-06
7.11154e-06,6.81178e-06,6.52669e-06,5.9806e-06,5.58214e-06,4.91929e-06,4.41772e-06,3.90056e-06,3.2825e-06,2.68983e-06,2.20643e-06
6.92979e-06,6.66758e-06,6.37796e-06,5.82285e-06,5.46466e-06,4.79874e-06,4.31681e-06,3.80729e-06,3.20442e-06,2.6132e-06,2.13984e-06
6.77962e-06,6.55619e-06,6.23932e-06,5.70061e-06,5.35555e-06,4.70065e-06,4.22349e-06,3.71449e-06,3.11019e-06,2.54853e-06,2.0957e-06
6.63346e-06,6.3959e-06,6.08985e-06,5.56117e-06,5.21898e-06,4.59105e-06,4.12676e-06,3.61893e-06,3.05165e-06,2.4862e-06,2.02892e-06
6.46362e-06,6.23132e-06,5.96108e-06,5.44959e-06,5.10057e-06,4.51532e-06,3.99741e-06,3.56918e-06,2.98034e-06,2.4327e-06,1.99585e-06
6.32572e-06,6.11856e-06,5.80704e-06,5.3499e-06,4.9913e-06,4.3937e-06,3.94804e-06,3.47381e-06,2.90359e-06,2.37517e-06,1.92644e-06
6.17516e-06,5.97127e-06,5.72957e-06,5.17913e-06,4.87979e-06,4.33794e-06,3.85629e-06,3.38964e-06,2.83314e-06,2.30766e-06,1.88711e-06
6.06109e-06,5.86063e-06,5.58054e-06,5.10224e-06,4.76082e-06,4.21585e-06,3.74414e-06,3.28663e-06,2.77548e-06,2.26442e-06,1.83859e-06
5.91265e-06,5.70806e-06,5.45191e-06,4.99074e-06,4.68861e-06,4.11451e-06,3.66836e-06,3.22133e-06,2.70064e-06,2.19851e-06,1.79994e-06
5.79413e-06,5.57828e-06,5.34631e-06,4.90182e-06,4.54657e-06,4.02699e-06,3.58866e-06,3.14272e-06,2.63702e-06,2.14699e-06,1.74962e-06
5.63215e-06,5.46514e-06,5.21644e-06,4.74099e-06,4.46062e-06,3.93072e-06,3.52036e-06,3.08057e-06,2.56532e-06,2.11934e-06,1.71313e-06
5.5638e-06,5.34095e-06,5.11335e-06,4.67965e-06,4.33709e-06,3.84064e-06,3.45923e-06,3.0087e-06,2.51701e-06,2.04561e-06,1.65429e-06
5.41912e-06,5.21941e-06,5.01562e-06,4.56096e-06,4.24028e-06,3.77399e-06,3.35297e-06,2.95444e-06,2.46955e-06,2.00054e-06,1.62546e-06
5.32265e-06,5.10261e-06,4.89175e-06,4.47412e-06,4.15921e-06,3.68456e-06,3.27816e-06,2.87485e-06,2.41243e-06,1.95172e-06,1.58078e-06
5.21761e-06,5.01502e-06,4.82409e-06,4.37295e-06,4.12553e-06,3.61822e-06,3.22024e-06,2.81285e-06,2.33076e-06,1.9154e-06,1.54927e-06
5.09572e-06,4.91361e-06,4.72499e-06,4.28815e-06,3.99527e-06,3.54087e-06,3.1349e-06,2.73451e-06,2.3061e-06,1.85233e-06,1.5138e-06
4.98967e-06,4.79526e-06,4.62313e-06,4.17804e-06,3.92635e-06,3.45895e-06,3.07132e-06,2.66984e-06,2.22825e-06,1.81674e-06,1.48014e-06
4.8944e-06,4.70194e-06,4.5066e-06,4.10802e-06,3.81175e-06,3.3767e-06,3.00525e-06,2.64023e-06,2.1991e-06,1.77638e-06,1.43346e-06
4.76666e-06,4.61516e-06,4.43248e-06,4.01528e-06,3.75202e-06,3.3171e-06,2.93203e-06,2.56194e-06,2.13603e-06,1.75359e-06,1.40984e-06
4.70056e-06,4.50078e-06,4.33401e-06,3.93251e-06,3.66611e-06,3.24212e-06,2.8774e-06,2.50307e-06,2.09328e-06,1.70062e-06,1.37146e-06
4.58064e-06,4.41502e-06,4.25587e-06,3.85758e-06,3.59323e-06,3.17895e-06,2.81869e-06,2.45583e-06,2.04106e-06,1.66814e-06,1.34364e-06
4.48777e-06,4.33173e-06,4.16175e-06,3.77297e-06,3.49506e-06,3.11568e-06,2.75456e-06,2.40516e-06,1.99927e-06,1.63336e-06,1.31284e-06
4.40647e-06,4.24912e-06,4.08089e-06,3.70109e-06,3.44173e-06,3.05982e-06,2.69401e-06,2.3458e-06,1.94507e-06,1.5933e-06,1.28695e-06
4.31333e-06,4.16993e-06,3.99596e-06,3.62208e-06,3.3796e-06,2.98327e-06,2.63937e-06,2.29817e-06,1.9024e-06,1.55092e-06,1.25206e-06
4.21324e-06,4.0547e-06,3.90832e-06,3.53084e-06,3.2986e-06,2.93215e-06,2.57511e-06,2.24637e-06,1.86736e-06,1.51941e-06,1.23127e-06
4.14462e-06,3.98487e-06,3.84398e-06,3.4635e-06,3.22125e-06,2.86289e-06,2.5219e-06,2.20545e-06,1.82149e-06,1.49061e-06,1.20072e-06
4.07165e-06,3.89501e-06,3.74792e-06,3.39778e-06,3.16042e-06,2.80333e-06,2.46254e-06,2.15869e-06,1.78109e-06,1.46274e-06,1.17151e-06
3.96462e-06,3.82927e-06,3.67955e-06,3.31972e-06,3.09518e-06,2.74456e-06,2.4157e-06,2.10744e-06,1.74119e-06,1.43115e-06,1.13913e-06
3.90436e-06,3.74898e-06,3.60578e-06,3.26993e-06,3.03422e-06,2.69129e-06,2.37185e-06,2.06131e-06,1.70787e-06,1.39812e-06,1.11949e-06
3.85257e-06,3.66935e-06,3.52398e-06,3.20318e-06,2.98942e-06,2.63643e-06,2.33171e-06,2.01985e-06,1.67224e-06,1.36449e-06,1.08861e-06
3.76009e-06,3.60693e-06,3.46593e-06,3.14566e-06,2.90649e-06,2.58877e-06,2.2674e-06,1.97227e-06,1.6315e-06,1.32791e-06,1.07201e-06
3.6714e-06,3.56168e-06,3.39809e-06,3.07712e-06,2.86011e-06,2.54489e-06,2.23125e-06,1.93471e-06,1.59094e-06,1.31003e-06,1.04921e-06
3.60131e-06,3.46833e-06,3.32731e-06,3.002e-06,2.79074e-06,2.47118e-06,2.19397e-06,1.88818e-06,1.55501e-06,1.27942e-06,1.02436e-06
3.52379e-06,3.40475e-06,3.26487e-06,2.94171e-06,2.73087e-06,2.42764e-06,2.14073e-06,1.85494e-06,1.5346e-06,1.24865e-06,1.0031e-06
3.47693e-06,3.35007e-06,3.19771e-06,2.89127e-06,2.68333e-06,2.38113e-06,2.10038e-06,1.82049e-06,1.49223e-06,1.22578e-06,9.74621e-07
3.40828e-06,3.27411e-06,3.13342e-06,2.839e-06,2.62309e-06,2.33363e-06,2.06257e-06,1.78779e-06,1.46198e-06,1.19884e-06,9.52417e-07
3.34105e-06,3.21365e-06,3.06969e-06,2.7993e-06,2.58246e-06,2.29708e-06,2.00858e-06,1.75169e-06,1.43309e-06,1.18058e-06,9.35821e-07
3.26825e-06,3.16406e-06,3.02027e-06,2.73523e-06,2.53137e-06,2.24914e-06,1.97143e-06,1.7189e-06,1.39993e-06,1.15817e-06,9.161e-07
3.20828e-06,3.10097e-06,2.96842e-06,2.67748e-06,2.47968e-06,2.21622e-06,1.93216e-06,1.67814e-06,1.3681e-06,1.12931e-06,8.98025e-07
3.15732e-06,3.04977e-06,2.89434e-06,2.63517e-06,2.42434e-06,2.16471e-06,1.88286e-06,1.64966e-06,1.34385e-06,1.10591e-06,8.73558e-07
3.08107e-06,2.98308e-06,2.84157e-06,2.56864e-06,2.37523e-06,2.11536e-06,1.85801e-06,1.61436e-06,1.31087e-06,1.08329e-06,8.56683e-07
3.04092e-06,2.9437e-06,2.791e-06,2.53075e-06,2.31681e-06,2.07009e-06,1.83425e-06,1.58533e-06,1.28795e-06,1.06384e-06,8.38145e-07
2.99698e-06,2.86543e-06,2.74248e-06,2.46678e-06,2.27897e-06,2.03077e-06,1.80371e-06,1.54957e-06,1.25711e-06,1.03524e-06,8.13707e-07
2.93783e-06,2.82439e-06,2.67959e-06,2.42632e-06,2.24282e-06,1.99049e-06,1.75868e-06,1.51976e-06,1.22976e-06,1.01528e-06,7.9672e-07
2.88068e-06,2.7609e-06,2.62804e-06,2.38865e-06,2.20622e-06,1.95314e-06,1.72425e-06,1.4886e-06,1.20713e-06,1.00357e-06,7.81386e-07
2.83041e-06,2.71887e-06,2.5946e-06,2.33948e-06,2.15098e-06,1.92101e-06,1.69914e-06,1.46156e-06,1.18236e-06,9.74832e-07,7.65733e-07
2.78242e-06,2.67444e-06,2.53597e-06,2.29227e-06,2.12309e-06,1.89477e-06,1.65751e-06,1.4326e-06,1.1569e-06,9.55705e-07,7.48785e-07
2.72026e-06,2.6239e-06,2.48297e-06,2.25203e-06,2.0758e-06,1.85147e-06,1.62432e-06,1.40116e-06,1.13729e-06,9.33315e-07,7.34197e-07
2.6856e-06,2.56561e-06,2.44408e-06,2.21889e-06,2.03193e-06,1.81254e-06,1.60198e-06,1.3753e-06,1.11089e-06,9.18139e-07,7.16974e-07
2.63215e-06,2.52678e-06,2.38912e-06,2.17272e-06,1.99279e-06,1.77949e-06,1.56103e-06,1.35034e-06,1.08857e-06,8.99663e-07,6.97777e-07
2.58275e-06,2.48292e-06,2.34856e-06,2.13137e-06,1.96283e-06,1.74992e-06,1.53552e-06,1.32361e-06,1.06507e-06,8.81243e-07,6.86191e-07
2.54225e-06,2.44055e-06,2.30115e-06,2.09858e-06,1.92973e-06,1.7181e-06,1.51266e-06,1.29576e-06,1.04696e-06,8.62297e-07,6.71594e-07
2.49131e-06,2.39908e-06,2.26033e-06,2.05491e-06,1.88875e-06,1.68777e-06,1.47487e-06,1.27483e-06,1.02238e-06,8.47389e-07,6.56779e-07
2.44739e-06,2.35383e-06,2.22425e-06,2.01437e-06,1.8539e-06,1.65695e-06,1.44802e-06,1.25008e-06,1.00184e-06,8.30604e-07,6.43233e-07
2.41085e-06,2.31956e-06,2.18219e-06,1.97556e-06,1.82251e-06,1.62273e-06,1.42126e-06,1.23041e-06,9.81098e-07,8.12764e-07,6.26915e-07
2.35634e-06,2.26279e-06,2.14448e-06,1.9415e-06,1.78738e-06,1.59531e-06,1.39249e-06,1.20628e-06,9.60058e-07,7.98064e-07,6.17362e-07
2.31706e-06,2.22642e-06,2.09781e-06,1.90821e-06,1.75325e-06,1.56204e-06,1.37205e-06,1.17727e-06,9.47118e-07,7.78849e-07,6.08498e-07
2.27432e-06,2.18428e-06,2.06326e-06,1.87163e-06,1.7224e-06,1.53596e-06,1.34434e-06,1.15683e-06,9.26155e-07,7.67228e-07,5.91287e-07
2.23725e-06,2.15041e-06,2.02751e-06,1.84191e-06,1.68901e-06,1.50855e-06,1.31946e-06,1.13706e-06,9.0668e-07,7.49237e-07,5.79791e-07
2.19991e-06,2.11617e-06,1.98803e-06,1.80577e-06,1.65679e-06,1.47923e-06,1.29381e-06,1.11788e-06,8.89844e-07,7.35727e-07,5.65107e-07
2.16229e-06,2.07417e-06,1.95739e-06,1.77467e-06,1.63666e-06,1.45446e-06,1.27512e-06,1.09354e-06,8.7351e-07,7.21316e-07,5.57122e-07
2.12461e-06,2.04363e-06,1.91487e-06,1.74338e-06,1.60049e-06,1.42841e-06,1.24581e-06,1.07521e-06,8.55013e-07,7.06817e-07,5.42294e-07
2.09331e-06,2.00719e-06,1.88681e-06,1.71034e-06,1.57431e-06,1.40431e-06,1.22448e-06,1.05584e-06,8.38687e-07,6.9292e-07,5.32421e-07
2.06102e-06,1.97901e-06,1.8508e-06,1.68245e-06,1.54597e-06,1.37612e-06,1.20393e-06,1.03544e-06,8.21964e-07,6.78369e-07,5.20713e-07
2.01281e-06,1.93746e-06,1.81925e-06,1.64976e-06,1.51068e-06,1.3473e-06,1.18222e-06,1.01655e-06,8.08109e-07,6.66583e-07,5.11892e-07
1.98124e-06,1.90431e-06,1.78415e-06,1.62022e-06,1.48742e-06,1.32885e-06,1.15886e-06,9.95588e-07,7.9277e-07,6.51606e-07,5.01427e-07
1.95136e-06,1.87335e-06,1.75542e-06,1.59789e-06,1.46465e-06,1.30319e-06,1.13935e-06,9.77515e-07,7.76271e-07,6.40562e-07,4.90356e-07
1.91615e-06,1.83662e-06,1.72217e-06,1.56782e-06,1.43266e-06,1.2825e-06,1.11465e-06,9.59111e-07,7.62194e-07,6.29275e-07,4.79204e-07
1.8767e-06,1.80685e-06,1.69647e-06,1.53819e-06,1.40644e-06,1.26117e-06,1.09638e-06,9.43362e-07,7.47174e-07,6.17147e-07,4.70343e-07
1.84804e-06,1.77906e-06,1.66258e-06,1.51104e-06,1.3821e-06,1.23699e-06,1.07428e-06,9.27838e-07,7.34331e-07,6.04709e-07,4.60771e-07
1.8139e-06,1.74839e-06,1.63707e-06,1.48192e-06,1.36012e-06,1.21712e-06,1.05539e-06,9.10071e-07,7.18605e-07,5.9412e-07,4.51819e-07
1.7823e-06,1.717e-06,1.60641e-06,1.4593e-06,1.33565e-06,1.19254e-06,1.03613e-06,8.92092e-07,7.05875e-07,5.81929e-07,4.42984e-07
1.75848e-06,1.68401e-06,1.57887e-06,1.43281e-06,1.31027e-06,1.16808e-06,1.02161e-06,8.7423e-07,6.94146e-07,5.69491e-07,4.35446e-07
1.72792e-06,1.65188e-06,1.55147e-06,1.40469e-06,1.28859e-06,1.14741e-06,1.0028e-06,8.60674e-07,6.80763e-07,5.59988e-07,4.24761e-07
1.70512e-06,1.63209e-06,1.52273e-06,1.38499e-06,1.26558e-06,1.12611e-06,9.84553e-07,8.43912e-07,6.67468e-07,5.47379e-07,4.15562e-07
1.66968e-06,1.59966e-06,1.50353e-06,1.35791e-06,1.24375e-06,1.10994e-06,9.65474e-07,8.27251e-07,6.5643e-07,5.38249e-07,4.08967e-07
1.64811e-06,1.57181e-06,1.47147e-06,1.33711e-06,1.22168e-06,1.09082e-06,9.49355e-07,8.14116e-07,6.43957e-07,5.27643e-07,3.99804e-07
1.61785e-06,1.54641e-06,1.44879e-06,1.31254e-06,1.20079e-06,1.07098e-06,9.31115e-07,7.99328e-07,6.31846e-07,5.17591e-07,3.92015e-07
1.58898e-06,1.51724e-06,1.42544e-06,1.29076e-06,1.1775e-06,1.05282e-06,9.13746e-07,7.83807e-07,6.20392e-07,5.07577e-07,3.84605e-07
1.56282e-06,1.49677e-06,1.40324e-06,1.26895e-06,1.15848e-06,1.03596e-06,8.99729e-07,7.68955e-07,6.10196e-07,4.99259e-07,3.76332e-07
1.53835e-06,1.47124e-06,1.37983e-06,1.247e-06,1.13574e-06,1.01404e-06,8.83788e-07,7.54583e-07,5.9954e-07,4.88906e-07,3.70965e-07
1.5137e-06,1.44859e-06,1.35443e-06,1.22526e-06,1.11891e-06,1.00076e-06,8.66379e-07,7.42095e-07,5.8776e-07,4.79759e-07,3.62487e-07
1.49006e-06,1.42038e-06,1.3327e-06,1.20569e-06,1.09973e-06,9.82102e-07,8.52653e-07,7.29896e-07,5.7683e-07,4.71365e-07,3.54907e-07
1.46153e-06,1.3979e-06,1.30968e-06,1.18449e-06,1.08095e-06,9.65416e-07,8.36556e-07,7.16871e-07,5.6711e-07,4.62726e-07,3.47398e-07
1.43997e-06,1.37547e-06,1.28805e-06,1.16728e-06,1.06141e-06,9.48593e-07,8.21623e-07,7.03191e-07,5.57892e-07,4.53048e-07,3.42096e-07
1.41514e-06,1.35003e-06,1.26839e-06,1.14471e-06,1.04329e-06,9.3281e-07,8.08284e-07,6.91072e-07,5.48089e-07,4.45084e-07,3.34833e-07
1.39618e-06,1.32607e-06,1.24686e-06,1.12679e-06,1.02641e-06,9.16231e-07,7.93435e-07,6.7844e-07,5.38796e-07,4.36508e-07,3.2816e-07
1.37333e-06,1.31086e-06,1.22485e-06,1.10768e-06,1.0105e-06,9.00742e-07,7.78542e-07,6.66617e-07,5.27503e-07,4.28064e-07,3.2231e-07
1.34752e-06,1.28841e-06,1.20991e-06,1.09099e-06,9.91607e-07,8.83645e-07,7.6571e-07,6.54942e-07,5.1891e-07,4.20233e-07,3.17092e-07
1.32573e-06,1.26677e-06,1.18782e-06,1.0712e-06,9.74237e-07,8.72924e-07,7.53361e-07,6.42366e-07,5.0994e-07,4.1384e-07,3.09989e-07
1.3072e-06,1.24345e-06,1.16891e-06,1.05457e-06,9.59117e-07,8.55608e-07,7.39202e-07,6.31118e-07,5.01439e-07,4.04243e-07,3.03774e-07
1.28777e-06,1.2265e-06,1.15117e-06,1.03617e-06,9.42961e-07,8.41367e-07,7.27333e-07,6.21128e-07,4.92839e-07,3.97567e-07,2.98557e-07
1.26493e-06,1.20516e-06,1.13353e-06,1.02085e-06,9.26939e-07,8.28092e-07,7.15192e-07,6.09011e-07,4.84761e-07,3.90925e-07,2.92637e-07
1.24444e-06,1.18967e-06,1.11513e-06,1.00415e-06,9.11696e-07,8.14478e-07,7.02113e-07,6.00428e-07,4.75429e-07,3.83303e-07,2.873e-07
1.22645e-06,1.16591e-06,1.09641e-06,9.86882e-07,8.95102e-07,8.01067e-07,6.90167e-07,5.88668e-07,4.68016e-07,3.77243e-07,2.81183e-07
1.20758e-06,1.15102e-06,1.07876e-06,9.73651e-07,8.82837e-07,7.87092e-07,6.79279e-07,5.78368e-07,4.60269e-07,3.69923e-07,2.76555e-07
1.18939e-06,1.13534e-06,1.06128e-06,9.57058e-07,8.66715e-07,7.74361e-07,6.68052e-07,5.69075e-07,4.52358e-07,3.62839e-07,2.72245e-07
1.16833e-06,1.11432e-06,1.04596e-06,9.41122e-07,8.54174e-07,7.61133e-07,6.55643e-07,5.58765e-07,4.4401e-07,3.56209e-07,2.65862e-07
1.14995e-06,1.09939e-06,1.0309e-06,9.25481e-07,8.38432e-07,7.49483e-07,6.43949e-07,5.49299e-07,4.36406e-07,3.49547e-07,2.61349e-07
1.13212e-06,1.08049e-06,1.01274e-06,9.11291e-07,8.26322e-07,7.37725e-07,6.33978e-07,5.3961e-07,4.29056e-07,3.43752e-07,2.56437e-07
1.11482e-06,1.06222e-06,9.97677e-07,8.98463e-07,8.13034e-07,7.24058e-07,6.23105e-07,5.30914e-07,4.2273e-07,3.37098e-07,2.51466e-07
1.0992e-06,1.04788e-06,9.82517e-07,8.81991e-07,7.98862e-07,7.12273e-07,6.13228e-07,5.21264e-07,4.14882e-07,3.3142e-07,2.4648e-07
1.07986e-06,1.03118e-06,9.64917e-07,8.71576e-07,7.85992e-07,6.99938e-07,6.03218e-07,5.13169e-07,4.08834e-07,3.25487e-07,2.41831e-07
1.06521e-06,1.0128e-06,9.52364e-07,8.57184e-07,7.75136e-07,6.88646e-07,5.93368e-07,5.03967e-07,4.01482e-07,3.19785e-07,2.37504e-07
1.04857e-06,9.98557e-07,9.38785e-07,8.45439e-07,7.60124e-07,6.79635e-07,5.84653e-07,4.97047e-07,3.94683e-07,3.14227e-07,2.33405e-07
1.03672e-06,9.86728e-07,9.2506e-07,8.28581e-07,7.4984e-07,6.68892e-07,5.75401e-07,4.86439e-07,3.89006e-07,3.0864e-07,2.28907e-07
1.01909e-06,9.70769e-07,9.10979e-07,8.18062e-07,7.37324e-07,6.58768e-07,5.6569e-07,4.79817e-07,3.81859e-07,3.03072e-07,2.24428e-07
1.00272e-06,9.54612e-07,8.93488e-07,8.04977e-07,7.27149e-07,6.46539e-07,5.56159e-07,4.71983e-07,3.75832e-07,2.98546e-07,2.20266e-07
9.86203e-07,9.42435e-07,8.84698e-07,7.94011e-07,7.1646e-07,6.37088e-07,5.46917e-07,4.64508e-07,3.69031e-07,2.9265e-07,2.16648e-07
9.71803e-07,9.27546e-07,8.69684e-07,7.81161e-07,7.04182e-07,6.27929e-07,5.38294e-07,4.54987e-07,3.63644e-07,2.87811e-07,2.12365e-07
9.59652e-07,9.14291e-07,8.56392e-07,7.6806e-07,6.92293e-07,6.16845e-07,5.2962e-07,4.48646e-07,3.57976e-07,2.82436e-07,2.08545e-07
9.44382e-07,9.06173e-07,8.4254e-07,7.5938e-07,6.83591e-07,6.07425e-07,5.21119e-07,4.42408e-07,3.51599e-07,2.77395e-07,2.04993e-07
9.27836e-07,8.8537e-07,8.3156e-07,7.44705e-07,6.73338e-07,6.00555e-07,5.13329e-07,4.33353e-07,3.45441e-07,2.73573e-07,2.01196e-07
9.14879e-07,8.75985e-07,8.19824e-07,7.36116e-07,6.62968e-07,5.90182e-07,5.04016e-07,4.26821e-07,3.39992e-07,2.67854e-07,1.97853e-07
9.05862e-07,8.62607e-07,8.05507e-07,7.26946e-07,6.51859e-07,5.80907e-07,4.97149e-07,4.20724e-07,3.34583e-07,2.63063e-07,1.94094e-07
8.91432e-07,8.51274e-07,7.94708e-07,7.15137e-07,6.42054e-07,5.72277e-07,4.90674e-07,4.13827e-07,3.29053e-07,2.58409e-07,1.90106e-07
8.77103e-07,8.34834e-07,7.84669e-07,7.03354e-07,6.32205e-07,5.63139e-07,4.82059e-07,4.06318e-07,3.23809e-07,2.54514e-07,1.86836e-07
8.63709e-07,8.24088e-07,7.73492e-07,6.93062e-07,6.2479e-07,5.5529e-07,4.74599e-07,3.99876e-07,3.1857e-07,2.50569e-07,1.8328e-07
8.51663e-07,8.18266e-07,7.61719e-07,6.85894e-07,6.13179e-07,5.46281e-07,4.66697e-07,3.93476e-07,3.14272e-07,2.46051e-07,1.80245e-07
8.41528e-07,8.02483e-07,7.49528e-07,6.7517e-07,6.07796e-07,5.38531e-07,4.59853e-07,3.86779e-07,3.08351e-07,2.42773e-07,1.77236e-07
8.28703e-07,7.91737e-07,7.39196e-07,6.65389e-07,5.95649e-07,5.3126e-07,4.52678e-07,3.80906e-07,3.03452e-07,2.37611e-07,1.73773e-07
8.13504e-07,7.82194e-07,7.29859e-07,6.56479e-07,5.86664e-07,5.23131e-07,4.45532e-07,3.74826e-07,2.98e-07,2.3331e-07,1.70594e-07
8.05472e-07,7.71449e-07,7.17763e-07,6.4717e-07,5.79719e-07,5.14606e-07,4.38031e-07,3.69015e-07,2.94534e-07,2.29374e-07,1.67633e-07
7.9107e-07,7.62159e-07,7.08613e-07,6.35681e-07,5.72108e-07,5.08008e-07,4.31919e-07,3.63435e-07,2.88525e-07,2.25545e-07,1.65218e-07
7.82099e-07,7.50561e-07,6.97881e-07,6.28953e-07,5.62964e-07,5.00287e-07,4.25253e-07,3.58025e-07,2.84971e-07,2.21587e-07,1.61472e-07
7.73277e-07,7.3914e-07,6.88373e-07,6.2071e-07,5.56844e-07,4.93695e-07,4.18663e-07,3.51278e-07,2.79341e-07,2.18416e-07,1.58801e-07
7.59381e-07,7.26812e-07,6.79319e-07,6.1136e-07,5.4697e-07,4.86363e-07,4.12986e-07,3.46182e-07,2.75106e-07,2.15181e-07,1.56271e-07
7.51791e-07,7.19752e-07,6.66695e-07,6.04761e-07,5.41562e-07,4.77848e-07,4.07983e-07,3.42327e-07,2.70939e-07,2.10622e-07,1.53571e-07
7.3698e-07,7.08775e-07,6.62425e-07,5.95702e-07,5.30792e-07,4.71159e-07,4.01266e-07,3.3578e-07,2.67128e-07,2.07746e-07,1.50979e-07
7.30064e-07,6.97949e-07,6.52846e-07,5.86682e-07,5.25551e-07,4.65168e-07,3.95633e-07,3.29894e-07,2.62563e-07,2.03808e-07,1.47256e-07
7.20895e-07,6.88906e-07,6.43853e-07,5.78881e-07,5.17445e-07,4.57854e-07,3.8889e-07,3.24445e-07,2.58803e-07,1.9997e-07,1.44884e-07
7.09411e-07,6.80085e-07,6.33529e-07,5.72601e-07,5.11981e-07,4.52375e-07,3.83948e-07,3.20851e-07,2.54304e-07,1.97607e-07,1.42542e-07
6.98917e-07,6.72178e-07,6.25907e-07,5.63641e-07,5.03611e-07,4.46001e-07,3.77534e-07,3.16253e-07,2.50658e-07,1.94153e-07,1.39442e-07
6.88341e-07,6.65792e-07,6.18427e-07,5.55759e-07,4.98562e-07,4.39641e-07,3.71736e-07,3.10996e-07,2.46492e-07,1.9057e-07,1.37643e-07
6.83263e-07,6.53703e-07,6.08409e-07,5.4914e-07,4.91153e-07,4.33878e-07,3.68048e-07,3.06448e-07,2.43199e-07,1.87756e-07,1.34797e-07
6.74362e-07,6.47817e-07,6.01507e-07,5.44121e-07,4.85685e-07,4.26976e-07,3.61492e-07,3.01494e-07,2.3866e-07,1.83514e-07,1.32543e-07
6.63637e-07,6.34212e-07,5.92525e-07,5.34514e-07,4.76664e-07,4.2124e-07,3.56978e-07,2.96876e-07,2.34379e-07,1.81451e-07,1.30522e-07
6.54124e-07,6.28153e-07,5.85909e-07,5.28574e-07,4.72127e-07,4.15811e-07,3.51744e-07,2.92699e-07,2.30823e-07,1.78606e-07,1.27756e-07
6.45401e-07,6.20097e-07,5.76742e-07,5.21105e-07,4.66048e-07,4.10515e-07,3.46436e-07,2.89163e-07,2.2675e-07,1.75172e-07,1.25988e-07
6.36293e-07,6.12429e-07,5.71838e-07,5.14102e-07,4.58885e-07,4.04954e-07,3.41399e-07,2.84515e-07,2.24102e-07,1.72698e-07,1.23225e-07
6.2858e-07,6.08268e-07,5.62128e-07,5.0699e-07,4.52951e-07,3.98315e-07,3.36494e-07,2.79816e-07,2.20498e-07,1.69148e-07,1.21485e-07
6.2078e-07,5.98459e-07,5.5528e-07,5.01433e-07,4.46223e-07,3.92971e-07,3.31815e-07,2.75788e-07,2.17557e-07,1.66732e-07,1.19519e-07
6.113e-07,5.87425e-07,5.5025e-07,4.95461e-07,4.41063e-07,3.87061e-07,3.27386e-07,2.71031e-07,2.13667e-07,1.64508e-07,1.16705e-07
6.01074e-07,5.83911e-07,5.41646e-07,4.88763e-07,4.37539e-07,3.8353e-07,3.22438e-07,2.65534e-07,2.09944e-07,1.62427e-07,1.15499e-07
5.95081e-07,5.75404e-07,5.34607e-07,4.81221e-07,4.32657e-07,3.77743e-07,3.178e-07,2.61536e-07,2.067e-07,1.59589e-07,1.1283e-07
5.87772e-07,5.6763e-07,5.2789e-07,4.77335e-07,4.2536e-07,3.73321e-07,3.13462e-07,2.57311e-07,2.03431e-07,1.56292e-07,1.11018e-07
5.79793e-07,5.59911e-07,5.19675e-07,4.69363e-07,4.21069e-07,3.67216e-07,3.0837e-07,2.54354e-07,2.01419e-07,1.544e-07,1.09044e-07
5.74723e-07,5.53233e-07,5.14291e-07,4.64232e-07,4.14441e-07,3.62817e-07,3.04867e-07,2.517e-07,1.97183e-07,1.50877e-07,1.07193e-07
5.67818e-07,5.48577e-07,5.08197e-07,4.59757e-07,4.09283e-07,3.58399e-07,3.01265e-07,2.48613e-07,1.9415e-07,1.48901e-07,1.05233e-07
5.59306e-07,5.38765e-07,5.03615e-07,4.52824e-07,4.04136e-07,3.52807e-07,2.96058e-07,2.44101e-07,1.91724e-07,1.45923e-07,1.03548e-07
5.51199e-07,5.32138e-07,4.95972e-07,4.47954e-07,3.9997e-07,3.47842e-07,2.92755e-07,2.40303e-07,1.88589e-07,1.43724e-07,1.01624e-07
5.4572e-07,5.25754e-07,4.88436e-07,4.40477e-07,3.94444e-07,3.43588e-07,2.88086e-07,2.37652e-07,1.85726e-07,1.41827e-07,9.9784e-08
5.38349e-07,5.19529e-07,4.81797e-07,4.3363e-07,3.88184e-07,3.38543e-07,2.84806e-07,2.34413e-07,1.82759e-07,1.40394e-07,9.81308e-08
5.28703e-07,5.13748e-07,4.78403e-07,4.30032e-07,3.85365e-07,3.34062e-07,2.79875e-07,2.30632e-07,1.79763e-07,1.37201e-07,9.59856e-08
5.26392e-07,5.06586e-07,4.69445e-07,4.23513e-07,3.79173e-07,3.29076e-07,2.76954e-07,2.2728e-07,1.77164e-07,1.34785e-07,9.45469e-08
5.171e-07,4.95315e-07,4.63797e-07,4.17497e-07,3.73738e-07,3.23524e-07,2.73313e-07,2.23542e-07,1.74904e-07,1.32623e-07,9.3231e-08
5.10032e-07,4.94355e-07,4.59255e-07,4.12607e-07,3.69801e-07,3.21706e-07,2.69966e-07,2.20699e-07,1.7228e-07,1.3061e-07,9.19673e-08
5.05746e-07,4.86885e-07,4.53944e-07,4.0896e-07,3.65809e-07,3.16718e-07,2.65172e-07,2.17694e-07,1.69639e-07,1.28768e-07,8.97298e-08
4.9715e-07,4.82275e-07,4.47896e-07,4.04379e-07,3.59919e-07,3.126e-07,2.61727e-07,2.14454e-07,1.66641e-07,1.27087e-07,8.77523e-08
4.91728e-07,4.75334e-07,4.41918e-07,3.97296e-07,3.56405e-07,3.08575e-07,2.58331e-07,2.10973e-07,1.6476e-07,1.25016e-07,8.65832e-08
4.86272e-07,4.70409e-07,4.36595e-07,3.95106e-07,3.5356e-07,3.05257e-07,2.55082e-07,2.08379e-07,1.62312e-07,1.2257e-07,8.52993e-08
4.80552e-07,4.64186e-07,4.30864e-07,3.88477e-07,3.47912e-07,3.00615e-07,2.51549e-07,2.0561e-07,1.59386e-07,1.20774e-07,8.38035e-08
4.75718e-07,4.60316e-07,4.25968e-07,3.84818e-07,3.44747e-07,2.95925e-07,2.48764e-07,2.00914e-07,1.56509e-07,1.18333e-07,8.16079e-08
4.69426e-07,4.56724e-07,4.21852e-07,3.78279e-07,3.38793e-07,2.91165e-07,2.44493e-07,1.99605e-07,1.5385e-07,1.16667e-07,8.05948e-08
4.62756e-07,4.46011e-07,4.14924e-07,3.74933e-07,3.36097e-07,2.88635e-07,2.41049e-07,1.96432e-07,1.52124e-07,1.15198e-07,7.93284e-08
4.57128e-07,4.41628e-07,4.09654e-07,3.71237e-07,3.3153e-07,2.84738e-07,2.3791e-07,1.93805e-07,1.48946e-07,1.1288e-07,7.80071e-08
4.51138e-07,4.34849e-07,4.06812e-07,3.66913e-07,3.27154e-07,2.81024e-07,2.34577e-07,1.90465e-07,1.47083e-07,1.11744e-07,7.65515e-08
4.45243e-07,4.32348e-07,4.0064e-07,3.62177e-07,3.24044e-07,2.77545e-07,2.30984e-07,1.88324e-07,1.4556e-07,1.09714e-07,7.4877e-08
4.39992e-07,4.22454e-07,3.9729e-07,3.57698e-07,3.19718e-07,2.7343e-07,2.27591e-07,1.861e-07,1.43387e-07,1.07873e-07,7.37857e-08
