3.51839e-06,3.39741e-06,3.31658e-06,3.23153e-06,3.12785e-06,3.04285e-06,2.94102e-06,2.7758e-06,2.65226e-06,2.51149e-06,2.39264e-06
3.249e-06,3.14211e-06,3.07937e-06,3.00429e-06,2.90141e-06,2.82182e-06,2.71082e-06,2.57423e-06,2.46267e-06,2.3318e-06,2.21761e-06
3.04101e-06,2.92187e-06,2.85198e-06,2.79164e-06,2.70893e-06,2.62835e-06,2.52996e-06,2.40033e-06,2.2893e-06,2.16933e-06,2.0625e-06
2.81217e-06,2.71871e-06,2.65514e-06,2.59625e-06,2.51541e-06,2.44305e-06,2.34119e-06,2.23091e-06,2.12823e-06,2.01777e-06,1.91459e-06
2.6402e-06,2.55376e-06,2.4917e-06,2.44007e-06,2.36163e-06,2.28981e-06,2.19563e-06,2.09419e-06,1.99591e-06,1.89169e-06,1.79388e-06
2.49586e-06,2.41848e-06,2.35437e-06,2.30854e-06,2.22942e-06,2.15633e-06,2.06926e-06,1.98266e-06,1.88287e-06,1.78259e-06,1.69049e-06
2.35591e-06,2.2793e-06,2.22244e-06,2.17659e-06,2.10379e-06,2.03234e-06,1.95293e-06,1.86362e-06,1.77216e-06,1.67867e-06,1.59052e-06
2.23678e-06,2.1635e-06,2.11026e-06,2.06413e-06,1.99482e-06,1.92394e-06,1.85046e-06,1.7649e-06,1.67684e-06,1.58806e-06,1.50405e-06
2.12908e-06,2.05867e-06,2.00867e-06,1.9616e-06,1.89564e-06,1.82636e-06,1.75741e-06,1.67481e-06,1.59034e-06,1.50576e-06,1.42552e-06
2.03048e-06,1.96434e-06,1.9163e-06,1.86887e-06,1.80528e-06,1.73999e-06,1.67282e-06,1.59378e-06,1.51269e-06,1.43165e-06,1.3551e-06
1.94084e-06,1.87671e-06,1.8314e-06,1.78248e-06,1.72365e-06,1.65871e-06,1.59463e-06,1.51761e-06,1.44029e-06,1.36292e-06,1.28904e-06
1.8596e-06,1.79724e-06,1.75575e-06,1.70367e-06,1.64754e-06,1.58718e-06,1.52431e-06,1.44994e-06,1.37545e-06,1.30087e-06,1.22988e-06
1.77927e-06,1.7221e-06,1.67936e-06,1.62921e-06,1.57651e-06,1.51712e-06,1.45563e-06,1.38472e-06,1.31405e-06,1.2425e-06,1.17386e-06
1.70431e-06,1.65163e-06,1.61031e-06,1.56093e-06,1.51044e-06,1.45394e-06,1.39412e-06,1.32638e-06,1.25838e-06,1.18957e-06,1.12306e-06
1.6364e-06,1.58632e-06,1.54599e-06,1.49669e-06,1.44875e-06,1.39496e-06,1.33637e-06,1.2712e-06,1.20638e-06,1.13977e-06,1.0755e-06
1.57386e-06,1.52624e-06,1.48506e-06,1.43933e-06,1.39368e-06,1.34214e-06,1.28438e-06,1.2212e-06,1.15914e-06,1.09474e-06,1.03256e-06
1.51355e-06,1.47088e-06,1.42904e-06,1.38381e-06,1.33813e-06,1.28973e-06,1.23403e-06,1.17462e-06,1.11515e-06,1.0526e-06,9.92307e-07
1.45558e-06,1.41422e-06,1.37457e-06,1.32907e-06,1.2878e-06,1.24022e-06,1.18751e-06,1.12994e-06,1.07265e-06,1.01206e-06,9.52967e-07
1.40337e-06,1.3657e-06,1.32527e-06,1.28083e-06,1.24182e-06,1.19531e-06,1.14544e-06,1.08914e-06,1.03517e-06,9.74374e-07,9.18607e-07
1.35457e-06,1.31795e-06,1.27828e-06,1.23591e-06,1.19867e-06,1.15339e-06,1.10523e-06,1.05107e-06,9.99212e-07,9.40123e-07,8.85989e-07
1.30699e-06,1.27323e-06,1.23352e-06,1.19228e-06,1.15611e-06,1.11251e-06,1.06646e-06,1.01433e-06,9.64396e-07,9.06679e-07,8.54351e-07
1.26e-06,1.22746e-06,1.18884e-06,1.15199e-06,1.11543e-06,1.07421e-06,1.02911e-06,9.80673e-07,9.30646e-07,8.76776e-07,8.25012e-07
1.22141e-06,1.18952e-06,1.15104e-06,1.11473e-06,1.07901e-06,1.0391e-06,9.94987e-07,9.48362e-07,9.00462e-07,8.47194e-07,7.98824e-07
1.18234e-06,1.15091e-06,1.11353e-06,1.0787e-06,1.04405e-06,1.00695e-06,9.63783e-07,9.18126e-07,8.71506e-07,8.20785e-07,7.71601e-07
1.14482e-06,1.11501e-06,1.07969e-06,1.04606e-06,1.01133e-06,9.73334e-07,9.33008e-07,8.89319e-07,8.439e-07,7.93904e-07,7.48279e-07
1.10885e-06,1.07902e-06,1.04506e-06,1.01248e-06,9.78973e-07,9.44132e-07,9.03584e-07,8.60541e-07,8.16485e-07,7.68599e-07,7.22183e-07
1.07605e-06,1.0462e-06,1.01501e-06,9.84155e-07,9.50619e-07,9.16947e-07,8.76649e-07,8.35905e-07,7.92338e-07,7.46108e-07,7.00595e-07
1.046e-06,1.01668e-06,9.86065e-07,9.56112e-07,9.23328e-07,8.90486e-07,8.5214e-07,8.11121e-07,7.69192e-07,7.24172e-07,6.79467e-07
1.01539e-06,9.88113e-07,9.57965e-07,9.29332e-07,8.97158e-07,8.64547e-07,8.27789e-07,7.88468e-07,7.47249e-07,7.0314e-07,6.59382e-07
9.88182e-07,9.61898e-07,9.32762e-07,9.03425e-07,8.72919e-07,8.42258e-07,8.06259e-07,7.67156e-07,7.26657e-07,6.84309e-07,6.39929e-07
9.61137e-07,9.35187e-07,9.07431e-07,8.80405e-07,8.49572e-07,8.18613e-07,7.83813e-07,7.46335e-07,7.06818e-07,6.64954e-07,6.22511e-07
9.36061e-07,9.10309e-07,8.83806e-07,8.56989e-07,8.27216e-07,7.97597e-07,7.63335e-07,7.2643e-07,6.87757e-07,6.47034e-07,6.05285e-07
9.12218e-07,8.87182e-07,8.61586e-07,8.35432e-07,8.06354e-07,7.77336e-07,7.43955e-07,7.07922e-07,6.70004e-07,6.30136e-07,5.88871e-07
8.89674e-07,8.65326e-07,8.40551e-07,8.14956e-07,7.86614e-07,7.58142e-07,7.25613e-07,6.90405e-07,6.53185e-07,6.14083e-07,5.73377e-07
8.6859e-07,8.44586e-07,8.20827e-07,7.95803e-07,7.6808e-07,7.4002e-07,7.0831e-07,6.73677e-07,6.37291e-07,5.98904e-07,5.58641e-07
8.47671e-07,8.24689e-07,8.01301e-07,7.76772e-07,7.49921e-07,7.22387e-07,6.91386e-07,6.57702e-07,6.21873e-07,5.84039e-07,5.44368e-07
8.27862e-07,8.05401e-07,7.82703e-07,7.58625e-07,7.32376e-07,7.05315e-07,6.7513e-07,6.42091e-07,6.06954e-07,5.69629e-07,5.30568e-07
8.08854e-07,7.86946e-07,7.64801e-07,7.41208e-07,7.15633e-07,6.89005e-07,6.59491e-07,6.27124e-07,5.92615e-07,5.55755e-07,5.17294e-07
7.90615e-07,7.69231e-07,7.47676e-07,7.24477e-07,6.99579e-07,6.73344e-07,6.44502e-07,6.12604e-07,5.78783e-07,5.42353e-07,5.04489e-07
7.73244e-07,7.52228e-07,7.31179e-07,7.08404e-07,6.84012e-07,6.58208e-07,6.30068e-07,5.98766e-07,5.6535e-07,5.29248e-07,4.9251e-07
7.55351e-07,7.34856e-07,7.14216e-07,6.91977e-07,6.68119e-07,6.42795e-07,6.15087e-07,5.84491e-07,5.51666e-07,5.15921e-07,4.79539e-07
7.38438e-07,7.18253e-07,6.9822e-07,6.76286e-07,6.52927e-07,6.27976e-07,6.00776e-07,5.70737e-07,5.38512e-07,5.03035e-07,4.67411e-07
7.22185e-07,7.02489e-07,6.82592e-07,6.61451e-07,6.38529e-07,6.14167e-07,5.87457e-07,5.57965e-07,5.26393e-07,4.90154e-07,4.56068e-07
7.05278e-07,6.85548e-07,6.66301e-07,6.45292e-07,6.22803e-07,5.98667e-07,5.72459e-07,5.435e-07,5.12378e-07,4.77393e-07,4.43427e-07
6.90008e-07,6.70728e-07,6.51563e-07,6.31483e-07,6.09251e-07,5.85768e-07,5.59914e-07,5.31542e-07,5.00794e-07,4.64771e-07,4.32919e-07
6.72291e-07,6.531e-07,6.34784e-07,6.14376e-07,5.92632e-07,5.6947e-07,5.44077e-07,5.16177e-07,4.86187e-07,4.51639e-07,4.19515e-07
6.57234e-07,6.38425e-07,6.20058e-07,6.00708e-07,5.79395e-07,5.56822e-07,5.3186e-07,5.04385e-07,4.74853e-07,4.38511e-07,4.09125e-07
6.39845e-07,6.2073e-07,6.03657e-07,5.83546e-07,5.62622e-07,5.39921e-07,5.15405e-07,4.88599e-07,4.59705e-07,4.2565e-07,3.95521e-07
6.22962e-07,6.04105e-07,5.87005e-07,5.67842e-07,5.46992e-07,5.24939e-07,5.00838e-07,4.74504e-07,4.46275e-07,4.12387e-07,3.8335e-07
6.06358e-07,5.88015e-07,5.7115e-07,5.51903e-07,5.31604e-07,5.09974e-07,4.86233e-07,4.60427e-07,4.32827e-07,3.99189e-07,3.71231e-07
5.89795e-07,5.70855e-07,5.54456e-07,5.35837e-07,5.15819e-07,4.94583e-07,4.71212e-07,4.45954e-07,4.18934e-07,3.8562e-07,3.58806e-07
5.73167e-07,5.54541e-07,5.38474e-07,5.19827e-07,5.00051e-07,4.78887e-07,4.56136e-07,4.31421e-07,4.0505e-07,3.72103e-07,3.46474e-07
5.56739e-07,5.37586e-07,5.22461e-07,5.04137e-07,4.84348e-07,4.63477e-07,4.41373e-07,4.17023e-07,3.91582e-07,3.5867e-07,3.34166e-07
5.39024e-07,5.20276e-07,5.05952e-07,4.8746e-07,4.6821e-07,4.47548e-07,4.25615e-07,4.01986e-07,3.76821e-07,3.44721e-07,3.21374e-07
5.20891e-07,5.0256e-07,4.87764e-07,4.7036e-07,4.51377e-07,4.31577e-07,4.10153e-07,3.8707e-07,3.62615e-07,3.30993e-07,3.08816e-07
5.04402e-07,4.85634e-07,4.71513e-07,4.54443e-07,4.35538e-07,4.16008e-07,3.95169e-07,3.72338e-07,3.48606e-07,3.17513e-07,2.96491e-07
4.86475e-07,4.6838e-07,4.54215e-07,4.37474e-07,4.18985e-07,4.00008e-07,3.79452e-07,3.575e-07,3.34379e-07,3.03921e-07,2.84018e-07
4.69127e-07,4.51105e-07,4.37167e-07,4.21065e-07,4.02654e-07,3.84044e-07,3.63983e-07,3.42607e-07,3.20174e-07,2.90254e-07,2.71467e-07
4.51606e-07,4.33801e-07,4.2037e-07,4.04415e-07,3.86456e-07,3.68222e-07,3.48678e-07,3.27881e-07,3.06145e-07,2.76889e-07,2.59179e-07
4.35602e-07,4.17671e-07,4.06136e-07,3.88835e-07,3.71118e-07,3.5298e-07,3.33757e-07,3.13497e-07,2.92403e-07,2.63834e-07,2.47138e-07
4.19244e-07,4.01548e-07,3.88317e-07,3.72287e-07,3.5538e-07,3.37396e-07,3.18733e-07,2.99329e-07,2.7891e-07,2.51137e-07,2.35381e-07
4.00989e-07,3.83827e-07,3.71134e-07,3.56319e-07,3.39197e-07,3.22156e-07,3.04058e-07,2.8499e-07,2.65293e-07,2.38273e-07,2.23518e-07
3.84234e-07,3.67309e-07,3.55132e-07,3.40692e-07,3.23894e-07,3.07282e-07,2.89668e-07,2.71175e-07,2.52157e-07,2.25964e-07,2.12082e-07
3.68184e-07,3.51547e-07,3.39691e-07,3.25656e-07,3.09116e-07,2.92967e-07,2.75821e-07,2.57799e-07,2.39515e-07,2.14192e-07,2.01145e-07
3.52261e-07,3.35956e-07,3.24372e-07,3.1073e-07,2.94569e-07,2.7879e-07,2.62132e-07,2.44766e-07,2.27054e-07,2.02591e-07,1.90268e-07
3.41269e-07,3.2578e-07,3.14604e-07,3.01553e-07,2.86505e-07,2.71133e-07,2.55054e-07,2.38124e-07,2.20705e-07,1.90864e-07,1.84853e-07
3.22697e-07,3.06976e-07,2.96194e-07,2.83531e-07,2.67009e-07,2.52476e-07,2.36619e-07,2.20272e-07,2.03806e-07,1.8113e-07,1.70084e-07
3.07743e-07,2.92489e-07,2.81864e-07,2.69514e-07,2.54231e-07,2.39731e-07,2.24434e-07,2.08684e-07,1.92793e-07,1.71071e-07,1.60552e-07
2.95528e-07,2.79552e-07,2.69335e-07,2.57787e-07,2.42511e-07,2.27791e-07,2.13144e-07,1.97845e-07,1.82518e-07,1.61715e-07,1.51625e-07
2.80561e-07,2.66275e-07,2.56116e-07,2.4453e-07,2.30159e-07,2.16449e-07,2.02082e-07,1.87344e-07,1.72579e-07,1.5273e-07,1.43038e-07
2.68439e-07,2.5415e-07,2.4424e-07,2.32614e-07,2.19148e-07,2.05788e-07,1.91847e-07,1.77579e-07,1.63357e-07,1.44434e-07,1.35041e-07
2.56349e-07,2.43838e-07,2.34518e-07,2.22266e-07,2.09248e-07,1.96162e-07,1.82096e-07,1.68618e-07,1.5481e-07,1.36792e-07,1.27634e-07
2.45023e-07,2.32025e-07,2.22683e-07,2.12397e-07,1.99097e-07,1.865e-07,1.73631e-07,1.59989e-07,1.46709e-07,1.29617e-07,1.20652e-07
2.33477e-07,2.21329e-07,2.12278e-07,2.02315e-07,1.89615e-07,1.77567e-07,1.6493e-07,1.52039e-07,1.3924e-07,1.23038e-07,1.142e-07
2.23372e-07,2.11785e-07,2.03011e-07,1.93433e-07,1.81172e-07,1.69524e-07,1.57292e-07,1.44818e-07,1.32447e-07,1.17093e-07,1.08333e-07
2.14697e-07,2.03153e-07,1.94871e-07,1.85482e-07,1.73784e-07,1.62512e-07,1.50674e-07,1.38358e-07,1.26338e-07,1.11803e-07,1.03063e-07
2.05136e-07,1.94672e-07,1.86449e-07,1.7761e-07,1.66239e-07,1.55365e-07,1.43912e-07,1.32224e-07,1.20632e-07,1.06865e-07,9.81507e-08
1.96966e-07,1.87055e-07,1.79106e-07,1.70617e-07,1.5969e-07,1.49188e-07,1.3811e-07,1.2679e-07,1.15551e-07,1.02513e-07,9.37849e-08
1.89422e-07,1.80055e-07,1.72374e-07,1.64218e-07,1.5373e-07,1.4359e-07,1.32869e-07,1.21899e-07,1.10992e-07,9.86247e-08,8.98796e-08
1.82421e-07,1.73578e-07,1.66165e-07,1.58325e-07,1.48272e-07,1.38485e-07,1.28112e-07,1.17477e-07,1.06882e-07,9.51311e-08,8.63657e-08
1.75997e-07,1.67729e-07,1.60472e-07,1.53009e-07,1.43373e-07,1.339e-07,1.23867e-07,1.13549e-07,1.03235e-07,9.20477e-08,8.32631e-08
1.69952e-07,1.62117e-07,1.55353e-07,1.4806e-07,1.38844e-07,1.29711e-07,1.19986e-07,1.09961e-07,9.99337e-08,8.92415e-08,8.04516e-08
1.64616e-07,1.57201e-07,1.50546e-07,1.43542e-07,1.34705e-07,1.25882e-07,1.16456e-07,1.06727e-07,9.69504e-08,8.67023e-08,7.79426e-08
1.599e-07,1.52741e-07,1.46309e-07,1.39596e-07,1.30983e-07,1.22483e-07,1.13301e-07,1.03832e-07,9.42865e-08,8.44339e-08,7.57028e-08
1.54937e-07,1.48368e-07,1.42097e-07,1.35727e-07,1.27501e-07,1.19226e-07,1.10349e-07,1.01147e-07,9.18234e-08,8.23176e-08,7.36482e-08
1.50687e-07,1.44385e-07,1.38408e-07,1.32077e-07,1.24275e-07,1.16252e-07,1.07635e-07,9.86632e-08,8.9564e-08,8.03526e-08,7.1749e-08
1.46562e-07,1.40603e-07,1.34829e-07,1.2867e-07,1.21191e-07,1.13414e-07,1.05052e-07,9.63112e-08,8.74229e-08,7.84751e-08,6.99812e-08
1.42767e-07,1.3709e-07,1.31512e-07,1.25522e-07,1.18324e-07,1.10773e-07,1.02638e-07,9.41177e-08,8.54178e-08,7.67087e-08,6.83123e-08
1.39241e-07,1.33849e-07,1.28396e-07,1.22611e-07,1.15665e-07,1.08317e-07,1.00397e-07,9.20751e-08,8.3557e-08,7.50513e-08,6.67722e-08
1.35895e-07,1.30694e-07,1.25458e-07,1.19779e-07,1.13076e-07,1.05928e-07,9.82075e-08,9.00845e-08,8.17386e-08,7.34182e-08,6.52687e-08
1.32701e-07,1.27698e-07,1.22615e-07,1.17075e-07,1.1059e-07,1.03625e-07,9.60956e-08,8.81607e-08,7.99806e-08,7.18247e-08,6.38218e-08
1.29698e-07,1.24833e-07,1.19933e-07,1.14484e-07,1.08198e-07,1.01413e-07,9.40594e-08,8.62929e-08,7.82796e-08,7.02798e-08,6.23993e-08
1.26752e-07,1.22095e-07,1.17266e-07,1.11985e-07,1.05886e-07,9.92534e-08,9.20765e-08,8.44796e-08,7.66205e-08,6.87724e-08,6.10231e-08
1.23907e-07,1.19382e-07,1.1472e-07,1.09547e-07,1.03616e-07,9.71461e-08,9.01315e-08,8.26954e-08,7.49928e-08,6.72864e-08,5.96771e-08
1.21221e-07,1.16831e-07,1.12252e-07,1.07205e-07,1.01419e-07,9.50953e-08,8.82367e-08,8.09595e-08,7.34023e-08,6.58362e-08,5.83594e-08
1.18623e-07,1.14355e-07,1.09874e-07,1.0492e-07,9.92863e-08,9.30989e-08,8.63967e-08,7.92652e-08,7.1846e-08,6.44184e-08,5.70696e-08
1.16072e-07,1.11905e-07,1.0753e-07,1.02683e-07,9.71821e-08,9.11364e-08,8.45734e-08,7.75866e-08,7.03149e-08,6.30111e-08,5.57941e-08
1.13549e-07,1.09513e-07,1.05232e-07,1.00488e-07,9.51128e-08,8.92063e-08,8.27838e-08,7.59387e-08,6.88013e-08,6.16365e-08,5.45424e-08
1.11129e-07,1.07168e-07,1.02997e-07,9.83454e-08,9.31043e-08,8.73204e-08,8.10346e-08,7.4325e-08,6.73194e-08,6.02882e-08,5.33167e-08
1.08796e-07,1.04902e-07,1.00818e-07,9.62763e-08,9.11385e-08,8.5483e-08,7.93254e-08,7.27497e-08,6.58751e-08,5.89634e-08,5.21196e-08
1.06473e-07,1.02668e-07,9.86628e-08,9.42187e-08,8.92012e-08,8.36555e-08,7.76289e-08,7.11841e-08,6.44332e-08,5.76556e-08,5.09269e-08
1.04219e-07,1.00494e-07,9.65689e-08,9.22115e-08,8.72959e-08,8.18705e-08,7.59657e-08,6.96448e-08,6.30202e-08,5.6369e-08,4.9771e-08
1.02029e-07,9.83711e-08,9.45262e-08,9.02608e-08,8.54413e-08,8.01344e-08,7.43323e-08,6.81376e-08,6.1645e-08,5.50981e-08,4.86288e-08
9.98458e-08,9.62654e-08,9.25023e-08,8.83103e-08,8.35897e-08,7.83838e-08,7.27196e-08,6.66454e-08,6.02682e-08,5.38517e-08,4.7493e-08
9.76997e-08,9.41919e-08,9.0494e-08,8.63796e-08,8.17613e-08,7.66613e-08,7.11044e-08,6.51496e-08,5.88941e-08,5.26015e-08,4.63659e-08
9.56052e-08,9.21833e-08,8.85509e-08,8.45259e-08,7.99849e-08,7.49893e-08,6.95412e-08,6.3703e-08,5.75679e-08,5.1389e-08,4.52746e-08
9.35346e-08,9.01942e-08,8.66739e-08,8.281e-08,7.84074e-08,7.35172e-08,6.81797e-08,6.24458e-08,5.64062e-08,5.03294e-08,4.4312e-08
9.15199e-08,8.82558e-08,8.47959e-08,8.10164e-08,7.66974e-08,7.19048e-08,6.66722e-08,6.10487e-08,5.5116e-08,4.91697e-08,4.32673e-08
8.95472e-08,8.63163e-08,8.29419e-08,7.92461e-08,7.50032e-08,7.0313e-08,6.51743e-08,5.96599e-08,5.38549e-08,4.79953e-08,4.22146e-08
8.75744e-08,8.44036e-08,8.10311e-08,7.72903e-08,7.30959e-08,6.84889e-08,6.3461e-08,5.80688e-08,5.23934e-08,4.66849e-08,4.10441e-08
8.56238e-08,8.2517e-08,7.92171e-08,7.55479e-08,7.14217e-08,6.69024e-08,6.19709e-08,5.66875e-08,5.11251e-08,4.55328e-08,4.00088e-08
8.38335e-08,8.07443e-08,7.75258e-08,7.38262e-08,6.97967e-08,6.53666e-08,6.05293e-08,5.53466e-08,4.98963e-08,4.44176e-08,3.9007e-08
8.18627e-08,7.8874e-08,7.56771e-08,7.2136e-08,6.81701e-08,6.38228e-08,5.9084e-08,5.40093e-08,4.86674e-08,4.33025e-08,3.80114e-08
8.01944e-08,7.7153e-08,7.39784e-08,7.04839e-08,6.66066e-08,6.23109e-08,5.76806e-08,5.27033e-08,4.74633e-08,4.22225e-08,3.7055e-08
7.8369e-08,7.53808e-08,7.22623e-08,6.88284e-08,6.50237e-08,6.08104e-08,5.62733e-08,5.13976e-08,4.62834e-08,4.11298e-08,3.60719e-08
7.64698e-08,7.35968e-08,7.05482e-08,6.72006e-08,6.34346e-08,5.93368e-08,5.48745e-08,5.01036e-08,4.50898e-08,4.00623e-08,3.51171e-08
7.48001e-08,7.19498e-08,6.89802e-08,6.55895e-08,6.19132e-08,5.78985e-08,5.35212e-08,4.88444e-08,4.39389e-08,3.90219e-08,3.41855e-08
7.29974e-08,7.02207e-08,6.72604e-08,6.40129e-08,6.04005e-08,5.64576e-08,5.21712e-08,4.75941e-08,4.2792e-08,3.79847e-08,3.32655e-08
7.11481e-08,6.84864e-08,6.56171e-08,6.24329e-08,5.88891e-08,5.50267e-08,5.08284e-08,4.6351e-08,4.16567e-08,3.69587e-08,3.23531e-08
6.94853e-08,6.68807e-08,6.40522e-08,6.09231e-08,5.7438e-08,5.36519e-08,4.95358e-08,4.51494e-08,4.05488e-08,3.59747e-08,3.14814e-08
6.78146e-08,6.5246e-08,6.24823e-08,5.94072e-08,5.59918e-08,5.22823e-08,4.82535e-08,4.3961e-08,3.94818e-08,3.49788e-08,3.06026e-08
6.63548e-08,6.38486e-08,6.11088e-08,5.80203e-08,5.45917e-08,5.09802e-08,4.69972e-08,4.27918e-08,3.84049e-08,3.40262e-08,2.97445e-08
6.45719e-08,6.21911e-08,5.94388e-08,5.64948e-08,5.31501e-08,4.95971e-08,4.57231e-08,4.16177e-08,3.73304e-08,3.30646e-08,2.88888e-08
6.2926e-08,6.06035e-08,5.79835e-08,5.50121e-08,5.1792e-08,4.82893e-08,4.44966e-08,4.04776e-08,3.6292e-08,3.21248e-08,2.80607e-08
6.13708e-08,5.90816e-08,5.65109e-08,5.35929e-08,5.04363e-08,4.69996e-08,4.32881e-08,3.9358e-08,3.52722e-08,3.12059e-08,2.72452e-08
5.98843e-08,5.75981e-08,5.50423e-08,5.22323e-08,4.91096e-08,4.57466e-08,4.21056e-08,3.82628e-08,3.4274e-08,3.03112e-08,2.64563e-08
5.8364e-08,5.60916e-08,5.36098e-08,5.08572e-08,4.7796e-08,4.45019e-08,4.09449e-08,3.71877e-08,3.33049e-08,2.94249e-08,2.56744e-08
5.69171e-08,5.46726e-08,5.22428e-08,4.95536e-08,4.65337e-08,4.33124e-08,3.98045e-08,3.61353e-08,3.2334e-08,2.85683e-08,2.49125e-08
5.54243e-08,5.32451e-08,5.08548e-08,4.82041e-08,4.52564e-08,4.20894e-08,3.86777e-08,3.50915e-08,3.1387e-08,2.77184e-08,2.41629e-08
5.40299e-08,5.18912e-08,4.95445e-08,4.69418e-08,4.40449e-08,4.09394e-08,3.75977e-08,3.40905e-08,3.04788e-08,2.69034e-08,2.34444e-08
5.26653e-08,5.05333e-08,4.82509e-08,4.5693e-08,4.28484e-08,3.98009e-08,3.65323e-08,3.31047e-08,2.9581e-08,2.61002e-08,2.27327e-08
5.12583e-08,4.92066e-08,4.69508e-08,4.44489e-08,4.16634e-08,3.86832e-08,3.54814e-08,3.21362e-08,2.87022e-08,2.5313e-08,2.20382e-08
4.99318e-08,4.79264e-08,4.57132e-08,4.32618e-08,4.05281e-08,3.76059e-08,3.44729e-08,3.12044e-08,2.78549e-08,2.45535e-08,2.13704e-08
4.86076e-08,4.66823e-08,4.4581e-08,4.23243e-08,3.97057e-08,3.68591e-08,3.37969e-08,3.05914e-08,2.73003e-08,2.40557e-08,2.09287e-08
4.73376e-08,4.54149e-08,4.3291e-08,4.0938e-08,3.83121e-08,3.55094e-08,3.25102e-08,2.93914e-08,2.62122e-08,2.30858e-08,2.00754e-08
4.61111e-08,4.4225e-08,4.21422e-08,3.98374e-08,3.72604e-08,3.45152e-08,3.15772e-08,2.85324e-08,2.54331e-08,2.23894e-08,1.94622e-08
4.48777e-08,4.30401e-08,4.10191e-08,3.87736e-08,3.62235e-08,3.35372e-08,3.06591e-08,2.76862e-08,2.46697e-08,2.1707e-08,1.88636e-08
4.37032e-08,4.18967e-08,3.99029e-08,3.76943e-08,3.52206e-08,3.2589e-08,2.97777e-08,2.68731e-08,2.39335e-08,2.10489e-08,1.82847e-08
4.25376e-08,4.08057e-08,3.88318e-08,3.66722e-08,3.42487e-08,3.1672e-08,2.89212e-08,2.60858e-08,2.32198e-08,2.0412e-08,1.77212e-08
4.14351e-08,3.96829e-08,3.77923e-08,3.56861e-08,3.3304e-08,3.07801e-08,2.80893e-08,2.5321e-08,2.25281e-08,1.97955e-08,1.71773e-08
4.0339e-08,3.8642e-08,3.67722e-08,3.47074e-08,3.23857e-08,2.99142e-08,2.72849e-08,2.45813e-08,2.18585e-08,1.9199e-08,1.66519e-08
3.92703e-08,3.76165e-08,3.57912e-08,3.3774e-08,3.14997e-08,2.90815e-08,2.65086e-08,2.38676e-08,2.12156e-08,1.86258e-08,1.61484e-08
3.8219e-08,3.66078e-08,3.48247e-08,3.28553e-08,3.06327e-08,2.82682e-08,2.57512e-08,2.31737e-08,2.05889e-08,1.8067e-08,1.56559e-08
3.72291e-08,3.56511e-08,3.39098e-08,3.1983e-08,2.98081e-08,2.74936e-08,2.50318e-08,2.2514e-08,1.99933e-08,1.75376e-08,1.51912e-08
3.62602e-08,3.47212e-08,3.302e-08,3.11431e-08,2.90141e-08,2.67491e-08,2.43413e-08,2.18802e-08,1.94224e-08,1.70273e-08,1.47469e-08
3.53319e-08,3.38258e-08,3.21643e-08,3.03304e-08,2.82497e-08,2.60326e-08,2.36766e-08,2.12731e-08,1.88741e-08,1.65408e-08,1.43127e-08
3.44287e-08,3.29561e-08,3.13338e-08,2.95453e-08,2.75126e-08,2.53433e-08,2.30364e-08,2.06891e-08,1.83499e-08,1.60731e-08,1.39033e-08
3.35231e-08,3.20862e-08,3.05045e-08,2.87622e-08,2.67779e-08,2.46576e-08,2.24032e-08,2.01108e-08,1.78288e-08,1.56094e-08,1.3497e-08
3.26809e-08,3.12598e-08,2.9731e-08,2.80379e-08,2.60913e-08,2.40159e-08,2.18118e-08,1.95716e-08,1.73435e-08,1.51788e-08,1.31172e-08
3.18448e-08,3.04746e-08,2.8971e-08,2.73163e-08,2.54227e-08,2.33944e-08,2.12398e-08,1.90499e-08,1.68747e-08,1.47621e-08,1.27517e-08
3.1056e-08,2.97179e-08,2.82531e-08,2.66408e-08,2.47904e-08,2.28065e-08,2.06983e-08,1.85567e-08,1.64322e-08,1.43683e-08,1.24041e-08
3.03014e-08,2.89929e-08,2.75652e-08,2.59918e-08,2.41844e-08,2.2244e-08,2.0181e-08,1.80846e-08,1.6011e-08,1.39944e-08,1.20776e-08
2.9567e-08,2.82902e-08,2.68966e-08,2.53669e-08,2.36038e-08,2.17046e-08,1.96867e-08,1.76358e-08,1.56072e-08,1.36358e-08,1.17616e-08
2.88649e-08,2.76105e-08,2.62564e-08,2.47651e-08,2.30433e-08,2.11863e-08,1.92101e-08,1.72058e-08,1.52214e-08,1.32927e-08,1.14567e-08
2.81684e-08,2.69508e-08,2.56301e-08,2.41804e-08,2.25003e-08,2.06831e-08,1.87518e-08,1.67898e-08,1.48483e-08,1.29611e-08,1.11655e-08
2.75049e-08,2.63162e-08,2.50294e-08,2.36181e-08,2.19799e-08,2.02034e-08,1.83122e-08,1.63927e-08,1.44913e-08,1.26459e-08,1.08857e-08
2.68866e-08,2.57237e-08,2.44701e-08,2.30956e-08,2.14963e-08,1.97568e-08,1.79042e-08,1.60229e-08,1.41603e-08,1.23532e-08,1.0631e-08
2.62711e-08,2.51367e-08,2.3916e-08,2.25775e-08,2.10168e-08,1.93153e-08,1.75023e-08,1.5661e-08,1.38363e-08,1.20655e-08,1.03747e-08
2.56726e-08,2.45642e-08,2.33759e-08,2.20734e-08,2.05524e-08,1.88894e-08,1.71145e-08,1.53116e-08,1.35244e-08,1.17876e-08,1.0133e-08
2.51163e-08,2.40315e-08,2.28749e-08,2.16062e-08,2.0121e-08,1.84937e-08,1.67537e-08,1.49851e-08,1.32356e-08,1.15305e-08,9.90979e-09
2.4579e-08,2.352e-08,2.23921e-08,2.11564e-08,1.97049e-08,1.81122e-08,1.64083e-08,1.46751e-08,1.29556e-08,1.12848e-08,9.69149e-09
2.40478e-08,2.30122e-08,2.19142e-08,2.07117e-08,1.92972e-08,1.77367e-08,1.60687e-08,1.43702e-08,1.26848e-08,1.10423e-08,9.4763e-09
2.35353e-08,2.25227e-08,2.14529e-08,2.02811e-08,1.89008e-08,1.7375e-08,1.57409e-08,1.40746e-08,1.24218e-08,1.08091e-08,9.27164e-09
2.30571e-08,2.20671e-08,2.10236e-08,1.98827e-08,1.85337e-08,1.70373e-08,1.54359e-08,1.38009e-08,1.21768e-08,1.05932e-08,9.08151e-09
2.25829e-08,2.16153e-08,2.05967e-08,1.94841e-08,1.81687e-08,1.67031e-08,1.51338e-08,1.35306e-08,1.19354e-08,1.03783e-08,8.89228e-09
2.2123e-08,2.11763e-08,2.01843e-08,1.90998e-08,1.78142e-08,1.63802e-08,1.48414e-08,1.32672e-08,1.17019e-08,1.01723e-08,8.71088e-09
2.16985e-08,2.07698e-08,1.9802e-08,1.87433e-08,1.74863e-08,1.60803e-08,1.45695e-08,1.30214e-08,1.14859e-08,9.97819e-09,8.54394e-09
2.12663e-08,2.03584e-08,1.94137e-08,1.83808e-08,1.71519e-08,1.57747e-08,1.42945e-08,1.27764e-08,1.1265e-08,9.78724e-09,8.37151e-09
2.08574e-08,1.99682e-08,1.90454e-08,1.8037e-08,1.6835e-08,1.54849e-08,1.40326e-08,1.25415e-08,1.10557e-08,9.60223e-09,8.20899e-09
2.04665e-08,1.95962e-08,1.86928e-08,1.77072e-08,1.65317e-08,1.52061e-08,1.3781e-08,1.2317e-08,1.08546e-08,9.42216e-09,8.05257e-09
2.00836e-08,1.92305e-08,1.8348e-08,1.73851e-08,1.62336e-08,1.49344e-08,1.35337e-08,1.20942e-08,1.0657e-08,9.24921e-09,7.8973e-09
1.97113e-08,1.88732e-08,1.80104e-08,1.7068e-08,1.59412e-08,1.46668e-08,1.32912e-08,1.18765e-08,1.04642e-08,9.07591e-09,7.74905e-09
1.93422e-08,1.85212e-08,1.76769e-08,1.67556e-08,1.56522e-08,1.44019e-08,1.30517e-08,1.1662e-08,1.02731e-08,8.90909e-09,7.60128e-09
1.89862e-08,1.81815e-08,1.73543e-08,1.64529e-08,1.53712e-08,1.41441e-08,1.28186e-08,1.14529e-08,1.00861e-08,8.74347e-09,7.45695e-09
1.86415e-08,1.78517e-08,1.7041e-08,1.6158e-08,1.50987e-08,1.38927e-08,1.25916e-08,1.12495e-08,9.90441e-09,8.5829e-09,7.31627e-09
1.83098e-08,1.75334e-08,1.67393e-08,1.58743e-08,1.48343e-08,1.36504e-08,1.23718e-08,1.10504e-08,9.72817e-09,8.42814e-09,7.18009e-09
1.79818e-08,1.72193e-08,1.64401e-08,1.55924e-08,1.45723e-08,1.34094e-08,1.21519e-08,1.08536e-08,9.55269e-09,8.27099e-09,7.04478e-09
1.76579e-08,1.69091e-08,1.61453e-08,1.53142e-08,1.43124e-08,1.31698e-08,1.19352e-08,1.06587e-08,9.37874e-09,8.11942e-09,6.91095e-09
1.73455e-08,1.66094e-08,1.5859e-08,1.50435e-08,1.40603e-08,1.29375e-08,1.17238e-08,1.04683e-08,9.20881e-09,7.96962e-09,6.78141e-09
1.70363e-08,1.63132e-08,1.55765e-08,1.47763e-08,1.38112e-08,1.2707e-08,1.15139e-08,1.02804e-08,9.04101e-09,7.82139e-09,6.6512e-09
1.67326e-08,1.60208e-08,1.52981e-08,1.45125e-08,1.35639e-08,1.24796e-08,1.13065e-08,1.00927e-08,8.87475e-09,7.67474e-09,6.52351e-09
1.64394e-08,1.57396e-08,1.5029e-08,1.42576e-08,1.33258e-08,1.22588e-08,1.11052e-08,9.91113e-09,8.71283e-09,7.53129e-09,6.39974e-09
1.6148e-08,1.5459e-08,1.47616e-08,1.4004e-08,1.30872e-08,1.20384e-08,1.09046e-08,9.73052e-09,8.55189e-09,7.39173e-09,6.27641e-09
1.58626e-08,1.5185e-08,1.44996e-08,1.37554e-08,1.28538e-08,1.18225e-08,1.0707e-08,9.55282e-09,8.39346e-09,7.25206e-09,6.15511e-09
1.55831e-08,1.49165e-08,1.4242e-08,1.3511e-08,1.26251e-08,1.16093e-08,1.05129e-08,9.37794e-09,8.23738e-09,7.11365e-09,6.03571e-09
1.53068e-08,1.46508e-08,1.3988e-08,1.32698e-08,1.23977e-08,1.13991e-08,1.03205e-08,9.20397e-09,8.08266e-09,6.97786e-09,5.91669e-09
1.50334e-08,1.43872e-08,1.3736e-08,1.30302e-08,1.21728e-08,1.11905e-08,1.01293e-08,9.03162e-09,7.92949e-09,6.84256e-09,5.80042e-09
1.47667e-08,1.41302e-08,1.34897e-08,1.27961e-08,1.19526e-08,1.0986e-08,9.94217e-09,8.86303e-09,7.77849e-09,6.71025e-09,5.68564e-09
1.45055e-08,1.38787e-08,1.32487e-08,1.25665e-08,1.17362e-08,1.07849e-08,9.7579e-09,8.69673e-09,7.63041e-09,6.58056e-09,5.57286e-09
1.42435e-08,1.3628e-08,1.30094e-08,1.23396e-08,1.15235e-08,1.05876e-08,9.57714e-09,8.53371e-09,7.48503e-09,6.45253e-09,5.4627e-09
1.39906e-08,1.33829e-08,1.27744e-08,1.21155e-08,1.13116e-08,1.03903e-08,9.39657e-09,8.37052e-09,7.34017e-09,6.32531e-09,5.35226e-09
1.37379e-08,1.31406e-08,1.25431e-08,1.18962e-08,1.11055e-08,1.01985e-08,9.22103e-09,8.21184e-09,7.19898e-09,6.2011e-09,5.24513e-09
1.34957e-08,1.2905e-08,1.23164e-08,1.16792e-08,1.09001e-08,1.00073e-08,9.04551e-09,8.05365e-09,7.05809e-09,6.07758e-09,5.13852e-09
1.32492e-08,1.26698e-08,1.20918e-08,1.14665e-08,1.06998e-08,9.821e-09,8.87458e-09,7.89953e-09,6.92083e-09,5.95715e-09,5.03478e-09
1.30151e-08,1.24425e-08,1.18737e-08,1.12578e-08,1.05024e-08,9.63677e-09,8.70569e-09,7.74683e-09,6.78516e-09,5.83814e-09,4.93225e-09
1.27742e-08,1.22123e-08,1.16542e-08,1.10501e-08,1.03078e-08,9.45571e-09,8.53958e-09,7.59726e-09,6.65174e-09,5.72146e-09,4.83169e-09
1.25508e-08,1.19947e-08,1.14448e-08,1.08492e-08,1.01168e-08,9.27749e-09,8.37584e-09,7.44914e-09,6.52032e-09,5.60596e-09,4.73244e-09
1.23234e-08,1.17753e-08,1.12348e-08,1.06492e-08,9.9278e-09,9.1012e-09,8.21433e-09,7.30331e-09,6.39048e-09,5.49288e-09,4.63486e-09
1.21061e-08,1.15637e-08,1.10316e-08,1.04551e-08,9.74323e-09,8.92904e-09,8.05618e-09,7.16054e-09,6.26369e-09,5.3821e-09,4.5397e-09
1.18803e-08,1.13473e-08,1.08253e-08,1.02591e-08,9.55936e-09,8.75778e-09,7.8989e-09,7.01887e-09,6.13762e-09,5.27126e-09,4.44471e-09
1.16646e-08,1.11395e-08,1.06262e-08,1.00692e-08,9.37992e-09,8.59035e-09,7.74522e-09,6.88013e-09,6.01445e-09,5.16349e-09,4.3521e-09
1.14582e-08,1.09366e-08,1.04321e-08,9.88346e-09,9.20433e-09,8.42644e-09,7.59472e-09,6.7441e-09,5.89375e-09,5.05816e-09,4.26157e-09
1.12444e-08,1.07331e-08,1.02376e-08,9.6991e-09,9.03026e-09,8.26404e-09,7.44573e-09,6.60987e-09,5.77437e-09,4.95366e-09,4.17205e-09
1.10456e-08,1.05404e-08,1.00523e-08,9.52184e-09,8.86087e-09,8.10595e-09,7.30026e-09,6.47894e-09,5.65777e-09,4.85206e-09,4.08504e-09
1.08379e-08,1.03409e-08,9.86269e-09,9.34154e-09,8.69224e-09,7.9487e-09,7.1561e-09,6.34858e-09,5.5425e-09,4.75063e-09,3.99869e-09
1.06406e-08,1.01504e-08,9.68047e-09,9.16791e-09,8.52832e-09,7.79559e-09,7.01551e-09,6.22181e-09,5.42983e-09,4.65274e-09,3.91471e-09
1.04513e-08,9.96468e-09,9.50269e-09,8.99745e-09,8.36673e-09,7.64484e-09,6.87723e-09,6.0973e-09,5.31945e-09,4.55701e-09,3.83195e-09
1.02552e-08,9.77789e-09,9.32462e-09,8.82895e-09,8.20774e-09,7.49678e-09,6.74116e-09,5.9748e-09,5.21052e-09,4.46173e-09,3.75098e-09
1.0079e-08,9.60207e-09,9.15511e-09,8.66677e-09,8.05272e-09,7.35201e-09,6.60818e-09,5.8548e-09,5.10426e-09,4.36902e-09,3.67172e-09
9.88419e-09,9.41926e-09,8.98209e-09,8.50276e-09,7.89969e-09,7.20952e-09,6.4774e-09,5.73686e-09,4.99981e-09,4.27802e-09,3.59427e-09
9.70304e-09,9.24411e-09,8.81502e-09,8.34367e-09,7.7495e-09,7.06944e-09,6.34899e-09,5.62126e-09,4.8974e-09,4.18869e-09,3.51764e-09
9.53752e-09,9.0762e-09,8.65415e-09,8.18926e-09,7.60344e-09,6.93316e-09,6.22383e-09,5.50871e-09,4.7975e-09,4.10146e-09,3.44345e-09
9.35253e-09,8.90385e-09,8.49024e-09,8.03527e-09,7.45849e-09,6.79824e-09,6.10025e-09,5.3973e-09,4.69893e-09,4.01557e-09,3.37008e-09
9.19456e-09,8.7456e-09,8.3374e-09,7.88944e-09,7.31863e-09,6.66771e-09,5.98037e-09,5.28951e-09,4.60325e-09,3.93144e-09,3.29896e-09
9.01747e-09,8.57831e-09,8.18002e-09,7.74018e-09,7.18011e-09,6.53882e-09,5.86245e-09,5.18321e-09,4.50924e-09,3.85055e-09,3.22946e-09
8.85171e-09,8.42014e-09,8.02911e-09,7.59676e-09,7.04469e-09,6.41269e-09,5.74681e-09,5.07951e-09,4.41718e-09,3.77035e-09,3.16103e-09
8.66175e-09,8.2453e-09,7.86692e-09,7.44799e-09,6.90989e-09,6.28863e-09,5.63371e-09,4.97773e-09,4.32751e-09,3.69228e-09,3.09451e-09
8.53727e-09,8.11467e-09,7.73785e-09,7.31987e-09,6.78337e-09,6.16958e-09,5.52393e-09,4.87891e-09,4.23992e-09,3.61614e-09,3.02978e-09
8.36411e-09,7.95122e-09,7.58477e-09,7.1798e-09,6.65481e-09,6.0511e-09,5.41599e-09,4.7821e-09,4.15428e-09,3.54172e-09,2.96623e-09
8.23131e-09,7.81965e-09,7.45735e-09,7.05349e-09,6.53276e-09,5.93658e-09,5.31057e-09,4.68755e-09,4.07024e-09,3.46933e-09,2.90423e-09
8.06028e-09,7.6584e-09,7.30876e-09,6.91639e-09,6.40972e-09,5.82362e-09,5.20807e-09,4.59519e-09,3.98905e-09,3.39779e-09,2.84379e-09
7.94638e-09,7.53851e-09,7.19051e-09,6.79942e-09,6.29365e-09,5.71446e-09,5.10721e-09,4.50458e-09,3.90864e-09,3.32797e-09,2.78481e-09
7.80133e-09,7.40133e-09,7.06e-09,6.67637e-09,6.17824e-09,5.60721e-09,5.0093e-09,4.41652e-09,3.83103e-09,3.26038e-09,2.7269e-09
7.68335e-09,7.2784e-09,6.94003e-09,6.56196e-09,6.06684e-09,5.50361e-09,4.91423e-09,4.33171e-09,3.75561e-09,3.19474e-09,2.67152e-09
7.53013e-09,7.13837e-09,6.81042e-09,6.43977e-09,5.95592e-09,5.40102e-09,4.82083e-09,4.24748e-09,3.68158e-09,3.13065e-09,2.61651e-09
7.41261e-09,7.01689e-09,6.6943e-09,6.32659e-09,5.84903e-09,5.3017e-09,4.73007e-09,4.16604e-09,3.60949e-09,3.06779e-09,2.56349e-09
7.273e-09,6.88872e-09,6.57348e-09,6.21499e-09,5.74497e-09,5.20541e-09,4.64224e-09,4.08731e-09,3.54003e-09,3.00733e-09,2.5119e-09
7.14885e-09,6.76867e-09,6.4591e-09,6.10685e-09,5.64343e-09,5.11125e-09,4.55631e-09,4.01026e-09,3.47183e-09,2.94806e-09,2.46192e-09
7.04959e-09,6.6619e-09,6.3542e-09,6.00649e-09,5.54496e-09,5.01965e-09,4.4725e-09,3.93531e-09,3.40572e-09,2.89171e-09,2.41254e-09
6.90859e-09,6.53516e-09,6.23813e-09,5.8976e-09,5.44734e-09,4.93e-09,4.39085e-09,3.86215e-09,3.3408e-09,2.83449e-09,2.36519e-09
6.809e-09,6.42956e-09,6.13695e-09,5.79824e-09,5.35371e-09,4.8432e-09,4.31181e-09,3.79105e-09,3.27826e-09,2.77882e-09,2.31865e-09
6.68757e-09,6.31593e-09,6.03021e-09,5.69964e-09,5.26198e-09,4.75853e-09,4.23465e-09,3.72207e-09,3.21732e-09,2.72698e-09,2.27394e-09
6.57291e-09,6.20921e-09,5.9289e-09,5.60468e-09,5.17325e-09,4.67665e-09,4.16018e-09,3.65508e-09,3.15855e-09,2.67575e-09,2.23029e-09
6.49624e-09,6.12039e-09,5.8398e-09,5.51892e-09,5.08779e-09,4.59724e-09,4.08748e-09,3.59038e-09,3.10099e-09,2.62578e-09,2.18808e-09
6.36156e-09,6.00702e-09,5.73662e-09,5.42244e-09,5.00298e-09,4.51946e-09,4.01724e-09,3.5273e-09,3.04578e-09,2.57772e-09,2.14679e-09
6.26057e-09,5.90599e-09,5.64178e-09,5.33323e-09,4.91995e-09,4.44312e-09,3.94772e-09,3.46539e-09,2.99061e-09,2.52991e-09,2.10678e-09
6.1625e-09,5.81717e-09,5.55726e-09,5.25237e-09,4.84228e-09,4.37094e-09,3.882e-09,3.40654e-09,2.93856e-09,2.48488e-09,2.06836e-09
6.06813e-09,5.7193e-09,5.46451e-09,5.16544e-09,4.76338e-09,4.29883e-09,3.81683e-09,3.34826e-09,2.88731e-09,2.4401e-09,2.0301e-09
6.00513e-09,5.64446e-09,5.38838e-09,5.09234e-09,4.68933e-09,4.23013e-09,3.75396e-09,3.29223e-09,2.83773e-09,2.397e-09,1.99334e-09
5.88418e-09,5.54057e-09,5.29552e-09,5.00576e-09,4.61475e-09,4.16219e-09,3.69274e-09,3.23736e-09,2.78931e-09,2.35506e-09,1.95817e-09
5.79775e-09,5.45669e-09,5.2158e-09,4.93043e-09,4.54484e-09,4.09777e-09,3.63422e-09,3.18502e-09,2.74339e-09,2.3151e-09,1.92404e-09
5.71784e-09,5.37947e-09,5.1432e-09,4.86019e-09,4.47678e-09,4.03497e-09,3.57711e-09,3.13404e-09,2.69795e-09,2.27571e-09,1.89171e-09
5.62949e-09,5.29334e-09,5.06061e-09,4.78358e-09,4.40781e-09,3.97222e-09,3.5207e-09,3.08347e-09,2.65357e-09,2.2373e-09,1.85763e-09
5.50813e-09,5.18537e-09,4.962e-09,4.70211e-09,4.33846e-09,3.91111e-09,3.46616e-09,3.03553e-09,2.61112e-09,2.20039e-09,1.82716e-09
5.49276e-09,5.14736e-09,4.92129e-09,4.6464e-09,4.27945e-09,3.85429e-09,3.41375e-09,2.98801e-09,2.56924e-09,2.164e-09,1.79521e-09
5.31752e-09,5.016e-09,4.80804e-09,4.55803e-09,4.21161e-09,3.79582e-09,3.36217e-09,2.94262e-09,2.52928e-09,2.12946e-09,1.76679e-09
5.31638e-09,4.99665e-09,4.78032e-09,4.5178e-09,4.15876e-09,3.74354e-09,3.31316e-09,2.89827e-09,2.4898e-09,2.0953e-09,1.73811e-09
5.24892e-09,4.92402e-09,4.70957e-09,4.45136e-09,4.0993e-09,3.68953e-09,3.26467e-09,2.85499e-09,2.4517e-09,2.06203e-09,1.70928e-09
5.21576e-09,4.87518e-09,4.65676e-09,4.40008e-09,4.04453e-09,3.63863e-09,3.21808e-09,2.8136e-09,2.41503e-09,2.03e-09,1.68233e-09
5.13568e-09,4.79983e-09,4.59049e-09,4.33311e-09,3.9884e-09,3.58768e-09,3.17269e-09,2.77282e-09,2.37902e-09,1.99896e-09,1.65555e-09
5.04443e-09,4.72513e-09,4.5212e-09,4.27321e-09,3.93416e-09,3.53827e-09,3.12811e-09,2.7331e-09,2.3443e-09,1.96881e-09,1.63035e-09
4.98544e-09,4.6686e-09,4.46827e-09,4.22108e-09,3.8831e-09,3.49101e-09,3.08509e-09,2.69471e-09,2.31008e-09,1.93948e-09,1.60588e-09
4.91855e-09,4.60333e-09,4.40452e-09,4.16228e-09,3.83122e-09,3.44412e-09,3.04296e-09,2.65715e-09,2.27712e-09,1.91046e-09,1.58085e-09
4.89447e-09,4.5672e-09,4.36156e-09,4.1199e-09,3.78407e-09,3.40003e-09,3.00254e-09,2.62136e-09,2.24507e-09,1.88276e-09,1.55738e-09
4.79682e-09,4.48542e-09,4.2923e-09,4.05622e-09,3.73298e-09,3.35429e-09,2.96204e-09,2.5849e-09,2.21327e-09,1.85516e-09,1.53386e-09
4.74475e-09,4.43108e-09,4.23969e-09,4.00605e-09,3.68635e-09,3.31132e-09,2.9233e-09,2.55021e-09,2.18272e-09,1.82892e-09,1.51156e-09
4.67852e-09,4.37959e-09,4.19192e-09,3.96068e-09,3.64159e-09,3.27014e-09,2.88582e-09,2.51682e-09,2.15319e-09,1.80355e-09,1.4903e-09
4.62867e-09,4.32266e-09,4.13648e-09,3.90802e-09,3.59538e-09,3.2284e-09,2.8485e-09,2.48345e-09,2.12367e-09,1.77783e-09,1.46774e-09
4.62203e-09,4.29939e-09,4.10602e-09,3.87401e-09,3.55466e-09,3.19009e-09,2.8129e-09,2.45178e-09,2.09583e-09,1.75339e-09,1.44755e-09
4.52294e-09,4.22524e-09,4.04313e-09,3.8166e-09,3.50989e-09,3.14966e-09,2.77739e-09,2.41992e-09,2.0678e-09,1.72905e-09,1.42728e-09
4.47074e-09,4.1753e-09,3.99494e-09,3.77084e-09,3.46746e-09,3.11089e-09,2.74243e-09,2.38862e-09,2.04028e-09,1.70601e-09,1.40693e-09
4.4155e-09,4.13096e-09,3.95341e-09,3.73093e-09,3.42764e-09,3.0739e-09,2.7089e-09,2.35858e-09,2.01387e-09,1.68271e-09,1.38794e-09
4.37233e-09,4.07522e-09,3.89871e-09,3.68188e-09,3.38563e-09,3.0363e-09,2.67511e-09,2.32881e-09,1.98736e-09,1.65995e-09,1.36792e-09
4.39371e-09,4.06262e-09,3.87694e-09,3.65276e-09,3.34894e-09,3.00157e-09,2.643e-09,2.30021e-09,1.96209e-09,1.63817e-09,1.34948e-09
4.27713e-09,3.98351e-09,3.8105e-09,3.59765e-09,3.30768e-09,2.96457e-09,2.61055e-09,2.27111e-09,1.93658e-09,1.61638e-09,1.33097e-09
4.23107e-09,3.93923e-09,3.7678e-09,3.55685e-09,3.2695e-09,2.92991e-09,2.57911e-09,2.24307e-09,1.91189e-09,1.5949e-09,1.3128e-09
4.18467e-09,3.89509e-09,3.725e-09,3.51621e-09,3.23191e-09,2.89545e-09,2.5482e-09,2.21534e-09,1.88758e-09,1.57399e-09,1.29518e-09
4.14055e-09,3.85281e-09,3.68389e-09,3.477e-09,3.19547e-09,2.86211e-09,2.51797e-09,2.18833e-09,1.86359e-09,1.55306e-09,1.27753e-09
4.13879e-09,3.83342e-09,3.65714e-09,3.44956e-09,3.16147e-09,2.83021e-09,2.48864e-09,2.16218e-09,1.84053e-09,1.53349e-09,1.26097e-09
4.05323e-09,3.76891e-09,3.60298e-09,3.3998e-09,3.12374e-09,2.79628e-09,2.45858e-09,2.13534e-09,1.81703e-09,1.51343e-09,1.244e-09
3.92152e-09,3.67624e-09,3.52486e-09,3.3408e-09,3.08385e-09,2.7634e-09,2.43052e-09,2.11063e-09,1.79554e-09,1.49533e-09,1.22857e-09
3.97161e-09,3.69074e-09,3.52736e-09,3.32741e-09,3.05559e-09,2.73392e-09,2.40201e-09,2.08489e-09,1.77251e-09,1.47521e-09,1.21117e-09
3.92757e-09,3.64909e-09,3.48701e-09,3.28898e-09,3.02075e-09,2.70162e-09,2.37322e-09,2.05912e-09,1.75011e-09,1.45594e-09,1.19521e-09
3.92792e-09,3.63254e-09,3.46308e-09,3.26426e-09,2.98951e-09,2.67231e-09,2.34607e-09,2.03501e-09,1.72886e-09,1.43774e-09,1.17971e-09
3.85974e-09,3.5763e-09,3.41609e-09,3.21964e-09,2.95556e-09,2.64183e-09,2.31901e-09,2.01066e-09,1.70745e-09,1.41932e-09,1.16446e-09
3.8088e-09,3.53605e-09,3.37733e-09,3.18434e-09,2.92333e-09,2.61225e-09,2.29235e-09,1.9869e-09,1.68661e-09,1.40148e-09,1.14957e-09
3.76872e-09,3.49799e-09,3.34049e-09,3.14944e-09,2.89051e-09,2.58222e-09,2.26547e-09,1.96279e-09,1.66559e-09,1.38334e-09,1.13367e-09
3.73741e-09,3.46374e-09,3.30697e-09,3.11656e-09,2.86037e-09,2.55431e-09,2.24006e-09,1.93996e-09,1.64555e-09,1.3665e-09,1.12014e-09
3.73165e-09,3.44659e-09,3.28304e-09,3.09297e-09,2.83033e-09,2.52601e-09,2.21416e-09,1.91721e-09,1.62553e-09,1.3492e-09,1.10484e-09
3.65313e-09,3.38879e-09,3.23476e-09,3.04851e-09,2.79721e-09,2.49632e-09,2.18807e-09,1.89366e-09,1.60518e-09,1.33231e-09,1.09047e-09
3.61593e-09,3.35347e-09,3.20051e-09,3.01622e-09,2.76686e-09,2.46877e-09,2.16291e-09,1.87151e-09,1.58558e-09,1.31523e-09,1.07593e-09
3.57866e-09,3.31833e-09,3.16664e-09,2.98366e-09,2.73679e-09,2.44142e-09,2.13843e-09,1.84929e-09,1.56626e-09,1.29869e-09,1.06224e-09
3.54085e-09,3.28301e-09,3.13231e-09,2.95153e-09,2.70689e-09,2.41367e-09,2.11334e-09,1.82731e-09,1.54695e-09,1.28222e-09,1.04869e-09
3.54251e-09,3.26971e-09,3.11235e-09,2.93054e-09,2.68006e-09,2.38833e-09,2.08985e-09,1.8063e-09,1.52845e-09,1.26737e-09,1.03528e-09
