-0.00372883,-0.0036678,-0.0035842,-0.00346806,-0.00331274,-0.00314258,-0.00295281,-0.00276225,-0.0025749,-0.0023983,-0.00224168
-0.00363872,-0.0035853,-0.00350727,-0.00339615,-0.0032522,-0.00308379,-0.00290119,-0.00271128,-0.00252137,-0.00234342,-0.00218137
-0.0035169,-0.00347651,-0.0034053,-0.00330417,-0.00316654,-0.00300631,-0.00282508,-0.00263907,-0.0024519,-0.00227189,-0.0021083
-0.00338827,-0.00333935,-0.00327464,-0.0031791,-0.00305092,-0.00289766,-0.00272444,-0.00254321,-0.00235796,-0.00218056,-0.00201872
-0.00329377,-0.00324647,-0.00318558,-0.00309491,-0.00297195,-0.00282271,-0.00265463,-0.00247587,-0.0022927,-0.00211689,-0.00195517
-0.00321729,-0.00316949,-0.00310988,-0.00302422,-0.00290485,-0.00275678,-0.00259564,-0.00241756,-0.00223776,-0.00206268,-0.0019001
-0.00311304,-0.00306783,-0.00301219,-0.00292855,-0.00281311,-0.00267174,-0.00251249,-0.00233992,-0.00216263,-0.00199123,-0.00183214
-0.00302796,-0.00298398,-0.00293014,-0.00284784,-0.00273611,-0.00259805,-0.00244255,-0.00227343,-0.00209933,-0.00193077,-0.00177249
-0.00294608,-0.00290175,-0.00284927,-0.0027695,-0.00265926,-0.00252426,-0.00237275,-0.00220696,-0.00203671,-0.00187116,-0.00171589
-0.00287211,-0.00282816,-0.0027776,-0.00269864,-0.00258968,-0.00245786,-0.0023101,-0.0021466,-0.00197983,-0.00181682,-0.001664
-0.00279381,-0.00275016,-0.00270136,-0.00262118,-0.0025165,-0.00238672,-0.00224075,-0.00208253,-0.00191881,-0.00175975,-0.00161035
-0.00272738,-0.00268329,-0.0026301,-0.00255678,-0.00244936,-0.00232273,-0.00218133,-0.00202495,-0.00186576,-0.00170891,-0.00156113
-0.00265101,-0.0026081,-0.00255644,-0.00248048,-0.00237709,-0.00225292,-0.00211265,-0.0019617,-0.00180591,-0.00165321,-0.00150809
-0.00258452,-0.00254159,-0.00249204,-0.00241445,-0.00231328,-0.00219098,-0.00205354,-0.00190642,-0.00175316,-0.00160382,-0.00146126
-0.00250191,-0.00247251,-0.00242137,-0.00234733,-0.00224646,-0.00212642,-0.00199338,-0.0018479,-0.00169903,-0.00155307,-0.00141382
-0.0024564,-0.00241503,-0.00236397,-0.00229078,-0.00219264,-0.00207401,-0.0019414,-0.00180006,-0.00165321,-0.00151097,-0.00137441
-0.00239962,-0.00235674,-0.00230528,-0.00223556,-0.00213486,-0.00202002,-0.00189018,-0.00175005,-0.00160811,-0.00146848,-0.00133392
-0.00233593,-0.00229493,-0.00224334,-0.00217207,-0.0020762,-0.00196058,-0.00183475,-0.00169971,-0.00155913,-0.0014241,-0.00129191
-0.00227712,-0.00223617,-0.00218496,-0.00211574,-0.00201954,-0.00190745,-0.00178483,-0.00165174,-0.0015158,-0.00138157,-0.00125397
-0.00222404,-0.00218477,-0.00213428,-0.00206505,-0.00197118,-0.00186025,-0.00173931,-0.0016101,-0.00147597,-0.00134502,-0.00121905
-0.00216758,-0.00212806,-0.00207888,-0.00201092,-0.0019176,-0.00180971,-0.00169233,-0.00156447,-0.00143463,-0.00130624,-0.00118332
-0.00211613,-0.00207816,-0.00203017,-0.00196059,-0.00187073,-0.00176515,-0.00164828,-0.00152547,-0.00139632,-0.00127253,-0.00114987
-0.0020653,-0.00202735,-0.00197984,-0.0019139,-0.00182304,-0.00172195,-0.00160805,-0.00148478,-0.00136146,-0.00123799,-0.00111919
-0.00201534,-0.00197982,-0.00193208,-0.00186651,-0.00177965,-0.00167828,-0.00156695,-0.00144779,-0.00132478,-0.00120765,-0.00108851
-0.00197423,-0.00192983,-0.00188429,-0.00182036,-0.0017342,-0.00163601,-0.00152731,-0.00141081,-0.00129131,-0.00117483,-0.00105926
-0.0019112,-0.00187698,-0.00183246,-0.00176969,-0.00168605,-0.00158999,-0.00148431,-0.00137065,-0.00125472,-0.00114036,-0.00102775
-0.00186804,-0.00183503,-0.00179049,-0.00173023,-0.00164803,-0.0015543,-0.00145119,-0.00133925,-0.00122579,-0.00111359,-0.00100294
-0.00182006,-0.00178942,-0.00174679,-0.0016862,-0.00160692,-0.00151521,-0.00141414,-0.00130569,-0.00119466,-0.00108407,-0.000975908
-0.00177364,-0.00174455,-0.00170297,-0.00164441,-0.00156681,-0.00147773,-0.00137952,-0.00127329,-0.00116475,-0.00105708,-0.000950404
-0.00173342,-0.00170501,-0.0016649,-0.00160711,-0.00153195,-0.00144393,-0.00134799,-0.00124464,-0.00113817,-0.00103299,-0.000927695
-0.0016848,-0.00166041,-0.00162149,-0.00156527,-0.00149192,-0.0014073,-0.00131374,-0.00121296,-0.00110907,-0.00100548,-0.00090252
-0.00164242,-0.00161755,-0.00157969,-0.00152492,-0.00145355,-0.00137129,-0.00127991,-0.00118187,-0.001081,-0.000979184,-0.000877681
-0.00159933,-0.00157721,-0.0015407,-0.0014872,-0.0014179,-0.00133807,-0.0012489,-0.00115353,-0.00105482,-0.00095486,-0.000855156
-0.00155828,-0.00153826,-0.00150268,-0.00145068,-0.00138341,-0.00130573,-0.00121888,-0.001126,-0.00102949,-0.000931272,-0.000833674
-0.00151727,-0.00150103,-0.00146697,-0.00141567,-0.00135084,-0.00127543,-0.00119049,-0.00110001,-0.00100548,-0.000909288,-0.000812932
-0.00147893,-0.00146337,-0.00142992,-0.00138078,-0.00131702,-0.001244,-0.00116148,-0.00107349,-0.000981374,-0.000887545,-0.000793442
-0.00143976,-0.00142575,-0.00139366,-0.00134571,-0.00128458,-0.00121373,-0.00113348,-0.00104767,-0.000957637,-0.000864611,-0.000771287
-0.00139552,-0.00138953,-0.00135854,-0.00131196,-0.00125267,-0.00118388,-0.00110593,-0.00102236,-0.000934506,-0.000843107,-0.000751516
-0.00136379,-0.00135471,-0.00132524,-0.00127939,-0.0012223,-0.00115585,-0.00107908,-0.000998369,-0.000912181,-0.000823185,-0.000734045
-0.00132021,-0.00132176,-0.00129371,-0.00124899,-0.00119367,-0.00112841,-0.00105424,-0.000974922,-0.000891095,-0.000803564,-0.000716217
-0.00128113,-0.001286,-0.00125927,-0.00121561,-0.00116201,-0.00109928,-0.00102732,-0.000950137,-0.000868778,-0.000782314,-0.000697001
-0.00125768,-0.00125309,-0.00122622,-0.00118485,-0.00113314,-0.00107254,-0.00100177,-0.000927508,-0.000847655,-0.000763194,-0.000679596
-0.0012108,-0.00122257,-0.00119518,-0.00115535,-0.00110431,-0.00104665,-0.000978392,-0.000905709,-0.000827178,-0.000744518,-0.000662866
-0.00117542,-0.00118931,-0.00116425,-0.00112536,-0.00107729,-0.0010204,-0.000954258,-0.000883429,-0.000807143,-0.000725832,-0.000645697
-0.00114274,-0.00115942,-0.00113636,-0.00109745,-0.00105261,-0.000996701,-0.000933066,-0.000863629,-0.000788221,-0.000708694,-0.000630676
-0.00112545,-0.00112844,-0.00110509,-0.00106855,-0.00102416,-0.000970902,-0.000907978,-0.000840942,-0.000768356,-0.000690489,-0.000612895
-0.00109572,-0.00109987,-0.00107596,-0.00104334,-0.000999178,-0.000947599,-0.0008865,-0.000821127,-0.000749475,-0.000673899,-0.000597847
-0.00106459,-0.00107065,-0.00104887,-0.0010149,-0.000973812,-0.00092371,-0.000865235,-0.000801019,-0.000731566,-0.000657029,-0.000582482
-0.00103615,-0.00104284,-0.00102198,-0.00098696,-0.000949014,-0.000900878,-0.000842922,-0.000781467,-0.000713855,-0.000640663,-0.0005674
-0.00100879,-0.0010167,-0.000994731,-0.000963972,-0.000926073,-0.000879295,-0.000823108,-0.000762981,-0.000696877,-0.00062532,-0.000553564
-0.000980594,-0.000989332,-0.000969917,-0.000937016,-0.000901971,-0.000857096,-0.000802232,-0.000744068,-0.000679622,-0.000609552,-0.000539088
-0.000974867,-0.000963602,-0.000944967,-0.000914946,-0.000879934,-0.000836177,-0.000781639,-0.000726081,-0.000663233,-0.000594692,-0.000525599
-0.000929837,-0.000940332,-0.000920792,-0.000892315,-0.000857062,-0.000816221,-0.000764247,-0.000709704,-0.000647686,-0.000580671,-0.000513299
-0.000902304,-0.000913271,-0.000896001,-0.000868013,-0.000835469,-0.000794693,-0.000744293,-0.000690887,-0.000630895,-0.000565425,-0.000499195
-0.000877275,-0.000888616,-0.000872028,-0.000845017,-0.000813923,-0.000774339,-0.000725503,-0.000673557,-0.000615084,-0.000550956,-0.000486202
-0.000854047,-0.000866458,-0.000850679,-0.000822956,-0.00079479,-0.000756153,-0.000708298,-0.000657985,-0.000601019,-0.000538261,-0.000474708
-0.00083112,-0.000842287,-0.000828306,-0.000802801,-0.000774146,-0.000736869,-0.000690875,-0.000641569,-0.000585807,-0.000524305,-0.000462247
-0.000808482,-0.000820554,-0.000805829,-0.000781588,-0.000753848,-0.000718076,-0.000673258,-0.000625566,-0.000571084,-0.000511294,-0.000450257
-0.000786444,-0.000798516,-0.000784349,-0.000761025,-0.000734422,-0.000699789,-0.000656329,-0.000609876,-0.000556705,-0.000498333,-0.00043864
-0.000766314,-0.00077831,-0.000764777,-0.000742292,-0.00071663,-0.000683058,-0.000640863,-0.000595531,-0.000543574,-0.000486629,-0.000427977
-0.000746658,-0.000758959,-0.000745629,-0.000724225,-0.000699738,-0.000666764,-0.00062686,-0.00058187,-0.000530835,-0.000475112,-0.000417826
-0.000725882,-0.000737588,-0.000724998,-0.000704201,-0.000680436,-0.000649066,-0.000609306,-0.000566424,-0.000516978,-0.000462641,-0.000406369
-0.000706167,-0.000717635,-0.00070556,-0.000685597,-0.000662786,-0.000632411,-0.000593864,-0.000552226,-0.000503879,-0.000450873,-0.000395807
-0.000687068,-0.000698927,-0.000687484,-0.000666866,-0.000646467,-0.000616835,-0.000579107,-0.00053884,-0.000491809,-0.000440011,-0.000386049
-0.000669707,-0.000680577,-0.000669419,-0.000651002,-0.000629823,-0.000601337,-0.000565105,-0.000525602,-0.000479525,-0.000428954,-0.000376103
-0.000652916,-0.000663386,-0.000652684,-0.000634854,-0.000614493,-0.000586943,-0.000551634,-0.000513214,-0.000467412,-0.000418697,-0.000366838
-0.000636051,-0.00064569,-0.00063565,-0.000618552,-0.000598902,-0.000572172,-0.000538052,-0.000500629,-0.000456636,-0.000408478,-0.000357609
-0.000618955,-0.000628442,-0.000618645,-0.000602375,-0.000583425,-0.0005576,-0.000524551,-0.000488047,-0.000445099,-0.000398104,-0.000348343
-0.000603839,-0.000612793,-0.000603386,-0.000587754,-0.000569432,-0.000544328,-0.000512284,-0.000476749,-0.000434735,-0.000388746,-0.000340441
-0.000587351,-0.000595985,-0.000586962,-0.000572035,-0.000554449,-0.000530187,-0.000499081,-0.000464501,-0.000423579,-0.000378715,-0.000330937
-0.000571061,-0.000580329,-0.000571665,-0.000557389,-0.000540438,-0.000516919,-0.000486798,-0.000453071,-0.000413165,-0.000369327,-0.000322477
-0.000557831,-0.00056576,-0.000557293,-0.000543733,-0.000527243,-0.000504537,-0.000475297,-0.000442309,-0.000403295,-0.000360531,-0.000314572
-0.000541692,-0.000550238,-0.00054237,-0.0005294,-0.000513438,-0.000491487,-0.000463233,-0.000431216,-0.000393187,-0.000351374,-0.000306223
-0.000528764,-0.000535476,-0.000527917,-0.000515502,-0.000500277,-0.00047899,-0.000451564,-0.000420393,-0.000383214,-0.000342428,-0.00029831
-0.000513377,-0.000521353,-0.000514142,-0.000502293,-0.000487528,-0.00046696,-0.000440478,-0.000410029,-0.000373739,-0.00033392,-0.000290652
-0.000502369,-0.000508142,-0.000501299,-0.000490088,-0.000475661,-0.000455774,-0.00043014,-0.000400316,-0.000364887,-0.000326037,-0.000283473
-0.000486961,-0.000494364,-0.000487793,-0.000477019,-0.00046325,-0.000444002,-0.00041909,-0.000390173,-0.000355599,-0.000317592,-0.000275951
-0.000476367,-0.0004814,-0.000475086,-0.000464845,-0.000451526,-0.000432918,-0.000408791,-0.000380566,-0.000346826,-0.000309686,-0.000268833
-0.000462843,-0.000468901,-0.000462954,-0.000453158,-0.000440242,-0.000422245,-0.000398875,-0.000371337,-0.000338394,-0.000302102,-0.000263038
-0.000452168,-0.000456498,-0.000450798,-0.000441528,-0.000429041,-0.000411654,-0.000389001,-0.000362141,-0.000329981,-0.000294512,-0.000255218
-0.000438123,-0.000444837,-0.000439352,-0.000430552,-0.000418462,-0.000401635,-0.000379657,-0.000353469,-0.000322081,-0.000287383,-0.000248789
-0.000429306,-0.000433124,-0.000427959,-0.000419574,-0.000407888,-0.00039163,-0.00037036,-0.000344748,-0.000314105,-0.000280152,-0.000242358
-0.000418373,-0.000421908,-0.000417019,-0.000408997,-0.000397701,-0.000381997,-0.000361357,-0.000336395,-0.000306457,-0.000273247,-0.000236148
-0.000407678,-0.000411075,-0.000406439,-0.000398787,-0.000387852,-0.000372678,-0.000352714,-0.000328327,-0.000299073,-0.000266619,-0.000230193
-0.000394044,-0.000400368,-0.000395914,-0.00038868,-0.000378136,-0.000363528,-0.000344035,-0.000320291,-0.00029176,-0.000259969,-0.000224283
-0.000386799,-0.000390017,-0.000385817,-0.000378928,-0.000368773,-0.000354553,-0.000335751,-0.00031252,-0.000284675,-0.000253579,-0.000218673
-0.000371909,-0.000379646,-0.00037564,-0.000369128,-0.000359359,-0.000345653,-0.000327346,-0.000304754,-0.000277565,-0.000247142,-0.000212906
-0.000366433,-0.00036965,-0.000365861,-0.000359694,-0.000350237,-0.000336982,-0.000319254,-0.000297209,-0.000270719,-0.000240926,-0.000207417
-0.000355534,-0.000360359,-0.000356697,-0.000350861,-0.000341757,-0.000328933,-0.000311682,-0.000290187,-0.000264225,-0.000235091,-0.000202178
-0.000349099,-0.000351098,-0.000347577,-0.000342036,-0.000333183,-0.000320798,-0.000304104,-0.000283125,-0.000257805,-0.000229314,-0.000197131
-0.000338187,-0.000341881,-0.000338638,-0.000333355,-0.000324899,-0.000312884,-0.000296636,-0.000276186,-0.000251509,-0.000223552,-0.000191955
-0.000329179,-0.000333017,-0.000329957,-0.000324909,-0.000316776,-0.000305162,-0.000289417,-0.00026944,-0.000245293,-0.000218004,-0.000187044
-0.000320494,-0.000324586,-0.000321646,-0.00031676,-0.00030899,-0.000297779,-0.000282419,-0.000262959,-0.000239416,-0.00021266,-0.000182345
-0.000312008,-0.000316159,-0.000313403,-0.000308816,-0.000301302,-0.000290448,-0.00027555,-0.000256559,-0.000233503,-0.000207375,-0.000177644
-0.000303769,-0.000308112,-0.000305506,-0.000301076,-0.000293912,-0.000283392,-0.000268881,-0.000250421,-0.000227764,-0.000202313,-0.000173109
-0.000295914,-0.00030035,-0.000297844,-0.000293648,-0.000286743,-0.000276585,-0.000262471,-0.000244429,-0.000222252,-0.000197339,-0.000168746
-0.0002881,-0.000292621,-0.000290301,-0.0002863,-0.000279677,-0.000269844,-0.000256144,-0.000238549,-0.000216865,-0.00019249,-0.000164459
-0.000280527,-0.000285086,-0.000282889,-0.000279119,-0.000272709,-0.000263194,-0.000249884,-0.000232709,-0.000211545,-0.000187722,-0.000160254
-0.000273239,-0.000277854,-0.000275807,-0.000272172,-0.000266085,-0.000256854,-0.000243885,-0.00022714,-0.000206541,-0.000183117,-0.000156282
-0.000266265,-0.000270867,-0.000268945,-0.000265551,-0.000259609,-0.000250709,-0.000238094,-0.000221763,-0.000201595,-0.000178653,-0.00015236
-0.000259256,-0.000263997,-0.00026219,-0.00025887,-0.000253237,-0.000244612,-0.000232332,-0.000216391,-0.000196685,-0.000174257,-0.000148523
-0.000252637,-0.000257408,-0.000255628,-0.000252542,-0.00024708,-0.00023873,-0.000226831,-0.000211245,-0.000191984,-0.000170022,-0.000144807
-0.000246154,-0.000250959,-0.000249388,-0.00024634,-0.00024117,-0.000233115,-0.000221494,-0.000206287,-0.000187409,-0.000165915,-0.000141116
-0.000239867,-0.000244636,-0.000243081,-0.000240348,-0.000235287,-0.000227447,-0.000216174,-0.000201345,-0.000182936,-0.000161889,-0.00013768
-0.000233643,-0.000238422,-0.000237004,-0.000234326,-0.000229539,-0.000221941,-0.000210969,-0.000196482,-0.00017846,-0.000157886,-0.000134205
-0.000227771,-0.000232527,-0.00023125,-0.000228675,-0.000224051,-0.000216719,-0.000206042,-0.000191907,-0.000174256,-0.000154106,-0.00013092
-0.000221974,-0.000226716,-0.000225482,-0.000223086,-0.000218639,-0.00021154,-0.000201129,-0.000187336,-0.000170087,-0.000150357,-0.000127662
-0.000216506,-0.000221226,-0.00022005,-0.000217758,-0.000213474,-0.000206592,-0.000196461,-0.000183002,-0.000166113,-0.000146804,-0.000124563
-0.000211045,-0.000215676,-0.000214636,-0.000212484,-0.000208389,-0.000201715,-0.00019185,-0.000178694,-0.000162176,-0.00014326,-0.000121501
-0.000205747,-0.000210285,-0.00020934,-0.000207241,-0.000203358,-0.000196873,-0.000187268,-0.000174416,-0.000158267,-0.000139774,-0.000118472
-0.000200569,-0.000205092,-0.000204174,-0.000202209,-0.000198442,-0.000192184,-0.000182857,-0.000170291,-0.000154496,-0.000136378,-0.000115543
-0.00019563,-0.000200088,-0.000199255,-0.000197395,-0.000193822,-0.000187711,-0.000178629,-0.00016632,-0.000151,-0.000133147,-0.000112813
-0.000190837,-0.000195232,-0.000194447,-0.000192704,-0.000189229,-0.000183357,-0.000174492,-0.000162497,-0.000147357,-0.000129984,-0.000110011
-0.000186187,-0.000190537,-0.000189743,-0.000188124,-0.000184756,-0.000179056,-0.000170447,-0.000158731,-0.000143868,-0.000126865,-0.000107352
-0.000181549,-0.000185757,-0.000185123,-0.000183566,-0.000180377,-0.000174858,-0.000166446,-0.000154987,-0.0001405,-0.000123798,-0.000104706
-0.00017712,-0.000181216,-0.000180615,-0.000179166,-0.000176069,-0.000170712,-0.000162524,-0.000151341,-0.000137176,-0.000120863,-0.000102147
-0.000172844,-0.000176856,-0.000176302,-0.000174902,-0.000171981,-0.000166766,-0.000158798,-0.000147828,-0.000134105,-0.000118014,-9.97614e-05
-0.000168724,-0.000172614,-0.000172132,-0.000170825,-0.000167984,-0.000162945,-0.000155188,-0.000144467,-0.000130896,-0.000115258,-9.73472e-05
-0.000164529,-0.000168332,-0.000167879,-0.000166639,-0.000163935,-0.000159042,-0.000151485,-0.000141042,-0.000127753,-0.000112439,-9.49227e-05
-0.000160708,-0.000164421,-0.000163968,-0.000162798,-0.000160188,-0.000155453,-0.000148083,-0.000137856,-0.00012484,-0.000109842,-9.26939e-05
-0.000156793,-0.000160396,-0.000160027,-0.000158947,-0.000156456,-0.000151865,-0.000144677,-0.000134678,-0.000121943,-0.000107242,-9.04588e-05
-0.000153282,-0.000156687,-0.000156396,-0.000155367,-0.00015296,-0.000148471,-0.00014148,-0.000131665,-0.000119219,-0.000104856,-8.84063e-05
-0.000149481,-0.000152792,-0.00015255,-0.000151573,-0.000149268,-0.000144939,-0.000138108,-0.000128556,-0.000116242,-0.000102289,-8.61304e-05
-0.000145965,-0.000149214,-0.000148955,-0.000148049,-0.000145843,-0.000141662,-0.000134996,-0.000125622,-0.000113695,-9.9877e-05,-8.41556e-05
-0.000142524,-0.000145632,-0.000145407,-0.000144574,-0.000142474,-0.000138378,-0.000131885,-0.000122749,-0.000111047,-9.75185e-05,-8.21352e-05
-0.000139241,-0.000142208,-0.000142033,-0.00014124,-0.000139193,-0.000135265,-0.000128919,-0.000119958,-0.00010852,-9.52813e-05,-8.02275e-05
-0.000135885,-0.000138745,-0.000138602,-0.000137878,-0.00013595,-0.000132125,-0.000125932,-0.000117176,-0.000105986,-9.29985e-05,-7.82651e-05
-0.000132862,-0.000135554,-0.000135455,-0.000134782,-0.000132901,-0.000129184,-0.000123162,-0.000114584,-0.000103609,-9.08968e-05,-7.64904e-05
-0.000129669,-0.000132262,-0.000132183,-0.000131564,-0.000129776,-0.000126173,-0.000120289,-0.0001119,-0.000101177,-8.87176e-05,-7.46219e-05
-0.000126801,-0.000129252,-0.000129221,-0.000128652,-0.000126914,-0.00012341,-0.000117677,-0.000109457,-9.89485e-05,-8.6735e-05,-7.29384e-05
-0.000123896,-0.000126219,-0.000126192,-0.000125688,-0.000124032,-0.000120625,-0.000115017,-0.000106978,-9.67027e-05,-8.47141e-05,-7.1219e-05
-0.000121002,-0.000123238,-0.000123237,-0.000122752,-0.000121165,-0.000117863,-0.000112391,-0.000104523,-9.44701e-05,-8.27244e-05,-6.9522e-05
-0.000118322,-0.000120435,-0.000120442,-0.000120014,-0.00011849,-0.000115271,-0.000109943,-0.000102244,-9.23665e-05,-8.08708e-05,-6.79313e-05
-0.000115579,-0.000117536,-0.000117632,-0.000117242,-0.000115755,-0.000112646,-0.000107431,-9.99087e-05,-9.02424e-05,-7.89794e-05,-6.63309e-05
-0.000112942,-0.000114849,-0.000114897,-0.000114537,-0.000113146,-0.000110118,-0.000105028,-9.7656e-05,-8.82117e-05,-7.7143e-05,-6.47628e-05
-0.000110449,-0.000112236,-0.000112323,-0.000112,-0.000110667,-0.000107713,-0.000102742,-9.55231e-05,-8.62531e-05,-7.54148e-05,-6.32913e-05
-0.000107936,-0.000109624,-0.000109728,-0.00010944,-0.000108139,-0.00010528,-0.000100436,-9.33754e-05,-8.43017e-05,-7.36804e-05,-6.18106e-05
-0.000105551,-0.000107103,-0.000107252,-0.000107002,-0.000105753,-0.000102964,-9.82503e-05,-9.13084e-05,-8.2436e-05,-7.2018e-05,-6.0399e-05
-0.000103214,-0.000104671,-0.000104821,-0.000104607,-0.000103397,-0.000100723,-9.60853e-05,-8.92837e-05,-8.0589e-05,-7.03804e-05,-5.89952e-05
-0.000100916,-0.000102261,-0.000102441,-0.00010226,-0.000101096,-9.84704e-05,-9.39606e-05,-8.73074e-05,-7.87856e-05,-6.87804e-05,-5.7633e-05
-9.86799e-05,-9.99325e-05,-0.000100122,-9.99737e-05,-9.88665e-05,-9.63077e-05,-9.18931e-05,-8.539e-05,-7.70281e-05,-6.72263e-05,-5.63038e-05
-9.648e-05,-9.76522e-05,-9.7867e-05,-9.7732e-05,-9.66619e-05,-9.41791e-05,-8.9886e-05,-8.34748e-05,-7.53205e-05,-6.57003e-05,-5.50098e-05
-9.4299e-05,-9.54179e-05,-9.56216e-05,-9.55284e-05,-9.45051e-05,-9.20916e-05,-8.78787e-05,-8.16301e-05,-7.36208e-05,-6.4203e-05,-5.37181e-05
-9.22419e-05,-9.3255e-05,-9.34818e-05,-9.34086e-05,-9.24396e-05,-9.00891e-05,-8.59766e-05,-7.98423e-05,-7.20017e-05,-6.27552e-05,-5.2478e-05
-9.02323e-05,-9.11942e-05,-9.14274e-05,-9.13699e-05,-9.04416e-05,-8.81586e-05,-8.41379e-05,-7.81165e-05,-7.04371e-05,-6.1372e-05,-5.12945e-05
-8.82962e-05,-8.91493e-05,-8.94189e-05,-8.94011e-05,-8.84859e-05,-8.62857e-05,-8.23441e-05,-7.64366e-05,-6.89211e-05,-6.00131e-05,-5.01472e-05
-8.63701e-05,-8.71701e-05,-8.74685e-05,-8.74589e-05,-8.65961e-05,-8.44417e-05,-8.05961e-05,-7.48177e-05,-6.74317e-05,-5.86897e-05,-4.90133e-05
-8.4388e-05,-8.51767e-05,-8.54236e-05,-8.54399e-05,-8.46296e-05,-8.25126e-05,-7.87614e-05,-7.3104e-05,-6.58789e-05,-5.73302e-05,-4.78345e-05
-8.25657e-05,-8.32396e-05,-8.35421e-05,-8.35856e-05,-8.27948e-05,-8.07395e-05,-7.70688e-05,-7.15231e-05,-6.44492e-05,-5.60568e-05,-4.67459e-05
-8.07253e-05,-8.13728e-05,-8.16691e-05,-8.17221e-05,-8.09749e-05,-7.89797e-05,-7.53851e-05,-6.99481e-05,-6.30194e-05,-5.47871e-05,-4.566e-05
-7.89661e-05,-7.96099e-05,-7.98934e-05,-7.99653e-05,-7.92353e-05,-7.72971e-05,-7.37879e-05,-6.84472e-05,-6.16628e-05,-5.35904e-05,-4.46321e-05
-7.72554e-05,-7.78633e-05,-7.81563e-05,-7.82518e-05,-7.75533e-05,-7.56578e-05,-7.22249e-05,-6.69956e-05,-6.03388e-05,-5.24101e-05,-4.36278e-05
-7.55748e-05,-7.61459e-05,-7.64661e-05,-7.65739e-05,-7.59052e-05,-7.40612e-05,-7.07019e-05,-6.55694e-05,-5.9052e-05,-5.12642e-05,-4.26585e-05
-7.39362e-05,-7.44801e-05,-7.48086e-05,-7.49347e-05,-7.42755e-05,-7.24905e-05,-6.92044e-05,-6.41669e-05,-5.77716e-05,-5.01341e-05,-4.16942e-05
-7.23265e-05,-7.28034e-05,-7.31626e-05,-7.32994e-05,-7.26704e-05,-7.0929e-05,-6.77189e-05,-6.27719e-05,-5.65136e-05,-4.90225e-05,-4.07445e-05
-7.06902e-05,-7.12149e-05,-7.15513e-05,-7.17063e-05,-7.11095e-05,-6.94065e-05,-6.62668e-05,-6.14171e-05,-5.52803e-05,-4.79444e-05,-3.98148e-05
-6.92007e-05,-6.97e-05,-7.00562e-05,-7.02114e-05,-6.96378e-05,-6.7987e-05,-6.49125e-05,-6.01494e-05,-5.41395e-05,-4.69274e-05,-3.89457e-05
-6.76708e-05,-6.81896e-05,-6.85164e-05,-6.86925e-05,-6.81548e-05,-6.65397e-05,-6.3522e-05,-5.88519e-05,-5.29601e-05,-4.58993e-05,-3.80601e-05
-6.61709e-05,-6.66452e-05,-6.70149e-05,-6.71843e-05,-6.6671e-05,-6.51075e-05,-6.21555e-05,-5.75743e-05,-5.18077e-05,-4.48686e-05,-3.71904e-05
-6.47569e-05,-6.5219e-05,-6.561e-05,-6.57902e-05,-6.52971e-05,-6.37646e-05,-6.08776e-05,-5.63807e-05,-5.07201e-05,-4.39113e-05,-3.63769e-05
-6.33961e-05,-6.387e-05,-6.42249e-05,-6.44187e-05,-6.39491e-05,-6.24566e-05,-5.96222e-05,-5.52108e-05,-4.96678e-05,-4.29775e-05,-3.55786e-05
-6.19757e-05,-6.24471e-05,-6.2836e-05,-6.30388e-05,-6.25785e-05,-6.11245e-05,-5.83643e-05,-5.40272e-05,-4.85886e-05,-4.20253e-05,-3.47782e-05
-6.06164e-05,-6.10827e-05,-6.14684e-05,-6.16844e-05,-6.12453e-05,-5.98278e-05,-5.71213e-05,-5.28667e-05,-4.75432e-05,-4.11043e-05,-3.39878e-05
-5.933e-05,-5.98137e-05,-6.01913e-05,-6.04126e-05,-5.99958e-05,-5.86109e-05,-5.59632e-05,-5.1779e-05,-4.65469e-05,-4.02375e-05,-3.32465e-05
-5.80363e-05,-5.85235e-05,-5.89086e-05,-5.91309e-05,-5.87333e-05,-5.73874e-05,-5.47912e-05,-5.06855e-05,-4.55608e-05,-3.93631e-05,-3.25099e-05
-5.67757e-05,-5.72462e-05,-5.76411e-05,-5.78752e-05,-5.74916e-05,-5.61755e-05,-5.36355e-05,-4.96083e-05,-4.45872e-05,-3.85011e-05,-3.17766e-05
-5.55867e-05,-5.60652e-05,-5.64578e-05,-5.6703e-05,-5.63376e-05,-5.50476e-05,-5.25656e-05,-4.86048e-05,-4.36852e-05,-3.77078e-05,-3.10968e-05
-5.44062e-05,-5.48622e-05,-5.5259e-05,-5.55014e-05,-5.51477e-05,-5.38965e-05,-5.14602e-05,-4.75732e-05,-4.27482e-05,-3.6876e-05,-3.04003e-05
-5.32211e-05,-5.36993e-05,-5.41039e-05,-5.43526e-05,-5.40166e-05,-5.27958e-05,-5.04068e-05,-4.65883e-05,-4.18557e-05,-3.60926e-05,-2.97335e-05
-5.21191e-05,-5.25528e-05,-5.29976e-05,-5.3244e-05,-5.29295e-05,-5.17355e-05,-4.93931e-05,-4.56444e-05,-4.0993e-05,-3.53357e-05,-2.90952e-05
-5.10233e-05,-5.14706e-05,-5.19022e-05,-5.2162e-05,-5.1848e-05,-5.06801e-05,-4.83914e-05,-4.47035e-05,-4.01472e-05,-3.45964e-05,-2.84648e-05
-4.99466e-05,-5.03993e-05,-5.08192e-05,-5.10914e-05,-5.07926e-05,-4.96516e-05,-4.74098e-05,-4.37808e-05,-3.93166e-05,-3.38718e-05,-2.78416e-05
-4.88827e-05,-4.93187e-05,-4.97595e-05,-5.00202e-05,-4.97404e-05,-4.86277e-05,-4.64292e-05,-4.28706e-05,-3.84879e-05,-3.31353e-05,-2.72279e-05
-4.78595e-05,-4.82929e-05,-4.87213e-05,-4.89914e-05,-4.87219e-05,-4.76383e-05,-4.548e-05,-4.19843e-05,-3.76857e-05,-3.24317e-05,-2.66331e-05
-4.6848e-05,-4.72812e-05,-4.77155e-05,-4.79838e-05,-4.7731e-05,-4.66699e-05,-4.45574e-05,-4.11222e-05,-3.69035e-05,-3.17442e-05,-2.60508e-05
-4.58762e-05,-4.63506e-05,-4.67535e-05,-4.7027e-05,-4.67807e-05,-4.57525e-05,-4.36734e-05,-4.02926e-05,-3.61589e-05,-3.10891e-05,-2.54916e-05
-4.49243e-05,-4.53493e-05,-4.5793e-05,-4.60719e-05,-4.58434e-05,-4.48278e-05,-4.27926e-05,-3.94751e-05,-3.54157e-05,-3.04389e-05,-2.49457e-05
-4.39857e-05,-4.44074e-05,-4.48585e-05,-4.51324e-05,-4.49109e-05,-4.39251e-05,-4.19311e-05,-3.86672e-05,-3.468e-05,-2.97923e-05,-2.44029e-05
-4.31011e-05,-4.3472e-05,-4.39451e-05,-4.42236e-05,-4.40205e-05,-4.30555e-05,-4.10918e-05,-3.78886e-05,-3.39767e-05,-2.91759e-05,-2.38795e-05
-4.21993e-05,-4.26131e-05,-4.30553e-05,-4.33324e-05,-4.31311e-05,-4.21887e-05,-4.02738e-05,-3.71186e-05,-3.32765e-05,-2.85683e-05,-2.33664e-05
-4.13201e-05,-4.17191e-05,-4.21719e-05,-4.24543e-05,-4.22632e-05,-4.13398e-05,-3.94568e-05,-3.63602e-05,-3.25947e-05,-2.79669e-05,-2.28554e-05
-4.04778e-05,-4.08232e-05,-4.13277e-05,-4.16154e-05,-4.14372e-05,-4.05303e-05,-3.86835e-05,-3.56372e-05,-3.19378e-05,-2.73948e-05,-2.23739e-05
-3.96522e-05,-4.00563e-05,-4.05011e-05,-4.07773e-05,-4.0607e-05,-3.97276e-05,-3.79133e-05,-3.49172e-05,-3.12863e-05,-2.68218e-05,-2.18957e-05
-3.88508e-05,-3.92707e-05,-3.96935e-05,-3.99688e-05,-3.98021e-05,-3.8942e-05,-3.7166e-05,-3.42218e-05,-3.06565e-05,-2.62691e-05,-2.14326e-05
-3.80462e-05,-3.84253e-05,-3.88972e-05,-3.91841e-05,-3.90257e-05,-3.81765e-05,-3.64357e-05,-3.35416e-05,-3.00345e-05,-2.57272e-05,-2.09773e-05
-3.72792e-05,-3.76639e-05,-3.81229e-05,-3.84049e-05,-3.82557e-05,-3.74271e-05,-3.57163e-05,-3.28714e-05,-2.94262e-05,-2.51973e-05,-2.05288e-05
-3.64963e-05,-3.68888e-05,-3.73544e-05,-3.76429e-05,-3.74976e-05,-3.66871e-05,-3.50099e-05,-3.22113e-05,-2.88282e-05,-2.46767e-05,-2.00916e-05
-3.58083e-05,-3.61263e-05,-3.66134e-05,-3.68931e-05,-3.67589e-05,-3.59691e-05,-3.43215e-05,-3.15667e-05,-2.82379e-05,-2.41711e-05,-1.96648e-05
-3.50753e-05,-3.54245e-05,-3.5894e-05,-3.61698e-05,-3.60414e-05,-3.52685e-05,-3.36509e-05,-3.09384e-05,-2.76899e-05,-2.36748e-05,-1.92498e-05
-3.43861e-05,-3.46924e-05,-3.51891e-05,-3.54561e-05,-3.53486e-05,-3.45931e-05,-3.30014e-05,-3.03423e-05,-2.71288e-05,-2.31989e-05,-1.88495e-05
-3.36732e-05,-3.40522e-05,-3.44845e-05,-3.47656e-05,-3.46478e-05,-3.39086e-05,-3.23477e-05,-2.97277e-05,-2.65795e-05,-2.27147e-05,-1.84442e-05
-3.30135e-05,-3.33444e-05,-3.38151e-05,-3.40845e-05,-3.39838e-05,-3.32588e-05,-3.17261e-05,-2.91534e-05,-2.60565e-05,-2.22611e-05,-1.80573e-05
-3.23484e-05,-3.26311e-05,-3.31437e-05,-3.34219e-05,-3.33166e-05,-3.26051e-05,-3.1102e-05,-2.85693e-05,-2.55088e-05,-2.17983e-05,-1.76767e-05
-3.17137e-05,-3.19947e-05,-3.25043e-05,-3.27662e-05,-3.26812e-05,-3.19833e-05,-3.05075e-05,-2.80155e-05,-2.50374e-05,-2.13623e-05,-1.73125e-05
-3.10876e-05,-3.13429e-05,-3.18728e-05,-3.21453e-05,-3.20541e-05,-3.13699e-05,-2.99219e-05,-2.74647e-05,-2.45295e-05,-2.09309e-05,-1.69512e-05
-3.04907e-05,-3.07717e-05,-3.12542e-05,-3.15138e-05,-3.14363e-05,-3.0768e-05,-2.93466e-05,-2.69373e-05,-2.40359e-05,-2.05108e-05,-1.66024e-05
-2.99052e-05,-3.01836e-05,-3.06513e-05,-3.09224e-05,-3.08389e-05,-3.01844e-05,-2.87844e-05,-2.64105e-05,-2.3583e-05,-2.0097e-05,-1.62558e-05
-2.9311e-05,-2.95778e-05,-3.00566e-05,-3.03188e-05,-3.02454e-05,-2.96051e-05,-2.82297e-05,-2.58947e-05,-2.31017e-05,-1.96909e-05,-1.59183e-05
-2.87405e-05,-2.90047e-05,-2.94816e-05,-2.97483e-05,-2.96718e-05,-2.90443e-05,-2.76922e-05,-2.53933e-05,-2.2675e-05,-1.9295e-05,-1.55913e-05
-2.81669e-05,-2.84277e-05,-2.8906e-05,-2.91645e-05,-2.91001e-05,-2.84847e-05,-2.7158e-05,-2.49e-05,-2.21999e-05,-1.89068e-05,-1.52657e-05
-2.76238e-05,-2.78812e-05,-2.83536e-05,-2.86167e-05,-2.85496e-05,-2.79446e-05,-2.66432e-05,-2.44201e-05,-2.17775e-05,-1.85284e-05,-1.49505e-05
-2.70784e-05,-2.73368e-05,-2.78198e-05,-2.80717e-05,-2.80154e-05,-2.74227e-05,-2.61435e-05,-2.39535e-05,-2.13291e-05,-1.81636e-05,-1.46464e-05
-2.65489e-05,-2.67952e-05,-2.72835e-05,-2.75414e-05,-2.74829e-05,-2.69025e-05,-2.56439e-05,-2.34915e-05,-2.0925e-05,-1.77988e-05,-1.43345e-05
-2.60693e-05,-2.62323e-05,-2.67718e-05,-2.70218e-05,-2.6972e-05,-2.64016e-05,-2.51668e-05,-2.30424e-05,-2.05335e-05,-1.74486e-05,-1.40479e-05
-2.55356e-05,-2.58334e-05,-2.62585e-05,-2.65084e-05,-2.64582e-05,-2.59e-05,-2.46856e-05,-2.26012e-05,-2.01172e-05,-1.70977e-05,-1.37574e-05
-2.50471e-05,-2.52569e-05,-2.5762e-05,-2.60072e-05,-2.59675e-05,-2.54186e-05,-2.42231e-05,-2.21728e-05,-1.97293e-05,-1.67632e-05,-1.34762e-05
-2.45484e-05,-2.47777e-05,-2.52819e-05,-2.55289e-05,-2.54825e-05,-2.49478e-05,-2.37724e-05,-2.17535e-05,-1.93321e-05,-1.64309e-05,-1.31991e-05
-2.41018e-05,-2.43241e-05,-2.48031e-05,-2.50405e-05,-2.50078e-05,-2.44785e-05,-2.33253e-05,-2.13356e-05,-1.89709e-05,-1.61069e-05,-1.29323e-05
-2.36293e-05,-2.3878e-05,-2.4338e-05,-2.45881e-05,-2.45426e-05,-2.40249e-05,-2.28906e-05,-2.09277e-05,-1.86076e-05,-1.57889e-05,-1.26715e-05
-2.32026e-05,-2.34046e-05,-2.38856e-05,-2.41168e-05,-2.40904e-05,-2.3581e-05,-2.24661e-05,-2.05448e-05,-1.82513e-05,-1.5481e-05,-1.24151e-05
-2.27881e-05,-2.29636e-05,-2.34349e-05,-2.36742e-05,-2.36402e-05,-2.31421e-05,-2.2045e-05,-2.01537e-05,-1.78963e-05,-1.5175e-05,-1.21619e-05
-2.23258e-05,-2.25136e-05,-2.3006e-05,-2.32333e-05,-2.32068e-05,-2.27201e-05,-2.16396e-05,-1.9781e-05,-1.75217e-05,-1.48816e-05,-1.19202e-05
-2.18997e-05,-2.21018e-05,-2.25713e-05,-2.28011e-05,-2.27753e-05,-2.22937e-05,-2.12341e-05,-1.94031e-05,-1.7217e-05,-1.4588e-05,-1.16746e-05
-2.14856e-05,-2.16868e-05,-2.21574e-05,-2.23738e-05,-2.23603e-05,-2.18883e-05,-2.08453e-05,-1.90376e-05,-1.68946e-05,-1.43061e-05,-1.14397e-05
-2.10921e-05,-2.12844e-05,-2.17513e-05,-2.19733e-05,-2.19528e-05,-2.14877e-05,-2.04625e-05,-1.86939e-05,-1.65532e-05,-1.40263e-05,-1.12115e-05
-2.06965e-05,-2.08735e-05,-2.13477e-05,-2.15631e-05,-2.15491e-05,-2.10935e-05,-2.00858e-05,-1.83404e-05,-1.62711e-05,-1.37562e-05,-1.0987e-05
-2.03118e-05,-2.04814e-05,-2.0955e-05,-2.1164e-05,-2.11555e-05,-2.07081e-05,-1.97177e-05,-1.80093e-05,-1.59492e-05,-1.34914e-05,-1.07681e-05
-1.99474e-05,-2.00994e-05,-2.05756e-05,-2.07795e-05,-2.07751e-05,-2.0334e-05,-1.93599e-05,-1.7673e-05,-1.56436e-05,-1.3232e-05,-1.05491e-05
-1.95539e-05,-1.97051e-05,-2.01975e-05,-2.04024e-05,-2.03981e-05,-1.99653e-05,-1.90062e-05,-1.73441e-05,-1.53563e-05,-1.29781e-05,-1.03431e-05
-1.92076e-05,-1.93591e-05,-1.98302e-05,-2.00349e-05,-2.00275e-05,-1.96028e-05,-1.8659e-05,-1.70221e-05,-1.50771e-05,-1.27266e-05,-1.01366e-05
-1.88527e-05,-1.89707e-05,-1.94697e-05,-1.96685e-05,-1.96664e-05,-1.92528e-05,-1.83212e-05,-1.67158e-05,-1.47607e-05,-1.24857e-05,-9.93779e-06
-1.85034e-05,-1.86486e-05,-1.91118e-05,-1.93101e-05,-1.93098e-05,-1.89002e-05,-1.7985e-05,-1.63967e-05,-1.4495e-05,-1.22399e-05,-9.73842e-06
-1.8174e-05,-1.8311e-05,-1.87684e-05,-1.898e-05,-1.89624e-05,-1.85602e-05,-1.76602e-05,-1.61006e-05,-1.42238e-05,-1.20062e-05,-9.54505e-06
-1.78293e-05,-1.79879e-05,-1.84326e-05,-1.86221e-05,-1.8625e-05,-1.82294e-05,-1.73436e-05,-1.58007e-05,-1.39621e-05,-1.17783e-05,-9.35698e-06
-1.75378e-05,-1.76464e-05,-1.80964e-05,-1.8298e-05,-1.82897e-05,-1.79004e-05,-1.70292e-05,-1.55196e-05,-1.36964e-05,-1.15514e-05,-9.17165e-06
-1.71884e-05,-1.7314e-05,-1.77742e-05,-1.79615e-05,-1.79626e-05,-1.75804e-05,-1.67225e-05,-1.52349e-05,-1.34182e-05,-1.1332e-05,-8.99148e-06
-1.68792e-05,-1.70031e-05,-1.74591e-05,-1.76464e-05,-1.76473e-05,-1.72701e-05,-1.64265e-05,-1.49641e-05,-1.31943e-05,-1.11189e-05,-8.81595e-06
-1.65854e-05,-1.66973e-05,-1.71474e-05,-1.73208e-05,-1.7334e-05,-1.69648e-05,-1.61339e-05,-1.46939e-05,-1.29497e-05,-1.09106e-05,-8.64349e-06
-1.62627e-05,-1.64133e-05,-1.68405e-05,-1.70291e-05,-1.70245e-05,-1.66603e-05,-1.58429e-05,-1.44192e-05,-1.27109e-05,-1.07003e-05,-8.47273e-06
-1.598e-05,-1.60883e-05,-1.65411e-05,-1.67123e-05,-1.67257e-05,-1.63655e-05,-1.55617e-05,-1.41677e-05,-1.24722e-05,-1.04978e-05,-8.30869e-06
-1.56923e-05,-1.57703e-05,-1.62478e-05,-1.64316e-05,-1.64309e-05,-1.60774e-05,-1.5284e-05,-1.39117e-05,-1.2219e-05,-1.03012e-05,-8.14643e-06
-1.54192e-05,-1.55683e-05,-1.59579e-05,-1.61257e-05,-1.61392e-05,-1.5793e-05,-1.50127e-05,-1.36632e-05,-1.20158e-05,-1.01065e-05,-7.98745e-06
-1.51453e-05,-1.53007e-05,-1.56786e-05,-1.58576e-05,-1.58587e-05,-1.55176e-05,-1.47491e-05,-1.34212e-05,-1.17971e-05,-9.91978e-06,-7.831e-06
-1.48732e-05,-1.50015e-05,-1.54038e-05,-1.55656e-05,-1.55807e-05,-1.52456e-05,-1.44875e-05,-1.3172e-05,-1.15613e-05,-9.73077e-06,-7.68137e-06
-1.46213e-05,-1.47587e-05,-1.5137e-05,-1.53097e-05,-1.53104e-05,-1.49833e-05,-1.42371e-05,-1.29501e-05,-1.13946e-05,-9.55353e-06,-7.5359e-06
-1.43454e-05,-1.44921e-05,-1.4866e-05,-1.50225e-05,-1.50397e-05,-1.47149e-05,-1.39815e-05,-1.2715e-05,-1.11592e-05,-9.37025e-06,-7.38538e-06
-1.40949e-05,-1.42334e-05,-1.46121e-05,-1.47835e-05,-1.47826e-05,-1.44615e-05,-1.37407e-05,-1.25014e-05,-1.09794e-05,-9.19592e-06,-7.24503e-06
-1.38534e-05,-1.39625e-05,-1.43544e-05,-1.45046e-05,-1.45225e-05,-1.42078e-05,-1.3497e-05,-1.22703e-05,-1.07573e-05,-9.0278e-06,-7.10514e-06
-1.35843e-05,-1.3739e-05,-1.41024e-05,-1.42651e-05,-1.4271e-05,-1.39616e-05,-1.32602e-05,-1.2045e-05,-1.0564e-05,-8.85806e-06,-6.96188e-06
-1.33648e-05,-1.34974e-05,-1.38576e-05,-1.40131e-05,-1.4024e-05,-1.37179e-05,-1.30304e-05,-1.18413e-05,-1.03698e-05,-8.69282e-06,-6.83483e-06
-1.31409e-05,-1.32674e-05,-1.36218e-05,-1.37749e-05,-1.37873e-05,-1.3487e-05,-1.28065e-05,-1.1638e-05,-1.01852e-05,-8.53514e-06,-6.70444e-06
-1.29146e-05,-1.29636e-05,-1.33881e-05,-1.35223e-05,-1.35524e-05,-1.32545e-05,-1.2587e-05,-1.14361e-05,-1.00211e-05,-8.37606e-06,-6.57737e-06
-1.26752e-05,-1.27238e-05,-1.31543e-05,-1.33067e-05,-1.33134e-05,-1.30238e-05,-1.23633e-05,-1.1231e-05,-9.81799e-06,-8.22183e-06,-6.44989e-06
-1.24513e-05,-1.25036e-05,-1.29273e-05,-1.30499e-05,-1.30857e-05,-1.28005e-05,-1.21493e-05,-1.1037e-05,-9.65019e-06,-8.07374e-06,-6.32783e-06
-1.2234e-05,-1.23092e-05,-1.27041e-05,-1.28551e-05,-1.28607e-05,-1.25795e-05,-1.19383e-05,-1.08403e-05,-9.4415e-06,-7.92051e-06,-6.20381e-06
-1.20247e-05,-1.20714e-05,-1.24868e-05,-1.26045e-05,-1.26415e-05,-1.23642e-05,-1.17345e-05,-1.06597e-05,-9.30362e-06,-7.7796e-06,-6.08838e-06
-1.1831e-05,-1.18713e-05,-1.22752e-05,-1.24082e-05,-1.24303e-05,-1.21549e-05,-1.1534e-05,-1.04683e-05,-9.15343e-06,-7.63124e-06,-5.97345e-06
-1.16097e-05,-1.16623e-05,-1.2065e-05,-1.21919e-05,-1.22163e-05,-1.19446e-05,-1.13343e-05,-1.02877e-05,-8.96742e-06,-7.49488e-06,-5.85796e-06
-1.14165e-05,-1.14689e-05,-1.18599e-05,-1.19876e-05,-1.20116e-05,-1.17441e-05,-1.11413e-05,-1.01015e-05,-8.81133e-06,-7.35705e-06,-5.74767e-06
-1.12112e-05,-1.12631e-05,-1.16622e-05,-1.17842e-05,-1.18067e-05,-1.15471e-05,-1.09501e-05,-9.9354e-06,-8.62605e-06,-7.22394e-06,-5.63799e-06
-1.10197e-05,-1.1056e-05,-1.14639e-05,-1.15908e-05,-1.16078e-05,-1.13503e-05,-1.07637e-05,-9.76677e-06,-8.49828e-06,-7.09184e-06,-5.53247e-06
-1.08304e-05,-1.08605e-05,-1.12687e-05,-1.13867e-05,-1.14125e-05,-1.11576e-05,-1.05807e-05,-9.60135e-06,-8.3667e-06,-6.95994e-06,-5.42941e-06
-1.06496e-05,-1.06943e-05,-1.10788e-05,-1.11958e-05,-1.12202e-05,-1.09696e-05,-1.04011e-05,-9.43497e-06,-8.19943e-06,-6.83814e-06,-5.32675e-06
-1.04691e-05,-1.05137e-05,-1.08934e-05,-1.10114e-05,-1.10347e-05,-1.07872e-05,-1.02264e-05,-9.2654e-06,-8.0823e-06,-6.71565e-06,-5.227e-06
-1.02925e-05,-1.03353e-05,-1.07086e-05,-1.08148e-05,-1.08475e-05,-1.06042e-05,-1.00513e-05,-9.11513e-06,-7.91186e-06,-6.59079e-06,-5.12723e-06
-1.01225e-05,-1.01481e-05,-1.05296e-05,-1.06404e-05,-1.06684e-05,-1.04265e-05,-9.88177e-06,-8.96618e-06,-7.74858e-06,-6.47109e-06,-5.03202e-06
-9.95045e-06,-9.99486e-06,-1.03579e-05,-1.04626e-05,-1.04902e-05,-1.02534e-05,-9.71791e-06,-8.812e-06,-7.65876e-06,-6.35475e-06,-4.93935e-06
-9.77365e-06,-9.8136e-06,-1.01793e-05,-1.02887e-05,-1.03141e-05,-1.00811e-05,-9.55109e-06,-8.65921e-06,-7.50182e-06,-6.24144e-06,-4.84578e-06
-9.62649e-06,-9.65068e-06,-1.00141e-05,-1.01221e-05,-1.01468e-05,-9.91829e-06,-9.39393e-06,-8.5045e-06,-7.35021e-06,-6.12937e-06,-4.75682e-06
-9.46005e-06,-9.47903e-06,-9.8492e-06,-9.95284e-06,-9.97846e-06,-9.75231e-06,-9.23689e-06,-8.37039e-06,-7.24256e-06,-6.02174e-06,-4.66702e-06
-9.28847e-06,-9.32355e-06,-9.68323e-06,-9.78838e-06,-9.81202e-06,-9.58754e-06,-9.08102e-06,-8.22822e-06,-7.11568e-06,-5.91283e-06,-4.58103e-06
-9.14188e-06,-9.17565e-06,-9.52546e-06,-9.62709e-06,-9.65119e-06,-9.43267e-06,-8.93186e-06,-8.09248e-06,-7.01294e-06,-5.80525e-06,-4.49658e-06
-8.98218e-06,-9.01756e-06,-9.36382e-06,-9.46414e-06,-9.49105e-06,-9.27404e-06,-8.78095e-06,-7.95413e-06,-6.87011e-06,-5.70082e-06,-4.41164e-06
-8.83598e-06,-8.87698e-06,-9.21414e-06,-9.31058e-06,-9.33574e-06,-9.12092e-06,-8.63378e-06,-7.80999e-06,-6.72932e-06,-5.60044e-06,-4.32905e-06
-8.68253e-06,-8.72186e-06,-9.05856e-06,-9.15611e-06,-9.18149e-06,-8.97004e-06,-8.49088e-06,-7.68993e-06,-6.63452e-06,-5.49987e-06,-4.24953e-06
-8.52879e-06,-8.58546e-06,-8.91119e-06,-9.00594e-06,-9.03137e-06,-8.82322e-06,-8.35002e-06,-7.56169e-06,-6.51944e-06,-5.40258e-06,-4.17068e-06
-8.37747e-06,-8.44839e-06,-8.76288e-06,-8.85708e-06,-8.88163e-06,-8.67571e-06,-8.21168e-06,-7.43394e-06,-6.40646e-06,-5.30771e-06,-4.09281e-06
-8.2633e-06,-8.29279e-06,-8.62045e-06,-8.71267e-06,-8.738e-06,-8.53581e-06,-8.07571e-06,-7.31063e-06,-6.29658e-06,-5.21437e-06,-4.01814e-06
-8.12171e-06,-8.14242e-06,-8.48087e-06,-8.56431e-06,-8.59827e-06,-8.39805e-06,-7.94278e-06,-7.18114e-06,-6.19098e-06,-5.1229e-06,-3.94503e-06
-7.98552e-06,-8.0326e-06,-8.34001e-06,-8.42957e-06,-8.45541e-06,-8.2588e-06,-7.81124e-06,-7.06898e-06,-6.08097e-06,-5.03108e-06,-3.87148e-06
-7.86919e-06,-7.88406e-06,-8.20857e-06,-8.29015e-06,-8.32258e-06,-8.12837e-06,-7.68818e-06,-6.96702e-06,-6.00752e-06,-4.94966e-06,-3.8049e-06
-7.73665e-06,-7.76494e-06,-8.07461e-06,-8.162e-06,-8.18626e-06,-7.99847e-06,-7.5597e-06,-6.83488e-06,-5.87617e-06,-4.85775e-06,-3.73288e-06
-7.60104e-06,-7.63048e-06,-7.93981e-06,-8.02606e-06,-8.05164e-06,-7.86345e-06,-7.43351e-06,-6.72378e-06,-5.77397e-06,-4.77003e-06,-3.66249e-06
-7.47658e-06,-7.51012e-06,-7.81285e-06,-7.89814e-06,-7.92127e-06,-7.73711e-06,-7.3115e-06,-6.60462e-06,-5.67865e-06,-4.68727e-06,-3.59666e-06
-7.35662e-06,-7.4048e-06,-7.68646e-06,-7.77306e-06,-7.79573e-06,-7.61154e-06,-7.19501e-06,-6.50527e-06,-5.57947e-06,-4.60543e-06,-3.53174e-06
-7.22937e-06,-7.25511e-06,-7.5658e-06,-7.6474e-06,-7.67229e-06,-7.48986e-06,-7.07889e-06,-6.40044e-06,-5.48666e-06,-4.5261e-06,-3.46763e-06
-7.12241e-06,-7.15102e-06,-7.44227e-06,-7.52355e-06,-7.54754e-06,-7.36907e-06,-6.96228e-06,-6.29311e-06,-5.39194e-06,-4.44615e-06,-3.40234e-06
-6.99836e-06,-7.021e-06,-7.32573e-06,-7.41012e-06,-7.43179e-06,-7.25295e-06,-6.85097e-06,-6.1972e-06,-5.28159e-06,-4.3688e-06,-3.34286e-06
-6.90486e-06,-6.93871e-06,-7.20825e-06,-7.2858e-06,-7.31117e-06,-7.13708e-06,-6.74054e-06,-6.082e-06,-5.21553e-06,-4.2936e-06,-3.28142e-06
-6.77569e-06,-6.81316e-06,-7.08805e-06,-7.1685e-06,-7.19227e-06,-7.01831e-06,-6.62934e-06,-5.98886e-06,-5.1234e-06,-4.21748e-06,-3.2206e-06
-6.6738e-06,-6.70667e-06,-6.97817e-06,-7.05495e-06,-7.0787e-06,-6.90806e-06,-6.52316e-06,-5.89099e-06,-5.03752e-06,-4.14458e-06,-3.16292e-06
-6.55004e-06,-6.59477e-06,-6.86665e-06,-6.94386e-06,-6.96747e-06,-6.79861e-06,-6.41813e-06,-5.79558e-06,-4.95321e-06,-4.07317e-06,-3.10597e-06
-6.45418e-06,-6.50212e-06,-6.7574e-06,-6.83286e-06,-6.855e-06,-6.69067e-06,-6.31472e-06,-5.70017e-06,-4.86905e-06,-4.00213e-06,-3.04976e-06
-6.3532e-06,-6.39201e-06,-6.65019e-06,-6.72637e-06,-6.74693e-06,-6.58375e-06,-6.21463e-06,-5.60037e-06,-4.79119e-06,-3.93426e-06,-2.99526e-06
