1.51628e-05,1.54993e-05,1.61226e-05,1.70659e-05,1.83129e-05,1.98393e-05,2.15561e-05,2.33277e-05,2.4993e-05,2.63704e-05,2.72877e-05
1.3861e-05,1.41677e-05,1.47311e-05,1.55773e-05,1.67069e-05,1.80854e-05,1.96326e-05,2.1215e-05,2.26847e-05,2.38698e-05,2.46194e-05
1.26645e-05,1.29351e-05,1.34408e-05,1.42118e-05,1.52291e-05,1.6479e-05,1.78661e-05,1.9284e-05,2.05773e-05,2.1598e-05,2.22096e-05
1.14742e-05,1.17174e-05,1.21766e-05,1.28653e-05,1.37807e-05,1.49015e-05,1.6142e-05,1.73975e-05,1.8522e-05,1.93874e-05,1.98684e-05
1.04985e-05,1.07192e-05,1.11373e-05,1.17656e-05,1.25979e-05,1.36154e-05,1.47356e-05,1.58623e-05,1.68565e-05,1.76044e-05,1.79926e-05
9.66106e-06,9.86337e-06,1.02465e-05,1.08258e-05,1.15867e-05,1.25181e-05,1.35345e-05,1.45538e-05,1.54446e-05,1.60983e-05,1.64177e-05
8.81868e-06,9.00364e-06,9.35264e-06,9.88041e-06,1.05748e-05,1.14188e-05,1.23378e-05,1.32508e-05,1.40358e-05,1.46006e-05,1.48535e-05
8.09372e-06,8.26442e-06,8.58458e-06,9.06944e-06,9.70612e-06,1.04772e-05,1.13122e-05,1.21366e-05,1.28377e-05,1.33314e-05,1.35361e-05
7.43215e-06,7.59024e-06,7.8847e-06,8.3304e-06,8.91515e-06,9.62074e-06,1.03809e-05,1.11267e-05,1.17548e-05,1.21883e-05,1.23548e-05
6.83709e-06,6.98382e-06,7.25599e-06,7.66591e-06,8.20455e-06,8.85188e-06,9.54649e-06,1.02233e-05,1.07883e-05,1.11715e-05,1.13084e-05
6.27883e-06,6.41525e-06,6.66625e-06,7.04398e-06,7.53915e-06,8.13336e-06,8.76782e-06,9.38261e-06,9.89232e-06,1.02319e-05,1.03451e-05
5.78145e-06,5.9079e-06,6.1414e-06,6.48906e-06,6.94681e-06,7.49389e-06,8.07594e-06,8.63678e-06,9.09892e-06,9.40252e-06,9.49852e-06
5.30743e-06,5.42487e-06,5.64066e-06,5.96151e-06,6.38225e-06,6.8852e-06,7.41952e-06,7.93146e-06,8.3512e-06,8.6238e-06,8.70586e-06
4.88203e-06,4.99204e-06,5.19144e-06,5.48846e-06,5.87684e-06,6.34091e-06,6.83281e-06,7.30257e-06,7.68556e-06,7.9329e-06,8.00488e-06
4.48501e-06,4.5866e-06,4.7721e-06,5.04627e-06,5.40504e-06,5.83283e-06,6.28679e-06,6.71848e-06,7.07009e-06,7.29555e-06,7.36054e-06
4.13257e-06,4.22698e-06,4.39903e-06,4.65419e-06,4.98624e-06,5.38299e-06,5.80334e-06,6.20233e-06,6.5281e-06,6.73531e-06,6.79546e-06
3.80318e-06,3.89163e-06,4.0516e-06,4.28858e-06,4.59715e-06,4.96395e-06,5.3554e-06,5.72556e-06,6.02681e-06,6.21952e-06,6.27568e-06
3.48323e-06,3.56519e-06,3.71429e-06,3.93275e-06,4.21827e-06,4.55873e-06,4.9206e-06,5.26396e-06,5.5438e-06,5.72414e-06,5.77831e-06
3.19905e-06,3.27561e-06,3.41369e-06,3.61673e-06,3.88212e-06,4.19862e-06,4.53588e-06,4.85614e-06,5.11751e-06,5.28738e-06,5.34088e-06
2.94084e-06,3.0121e-06,3.14115e-06,3.33002e-06,3.57683e-06,3.87275e-06,4.18768e-06,4.48816e-06,4.73362e-06,4.89523e-06,4.94812e-06
2.69423e-06,2.76033e-06,2.87986e-06,3.05561e-06,3.28588e-06,3.56123e-06,3.85624e-06,4.13799e-06,4.36985e-06,4.52399e-06,4.57723e-06
2.47495e-06,2.5378e-06,2.64792e-06,2.81331e-06,3.02771e-06,3.28699e-06,3.5633e-06,3.82991e-06,4.04914e-06,4.19833e-06,4.25142e-06
2.26455e-06,2.32082e-06,2.42378e-06,2.57836e-06,2.77942e-06,3.02027e-06,3.2811e-06,3.5325e-06,3.74173e-06,3.88457e-06,3.93995e-06
2.07826e-06,2.13022e-06,2.22764e-06,2.36929e-06,2.55626e-06,2.78373e-06,3.03063e-06,3.26863e-06,3.46954e-06,3.60899e-06,3.66377e-06
1.90076e-06,1.9475e-06,2.03615e-06,2.16998e-06,2.34484e-06,2.55771e-06,2.79043e-06,3.01732e-06,3.20897e-06,3.34433e-06,3.402e-06
1.72297e-06,1.76635e-06,1.84773e-06,1.96985e-06,2.13317e-06,2.33213e-06,2.55166e-06,2.7663e-06,2.95062e-06,3.08242e-06,3.14109e-06
1.58294e-06,1.62351e-06,1.69808e-06,1.81131e-06,1.96539e-06,2.15221e-06,2.36022e-06,2.5657e-06,2.74423e-06,2.87283e-06,2.93291e-06
1.44285e-06,1.47785e-06,1.54583e-06,1.64997e-06,1.79172e-06,1.96813e-06,2.16537e-06,2.36171e-06,2.5334e-06,2.65982e-06,2.72168e-06
1.3193e-06,1.35026e-06,1.41138e-06,1.506e-06,1.63782e-06,1.80303e-06,1.98998e-06,2.1779e-06,2.34443e-06,2.4687e-06,2.53214e-06
1.21361e-06,1.24089e-06,1.29533e-06,1.37963e-06,1.5019e-06,1.65678e-06,1.83517e-06,2.01486e-06,2.17681e-06,2.29936e-06,2.36287e-06
1.10915e-06,1.13163e-06,1.17807e-06,1.25389e-06,1.365e-06,1.50947e-06,1.67741e-06,1.8501e-06,2.00694e-06,2.12735e-06,2.19384e-06
1.0184e-06,1.03647e-06,1.07436e-06,1.13994e-06,1.23984e-06,1.37373e-06,1.53271e-06,1.69787e-06,1.84992e-06,1.96876e-06,2.03663e-06
9.43534e-07,9.56824e-07,9.86392e-07,1.04147e-06,1.13015e-06,1.25344e-06,1.40327e-06,1.56151e-06,1.7093e-06,1.82646e-06,1.89566e-06
8.80251e-07,8.88411e-07,9.0931e-07,9.5341e-07,1.03035e-06,1.1428e-06,1.2835e-06,1.43501e-06,1.57872e-06,1.69429e-06,1.76475e-06
8.30966e-07,8.33964e-07,8.46191e-07,8.79006e-07,9.43527e-07,1.04489e-06,1.17611e-06,1.3211e-06,1.4607e-06,1.57451e-06,1.64606e-06
7.87485e-07,7.85276e-07,7.8815e-07,8.08467e-07,8.59916e-07,9.49074e-07,1.07089e-06,1.2089e-06,1.34463e-06,1.45709e-06,1.52993e-06
7.57717e-07,7.50308e-07,7.43777e-07,7.51364e-07,7.88503e-07,8.64504e-07,9.75886e-07,1.10693e-06,1.23847e-06,1.3493e-06,1.42265e-06
7.3772e-07,7.25296e-07,7.0979e-07,7.04545e-07,7.26803e-07,7.88822e-07,8.89235e-07,1.01298e-06,1.14027e-06,1.24939e-06,1.32349e-06
7.25241e-07,7.08496e-07,6.84626e-07,6.6696e-07,6.73906e-07,7.21142e-07,8.10009e-07,9.26214e-07,1.04928e-06,1.15671e-06,1.23146e-06
7.19189e-07,6.98295e-07,6.66675e-07,6.37469e-07,6.29368e-07,6.61191e-07,7.37926e-07,8.46467e-07,9.64973e-07,1.07099e-06,1.14612e-06
7.22964e-07,6.98492e-07,6.60059e-07,6.19277e-07,5.95414e-07,6.09955e-07,6.72161e-07,7.71236e-07,8.84652e-07,9.88206e-07,1.06348e-06
7.28856e-07,7.01502e-07,6.5743e-07,6.06903e-07,5.68442e-07,5.66011e-07,6.13375e-07,7.02901e-07,8.1113e-07,9.12545e-07,9.8796e-07
7.38749e-07,7.08881e-07,6.59936e-07,6.01007e-07,5.4919e-07,5.29681e-07,5.61313e-07,6.40381e-07,7.43057e-07,8.4219e-07,9.17536e-07
7.49953e-07,7.18471e-07,6.65626e-07,5.99758e-07,5.36309e-07,5.00386e-07,5.15309e-07,5.82964e-07,6.79585e-07,7.76262e-07,8.51374e-07
7.62352e-07,7.29336e-07,6.73388e-07,6.01834e-07,5.28213e-07,4.77309e-07,4.75711e-07,5.31439e-07,6.21934e-07,7.16114e-07,7.9023e-07
7.7716e-07,7.43055e-07,6.85149e-07,6.08909e-07,5.27064e-07,4.61441e-07,4.42097e-07,4.83882e-07,5.66716e-07,6.57747e-07,7.3204e-07
7.92554e-07,7.57779e-07,6.97682e-07,6.1771e-07,5.28849e-07,4.51043e-07,4.14696e-07,4.41895e-07,5.16825e-07,6.04633e-07,6.78254e-07
8.04636e-07,7.69259e-07,7.08448e-07,6.26197e-07,5.31773e-07,4.43915e-07,3.9181e-07,4.04068e-07,4.70635e-07,5.55214e-07,6.26992e-07
8.1816e-07,7.8232e-07,7.20636e-07,6.36545e-07,5.38139e-07,4.41392e-07,3.74646e-07,3.71344e-07,4.28384e-07,5.09205e-07,5.82663e-07
8.30108e-07,7.94132e-07,7.31691e-07,6.46308e-07,5.44791e-07,4.41232e-07,3.61786e-07,3.4266e-07,3.89758e-07,4.66752e-07,5.39514e-07
8.42397e-07,8.06289e-07,7.43766e-07,6.57515e-07,5.53775e-07,4.44589e-07,3.53654e-07,3.18927e-07,3.54569e-07,4.269e-07,4.98623e-07
8.528e-07,8.17058e-07,7.54585e-07,6.67696e-07,5.62104e-07,4.49132e-07,3.48856e-07,2.98913e-07,3.22717e-07,3.89992e-07,4.58915e-07
8.61633e-07,8.2584e-07,7.63175e-07,6.76649e-07,5.70259e-07,4.5382e-07,3.4649e-07,2.83168e-07,2.94822e-07,3.57022e-07,4.24876e-07
8.7156e-07,8.3611e-07,7.73692e-07,6.87127e-07,5.79836e-07,4.61628e-07,3.47604e-07,2.71391e-07,2.6896e-07,3.24644e-07,3.90419e-07
8.79437e-07,8.44167e-07,7.82072e-07,6.95547e-07,5.88448e-07,4.68401e-07,3.50094e-07,2.62974e-07,2.46896e-07,2.9582e-07,3.59751e-07
8.84688e-07,8.49804e-07,7.87971e-07,7.02033e-07,5.94954e-07,4.73915e-07,3.5225e-07,2.562e-07,2.27323e-07,2.69556e-07,3.31978e-07
8.90292e-07,8.55746e-07,7.94571e-07,7.09013e-07,6.02429e-07,4.81178e-07,3.5698e-07,2.5355e-07,2.11813e-07,2.45936e-07,3.05833e-07
8.95231e-07,8.61019e-07,8.00301e-07,7.15471e-07,6.09358e-07,4.88076e-07,3.62099e-07,2.52471e-07,1.98298e-07,2.23317e-07,2.80972e-07
8.98807e-07,8.64966e-07,8.0482e-07,7.20755e-07,6.15342e-07,4.94349e-07,3.67432e-07,2.53179e-07,1.87981e-07,2.0353e-07,2.58473e-07
9.00738e-07,8.6721e-07,8.0779e-07,7.24727e-07,6.20081e-07,4.99419e-07,3.7196e-07,2.54416e-07,1.79743e-07,1.85951e-07,2.38268e-07
9.0159e-07,8.68528e-07,8.09873e-07,7.2733e-07,6.23545e-07,5.04036e-07,3.76664e-07,2.56228e-07,1.73802e-07,1.70652e-07,2.16863e-07
9.03716e-07,8.7105e-07,8.12786e-07,7.31237e-07,6.28455e-07,5.09603e-07,3.82282e-07,2.6031e-07,1.70356e-07,1.5613e-07,2.0135e-07
9.04118e-07,8.71893e-07,8.14332e-07,7.33635e-07,6.31917e-07,5.13979e-07,3.87295e-07,2.643e-07,1.68738e-07,1.44285e-07,1.85225e-07
9.03356e-07,8.71563e-07,8.14577e-07,7.34928e-07,6.34147e-07,5.17285e-07,3.91435e-07,2.67905e-07,1.68088e-07,1.34367e-07,1.70962e-07
9.02696e-07,8.71297e-07,8.15111e-07,7.36206e-07,6.3663e-07,5.20884e-07,3.95809e-07,2.72134e-07,1.68835e-07,1.25858e-07,1.57176e-07
9.02929e-07,8.71855e-07,8.16226e-07,7.37973e-07,6.39109e-07,5.24516e-07,4.00215e-07,2.76654e-07,1.70729e-07,1.18736e-07,1.44152e-07
8.98494e-07,8.67951e-07,8.13091e-07,7.36084e-07,6.38851e-07,5.25268e-07,4.02377e-07,2.7958e-07,1.72036e-07,1.14341e-07,1.34702e-07
8.96264e-07,8.66181e-07,8.11957e-07,7.35824e-07,6.39541e-07,5.2747e-07,4.05737e-07,2.83358e-07,1.74684e-07,1.10259e-07,1.24192e-07
8.92785e-07,8.63226e-07,8.09715e-07,7.34435e-07,6.39261e-07,5.28574e-07,4.07954e-07,2.8639e-07,1.77198e-07,1.07808e-07,1.15803e-07
8.89997e-07,8.60631e-07,8.07861e-07,7.3344e-07,6.39455e-07,5.29831e-07,4.10672e-07,2.90085e-07,1.80436e-07,1.06406e-07,1.07315e-07
8.86256e-07,8.57191e-07,8.05225e-07,7.3157e-07,6.38836e-07,5.30403e-07,4.1256e-07,2.93076e-07,1.83454e-07,1.05982e-07,1.00374e-07
8.8196e-07,8.53302e-07,8.01929e-07,7.29448e-07,6.375e-07,5.30676e-07,4.14155e-07,2.95661e-07,1.86445e-07,1.06386e-07,9.47736e-08
8.77819e-07,8.49662e-07,7.98799e-07,7.27035e-07,6.36453e-07,5.30718e-07,4.15498e-07,2.98199e-07,1.89365e-07,1.06883e-07,8.86996e-08
8.73446e-07,8.45651e-07,7.95482e-07,7.24539e-07,6.34986e-07,5.3058e-07,4.16714e-07,3.00685e-07,1.92268e-07,1.07984e-07,8.3537e-08
8.68448e-07,8.41015e-07,7.91469e-07,7.21418e-07,6.32998e-07,5.29832e-07,4.1734e-07,3.02533e-07,1.94871e-07,1.09359e-07,7.94701e-08
8.62935e-07,8.35849e-07,7.86913e-07,7.17725e-07,6.30444e-07,5.28507e-07,4.17382e-07,3.0381e-07,1.97053e-07,1.10963e-07,7.65509e-08
8.57701e-07,8.30996e-07,7.82719e-07,7.14353e-07,6.28076e-07,5.27451e-07,4.17661e-07,3.05443e-07,1.99474e-07,1.12593e-07,7.31831e-08
8.51893e-07,8.2555e-07,7.77907e-07,7.10377e-07,6.25187e-07,5.25798e-07,4.17388e-07,3.0645e-07,2.01459e-07,1.143e-07,7.08585e-08
8.4596e-07,8.19965e-07,7.72941e-07,7.06222e-07,6.22097e-07,5.23945e-07,4.1687e-07,3.07245e-07,2.03243e-07,1.16021e-07,6.89885e-08
8.39609e-07,8.13996e-07,7.67557e-07,7.017e-07,6.18625e-07,5.21734e-07,4.16012e-07,3.0772e-07,2.0478e-07,1.17669e-07,6.75765e-08
8.33146e-07,8.07872e-07,7.62049e-07,6.96996e-07,6.14976e-07,5.19317e-07,4.14888e-07,3.07913e-07,2.06064e-07,1.19239e-07,6.65816e-08
8.26394e-07,8.01494e-07,7.5627e-07,6.92044e-07,6.11062e-07,5.16616e-07,4.13578e-07,3.0794e-07,2.07205e-07,1.20754e-07,6.58864e-08
8.1972e-07,7.95149e-07,7.50475e-07,6.87074e-07,6.07141e-07,5.13914e-07,4.12156e-07,3.07824e-07,2.08197e-07,1.22182e-07,6.53533e-08
8.12493e-07,7.8823e-07,7.44179e-07,6.81603e-07,6.02695e-07,5.10664e-07,4.10262e-07,3.07263e-07,2.08797e-07,1.23437e-07,6.52635e-08
8.05149e-07,7.81284e-07,7.37784e-07,6.76027e-07,5.98146e-07,5.07373e-07,4.08237e-07,3.06601e-07,2.09327e-07,1.24595e-07,6.52805e-08
7.97777e-07,7.74226e-07,7.31318e-07,6.70367e-07,5.93534e-07,5.03878e-07,4.06102e-07,3.05759e-07,2.09673e-07,1.25653e-07,6.54026e-08
7.90207e-07,7.67015e-07,7.24687e-07,6.64549e-07,5.88726e-07,5.00326e-07,4.03787e-07,3.0482e-07,2.09901e-07,1.26624e-07,6.56225e-08
7.82304e-07,7.59436e-07,7.17703e-07,6.58368e-07,5.83566e-07,4.96345e-07,4.01166e-07,3.03502e-07,2.09829e-07,1.27408e-07,6.60185e-08
7.7444e-07,7.51912e-07,7.10729e-07,6.52164e-07,5.78381e-07,4.92348e-07,3.98423e-07,3.02098e-07,2.09637e-07,1.28065e-07,6.64986e-08
7.66434e-07,7.44252e-07,7.03672e-07,6.45925e-07,5.73118e-07,4.88232e-07,3.95604e-07,3.00545e-07,2.09297e-07,1.28636e-07,6.69749e-08
7.58167e-07,7.36296e-07,6.96293e-07,6.39321e-07,5.67522e-07,4.83822e-07,3.92466e-07,2.98771e-07,2.08769e-07,1.29058e-07,6.75092e-08
7.49715e-07,7.28152e-07,6.88686e-07,6.32546e-07,5.61759e-07,4.79231e-07,3.89186e-07,2.96796e-07,2.08033e-07,1.29323e-07,6.80295e-08
7.41363e-07,7.201e-07,6.81208e-07,6.25835e-07,5.56043e-07,4.74659e-07,3.85878e-07,2.94798e-07,2.07243e-07,1.29532e-07,6.8538e-08
7.32823e-07,7.11893e-07,6.73549e-07,6.18969e-07,5.50155e-07,4.69931e-07,3.82408e-07,2.9262e-07,2.06316e-07,1.29596e-07,6.90188e-08
7.24304e-07,7.03679e-07,6.65889e-07,6.12064e-07,5.44223e-07,4.65144e-07,3.7886e-07,2.9037e-07,2.05281e-07,1.29577e-07,6.94689e-08
7.15739e-07,6.9543e-07,6.5814e-07,6.0512e-07,5.38243e-07,4.6027e-07,3.75242e-07,2.88019e-07,2.04145e-07,1.29448e-07,6.98645e-08
7.06964e-07,6.86978e-07,6.50268e-07,5.98005e-07,5.32089e-07,4.55258e-07,3.71438e-07,2.85509e-07,2.0286e-07,1.292e-07,7.02309e-08
6.98111e-07,6.78435e-07,6.42256e-07,5.90758e-07,5.2581e-07,4.50108e-07,3.67528e-07,2.82869e-07,2.01446e-07,1.2885e-07,7.05161e-08
6.89317e-07,6.69963e-07,6.34309e-07,5.83552e-07,5.19568e-07,4.44963e-07,3.63589e-07,2.80184e-07,1.99976e-07,1.28433e-07,7.07586e-08
6.8058e-07,6.61515e-07,6.2639e-07,5.76396e-07,5.13316e-07,4.39801e-07,3.59628e-07,2.77463e-07,1.98435e-07,1.27912e-07,7.09344e-08
6.71678e-07,6.52901e-07,6.18284e-07,5.69031e-07,5.06894e-07,4.34483e-07,3.5551e-07,2.746e-07,1.96778e-07,1.27328e-07,7.10642e-08
6.6286e-07,6.44357e-07,6.10281e-07,5.61773e-07,5.00547e-07,4.29222e-07,3.51423e-07,2.71717e-07,1.95068e-07,1.26657e-07,7.11268e-08
6.54126e-07,6.35918e-07,6.02337e-07,5.54519e-07,4.94211e-07,4.23962e-07,3.47298e-07,2.68822e-07,1.93339e-07,1.25924e-07,7.117e-08
6.45163e-07,6.27293e-07,5.94243e-07,5.47181e-07,4.87757e-07,4.1857e-07,3.43072e-07,2.658e-07,1.91475e-07,1.25123e-07,7.10961e-08
6.36234e-07,6.18631e-07,5.86068e-07,5.39714e-07,4.81242e-07,4.13084e-07,3.38762e-07,2.6269e-07,1.89549e-07,1.24235e-07,7.10018e-08
6.27517e-07,6.10189e-07,5.78141e-07,5.32488e-07,4.74874e-07,4.07738e-07,3.34556e-07,2.59651e-07,1.87627e-07,1.2333e-07,7.08573e-08
6.18823e-07,6.0176e-07,5.70165e-07,5.25204e-07,4.6844e-07,4.02339e-07,3.30236e-07,2.56522e-07,1.85655e-07,1.22403e-07,7.07182e-08
6.10241e-07,5.93398e-07,5.62313e-07,5.18014e-07,4.62103e-07,3.97027e-07,3.26014e-07,2.53429e-07,1.83658e-07,1.21407e-07,7.04724e-08
6.01521e-07,5.84989e-07,5.54384e-07,5.10805e-07,4.55703e-07,3.9165e-07,3.217e-07,2.50286e-07,1.81615e-07,1.20341e-07,7.01919e-08
5.9259e-07,5.76378e-07,5.46253e-07,5.03331e-07,4.49203e-07,3.86122e-07,3.17337e-07,2.47026e-07,1.79461e-07,1.19143e-07,6.97715e-08
5.83882e-07,5.67919e-07,5.38295e-07,4.96068e-07,4.42767e-07,3.80666e-07,3.1297e-07,2.4379e-07,1.77293e-07,1.17983e-07,6.93877e-08
5.75419e-07,5.59745e-07,5.30554e-07,4.8899e-07,4.36535e-07,3.7536e-07,3.08743e-07,2.40617e-07,1.75201e-07,1.16807e-07,6.89859e-08
5.66945e-07,5.51487e-07,5.22789e-07,4.81871e-07,4.30226e-07,3.70027e-07,3.0442e-07,2.3742e-07,1.73028e-07,1.15618e-07,6.85322e-08
5.58566e-07,5.43348e-07,5.15115e-07,4.74844e-07,4.24001e-07,3.64754e-07,3.00158e-07,2.34215e-07,1.70859e-07,1.14359e-07,6.80593e-08
5.50048e-07,5.35122e-07,5.07341e-07,4.67735e-07,4.17682e-07,3.59388e-07,2.958e-07,2.30943e-07,1.68625e-07,1.13081e-07,6.75384e-08
5.41659e-07,5.2697e-07,4.9963e-07,4.60645e-07,4.11389e-07,3.5403e-07,2.91486e-07,2.27674e-07,1.6639e-07,1.11781e-07,6.69897e-08
5.33462e-07,5.19033e-07,4.92129e-07,4.53763e-07,4.05304e-07,3.48807e-07,2.87292e-07,2.24473e-07,1.64203e-07,1.10478e-07,6.643e-08
5.25369e-07,5.11195e-07,4.84714e-07,4.46949e-07,3.99238e-07,3.43691e-07,2.83065e-07,2.2129e-07,1.62013e-07,1.09179e-07,6.58581e-08
5.17018e-07,5.03058e-07,4.77043e-07,4.39902e-07,3.92971e-07,3.38301e-07,2.78718e-07,2.17984e-07,1.59689e-07,1.07791e-07,6.52111e-08
5.09186e-07,4.95458e-07,4.69834e-07,4.333e-07,3.87092e-07,3.33302e-07,2.74644e-07,2.14863e-07,1.57525e-07,1.06475e-07,6.45832e-08
5.01158e-07,4.87676e-07,4.6252e-07,4.26567e-07,3.81115e-07,3.28167e-07,2.70446e-07,2.11681e-07,1.55286e-07,1.05089e-07,6.39326e-08
4.93623e-07,4.80381e-07,4.556e-07,4.20207e-07,3.75421e-07,3.23356e-07,2.66562e-07,2.08693e-07,1.53205e-07,1.03805e-07,6.33123e-08
4.85517e-07,4.72449e-07,4.48121e-07,4.13297e-07,3.69315e-07,3.181e-07,2.62247e-07,2.05379e-07,1.5085e-07,1.02366e-07,6.25855e-08
4.77873e-07,4.65107e-07,4.41107e-07,4.06882e-07,3.63602e-07,3.13178e-07,2.58205e-07,2.02283e-07,1.48667e-07,1.01004e-07,6.19113e-08
4.70253e-07,4.57657e-07,4.34088e-07,4.00433e-07,3.57858e-07,3.08207e-07,2.54178e-07,1.99168e-07,1.46451e-07,9.96121e-08,6.11939e-08
4.62794e-07,4.50441e-07,4.27262e-07,3.94128e-07,3.52217e-07,3.03427e-07,2.5022e-07,1.96115e-07,1.44294e-07,9.82401e-08,6.05039e-08
4.55192e-07,4.43036e-07,4.20272e-07,3.87719e-07,3.46496e-07,2.9849e-07,2.4617e-07,1.92999e-07,1.42049e-07,9.682e-08,5.97433e-08
4.48058e-07,4.36098e-07,4.13699e-07,3.81654e-07,3.41073e-07,2.93879e-07,2.4238e-07,1.90057e-07,1.39964e-07,9.55008e-08,5.90438e-08
4.40598e-07,4.28848e-07,4.06839e-07,3.75328e-07,3.35458e-07,2.89004e-07,2.38395e-07,1.8697e-07,1.37741e-07,9.40786e-08,5.82838e-08
4.33687e-07,4.22162e-07,4.0051e-07,3.69474e-07,3.30228e-07,2.84516e-07,2.34698e-07,1.84118e-07,1.35701e-07,9.27591e-08,5.75941e-08
4.26632e-07,4.15277e-07,3.93974e-07,3.63492e-07,3.24888e-07,2.79917e-07,2.30912e-07,1.81186e-07,1.3358e-07,9.13994e-08,5.68383e-08
4.19599e-07,4.08423e-07,3.87509e-07,3.5752e-07,3.19539e-07,2.75299e-07,2.27133e-07,1.78232e-07,1.31468e-07,9.00297e-08,5.60981e-08
4.12883e-07,4.01911e-07,3.81329e-07,3.51823e-07,3.14473e-07,2.70931e-07,2.23534e-07,1.75431e-07,1.2945e-07,8.87176e-08,5.53742e-08
4.06191e-07,3.95405e-07,3.75143e-07,3.46087e-07,3.09281e-07,2.66489e-07,2.19834e-07,1.72568e-07,1.27405e-07,8.74279e-08,5.46961e-08
3.99346e-07,3.8873e-07,3.68834e-07,3.40324e-07,3.04175e-07,2.62061e-07,2.16238e-07,1.6974e-07,1.2534e-07,8.60415e-08,5.38822e-08
3.92931e-07,3.82492e-07,3.62942e-07,3.34858e-07,2.99299e-07,2.57861e-07,2.12778e-07,1.67054e-07,1.23383e-07,8.47489e-08,5.31632e-08
3.86389e-07,3.76139e-07,3.56913e-07,3.29308e-07,2.94307e-07,2.53573e-07,2.09241e-07,1.64298e-07,1.21375e-07,8.34409e-08,5.24276e-08
3.80085e-07,3.70042e-07,3.51123e-07,3.23948e-07,2.89523e-07,2.49443e-07,2.0583e-07,1.6163e-07,1.19457e-07,8.21747e-08,5.17146e-08
3.73843e-07,3.63947e-07,3.45363e-07,3.18634e-07,2.84804e-07,2.45346e-07,2.02448e-07,1.58987e-07,1.17532e-07,8.09172e-08,5.0977e-08
3.67661e-07,3.57924e-07,3.39655e-07,3.13393e-07,2.80069e-07,2.41274e-07,1.99073e-07,1.56371e-07,1.15627e-07,7.96573e-08,5.02727e-08
3.61584e-07,3.52017e-07,3.34051e-07,3.08211e-07,2.75452e-07,2.37274e-07,1.95787e-07,1.53781e-07,1.1375e-07,7.84003e-08,4.95549e-08
3.55606e-07,3.46215e-07,3.28538e-07,3.03115e-07,2.70873e-07,2.33347e-07,1.92536e-07,1.51228e-07,1.11914e-07,7.71903e-08,4.88573e-08
3.4964e-07,3.40407e-07,3.23021e-07,2.98022e-07,2.66331e-07,2.29415e-07,1.89289e-07,1.48691e-07,1.10051e-07,7.59545e-08,4.81425e-08
3.43891e-07,3.34802e-07,3.17703e-07,2.93116e-07,2.61946e-07,2.25615e-07,1.8616e-07,1.46238e-07,1.08257e-07,7.47605e-08,4.74529e-08
3.38313e-07,3.29366e-07,3.1255e-07,2.88363e-07,2.57676e-07,2.21944e-07,1.83126e-07,1.43861e-07,1.06515e-07,7.36004e-08,4.67697e-08
3.32807e-07,3.24011e-07,3.07465e-07,2.83667e-07,2.53463e-07,2.18312e-07,1.80115e-07,1.41508e-07,1.04794e-07,7.24612e-08,4.60895e-08
3.27405e-07,3.18759e-07,3.02507e-07,2.79054e-07,2.49355e-07,2.14744e-07,1.77167e-07,1.39205e-07,1.03103e-07,7.13364e-08,4.54537e-08
3.21733e-07,3.13218e-07,2.9724e-07,2.74218e-07,2.45001e-07,2.10971e-07,1.74068e-07,1.36756e-07,1.01336e-07,7.01392e-08,4.47596e-08
3.16417e-07,3.08046e-07,2.92343e-07,2.69682e-07,2.40936e-07,2.07467e-07,1.71159e-07,1.34496e-07,9.96623e-08,6.90291e-08,4.40954e-08
3.11114e-07,3.02887e-07,2.87431e-07,2.6514e-07,2.36886e-07,2.03959e-07,1.68265e-07,1.32207e-07,9.80042e-08,6.79149e-08,4.34415e-08
3.06015e-07,2.9793e-07,2.82708e-07,2.60797e-07,2.32984e-07,2.00588e-07,1.65477e-07,1.30019e-07,9.64087e-08,6.68454e-08,4.28122e-08
3.01018e-07,2.93061e-07,2.78089e-07,2.5652e-07,2.29144e-07,1.97281e-07,1.62746e-07,1.27872e-07,9.48308e-08,6.57884e-08,4.2179e-08
2.96112e-07,2.88303e-07,2.73574e-07,2.52321e-07,2.25403e-07,1.94038e-07,1.60063e-07,1.25764e-07,9.32934e-08,6.47532e-08,4.15727e-08
2.91247e-07,2.83547e-07,2.69071e-07,2.48181e-07,2.21668e-07,1.90813e-07,1.57387e-07,1.23677e-07,9.17577e-08,6.37285e-08,4.09512e-08
2.86368e-07,2.78812e-07,2.64564e-07,2.44e-07,2.17938e-07,1.87592e-07,1.54719e-07,1.21581e-07,9.02174e-08,6.26971e-08,4.0338e-08
2.8161e-07,2.74166e-07,2.60166e-07,2.39938e-07,2.14299e-07,1.84432e-07,1.52119e-07,1.19529e-07,8.8724e-08,6.16792e-08,3.97374e-08
2.77086e-07,2.69777e-07,2.55967e-07,2.36081e-07,2.10835e-07,1.81432e-07,1.49646e-07,1.17585e-07,8.7297e-08,6.07164e-08,3.91683e-08
2.72517e-07,2.65294e-07,2.51724e-07,2.32153e-07,2.07322e-07,1.78396e-07,1.47126e-07,1.15613e-07,8.58505e-08,5.97345e-08,3.85793e-08
2.67927e-07,2.60828e-07,2.47482e-07,2.28228e-07,2.038e-07,1.75353e-07,1.44614e-07,1.1364e-07,8.43929e-08,5.87586e-08,3.79923e-08
2.63605e-07,2.56626e-07,2.43489e-07,2.24533e-07,2.00477e-07,1.72493e-07,1.42246e-07,1.11783e-07,8.30191e-08,5.78349e-08,3.74367e-08
2.59342e-07,2.52474e-07,2.39535e-07,2.20895e-07,1.97216e-07,1.69664e-07,1.39913e-07,1.09952e-07,8.16784e-08,5.69126e-08,3.68817e-08
2.55016e-07,2.48259e-07,2.35539e-07,2.17185e-07,1.93897e-07,1.66808e-07,1.37536e-07,1.08083e-07,8.03121e-08,5.60041e-08,3.63186e-08
2.50748e-07,2.44097e-07,2.31586e-07,2.13533e-07,1.90624e-07,1.6397e-07,1.35196e-07,1.06241e-07,7.89569e-08,5.50856e-08,3.57671e-08
2.46715e-07,2.40176e-07,2.27861e-07,2.10095e-07,1.87542e-07,1.61309e-07,1.33001e-07,1.0451e-07,7.76865e-08,5.42151e-08,3.52424e-08
2.42631e-07,2.36192e-07,2.2407e-07,2.06583e-07,1.84408e-07,1.58601e-07,1.30754e-07,1.0275e-07,7.63868e-08,5.33404e-08,3.47096e-08
2.38593e-07,2.32258e-07,2.20336e-07,2.03131e-07,1.81306e-07,1.55919e-07,1.28541e-07,1.01011e-07,7.51115e-08,5.24744e-08,3.41817e-08
2.34825e-07,2.28587e-07,2.16846e-07,1.99904e-07,1.78408e-07,1.53418e-07,1.26477e-07,9.93846e-08,7.3919e-08,5.1665e-08,3.36904e-08
2.30893e-07,2.2475e-07,2.13201e-07,1.96539e-07,1.75398e-07,1.50819e-07,1.24321e-07,9.76949e-08,7.26696e-08,5.08136e-08,3.31641e-08
2.27125e-07,2.21079e-07,2.09713e-07,1.93315e-07,1.72511e-07,1.48324e-07,1.22258e-07,9.60743e-08,7.1475e-08,5.00007e-08,3.26656e-08
2.23476e-07,2.17522e-07,2.06333e-07,1.90189e-07,1.69718e-07,1.45907e-07,1.20258e-07,9.45065e-08,7.03182e-08,4.92125e-08,3.21809e-08
2.19838e-07,2.13997e-07,2.02977e-07,1.871e-07,1.66933e-07,1.43506e-07,1.18273e-07,9.2945e-08,6.91749e-08,4.84282e-08,3.16993e-08
2.16271e-07,2.10515e-07,1.99677e-07,1.84039e-07,1.642e-07,1.41143e-07,1.16319e-07,9.14048e-08,6.80364e-08,4.76563e-08,3.12246e-08
2.12689e-07,2.07023e-07,1.96364e-07,1.80975e-07,1.61451e-07,1.38774e-07,1.14359e-07,8.98718e-08,6.68974e-08,4.68786e-08,3.0743e-08
2.09195e-07,2.0362e-07,1.93121e-07,1.77983e-07,1.58774e-07,1.3646e-07,1.12451e-07,8.83683e-08,6.57898e-08,4.61185e-08,3.0271e-08
2.05783e-07,2.0029e-07,1.89963e-07,1.75059e-07,1.56166e-07,1.34203e-07,1.10584e-07,8.68982e-08,6.47074e-08,4.53796e-08,2.98135e-08
2.0249e-07,1.97068e-07,1.86906e-07,1.72235e-07,1.53634e-07,1.32025e-07,1.08783e-07,8.54815e-08,6.36637e-08,4.46642e-08,2.93669e-08
1.99193e-07,1.93872e-07,1.83869e-07,1.69422e-07,1.51114e-07,1.29846e-07,1.06982e-07,8.4063e-08,6.26165e-08,4.39486e-08,2.89206e-08
1.95931e-07,1.90684e-07,1.8084e-07,1.66632e-07,1.48617e-07,1.27693e-07,1.05197e-07,8.26684e-08,6.15799e-08,4.32369e-08,2.84733e-08
1.92771e-07,1.876e-07,1.77918e-07,1.63924e-07,1.46202e-07,1.25601e-07,1.03475e-07,8.13079e-08,6.05758e-08,4.25455e-08,2.8043e-08
1.89619e-07,1.84539e-07,1.75008e-07,1.6124e-07,1.43796e-07,1.23527e-07,1.01757e-07,7.99575e-08,5.95767e-08,4.18589e-08,2.76165e-08
1.8652e-07,1.81516e-07,1.72135e-07,1.58589e-07,1.41416e-07,1.21476e-07,1.00061e-07,7.86261e-08,5.85899e-08,4.1182e-08,2.71861e-08
1.83533e-07,1.78612e-07,1.69382e-07,1.56034e-07,1.39139e-07,1.19505e-07,9.84365e-08,7.73447e-08,5.76446e-08,4.05307e-08,2.67751e-08
1.8055e-07,1.75694e-07,1.66606e-07,1.53484e-07,1.36848e-07,1.1754e-07,9.68038e-08,7.60652e-08,5.6693e-08,3.98747e-08,2.63612e-08
1.77628e-07,1.72854e-07,1.63907e-07,1.50991e-07,1.34615e-07,1.15613e-07,9.52124e-08,7.48151e-08,5.57664e-08,3.92349e-08,2.59613e-08
1.74761e-07,1.7006e-07,1.61266e-07,1.4854e-07,1.32431e-07,1.13721e-07,9.36521e-08,7.3583e-08,5.48584e-08,3.86102e-08,2.55624e-08
1.71934e-07,1.67303e-07,1.58646e-07,1.46127e-07,1.30265e-07,1.11859e-07,9.21077e-08,7.23735e-08,5.39612e-08,3.79925e-08,2.51671e-08
1.69135e-07,1.64554e-07,1.56061e-07,1.43739e-07,1.28128e-07,1.10013e-07,9.05852e-08,7.1172e-08,5.30732e-08,3.73765e-08,2.47812e-08
1.66395e-07,1.61883e-07,1.53526e-07,1.41401e-07,1.26039e-07,1.08211e-07,8.90947e-08,7.0001e-08,5.22009e-08,3.67727e-08,2.43993e-08
1.63719e-07,1.59297e-07,1.51047e-07,1.39111e-07,1.23991e-07,1.06442e-07,8.7633e-08,6.8854e-08,5.13487e-08,3.61849e-08,2.40275e-08
1.61095e-07,1.56741e-07,1.48623e-07,1.36875e-07,1.21991e-07,1.04717e-07,8.62072e-08,6.77313e-08,5.05178e-08,3.56083e-08,2.3653e-08
1.58467e-07,1.54179e-07,1.46193e-07,1.34629e-07,1.1998e-07,1.02986e-07,8.47758e-08,6.66057e-08,4.96823e-08,3.50303e-08,2.32837e-08
1.55936e-07,1.51713e-07,1.43849e-07,1.32468e-07,1.18048e-07,1.01319e-07,8.33978e-08,6.55202e-08,4.88785e-08,3.44736e-08,2.29266e-08
1.53399e-07,1.49242e-07,1.4151e-07,1.30306e-07,1.16114e-07,9.96508e-08,8.20193e-08,6.44371e-08,4.8073e-08,3.39147e-08,2.25713e-08
1.50946e-07,1.46852e-07,1.39241e-07,1.28213e-07,1.1424e-07,9.80365e-08,8.06849e-08,6.33885e-08,4.72917e-08,3.33731e-08,2.22236e-08
1.48531e-07,1.44497e-07,1.3701e-07,1.26148e-07,1.12398e-07,9.64479e-08,7.93731e-08,6.23551e-08,4.65256e-08,3.28421e-08,2.18861e-08
1.46143e-07,1.4217e-07,1.34806e-07,1.24116e-07,1.10579e-07,9.4879e-08,7.8077e-08,6.13351e-08,4.57671e-08,3.23145e-08,2.15442e-08
1.43807e-07,1.39894e-07,1.3265e-07,1.22126e-07,1.08798e-07,9.3345e-08,7.68084e-08,6.03387e-08,4.50273e-08,3.17991e-08,2.12106e-08
1.41491e-07,1.37639e-07,1.30509e-07,1.20151e-07,1.07035e-07,9.18221e-08,7.55517e-08,5.93492e-08,4.42917e-08,3.12901e-08,2.0884e-08
1.3924e-07,1.35441e-07,1.28426e-07,1.18229e-07,1.05315e-07,9.03451e-08,7.43281e-08,5.83867e-08,4.35778e-08,3.07904e-08,2.05632e-08
1.36998e-07,1.33257e-07,1.26356e-07,1.16318e-07,1.03607e-07,8.8871e-08,7.31116e-08,5.74276e-08,4.28663e-08,3.02954e-08,2.024e-08
1.34811e-07,1.31062e-07,1.24336e-07,1.14455e-07,1.01942e-07,8.74364e-08,7.1925e-08,5.64964e-08,4.21729e-08,2.98128e-08,1.99265e-08
1.32671e-07,1.29041e-07,1.22361e-07,1.12634e-07,1.00312e-07,8.60311e-08,7.07654e-08,5.55834e-08,4.14928e-08,2.93447e-08,1.96152e-08
1.30549e-07,1.26974e-07,1.204e-07,1.10823e-07,9.86951e-08,8.46376e-08,6.96142e-08,5.46789e-08,4.08183e-08,2.88707e-08,1.93152e-08
1.28478e-07,1.24957e-07,1.18493e-07,1.09062e-07,9.71222e-08,8.32818e-08,6.84956e-08,5.37982e-08,4.01648e-08,2.84123e-08,1.90182e-08
1.26427e-07,1.22951e-07,1.16594e-07,1.0731e-07,9.55562e-08,8.19355e-08,6.73811e-08,5.29228e-08,3.95126e-08,2.79593e-08,1.8722e-08
1.24424e-07,1.21002e-07,1.14749e-07,1.05606e-07,9.40336e-08,8.06211e-08,6.62976e-08,5.20691e-08,3.88788e-08,2.75163e-08,1.84337e-08
1.22463e-07,1.19082e-07,1.12932e-07,1.03924e-07,9.25355e-08,7.93318e-08,6.52323e-08,5.12319e-08,3.82548e-08,2.7079e-08,1.81615e-08
1.20506e-07,1.17182e-07,1.11133e-07,1.02269e-07,9.10529e-08,7.80547e-08,6.41771e-08,5.04046e-08,3.76371e-08,2.6648e-08,1.7868e-08
1.18601e-07,1.15324e-07,1.09372e-07,1.00647e-07,8.96026e-08,7.68056e-08,6.31462e-08,4.95907e-08,3.7033e-08,2.6232e-08,1.75877e-08
1.16727e-07,1.13501e-07,1.07645e-07,9.9056e-08,8.8181e-08,7.55827e-08,6.21347e-08,4.87954e-08,3.64408e-08,2.58121e-08,1.73269e-08
1.14875e-07,1.11692e-07,1.05935e-07,9.74764e-08,8.67696e-08,7.43671e-08,6.1132e-08,4.80077e-08,3.58545e-08,2.54014e-08,1.70574e-08
1.13074e-07,1.09934e-07,1.04272e-07,9.5941e-08,8.53995e-08,7.31871e-08,6.01601e-08,4.7241e-08,3.52842e-08,2.50015e-08,1.67837e-08
1.11277e-07,1.08184e-07,1.02615e-07,9.44135e-08,8.40346e-08,7.20114e-08,5.91881e-08,4.64774e-08,3.47155e-08,2.46042e-08,1.653e-08
1.09535e-07,1.06377e-07,1.01012e-07,9.29347e-08,8.27152e-08,7.08752e-08,5.82507e-08,4.57406e-08,3.41639e-08,2.42191e-08,1.62724e-08
1.07813e-07,1.0469e-07,9.94203e-08,9.14699e-08,8.14045e-08,6.97486e-08,5.73194e-08,4.50075e-08,3.36211e-08,2.38374e-08,1.60171e-08
1.06121e-07,1.03157e-07,9.78581e-08,9.0026e-08,8.01171e-08,6.86395e-08,5.64058e-08,4.42886e-08,3.3087e-08,2.34621e-08,1.57799e-08
1.04453e-07,1.0153e-07,9.63193e-08,8.8607e-08,7.88487e-08,6.75465e-08,5.55036e-08,4.35793e-08,3.25569e-08,2.3092e-08,1.55365e-08
1.02831e-07,9.99493e-08,9.48236e-08,8.7222e-08,7.76172e-08,6.6491e-08,5.46315e-08,4.28938e-08,3.20461e-08,2.27325e-08,1.53085e-08
1.01228e-07,9.83814e-08,9.33412e-08,8.58596e-08,7.63946e-08,6.54359e-08,5.37609e-08,4.22097e-08,3.15357e-08,2.23747e-08,1.50582e-08
9.96342e-08,9.68328e-08,9.18762e-08,8.45095e-08,7.51917e-08,6.44009e-08,5.29085e-08,4.15381e-08,3.1035e-08,2.20236e-08,1.48328e-08
9.80855e-08,9.53243e-08,9.04503e-08,8.31949e-08,7.40165e-08,6.33889e-08,5.20737e-08,4.08818e-08,3.05471e-08,2.1681e-08,1.4606e-08
9.65475e-08,9.38232e-08,8.90291e-08,8.1886e-08,7.2849e-08,6.23858e-08,5.12459e-08,4.02308e-08,3.00613e-08,2.13395e-08,1.43813e-08
9.5047e-08,9.23591e-08,8.76458e-08,8.06093e-08,7.17096e-08,6.1406e-08,5.0437e-08,3.95951e-08,2.95877e-08,2.10074e-08,1.41694e-08
9.35832e-08,9.09312e-08,8.62949e-08,7.9362e-08,7.05985e-08,6.04494e-08,4.965e-08,3.89761e-08,2.9125e-08,2.06812e-08,1.39382e-08
9.21183e-08,8.9506e-08,8.49476e-08,7.81218e-08,6.94894e-08,5.94968e-08,4.88624e-08,3.83585e-08,2.86651e-08,2.03577e-08,1.37322e-08
9.06897e-08,8.81118e-08,8.36284e-08,7.69065e-08,6.84049e-08,5.85643e-08,4.80945e-08,3.77529e-08,2.8214e-08,2.00413e-08,1.35226e-08
8.93045e-08,8.67569e-08,8.23497e-08,7.57262e-08,6.73515e-08,5.7658e-08,4.73466e-08,3.71653e-08,2.77759e-08,1.9734e-08,1.33176e-08
8.79192e-08,8.52357e-08,8.10748e-08,7.45535e-08,6.63051e-08,5.67594e-08,4.66057e-08,3.65842e-08,2.73421e-08,1.94272e-08,1.31158e-08
8.6565e-08,8.40916e-08,7.98278e-08,7.34007e-08,6.52787e-08,5.5876e-08,4.58771e-08,3.60105e-08,2.69139e-08,1.91269e-08,1.29071e-08
8.52272e-08,8.27868e-08,7.85947e-08,7.22649e-08,6.42631e-08,5.5004e-08,4.5158e-08,3.54456e-08,2.64933e-08,1.88308e-08,1.272e-08
8.39287e-08,8.15125e-08,7.73863e-08,7.11533e-08,6.32712e-08,5.41514e-08,4.44564e-08,3.48935e-08,2.60825e-08,1.85396e-08,1.25277e-08
8.25691e-08,8.02507e-08,7.6196e-08,7.00559e-08,6.22937e-08,5.33102e-08,4.37633e-08,3.43481e-08,2.56756e-08,1.82562e-08,1.23377e-08
8.13093e-08,7.90257e-08,7.50386e-08,6.8989e-08,6.13413e-08,5.24913e-08,4.30865e-08,3.38174e-08,2.52805e-08,1.79783e-08,1.21526e-08
8.00619e-08,7.7809e-08,7.38871e-08,6.79284e-08,6.03952e-08,5.16806e-08,4.24193e-08,3.32931e-08,2.48882e-08,1.77017e-08,1.19689e-08
7.88549e-08,7.66279e-08,7.27726e-08,6.69015e-08,5.94787e-08,5.0892e-08,4.17701e-08,3.27832e-08,2.45073e-08,1.74339e-08,1.18009e-08
7.7625e-08,7.54357e-08,7.16423e-08,6.58595e-08,5.85507e-08,5.00942e-08,4.11135e-08,3.22655e-08,2.41226e-08,1.71623e-08,1.16104e-08
7.64579e-08,7.42984e-08,7.05692e-08,6.48703e-08,5.76691e-08,4.93365e-08,4.04894e-08,3.17737e-08,2.37565e-08,1.69047e-08,1.14378e-08
7.52745e-08,7.31553e-08,6.94893e-08,6.38729e-08,5.67814e-08,4.8573e-08,3.98609e-08,3.12817e-08,2.33881e-08,1.66446e-08,1.12658e-08
7.41419e-08,7.20431e-08,6.84339e-08,6.29023e-08,5.59138e-08,4.78319e-08,3.92477e-08,3.08006e-08,2.30299e-08,1.63911e-08,1.10975e-08
7.30102e-08,7.09412e-08,6.73925e-08,6.19424e-08,5.50588e-08,4.70944e-08,3.86428e-08,3.0323e-08,2.26742e-08,1.61419e-08,1.09309e-08
7.19225e-08,6.98812e-08,6.63917e-08,6.10171e-08,5.42363e-08,4.63857e-08,3.80606e-08,2.98665e-08,2.23289e-08,1.59015e-08,1.07588e-08
7.08982e-08,6.85994e-08,6.53841e-08,6.00961e-08,5.34106e-08,4.5683e-08,3.74793e-08,2.94103e-08,2.19937e-08,1.5658e-08,1.06087e-08
6.98208e-08,6.77683e-08,6.43906e-08,5.91769e-08,5.25915e-08,4.49765e-08,3.68984e-08,2.89557e-08,2.16534e-08,1.54188e-08,1.04488e-08
6.87678e-08,6.6744e-08,6.34184e-08,5.8282e-08,5.17922e-08,4.42912e-08,3.63342e-08,2.85109e-08,2.13224e-08,1.51859e-08,1.02951e-08
6.77299e-08,6.57308e-08,6.24624e-08,5.74011e-08,5.10086e-08,4.36192e-08,3.57807e-08,2.8076e-08,2.09981e-08,1.49557e-08,1.01405e-08
6.67148e-08,6.47415e-08,6.15246e-08,5.65383e-08,5.02374e-08,4.29547e-08,3.52348e-08,2.76462e-08,2.06782e-08,1.47317e-08,9.99191e-09
6.57211e-08,6.37724e-08,6.06085e-08,5.56958e-08,4.94884e-08,4.2316e-08,3.47083e-08,2.72309e-08,2.03686e-08,1.45129e-08,9.85717e-09
6.47271e-08,6.2806e-08,5.96928e-08,5.48513e-08,4.87366e-08,4.1669e-08,3.41763e-08,2.68157e-08,2.00576e-08,1.42916e-08,9.69687e-09
6.37629e-08,6.18685e-08,5.88051e-08,5.40338e-08,4.80076e-08,4.10466e-08,3.3662e-08,2.64133e-08,1.97564e-08,1.40787e-08,9.55469e-09
6.28138e-08,6.09438e-08,5.79285e-08,5.32261e-08,4.72885e-08,4.04276e-08,3.31546e-08,2.60123e-08,1.94585e-08,1.38683e-08,9.41443e-09
6.18787e-08,6.00342e-08,5.70689e-08,5.24335e-08,4.6582e-08,3.98203e-08,3.2655e-08,2.56217e-08,1.91662e-08,1.36618e-08,9.27583e-09
6.09577e-08,5.91393e-08,5.62183e-08,5.16537e-08,4.58874e-08,3.92254e-08,3.21665e-08,2.52355e-08,1.88801e-08,1.34592e-08,9.13877e-09
6.00507e-08,5.82555e-08,5.53818e-08,5.08811e-08,4.51999e-08,3.86348e-08,3.16797e-08,2.48548e-08,1.85949e-08,1.3258e-08,9.00546e-09
5.91681e-08,5.73969e-08,5.45689e-08,5.01321e-08,4.45325e-08,3.80658e-08,3.121e-08,2.44869e-08,1.83186e-08,1.30636e-08,8.87556e-09
5.82817e-08,5.65332e-08,5.37497e-08,4.9378e-08,4.38607e-08,3.7487e-08,3.07356e-08,2.4113e-08,1.80415e-08,1.28668e-08,8.74389e-09
5.74232e-08,5.56992e-08,5.29586e-08,4.86503e-08,4.32105e-08,3.69307e-08,3.02777e-08,2.37538e-08,1.77737e-08,1.26769e-08,8.61661e-09
5.65858e-08,5.48841e-08,5.21849e-08,4.79393e-08,4.25796e-08,3.63888e-08,2.98322e-08,2.34027e-08,1.75127e-08,1.24922e-08,8.49161e-09
5.57476e-08,5.40659e-08,5.14122e-08,4.72261e-08,4.19433e-08,3.58433e-08,2.93837e-08,2.30531e-08,1.72505e-08,1.23059e-08,8.36715e-09
5.49368e-08,5.3282e-08,5.0666e-08,4.65407e-08,4.13317e-08,3.53233e-08,2.89542e-08,2.27181e-08,1.69985e-08,1.21277e-08,8.26324e-09
5.41305e-08,5.2495e-08,4.99209e-08,4.5855e-08,4.07214e-08,3.47953e-08,2.85225e-08,2.23757e-08,1.67455e-08,1.19496e-08,8.12896e-09
5.3329e-08,5.17167e-08,4.91811e-08,4.51736e-08,4.01159e-08,3.42762e-08,2.80955e-08,2.20413e-08,1.64952e-08,1.17721e-08,8.00944e-09
5.25554e-08,5.09643e-08,4.84673e-08,4.45175e-08,3.95321e-08,3.37756e-08,2.76842e-08,2.17176e-08,1.62534e-08,1.16016e-08,7.89481e-09
5.1779e-08,5.02115e-08,4.77526e-08,4.38585e-08,3.89437e-08,3.32726e-08,2.72701e-08,2.13928e-08,1.60119e-08,1.14301e-08,7.78001e-09
5.10301e-08,4.94842e-08,4.70612e-08,4.32226e-08,3.83786e-08,3.27915e-08,2.68735e-08,2.10822e-08,1.57793e-08,1.12644e-08,7.66909e-09
5.02834e-08,4.87576e-08,4.63709e-08,4.25868e-08,3.78131e-08,3.23038e-08,2.64738e-08,2.0768e-08,1.55447e-08,1.10988e-08,7.55766e-09
4.95502e-08,4.80455e-08,4.56955e-08,4.19654e-08,3.72594e-08,3.18284e-08,2.60835e-08,2.04613e-08,1.5317e-08,1.09373e-08,7.44899e-09
4.88308e-08,4.73464e-08,4.503e-08,4.13524e-08,3.67155e-08,3.13616e-08,2.57005e-08,2.01595e-08,1.50911e-08,1.07774e-08,7.32769e-09
4.8123e-08,4.666e-08,4.43771e-08,4.07529e-08,3.61801e-08,3.09046e-08,2.5324e-08,1.98652e-08,1.48718e-08,1.06215e-08,7.23734e-09
4.74314e-08,4.59877e-08,4.37424e-08,4.01673e-08,3.56588e-08,3.04599e-08,2.49577e-08,1.95796e-08,1.46575e-08,1.04694e-08,7.13462e-09
4.67366e-08,4.53137e-08,4.30986e-08,3.95771e-08,3.5133e-08,3.00073e-08,2.45871e-08,1.92865e-08,1.44399e-08,1.03154e-08,7.0313e-09
4.60896e-08,4.46854e-08,4.24994e-08,3.90269e-08,3.46395e-08,2.95829e-08,2.42388e-08,1.90126e-08,1.42368e-08,1.01733e-08,6.95021e-09
4.54155e-08,4.40308e-08,4.18791e-08,3.84554e-08,3.41342e-08,2.91518e-08,2.38846e-08,1.87347e-08,1.40279e-08,1.00237e-08,6.83485e-09
4.4747e-08,4.33834e-08,4.12617e-08,3.78875e-08,3.36296e-08,2.87201e-08,2.35292e-08,1.84564e-08,1.38204e-08,9.87579e-09,6.73531e-09
4.41119e-08,4.2769e-08,4.0677e-08,3.73486e-08,3.3151e-08,2.83122e-08,2.31922e-08,1.81943e-08,1.36234e-08,9.73517e-09,6.64105e-09
4.34832e-08,4.216e-08,4.0096e-08,3.68151e-08,3.26767e-08,2.79045e-08,2.28586e-08,1.79304e-08,1.34273e-08,9.59657e-09,6.54732e-09
4.28672e-08,4.15621e-08,3.95271e-08,3.62916e-08,3.22104e-08,2.75041e-08,2.25307e-08,1.7673e-08,1.32357e-08,9.46023e-09,6.45586e-09
4.22482e-08,4.09605e-08,3.89531e-08,3.57658e-08,3.17418e-08,2.71028e-08,2.22015e-08,1.74143e-08,1.30422e-08,9.32298e-09,6.36307e-09
4.16615e-08,4.0392e-08,3.84145e-08,3.52686e-08,3.12975e-08,2.67237e-08,2.18902e-08,1.71692e-08,1.28597e-08,9.19397e-09,6.27684e-09
4.10634e-08,3.9813e-08,3.78609e-08,3.47603e-08,3.08483e-08,2.63399e-08,2.15737e-08,1.69234e-08,1.26744e-08,9.06136e-09,6.18649e-09
4.04711e-08,3.92386e-08,3.73129e-08,3.42576e-08,3.03985e-08,2.59544e-08,2.12578e-08,1.6674e-08,1.2489e-08,8.93046e-09,6.09824e-09
3.98994e-08,3.86858e-08,3.67857e-08,3.37734e-08,2.99674e-08,2.55851e-08,2.09545e-08,1.64356e-08,1.23113e-08,8.80408e-09,6.01305e-09
3.93367e-08,3.81418e-08,3.62667e-08,3.32967e-08,2.95434e-08,2.52216e-08,2.06561e-08,1.62023e-08,1.21374e-08,8.67984e-09,5.92898e-09
3.87769e-08,3.75986e-08,3.57495e-08,3.28187e-08,2.91201e-08,2.48598e-08,2.03587e-08,1.59683e-08,1.19629e-08,8.55618e-09,5.8452e-09
3.82418e-08,3.70817e-08,3.52551e-08,3.23657e-08,2.87173e-08,2.45163e-08,2.00759e-08,1.57485e-08,1.17972e-08,8.43744e-09,5.76555e-09
