-0.00301283,-0.00303971,-0.0031008,-0.0031837,-0.00328692,-0.00339981,-0.00351993,-0.00362698,-0.00370744,-0.00375153,-0.00373647
-0.00314133,-0.00316348,-0.00320506,-0.00326454,-0.00333728,-0.00342172,-0.00350759,-0.00358009,-0.00362632,-0.00363298,-0.00358796
-0.00322406,-0.00323311,-0.00326433,-0.00330448,-0.0033543,-0.00340994,-0.00346697,-0.00351032,-0.00352195,-0.00350182,-0.0034306
-0.00324193,-0.00324891,-0.00326393,-0.0032893,-0.0033182,-0.00335219,-0.00338225,-0.00339895,-0.00338575,-0.00333959,-0.00324683
-0.00327806,-0.00328098,-0.00328616,-0.00329857,-0.00331025,-0.00332485,-0.00333276,-0.00332601,-0.0032902,-0.00322213,-0.00311117
-0.00331041,-0.00331032,-0.00330719,-0.00330882,-0.00330504,-0.00330266,-0.00329243,-0.00326627,-0.00320946,-0.00312338,-0.00299608
-0.00330031,-0.00329684,-0.0032866,-0.00327897,-0.0032637,-0.00324669,-0.00321911,-0.00317503,-0.00310239,-0.00300055,-0.00286203
-0.0032924,-0.00328655,-0.00327048,-0.00325493,-0.00322911,-0.00319985,-0.00315795,-0.00309882,-0.00301169,-0.0028966,-0.00274783
-0.0032771,-0.00326839,-0.00324818,-0.00322573,-0.00319065,-0.00315002,-0.00309594,-0.00302366,-0.00292413,-0.00279776,-0.00264033
-0.00325864,-0.00324873,-0.00322366,-0.00319543,-0.00315277,-0.00310192,-0.00303796,-0.00295394,-0.00284352,-0.00270703,-0.00254243
-0.00322584,-0.00321349,-0.00318647,-0.00315244,-0.00310286,-0.00304426,-0.0029707,-0.00287732,-0.00275789,-0.00261374,-0.00244336
-0.00319755,-0.00318327,-0.00315408,-0.00311468,-0.00305998,-0.00299343,-0.00291205,-0.00280905,-0.00268231,-0.0025314,-0.0023559
-0.00315495,-0.00313954,-0.00310769,-0.00306506,-0.00300472,-0.00293254,-0.00284367,-0.00273351,-0.00260064,-0.00244451,-0.00226621
-0.00311676,-0.00310006,-0.00306577,-0.00301947,-0.00295479,-0.00287672,-0.00278205,-0.00266622,-0.00252728,-0.00236627,-0.00218497
-0.0030713,-0.00305383,-0.00301774,-0.00296832,-0.00290015,-0.00281716,-0.00271723,-0.00259583,-0.00245248,-0.00228783,-0.00210463
-0.00303516,-0.00301646,-0.00297989,-0.00292679,-0.00285498,-0.00276732,-0.0026623,-0.00253605,-0.00238835,-0.0022205,-0.00203528
-0.00299384,-0.00297368,-0.00293693,-0.00288111,-0.00280599,-0.00271506,-0.00260552,-0.00247439,-0.00232415,-0.00215337,-0.0019674
-0.00294574,-0.00292574,-0.00288653,-0.00282851,-0.00275113,-0.00265661,-0.00254393,-0.00240896,-0.0022561,-0.00208391,-0.00189747
-0.0029012,-0.00288042,-0.00283913,-0.00277968,-0.0027,-0.00260218,-0.00248664,-0.00234868,-0.00219292,-0.00201999,-0.00183365
-0.00286254,-0.00284103,-0.00279938,-0.00273684,-0.00265456,-0.00255404,-0.00243548,-0.00229491,-0.00213668,-0.00196284,-0.00177641
-0.00281738,-0.00279525,-0.00275188,-0.00268838,-0.00260435,-0.00250126,-0.00238006,-0.00223691,-0.00207767,-0.00190273,-0.00171718
-0.00277826,-0.00275541,-0.00271165,-0.00264597,-0.00255998,-0.00245428,-0.0023304,-0.0021859,-0.00202575,-0.00184992,-0.00166455
-0.00273793,-0.00271414,-0.00266839,-0.00260207,-0.00251512,-0.00240676,-0.00228052,-0.00213388,-0.0019727,-0.00179686,-0.00161229
-0.00269701,-0.00267271,-0.00262884,-0.00255971,-0.00247046,-0.00236143,-0.00223375,-0.0020844,-0.0019238,-0.00174692,-0.00156356
-0.00265838,-0.00263329,-0.00258629,-0.00251669,-0.0024263,-0.00231457,-0.00218556,-0.00203655,-0.00187347,-0.00169802,-0.00151529
-0.0026091,-0.00258441,-0.00253736,-0.00246658,-0.00237485,-0.00226268,-0.00213193,-0.00198202,-0.00181956,-0.00164449,-0.0014641
-0.00257578,-0.00255103,-0.00250268,-0.00243072,-0.00233815,-0.00222388,-0.00209162,-0.00194078,-0.00177853,-0.00160268,-0.00142377
-0.00253522,-0.00250942,-0.00246125,-0.00238753,-0.00229334,-0.00217876,-0.00204587,-0.00189498,-0.0017315,-0.00155796,-0.00138023
-0.00249628,-0.00247076,-0.00242161,-0.00234786,-0.00225269,-0.00213648,-0.00200283,-0.00185103,-0.0016886,-0.00151511,-0.00133902
-0.00246152,-0.00243595,-0.00238701,-0.00231232,-0.00221616,-0.0020995,-0.00196474,-0.00181218,-0.0016503,-0.0014771,-0.0013024
-0.00242189,-0.00239593,-0.00234544,-0.00227049,-0.0021736,-0.00205577,-0.00192073,-0.00176884,-0.00160699,-0.00143535,-0.00126265
-0.00238161,-0.00235547,-0.00230445,-0.0022291,-0.00213175,-0.00201358,-0.00187808,-0.00172672,-0.00156519,-0.00139545,-0.00122455
-0.00234459,-0.00231845,-0.00226705,-0.00219105,-0.00209322,-0.00197464,-0.00183876,-0.00168772,-0.00152692,-0.0013585,-0.00118925
-0.00230769,-0.00228147,-0.00222967,-0.00215339,-0.00205504,-0.00193626,-0.00180034,-0.00164974,-0.00148962,-0.00132263,-0.00115526
-0.00227339,-0.00224668,-0.00219482,-0.00211751,-0.00201888,-0.00190004,-0.00176388,-0.00161416,-0.0014546,-0.00128927,-0.00112366
-0.00223614,-0.00220976,-0.00215725,-0.00208019,-0.00198131,-0.00186218,-0.00172625,-0.0015771,-0.00141871,-0.0012547,-0.00109112
-0.00219896,-0.00217274,-0.00212007,-0.00204294,-0.00194412,-0.00182497,-0.00168921,-0.00154068,-0.00138378,-0.00122143,-0.00105985
-0.00216244,-0.00213605,-0.00208334,-0.00200625,-0.00190735,-0.00178832,-0.00165298,-0.00150544,-0.00134979,-0.00118917,-0.00102965
-0.00212713,-0.00210048,-0.00204779,-0.00197072,-0.00187197,-0.00175317,-0.00161822,-0.00147155,-0.00131726,-0.00115842,-0.001001
-0.00209304,-0.0020664,-0.00201335,-0.00193677,-0.00183792,-0.00171871,-0.00158508,-0.00143924,-0.00128592,-0.00112902,-0.000973821
-0.00205472,-0.00202842,-0.00197564,-0.00189875,-0.00180025,-0.00168234,-0.001549,-0.00140464,-0.00125303,-0.00109795,-0.000944904
-0.00201915,-0.00199284,-0.00194023,-0.00186367,-0.00176553,-0.00164805,-0.00151555,-0.0013723,-0.00122236,-0.00106935,-0.000918358
-0.00198451,-0.00195832,-0.0019057,-0.00182944,-0.00173151,-0.00161465,-0.00148301,-0.00134117,-0.00119271,-0.00104154,-0.000893041
-0.00194868,-0.0019227,-0.00187033,-0.00179433,-0.00169711,-0.00158081,-0.00145025,-0.0013098,-0.00116303,-0.00101386,-0.000867311
-0.00191643,-0.00189095,-0.00183835,-0.00176301,-0.00166579,-0.00155019,-0.00142071,-0.00128168,-0.0011361,-0.000988543,-0.0008438
-0.00187956,-0.00185352,-0.00180168,-0.00172637,-0.00163038,-0.00151575,-0.00138721,-0.00124961,-0.00110642,-0.000961373,-0.000819388
-0.00184613,-0.00182042,-0.00176871,-0.00169414,-0.00159863,-0.00148491,-0.00135724,-0.00122115,-0.00107972,-0.000936821,-0.000796817
-0.00181174,-0.00178626,-0.00173494,-0.00166055,-0.00156587,-0.00145301,-0.00132684,-0.00119248,-0.00105276,-0.000911726,-0.000774311
-0.00177826,-0.0017526,-0.00170169,-0.00162768,-0.00153408,-0.00142223,-0.00129751,-0.00116425,-0.00102671,-0.000887803,-0.000752785
-0.00174616,-0.00172065,-0.00167015,-0.00159684,-0.00150393,-0.00139303,-0.00126931,-0.00113767,-0.00100199,-0.000865324,-0.000732243
-0.00171258,-0.00168739,-0.00163705,-0.00156416,-0.00147228,-0.00136259,-0.00124053,-0.0011104,-0.000976724,-0.000841995,-0.000711531
-0.00168045,-0.0016553,-0.0016057,-0.00153346,-0.00144228,-0.00133389,-0.00121296,-0.00108436,-0.000952541,-0.000820387,-0.000691958
-0.00164976,-0.00162507,-0.00157572,-0.00150398,-0.00141372,-0.00130622,-0.00118669,-0.00105997,-0.000929943,-0.000799647,-0.000673683
-0.0016161,-0.00159169,-0.00154275,-0.00147174,-0.00138258,-0.00127656,-0.0011585,-0.00103358,-0.000905586,-0.000777495,-0.000653579
-0.00158411,-0.00155996,-0.00151145,-0.00144117,-0.00135297,-0.00124825,-0.0011318,-0.00100863,-0.000882524,-0.00075667,-0.000635056
-0.0015552,-0.00153141,-0.00148325,-0.00141367,-0.00132611,-0.00122294,-0.00110766,-0.000985977,-0.000861702,-0.000737883,-0.00061849
-0.00152434,-0.00150077,-0.00145304,-0.00138427,-0.00129793,-0.00119559,-0.0010822,-0.000962314,-0.000840116,-0.000718114,-0.00060043
-0.00149347,-0.00146989,-0.00142291,-0.00135471,-0.00126962,-0.00116877,-0.0010568,-0.00093876,-0.000818416,-0.000698913,-0.000583863
-0.00146332,-0.00144009,-0.00139359,-0.00132619,-0.00124216,-0.00114259,-0.00103236,-0.00091596,-0.000797674,-0.000680283,-0.000567476
-0.00143569,-0.00141262,-0.00136663,-0.0012999,-0.00121691,-0.00111865,-0.0010098,-0.000895017,-0.000778644,-0.000663221,-0.000552446
-0.00140871,-0.00138583,-0.00134046,-0.00127451,-0.00119235,-0.00109505,-0.00098789,-0.000875033,-0.000760005,-0.000646459,-0.000537844
-0.0013783,-0.00135575,-0.00131093,-0.00124582,-0.00116496,-0.00106933,-0.000963747,-0.000852439,-0.000739867,-0.000628617,-0.00052212
-0.00134984,-0.00132759,-0.0012833,-0.00121903,-0.00113928,-0.00104513,-0.000941172,-0.000831656,-0.000720998,-0.000611829,-0.000507479
-0.00132319,-0.00130126,-0.00125751,-0.00119409,-0.00111515,-0.00102259,-0.000920019,-0.000812108,-0.00070334,-0.000596214,-0.000493981
-0.00129601,-0.0012743,-0.00123117,-0.00116852,-0.00109091,-0.000999452,-0.000898644,-0.000792543,-0.000685588,-0.000580382,-0.000480099
-0.00127103,-0.00124963,-0.0012069,-0.00114511,-0.00106853,-0.000978379,-0.000878999,-0.000774463,-0.00066929,-0.000565947,-0.00046758
-0.00124523,-0.00122392,-0.00118185,-0.00112093,-0.00104545,-0.000956496,-0.000858765,-0.000755992,-0.000652582,-0.000551198,-0.000454815
-0.00121902,-0.00119807,-0.00115662,-0.00109657,-0.00102216,-0.000934669,-0.000838521,-0.000737474,-0.000635968,-0.000536459,-0.000442134
-0.00119547,-0.00117468,-0.00113392,-0.00107465,-0.00100117,-0.000915137,-0.000820267,-0.00072093,-0.000620929,-0.000523239,-0.000430725
-0.00116971,-0.00114933,-0.00110906,-0.00105066,-0.000978339,-0.000893577,-0.000800471,-0.000702815,-0.000604803,-0.000509034,-0.000418487
-0.00114562,-0.00112559,-0.00108579,-0.00102831,-0.000957038,-0.000873638,-0.000782038,-0.000686092,-0.000589725,-0.000495828,-0.000407133
-0.00112307,-0.00110314,-0.0010642,-0.0010074,-0.000937117,-0.000854878,-0.00076486,-0.000670193,-0.000575794,-0.000483627,-0.0003966
-0.00109896,-0.00107951,-0.001041,-0.000985151,-0.000915976,-0.000835248,-0.000746532,-0.00065391,-0.000561056,-0.000470624,-0.000385476
-0.0010756,-0.00105629,-0.00101839,-0.000963515,-0.000895408,-0.000815873,-0.000728837,-0.000637745,-0.000546607,-0.000458048,-0.000374747
-0.00105316,-0.00103419,-0.000996857,-0.000942833,-0.000875761,-0.000797526,-0.000711949,-0.000622488,-0.00053302,-0.000446159,-0.000364611
-0.00103224,-0.00101377,-0.000976854,-0.000923694,-0.000857552,-0.000780621,-0.000696391,-0.000608389,-0.00052058,-0.000435257,-0.000355323
-0.00100992,-0.000991466,-0.000955271,-0.000902966,-0.000837944,-0.000762212,-0.000679518,-0.000593196,-0.000506956,-0.000423479,-0.000345311
-0.000988806,-0.000970669,-0.00093503,-0.00088356,-0.000819546,-0.00074509,-0.000663829,-0.000579035,-0.000494393,-0.000412545,-0.000336022
-0.000968375,-0.000950497,-0.000915445,-0.000864797,-0.00080178,-0.000728547,-0.000648645,-0.000565375,-0.000482283,-0.000402017,-0.000327095
-0.000947995,-0.000930419,-0.00089589,-0.000846116,-0.0007841,-0.000712099,-0.000633595,-0.000551829,-0.000470294,-0.000391636,-0.000318277
-0.000928633,-0.000911273,-0.000877357,-0.000828325,-0.000767306,-0.000696493,-0.000619287,-0.000539008,-0.000458924,-0.000381834,-0.000309951
-0.000909189,-0.000892121,-0.000858727,-0.000810541,-0.000750439,-0.000680915,-0.000605045,-0.000526183,-0.000447623,-0.00037202,-0.000301687
-0.000890198,-0.000873431,-0.000840532,-0.000793192,-0.000734062,-0.000665629,-0.000591108,-0.000513693,-0.00043663,-0.000362515,-0.000293658
-0.000872067,-0.000855533,-0.000823106,-0.000776574,-0.000718456,-0.000651212,-0.00057788,-0.000501914,-0.000426183,-0.000353499,-0.000286074
-0.000853843,-0.000837558,-0.000805731,-0.0007599,-0.000702732,-0.000636565,-0.000564583,-0.000489955,-0.00041575,-0.000344497,-0.000278465
-0.000836054,-0.000820092,-0.000788698,-0.000743742,-0.000687436,-0.00062245,-0.000551713,-0.000478479,-0.000405634,-0.000335799,-0.000271173
-0.000818095,-0.000802405,-0.000771617,-0.000727373,-0.000672044,-0.000608172,-0.000538717,-0.000466877,-0.000395443,-0.000327064,-0.000263761
-0.000800751,-0.00078532,-0.000755024,-0.00071155,-0.000657199,-0.00059445,-0.000526264,-0.000455721,-0.000385676,-0.000318667,-0.000256755
-0.000784485,-0.000769261,-0.0007395,-0.000696688,-0.000643205,-0.000581554,-0.000514538,-0.000445272,-0.00037654,-0.000310873,-0.00025015
-0.000767986,-0.00075307,-0.000723751,-0.00068173,-0.000629193,-0.00056855,-0.000502762,-0.000434764,-0.000367311,-0.000302916,-0.000243554
-0.000751796,-0.000737127,-0.000708328,-0.000667029,-0.000615331,-0.000555828,-0.000491211,-0.000424491,-0.00035838,-0.000295256,-0.000237139
-0.000736125,-0.000721676,-0.000693359,-0.000652786,-0.000602007,-0.000543543,-0.000480059,-0.000414583,-0.000349708,-0.000287879,-0.000230977
-0.000720852,-0.000706618,-0.000678802,-0.000638872,-0.000588965,-0.000531546,-0.000469184,-0.000404932,-0.000341292,-0.000280697,-0.000224958
-0.000705724,-0.000691745,-0.0006644,-0.000625167,-0.000576115,-0.000519731,-0.000458487,-0.000395413,-0.000333013,-0.000273643,-0.000219097
-0.000690979,-0.000677238,-0.000650337,-0.000611785,-0.000563586,-0.000508192,-0.000448054,-0.000386163,-0.000324968,-0.000266791,-0.00021337
-0.000676718,-0.000663199,-0.000636752,-0.000598857,-0.000551492,-0.000497063,-0.000438003,-0.000377259,-0.000317208,-0.000260216,-0.000207886
-0.000662565,-0.000649303,-0.000623308,-0.000586073,-0.000539527,-0.000486066,-0.000428105,-0.000368452,-0.000309617,-0.000253716,-0.000202527
-0.000648654,-0.000635609,-0.000610076,-0.000573495,-0.000527777,-0.000475258,-0.000418336,-0.000359842,-0.000302122,-0.00024738,-0.00019726
-0.000635217,-0.00062236,-0.000597268,-0.000561335,-0.000516396,-0.000464812,-0.000408932,-0.000351516,-0.00029491,-0.000241264,-0.000192207
-0.000622122,-0.000609481,-0.000584857,-0.000549495,-0.000505355,-0.000454689,-0.000399813,-0.000343459,-0.000287944,-0.000235385,-0.000187315
-0.000609114,-0.000596675,-0.000572467,-0.000537755,-0.00049438,-0.000444645,-0.00039077,-0.000335505,-0.000281038,-0.000229546,-0.000182472
-0.000596517,-0.000584351,-0.000560519,-0.000526405,-0.000483831,-0.000434948,-0.000382023,-0.000327786,-0.000274385,-0.000223926,-0.000177843
-0.000584333,-0.000572333,-0.000548916,-0.000515377,-0.000473512,-0.000425568,-0.000373631,-0.000320326,-0.000268015,-0.000218514,-0.000173378
-0.000572154,-0.000560401,-0.000537414,-0.000504469,-0.000463365,-0.000416219,-0.000365204,-0.000312985,-0.000261605,-0.000213128,-0.00016895
-0.000560223,-0.000548623,-0.000526026,-0.000493687,-0.000453295,-0.000407027,-0.000356976,-0.000305717,-0.000255376,-0.000207872,-0.000164637
-0.000548806,-0.000537419,-0.000515192,-0.000483408,-0.000443712,-0.000398278,-0.000349113,-0.000298786,-0.000249428,-0.000202871,-0.000160513
-0.00053744,-0.000526237,-0.000504414,-0.000473199,-0.000434208,-0.000389569,-0.00034135,-0.000291976,-0.000243558,-0.000197927,-0.00015643
-0.000526579,-0.000515527,-0.000494098,-0.000463421,-0.000425112,-0.000381253,-0.000333874,-0.000285434,-0.000237921,-0.000193221,-0.000152552
-0.000515741,-0.000504935,-0.000483894,-0.000453726,-0.0004161,-0.000373027,-0.000326563,-0.00027898,-0.00023243,-0.00018856,-0.000148745
-0.000505118,-0.000494461,-0.000473765,-0.000444155,-0.000407198,-0.000364907,-0.000319269,-0.000272608,-0.000226927,-0.000183998,-0.000145034
-0.000494694,-0.000484233,-0.000463895,-0.000434797,-0.000398515,-0.000357003,-0.000312187,-0.000266404,-0.000221614,-0.000179544,-0.000141393
-0.000484708,-0.000474407,-0.000454436,-0.000425849,-0.000390205,-0.000349408,-0.000305394,-0.000260473,-0.000216531,-0.000175302,-0.000137943
-0.00047486,-0.000464759,-0.000445127,-0.000417018,-0.000382014,-0.000341957,-0.000298757,-0.000254651,-0.000211545,-0.000171122,-0.000134531
-0.000465278,-0.000455368,-0.000436027,-0.000408429,-0.000374062,-0.000334692,-0.00029224,-0.000249004,-0.000206695,-0.000167074,-0.000131229
-0.000455674,-0.000445951,-0.000426995,-0.000399894,-0.000366086,-0.000327458,-0.000285845,-0.00024338,-0.000201934,-0.00016307,-0.000127975
-0.000446393,-0.000436798,-0.000418172,-0.000391545,-0.000358365,-0.000320412,-0.000279552,-0.000237901,-0.000197245,-0.000159192,-0.000124796
-0.000437429,-0.000427988,-0.000409691,-0.00038351,-0.000350929,-0.000313658,-0.000273512,-0.000232647,-0.000192757,-0.00015546,-0.000121788
-0.000428678,-0.000419409,-0.000401415,-0.000375717,-0.000343691,-0.000307078,-0.00026765,-0.000227542,-0.000188413,-0.000151825,-0.00011882
-0.000419805,-0.00041067,-0.000393018,-0.000367762,-0.000336323,-0.000300389,-0.000261726,-0.000222355,-0.000184011,-0.000148165,-0.000115854
-0.0004115,-0.000402583,-0.000385192,-0.00036038,-0.000329501,-0.000294188,-0.000256175,-0.000217543,-0.000179901,-0.000144779,-0.000113092
-0.000403174,-0.000394433,-0.00037736,-0.000352958,-0.00032264,-0.000287961,-0.000250708,-0.000212741,-0.000175851,-0.000141364,-0.000110375
-0.000395408,-0.000386755,-0.000370036,-0.000346004,-0.000316196,-0.00028212,-0.000245452,-0.000208222,-0.000171996,-0.000138218,-0.000107798
-0.000387169,-0.000378659,-0.000362239,-0.000338668,-0.000309384,-0.000275939,-0.000240017,-0.000203495,-0.000167968,-0.000134867,-0.000105096
-0.000379491,-0.000371145,-0.000354952,-0.000331853,-0.000303068,-0.000270235,-0.000234929,-0.000199059,-0.000164215,-0.000131761,-0.000102582
-0.000371882,-0.000363658,-0.000347773,-0.000325047,-0.000296793,-0.000264534,-0.000229912,-0.000194701,-0.000160517,-0.000128687,-0.000100116
-0.000364517,-0.000356473,-0.000340836,-0.000318527,-0.000290755,-0.000259083,-0.000225023,-0.000190483,-0.00015695,-0.00012575,-9.77395e-05
-0.000357104,-0.000349195,-0.000333872,-0.000311943,-0.00028467,-0.000253573,-0.000220193,-0.00018626,-0.000153415,-0.000122804,-9.53851e-05
-0.000350174,-0.000342408,-0.000327335,-0.000305754,-0.000279014,-0.000248424,-0.000215614,-0.000182321,-0.000150061,-0.000120048,-9.31552e-05
-0.000343057,-0.000335405,-0.000320591,-0.000299424,-0.000273136,-0.000243124,-0.000210923,-0.000178267,-0.000146626,-0.000117222,-9.08951e-05
-0.000336515,-0.000328979,-0.000314408,-0.000293612,-0.00026775,-0.000238258,-0.000206603,-0.000174533,-0.000143484,-0.000114631,-8.88026e-05
-0.000329851,-0.00032244,-0.000308164,-0.000287684,-0.000262279,-0.00023333,-0.00020226,-0.000170773,-0.000140301,-0.000112009,-8.67177e-05
-0.00032325,-0.000315973,-0.000301929,-0.000281851,-0.0002569,-0.000228444,-0.000197957,-0.000167042,-0.000137176,-0.000109437,-8.4645e-05
-0.000317041,-0.000309877,-0.000296067,-0.000276333,-0.000251829,-0.000223849,-0.000193901,-0.000163556,-0.000134216,-0.000107007,-8.27102e-05
-0.000310701,-0.000303704,-0.000290117,-0.000270753,-0.000246644,-0.000219194,-0.000189788,-0.000160006,-0.000131245,-0.000104553,-8.07141e-05
-0.00030459,-0.000297702,-0.00028437,-0.000265319,-0.000241651,-0.000214677,-0.000185823,-0.000156572,-0.000128351,-0.000102188,-7.88594e-05
-0.000298764,-0.000291999,-0.000278888,-0.000260157,-0.000236908,-0.000210405,-0.000182031,-0.000153327,-0.000125603,-9.99451e-05,-7.70664e-05
-0.000292888,-0.000286234,-0.000273355,-0.000254957,-0.00023211,-0.000206075,-0.000178217,-0.000150039,-0.00012284,-9.76887e-05,-7.52602e-05
-0.000287236,-0.000280707,-0.000268052,-0.00024997,-0.000227512,-0.000201932,-0.000174554,-0.000146896,-0.000120217,-9.55203e-05,-7.35317e-05
-0.000281712,-0.000275285,-0.000262826,-0.00024506,-0.000223008,-0.000197868,-0.000170985,-0.000143804,-0.000117622,-9.34017e-05,-7.18508e-05
-0.000276224,-0.000269898,-0.000257694,-0.00024022,-0.00021855,-0.000193864,-0.000167462,-0.000140787,-0.000115081,-9.13288e-05,-7.01941e-05
-0.000270927,-0.000264689,-0.000252682,-0.000235511,-0.000214213,-0.000189933,-0.000164028,-0.000137842,-0.000112609,-8.93033e-05,-6.85932e-05
-0.000265644,-0.000259574,-0.00024775,-0.000230903,-0.000209976,-0.000186121,-0.000160662,-0.000134946,-0.000110198,-8.73264e-05,-6.70195e-05
-0.000260475,-0.000254483,-0.000242879,-0.000226315,-0.000205735,-0.000182336,-0.000157327,-0.000132086,-0.000107789,-8.53716e-05,-6.54789e-05
-0.000255495,-0.000249625,-0.000238213,-0.000221937,-0.000201723,-0.000178716,-0.000154148,-0.00012936,-0.000105514,-8.3516e-05,-6.39951e-05
-0.000250704,-0.000244907,-0.000233693,-0.000217696,-0.000197836,-0.000175195,-0.000151064,-0.000126719,-0.000103316,-8.17244e-05,-6.25722e-05
-0.000245985,-0.000240311,-0.000229303,-0.00021356,-0.000194006,-0.000171782,-0.000148059,-0.000124128,-0.000101153,-7.99659e-05,-6.11894e-05
-0.000241397,-0.000235818,-0.000224965,-0.000209477,-0.000190276,-0.000168436,-0.000145108,-0.000121631,-9.90435e-05,-7.82475e-05,-5.98235e-05
-0.000236602,-0.000231086,-0.000220453,-0.000205255,-0.00018639,-0.000164931,-0.000142059,-0.000119003,-9.68617e-05,-7.64671e-05,-5.84232e-05
-0.000232132,-0.000226713,-0.000216276,-0.000201304,-0.000182778,-0.00016169,-0.000139219,-0.000116575,-9.48276e-05,-7.48282e-05,-5.71209e-05
-0.000227679,-0.000222364,-0.000212087,-0.000197392,-0.000179177,-0.000158458,-0.000136381,-0.00011415,-9.28127e-05,-7.31837e-05,-5.58279e-05
-0.000223418,-0.000218197,-0.000208091,-0.000193647,-0.000175748,-0.000155377,-0.000133681,-0.000111842,-9.08913e-05,-7.16214e-05,-5.45955e-05
-0.000219245,-0.000214138,-0.000204192,-0.000189999,-0.000172387,-0.000152365,-0.00013105,-0.000109599,-8.90199e-05,-7.01062e-05,-5.33982e-05
-0.000215195,-0.000210161,-0.000200379,-0.000186409,-0.000169098,-0.000149427,-0.00012846,-0.000107406,-8.71834e-05,-6.86193e-05,-5.22307e-05
-0.000211185,-0.000206234,-0.000196623,-0.0001829,-0.00016587,-0.00014654,-0.000125937,-0.000105229,-8.53899e-05,-6.71608e-05,-5.10843e-05
-0.000207188,-0.000202328,-0.000192877,-0.000179375,-0.000162657,-0.000143644,-0.000123418,-0.000103087,-8.36025e-05,-6.57175e-05,-4.99463e-05
-0.000203299,-0.000198505,-0.000189217,-0.000175956,-0.000159514,-0.000140834,-0.000120963,-0.000100993,-8.18585e-05,-6.43094e-05,-4.88378e-05
-0.000199643,-0.000194925,-0.000185791,-0.000172749,-0.000156571,-0.000138192,-0.000118662,-9.90283e-05,-8.02305e-05,-6.29903e-05,-4.78055e-05
-0.00019591,-0.000191265,-0.000182295,-0.000169481,-0.000153578,-0.000135521,-0.000116322,-9.70274e-05,-7.85698e-05,-6.1658e-05,-4.67579e-05
-0.000192194,-0.000187641,-0.000178824,-0.000166201,-0.000150588,-0.000132841,-0.000113983,-9.50407e-05,-7.69285e-05,-6.03222e-05,-4.57112e-05
-0.00018872,-0.000184245,-0.000175566,-0.000163158,-0.000147786,-0.000130343,-0.000111801,-9.31811e-05,-7.53953e-05,-5.90821e-05,-4.47437e-05
-0.000185331,-0.000180909,-0.000172397,-0.000160174,-0.000145053,-0.000127905,-0.000109668,-9.13678e-05,-7.38874e-05,-5.78709e-05,-4.37937e-05
-0.000181852,-0.000177526,-0.000169129,-0.000157143,-0.000142298,-0.000125425,-0.000107515,-8.95456e-05,-7.23635e-05,-5.66423e-05,-4.28281e-05
-0.000178459,-0.000174198,-0.000165961,-0.00015416,-0.000139565,-0.000122993,-0.000105389,-8.77342e-05,-7.08699e-05,-5.54436e-05,-4.18912e-05
-0.000175295,-0.000171088,-0.000162969,-0.000151386,-0.000137015,-0.000120711,-0.000103409,-8.60477e-05,-6.94878e-05,-5.43195e-05,-4.10127e-05
-0.00017205,-0.000167933,-0.000159958,-0.000148536,-0.000134431,-0.0001184,-0.000101391,-8.4343e-05,-6.80643e-05,-5.31848e-05,-4.01269e-05
-0.000168867,-0.000164819,-0.000156974,-0.000145758,-0.000131878,-0.000116123,-9.94101e-05,-8.2659e-05,-6.6676e-05,-5.20654e-05,-3.92517e-05
-0.000165914,-0.000161922,-0.000154203,-0.000143183,-0.000129517,-0.000114022,-9.75742e-05,-8.11015e-05,-6.5393e-05,-5.10277e-05,-3.84411e-05
-0.000162842,-0.000158933,-0.000151338,-0.000140483,-0.000127057,-0.000111822,-9.5668e-05,-7.94852e-05,-6.40517e-05,-4.99628e-05,-3.76118e-05
-0.000159912,-0.000156068,-0.000148598,-0.000137921,-0.000124717,-0.000109734,-9.38519e-05,-7.79461e-05,-6.27822e-05,-4.89439e-05,-3.68151e-05
-0.000157105,-0.000153312,-0.000145972,-0.00013545,-0.000122473,-0.000107726,-9.21087e-05,-7.64684e-05,-6.15592e-05,-4.79592e-05,-3.60536e-05
-0.000154299,-0.000150577,-0.00014334,-0.000133012,-0.000120234,-0.000105734,-9.03865e-05,-7.50051e-05,-6.03558e-05,-4.69951e-05,-3.53054e-05
-0.000151557,-0.000147869,-0.000140768,-0.000130613,-0.00011804,-0.000103785,-8.86843e-05,-7.35644e-05,-5.91691e-05,-4.60453e-05,-3.45671e-05
-0.000148797,-0.000145193,-0.000138197,-0.000128204,-0.000115844,-0.000101824,-8.69839e-05,-7.21241e-05,-5.7985e-05,-4.51012e-05,-3.38283e-05
-0.00014614,-0.00014259,-0.000135716,-0.000125873,-0.00011372,-9.99312e-05,-8.53387e-05,-7.07394e-05,-5.68435e-05,-4.41833e-05,-3.31169e-05
-0.00014354,-0.00014005,-0.000133284,-0.000123602,-0.000111655,-9.80886e-05,-8.3741e-05,-6.93877e-05,-5.57298e-05,-4.32938e-05,-3.24273e-05
-0.00014105,-0.000137622,-0.000130953,-0.000121441,-0.000109668,-9.63317e-05,-8.22023e-05,-6.80897e-05,-5.46673e-05,-4.24431e-05,-3.17663e-05
-0.000138562,-0.000135181,-0.000128625,-0.000119264,-0.00010769,-9.45622e-05,-8.06865e-05,-6.68089e-05,-5.36074e-05,-4.15953e-05,-3.11097e-05
-0.000136103,-0.000132782,-0.000126331,-0.000117122,-0.000105738,-9.28254e-05,-7.91721e-05,-6.55278e-05,-5.25592e-05,-4.07614e-05,-3.04624e-05
-0.000133739,-0.000130463,-0.000124121,-0.00011505,-0.000103842,-9.11448e-05,-7.77147e-05,-6.42983e-05,-5.15491e-05,-3.99551e-05,-2.98393e-05
-0.000131388,-0.000128163,-0.000121918,-0.000112993,-0.000101978,-8.94772e-05,-7.62775e-05,-6.30857e-05,-5.05545e-05,-3.91594e-05,-2.92219e-05
-0.000129063,-0.000125894,-0.000119758,-0.000110975,-0.000100134,-8.78489e-05,-7.48605e-05,-6.1888e-05,-4.95705e-05,-3.83808e-05,-2.86182e-05
-0.000126851,-0.000123729,-0.00011768,-0.00010905,-9.83717e-05,-8.62855e-05,-7.35042e-05,-6.07472e-05,-4.86372e-05,-3.7631e-05,-2.80427e-05
-0.000124634,-0.000121572,-0.000115621,-0.000107116,-9.66158e-05,-8.47231e-05,-7.21536e-05,-5.96104e-05,-4.7706e-05,-3.68966e-05,-2.74703e-05
-0.000122481,-0.000119471,-0.000113615,-0.000105235,-9.49073e-05,-8.32012e-05,-7.08413e-05,-5.85033e-05,-4.67972e-05,-3.61738e-05,-2.69128e-05
-0.000120379,-0.000117412,-0.000111644,-0.000103408,-9.32451e-05,-8.1724e-05,-6.95611e-05,-5.74294e-05,-4.5913e-05,-3.5471e-05,-2.63707e-05
-0.000118302,-0.000115386,-0.000109708,-0.000101605,-9.15957e-05,-8.02667e-05,-6.82995e-05,-5.63648e-05,-4.50442e-05,-3.47794e-05,-2.58439e-05
-0.000116246,-0.000113374,-0.000107787,-9.98154e-05,-8.99691e-05,-7.8819e-05,-6.70486e-05,-5.53134e-05,-4.41834e-05,-3.40935e-05,-2.53124e-05
-0.000114258,-0.000111421,-0.000105923,-9.80752e-05,-8.83846e-05,-7.74135e-05,-6.58366e-05,-5.4293e-05,-4.33525e-05,-3.34295e-05,-2.47975e-05
-0.000112299,-0.000109518,-0.000104106,-9.63777e-05,-8.68424e-05,-7.60458e-05,-6.46551e-05,-5.32983e-05,-4.25395e-05,-3.27906e-05,-2.42968e-05
-0.000110412,-0.000107671,-0.000102347,-9.47342e-05,-8.53464e-05,-7.47196e-05,-6.35092e-05,-5.23346e-05,-4.17533e-05,-3.21641e-05,-2.38196e-05
-0.0001085,-0.000105803,-0.000100559,-9.30744e-05,-8.38321e-05,-7.33828e-05,-6.23516e-05,-5.13613e-05,-4.09594e-05,-3.15345e-05,-2.3339e-05
-0.00010668,-0.000104024,-9.88599e-05,-9.1495e-05,-8.24011e-05,-7.21108e-05,-6.12532e-05,-5.04407e-05,-4.0206e-05,-3.0936e-05,-2.28806e-05
-0.000104843,-0.00010223,-9.71479e-05,-8.98942e-05,-8.09446e-05,-7.08213e-05,-6.01434e-05,-4.95101e-05,-3.94456e-05,-3.03358e-05,-2.24137e-05
-0.000103094,-0.000100518,-9.55184e-05,-8.8369e-05,-7.95613e-05,-6.95953e-05,-5.90866e-05,-4.86239e-05,-3.87217e-05,-2.97638e-05,-2.19788e-05
-0.000101357,-9.8822e-05,-9.38992e-05,-8.68655e-05,-7.81938e-05,-6.83827e-05,-5.80425e-05,-4.77459e-05,-3.80076e-05,-2.9202e-05,-2.15541e-05
-9.96701e-05,-9.71704e-05,-9.2319e-05,-8.53982e-05,-7.68578e-05,-6.72002e-05,-5.70223e-05,-4.68929e-05,-3.73116e-05,-2.86456e-05,-2.11224e-05
-9.80022e-05,-9.55452e-05,-9.07685e-05,-8.39469e-05,-7.5543e-05,-6.60383e-05,-5.60207e-05,-4.60523e-05,-3.66252e-05,-2.81036e-05,-2.07161e-05
-9.63542e-05,-9.39368e-05,-8.92345e-05,-8.25228e-05,-7.42487e-05,-6.48914e-05,-5.50314e-05,-4.52232e-05,-3.59518e-05,-2.75766e-05,-2.03029e-05
-9.47616e-05,-9.23827e-05,-8.77549e-05,-8.1136e-05,-7.29905e-05,-6.37775e-05,-5.40745e-05,-4.44224e-05,-3.53006e-05,-2.70602e-05,-1.99096e-05
-9.31639e-05,-9.08199e-05,-8.62586e-05,-7.97531e-05,-7.17317e-05,-6.26676e-05,-5.31171e-05,-4.36205e-05,-3.46479e-05,-2.65445e-05,-1.95142e-05
-9.16218e-05,-8.9315e-05,-8.48238e-05,-7.84156e-05,-7.05194e-05,-6.15927e-05,-5.21936e-05,-4.28468e-05,-3.40189e-05,-2.60477e-05,-1.9134e-05
-9.0121e-05,-8.785e-05,-8.3425e-05,-7.71173e-05,-6.93388e-05,-6.05514e-05,-5.12973e-05,-4.20978e-05,-3.34089e-05,-2.55667e-05,-1.87752e-05
-8.8627e-05,-8.63873e-05,-8.20322e-05,-7.58169e-05,-6.81606e-05,-5.95101e-05,-5.04004e-05,-4.13477e-05,-3.28006e-05,-2.50877e-05,-1.84012e-05
-8.7196e-05,-8.49882e-05,-8.06947e-05,-7.45718e-05,-6.70305e-05,-5.85112e-05,-4.95434e-05,-4.06319e-05,-3.22205e-05,-2.46276e-05,-1.80515e-05
-8.57402e-05,-8.35675e-05,-7.93432e-05,-7.33154e-05,-6.58911e-05,-5.75055e-05,-4.86752e-05,-3.99068e-05,-3.16292e-05,-2.41633e-05,-1.76988e-05
-8.43469e-05,-8.2207e-05,-7.80474e-05,-7.21095e-05,-6.47968e-05,-5.65423e-05,-4.78463e-05,-3.92136e-05,-3.10676e-05,-2.3723e-05,-1.73627e-05
-8.2976e-05,-8.08698e-05,-7.67701e-05,-7.09209e-05,-6.37186e-05,-5.55906e-05,-4.70282e-05,-3.853e-05,-3.05126e-05,-2.32933e-05,-1.7029e-05
-8.16167e-05,-7.95428e-05,-7.55032e-05,-6.97443e-05,-6.26525e-05,-5.4647e-05,-4.62196e-05,-3.78558e-05,-2.99652e-05,-2.28567e-05,-1.66918e-05
-8.03005e-05,-7.82601e-05,-7.42804e-05,-6.86057e-05,-6.16213e-05,-5.37347e-05,-4.54373e-05,-3.72022e-05,-2.94372e-05,-2.24413e-05,-1.63936e-05
-7.9006e-05,-7.69908e-05,-7.30732e-05,-6.74836e-05,-6.06038e-05,-5.28393e-05,-4.46643e-05,-3.65607e-05,-2.8916e-05,-2.20353e-05,-1.60702e-05
-7.77181e-05,-7.57341e-05,-7.18755e-05,-6.63714e-05,-5.95939e-05,-5.19486e-05,-4.39021e-05,-3.59223e-05,-2.84003e-05,-2.16247e-05,-1.57703e-05
-7.6482e-05,-7.45293e-05,-7.07254e-05,-6.52996e-05,-5.86233e-05,-5.10905e-05,-4.3169e-05,-3.53118e-05,-2.79049e-05,-2.12358e-05,-1.54728e-05
-7.52343e-05,-7.33113e-05,-6.95651e-05,-6.42231e-05,-5.76492e-05,-5.02315e-05,-4.24308e-05,-3.46953e-05,-2.74073e-05,-2.08482e-05,-1.5177e-05
-7.40432e-05,-7.21487e-05,-6.84549e-05,-6.319e-05,-5.67164e-05,-4.94065e-05,-4.17252e-05,-3.41068e-05,-2.69306e-05,-2.04713e-05,-1.48927e-05
-7.28597e-05,-7.09959e-05,-6.73592e-05,-6.21707e-05,-5.57923e-05,-4.85925e-05,-4.10255e-05,-3.35256e-05,-2.64599e-05,-2.01073e-05,-1.46156e-05
-7.1695e-05,-6.98554e-05,-6.62726e-05,-6.11638e-05,-5.48777e-05,-4.77892e-05,-4.0337e-05,-3.29516e-05,-2.59968e-05,-1.97436e-05,-1.43412e-05
-7.05561e-05,-6.87429e-05,-6.52147e-05,-6.0182e-05,-5.3989e-05,-4.70059e-05,-3.96644e-05,-3.23913e-05,-2.55451e-05,-1.93886e-05,-1.40751e-05
-6.94457e-05,-6.76581e-05,-6.41792e-05,-5.922e-05,-5.31187e-05,-4.62403e-05,-3.90096e-05,-3.18469e-05,-2.51042e-05,-1.90458e-05,-1.38331e-05
-6.8348e-05,-6.65852e-05,-6.31585e-05,-5.82739e-05,-5.22604e-05,-4.5483e-05,-3.83612e-05,-3.1307e-05,-2.46702e-05,-1.87046e-05,-1.35533e-05
-6.72664e-05,-6.55361e-05,-6.21552e-05,-5.73402e-05,-5.14165e-05,-4.47416e-05,-3.77257e-05,-3.07788e-05,-2.42431e-05,-1.83755e-05,-1.33046e-05
-6.62156e-05,-6.4505e-05,-6.11775e-05,-5.64312e-05,-5.05972e-05,-4.40179e-05,-3.7107e-05,-3.0264e-05,-2.38272e-05,-1.8046e-05,-1.30623e-05
-6.5164e-05,-6.3481e-05,-6.02009e-05,-5.55245e-05,-4.97764e-05,-4.32944e-05,-3.64888e-05,-2.9751e-05,-2.34139e-05,-1.7723e-05,-1.28175e-05
-6.41456e-05,-6.24862e-05,-5.92545e-05,-5.46453e-05,-4.8981e-05,-4.25967e-05,-3.589e-05,-2.9254e-05,-2.30135e-05,-1.74095e-05,-1.25816e-05
-6.31531e-05,-6.15205e-05,-5.8328e-05,-5.37879e-05,-4.82049e-05,-4.19128e-05,-3.53077e-05,-2.87684e-05,-2.26231e-05,-1.71065e-05,-1.23399e-05
-6.2163e-05,-6.055e-05,-5.74102e-05,-5.29346e-05,-4.74329e-05,-4.12354e-05,-3.47261e-05,-2.82868e-05,-2.22339e-05,-1.67988e-05,-1.21238e-05
-6.11969e-05,-5.96065e-05,-5.65116e-05,-5.21016e-05,-4.66799e-05,-4.05728e-05,-3.41601e-05,-2.78178e-05,-2.18562e-05,-1.65078e-05,-1.19026e-05
-6.026e-05,-5.86933e-05,-5.56405e-05,-5.1297e-05,-4.59511e-05,-3.99307e-05,-3.36125e-05,-2.73615e-05,-2.14921e-05,-1.62246e-05,-1.1686e-05
-5.93307e-05,-5.77857e-05,-5.478e-05,-5.04921e-05,-4.5228e-05,-3.92949e-05,-3.30692e-05,-2.69111e-05,-2.11258e-05,-1.59377e-05,-1.14738e-05
-5.84132e-05,-5.68933e-05,-5.39263e-05,-4.97026e-05,-4.45121e-05,-3.86659e-05,-3.25323e-05,-2.64659e-05,-2.07695e-05,-1.56652e-05,-1.12642e-05
-5.75137e-05,-5.60118e-05,-5.3091e-05,-4.89285e-05,-4.38126e-05,-3.80518e-05,-3.20059e-05,-2.60315e-05,-2.04194e-05,-1.53883e-05,-1.10629e-05
-5.66356e-05,-5.51545e-05,-5.22736e-05,-4.81698e-05,-4.31273e-05,-3.74506e-05,-3.14928e-05,-2.56059e-05,-2.0077e-05,-1.5116e-05,-1.08644e-05
-5.57655e-05,-5.43073e-05,-5.14682e-05,-4.74237e-05,-4.24533e-05,-3.68564e-05,-3.09871e-05,-2.51859e-05,-1.97409e-05,-1.48608e-05,-1.06669e-05
-5.49222e-05,-5.34851e-05,-5.06861e-05,-4.66978e-05,-4.17988e-05,-3.62824e-05,-3.04954e-05,-2.47788e-05,-1.94141e-05,-1.46062e-05,-1.04755e-05
-5.40868e-05,-5.26692e-05,-4.9908e-05,-4.59768e-05,-4.11464e-05,-3.57105e-05,-3.0008e-05,-2.43765e-05,-1.90894e-05,-1.43554e-05,-1.0291e-05
-5.32791e-05,-5.18793e-05,-4.91603e-05,-4.5283e-05,-4.05204e-05,-3.51603e-05,-2.95368e-05,-2.3985e-05,-1.87785e-05,-1.41128e-05,-1.01116e-05
-5.24544e-05,-5.10771e-05,-4.83938e-05,-4.45743e-05,-3.98804e-05,-3.45993e-05,-2.90598e-05,-2.35907e-05,-1.84601e-05,-1.38663e-05,-9.92386e-06
-5.16787e-05,-5.03181e-05,-4.76732e-05,-4.39066e-05,-3.92775e-05,-3.40687e-05,-2.86074e-05,-2.32161e-05,-1.81606e-05,-1.36331e-05,-9.75018e-06
-5.08912e-05,-4.95525e-05,-4.69431e-05,-4.32316e-05,-3.86674e-05,-3.35354e-05,-2.81539e-05,-2.28404e-05,-1.78589e-05,-1.33989e-05,-9.5754e-06
-5.01277e-05,-4.88071e-05,-4.62327e-05,-4.25706e-05,-3.80747e-05,-3.30135e-05,-2.77092e-05,-2.24735e-05,-1.75645e-05,-1.3171e-05,-9.41406e-06
-4.93739e-05,-4.80725e-05,-4.55371e-05,-4.19269e-05,-3.74912e-05,-3.25036e-05,-2.72729e-05,-2.21129e-05,-1.72759e-05,-1.29474e-05,-9.23799e-06
-4.86503e-05,-4.73663e-05,-4.48669e-05,-4.13031e-05,-3.69307e-05,-3.20115e-05,-2.68519e-05,-2.17656e-05,-1.69977e-05,-1.27288e-05,-9.06408e-06
-4.79254e-05,-4.66586e-05,-4.41919e-05,-4.06807e-05,-3.63701e-05,-3.15163e-05,-2.64359e-05,-2.14199e-05,-1.67192e-05,-1.25157e-05,-8.91941e-06
-4.72027e-05,-4.59549e-05,-4.35247e-05,-4.00614e-05,-3.58087e-05,-3.10272e-05,-2.60166e-05,-2.10752e-05,-1.64459e-05,-1.23022e-05,-8.75839e-06
-4.65034e-05,-4.52729e-05,-4.28731e-05,-3.94625e-05,-3.5268e-05,-3.05531e-05,-2.56123e-05,-2.07407e-05,-1.61776e-05,-1.20957e-05,-8.60787e-06
-4.58132e-05,-4.45974e-05,-4.22336e-05,-3.88668e-05,-3.4732e-05,-3.00847e-05,-2.52141e-05,-2.04122e-05,-1.59151e-05,-1.18916e-05,-8.45662e-06
-4.51369e-05,-4.39363e-05,-4.16069e-05,-3.82897e-05,-3.42103e-05,-2.96285e-05,-2.48247e-05,-2.009e-05,-1.56576e-05,-1.16935e-05,-8.31086e-06
-4.44784e-05,-4.32959e-05,-4.0996e-05,-3.77206e-05,-3.37002e-05,-2.91809e-05,-2.44439e-05,-1.97774e-05,-1.54077e-05,-1.15019e-05,-8.17012e-06
-4.38174e-05,-4.26542e-05,-4.03832e-05,-3.71563e-05,-3.31897e-05,-2.87346e-05,-2.40657e-05,-1.94644e-05,-1.51578e-05,-1.1308e-05,-8.02043e-06
-4.3181e-05,-4.20333e-05,-3.97908e-05,-3.66074e-05,-3.26959e-05,-2.83007e-05,-2.3698e-05,-1.9162e-05,-1.49157e-05,-1.11214e-05,-7.88347e-06
-4.25509e-05,-4.14155e-05,-3.92087e-05,-3.60683e-05,-3.22093e-05,-2.78756e-05,-2.33362e-05,-1.88638e-05,-1.46767e-05,-1.09366e-05,-7.74843e-06
-4.19299e-05,-4.08112e-05,-3.86333e-05,-3.55387e-05,-3.17308e-05,-2.74563e-05,-2.29799e-05,-1.85695e-05,-1.44443e-05,-1.07558e-05,-7.61504e-06
-4.13195e-05,-4.02163e-05,-3.80687e-05,-3.5012e-05,-3.12594e-05,-2.70428e-05,-2.26286e-05,-1.82807e-05,-1.42123e-05,-1.05792e-05,-7.48402e-06
-4.07216e-05,-3.96337e-05,-3.75141e-05,-3.45003e-05,-3.07978e-05,-2.66402e-05,-2.22858e-05,-1.79979e-05,-1.39872e-05,-1.04047e-05,-7.35508e-06
-4.01381e-05,-3.90643e-05,-3.69701e-05,-3.39989e-05,-3.03469e-05,-2.62431e-05,-2.19507e-05,-1.77211e-05,-1.37678e-05,-1.02359e-05,-7.22877e-06
-3.95501e-05,-3.84908e-05,-3.6429e-05,-3.34977e-05,-2.98939e-05,-2.58503e-05,-2.16144e-05,-1.74445e-05,-1.35462e-05,-1.00661e-05,-7.10292e-06
-3.89835e-05,-3.79371e-05,-3.59027e-05,-3.3012e-05,-2.94566e-05,-2.54674e-05,-2.12891e-05,-1.71778e-05,-1.33337e-05,-9.90168e-06,-6.98296e-06
-3.84275e-05,-3.73981e-05,-3.53887e-05,-3.25371e-05,-2.90296e-05,-2.50933e-05,-2.09729e-05,-1.69167e-05,-1.31257e-05,-9.74227e-06,-6.86635e-06
-3.78726e-05,-3.68547e-05,-3.48754e-05,-3.20599e-05,-2.86015e-05,-2.47185e-05,-2.06542e-05,-1.66549e-05,-1.29181e-05,-9.58118e-06,-6.74696e-06
-3.73406e-05,-3.63337e-05,-3.4379e-05,-3.16014e-05,-2.81888e-05,-2.43604e-05,-2.03491e-05,-1.64045e-05,-1.27181e-05,-9.42642e-06,-6.64006e-06
-3.68067e-05,-3.58176e-05,-3.3887e-05,-3.11495e-05,-2.77803e-05,-2.40061e-05,-2.0046e-05,-1.61546e-05,-1.25201e-05,-9.2778e-06,-6.52456e-06
-3.6279e-05,-3.53013e-05,-3.33983e-05,-3.06963e-05,-2.73739e-05,-2.36493e-05,-1.97451e-05,-1.59072e-05,-1.23235e-05,-9.12431e-06,-6.41286e-06
-3.57673e-05,-3.48023e-05,-3.2926e-05,-3.02591e-05,-2.6981e-05,-2.33049e-05,-1.94535e-05,-1.56677e-05,-1.21336e-05,-8.97802e-06,-6.30566e-06
-3.52546e-05,-3.43043e-05,-3.24527e-05,-2.9822e-05,-2.65857e-05,-2.29586e-05,-1.91616e-05,-1.54282e-05,-1.19414e-05,-8.83274e-06,-6.19859e-06
-3.47592e-05,-3.38242e-05,-3.19921e-05,-2.93966e-05,-2.62045e-05,-2.26237e-05,-1.88814e-05,-1.51981e-05,-1.17577e-05,-8.69169e-06,-6.09687e-06
-3.42695e-05,-3.33409e-05,-3.15385e-05,-2.89765e-05,-2.58272e-05,-2.22952e-05,-1.86007e-05,-1.49669e-05,-1.15749e-05,-8.55149e-06,-5.99059e-06
-3.37849e-05,-3.28729e-05,-3.10919e-05,-2.85646e-05,-2.54565e-05,-2.19715e-05,-1.83263e-05,-1.47424e-05,-1.13965e-05,-8.41462e-06,-5.89195e-06
-3.33084e-05,-3.24063e-05,-3.06492e-05,-2.81559e-05,-2.50908e-05,-2.16511e-05,-1.8057e-05,-1.45192e-05,-1.122e-05,-8.27912e-06,-5.78952e-06
-3.28449e-05,-3.19531e-05,-3.02196e-05,-2.77594e-05,-2.47332e-05,-2.13401e-05,-1.77922e-05,-1.43031e-05,-1.1048e-05,-8.14727e-06,-5.69626e-06
-3.23891e-05,-3.15112e-05,-2.97979e-05,-2.73705e-05,-2.43838e-05,-2.10341e-05,-1.75345e-05,-1.40915e-05,-1.08802e-05,-8.01879e-06,-5.60001e-06
-3.19305e-05,-3.10641e-05,-2.93757e-05,-2.69795e-05,-2.40322e-05,-2.07278e-05,-1.72749e-05,-1.3879e-05,-1.07112e-05,-7.88966e-06,-5.50813e-06
-3.15034e-05,-3.06448e-05,-2.89823e-05,-2.66158e-05,-2.37043e-05,-2.04423e-05,-1.70297e-05,-1.36779e-05,-1.05525e-05,-7.76727e-06,-5.42177e-06
-3.10606e-05,-3.02157e-05,-2.85713e-05,-2.62356e-05,-2.3364e-05,-2.0145e-05,-1.67808e-05,-1.34746e-05,-1.03899e-05,-7.64484e-06,-5.33084e-06
-3.06204e-05,-2.97867e-05,-2.81633e-05,-2.58605e-05,-2.30272e-05,-1.98517e-05,-1.65333e-05,-1.32713e-05,-1.02289e-05,-7.52034e-06,-5.23961e-06
-3.02017e-05,-2.93798e-05,-2.77747e-05,-2.5502e-05,-2.27057e-05,-1.95702e-05,-1.62961e-05,-1.30772e-05,-1.00757e-05,-7.40385e-06,-5.15076e-06
-2.97867e-05,-2.89764e-05,-2.73942e-05,-2.51496e-05,-2.23911e-05,-1.92931e-05,-1.60643e-05,-1.28861e-05,-9.92407e-06,-7.28771e-06,-5.06571e-06
-2.93833e-05,-2.85828e-05,-2.70207e-05,-2.48049e-05,-2.20799e-05,-1.90257e-05,-1.5835e-05,-1.26993e-05,-9.77604e-06,-7.17584e-06,-4.98347e-06
-2.8973e-05,-2.81838e-05,-2.66418e-05,-2.44565e-05,-2.17669e-05,-1.87513e-05,-1.56044e-05,-1.25104e-05,-9.62644e-06,-7.06039e-06,-4.90442e-06
-2.85874e-05,-2.78065e-05,-2.62838e-05,-2.41257e-05,-2.14697e-05,-1.8494e-05,-1.53862e-05,-1.23318e-05,-9.48516e-06,-6.95438e-06,-4.82954e-06
-2.81943e-05,-2.74252e-05,-2.59191e-05,-2.37897e-05,-2.11672e-05,-1.82294e-05,-1.51641e-05,-1.21509e-05,-9.34146e-06,-6.84488e-06,-4.74765e-06
-2.7804e-05,-2.7042e-05,-2.55599e-05,-2.34578e-05,-2.08703e-05,-1.79719e-05,-1.49446e-05,-1.19707e-05,-9.19921e-06,-6.73753e-06,-4.67305e-06
-2.74284e-05,-2.66771e-05,-2.52146e-05,-2.31366e-05,-2.05814e-05,-1.77201e-05,-1.47328e-05,-1.17977e-05,-9.06247e-06,-6.63249e-06,-4.59704e-06
-2.706e-05,-2.63161e-05,-2.48714e-05,-2.28207e-05,-2.02997e-05,-1.74745e-05,-1.45245e-05,-1.16277e-05,-8.92783e-06,-6.53121e-06,-4.52451e-06
-2.66869e-05,-2.59561e-05,-2.453e-05,-2.25059e-05,-2.00172e-05,-1.72282e-05,-1.43177e-05,-1.14584e-05,-8.79425e-06,-6.42795e-06,-4.44345e-06
-2.63354e-05,-2.56124e-05,-2.42012e-05,-2.22046e-05,-1.97456e-05,-1.69914e-05,-1.41186e-05,-1.1296e-05,-8.66621e-06,-6.33118e-06,-4.37983e-06
