0.000228784,0.000216889,0.000215728,0.000212463,0.000202008,0.000201876,0.000189248,0.000182142,0.000172746,0.000168112,0.000152991
0.000219687,0.000208574,0.000207325,0.000203203,0.000195548,0.000193697,0.000181803,0.000173783,0.000165525,0.000158374,0.000145405
0.000212687,0.000202161,0.000201352,0.000197275,0.000187406,0.000185424,0.000173187,0.000166794,0.000156888,0.000149764,0.000137183
0.000205897,0.00019529,0.000194321,0.000190527,0.000181813,0.000178928,0.000165929,0.000159972,0.000150271,0.000142721,0.000130815
0.000199523,0.000189579,0.000188417,0.000184165,0.00017553,0.000172473,0.000159544,0.000154173,0.000144137,0.000135815,0.000124835
0.00019248,0.000184485,0.000182759,0.000177827,0.000170117,0.000166328,0.000153866,0.000148708,0.000138822,0.000129833,0.000119567
0.000187807,0.000179078,0.000177504,0.000172441,0.000163912,0.000160719,0.000148145,0.000143883,0.000133199,0.00012366,0.000114254
0.000181817,0.000174447,0.00017216,0.000167439,0.000158388,0.00015564,0.000143304,0.00013934,0.000128557,0.000118407,0.000109658
0.00017729,0.000169494,0.000167489,0.000161921,0.00015301,0.000150156,0.000138229,0.000134605,0.000123611,0.000113586,0.000104965
0.000172651,0.000164699,0.000162689,0.000157022,0.00014878,0.000145048,0.000133713,0.000130258,0.000119132,0.000108963,0.000100918
0.000167889,0.000160135,0.000158066,0.000152572,0.000142217,0.00014042,0.000129533,0.000125074,0.000114851,0.000105539,9.67165e-05
0.000162399,0.000156937,0.000153395,0.000147555,0.000138393,0.000136355,0.000125001,0.000121563,0.00011073,0.000101826,9.2551e-05
0.000159117,0.000150958,0.000149287,0.000143679,0.000133112,0.000131521,0.000121005,0.000117835,0.00010734,9.79279e-05,8.9707e-05
0.000154513,0.000147928,0.000145301,0.000138945,0.000128781,0.000127587,0.000117552,0.000113339,0.000103244,9.506e-05,8.58038e-05
0.000150776,0.000143401,0.000140804,0.000134734,0.000125067,0.000123343,0.00011356,0.00010975,0.000100207,9.19368e-05,8.26315e-05
0.00014677,0.000139256,0.000136681,0.00013138,0.00012096,0.000119388,0.00011008,0.000105428,9.68528e-05,8.89859e-05,7.98177e-05
0.000142673,0.000135101,0.000132589,0.000126057,0.000117954,0.000116451,0.000106866,0.000102856,9.35298e-05,8.63191e-05,7.6695e-05
0.00013945,0.000131988,0.000129393,0.000123024,0.000114735,0.000112741,0.000103168,9.89591e-05,9.04092e-05,8.33882e-05,7.39168e-05
0.000135846,0.000128347,0.000125404,0.000118891,0.000111089,0.000109337,0.000100652,9.5867e-05,8.73504e-05,8.05305e-05,7.11581e-05
0.000132347,0.000125098,0.000122204,0.000115733,0.000107867,0.000106134,9.71196e-05,9.23327e-05,8.49519e-05,7.77977e-05,6.89277e-05
0.000129015,0.000121495,0.000118612,0.000111835,0.000104886,0.000103162,9.4683e-05,8.96263e-05,8.16443e-05,7.53391e-05,6.61451e-05
0.000125481,0.000118718,0.000116329,0.000108716,0.000101689,0.000100415,9.16793e-05,8.64929e-05,7.90637e-05,7.2929e-05,6.3933e-05
0.000122099,0.000114711,0.000111864,0.000105363,9.91094e-05,9.70135e-05,8.87481e-05,8.42194e-05,7.64256e-05,7.07415e-05,6.1652e-05
0.000119147,0.000111921,0.000110077,0.000102476,9.65461e-05,9.49721e-05,8.64134e-05,8.10485e-05,7.43227e-05,6.82572e-05,5.94998e-05
0.00011588,0.000109033,0.000106512,9.94166e-05,9.38203e-05,9.1183e-05,8.38869e-05,7.85851e-05,7.16426e-05,6.58477e-05,5.70492e-05
0.000113396,0.000106029,0.000103648,9.64429e-05,9.10268e-05,8.86086e-05,8.14302e-05,7.59007e-05,6.95267e-05,6.36016e-05,5.52316e-05
0.000109584,0.000103264,0.000100894,9.36381e-05,8.89492e-05,8.62674e-05,7.90643e-05,7.3453e-05,6.66758e-05,6.14445e-05,5.30948e-05
0.000107264,0.000100351,9.80768e-05,9.10994e-05,8.62518e-05,8.33534e-05,7.66771e-05,7.10689e-05,6.54489e-05,5.96206e-05,5.14646e-05
0.000103925,9.73041e-05,9.57376e-05,8.82674e-05,8.44026e-05,8.08591e-05,7.46081e-05,6.87057e-05,6.27754e-05,5.73373e-05,4.9414e-05
0.000101339,9.47188e-05,9.33046e-05,8.59171e-05,8.22597e-05,7.8102e-05,7.23231e-05,6.68691e-05,6.07496e-05,5.55368e-05,4.7677e-05
9.78389e-05,9.2324e-05,9.04065e-05,8.28395e-05,7.93584e-05,7.61449e-05,7.02008e-05,6.39943e-05,5.85649e-05,5.37027e-05,4.60646e-05
9.54159e-05,8.94285e-05,8.85334e-05,8.10836e-05,7.72527e-05,7.33833e-05,6.81137e-05,6.20579e-05,5.66054e-05,5.17398e-05,4.44909e-05
9.24314e-05,8.67788e-05,8.57181e-05,7.86664e-05,7.54922e-05,7.11387e-05,6.60443e-05,6.0134e-05,5.50363e-05,5.00162e-05,4.2862e-05
8.95684e-05,8.44426e-05,8.30909e-05,7.61831e-05,7.33311e-05,6.87694e-05,6.39508e-05,5.78696e-05,5.33282e-05,4.83427e-05,4.14447e-05
8.69225e-05,8.17234e-05,8.10157e-05,7.41437e-05,7.14592e-05,6.68403e-05,6.20831e-05,5.63916e-05,5.14796e-05,4.68281e-05,3.99487e-05
8.41567e-05,7.90228e-05,7.87164e-05,7.17512e-05,6.96139e-05,6.48211e-05,6.03985e-05,5.43026e-05,4.98888e-05,4.50373e-05,3.85413e-05
8.17192e-05,7.711e-05,7.65183e-05,6.98192e-05,6.7579e-05,6.27984e-05,5.85553e-05,5.26361e-05,4.82836e-05,4.32968e-05,3.74951e-05
7.88572e-05,7.46845e-05,7.39409e-05,6.76431e-05,6.53912e-05,6.05821e-05,5.66361e-05,5.08256e-05,4.6751e-05,4.21218e-05,3.61412e-05
7.66978e-05,7.23544e-05,7.18922e-05,6.57223e-05,6.34526e-05,5.87495e-05,5.49287e-05,4.92439e-05,4.49072e-05,4.10861e-05,3.47464e-05
7.40011e-05,7.03629e-05,6.95092e-05,6.43895e-05,6.14586e-05,5.61092e-05,5.34695e-05,4.76296e-05,4.29932e-05,3.93813e-05,3.38162e-05
7.13302e-05,6.7827e-05,6.72688e-05,6.19789e-05,6.01827e-05,5.47409e-05,5.14141e-05,4.59e-05,4.22122e-05,3.78785e-05,3.25652e-05
6.93021e-05,6.55495e-05,6.53593e-05,6.00206e-05,5.79852e-05,5.30483e-05,4.97848e-05,4.42727e-05,4.07203e-05,3.66994e-05,3.13979e-05
6.68764e-05,6.38168e-05,6.31961e-05,5.85082e-05,5.65871e-05,5.17238e-05,4.82375e-05,4.27469e-05,3.94778e-05,3.52559e-05,3.05966e-05
6.44413e-05,6.14498e-05,6.10221e-05,5.62793e-05,5.46058e-05,4.96408e-05,4.64607e-05,4.12515e-05,3.79324e-05,3.40519e-05,2.92966e-05
6.21721e-05,5.97104e-05,5.92207e-05,5.4726e-05,5.3198e-05,4.85317e-05,4.48568e-05,3.99516e-05,3.701e-05,3.26664e-05,2.83878e-05
6.0415e-05,5.72927e-05,5.72941e-05,5.28457e-05,5.11325e-05,4.6566e-05,4.33027e-05,3.84535e-05,3.52396e-05,3.16289e-05,2.73052e-05
5.87794e-05,5.55454e-05,5.58432e-05,5.13824e-05,4.95407e-05,4.54345e-05,4.21678e-05,3.74088e-05,3.41961e-05,3.03106e-05,2.64737e-05
5.61919e-05,5.34769e-05,5.32808e-05,4.9539e-05,4.78473e-05,4.36932e-05,4.02348e-05,3.59405e-05,3.27164e-05,2.92992e-05,2.54198e-05
5.43117e-05,5.19552e-05,5.16821e-05,4.80474e-05,4.62701e-05,4.20835e-05,3.89946e-05,3.45708e-05,3.15506e-05,2.84365e-05,2.45216e-05
5.25448e-05,5.00389e-05,5.01125e-05,4.62275e-05,4.46692e-05,4.07537e-05,3.77297e-05,3.32904e-05,3.03962e-05,2.72904e-05,2.36498e-05
5.08015e-05,4.84916e-05,4.82543e-05,4.49348e-05,4.30052e-05,3.92388e-05,3.63486e-05,3.21918e-05,2.93015e-05,2.63799e-05,2.278e-05
4.93502e-05,4.68707e-05,4.67176e-05,4.34212e-05,4.13111e-05,3.78963e-05,3.51827e-05,3.09018e-05,2.8101e-05,2.53753e-05,2.17574e-05
4.73399e-05,4.56056e-05,4.46401e-05,4.18583e-05,4.0147e-05,3.67234e-05,3.37105e-05,2.96207e-05,2.69095e-05,2.44483e-05,2.11333e-05
4.57588e-05,4.39081e-05,4.32707e-05,4.05893e-05,3.86273e-05,3.54314e-05,3.2513e-05,2.88825e-05,2.61074e-05,2.33764e-05,2.02366e-05
4.42049e-05,4.22241e-05,4.18289e-05,3.90639e-05,3.72317e-05,3.41115e-05,3.13594e-05,2.77806e-05,2.51279e-05,2.25363e-05,1.9468e-05
4.26709e-05,4.08051e-05,4.02742e-05,3.77065e-05,3.60708e-05,3.2938e-05,3.019e-05,2.6866e-05,2.43014e-05,2.16221e-05,1.87113e-05
4.14288e-05,3.94253e-05,3.91901e-05,3.65301e-05,3.46304e-05,3.17655e-05,2.92399e-05,2.5884e-05,2.34108e-05,2.08073e-05,1.79748e-05
3.99148e-05,3.83655e-05,3.77083e-05,3.53643e-05,3.3353e-05,3.07347e-05,2.81604e-05,2.4924e-05,2.24381e-05,2.00494e-05,1.73157e-05
3.86828e-05,3.71498e-05,3.64592e-05,3.41633e-05,3.21789e-05,2.96355e-05,2.71463e-05,2.4018e-05,2.16112e-05,1.9298e-05,1.66326e-05
3.7541e-05,3.59944e-05,3.52801e-05,3.30043e-05,3.11524e-05,2.86775e-05,2.6155e-05,2.31738e-05,2.08053e-05,1.86003e-05,1.599e-05
3.61516e-05,3.47694e-05,3.41433e-05,3.19062e-05,3.00169e-05,2.77577e-05,2.53019e-05,2.23325e-05,2.0013e-05,1.79016e-05,1.53877e-05
3.52179e-05,3.38391e-05,3.30947e-05,3.0923e-05,2.8807e-05,2.66887e-05,2.44363e-05,2.1635e-05,1.93824e-05,1.72383e-05,1.47734e-05
3.40701e-05,3.27882e-05,3.19838e-05,2.99638e-05,2.79138e-05,2.57902e-05,2.35943e-05,2.08781e-05,1.86946e-05,1.66007e-05,1.42611e-05
3.29785e-05,3.18325e-05,3.09577e-05,2.89884e-05,2.71093e-05,2.49648e-05,2.27687e-05,2.02098e-05,1.80904e-05,1.59833e-05,1.36882e-05
3.20071e-05,3.08991e-05,3.00914e-05,2.81074e-05,2.60905e-05,2.41753e-05,2.20682e-05,1.95313e-05,1.74547e-05,1.54733e-05,1.32464e-05
3.14479e-05,3.01307e-05,2.93392e-05,2.7554e-05,2.52224e-05,2.35893e-05,2.14815e-05,1.90481e-05,1.69628e-05,1.49607e-05,1.28713e-05
3.03095e-05,2.92185e-05,2.8395e-05,2.64659e-05,2.44717e-05,2.2612e-05,2.06163e-05,1.83119e-05,1.63369e-05,1.43526e-05,1.22648e-05
2.94436e-05,2.85127e-05,2.75691e-05,2.57184e-05,2.37214e-05,2.19141e-05,2.0051e-05,1.77283e-05,1.57727e-05,1.38366e-05,1.18887e-05
2.86207e-05,2.77299e-05,2.6738e-05,2.50597e-05,2.29724e-05,2.12245e-05,1.94774e-05,1.71772e-05,1.52844e-05,1.33999e-05,1.15e-05
2.78379e-05,2.68977e-05,2.60484e-05,2.42823e-05,2.22676e-05,2.05512e-05,1.88065e-05,1.66835e-05,1.48471e-05,1.29798e-05,1.11227e-05
2.71637e-05,2.60396e-05,2.53513e-05,2.35504e-05,2.15571e-05,1.99224e-05,1.82421e-05,1.62039e-05,1.43855e-05,1.2605e-05,1.07747e-05
2.64996e-05,2.5425e-05,2.47586e-05,2.29451e-05,2.10063e-05,1.94768e-05,1.77691e-05,1.57622e-05,1.39843e-05,1.22527e-05,1.04079e-05
2.57542e-05,2.48032e-05,2.40406e-05,2.23453e-05,2.04261e-05,1.88329e-05,1.72314e-05,1.53028e-05,1.35463e-05,1.18097e-05,1.00937e-05
2.53222e-05,2.42081e-05,2.34894e-05,2.17725e-05,1.98637e-05,1.82979e-05,1.67261e-05,1.48236e-05,1.31385e-05,1.1452e-05,9.75048e-06
2.46029e-05,2.36145e-05,2.293e-05,2.12122e-05,1.93507e-05,1.78195e-05,1.62827e-05,1.44872e-05,1.2791e-05,1.11271e-05,9.45695e-06
2.40246e-05,2.30693e-05,2.23131e-05,2.06601e-05,1.88692e-05,1.73311e-05,1.58698e-05,1.40734e-05,1.24256e-05,1.0833e-05,9.20663e-06
2.34361e-05,2.24665e-05,2.18247e-05,2.01176e-05,1.83622e-05,1.68816e-05,1.53884e-05,1.37471e-05,1.21079e-05,1.04831e-05,8.91791e-06
2.29273e-05,2.19786e-05,2.1278e-05,1.96718e-05,1.79185e-05,1.64495e-05,1.50507e-05,1.33634e-05,1.17866e-05,1.02177e-05,8.65941e-06
2.23317e-05,2.14861e-05,2.07033e-05,1.92451e-05,1.74827e-05,1.60454e-05,1.4613e-05,1.30239e-05,1.14915e-05,9.93749e-06,8.42034e-06
2.19128e-05,2.09414e-05,2.02626e-05,1.8727e-05,1.70675e-05,1.56447e-05,1.4273e-05,1.26973e-05,1.11787e-05,9.66707e-06,8.18575e-06
2.13709e-05,2.04868e-05,1.97882e-05,1.82723e-05,1.66691e-05,1.52455e-05,1.38922e-05,1.2413e-05,1.08911e-05,9.40843e-06,7.98918e-06
2.09775e-05,1.99943e-05,1.93263e-05,1.78369e-05,1.62902e-05,1.4876e-05,1.35602e-05,1.20593e-05,1.06094e-05,9.15741e-06,7.75469e-06
2.03815e-05,1.95846e-05,1.88807e-05,1.73959e-05,1.58854e-05,1.45333e-05,1.32744e-05,1.17831e-05,1.03347e-05,8.9044e-06,7.55571e-06
2.01001e-05,1.90534e-05,1.84544e-05,1.70187e-05,1.55593e-05,1.41865e-05,1.29332e-05,1.15265e-05,1.00928e-05,8.67398e-06,7.3582e-06
1.95616e-05,1.86788e-05,1.8059e-05,1.66433e-05,1.51269e-05,1.3827e-05,1.25632e-05,1.12283e-05,9.83282e-06,8.42763e-06,7.1674e-06
1.91951e-05,1.83055e-05,1.76993e-05,1.62818e-05,1.48407e-05,1.34822e-05,1.23705e-05,1.10113e-05,9.58919e-06,8.2008e-06,6.97046e-06
1.86827e-05,1.78223e-05,1.73038e-05,1.5889e-05,1.45714e-05,1.32017e-05,1.19504e-05,1.06857e-05,9.3423e-06,8.01786e-06,6.78966e-06
1.8383e-05,1.74347e-05,1.68749e-05,1.55394e-05,1.41872e-05,1.28611e-05,1.17309e-05,1.04525e-05,9.14029e-06,7.81618e-06,6.60577e-06
1.79314e-05,1.7133e-05,1.65342e-05,1.51434e-05,1.38529e-05,1.25708e-05,1.14502e-05,1.01792e-05,8.86288e-06,7.62633e-06,6.44103e-06
1.75397e-05,1.67567e-05,1.60864e-05,1.4835e-05,1.35978e-05,1.2297e-05,1.12053e-05,1.00022e-05,8.71225e-06,7.44549e-06,6.26813e-06
1.72261e-05,1.62909e-05,1.57421e-05,1.44148e-05,1.32356e-05,1.19636e-05,1.09092e-05,9.72194e-06,8.45526e-06,7.26514e-06,6.12222e-06
1.68218e-05,1.59343e-05,1.53794e-05,1.41449e-05,1.29669e-05,1.17202e-05,1.06637e-05,9.48281e-06,8.2663e-06,7.06062e-06,5.9619e-06
1.64838e-05,1.55824e-05,1.50364e-05,1.38306e-05,1.26552e-05,1.14547e-05,1.03769e-05,9.28127e-06,8.06841e-06,6.862e-06,5.81762e-06
1.60869e-05,1.52387e-05,1.46975e-05,1.35154e-05,1.23978e-05,1.11748e-05,1.01824e-05,9.05551e-06,7.88463e-06,6.70112e-06,5.66967e-06
1.57297e-05,1.49193e-05,1.4344e-05,1.31821e-05,1.2104e-05,1.09083e-05,9.91157e-06,8.83383e-06,7.70799e-06,6.54124e-06,5.52209e-06
1.53786e-05,1.46015e-05,1.39842e-05,1.28919e-05,1.18521e-05,1.07286e-05,9.70784e-06,8.64812e-06,7.4833e-06,6.41312e-06,5.39251e-06
1.50555e-05,1.43046e-05,1.37508e-05,1.25905e-05,1.15737e-05,1.04286e-05,9.45122e-06,8.43088e-06,7.34122e-06,6.24443e-06,5.25328e-06
1.4725e-05,1.39646e-05,1.34109e-05,1.23127e-05,1.13119e-05,1.01931e-05,9.24996e-06,8.23805e-06,7.17672e-06,6.07857e-06,5.12426e-06
1.43741e-05,1.36753e-05,1.31311e-05,1.20506e-05,1.10719e-05,9.97521e-06,9.03266e-06,8.0618e-06,6.99005e-06,5.93521e-06,4.99931e-06
1.40736e-05,1.33553e-05,1.28681e-05,1.17905e-05,1.0816e-05,9.75572e-06,8.84445e-06,7.87457e-06,6.81916e-06,5.79684e-06,4.8714e-06
1.37408e-05,1.30622e-05,1.25249e-05,1.1517e-05,1.05773e-05,9.56562e-06,8.58758e-06,7.69478e-06,6.64185e-06,5.6321e-06,4.75026e-06
1.34448e-05,1.28233e-05,1.22501e-05,1.12527e-05,1.03532e-05,9.33926e-06,8.45871e-06,7.52881e-06,6.49866e-06,5.51574e-06,4.63305e-06
1.32209e-05,1.2543e-05,1.19969e-05,1.09651e-05,1.0079e-05,9.11996e-06,8.16835e-06,7.31266e-06,6.31828e-06,5.3639e-06,4.53352e-06
1.28444e-05,1.22821e-05,1.17091e-05,1.07428e-05,9.93605e-06,8.90817e-06,8.03906e-06,7.18515e-06,6.21768e-06,5.25304e-06,4.4385e-06
1.25769e-05,1.20068e-05,1.14671e-05,1.05079e-05,9.68416e-06,8.74243e-06,7.84359e-06,6.99456e-06,6.04943e-06,5.12784e-06,4.31381e-06
1.22547e-05,1.17986e-05,1.12081e-05,1.02697e-05,9.4703e-06,8.54223e-06,7.67882e-06,6.87559e-06,5.91653e-06,5.00464e-06,4.19046e-06
1.2004e-05,1.14778e-05,1.09217e-05,1.0062e-05,9.24327e-06,8.34641e-06,7.48678e-06,6.69972e-06,5.77119e-06,4.89311e-06,4.08947e-06
1.17462e-05,1.12947e-05,1.07231e-05,9.84218e-06,9.08542e-06,8.21793e-06,7.35076e-06,6.57418e-06,5.62001e-06,4.76818e-06,3.99976e-06
1.15222e-05,1.1037e-05,1.0535e-05,9.58954e-06,8.85203e-06,7.99328e-06,7.14164e-06,6.38746e-06,5.53013e-06,4.66507e-06,3.90399e-06
1.12875e-05,1.0843e-05,1.02548e-05,9.3704e-06,8.68e-06,7.83813e-06,6.9853e-06,6.25453e-06,5.40061e-06,4.54156e-06,3.80397e-06
1.10252e-05,1.05808e-05,1.00434e-05,9.18837e-06,8.45562e-06,7.6368e-06,6.84429e-06,6.10513e-06,5.26217e-06,4.42551e-06,3.72737e-06
1.08183e-05,1.03784e-05,9.83418e-06,8.99007e-06,8.30151e-06,7.48138e-06,6.70589e-06,5.97735e-06,5.13896e-06,4.34596e-06,3.65579e-06
1.05086e-05,1.00856e-05,9.6258e-06,8.80301e-06,8.08756e-06,7.31946e-06,6.50705e-06,5.85467e-06,5.01122e-06,4.26253e-06,3.55996e-06
1.03903e-05,9.96104e-06,9.34969e-06,8.60697e-06,7.95615e-06,7.20625e-06,6.38725e-06,5.77826e-06,4.90302e-06,4.16332e-06,3.46121e-06
1.01576e-05,9.69889e-06,9.20749e-06,8.40031e-06,7.75548e-06,7.0293e-06,6.21378e-06,5.59913e-06,4.79888e-06,4.05227e-06,3.37914e-06
9.94002e-06,9.55172e-06,8.98667e-06,8.23368e-06,7.60915e-06,6.87534e-06,6.13218e-06,5.47401e-06,4.70124e-06,3.95679e-06,3.29905e-06
9.71231e-06,9.34061e-06,8.84553e-06,8.06434e-06,7.42836e-06,6.74744e-06,5.96726e-06,5.34801e-06,4.58007e-06,3.86979e-06,3.24163e-06
9.54397e-06,9.16577e-06,8.61524e-06,7.88998e-06,7.31355e-06,6.60599e-06,5.85543e-06,5.25311e-06,4.48022e-06,3.77185e-06,3.1517e-06
9.28715e-06,8.9647e-06,8.45412e-06,7.72891e-06,7.15075e-06,6.45613e-06,5.71509e-06,5.12628e-06,4.38557e-06,3.70089e-06,3.07086e-06
9.08194e-06,8.84604e-06,8.25381e-06,7.55388e-06,6.97857e-06,6.31994e-06,5.63664e-06,5.04649e-06,4.26482e-06,3.62778e-06,3.01938e-06
8.97418e-06,8.61216e-06,8.14592e-06,7.38122e-06,6.82705e-06,6.18928e-06,5.47027e-06,4.91298e-06,4.20368e-06,3.53739e-06,2.93113e-06
8.79183e-06,8.51575e-06,7.92851e-06,7.1936e-06,6.66567e-06,6.05741e-06,5.34966e-06,4.82616e-06,4.11761e-06,3.45902e-06,2.89217e-06
8.56682e-06,8.25717e-06,7.77519e-06,7.0844e-06,6.54617e-06,5.95863e-06,5.2342e-06,4.7118e-06,4.0056e-06,3.37007e-06,2.80012e-06
8.34711e-06,8.11428e-06,7.57604e-06,6.93848e-06,6.4076e-06,5.80997e-06,5.1343e-06,4.57656e-06,3.91593e-06,3.31472e-06,2.72553e-06
8.23987e-06,7.93381e-06,7.49415e-06,6.8137e-06,6.27348e-06,5.69823e-06,5.02181e-06,4.51498e-06,3.83948e-06,3.23583e-06,2.68057e-06
8.04547e-06,7.79276e-06,7.3199e-06,6.64401e-06,6.14793e-06,5.59476e-06,4.89871e-06,4.42128e-06,3.76047e-06,3.1591e-06,2.60236e-06
7.90924e-06,7.60243e-06,7.19117e-06,6.49424e-06,6.00096e-06,5.47193e-06,4.80842e-06,4.31382e-06,3.68051e-06,3.08421e-06,2.55127e-06
7.72084e-06,7.46346e-06,7.01538e-06,6.42673e-06,5.89189e-06,5.35265e-06,4.70175e-06,4.23381e-06,3.57526e-06,3.01289e-06,2.51292e-06
7.57696e-06,7.28083e-06,6.88163e-06,6.26487e-06,5.77011e-06,5.2513e-06,4.60323e-06,4.1234e-06,3.51116e-06,2.9507e-06,2.44422e-06
7.43307e-06,7.19486e-06,6.71538e-06,6.14881e-06,5.67144e-06,5.15548e-06,4.52275e-06,4.07675e-06,3.45093e-06,2.90062e-06,2.375e-06
7.27757e-06,7.01726e-06,6.59413e-06,6.02764e-06,5.54582e-06,5.06907e-06,4.41403e-06,3.95912e-06,3.35625e-06,2.84862e-06,2.3537e-06
7.11633e-06,6.9078e-06,6.47017e-06,5.88081e-06,5.4622e-06,4.96157e-06,4.36199e-06,3.90074e-06,3.29122e-06,2.77972e-06,2.28429e-06
6.99194e-06,6.75502e-06,6.35043e-06,5.77842e-06,5.36064e-06,4.85655e-06,4.25813e-06,3.79607e-06,3.22822e-06,2.72846e-06,2.22723e-06
6.83967e-06,6.64975e-06,6.20365e-06,5.66337e-06,5.25962e-06,4.77794e-06,4.16885e-06,3.73425e-06,3.16231e-06,2.6531e-06,2.16891e-06
6.68382e-06,6.47647e-06,6.07411e-06,5.5725e-06,5.13672e-06,4.672e-06,4.07966e-06,3.6656e-06,3.07582e-06,2.60124e-06,2.1303e-06
6.59592e-06,6.37365e-06,6.00057e-06,5.43817e-06,5.05561e-06,4.58669e-06,4.00706e-06,3.59785e-06,3.02086e-06,2.53565e-06,2.07577e-06
6.48231e-06,6.26026e-06,5.84731e-06,5.35291e-06,4.95466e-06,4.48238e-06,3.93731e-06,3.5015e-06,2.95701e-06,2.48021e-06,2.0323e-06
6.38105e-06,6.15571e-06,5.7282e-06,5.26256e-06,4.8649e-06,4.41592e-06,3.84438e-06,3.4462e-06,2.89925e-06,2.43154e-06,1.99422e-06
6.19284e-06,5.99968e-06,5.62602e-06,5.12671e-06,4.73405e-06,4.34171e-06,3.77292e-06,3.37868e-06,2.83078e-06,2.39979e-06,1.95269e-06
6.07504e-06,5.91304e-06,5.50993e-06,5.02403e-06,4.6547e-06,4.22558e-06,3.68859e-06,3.2897e-06,2.76536e-06,2.34741e-06,1.92069e-06
6.01308e-06,5.77836e-06,5.40388e-06,4.94766e-06,4.56949e-06,4.14239e-06,3.62813e-06,3.24358e-06,2.71662e-06,2.30122e-06,1.8717e-06
5.84721e-06,5.67889e-06,5.30251e-06,4.87563e-06,4.48368e-06,4.07459e-06,3.55762e-06,3.17155e-06,2.67013e-06,2.23051e-06,1.8275e-06
5.77599e-06,5.56086e-06,5.19363e-06,4.7539e-06,4.39759e-06,3.99448e-06,3.45841e-06,3.09949e-06,2.61125e-06,2.20581e-06,1.78512e-06
5.64775e-06,5.45752e-06,5.10625e-06,4.66811e-06,4.32409e-06,3.92433e-06,3.42159e-06,3.03918e-06,2.55896e-06,2.14747e-06,1.74897e-06
5.54054e-06,5.35e-06,5.02465e-06,4.55631e-06,4.24531e-06,3.84132e-06,3.35371e-06,2.96682e-06,2.50914e-06,2.09872e-06,1.71052e-06
5.42077e-06,5.26139e-06,4.89593e-06,4.49845e-06,4.12926e-06,3.79119e-06,3.2943e-06,2.93991e-06,2.45168e-06,2.06031e-06,1.67612e-06
5.32272e-06,5.15605e-06,4.81228e-06,4.4096e-06,4.08033e-06,3.71228e-06,3.22187e-06,2.87849e-06,2.37896e-06,2.01976e-06,1.6274e-06
5.24666e-06,5.05996e-06,4.73892e-06,4.31807e-06,4.01965e-06,3.63422e-06,3.15541e-06,2.81995e-06,2.34445e-06,1.97843e-06,1.59944e-06
5.12697e-06,4.97883e-06,4.6331e-06,4.23742e-06,3.94701e-06,3.56239e-06,3.11564e-06,2.7529e-06,2.29846e-06,1.94386e-06,1.5722e-06
5.04027e-06,4.85785e-06,4.55295e-06,4.17053e-06,3.86706e-06,3.50009e-06,3.05993e-06,2.70307e-06,2.25143e-06,1.89797e-06,1.53339e-06
4.93824e-06,4.7735e-06,4.46178e-06,4.0982e-06,3.7934e-06,3.42892e-06,2.98553e-06,2.64838e-06,2.2031e-06,1.85491e-06,1.50517e-06
4.85313e-06,4.70054e-06,4.38672e-06,4.02161e-06,3.73127e-06,3.37233e-06,2.94353e-06,2.5916e-06,2.16334e-06,1.81866e-06,1.47386e-06
4.79247e-06,4.60083e-06,4.28891e-06,3.94857e-06,3.66849e-06,3.3034e-06,2.87805e-06,2.54782e-06,2.12562e-06,1.78146e-06,1.43187e-06
4.65988e-06,4.53944e-06,4.21933e-06,3.87416e-06,3.57382e-06,3.25311e-06,2.81379e-06,2.50418e-06,2.06288e-06,1.74891e-06,1.41014e-06
4.57847e-06,4.44489e-06,4.12899e-06,3.80363e-06,3.51745e-06,3.18768e-06,2.77236e-06,2.4371e-06,2.03119e-06,1.71159e-06,1.37951e-06
4.50436e-06,4.36487e-06,4.06503e-06,3.72893e-06,3.45721e-06,3.117e-06,2.71694e-06,2.40274e-06,1.99411e-06,1.68162e-06,1.35034e-06
4.44025e-06,4.26493e-06,3.9832e-06,3.67202e-06,3.39565e-06,3.06991e-06,2.67953e-06,2.36079e-06,1.94801e-06,1.63463e-06,1.3215e-06
4.32514e-06,4.19328e-06,3.90917e-06,3.60381e-06,3.33917e-06,3.00326e-06,2.62653e-06,2.31267e-06,1.92019e-06,1.61317e-06,1.29643e-06
4.25492e-06,4.09548e-06,3.84753e-06,3.53739e-06,3.27409e-06,2.95193e-06,2.5839e-06,2.2682e-06,1.87467e-06,1.57248e-06,1.26838e-06
4.18774e-06,4.03834e-06,3.78117e-06,3.47282e-06,3.23004e-06,2.89938e-06,2.53938e-06,2.21784e-06,1.84113e-06,1.54024e-06,1.23879e-06
4.1178e-06,3.96116e-06,3.71657e-06,3.41186e-06,3.16127e-06,2.85341e-06,2.48956e-06,2.18121e-06,1.79876e-06,1.50995e-06,1.21631e-06
4.01816e-06,3.90116e-06,3.63075e-06,3.34677e-06,3.08862e-06,2.8009e-06,2.4235e-06,2.13782e-06,1.7547e-06,1.47778e-06,1.19241e-06
3.95974e-06,3.82937e-06,3.57583e-06,3.28545e-06,3.05236e-06,2.74743e-06,2.39299e-06,2.09082e-06,1.73184e-06,1.4544e-06,1.16961e-06
3.8971e-06,3.7606e-06,3.51698e-06,3.22518e-06,2.98553e-06,2.70077e-06,2.35126e-06,2.06314e-06,1.69319e-06,1.41946e-06,1.14334e-06
3.82146e-06,3.67801e-06,3.43943e-06,3.16941e-06,2.9341e-06,2.64688e-06,2.30341e-06,2.01943e-06,1.66243e-06,1.39169e-06,1.12015e-06
3.754e-06,3.62208e-06,3.38618e-06,3.11697e-06,2.8874e-06,2.59719e-06,2.26336e-06,1.97644e-06,1.62987e-06,1.36485e-06,1.09559e-06
3.68617e-06,3.5586e-06,3.32294e-06,3.07549e-06,2.8528e-06,2.55867e-06,2.21985e-06,1.92723e-06,1.59975e-06,1.33985e-06,1.06989e-06
3.62076e-06,3.49079e-06,3.26461e-06,3.01063e-06,2.78482e-06,2.50977e-06,2.18772e-06,1.90651e-06,1.56876e-06,1.31193e-06,1.05317e-06
3.55718e-06,3.43179e-06,3.20293e-06,2.95331e-06,2.73474e-06,2.46821e-06,2.14767e-06,1.87104e-06,1.54061e-06,1.28624e-06,1.03303e-06
3.47922e-06,3.36509e-06,3.14819e-06,2.89698e-06,2.68568e-06,2.4248e-06,2.10546e-06,1.83461e-06,1.49957e-06,1.26241e-06,1.00917e-06
3.43841e-06,3.30934e-06,3.09415e-06,2.85369e-06,2.636e-06,2.36889e-06,2.05606e-06,1.80054e-06,1.47684e-06,1.23765e-06,9.93098e-07
3.38699e-06,3.25519e-06,3.04548e-06,2.79539e-06,2.59339e-06,2.33584e-06,2.02374e-06,1.75462e-06,1.45258e-06,1.21632e-06,9.69844e-07
3.31395e-06,3.1949e-06,2.9946e-06,2.74733e-06,2.55445e-06,2.28895e-06,1.99552e-06,1.72756e-06,1.42453e-06,1.18802e-06,9.48105e-07
3.25924e-06,3.13905e-06,2.93666e-06,2.70481e-06,2.50326e-06,2.24976e-06,1.9572e-06,1.69944e-06,1.39126e-06,1.16601e-06,9.32141e-07
3.19839e-06,3.07698e-06,2.88548e-06,2.6577e-06,2.46018e-06,2.20824e-06,1.92466e-06,1.66791e-06,1.36835e-06,1.14347e-06,9.12169e-07
3.13398e-06,3.02125e-06,2.84162e-06,2.61829e-06,2.41979e-06,2.17316e-06,1.89207e-06,1.63222e-06,1.34567e-06,1.123e-06,8.92234e-07
3.09196e-06,2.97197e-06,2.79478e-06,2.56507e-06,2.37953e-06,2.13417e-06,1.85543e-06,1.60082e-06,1.32047e-06,1.10092e-06,8.75089e-07
3.02635e-06,2.92574e-06,2.74522e-06,2.51908e-06,2.32989e-06,2.09764e-06,1.82312e-06,1.57241e-06,1.28988e-06,1.07858e-06,8.58828e-07
2.98652e-06,2.86362e-06,2.70349e-06,2.48005e-06,2.29771e-06,2.06188e-06,1.80058e-06,1.54674e-06,1.27025e-06,1.05875e-06,8.41598e-07
2.93078e-06,2.81941e-06,2.65275e-06,2.43739e-06,2.25258e-06,2.01907e-06,1.76556e-06,1.52042e-06,1.246e-06,1.04011e-06,8.2476e-07
2.8825e-06,2.77357e-06,2.60947e-06,2.39162e-06,2.21463e-06,1.98545e-06,1.73055e-06,1.48806e-06,1.22448e-06,1.01849e-06,8.09691e-07
2.84888e-06,2.72265e-06,2.56338e-06,2.34982e-06,2.1796e-06,1.95153e-06,1.70105e-06,1.46262e-06,1.20217e-06,9.98889e-07,7.92591e-07
2.78371e-06,2.67691e-06,2.51523e-06,2.30756e-06,2.13818e-06,1.91767e-06,1.675e-06,1.43983e-06,1.17978e-06,9.79743e-07,7.7875e-07
2.74001e-06,2.63054e-06,2.47495e-06,2.27295e-06,2.10036e-06,1.88199e-06,1.6446e-06,1.41171e-06,1.15632e-06,9.62743e-07,7.65149e-07
2.69748e-06,2.5879e-06,2.43954e-06,2.23528e-06,2.06657e-06,1.84598e-06,1.61682e-06,1.38558e-06,1.13789e-06,9.44617e-07,7.47576e-07
2.64343e-06,2.55008e-06,2.39728e-06,2.19483e-06,2.0276e-06,1.81787e-06,1.58376e-06,1.35995e-06,1.11566e-06,9.29127e-07,7.33254e-07
2.60331e-06,2.50715e-06,2.35726e-06,2.15773e-06,1.99299e-06,1.78727e-06,1.55907e-06,1.33686e-06,1.09482e-06,9.12614e-07,7.18715e-07
2.56032e-06,2.46264e-06,2.32083e-06,2.12489e-06,1.95993e-06,1.7565e-06,1.53265e-06,1.31175e-06,1.07544e-06,8.9315e-07,7.05554e-07
2.51466e-06,2.41316e-06,2.2817e-06,2.08912e-06,1.92711e-06,1.7205e-06,1.50816e-06,1.29108e-06,1.05655e-06,8.77363e-07,6.92602e-07
2.47371e-06,2.37279e-06,2.24413e-06,2.05191e-06,1.89181e-06,1.69084e-06,1.48391e-06,1.26757e-06,1.03827e-06,8.61854e-07,6.78076e-07
2.4355e-06,2.34075e-06,2.20779e-06,2.01718e-06,1.86228e-06,1.66507e-06,1.45648e-06,1.24326e-06,1.02e-06,8.46435e-07,6.65551e-07
2.39148e-06,2.29744e-06,2.17104e-06,1.98369e-06,1.82985e-06,1.63767e-06,1.42969e-06,1.22435e-06,1.00268e-06,8.29235e-07,6.53788e-07
2.35694e-06,2.26244e-06,2.13397e-06,1.95234e-06,1.80079e-06,1.60864e-06,1.40762e-06,1.20087e-06,9.81958e-07,8.15086e-07,6.40983e-07
2.32103e-06,2.2253e-06,2.10136e-06,1.92032e-06,1.76981e-06,1.58186e-06,1.38135e-06,1.1799e-06,9.65351e-07,7.99739e-07,6.29125e-07
2.28429e-06,2.18804e-06,2.0626e-06,1.8901e-06,1.74132e-06,1.55548e-06,1.35946e-06,1.15774e-06,9.49236e-07,7.86838e-07,6.16866e-07
2.24236e-06,2.15465e-06,2.03554e-06,1.85563e-06,1.70904e-06,1.52825e-06,1.33867e-06,1.13984e-06,9.32214e-07,7.72373e-07,6.05589e-07
2.20741e-06,2.11924e-06,2.00732e-06,1.83284e-06,1.68506e-06,1.50237e-06,1.31747e-06,1.12087e-06,9.14384e-07,7.58736e-07,5.92365e-07
2.17207e-06,2.086e-06,1.97032e-06,1.79463e-06,1.65145e-06,1.47476e-06,1.29553e-06,1.10171e-06,8.99024e-07,7.44711e-07,5.82976e-07
2.13555e-06,2.04851e-06,1.93864e-06,1.76973e-06,1.62453e-06,1.45109e-06,1.27502e-06,1.08475e-06,8.83487e-07,7.31892e-07,5.7234e-07
2.10212e-06,2.01986e-06,1.90919e-06,1.74131e-06,1.59796e-06,1.42749e-06,1.25246e-06,1.06474e-06,8.69538e-07,7.19344e-07,5.61758e-07
2.06656e-06,1.98628e-06,1.88091e-06,1.71307e-06,1.57035e-06,1.40044e-06,1.23292e-06,1.04614e-06,8.54268e-07,7.06705e-07,5.50184e-07
2.03867e-06,1.95748e-06,1.85188e-06,1.68428e-06,1.54514e-06,1.38051e-06,1.21273e-06,1.03008e-06,8.38792e-07,6.93057e-07,5.41526e-07
2.00448e-06,1.92363e-06,1.82131e-06,1.66077e-06,1.52189e-06,1.35577e-06,1.19194e-06,1.01038e-06,8.25676e-07,6.80753e-07,5.31368e-07
1.97444e-06,1.89595e-06,1.79364e-06,1.63404e-06,1.49648e-06,1.33391e-06,1.17074e-06,9.9512e-07,8.11353e-07,6.704e-07,5.22124e-07
1.93972e-06,1.86078e-06,1.76524e-06,1.60883e-06,1.47408e-06,1.31191e-06,1.15382e-06,9.77171e-07,7.98259e-07,6.59167e-07,5.12537e-07
1.91589e-06,1.83762e-06,1.73849e-06,1.58738e-06,1.45098e-06,1.28877e-06,1.13337e-06,9.62706e-07,7.84175e-07,6.46739e-07,5.02123e-07
1.8856e-06,1.80649e-06,1.71009e-06,1.55874e-06,1.43042e-06,1.26993e-06,1.11639e-06,9.42439e-07,7.70664e-07,6.36285e-07,4.95096e-07
1.85543e-06,1.78007e-06,1.68402e-06,1.5323e-06,1.40757e-06,1.24668e-06,1.09849e-06,9.31257e-07,7.59262e-07,6.25112e-07,4.85118e-07
1.82835e-06,1.75296e-06,1.6557e-06,1.51172e-06,1.38257e-06,1.22704e-06,1.08014e-06,9.15056e-07,7.46584e-07,6.1398e-07,4.76189e-07
1.8026e-06,1.7275e-06,1.63374e-06,1.49077e-06,1.36214e-06,1.20899e-06,1.06327e-06,8.99897e-07,7.34e-07,6.03274e-07,4.67928e-07
1.77285e-06,1.70033e-06,1.60853e-06,1.46349e-06,1.34066e-06,1.19002e-06,1.0473e-06,8.85742e-07,7.20806e-07,5.93791e-07,4.59308e-07
1.74361e-06,1.67628e-06,1.58595e-06,1.44004e-06,1.31598e-06,1.17193e-06,1.03042e-06,8.71282e-07,7.09257e-07,5.8261e-07,4.50879e-07
1.71886e-06,1.6516e-06,1.55973e-06,1.41997e-06,1.2991e-06,1.15089e-06,1.01423e-06,8.57522e-07,6.9771e-07,5.72906e-07,4.42351e-07
1.68891e-06,1.62837e-06,1.54046e-06,1.397e-06,1.27524e-06,1.133e-06,9.96627e-07,8.42713e-07,6.87593e-07,5.62438e-07,4.34495e-07
1.6662e-06,1.60222e-06,1.51224e-06,1.37769e-06,1.25707e-06,1.11639e-06,9.83455e-07,8.29698e-07,6.75915e-07,5.53868e-07,4.26859e-07
1.64292e-06,1.58139e-06,1.4915e-06,1.35878e-06,1.23728e-06,1.09356e-06,9.67891e-07,8.15931e-07,6.64237e-07,5.44057e-07,4.19704e-07
1.61948e-06,1.55926e-06,1.46764e-06,1.33576e-06,1.21832e-06,1.07865e-06,9.51964e-07,8.03365e-07,6.53671e-07,5.35158e-07,4.11892e-07
1.59799e-06,1.53691e-06,1.44977e-06,1.31671e-06,1.20152e-06,1.06229e-06,9.38404e-07,7.88755e-07,6.43662e-07,5.26688e-07,4.0506e-07
1.57511e-06,1.51045e-06,1.4224e-06,1.29802e-06,1.18484e-06,1.04471e-06,9.23127e-07,7.77978e-07,6.34517e-07,5.16715e-07,3.97962e-07
1.54653e-06,1.48912e-06,1.4056e-06,1.28073e-06,1.16411e-06,1.02963e-06,9.09775e-07,7.65717e-07,6.22488e-07,5.08658e-07,3.91e-07
1.52707e-06,1.47203e-06,1.38197e-06,1.26257e-06,1.14664e-06,1.01252e-06,8.9725e-07,7.54792e-07,6.12886e-07,5.00378e-07,3.83334e-07
1.50526e-06,1.45094e-06,1.3629e-06,1.24213e-06,1.12904e-06,9.97648e-07,8.80639e-07,7.41375e-07,6.03552e-07,4.9112e-07,3.77202e-07
1.48372e-06,1.42663e-06,1.34234e-06,1.22375e-06,1.11305e-06,9.83071e-07,8.68445e-07,7.30999e-07,5.92644e-07,4.83979e-07,3.70497e-07
1.4606e-06,1.40796e-06,1.3226e-06,1.20778e-06,1.09702e-06,9.67739e-07,8.5437e-07,7.19414e-07,5.85691e-07,4.75103e-07,3.64049e-07
1.44108e-06,1.38998e-06,1.30436e-06,1.18966e-06,1.08121e-06,9.54001e-07,8.43735e-07,7.08257e-07,5.74345e-07,4.67674e-07,3.57439e-07
1.4222e-06,1.37179e-06,1.28511e-06,1.17222e-06,1.06439e-06,9.39876e-07,8.28681e-07,6.95659e-07,5.6518e-07,4.59432e-07,3.51409e-07
1.39811e-06,1.34538e-06,1.26806e-06,1.15801e-06,1.04765e-06,9.24976e-07,8.18102e-07,6.85901e-07,5.57079e-07,4.52411e-07,3.452e-07
1.38069e-06,1.3364e-06,1.24671e-06,1.13801e-06,1.03189e-06,9.13002e-07,8.05422e-07,6.76378e-07,5.48111e-07,4.45842e-07,3.38868e-07
1.36127e-06,1.31291e-06,1.23035e-06,1.12631e-06,1.01954e-06,8.94605e-07,7.91943e-07,6.64621e-07,5.40035e-07,4.36847e-07,3.3316e-07
1.34371e-06,1.29587e-06,1.21272e-06,1.10737e-06,1.00379e-06,8.82591e-07,7.80707e-07,6.54156e-07,5.32487e-07,4.29649e-07,3.2783e-07
1.32414e-06,1.27966e-06,1.19229e-06,1.09371e-06,9.90821e-07,8.71679e-07,7.69035e-07,6.43519e-07,5.23287e-07,4.22508e-07,3.22392e-07
1.30579e-06,1.26302e-06,1.17749e-06,1.0783e-06,9.73229e-07,8.58404e-07,7.5859e-07,6.35753e-07,5.15582e-07,4.1548e-07,3.16672e-07
1.28698e-06,1.24157e-06,1.16224e-06,1.06418e-06,9.61014e-07,8.47446e-07,7.4799e-07,6.27703e-07,5.07066e-07,4.0932e-07,3.10828e-07
1.26925e-06,1.22795e-06,1.14519e-06,1.04904e-06,9.4611e-07,8.3249e-07,7.35011e-07,6.15823e-07,4.99351e-07,4.02206e-07,3.06104e-07
1.25439e-06,1.20789e-06,1.12902e-06,1.02915e-06,9.33437e-07,8.21806e-07,7.27002e-07,6.04701e-07,4.91846e-07,3.97024e-07,3.01381e-07
1.23562e-06,1.19506e-06,1.1141e-06,1.0191e-06,9.19622e-07,8.10492e-07,7.14464e-07,5.98017e-07,4.85021e-07,3.89465e-07,2.95269e-07
1.21609e-06,1.17805e-06,1.09753e-06,1.00556e-06,9.09269e-07,7.99939e-07,7.03978e-07,5.88904e-07,4.77003e-07,3.83315e-07,2.90306e-07
1.20378e-06,1.16451e-06,1.08501e-06,9.90811e-07,8.90672e-07,7.86101e-07,6.93625e-07,5.79631e-07,4.69441e-07,3.7738e-07,2.85001e-07
1.18515e-06,1.14698e-06,1.06867e-06,9.78878e-07,8.81818e-07,7.7529e-07,6.8389e-07,5.70102e-07,4.62431e-07,3.71435e-07,2.80961e-07
1.17376e-06,1.13132e-06,1.05221e-06,9.6237e-07,8.70928e-07,7.63327e-07,6.72863e-07,5.61647e-07,4.56154e-07,3.65037e-07,2.76134e-07
1.15576e-06,1.1166e-06,1.03765e-06,9.51565e-07,8.59926e-07,7.57615e-07,6.65506e-07,5.54603e-07,4.49103e-07,3.59137e-07,2.71706e-07
1.13831e-06,1.10251e-06,1.02614e-06,9.35291e-07,8.46113e-07,7.45172e-07,6.54205e-07,5.46865e-07,4.42968e-07,3.54325e-07,2.66019e-07
1.12492e-06,1.08494e-06,1.00911e-06,9.24828e-07,8.34817e-07,7.31497e-07,6.45964e-07,5.36723e-07,4.3547e-07,3.47612e-07,2.62451e-07
1.1099e-06,1.07356e-06,9.98387e-07,9.13404e-07,8.22125e-07,7.22572e-07,6.34327e-07,5.28471e-07,4.29273e-07,3.42255e-07,2.57503e-07
1.09746e-06,1.06097e-06,9.81529e-07,9.01346e-07,8.15603e-07,7.11263e-07,6.28099e-07,5.21614e-07,4.22667e-07,3.36663e-07,2.53849e-07
1.08398e-06,1.04959e-06,9.68872e-07,8.88421e-07,8.00644e-07,7.0036e-07,6.17535e-07,5.13731e-07,4.17401e-07,3.31739e-07,2.49341e-07
1.07057e-06,1.0327e-06,9.57303e-07,8.76147e-07,7.92909e-07,6.92864e-07,6.07793e-07,5.0604e-07,4.11384e-07,3.26561e-07,2.4602e-07
1.05643e-06,1.02163e-06,9.44915e-07,8.64175e-07,7.79858e-07,6.83523e-07,6.00764e-07,4.98933e-07,4.04494e-07,3.21775e-07,2.41298e-07
1.03837e-06,1.00415e-06,9.32741e-07,8.52623e-07,7.70002e-07,6.72949e-07,5.91695e-07,4.91234e-07,3.99913e-07,3.16228e-07,2.37055e-07
1.02923e-06,9.97888e-07,9.18281e-07,8.45061e-07,7.60504e-07,6.63546e-07,5.84475e-07,4.85894e-07,3.92166e-07,3.10714e-07,2.33412e-07
1.01571e-06,9.80652e-07,9.05418e-07,8.3223e-07,7.50601e-07,6.54661e-07,5.75141e-07,4.76317e-07,3.8774e-07,3.06474e-07,2.2949e-07
1.00045e-06,9.70832e-07,8.92323e-07,8.21315e-07,7.38543e-07,6.4674e-07,5.65065e-07,4.70095e-07,3.82832e-07,3.01018e-07,2.25415e-07
9.89758e-07,9.54186e-07,8.8052e-07,8.08557e-07,7.3135e-07,6.37857e-07,5.59883e-07,4.6437e-07,3.75621e-07,2.97256e-07,2.22042e-07
9.74595e-07,9.4297e-07,8.70864e-07,8.01375e-07,7.20508e-07,6.28292e-07,5.52339e-07,4.56009e-07,3.70113e-07,2.9254e-07,2.18647e-07
9.64778e-07,9.32137e-07,8.5869e-07,7.90234e-07,7.12399e-07,6.19843e-07,5.44784e-07,4.50977e-07,3.65237e-07,2.88129e-07,2.14569e-07
9.50527e-07,9.21129e-07,8.48553e-07,7.77952e-07,7.00679e-07,6.11949e-07,5.35073e-07,4.44093e-07,3.60825e-07,2.82646e-07,2.10767e-07
9.396e-07,9.1056e-07,8.36788e-07,7.68858e-07,6.9081e-07,6.03817e-07,5.27954e-07,4.37404e-07,3.55697e-07,2.78977e-07,2.07433e-07
9.28539e-07,8.99264e-07,8.22839e-07,7.59915e-07,6.84086e-07,5.94431e-07,5.21321e-07,4.31791e-07,3.49794e-07,2.74101e-07,2.04678e-07
9.1656e-07,8.87741e-07,8.15188e-07,7.51793e-07,6.78221e-07,5.8697e-07,5.14371e-07,4.25931e-07,3.44424e-07,2.71614e-07,2.01049e-07
9.09921e-07,8.743e-07,8.05794e-07,7.42649e-07,6.67559e-07,5.81089e-07,5.0599e-07,4.20624e-07,3.40053e-07,2.66682e-07,1.97519e-07
8.93426e-07,8.64755e-07,7.91609e-07,7.31997e-07,6.5944e-07,5.72215e-07,5.0228e-07,4.14193e-07,3.357e-07,2.6289e-07,1.94777e-07
8.86215e-07,8.53677e-07,7.83388e-07,7.21715e-07,6.48154e-07,5.64776e-07,4.93895e-07,4.05463e-07,3.30045e-07,2.58454e-07,1.91375e-07
8.72092e-07,8.40187e-07,7.7282e-07,7.1018e-07,6.42353e-07,5.57011e-07,4.86199e-07,4.01051e-07,3.26116e-07,2.53966e-07,1.88041e-07
8.60065e-07,8.31504e-07,7.63546e-07,7.0401e-07,6.33704e-07,5.49532e-07,4.80894e-07,3.95913e-07,3.20324e-07,2.50508e-07,1.85511e-07
8.50683e-07,8.20935e-07,7.49446e-07,6.93542e-07,6.23663e-07,5.42369e-07,4.72831e-07,3.90991e-07,3.16395e-07,2.46709e-07,1.81963e-07
8.40014e-07,8.08473e-07,7.43973e-07,6.85503e-07,6.19043e-07,5.34939e-07,4.67167e-07,3.86135e-07,3.12036e-07,2.42626e-07,1.7954e-07
8.31409e-07,8.02098e-07,7.34534e-07,6.74948e-07,6.10101e-07,5.26987e-07,4.60732e-07,3.79706e-07,3.07852e-07,2.39479e-07,1.76619e-07
8.21815e-07,7.94134e-07,7.26645e-07,6.68808e-07,6.00357e-07,5.2307e-07,4.53172e-07,3.7538e-07,3.03375e-07,2.35516e-07,1.73801e-07
8.08442e-07,7.82924e-07,7.17104e-07,6.58718e-07,5.94344e-07,5.14904e-07,4.4699e-07,3.70541e-07,2.9891e-07,2.31728e-07,1.70464e-07
8.0133e-07,7.73007e-07,7.07757e-07,6.49215e-07,5.84783e-07,5.07411e-07,4.41876e-07,3.64167e-07,2.94333e-07,2.2863e-07,1.68005e-07
7.91941e-07,7.65425e-07,6.99857e-07,6.40932e-07,5.79462e-07,5.01815e-07,4.36597e-07,3.59348e-07,2.90735e-07,2.25131e-07,1.65628e-07
7.84473e-07,7.55896e-07,6.89142e-07,6.36028e-07,5.74184e-07,4.9346e-07,4.29948e-07,3.53926e-07,2.86035e-07,2.21178e-07,1.62623e-07
7.72538e-07,7.4528e-07,6.80687e-07,6.2558e-07,5.64085e-07,4.88064e-07,4.23937e-07,3.49118e-07,2.82056e-07,2.18215e-07,1.60157e-07
7.63312e-07,7.35346e-07,6.71594e-07,6.20682e-07,5.58055e-07,4.82183e-07,4.19577e-07,3.45856e-07,2.77737e-07,2.15049e-07,1.57748e-07
7.52714e-07,7.25704e-07,6.64175e-07,6.10446e-07,5.50508e-07,4.7665e-07,4.14352e-07,3.40772e-07,2.74125e-07,2.12396e-07,1.55006e-07
7.45975e-07,7.17426e-07,6.57066e-07,6.028e-07,5.43124e-07,4.71892e-07,4.07902e-07,3.35741e-07,2.70206e-07,2.09472e-07,1.53115e-07
7.36915e-07,7.11173e-07,6.49727e-07,5.96495e-07,5.37227e-07,4.64523e-07,4.02061e-07,3.31723e-07,2.66723e-07,2.05847e-07,1.50358e-07
7.25998e-07,7.00789e-07,6.40858e-07,5.88579e-07,5.29397e-07,4.59668e-07,3.9542e-07,3.27668e-07,2.63388e-07,2.02976e-07,1.48244e-07
7.20481e-07,6.91722e-07,6.31923e-07,5.81309e-07,5.22745e-07,4.522e-07,3.90968e-07,3.22771e-07,2.59272e-07,1.99789e-07,1.45987e-07
7.08528e-07,6.84318e-07,6.22565e-07,5.73751e-07,5.17946e-07,4.46057e-07,3.87319e-07,3.17917e-07,2.56107e-07,1.96901e-07,1.43421e-07
7.03346e-07,6.7692e-07,6.15074e-07,5.67645e-07,5.13083e-07,4.41386e-07,3.80976e-07,3.1284e-07,2.52492e-07,1.93533e-07,1.41201e-07
6.91944e-07,6.68692e-07,6.08043e-07,5.59066e-07,5.0656e-07,4.36687e-07,3.76253e-07,3.08896e-07,2.496e-07,1.91319e-07,1.39128e-07
6.8526e-07,6.60341e-07,5.99781e-07,5.52553e-07,4.98982e-07,4.29975e-07,3.72736e-07,3.0413e-07,2.45336e-07,1.88278e-07,1.36593e-07
6.78389e-07,6.54475e-07,5.93412e-07,5.46135e-07,4.91936e-07,4.24421e-07,3.67733e-07,3.01301e-07,2.42297e-07,1.85583e-07,1.35113e-07
