6.89469e-05,6.22917e-05,5.97992e-05,5.83804e-05,5.92811e-05,5.12054e-05,4.59017e-05,5.01381e-05,5.1466e-05,4.9619e-05,5.74993e-05
6.94379e-05,6.31026e-05,6.02295e-05,5.96356e-05,5.67285e-05,5.10471e-05,4.54123e-05,5.17998e-05,5.19559e-05,5.1345e-05,5.72348e-05
7.0781e-05,6.26912e-05,5.91076e-05,5.98761e-05,5.75613e-05,5.2472e-05,4.73306e-05,5.2855e-05,5.33475e-05,5.30777e-05,5.84831e-05
7.19432e-05,6.49681e-05,6.10404e-05,6.05358e-05,5.79281e-05,5.29781e-05,4.80962e-05,5.33733e-05,5.47449e-05,5.30297e-05,5.6412e-05
7.26392e-05,6.59351e-05,6.18502e-05,6.13539e-05,5.88446e-05,5.41549e-05,4.89031e-05,5.41356e-05,5.4938e-05,5.32876e-05,5.5924e-05
7.2543e-05,6.65308e-05,6.26022e-05,6.21061e-05,5.92843e-05,5.486e-05,4.96942e-05,5.53095e-05,5.44571e-05,5.33847e-05,5.55053e-05
7.31468e-05,6.72968e-05,6.35354e-05,6.15885e-05,6.06248e-05,5.58965e-05,5.07784e-05,5.51208e-05,5.46191e-05,5.30428e-05,5.43337e-05
7.36826e-05,6.74604e-05,6.36979e-05,6.14252e-05,5.9614e-05,5.65607e-05,5.16356e-05,5.56654e-05,5.42759e-05,5.18223e-05,5.34155e-05
7.22538e-05,6.73445e-05,6.45966e-05,6.0879e-05,6.16441e-05,5.68248e-05,5.20768e-05,5.53109e-05,5.35223e-05,5.23326e-05,5.26072e-05
7.16768e-05,6.63951e-05,6.5339e-05,6.06396e-05,6.24269e-05,5.66529e-05,5.25341e-05,5.50444e-05,5.26958e-05,5.16853e-05,5.11824e-05
7.00098e-05,6.55344e-05,6.55925e-05,5.93524e-05,6.18244e-05,5.69552e-05,5.29281e-05,5.48128e-05,5.27433e-05,5.1107e-05,5.06403e-05
6.86482e-05,6.49362e-05,6.43809e-05,5.88385e-05,6.22593e-05,5.76074e-05,5.32407e-05,5.49326e-05,5.1218e-05,5.16828e-05,5.00933e-05
6.82748e-05,6.5126e-05,6.48206e-05,5.84423e-05,6.01736e-05,5.58523e-05,5.27871e-05,5.47106e-05,5.01326e-05,4.9647e-05,4.90073e-05
6.47385e-05,6.30115e-05,6.52107e-05,5.78641e-05,6.05785e-05,5.57365e-05,5.23993e-05,5.30589e-05,5.02304e-05,4.85622e-05,4.83239e-05
6.47312e-05,6.25725e-05,6.3679e-05,5.72056e-05,5.9487e-05,5.45789e-05,5.24584e-05,5.30015e-05,4.91139e-05,4.82424e-05,4.73812e-05
6.26562e-05,6.11007e-05,6.41321e-05,5.63868e-05,5.8644e-05,5.36745e-05,5.16813e-05,5.29879e-05,4.89071e-05,4.67812e-05,4.54866e-05
6.19835e-05,6.05541e-05,6.52423e-05,5.46873e-05,5.75932e-05,5.25151e-05,5.2551e-05,5.16264e-05,4.73908e-05,4.69044e-05,4.48292e-05
6.02041e-05,5.93482e-05,6.34909e-05,5.50816e-05,5.62682e-05,5.15047e-05,5.10177e-05,5.11674e-05,4.70734e-05,4.4369e-05,4.3249e-05
5.95495e-05,5.9437e-05,5.7103e-05,5.47603e-05,5.4673e-05,4.99237e-05,5.0967e-05,4.98109e-05,4.55783e-05,4.42404e-05,4.3455e-05
5.68167e-05,5.70111e-05,5.69756e-05,5.48235e-05,5.43066e-05,4.90325e-05,4.84403e-05,4.96683e-05,4.49756e-05,4.27695e-05,4.25037e-05
5.69661e-05,5.69233e-05,5.52423e-05,5.31968e-05,5.2452e-05,4.76632e-05,4.93542e-05,4.80589e-05,4.36569e-05,4.22894e-05,4.16091e-05
5.40401e-05,5.41666e-05,5.73514e-05,5.2183e-05,5.2367e-05,4.73833e-05,4.75918e-05,4.66097e-05,4.32603e-05,4.09805e-05,4.07717e-05
5.47506e-05,5.3207e-05,5.36086e-05,5.03367e-05,5.05656e-05,4.63089e-05,4.75796e-05,4.5503e-05,4.12884e-05,4.15524e-05,4.10681e-05
5.21637e-05,5.19971e-05,5.63763e-05,4.93186e-05,5.01966e-05,4.47076e-05,4.62073e-05,4.51077e-05,4.14101e-05,3.89998e-05,3.82007e-05
5.18325e-05,5.08465e-05,5.25166e-05,4.89065e-05,4.87234e-05,4.37733e-05,4.51419e-05,4.37044e-05,3.9179e-05,3.86655e-05,3.83942e-05
5.11085e-05,4.95159e-05,5.11498e-05,4.79654e-05,4.80964e-05,4.27777e-05,4.38814e-05,4.36903e-05,3.89973e-05,3.73459e-05,3.6939e-05
4.97058e-05,4.81734e-05,4.99224e-05,4.67366e-05,4.63702e-05,4.13295e-05,4.36298e-05,4.25326e-05,3.75375e-05,3.6473e-05,3.6021e-05
4.88189e-05,4.67904e-05,4.80644e-05,4.61501e-05,4.57907e-05,4.03561e-05,4.19164e-05,4.21338e-05,3.67756e-05,3.5467e-05,3.52242e-05
4.69329e-05,4.56094e-05,4.73417e-05,4.44121e-05,4.42796e-05,3.88564e-05,4.13323e-05,4.03863e-05,3.54329e-05,3.43391e-05,3.39783e-05
4.70894e-05,4.44443e-05,4.64708e-05,4.31399e-05,4.33283e-05,3.82045e-05,4.0084e-05,3.91338e-05,3.48881e-05,3.27797e-05,3.29678e-05
4.50084e-05,4.35125e-05,4.54016e-05,4.1877e-05,4.27022e-05,3.70919e-05,3.86841e-05,3.8382e-05,3.36872e-05,3.2452e-05,3.22387e-05
4.37922e-05,4.23883e-05,4.37042e-05,4.07981e-05,4.22973e-05,3.63272e-05,3.81369e-05,3.75264e-05,3.27219e-05,3.17024e-05,3.12138e-05
4.26367e-05,4.09645e-05,4.25671e-05,3.97105e-05,4.06521e-05,3.50393e-05,3.69642e-05,3.63132e-05,3.16685e-05,3.04221e-05,3.02679e-05
4.13567e-05,3.97751e-05,4.12884e-05,3.83389e-05,3.9905e-05,3.42207e-05,3.58232e-05,3.53555e-05,3.07054e-05,2.94643e-05,2.94703e-05
4.06111e-05,3.88863e-05,4.0295e-05,3.77177e-05,3.83093e-05,3.30788e-05,3.44907e-05,3.42753e-05,2.99476e-05,2.85715e-05,2.83863e-05
3.89118e-05,3.75919e-05,3.94717e-05,3.67796e-05,3.74025e-05,3.22553e-05,3.37447e-05,3.31925e-05,2.90901e-05,2.76326e-05,2.72317e-05
3.79909e-05,3.67152e-05,3.76046e-05,3.53501e-05,3.63229e-05,3.11777e-05,3.2815e-05,3.22633e-05,2.80707e-05,2.66184e-05,2.67311e-05
3.66782e-05,3.56031e-05,3.68398e-05,3.42023e-05,3.52836e-05,3.03008e-05,3.18705e-05,3.13189e-05,2.6905e-05,2.56032e-05,2.56697e-05
3.60978e-05,3.5262e-05,3.57174e-05,3.35616e-05,3.41402e-05,2.94055e-05,3.04727e-05,2.99063e-05,2.62049e-05,2.50148e-05,2.47864e-05
3.48514e-05,3.38935e-05,3.4629e-05,3.22167e-05,3.38164e-05,2.89717e-05,3.05102e-05,2.91023e-05,2.50009e-05,2.4325e-05,2.41737e-05
3.34869e-05,3.26043e-05,3.35186e-05,3.11469e-05,3.20089e-05,2.79028e-05,2.9199e-05,2.80877e-05,2.46013e-05,2.32544e-05,2.3096e-05
3.24128e-05,3.20569e-05,3.23236e-05,3.05614e-05,3.09485e-05,2.69639e-05,2.81064e-05,2.70114e-05,2.37287e-05,2.2369e-05,2.23457e-05
3.17314e-05,3.10571e-05,3.16804e-05,2.93818e-05,3.02058e-05,2.63329e-05,2.74756e-05,2.62515e-05,2.31201e-05,2.1816e-05,2.15139e-05
3.03818e-05,2.99335e-05,3.04751e-05,2.85041e-05,2.88863e-05,2.52622e-05,2.61834e-05,2.51493e-05,2.20343e-05,2.0759e-05,2.07693e-05
2.95037e-05,2.89686e-05,2.97547e-05,2.73173e-05,2.78385e-05,2.45929e-05,2.51872e-05,2.49137e-05,2.14681e-05,1.99209e-05,2.03211e-05
2.84892e-05,2.80515e-05,2.81297e-05,2.68524e-05,2.69776e-05,2.3695e-05,2.4663e-05,2.33811e-05,2.11493e-05,1.9456e-05,1.93107e-05
2.78992e-05,2.73811e-05,2.71814e-05,2.60235e-05,2.56794e-05,2.29959e-05,2.37756e-05,2.25009e-05,2.06674e-05,1.88418e-05,1.8598e-05
2.67253e-05,2.63711e-05,2.63131e-05,2.51983e-05,2.4866e-05,2.19224e-05,2.28491e-05,2.19548e-05,1.95462e-05,1.8115e-05,1.80271e-05
2.62565e-05,2.56872e-05,2.541e-05,2.42476e-05,2.40939e-05,2.12891e-05,2.22046e-05,2.05372e-05,1.90539e-05,1.72776e-05,1.72535e-05
2.53416e-05,2.47765e-05,2.44216e-05,2.35682e-05,2.30423e-05,2.06499e-05,2.12426e-05,1.97654e-05,1.84126e-05,1.67147e-05,1.66809e-05
2.43869e-05,2.39541e-05,2.37132e-05,2.25743e-05,2.23033e-05,1.99633e-05,2.05969e-05,1.89849e-05,1.78519e-05,1.6048e-05,1.59128e-05
2.34646e-05,2.34624e-05,2.24425e-05,2.22189e-05,2.13553e-05,1.93835e-05,1.971e-05,1.85096e-05,1.73256e-05,1.54204e-05,1.5461e-05
2.29116e-05,2.25561e-05,2.19759e-05,2.1374e-05,2.0982e-05,1.86865e-05,1.91174e-05,1.80374e-05,1.64133e-05,1.51172e-05,1.49243e-05
2.22323e-05,2.16533e-05,2.1112e-05,2.07169e-05,1.95562e-05,1.79999e-05,1.82986e-05,1.71463e-05,1.59062e-05,1.43673e-05,1.43199e-05
2.15676e-05,2.09385e-05,2.03575e-05,1.985e-05,1.88435e-05,1.72606e-05,1.76966e-05,1.6588e-05,1.54291e-05,1.38175e-05,1.38102e-05
2.08248e-05,2.02213e-05,1.98219e-05,1.89525e-05,1.79583e-05,1.67267e-05,1.69823e-05,1.61417e-05,1.48026e-05,1.32626e-05,1.33117e-05
2.02991e-05,1.94546e-05,1.9087e-05,1.84757e-05,1.73668e-05,1.61008e-05,1.62359e-05,1.55125e-05,1.4444e-05,1.26334e-05,1.28273e-05
1.96559e-05,1.87887e-05,1.82828e-05,1.78981e-05,1.67192e-05,1.55906e-05,1.57041e-05,1.47306e-05,1.38089e-05,1.23908e-05,1.23164e-05
1.90496e-05,1.82336e-05,1.76315e-05,1.72372e-05,1.60447e-05,1.50249e-05,1.51169e-05,1.42549e-05,1.3369e-05,1.19014e-05,1.18742e-05
1.8377e-05,1.77241e-05,1.69862e-05,1.68251e-05,1.54642e-05,1.45222e-05,1.46256e-05,1.38507e-05,1.29299e-05,1.15455e-05,1.15347e-05
1.7553e-05,1.71724e-05,1.6553e-05,1.61406e-05,1.49357e-05,1.39508e-05,1.38829e-05,1.34517e-05,1.23692e-05,1.11847e-05,1.12259e-05
1.73185e-05,1.63073e-05,1.59137e-05,1.55464e-05,1.43086e-05,1.35612e-05,1.3415e-05,1.27015e-05,1.19853e-05,1.07115e-05,1.06657e-05
1.68488e-05,1.5888e-05,1.53328e-05,1.49439e-05,1.37358e-05,1.30657e-05,1.301e-05,1.23618e-05,1.15814e-05,1.03493e-05,1.03102e-05
1.62353e-05,1.53433e-05,1.48796e-05,1.43133e-05,1.30696e-05,1.26504e-05,1.25325e-05,1.20163e-05,1.11247e-05,9.99466e-06,9.9809e-06
1.57267e-05,1.48113e-05,1.4335e-05,1.39321e-05,1.27781e-05,1.2222e-05,1.21403e-05,1.15568e-05,1.07708e-05,9.68146e-06,9.60666e-06
1.52472e-05,1.44659e-05,1.39972e-05,1.35945e-05,1.23172e-05,1.19408e-05,1.17535e-05,1.11795e-05,1.06194e-05,9.5073e-06,9.3987e-06
1.49985e-05,1.38085e-05,1.33921e-05,1.29987e-05,1.19655e-05,1.14218e-05,1.12981e-05,1.08243e-05,1.01556e-05,9.08858e-06,9.00064e-06
1.44504e-05,1.35799e-05,1.29484e-05,1.25375e-05,1.14307e-05,1.11355e-05,1.09279e-05,1.05399e-05,9.77384e-06,8.82939e-06,8.79282e-06
1.40171e-05,1.31699e-05,1.25474e-05,1.2055e-05,1.10778e-05,1.07905e-05,1.05474e-05,1.01827e-05,9.36862e-06,8.56432e-06,8.57981e-06
1.36188e-05,1.25075e-05,1.22198e-05,1.16862e-05,1.07126e-05,1.03991e-05,1.03055e-05,9.87106e-06,9.12656e-06,8.34454e-06,8.26452e-06
1.30538e-05,1.2118e-05,1.18783e-05,1.12763e-05,1.04055e-05,1.00682e-05,9.97232e-06,9.62643e-06,8.90411e-06,8.18443e-06,8.05238e-06
1.28272e-05,1.18338e-05,1.14291e-05,1.10095e-05,1.00252e-05,9.75849e-06,9.65475e-06,9.32506e-06,8.63507e-06,7.97482e-06,7.84188e-06
1.2397e-05,1.13931e-05,1.11367e-05,1.05538e-05,9.80609e-06,9.51185e-06,9.33917e-06,9.09453e-06,8.34072e-06,7.7181e-06,7.59413e-06
1.20122e-05,1.09984e-05,1.08052e-05,1.02424e-05,9.42757e-06,9.2275e-06,9.04981e-06,8.85881e-06,8.21996e-06,7.55671e-06,7.34398e-06
1.16359e-05,1.06681e-05,1.0523e-05,9.91317e-06,9.17233e-06,9.03884e-06,8.82546e-06,8.61992e-06,7.97679e-06,7.36229e-06,7.22361e-06
1.13126e-05,1.04179e-05,1.02292e-05,9.60153e-06,8.93487e-06,8.76407e-06,8.63376e-06,8.43375e-06,7.70025e-06,7.19347e-06,7.03301e-06
1.09491e-05,9.98032e-06,9.94941e-06,9.34279e-06,8.65196e-06,8.53152e-06,8.33843e-06,8.19028e-06,7.5805e-06,7.04521e-06,6.85563e-06
1.06561e-05,9.60288e-06,9.69558e-06,9.0148e-06,8.42566e-06,8.33927e-06,8.10348e-06,7.97514e-06,7.31327e-06,6.85133e-06,6.70528e-06
1.03253e-05,9.33057e-06,9.41749e-06,8.7928e-06,8.21876e-06,8.04094e-06,7.92607e-06,7.75199e-06,7.14873e-06,6.72672e-06,6.51808e-06
9.99455e-06,9.05289e-06,9.17362e-06,8.50633e-06,7.98987e-06,7.91426e-06,7.71576e-06,7.58857e-06,6.96629e-06,6.56411e-06,6.38855e-06
9.65938e-06,8.68539e-06,8.9371e-06,8.29875e-06,7.7658e-06,7.66994e-06,7.55728e-06,7.33498e-06,6.82712e-06,6.45562e-06,6.18946e-06
9.40643e-06,8.50167e-06,8.70777e-06,8.02819e-06,7.58173e-06,7.51501e-06,7.31932e-06,7.21484e-06,6.65149e-06,6.27506e-06,6.10419e-06
9.07759e-06,8.25267e-06,8.44481e-06,7.80907e-06,7.37513e-06,7.32065e-06,7.11526e-06,7.0437e-06,6.47846e-06,6.1639e-06,5.94186e-06
8.85854e-06,8.09772e-06,8.23018e-06,7.6278e-06,7.20392e-06,7.20122e-06,6.92293e-06,6.9322e-06,6.34737e-06,6.01004e-06,5.91185e-06
8.53151e-06,7.71965e-06,8.02197e-06,7.42025e-06,7.02348e-06,6.97279e-06,6.78766e-06,6.73332e-06,6.19721e-06,5.89402e-06,5.66813e-06
8.36671e-06,7.50553e-06,7.87614e-06,7.25061e-06,6.84834e-06,6.83966e-06,6.64416e-06,6.55359e-06,6.09396e-06,5.76632e-06,5.54721e-06
8.12948e-06,7.32031e-06,7.63048e-06,7.08666e-06,6.66566e-06,6.61419e-06,6.49342e-06,6.41244e-06,5.9535e-06,5.62694e-06,5.46831e-06
7.85062e-06,7.07496e-06,7.45014e-06,6.83363e-06,6.49835e-06,6.47471e-06,6.328e-06,6.23632e-06,5.79053e-06,5.50401e-06,5.30819e-06
7.52541e-06,6.80388e-06,7.23979e-06,6.64859e-06,6.34347e-06,6.32474e-06,6.18488e-06,6.08939e-06,5.64389e-06,5.37981e-06,5.19919e-06
7.43183e-06,6.67647e-06,7.07881e-06,6.52139e-06,6.19023e-06,6.11281e-06,6.05147e-06,5.91301e-06,5.50782e-06,5.29292e-06,5.05112e-06
7.11481e-06,6.50316e-06,6.88522e-06,6.35343e-06,6.04036e-06,5.98507e-06,5.84807e-06,5.85182e-06,5.40929e-06,5.16895e-06,4.9224e-06
6.92674e-06,6.30541e-06,6.70725e-06,6.17923e-06,5.89332e-06,5.87781e-06,5.72804e-06,5.68474e-06,5.27796e-06,5.03326e-06,4.8482e-06
6.68587e-06,6.12043e-06,6.55998e-06,6.01844e-06,5.72326e-06,5.73938e-06,5.5811e-06,5.54571e-06,5.19066e-06,4.95447e-06,4.74553e-06
6.52645e-06,5.95318e-06,6.39155e-06,5.87177e-06,5.60337e-06,5.6184e-06,5.44834e-06,5.41165e-06,5.05298e-06,4.82626e-06,4.61176e-06
6.32029e-06,5.71212e-06,6.23814e-06,5.76946e-06,5.4783e-06,5.45183e-06,5.30677e-06,5.27805e-06,4.95802e-06,4.69353e-06,4.55864e-06
6.13254e-06,5.58335e-06,6.02127e-06,5.59308e-06,5.38203e-06,5.34731e-06,5.16666e-06,5.17285e-06,4.78336e-06,4.60349e-06,4.46026e-06
5.89788e-06,5.43843e-06,5.90462e-06,5.4179e-06,5.2147e-06,5.18997e-06,5.06219e-06,5.03595e-06,4.6948e-06,4.52249e-06,4.3279e-06
5.7742e-06,5.29139e-06,5.76454e-06,5.31384e-06,5.10847e-06,5.07972e-06,4.95466e-06,4.90327e-06,4.57862e-06,4.42763e-06,4.24095e-06
5.59977e-06,5.17585e-06,5.59668e-06,5.1936e-06,4.97672e-06,4.94147e-06,4.82601e-06,4.77022e-06,4.50097e-06,4.30533e-06,4.12824e-06
5.43517e-06,4.96739e-06,5.44719e-06,5.03182e-06,4.83481e-06,4.85209e-06,4.70629e-06,4.69513e-06,4.37462e-06,4.2385e-06,4.0396e-06
5.24845e-06,4.90385e-06,5.32008e-06,4.92882e-06,4.74513e-06,4.72773e-06,4.59898e-06,4.57205e-06,4.28149e-06,4.13732e-06,3.91517e-06
5.17562e-06,4.78791e-06,5.17198e-06,4.81439e-06,4.63396e-06,4.60633e-06,4.46489e-06,4.46126e-06,4.15654e-06,4.0344e-06,3.86673e-06
4.88521e-06,4.66321e-06,5.02397e-06,4.68213e-06,4.51217e-06,4.4977e-06,4.34315e-06,4.35095e-06,4.09225e-06,3.94464e-06,3.75436e-06
4.86911e-06,4.52853e-06,4.92505e-06,4.57196e-06,4.40004e-06,4.38037e-06,4.31194e-06,4.23043e-06,3.96892e-06,3.89747e-06,3.69061e-06
4.6969e-06,4.43287e-06,4.79699e-06,4.4796e-06,4.31525e-06,4.27572e-06,4.16297e-06,4.156e-06,3.91068e-06,3.7856e-06,3.58621e-06
4.55644e-06,4.31623e-06,4.66898e-06,4.36661e-06,4.20036e-06,4.16941e-06,4.06652e-06,4.05461e-06,3.81984e-06,3.71796e-06,3.54797e-06
4.34914e-06,4.21086e-06,4.52263e-06,4.27407e-06,4.09847e-06,4.05772e-06,3.94833e-06,3.95998e-06,3.71849e-06,3.58731e-06,3.44185e-06
4.31752e-06,4.11768e-06,4.43033e-06,4.19592e-06,4.01082e-06,3.98047e-06,3.85939e-06,3.8434e-06,3.64439e-06,3.50792e-06,3.35267e-06
4.11152e-06,4.01475e-06,4.3214e-06,4.05342e-06,3.88671e-06,3.86859e-06,3.7824e-06,3.7727e-06,3.52731e-06,3.469e-06,3.26533e-06
4.07577e-06,3.91301e-06,4.2399e-06,3.96572e-06,3.83019e-06,3.78279e-06,3.71021e-06,3.66648e-06,3.4552e-06,3.39023e-06,3.22209e-06
3.94175e-06,3.82831e-06,4.11918e-06,3.87848e-06,3.75637e-06,3.6834e-06,3.6242e-06,3.59094e-06,3.38483e-06,3.30209e-06,3.15296e-06
3.87911e-06,3.80613e-06,4.00123e-06,3.82934e-06,3.66608e-06,3.6318e-06,3.53699e-06,3.54215e-06,3.34408e-06,3.2703e-06,3.0726e-06
3.79078e-06,3.68067e-06,3.89453e-06,3.70085e-06,3.5835e-06,3.53259e-06,3.42728e-06,3.44242e-06,3.24564e-06,3.17951e-06,3.00646e-06
3.76106e-06,3.65928e-06,3.8336e-06,3.61644e-06,3.5027e-06,3.45212e-06,3.3906e-06,3.34521e-06,3.15381e-06,3.08144e-06,2.92394e-06
3.58917e-06,3.56477e-06,3.74295e-06,3.53747e-06,3.39732e-06,3.37259e-06,3.28373e-06,3.29345e-06,3.0729e-06,3.02514e-06,2.87432e-06
3.4665e-06,3.46475e-06,3.65747e-06,3.48882e-06,3.33193e-06,3.29586e-06,3.22339e-06,3.20534e-06,3.02329e-06,2.9678e-06,2.82991e-06
3.42669e-06,3.38349e-06,3.51858e-06,3.40353e-06,3.25071e-06,3.19986e-06,3.14333e-06,3.11402e-06,2.99733e-06,2.93267e-06,2.73856e-06
3.37263e-06,3.32764e-06,3.49131e-06,3.30709e-06,3.2084e-06,3.11728e-06,3.08471e-06,3.0449e-06,2.87464e-06,2.83062e-06,2.64586e-06
3.21818e-06,3.2487e-06,3.38772e-06,3.24212e-06,3.11531e-06,3.03215e-06,3.01007e-06,2.95857e-06,2.83576e-06,2.78196e-06,2.60975e-06
3.24077e-06,3.22825e-06,3.26803e-06,3.20305e-06,3.07613e-06,2.98881e-06,2.93312e-06,2.91321e-06,2.74386e-06,2.69789e-06,2.58344e-06
3.03164e-06,3.1204e-06,3.24042e-06,3.05959e-06,2.9809e-06,2.9133e-06,2.87226e-06,2.82738e-06,2.67131e-06,2.65757e-06,2.51353e-06
3.05221e-06,3.04511e-06,3.1296e-06,3.03909e-06,2.94403e-06,2.84466e-06,2.82496e-06,2.75538e-06,2.64934e-06,2.64805e-06,2.45132e-06
2.90988e-06,2.97731e-06,3.10775e-06,2.9615e-06,2.87638e-06,2.78846e-06,2.74597e-06,2.70213e-06,2.57611e-06,2.54189e-06,2.40707e-06
2.87019e-06,2.90018e-06,2.97777e-06,2.91274e-06,2.80086e-06,2.69408e-06,2.6448e-06,2.62288e-06,2.52574e-06,2.4588e-06,2.36765e-06
2.76505e-06,2.80466e-06,2.91564e-06,2.82897e-06,2.73245e-06,2.65523e-06,2.62751e-06,2.5659e-06,2.48546e-06,2.43006e-06,2.32365e-06
2.80202e-06,2.77981e-06,2.83601e-06,2.77527e-06,2.67754e-06,2.60923e-06,2.5649e-06,2.50941e-06,2.40966e-06,2.38024e-06,2.25152e-06
2.66791e-06,2.69717e-06,2.79953e-06,2.67393e-06,2.62238e-06,2.54444e-06,2.48358e-06,2.46814e-06,2.35056e-06,2.31841e-06,2.19638e-06
2.63246e-06,2.656e-06,2.70274e-06,2.63852e-06,2.58765e-06,2.49657e-06,2.45113e-06,2.41901e-06,2.30433e-06,2.2664e-06,2.13388e-06
2.55771e-06,2.59074e-06,2.64885e-06,2.5716e-06,2.52703e-06,2.43611e-06,2.39122e-06,2.3448e-06,2.26123e-06,2.21199e-06,2.11017e-06
2.49402e-06,2.55373e-06,2.60227e-06,2.51036e-06,2.47635e-06,2.38919e-06,2.33997e-06,2.29045e-06,2.21361e-06,2.17509e-06,2.0491e-06
2.42404e-06,2.50187e-06,2.51807e-06,2.47179e-06,2.43599e-06,2.32572e-06,2.29042e-06,2.2365e-06,2.17669e-06,2.14734e-06,2.01344e-06
2.38161e-06,2.46666e-06,2.47252e-06,2.4151e-06,2.35552e-06,2.26881e-06,2.23451e-06,2.19132e-06,2.10261e-06,2.08889e-06,1.98085e-06
2.34129e-06,2.41015e-06,2.43337e-06,2.38213e-06,2.31116e-06,2.21723e-06,2.18226e-06,2.16204e-06,2.05971e-06,2.02426e-06,1.9351e-06
2.25632e-06,2.34243e-06,2.32908e-06,2.32277e-06,2.25642e-06,2.18942e-06,2.14738e-06,2.10798e-06,2.03379e-06,1.98522e-06,1.91456e-06
2.22176e-06,2.29668e-06,2.28961e-06,2.27085e-06,2.1952e-06,2.13037e-06,2.06904e-06,2.06086e-06,1.99597e-06,1.94481e-06,1.87169e-06
2.18427e-06,2.24498e-06,2.25035e-06,2.21174e-06,2.17611e-06,2.09923e-06,2.0521e-06,2.02218e-06,1.94943e-06,1.9111e-06,1.82267e-06
2.12939e-06,2.20334e-06,2.19799e-06,2.21072e-06,2.11612e-06,2.04392e-06,2.02029e-06,1.98079e-06,1.90784e-06,1.87048e-06,1.803e-06
2.10292e-06,2.17495e-06,2.14367e-06,2.13438e-06,2.0863e-06,1.99525e-06,1.9715e-06,1.91745e-06,1.86312e-06,1.82904e-06,1.74583e-06
2.0458e-06,2.10153e-06,2.1124e-06,2.09466e-06,2.03548e-06,1.95661e-06,1.91301e-06,1.88812e-06,1.81011e-06,1.81427e-06,1.71317e-06
2.00416e-06,2.07328e-06,2.03078e-06,2.03506e-06,1.9939e-06,1.89718e-06,1.88848e-06,1.83196e-06,1.78518e-06,1.73867e-06,1.68585e-06
1.89516e-06,2.01759e-06,2.01441e-06,1.99996e-06,1.95184e-06,1.88581e-06,1.83893e-06,1.78959e-06,1.75128e-06,1.70293e-06,1.64247e-06
1.91583e-06,1.99106e-06,1.94927e-06,1.95718e-06,1.90089e-06,1.83725e-06,1.81141e-06,1.77817e-06,1.71256e-06,1.6765e-06,1.62154e-06
1.85079e-06,1.91655e-06,1.90298e-06,1.92368e-06,1.8637e-06,1.8106e-06,1.75285e-06,1.73361e-06,1.69544e-06,1.63632e-06,1.59269e-06
1.83876e-06,1.90467e-06,1.85803e-06,1.88087e-06,1.83297e-06,1.76803e-06,1.72524e-06,1.70277e-06,1.64566e-06,1.605e-06,1.55099e-06
1.788e-06,1.84055e-06,1.8508e-06,1.83935e-06,1.79106e-06,1.74154e-06,1.67378e-06,1.64822e-06,1.60162e-06,1.55852e-06,1.52775e-06
1.73423e-06,1.81168e-06,1.79391e-06,1.79417e-06,1.76213e-06,1.69178e-06,1.63489e-06,1.63621e-06,1.5779e-06,1.54761e-06,1.49751e-06
1.71009e-06,1.76713e-06,1.75783e-06,1.77173e-06,1.71708e-06,1.64049e-06,1.62479e-06,1.58109e-06,1.55305e-06,1.50596e-06,1.44891e-06
1.66806e-06,1.74294e-06,1.7228e-06,1.72521e-06,1.67333e-06,1.62401e-06,1.57555e-06,1.5496e-06,1.51678e-06,1.46599e-06,1.4328e-06
1.61334e-06,1.71319e-06,1.66895e-06,1.68856e-06,1.65179e-06,1.5857e-06,1.55224e-06,1.52592e-06,1.49296e-06,1.45473e-06,1.40905e-06
1.59303e-06,1.66876e-06,1.63535e-06,1.66309e-06,1.61123e-06,1.55954e-06,1.51257e-06,1.49589e-06,1.45008e-06,1.41978e-06,1.3669e-06
1.56834e-06,1.61499e-06,1.60383e-06,1.62834e-06,1.58246e-06,1.52831e-06,1.48243e-06,1.45181e-06,1.42263e-06,1.38118e-06,1.33955e-06
1.53743e-06,1.59667e-06,1.56924e-06,1.60072e-06,1.54372e-06,1.51025e-06,1.45332e-06,1.44271e-06,1.41161e-06,1.3613e-06,1.33104e-06
1.50174e-06,1.56105e-06,1.5396e-06,1.56554e-06,1.50906e-06,1.46881e-06,1.42257e-06,1.40263e-06,1.38226e-06,1.32904e-06,1.2869e-06
1.46187e-06,1.52929e-06,1.51174e-06,1.52571e-06,1.48493e-06,1.42971e-06,1.39972e-06,1.36634e-06,1.35825e-06,1.30307e-06,1.26973e-06
1.41134e-06,1.48419e-06,1.47834e-06,1.5111e-06,1.45008e-06,1.40868e-06,1.37014e-06,1.35194e-06,1.32711e-06,1.28403e-06,1.24965e-06
1.38729e-06,1.45323e-06,1.45238e-06,1.46281e-06,1.4227e-06,1.38411e-06,1.33714e-06,1.31565e-06,1.3056e-06,1.24675e-06,1.21892e-06
1.3783e-06,1.41962e-06,1.41836e-06,1.44622e-06,1.38914e-06,1.34052e-06,1.30211e-06,1.30444e-06,1.27551e-06,1.21773e-06,1.19027e-06
1.34915e-06,1.38284e-06,1.38109e-06,1.40258e-06,1.37137e-06,1.33361e-06,1.28573e-06,1.27406e-06,1.2556e-06,1.20813e-06,1.16066e-06
1.30697e-06,1.36148e-06,1.34879e-06,1.37663e-06,1.3437e-06,1.30056e-06,1.25793e-06,1.25107e-06,1.21736e-06,1.18222e-06,1.13685e-06
1.28652e-06,1.33296e-06,1.31474e-06,1.35459e-06,1.3095e-06,1.28356e-06,1.2299e-06,1.22687e-06,1.21373e-06,1.16132e-06,1.1335e-06
1.25266e-06,1.30188e-06,1.30187e-06,1.31869e-06,1.29862e-06,1.25409e-06,1.204e-06,1.19188e-06,1.17597e-06,1.13652e-06,1.08443e-06
1.21739e-06,1.2654e-06,1.27872e-06,1.30238e-06,1.26318e-06,1.22057e-06,1.19672e-06,1.16957e-06,1.15505e-06,1.10353e-06,1.08139e-06
1.20168e-06,1.25614e-06,1.2364e-06,1.27602e-06,1.24028e-06,1.19937e-06,1.16726e-06,1.15076e-06,1.13418e-06,1.09507e-06,1.05842e-06
1.17987e-06,1.21019e-06,1.23251e-06,1.24326e-06,1.20992e-06,1.17377e-06,1.13486e-06,1.12819e-06,1.11448e-06,1.0547e-06,1.03598e-06
1.15452e-06,1.19116e-06,1.19373e-06,1.22607e-06,1.19145e-06,1.15171e-06,1.11939e-06,1.10964e-06,1.08893e-06,1.04162e-06,1.01039e-06
1.12982e-06,1.17109e-06,1.17012e-06,1.20276e-06,1.16512e-06,1.13039e-06,1.09795e-06,1.08449e-06,1.07333e-06,1.03038e-06,9.93203e-07
1.12416e-06,1.15303e-06,1.14429e-06,1.18636e-06,1.13513e-06,1.10226e-06,1.07627e-06,1.06602e-06,1.05404e-06,1.01081e-06,9.73987e-07
1.08189e-06,1.12173e-06,1.12632e-06,1.16061e-06,1.12065e-06,1.08852e-06,1.06058e-06,1.04678e-06,1.02943e-06,9.91209e-07,9.52849e-07
1.06176e-06,1.0977e-06,1.10064e-06,1.13549e-06,1.09893e-06,1.06565e-06,1.03683e-06,1.02348e-06,1.01013e-06,9.74239e-07,9.34962e-07
1.02865e-06,1.0754e-06,1.08396e-06,1.12114e-06,1.07785e-06,1.04444e-06,1.01997e-06,1.01095e-06,9.86151e-07,9.48073e-07,9.09789e-07
1.01319e-06,1.04849e-06,1.05938e-06,1.08733e-06,1.05838e-06,1.02895e-06,9.97468e-07,9.82521e-07,9.74212e-07,9.32949e-07,9.00551e-07
9.97176e-07,1.03773e-06,1.04079e-06,1.07021e-06,1.03349e-06,1.00312e-06,9.76441e-07,9.66737e-07,9.54605e-07,9.10235e-07,8.86824e-07
9.7789e-07,1.01379e-06,1.01744e-06,1.04889e-06,1.01693e-06,9.86384e-07,9.62087e-07,9.54272e-07,9.42322e-07,9.051e-07,8.66587e-07
9.56691e-07,9.88839e-07,1.00171e-06,1.03102e-06,9.96797e-07,9.68686e-07,9.38486e-07,9.20786e-07,9.22049e-07,8.77875e-07,8.43747e-07
9.45224e-07,9.71994e-07,9.82729e-07,1.01158e-06,9.75941e-07,9.48053e-07,9.23474e-07,9.15223e-07,9.02534e-07,8.6317e-07,8.26392e-07
9.34392e-07,9.58082e-07,9.60481e-07,9.92622e-07,9.54387e-07,9.31217e-07,9.04841e-07,8.93344e-07,8.90222e-07,8.49897e-07,8.07677e-07
9.11619e-07,9.27133e-07,9.48154e-07,9.75136e-07,9.34666e-07,9.10041e-07,8.87936e-07,8.76295e-07,8.69474e-07,8.3325e-07,8.00649e-07
8.90994e-07,9.1017e-07,9.3192e-07,9.59336e-07,9.21822e-07,8.95055e-07,8.75579e-07,8.60905e-07,8.53973e-07,8.14635e-07,7.80766e-07
8.77166e-07,9.01719e-07,9.14495e-07,9.40882e-07,9.02216e-07,8.7866e-07,8.57022e-07,8.47381e-07,8.37187e-07,8.04181e-07,7.61211e-07
8.61114e-07,8.81941e-07,8.9895e-07,9.20812e-07,8.84674e-07,8.60771e-07,8.37136e-07,8.31903e-07,8.23763e-07,7.78963e-07,7.48899e-07
8.46708e-07,8.65152e-07,8.76631e-07,9.04451e-07,8.70408e-07,8.45072e-07,8.25079e-07,8.1374e-07,8.09291e-07,7.74736e-07,7.3385e-07
8.38136e-07,8.49198e-07,8.59355e-07,8.89203e-07,8.5443e-07,8.32899e-07,8.08128e-07,7.95499e-07,7.96265e-07,7.59221e-07,7.19243e-07
8.20204e-07,8.28411e-07,8.4546e-07,8.72793e-07,8.38174e-07,8.16777e-07,7.94006e-07,7.82961e-07,7.79006e-07,7.42227e-07,7.05005e-07
8.00666e-07,8.17124e-07,8.29967e-07,8.55446e-07,8.23287e-07,8.00981e-07,7.81979e-07,7.65757e-07,7.65512e-07,7.29852e-07,6.88991e-07
7.93094e-07,8.04997e-07,8.18215e-07,8.40421e-07,8.03748e-07,7.84285e-07,7.6593e-07,7.54848e-07,7.53534e-07,7.15696e-07,6.77806e-07
7.7204e-07,7.84883e-07,8.06238e-07,8.27004e-07,7.89882e-07,7.73627e-07,7.52626e-07,7.36594e-07,7.40855e-07,7.01956e-07,6.64701e-07
7.63379e-07,7.73213e-07,7.90085e-07,8.09671e-07,7.74674e-07,7.57341e-07,7.361e-07,7.24232e-07,7.2643e-07,6.85785e-07,6.51832e-07
7.50199e-07,7.59889e-07,7.78879e-07,7.94977e-07,7.61162e-07,7.43457e-07,7.2285e-07,7.11914e-07,7.11991e-07,6.72903e-07,6.37505e-07
7.40648e-07,7.44678e-07,7.6023e-07,7.81195e-07,7.5048e-07,7.32403e-07,7.10803e-07,7.01259e-07,7.00152e-07,6.66301e-07,6.22507e-07
7.26553e-07,7.33219e-07,7.50006e-07,7.62793e-07,7.36939e-07,7.18618e-07,6.98093e-07,6.89032e-07,6.83586e-07,6.5126e-07,6.08928e-07
7.16389e-07,7.21301e-07,7.34762e-07,7.53232e-07,7.22681e-07,7.03606e-07,6.8405e-07,6.74809e-07,6.72811e-07,6.41103e-07,5.998e-07
7.09367e-07,7.07871e-07,7.21734e-07,7.40024e-07,7.07873e-07,6.90736e-07,6.71766e-07,6.62784e-07,6.58721e-07,6.27928e-07,5.87192e-07
6.9212e-07,6.96319e-07,7.09013e-07,7.24799e-07,6.98911e-07,6.78042e-07,6.61279e-07,6.51814e-07,6.47403e-07,6.16569e-07,5.76829e-07
6.81889e-07,6.82717e-07,6.96674e-07,7.1544e-07,6.85963e-07,6.68561e-07,6.4953e-07,6.36391e-07,6.35837e-07,6.02624e-07,5.65924e-07
6.70584e-07,6.74481e-07,6.83916e-07,6.98128e-07,6.69835e-07,6.59078e-07,6.36923e-07,6.30863e-07,6.20228e-07,5.94341e-07,5.55992e-07
6.60201e-07,6.61757e-07,6.76182e-07,6.89995e-07,6.58992e-07,6.44012e-07,6.25696e-07,6.14864e-07,6.13491e-07,5.79568e-07,5.4269e-07
6.49785e-07,6.51832e-07,6.63632e-07,6.79594e-07,6.45616e-07,6.31015e-07,6.17226e-07,6.0296e-07,6.03003e-07,5.71026e-07,5.31744e-07
6.40332e-07,6.40774e-07,6.51924e-07,6.67549e-07,6.36507e-07,6.21327e-07,6.03995e-07,5.92789e-07,5.94e-07,5.59285e-07,5.21393e-07
6.29449e-07,6.30713e-07,6.39112e-07,6.54337e-07,6.26718e-07,6.10854e-07,5.94605e-07,5.84225e-07,5.79642e-07,5.50638e-07,5.10772e-07
6.21636e-07,6.19356e-07,6.29641e-07,6.41822e-07,6.12949e-07,5.98892e-07,5.83651e-07,5.71269e-07,5.69004e-07,5.36923e-07,5.03244e-07
6.12116e-07,6.09012e-07,6.21753e-07,6.29815e-07,6.03712e-07,5.86891e-07,5.71443e-07,5.64444e-07,5.58547e-07,5.30972e-07,4.91911e-07
6.01143e-07,5.95944e-07,6.08893e-07,6.20571e-07,5.94684e-07,5.80271e-07,5.62425e-07,5.52957e-07,5.50291e-07,5.19785e-07,4.81459e-07
5.95161e-07,5.88701e-07,5.96861e-07,6.08446e-07,5.83125e-07,5.67443e-07,5.54706e-07,5.44104e-07,5.39967e-07,5.10659e-07,4.7204e-07
5.81874e-07,5.78248e-07,5.88165e-07,5.98672e-07,5.75577e-07,5.56979e-07,5.44564e-07,5.33254e-07,5.2906e-07,4.99755e-07,4.63478e-07
5.7617e-07,5.71395e-07,5.76005e-07,5.87961e-07,5.62067e-07,5.4774e-07,5.34342e-07,5.23137e-07,5.19832e-07,4.89494e-07,4.55167e-07
5.66042e-07,5.57886e-07,5.68028e-07,5.78652e-07,5.53947e-07,5.3831e-07,5.26459e-07,5.15459e-07,5.1174e-07,4.84866e-07,4.46637e-07
5.56548e-07,5.52601e-07,5.56794e-07,5.67849e-07,5.46849e-07,5.2762e-07,5.18598e-07,5.08571e-07,5.04715e-07,4.75323e-07,4.37496e-07
5.49776e-07,5.42388e-07,5.4745e-07,5.58678e-07,5.36384e-07,5.22427e-07,5.0839e-07,4.94625e-07,4.92149e-07,4.62687e-07,4.28535e-07
5.38849e-07,5.32904e-07,5.40154e-07,5.49678e-07,5.27056e-07,5.12753e-07,4.98894e-07,4.86539e-07,4.84373e-07,4.56538e-07,4.20051e-07
5.31349e-07,5.2651e-07,5.30213e-07,5.3838e-07,5.16812e-07,5.03876e-07,4.91253e-07,4.80256e-07,4.77205e-07,4.4772e-07,4.13522e-07
5.23772e-07,5.17904e-07,5.20467e-07,5.30823e-07,5.08002e-07,4.95419e-07,4.83386e-07,4.71815e-07,4.66943e-07,4.39386e-07,4.04362e-07
5.1569e-07,5.10354e-07,5.12498e-07,5.22518e-07,5.02156e-07,4.85925e-07,4.76323e-07,4.64198e-07,4.61499e-07,4.31983e-07,3.96991e-07
5.07813e-07,5.00768e-07,5.03587e-07,5.12321e-07,4.91246e-07,4.77754e-07,4.65808e-07,4.56117e-07,4.50895e-07,4.23571e-07,3.89977e-07
5.00321e-07,4.89935e-07,4.9851e-07,5.03073e-07,4.84264e-07,4.68834e-07,4.57632e-07,4.48794e-07,4.42039e-07,4.15346e-07,3.8047e-07
4.91988e-07,4.83641e-07,4.86881e-07,4.95065e-07,4.75439e-07,4.62355e-07,4.4973e-07,4.39202e-07,4.34227e-07,4.08232e-07,3.74172e-07
4.8506e-07,4.75413e-07,4.7922e-07,4.8514e-07,4.69854e-07,4.51658e-07,4.42264e-07,4.33233e-07,4.27094e-07,4.00802e-07,3.68023e-07
4.76012e-07,4.68984e-07,4.70292e-07,4.78479e-07,4.6032e-07,4.45582e-07,4.36611e-07,4.25826e-07,4.1995e-07,3.92843e-07,3.6099e-07
4.7032e-07,4.62102e-07,4.62211e-07,4.69963e-07,4.50037e-07,4.39362e-07,4.28584e-07,4.17551e-07,4.13487e-07,3.88241e-07,3.55919e-07
4.6135e-07,4.54207e-07,4.54216e-07,4.62219e-07,4.45267e-07,4.32691e-07,4.21355e-07,4.1032e-07,4.05557e-07,3.78052e-07,3.48846e-07
4.55265e-07,4.45741e-07,4.46781e-07,4.54895e-07,4.36922e-07,4.2238e-07,4.14064e-07,4.0541e-07,3.99746e-07,3.71315e-07,3.41937e-07
4.49268e-07,4.39366e-07,4.39402e-07,4.47267e-07,4.30262e-07,4.16283e-07,4.08304e-07,3.9647e-07,3.91568e-07,3.65007e-07,3.3598e-07
4.40283e-07,4.31732e-07,4.32691e-07,4.37733e-07,4.22367e-07,4.09855e-07,4.01971e-07,3.90172e-07,3.84992e-07,3.58887e-07,3.28961e-07
4.32768e-07,4.25288e-07,4.24914e-07,4.31553e-07,4.16502e-07,4.03836e-07,3.93642e-07,3.85364e-07,3.79349e-07,3.52112e-07,3.22986e-07
4.26735e-07,4.16667e-07,4.19024e-07,4.23592e-07,4.10003e-07,3.97153e-07,3.87951e-07,3.80147e-07,3.7134e-07,3.46191e-07,3.17423e-07
4.20077e-07,4.11178e-07,4.0958e-07,4.17629e-07,4.02829e-07,3.89434e-07,3.80978e-07,3.73105e-07,3.64729e-07,3.41061e-07,3.11357e-07
4.12478e-07,4.03723e-07,4.03682e-07,4.10048e-07,3.96044e-07,3.81989e-07,3.74612e-07,3.67248e-07,3.60175e-07,3.33652e-07,3.06051e-07
4.04823e-07,3.98176e-07,3.95897e-07,4.03179e-07,3.88761e-07,3.77878e-07,3.67174e-07,3.60678e-07,3.53357e-07,3.27439e-07,3.00209e-07
3.98994e-07,3.88694e-07,3.91379e-07,3.9612e-07,3.83001e-07,3.68234e-07,3.63647e-07,3.54673e-07,3.47818e-07,3.21478e-07,2.94386e-07
3.91768e-07,3.83236e-07,3.82803e-07,3.90976e-07,3.78754e-07,3.62915e-07,3.55671e-07,3.50829e-07,3.42838e-07,3.16919e-07,2.89545e-07
3.85686e-07,3.76552e-07,3.76959e-07,3.82541e-07,3.70612e-07,3.58098e-07,3.5073e-07,3.42338e-07,3.3525e-07,3.09231e-07,2.84998e-07
3.80001e-07,3.71438e-07,3.68845e-07,3.75282e-07,3.65749e-07,3.51796e-07,3.44936e-07,3.38915e-07,3.30701e-07,3.04509e-07,2.79352e-07
3.71313e-07,3.64487e-07,3.64278e-07,3.69153e-07,3.58787e-07,3.4617e-07,3.40728e-07,3.33088e-07,3.23934e-07,2.99451e-07,2.74689e-07
3.66444e-07,3.58198e-07,3.56746e-07,3.61289e-07,3.52545e-07,3.39835e-07,3.33527e-07,3.28275e-07,3.17601e-07,2.95253e-07,2.70534e-07
3.59956e-07,3.52003e-07,3.52443e-07,3.57711e-07,3.48013e-07,3.34857e-07,3.28005e-07,3.22028e-07,3.13474e-07,2.89683e-07,2.64901e-07
3.51446e-07,3.47449e-07,3.43865e-07,3.50394e-07,3.41769e-07,3.30665e-07,3.25238e-07,3.17028e-07,3.09222e-07,2.84946e-07,2.5848e-07
3.47661e-07,3.3933e-07,3.39237e-07,3.45169e-07,3.36839e-07,3.22893e-07,3.1843e-07,3.11638e-07,3.02687e-07,2.79602e-07,2.55343e-07
3.4004e-07,3.33558e-07,3.32789e-07,3.39606e-07,3.29201e-07,3.17007e-07,3.1323e-07,3.07229e-07,2.98866e-07,2.75181e-07,2.50174e-07
3.33519e-07,3.26869e-07,3.28219e-07,3.314e-07,3.26391e-07,3.12266e-07,3.07027e-07,3.02819e-07,2.93958e-07,2.68927e-07,2.45886e-07
3.28651e-07,3.22469e-07,3.19989e-07,3.28371e-07,3.20007e-07,3.07754e-07,3.03281e-07,2.96912e-07,2.88234e-07,2.65382e-07,2.41874e-07
3.21582e-07,3.15267e-07,3.15771e-07,3.20278e-07,3.1566e-07,3.03286e-07,2.98278e-07,2.92167e-07,2.82554e-07,2.60505e-07,2.37469e-07
3.16885e-07,3.10324e-07,3.08985e-07,3.16554e-07,3.1152e-07,2.99728e-07,2.92788e-07,2.90235e-07,2.78716e-07,2.56267e-07,2.3307e-07
3.12808e-07,3.03579e-07,3.06496e-07,3.11946e-07,3.02355e-07,2.93351e-07,2.88165e-07,2.83558e-07,2.75668e-07,2.51348e-07,2.29428e-07
3.04393e-07,3.00491e-07,2.98253e-07,3.05138e-07,2.98364e-07,2.88925e-07,2.84966e-07,2.78631e-07,2.71542e-07,2.47234e-07,2.2449e-07
2.98947e-07,2.92504e-07,2.94879e-07,3.01399e-07,2.95458e-07,2.83656e-07,2.7938e-07,2.74545e-07,2.66061e-07,2.4274e-07,2.20787e-07
2.94007e-07,2.88491e-07,2.86917e-07,2.94339e-07,2.89601e-07,2.79156e-07,2.73598e-07,2.70676e-07,2.6178e-07,2.38302e-07,2.18048e-07
2.89083e-07,2.82555e-07,2.8341e-07,2.89522e-07,2.85477e-07,2.74918e-07,2.705e-07,2.65064e-07,2.57047e-07,2.34179e-07,2.13066e-07
2.82856e-07,2.77072e-07,2.77875e-07,2.85645e-07,2.79948e-07,2.70962e-07,2.67727e-07,2.61907e-07,2.53279e-07,2.29911e-07,2.09136e-07
2.76018e-07,2.71938e-07,2.73021e-07,2.80016e-07,2.75646e-07,2.64994e-07,2.61949e-07,2.57633e-07,2.49508e-07,2.25816e-07,2.05735e-07
2.71564e-07,2.66951e-07,2.67462e-07,2.75517e-07,2.70695e-07,2.60365e-07,2.57213e-07,2.5422e-07,2.44437e-07,2.22854e-07,2.02506e-07
2.67316e-07,2.62081e-07,2.62681e-07,2.71357e-07,2.6665e-07,2.57059e-07,2.53147e-07,2.49629e-07,2.41949e-07,2.189e-07,1.99378e-07
2.61376e-07,2.57184e-07,2.58111e-07,2.63025e-07,2.62346e-07,2.53488e-07,2.50555e-07,2.46197e-07,2.35947e-07,2.15469e-07,1.95502e-07
2.5698e-07,2.52007e-07,2.53587e-07,2.61549e-07,2.57273e-07,2.47952e-07,2.47958e-07,2.41671e-07,2.34728e-07,2.10626e-07,1.91894e-07
2.50422e-07,2.46587e-07,2.47353e-07,2.56162e-07,2.55213e-07,2.44345e-07,2.4175e-07,2.37574e-07,2.28846e-07,2.07462e-07,1.88583e-07
2.47653e-07,2.4173e-07,2.44167e-07,2.5122e-07,2.4864e-07,2.39467e-07,2.36167e-07,2.34925e-07,2.25029e-07,2.04151e-07,1.85146e-07
2.41659e-07,2.37177e-07,2.39166e-07,2.47761e-07,2.4703e-07,2.37263e-07,2.33262e-07,2.31173e-07,2.21543e-07,2.00436e-07,1.82492e-07
2.36074e-07,2.32809e-07,2.34414e-07,2.43207e-07,2.41267e-07,2.33794e-07,2.30486e-07,2.26701e-07,2.17597e-07,1.96871e-07,1.78566e-07
2.3207e-07,2.28238e-07,2.30873e-07,2.4039e-07,2.35811e-07,2.29701e-07,2.28279e-07,2.2501e-07,2.15223e-07,1.93186e-07,1.75237e-07
2.25849e-07,2.2346e-07,2.26637e-07,2.35791e-07,2.34164e-07,2.25704e-07,2.23272e-07,2.2026e-07,2.10605e-07,1.90043e-07,1.72129e-07
2.23235e-07,2.19619e-07,2.22346e-07,2.32207e-07,2.30162e-07,2.22929e-07,2.20761e-07,2.17544e-07,2.06022e-07,1.87167e-07,1.69112e-07
2.16418e-07,2.14439e-07,2.1726e-07,2.27385e-07,2.27973e-07,2.18644e-07,2.15499e-07,2.12616e-07,2.02123e-07,1.8389e-07,1.6607e-07
2.13133e-07,2.11303e-07,2.13235e-07,2.23027e-07,2.21899e-07,2.15334e-07,2.12968e-07,2.08958e-07,1.99169e-07,1.8095e-07,1.62873e-07
2.09805e-07,2.05743e-07,2.09606e-07,2.17665e-07,2.18872e-07,2.11626e-07,2.0989e-07,2.05684e-07,1.97469e-07,1.77257e-07,1.59805e-07
2.04246e-07,2.01419e-07,2.04974e-07,2.14218e-07,2.14537e-07,2.07441e-07,2.05719e-07,2.02513e-07,1.93845e-07,1.74438e-07,1.57546e-07
2.01059e-07,1.97714e-07,2.01126e-07,2.1007e-07,2.11705e-07,2.03643e-07,2.00765e-07,2.00182e-07,1.90292e-07,1.71867e-07,1.54819e-07
1.97083e-07,1.93911e-07,1.9708e-07,2.07633e-07,2.09353e-07,2.01375e-07,1.99292e-07,1.96573e-07,1.87611e-07,1.68715e-07,1.51664e-07
1.92186e-07,1.89761e-07,1.92362e-07,2.03579e-07,2.04952e-07,1.98242e-07,1.9572e-07,1.9318e-07,1.84378e-07,1.66283e-07,1.49325e-07
1.89398e-07,1.86134e-07,1.89527e-07,1.99036e-07,2.00716e-07,1.94891e-07,1.92708e-07,1.90488e-07,1.82244e-07,1.63236e-07,1.4671e-07
1.85225e-07,1.83252e-07,1.86458e-07,1.96236e-07,1.97333e-07,1.90959e-07,1.89395e-07,1.87413e-07,1.78532e-07,1.60728e-07,1.44517e-07
1.80798e-07,1.78755e-07,1.83478e-07,1.92308e-07,1.95089e-07,1.89417e-07,1.85318e-07,1.84726e-07,1.75613e-07,1.56909e-07,1.40982e-07
1.77588e-07,1.75595e-07,1.78919e-07,1.88414e-07,1.90973e-07,1.85397e-07,1.8356e-07,1.81272e-07,1.72683e-07,1.55049e-07,1.38287e-07
1.73666e-07,1.72318e-07,1.75439e-07,1.87389e-07,1.87489e-07,1.83254e-07,1.81699e-07,1.79276e-07,1.68571e-07,1.52381e-07,1.3623e-07
1.71034e-07,1.68181e-07,1.72383e-07,1.82774e-07,1.85247e-07,1.79248e-07,1.78004e-07,1.7612e-07,1.66391e-07,1.50795e-07,1.33809e-07
1.66694e-07,1.64951e-07,1.68375e-07,1.78944e-07,1.81759e-07,1.7681e-07,1.75281e-07,1.72886e-07,1.64209e-07,1.47717e-07,1.31448e-07
1.63367e-07,1.61413e-07,1.66058e-07,1.76188e-07,1.79758e-07,1.7516e-07,1.71467e-07,1.70381e-07,1.61241e-07,1.44408e-07,1.2995e-07
1.60013e-07,1.59053e-07,1.62183e-07,1.72557e-07,1.75725e-07,1.7171e-07,1.70081e-07,1.67929e-07,1.59516e-07,1.42219e-07,1.27259e-07
1.55568e-07,1.54923e-07,1.5885e-07,1.6919e-07,1.74002e-07,1.68259e-07,1.66676e-07,1.64329e-07,1.56539e-07,1.39393e-07,1.24367e-07
1.53424e-07,1.51082e-07,1.55979e-07,1.6633e-07,1.69908e-07,1.65176e-07,1.6438e-07,1.62792e-07,1.53551e-07,1.3718e-07,1.22652e-07
1.51271e-07,1.49487e-07,1.53465e-07,1.62049e-07,1.6742e-07,1.63631e-07,1.60526e-07,1.57158e-07,1.50286e-07,1.36083e-07,1.19019e-07
1.46992e-07,1.46155e-07,1.50771e-07,1.62036e-07,1.64607e-07,1.60092e-07,1.57691e-07,1.58165e-07,1.48311e-07,1.32765e-07,1.16985e-07
1.44404e-07,1.43575e-07,1.46201e-07,1.57621e-07,1.60849e-07,1.57472e-07,1.55568e-07,1.54447e-07,1.46691e-07,1.30398e-07,1.16174e-07
1.41209e-07,1.39826e-07,1.44453e-07,1.54283e-07,1.58742e-07,1.54691e-07,1.53889e-07,1.52086e-07,1.43525e-07,1.29124e-07,1.13159e-07
1.38859e-07,1.3787e-07,1.41164e-07,1.5175e-07,1.55512e-07,1.52863e-07,1.50528e-07,1.48947e-07,1.42241e-07,1.27213e-07,1.11858e-07
1.35072e-07,1.33836e-07,1.38076e-07,1.48681e-07,1.53713e-07,1.50089e-07,1.4933e-07,1.47766e-07,1.39118e-07,1.2416e-07,1.10195e-07
1.32383e-07,1.32397e-07,1.3647e-07,1.4611e-07,1.51218e-07,1.47626e-07,1.4731e-07,1.4587e-07,1.36123e-07,1.2162e-07,1.08728e-07
