0.0441851,0.0443098,0.0438882,0.0433614,0.0429053,0.0415253,0.0404616,0.0382551,0.0362479,0.0334074,0.0308361
0.041777,0.0417822,0.0416079,0.0405859,0.0399142,0.0387473,0.0375262,0.0354919,0.0333548,0.0309347,0.0281616
0.0392539,0.039398,0.0387893,0.0382281,0.0374187,0.0361398,0.0350793,0.032824,0.0309022,0.0280324,0.0258869
0.0371446,0.0370656,0.0366497,0.0359304,0.0351589,0.033837,0.0325659,0.0304449,0.0284629,0.0260749,0.0237564
0.0351282,0.0350613,0.0346434,0.0339154,0.0330654,0.0317069,0.0304992,0.0284325,0.0264322,0.0241276,0.0218925
0.0332767,0.033267,0.0327899,0.0320033,0.0312085,0.0298767,0.0286235,0.0265819,0.024636,0.0224454,0.0202732
0.0316064,0.0315317,0.0310663,0.0303315,0.029447,0.0280948,0.0268784,0.0249236,0.0229867,0.020842,0.0187756
0.0301007,0.0299303,0.0294933,0.0287803,0.0278138,0.0265859,0.0252607,0.023385,0.0215437,0.0194586,0.0174423
0.0285882,0.0285034,0.0280082,0.0272961,0.0263724,0.0250503,0.0238398,0.0219972,0.0201447,0.0181459,0.0162325
0.0273079,0.027127,0.0266284,0.0260021,0.0249751,0.0237978,0.0225212,0.0207599,0.0189251,0.0169993,0.0151296
0.0260552,0.0258784,0.0253473,0.0247082,0.0238059,0.0225038,0.0212424,0.0195288,0.0178762,0.0158876,0.0141279
0.0247289,0.0248188,0.0241487,0.0235296,0.0225642,0.0213386,0.0202693,0.0185281,0.0166594,0.0150331,0.0132599
0.0236444,0.0235861,0.0231635,0.0223328,0.0214294,0.0202264,0.0191237,0.0174771,0.0157654,0.0140662,0.0124198
0.0227532,0.0225021,0.0220446,0.0213178,0.0205394,0.0192042,0.0180731,0.0164675,0.0149877,0.0132577,0.0116397
0.0216479,0.0215213,0.0210228,0.020381,0.0195136,0.0183217,0.0171852,0.0156088,0.0140866,0.0124872,0.0109093
0.0207782,0.0206177,0.0201781,0.0194887,0.0185726,0.0174287,0.0162714,0.0148107,0.0134247,0.0117811,0.0103176
0.0196946,0.0196924,0.0192844,0.0186582,0.0178697,0.0167447,0.0155197,0.0140725,0.012731,0.0112425,0.00972335
0.0191402,0.0188824,0.0184186,0.0178095,0.01701,0.0159041,0.0147593,0.0133235,0.0120584,0.0106201,0.0092074
0.0183086,0.018023,0.0177158,0.0171448,0.0162234,0.0151735,0.014089,0.0126897,0.0113289,0.00997393,0.00858913
0.0176975,0.0173796,0.0169753,0.0162614,0.015495,0.0144161,0.0134891,0.0120807,0.0108096,0.00941805,0.00812588
0.0168703,0.0166071,0.0162781,0.0157265,0.0148347,0.0138552,0.0128308,0.0114856,0.0102137,0.00894157,0.00766234
0.0162662,0.0159918,0.0155741,0.0149583,0.0142323,0.013202,0.0122458,0.0108845,0.00980484,0.00848407,0.00726804
0.0154696,0.0154033,0.0150362,0.0145118,0.0135214,0.0126472,0.0117414,0.0104682,0.00922866,0.00804565,0.00683876
0.0149475,0.0147886,0.0143721,0.0137238,0.0130712,0.0122072,0.0111861,0.00990089,0.00890865,0.00769179,0.00655528
0.0143008,0.0141904,0.0138935,0.0133562,0.0124749,0.011602,0.0106707,0.00953064,0.00841807,0.0072809,0.00613653
0.01386,0.0136954,0.0132738,0.0126992,0.0119898,0.0111051,0.0102816,0.00905301,0.00803035,0.00687432,0.00581631
0.0132525,0.0131532,0.0127756,0.0123205,0.0115114,0.010644,0.0097689,0.00866778,0.00765299,0.00658265,0.00553587
0.0128314,0.0126985,0.0122488,0.0117064,0.011035,0.0101593,0.00945486,0.00829551,0.00732117,0.00619636,0.00522636
0.0123279,0.0121775,0.0118444,0.011355,0.0106046,0.00981927,0.00897625,0.00793807,0.00697456,0.00595468,0.00498167
0.0119596,0.0117617,0.0113503,0.0109326,0.0102176,0.00947929,0.0086539,0.00753942,0.00669036,0.00566528,0.00476859
0.0114945,0.0113475,0.0110104,0.0105539,0.0098225,0.00904999,0.00825376,0.00728427,0.00637323,0.00541028,0.00450743
0.0110126,0.0109078,0.0105802,0.0100717,0.00942244,0.00870181,0.0079185,0.00694979,0.00609188,0.00515126,0.00427956
0.0106636,0.0105332,0.0101573,0.00971969,0.00906005,0.00835145,0.0076034,0.00665479,0.00582488,0.0049064,0.00406811
0.0102744,0.0101861,0.00986032,0.00935516,0.00869695,0.00805709,0.00731006,0.0064291,0.00558453,0.00468034,0.00387246
0.00992071,0.00982199,0.00940476,0.00905365,0.00841244,0.00768153,0.00702004,0.00610734,0.00532808,0.00447287,0.00368798
0.00956303,0.00947594,0.00915,0.00869944,0.00810463,0.00743813,0.0067423,0.00584295,0.00511091,0.00426537,0.00351641
0.0092704,0.00917628,0.00878127,0.00842836,0.00778466,0.00714936,0.00647813,0.00563508,0.00488329,0.00407138,0.00334766
0.00892033,0.00884053,0.00847939,0.00809458,0.00749,0.00690113,0.00623488,0.0054199,0.00466098,0.00391409,0.00318952
0.0086552,0.00856304,0.0081829,0.00783533,0.00725069,0.00663649,0.0059922,0.00518948,0.00447892,0.003729,0.00304997
0.00827843,0.00819974,0.00796567,0.00752614,0.00697169,0.00637102,0.00572135,0.00500109,0.00433585,0.00361195,0.00291283
0.00803277,0.00795606,0.00765812,0.00727314,0.00671689,0.00613008,0.00552153,0.00480083,0.00412438,0.00342808,0.00277694
0.0077938,0.00772368,0.00739177,0.00702597,0.0064965,0.00592404,0.00532817,0.00461495,0.00394013,0.00327715,0.00265323
0.0075543,0.00744527,0.00718712,0.00678132,0.00624996,0.00572899,0.00511653,0.00446321,0.00378084,0.00314569,0.00253259
0.00727871,0.0072002,0.00690852,0.00653044,0.00601706,0.0054959,0.00493727,0.00427015,0.00362955,0.00300744,0.00242159
0.00702514,0.00701473,0.00671226,0.00627599,0.00578542,0.00532194,0.00474257,0.0041332,0.0034896,0.00287502,0.00230883
0.00681826,0.00674322,0.00648421,0.00610764,0.00564721,0.0051226,0.00459111,0.00394861,0.0033752,0.00276252,0.00221213
0.00664656,0.0065614,0.00627601,0.00590182,0.00546239,0.00494479,0.00438515,0.00382819,0.00324314,0.00262913,0.00211036
0.00636734,0.0063427,0.00603066,0.0057381,0.00526432,0.00475773,0.00425867,0.00366319,0.00311071,0.00253946,0.0020233
0.00620062,0.00611641,0.00583787,0.00548133,0.00509469,0.00459471,0.00412277,0.00350499,0.002997,0.00245697,0.00195054
0.00601183,0.00592204,0.00566673,0.00530385,0.00492245,0.00444719,0.00397924,0.00338674,0.00286939,0.00234509,0.00186254
0.00581262,0.0057288,0.00549947,0.00514087,0.00477232,0.00427422,0.00383291,0.00326493,0.00277482,0.00226491,0.00179252
0.00565187,0.00557531,0.00533346,0.0050034,0.00462199,0.00416209,0.00368527,0.00316401,0.00266834,0.00218734,0.00171209
0.00549466,0.0053839,0.00519104,0.00485688,0.00445708,0.00401725,0.00358242,0.00306197,0.00256533,0.00209542,0.00163634
0.00529225,0.00523431,0.00497843,0.00468743,0.00431241,0.00385178,0.00343176,0.00293558,0.0024675,0.00200382,0.00157013
0.00512745,0.00505211,0.00482307,0.00451838,0.00417725,0.00372457,0.00332524,0.00281642,0.00237308,0.00191465,0.00150836
0.00499431,0.00491233,0.0046875,0.00438463,0.00403656,0.00358915,0.0032044,0.00271791,0.00228202,0.00183746,0.00144832
0.00483452,0.00474009,0.00451847,0.0042278,0.00390737,0.00349022,0.00309318,0.00261943,0.00219615,0.00177575,0.00139161
0.00468888,0.00461313,0.00438959,0.00409962,0.00379195,0.00336979,0.00298685,0.0025349,0.00212594,0.00169636,0.00133641
0.00454143,0.0044605,0.00426251,0.00397216,0.00366726,0.00326288,0.00288948,0.00244607,0.00204084,0.00164299,0.00128127
0.00440677,0.00432806,0.00413958,0.00386485,0.00357229,0.00315818,0.0028039,0.00236196,0.00196527,0.00158878,0.0012275
0.00426086,0.00420908,0.00401539,0.0037568,0.00343756,0.00306181,0.00270423,0.00229125,0.00189539,0.00153209,0.00118369
0.00416026,0.00408559,0.00388058,0.00361213,0.00332299,0.00297338,0.00260339,0.00220874,0.00182237,0.00145875,0.00113881
0.00403105,0.0039468,0.00377107,0.00350417,0.00323031,0.00285903,0.00252206,0.00212914,0.00175991,0.00141252,0.00109572
0.00390816,0.00383676,0.00366935,0.00340119,0.00312459,0.00275843,0.00243807,0.00205125,0.00169342,0.00135806,0.00105109
0.00379371,0.00371862,0.00356215,0.00329027,0.00305671,0.00267295,0.00235527,0.00198736,0.00164159,0.00130983,0.00101475
0.0036888,0.00361886,0.00346053,0.00320054,0.00293808,0.00258934,0.00227655,0.00192617,0.00157606,0.0012683,0.000975721
0.00359597,0.00351222,0.00335041,0.00310023,0.00285053,0.00252717,0.00220744,0.00185539,0.00152918,0.00121756,0.000937046
0.00348082,0.00339397,0.00325452,0.00302178,0.00277494,0.00243055,0.00213981,0.00179511,0.00146878,0.0011937,0.000902794
0.00339888,0.00329147,0.00315692,0.00293168,0.00269694,0.00234611,0.00206263,0.00174238,0.00142414,0.00115085,0.000873956
0.00327936,0.00319904,0.00306532,0.00283813,0.00260613,0.00227363,0.00200484,0.00167567,0.00137359,0.00110136,0.000839923
0.00319227,0.00311391,0.00298522,0.00275947,0.00252397,0.00220506,0.00193852,0.00161868,0.00132349,0.0010548,0.000808957
0.00311362,0.00303058,0.00290202,0.00267946,0.00245459,0.00215479,0.00188429,0.00156364,0.00126831,0.00102358,0.000783639
0.00302875,0.00293418,0.00281362,0.00259503,0.00239362,0.00206721,0.00181296,0.00152256,0.00123617,0.000979973,0.000751615
0.0029418,0.00285689,0.0027277,0.00252498,0.00232165,0.00202071,0.00175969,0.00147008,0.00118485,0.000950365,0.000726503
0.00285035,0.00276664,0.00265971,0.002449,0.00224976,0.00196029,0.0017056,0.00142319,0.00115184,0.00091547,0.000700155
0.00277907,0.00268755,0.0025841,0.0023933,0.00218344,0.00189127,0.00166401,0.00137191,0.00111326,0.00089083,0.000671541
0.00269517,0.00261873,0.00251554,0.00230726,0.00212214,0.00184188,0.00159652,0.00133007,0.00107487,0.000854116,0.000651976
0.00262336,0.00255223,0.00243957,0.0022464,0.0020553,0.00178118,0.00155434,0.00128666,0.0010374,0.000830117,0.000628895
0.00255586,0.00246595,0.00237669,0.00218543,0.00199577,0.00172894,0.00149025,0.00125181,0.00101025,0.000799906,0.000605252
0.00248389,0.00241144,0.00230593,0.00212178,0.0019377,0.00168278,0.00146361,0.00120317,0.000970786,0.000774916,0.000587974
0.00242281,0.0023384,0.00224914,0.00206364,0.00188233,0.00162745,0.00141067,0.00117032,0.000940502,0.000745498,0.000565973
0.00235986,0.00227679,0.00218526,0.00200746,0.00183323,0.0015819,0.00137147,0.0011354,0.000910579,0.000722371,0.000542968
0.00228692,0.00221608,0.00212824,0.00195967,0.00177159,0.00154346,0.00132608,0.00110349,0.000879543,0.000698744,0.000526311
0.00221776,0.00215919,0.00207834,0.00189788,0.00173866,0.00149454,0.00130056,0.00106153,0.000852101,0.00067501,0.000508117
0.00216976,0.00209907,0.00201549,0.00185176,0.00167947,0.00145074,0.00125245,0.00103284,0.000826054,0.000654456,0.000489667
0.0021087,0.00204558,0.00196258,0.00180082,0.00163828,0.00141964,0.00121989,0.000997048,0.000802308,0.000636661,0.000475443
0.00206982,0.00199428,0.00190331,0.00175279,0.00158725,0.00136356,0.00118256,0.000967936,0.000774936,0.000609015,0.000456528
0.00200608,0.00193373,0.00185259,0.00170574,0.00154227,0.00133334,0.00115146,0.000937505,0.000750038,0.00059219,0.000442034
0.0019568,0.00189718,0.00180486,0.00166074,0.00150405,0.00128838,0.0011155,0.000916716,0.000722288,0.000569734,0.000426344
0.00191018,0.0018264,0.00177251,0.00161291,0.00146099,0.0012586,0.0010792,0.00088971,0.000703986,0.000554818,0.000412855
0.00185896,0.00178835,0.00171554,0.00158404,0.0014315,0.00121695,0.0010445,0.000865801,0.000678387,0.000532745,0.000393942
0.00181432,0.00173962,0.00166586,0.00152928,0.0013866,0.00118697,0.00102488,0.000832663,0.00065836,0.000520765,0.00038357
0.00175544,0.00170589,0.00162649,0.00149314,0.0013498,0.00115773,0.000995481,0.000810751,0.000641447,0.000499358,0.000375972
0.00172036,0.00164895,0.00158371,0.00145335,0.00131055,0.00111944,0.000964385,0.000787642,0.000620228,0.000484466,0.000355072
0.00166938,0.00160637,0.00154525,0.00141403,0.00127681,0.0010819,0.000939197,0.000762731,0.000600529,0.00047131,0.000348982
0.00163336,0.00158331,0.00150506,0.00136488,0.00124703,0.00106243,0.000914345,0.000742387,0.000578232,0.000459717,0.000341092
0.00159046,0.00152979,0.00147439,0.00134268,0.00121344,0.00102609,0.000890024,0.000725305,0.000558758,0.000442932,0.000321626
0.00155424,0.00148914,0.00142573,0.00130423,0.00117854,0.00100287,0.000864961,0.000697974,0.000546117,0.000428613,0.000312322
0.00151614,0.00145763,0.00138455,0.00127546,0.00114465,0.000976521,0.000841131,0.00068123,0.000530785,0.000414285,0.000304089
0.00146929,0.0014199,0.0013602,0.00123686,0.00111603,0.000948786,0.000815401,0.000660133,0.000514815,0.000403655,0.000294283
0.00143837,0.00139293,0.00131643,0.00120921,0.00108551,0.000928407,0.000793048,0.000641155,0.000500613,0.000391843,0.000290489
0.00141329,0.00135263,0.00128794,0.00117201,0.00105834,0.000903637,0.00077094,0.000622207,0.000484964,0.000380088,0.000274789
0.00136182,0.00131887,0.00125836,0.00114829,0.00103409,0.000867977,0.00074869,0.000609435,0.000470367,0.00036542,0.000265928
0.00134299,0.00128384,0.00122977,0.00111773,0.00101197,0.00085303,0.000727954,0.000588647,0.000455414,0.000356749,0.000258314
0.00131136,0.00125709,0.00119549,0.00108961,0.000981284,0.00082961,0.000711531,0.00057343,0.000440114,0.000346273,0.000248777
0.00126813,0.0012239,0.00117399,0.00106384,0.00095334,0.000807958,0.000695,0.000558843,0.000431594,0.000334873,0.000240746
0.0012539,0.00119752,0.00113485,0.00104136,0.000932569,0.000790057,0.000672252,0.000544044,0.000417806,0.000324653,0.000235706
0.00122067,0.00117025,0.00111529,0.00100769,0.000900269,0.00076189,0.000654727,0.000526612,0.000410786,0.000314545,0.000228084
0.00118862,0.00114106,0.00108109,0.000990838,0.000889909,0.000748165,0.000631132,0.000519263,0.000392785,0.000305908,0.000222123
0.00115451,0.00111218,0.0010538,0.00096418,0.000867573,0.00073142,0.000618044,0.0005027,0.000383866,0.000295889,0.000212476
0.00113288,0.00108719,0.00103655,0.000939627,0.000836186,0.000712186,0.000606418,0.00048485,0.000373018,0.000290123,0.000204781
0.00109696,0.00106541,0.00100141,0.000918035,0.000824488,0.000690788,0.00058705,0.00047195,0.000361129,0.000279582,0.000199176
0.00106648,0.00103999,0.000985092,0.000891307,0.000802457,0.000678224,0.000573407,0.000458381,0.000350229,0.000275234,0.000193895
0.00104797,0.00100638,0.000962326,0.000874614,0.000778757,0.000658203,0.00055571,0.00045018,0.000339134,0.000262628,0.000184832
0.00102518,0.0009872,0.000933028,0.000857206,0.000761411,0.000643205,0.000543074,0.000440242,0.000330104,0.000256263,0.000180328
0.000997464,0.000959777,0.000917749,0.000835922,0.000741086,0.000621631,0.000527527,0.000423923,0.000320954,0.00024786,0.000178377
0.000972954,0.000946511,0.000893136,0.000810353,0.00072607,0.000606987,0.000516511,0.000411841,0.000314792,0.000243508,0.000169093
0.000958639,0.000912111,0.000862844,0.000794459,0.000706255,0.000597318,0.000502867,0.000401831,0.0003056,0.000234855,0.000165481
0.000930686,0.000897868,0.000852711,0.000772867,0.0006883,0.000574295,0.000488366,0.000394089,0.000297916,0.000230451,0.000159495
0.000909725,0.000881183,0.000830068,0.000754793,0.000672927,0.000569552,0.000476666,0.000382129,0.000289956,0.000222629,0.000155338
0.000893893,0.000852733,0.000809956,0.00074036,0.000655358,0.000549825,0.00046752,0.000372429,0.000277569,0.000219149,0.000149205
0.000861368,0.000834946,0.000785821,0.000722955,0.000644496,0.000540782,0.000448917,0.00036407,0.00027711,0.00021049,0.000146314
0.000853901,0.000814191,0.000772686,0.000704219,0.000625996,0.000523608,0.000442303,0.000353392,0.000268146,0.000206158,0.000143007
0.000827886,0.000799829,0.000754746,0.000690058,0.00061127,0.000516094,0.000432249,0.000345335,0.000261351,0.000199745,0.000136822
0.000809937,0.000778885,0.000738082,0.000673265,0.000598368,0.000498636,0.000424208,0.000334808,0.000250868,0.000193899,0.000134616
0.00078873,0.000767692,0.000713539,0.0006529,0.000580083,0.000489568,0.000415033,0.000326655,0.000247501,0.000187896,0.000127406
0.00077663,0.00074539,0.000702659,0.000639444,0.0005692,0.000476236,0.000401038,0.000320302,0.00023746,0.000184179,0.000123958
0.000759398,0.000730136,0.00068322,0.000626188,0.000551862,0.000469304,0.000391575,0.000308198,0.000231998,0.000178121,0.000122726
0.000742365,0.000712947,0.000670303,0.000609782,0.000540707,0.000456247,0.000383202,0.000302057,0.000225426,0.000173387,0.000117367
0.000725337,0.000691724,0.000656126,0.000605693,0.000524673,0.0004416,0.00037045,0.000291901,0.000221888,0.000166333,0.000111814
0.000711633,0.000681071,0.000641311,0.000587678,0.000514176,0.000432687,0.000362427,0.000286122,0.000214213,0.00016355,0.000110742
0.000692689,0.000664677,0.000625212,0.000574712,0.000505045,0.00042159,0.000352863,0.000279916,0.000209802,0.000159094,0.000107677
0.000676608,0.000651591,0.000615733,0.000556375,0.000495088,0.000414477,0.000344118,0.000275848,0.000203463,0.000157098,0.000104876
0.000664786,0.000636227,0.000596242,0.000548904,0.000480065,0.000404352,0.0003391,0.000266416,0.000199871,0.000150202,0.000100663
0.000647572,0.000625193,0.000585322,0.000532125,0.000471719,0.000392546,0.00032871,0.000261954,0.000193814,0.000150134,9.97746e-05
0.000633824,0.000607289,0.000570904,0.000522993,0.000460304,0.000384892,0.000320808,0.000253831,0.000188756,0.000144785,9.62584e-05
0.000620986,0.000594832,0.000561758,0.000510439,0.000447665,0.000371984,0.000315701,0.000247737,0.000184685,0.000140606,9.68154e-05
0.000610805,0.000579564,0.000543841,0.000502838,0.000435719,0.000368142,0.000307865,0.000241163,0.000179946,0.000135884,9.07623e-05
0.000590873,0.0005696,0.000540309,0.000488367,0.000430995,0.000357205,0.000301995,0.000234946,0.000175394,0.000132862,8.85044e-05
0.000577502,0.000558133,0.000525171,0.000481383,0.000423405,0.000354738,0.000289246,0.000231148,0.000171808,0.000128931,8.54317e-05
0.000566332,0.000543134,0.000514539,0.00047273,0.000410598,0.000342743,0.00028336,0.000224437,0.000167325,0.000124806,8.26146e-05
0.000555044,0.000536939,0.000499886,0.000460869,0.000402601,0.000339267,0.000278259,0.00022072,0.00016317,0.000123248,7.93041e-05
0.000540143,0.000523688,0.000489251,0.000448843,0.000392846,0.000330835,0.000272327,0.00021503,0.000159432,0.000119373,7.70191e-05
0.000530776,0.000512798,0.000479405,0.000438892,0.000386551,0.000323842,0.000265671,0.000210829,0.000154025,0.000116664,7.70828e-05
0.000523653,0.000500194,0.000468704,0.00042881,0.000375823,0.000315175,0.00025885,0.000205992,0.000150204,0.00011362,7.50703e-05
0.000508168,0.000489367,0.000461035,0.000421266,0.000368765,0.000308173,0.000254416,0.000201014,0.000148377,0.000110828,7.18118e-05
0.000497414,0.000477755,0.000454666,0.000412797,0.000363179,0.000300498,0.000248452,0.000196025,0.000144744,0.000107795,7.16111e-05
0.000487602,0.000468512,0.000438399,0.000401949,0.000351725,0.000292792,0.000242143,0.000191438,0.000139948,0.000105159,6.85356e-05
0.000476145,0.000459843,0.000432792,0.000395721,0.000345005,0.000286754,0.000236211,0.000185802,0.000138008,0.000102144,6.57946e-05
0.000467347,0.000449479,0.00042254,0.000384313,0.000337988,0.000279581,0.000231807,0.000181476,0.000133734,9.96501e-05,6.45159e-05
0.000458821,0.000441399,0.000413481,0.000376743,0.000329104,0.000275797,0.000226394,0.000177904,0.000130406,9.77005e-05,6.31037e-05
0.000451562,0.000430214,0.000405613,0.000369315,0.000322674,0.000269216,0.000221264,0.000173554,0.000127231,9.59617e-05,6.12971e-05
0.000436638,0.000419424,0.000394861,0.000361742,0.000316461,0.000265132,0.000216119,0.000170532,0.000125315,9.31241e-05,5.95249e-05
0.000427479,0.00041277,0.000391111,0.0003551,0.000310581,0.000257583,0.000210421,0.000166202,0.000121857,9.05499e-05,5.77132e-05
0.00042007,0.000404684,0.000383725,0.00034857,0.000303337,0.000253692,0.000207594,0.000162793,0.000119333,8.79169e-05,5.59029e-05
0.000409024,0.000396044,0.000372531,0.0003415,0.000295667,0.000247296,0.000202226,0.000158286,0.000116498,8.56292e-05,5.41705e-05
0.000404406,0.000387863,0.000365081,0.000332956,0.000289922,0.000242757,0.000198148,0.000154301,0.000112863,8.42436e-05,5.51457e-05
0.000394136,0.000383551,0.000356786,0.000324812,0.000283661,0.000235204,0.000193677,0.000150846,0.00011091,8.17936e-05,5.06154e-05
0.000390195,0.000375056,0.000348548,0.000318955,0.000278537,0.000230879,0.000190702,0.000146879,0.000107604,7.94554e-05,4.96379e-05
0.000382598,0.000366411,0.000342881,0.000313514,0.000271402,0.000226732,0.000187441,0.00014361,0.000105523,7.77604e-05,4.79933e-05
0.000376597,0.000358705,0.000333322,0.000306799,0.000266679,0.000221524,0.000182236,0.000139889,0.000102402,7.55892e-05,4.62672e-05
0.000365395,0.000352338,0.000330827,0.000300091,0.000262554,0.000217173,0.000178431,0.000136913,0.000100811,7.32106e-05,4.65857e-05
0.000356671,0.000346205,0.000322415,0.000293792,0.000256548,0.000213329,0.000174669,0.000134872,9.8611e-05,7.21931e-05,4.48391e-05
0.000351059,0.000336786,0.000317287,0.000289246,0.00025106,0.000208179,0.000170802,0.000131544,9.56802e-05,7.00333e-05,4.3503e-05
0.000343929,0.000331694,0.000309845,0.0002813,0.000247397,0.000205697,0.000167088,0.000129534,9.47582e-05,6.83023e-05,4.29908e-05
0.000337732,0.000325234,0.00030446,0.000276621,0.000240304,0.000200426,0.000163238,0.000126197,9.20295e-05,6.67545e-05,4.13193e-05
0.000331364,0.000318962,0.000299064,0.000270945,0.000235633,0.000195535,0.000160563,0.00012343,8.96899e-05,6.5349e-05,4.02624e-05
0.000325405,0.000311727,0.000291843,0.000265069,0.000231876,0.000192226,0.000156258,0.000121065,8.81433e-05,6.35962e-05,3.92595e-05
0.000317545,0.000307131,0.00028625,0.000258954,0.00022655,0.000187184,0.000153714,0.000118004,8.62303e-05,6.27824e-05,3.8496e-05
0.0003115,0.00030093,0.000282067,0.000253556,0.000224574,0.000183983,0.000150294,0.000115304,8.3792e-05,6.03791e-05,3.74993e-05
0.000305973,0.000295328,0.000274539,0.000251994,0.000217439,0.00018217,0.000146238,0.000112295,8.21442e-05,5.89723e-05,3.57674e-05
0.0002993,0.000289324,0.000271035,0.000244958,0.000213784,0.000177079,0.000144219,0.00011055,8.03995e-05,5.73587e-05,3.48576e-05
0.000295309,0.000283517,0.000265592,0.000240864,0.000209235,0.000174245,0.000140402,0.000108225,7.85439e-05,5.64493e-05,3.38202e-05
0.00028939,0.000277522,0.000259364,0.000237163,0.000204556,0.000170934,0.00013825,0.000105232,7.67662e-05,5.45092e-05,3.35737e-05
0.000282047,0.000272357,0.000255387,0.000230017,0.000201729,0.000167121,0.000135177,0.000103644,7.48553e-05,5.36582e-05,3.27779e-05
0.000275628,0.000267569,0.000251573,0.000226445,0.000197363,0.000162008,0.000132216,0.000101802,7.35346e-05,5.25477e-05,3.16115e-05
0.000272567,0.000262701,0.000245129,0.000221611,0.000193395,0.000160977,0.00013009,9.94332e-05,7.15299e-05,5.07439e-05,3.06211e-05
0.000266423,0.000257599,0.00024128,0.000217188,0.000189941,0.000156687,0.000127139,9.69738e-05,6.97889e-05,4.95575e-05,3.02321e-05
0.000262996,0.000252747,0.000236714,0.000212472,0.000186807,0.000153254,0.000124724,9.50178e-05,6.79572e-05,4.84726e-05,2.93821e-05
0.000255072,0.000246041,0.000232412,0.000209753,0.000182717,0.000150125,0.000122763,9.30951e-05,6.65599e-05,4.74805e-05,2.89101e-05
0.000251489,0.000245187,0.000227882,0.000204621,0.000179148,0.000147688,0.000119578,9.08117e-05,6.5626e-05,4.59985e-05,2.77806e-05
0.000246767,0.000239414,0.000223003,0.000200437,0.000175475,0.000145385,0.000117129,8.86774e-05,6.39278e-05,4.51899e-05,2.71507e-05
0.000243826,0.000234624,0.000218588,0.000196915,0.000172145,0.000141792,0.000114668,8.78514e-05,6.3234e-05,4.42717e-05,2.64185e-05
0.000239229,0.000228919,0.00021511,0.000193121,0.000168368,0.000138652,0.00011239,8.51281e-05,6.16618e-05,4.29569e-05,2.59055e-05
0.000231154,0.000225417,0.000211031,0.000189368,0.000165935,0.000136449,0.00011018,8.41563e-05,6.01275e-05,4.21899e-05,2.55398e-05
0.000227308,0.000220759,0.000207374,0.000187633,0.00016233,0.000133393,0.000107864,8.25039e-05,5.85978e-05,4.08769e-05,2.45996e-05
0.00022299,0.000216229,0.000202366,0.000183586,0.00016043,0.000131545,0.000106216,8.04838e-05,5.70722e-05,4.01684e-05,2.42079e-05
0.000220779,0.000212589,0.000201319,0.000179833,0.000156027,0.000128609,0.000103872,7.85712e-05,5.62977e-05,3.85983e-05,2.33974e-05
0.000217735,0.000208254,0.00019511,0.000175527,0.000153878,0.000126386,0.00010133,7.71789e-05,5.52016e-05,3.81117e-05,2.27098e-05
0.000214688,0.00020602,0.00019174,0.000172443,0.00014989,0.000124445,9.97596e-05,7.49012e-05,5.41133e-05,3.72182e-05,2.22348e-05
0.00020798,0.000201255,0.000188794,0.000169841,0.000147257,0.000121025,9.75903e-05,7.36593e-05,5.22709e-05,3.65386e-05,2.16016e-05
0.000204579,0.000200177,0.000186275,0.000165668,0.000145957,0.000119138,9.59614e-05,7.27622e-05,5.14204e-05,3.56438e-05,2.12048e-05
0.000201184,0.000194787,0.000182019,0.000163706,0.000142636,0.000117003,9.36617e-05,7.06055e-05,5.06979e-05,3.46758e-05,2.06767e-05
0.000198066,0.000191703,0.000177828,0.000159905,0.000138855,0.000114489,9.2039e-05,6.95916e-05,4.97593e-05,3.39171e-05,2.03143e-05
0.000192732,0.000186617,0.000175961,0.000156243,0.000136118,0.000112378,8.98961e-05,6.8651e-05,4.82969e-05,3.28303e-05,1.9883e-05
0.000190659,0.00018446,0.000173362,0.000154065,0.000134149,0.000109774,8.84778e-05,6.64881e-05,4.71429e-05,3.2186e-05,1.92815e-05
0.000187335,0.000179923,0.000169026,0.000151883,0.000131888,0.000107765,8.66284e-05,6.56015e-05,4.59014e-05,3.1476e-05,1.85464e-05
0.00018308,0.000177796,0.000165796,0.000148727,0.000129139,0.000105961,8.50796e-05,6.43957e-05,4.5321e-05,3.08356e-05,1.82253e-05
0.00017982,0.000173572,0.000162949,0.000145659,0.00012717,0.000103881,8.323e-05,6.28214e-05,4.44259e-05,3.02374e-05,1.77304e-05
0.00017683,0.000171126,0.00016141,0.00014278,0.000124754,0.000102596,8.19427e-05,6.14459e-05,4.32565e-05,2.93899e-05,1.74878e-05
0.000173809,0.000167377,0.000157784,0.000140695,0.000122017,0.000100325,7.99105e-05,6.07448e-05,4.26495e-05,2.85589e-05,1.69526e-05
0.000171131,0.000165632,0.000155617,0.000138342,0.000120271,9.92169e-05,7.84723e-05,5.92775e-05,4.14039e-05,2.81047e-05,1.65322e-05
0.000165801,0.000163501,0.000152421,0.000135325,0.000118696,9.71593e-05,7.74519e-05,5.74446e-05,4.04996e-05,2.70814e-05,1.62634e-05
0.000164689,0.000159318,0.000148884,0.00013299,0.000115726,9.44689e-05,7.57085e-05,5.63587e-05,3.97563e-05,2.66715e-05,1.61534e-05
0.000161992,0.000155862,0.000147061,0.00013014,0.000113172,9.2665e-05,7.43143e-05,5.57491e-05,3.94646e-05,2.6105e-05,1.5755e-05
0.000158553,0.000153882,0.000143574,0.000127529,0.000111506,9.06752e-05,7.26099e-05,5.44316e-05,3.83747e-05,2.5716e-05,1.5097e-05
0.000155901,0.000151668,0.000142136,0.00012599,0.000110317,8.89807e-05,7.09287e-05,5.37275e-05,3.79042e-05,2.52105e-05,1.48586e-05
0.000153459,0.000148501,0.000138438,0.000121894,0.000107115,8.72079e-05,6.98404e-05,5.22886e-05,3.67785e-05,2.45486e-05,1.45816e-05
0.000151313,0.000144559,0.000136223,0.000121923,0.000105225,8.56416e-05,6.83689e-05,5.16546e-05,3.56405e-05,2.38778e-05,1.42001e-05
0.000148993,0.000141187,0.000134037,0.000120066,0.000102813,8.41567e-05,6.75011e-05,5.02897e-05,3.54958e-05,2.3551e-05,1.38315e-05
0.000145177,0.000140106,0.000130667,0.000117047,0.00010166,8.27025e-05,6.5552e-05,4.91017e-05,3.45299e-05,2.2764e-05,1.36326e-05
0.00014306,0.000138535,0.000130303,0.000115971,0.000100882,8.1503e-05,6.46639e-05,4.82234e-05,3.40283e-05,2.21332e-05,1.3439e-05
0.00014021,0.000135197,0.000127425,0.000113138,9.8592e-05,7.98016e-05,6.35891e-05,4.73257e-05,3.31049e-05,2.17858e-05,1.29615e-05
0.000137124,0.000133088,0.00012513,0.000110873,9.63852e-05,7.82984e-05,6.22458e-05,4.69431e-05,3.2128e-05,2.13744e-05,1.26208e-05
0.000134815,0.000131096,0.000122479,0.00010903,9.4565e-05,7.703e-05,6.10559e-05,4.56074e-05,3.22509e-05,2.07524e-05,1.25732e-05
0.000133122,0.000129031,0.000120874,0.000106097,9.35316e-05,7.57253e-05,5.97661e-05,4.47489e-05,3.10181e-05,2.0551e-05,1.21302e-05
0.000130943,0.000126935,0.000118634,0.000105587,9.19836e-05,7.44277e-05,5.9199e-05,4.38557e-05,3.03319e-05,1.99632e-05,1.18413e-05
0.000127293,0.000123903,0.000116946,0.000102851,9.00538e-05,7.34854e-05,5.82112e-05,4.28423e-05,3.00317e-05,1.97186e-05,1.18125e-05
0.000127148,0.00012207,0.000114331,0.000101705,8.79161e-05,7.12617e-05,5.63137e-05,4.24359e-05,2.9275e-05,1.91042e-05,1.15483e-05
0.000124864,0.00012015,0.000113122,0.000100064,8.71639e-05,6.97954e-05,5.56092e-05,4.17522e-05,2.88823e-05,1.88796e-05,1.11629e-05
0.000121647,0.000118158,0.000110812,9.74487e-05,8.57828e-05,6.9456e-05,5.49368e-05,4.08571e-05,2.78576e-05,1.81892e-05,1.07979e-05
0.000119683,0.000116231,0.000109478,9.60539e-05,8.33093e-05,6.83085e-05,5.31489e-05,4.03324e-05,2.72242e-05,1.79317e-05,1.05764e-05
0.000117166,0.000114401,0.000107029,9.48914e-05,8.23678e-05,6.72767e-05,5.27963e-05,3.91314e-05,2.68205e-05,1.75748e-05,1.03021e-05
0.000115125,0.000111958,0.000105917,9.27409e-05,8.08627e-05,6.50979e-05,5.1686e-05,3.8485e-05,2.63068e-05,1.71042e-05,1.01966e-05
0.000113622,0.000110849,0.000103079,9.13671e-05,7.98776e-05,6.47526e-05,5.06715e-05,3.76788e-05,2.60035e-05,1.67459e-05,1.00499e-05
0.000112388,0.000108301,0.000102098,9.04025e-05,7.80634e-05,6.3263e-05,5.00946e-05,3.68107e-05,2.55261e-05,1.65503e-05,9.81176e-06
0.000109685,0.000106569,0.000100947,8.92069e-05,7.63963e-05,6.20222e-05,4.88871e-05,3.64944e-05,2.46054e-05,1.59772e-05,9.7482e-06
0.000107638,0.000105372,9.74426e-05,8.62007e-05,7.61368e-05,6.10456e-05,4.78523e-05,3.55668e-05,2.47072e-05,1.57493e-05,9.35159e-06
0.000106852,0.000103306,9.67127e-05,8.50146e-05,7.44903e-05,5.99733e-05,4.74508e-05,3.49254e-05,2.41862e-05,1.54312e-05,9.25162e-06
0.000103702,0.000102142,9.50334e-05,8.35192e-05,7.19419e-05,5.89985e-05,4.64377e-05,3.44811e-05,2.34354e-05,1.52131e-05,8.97635e-06
0.000102108,9.96618e-05,9.35918e-05,8.27228e-05,7.19054e-05,5.78697e-05,4.53504e-05,3.36493e-05,2.28209e-05,1.47321e-05,8.82536e-06
0.000101315,9.74134e-05,9.13771e-05,8.10885e-05,7.04266e-05,5.71503e-05,4.45051e-05,3.33523e-05,2.25636e-05,1.45276e-05,8.65512e-06
9.95147e-05,9.61913e-05,8.99949e-05,7.92089e-05,6.93047e-05,5.61308e-05,4.38895e-05,3.26665e-05,2.22567e-05,1.41596e-05,8.39339e-06
9.7959e-05,9.52901e-05,8.87377e-05,7.80732e-05,6.80807e-05,5.5104e-05,4.28976e-05,3.16794e-05,2.18698e-05,1.37248e-05,8.37335e-06
9.5447e-05,9.39654e-05,8.77247e-05,7.684e-05,6.67307e-05,5.4062e-05,4.18805e-05,3.10649e-05,2.08248e-05,1.35357e-05,8.00314e-06
9.47059e-05,9.19294e-05,8.55022e-05,7.57078e-05,6.54269e-05,5.28019e-05,4.14776e-05,3.06296e-05,2.07208e-05,1.32567e-05,7.92941e-06
9.3008e-05,8.95716e-05,8.4261e-05,7.42922e-05,6.50735e-05,5.20661e-05,4.12104e-05,2.97866e-05,2.05914e-05,1.30759e-05,7.9393e-06
9.06499e-05,8.9198e-05,8.38762e-05,7.27225e-05,6.35349e-05,5.15141e-05,3.9924e-05,2.94252e-05,1.98841e-05,1.28372e-05,7.69019e-06
8.93979e-05,8.69615e-05,8.164e-05,7.22325e-05,6.22429e-05,5.01223e-05,3.96137e-05,2.89018e-05,1.96105e-05,1.23786e-05,7.45885e-06
8.82245e-05,8.65133e-05,8.06028e-05,7.11019e-05,6.12821e-05,4.94809e-05,3.86971e-05,2.83565e-05,1.90408e-05,1.22116e-05,7.18419e-06
8.75806e-05,8.53198e-05,7.92553e-05,6.94625e-05,6.02812e-05,4.88919e-05,3.81196e-05,2.82162e-05,1.91226e-05,1.20602e-05,7.20953e-06
8.51964e-05,8.32562e-05,7.8384e-05,6.80118e-05,5.8687e-05,4.8101e-05,3.76273e-05,2.73538e-05,1.86783e-05,1.17282e-05,7.12936e-06
8.35413e-05,8.28492e-05,7.63146e-05,6.71187e-05,5.78311e-05,4.70662e-05,3.67316e-05,2.67804e-05,1.83432e-05,1.12242e-05,6.85729e-06
8.33193e-05,8.04995e-05,7.5251e-05,6.61281e-05,5.70746e-05,4.59725e-05,3.59068e-05,2.67829e-05,1.80075e-05,1.1256e-05,6.72819e-06
8.14301e-05,7.94241e-05,7.42904e-05,6.45992e-05,5.67802e-05,4.54163e-05,3.55551e-05,2.5949e-05,1.7517e-05,1.09179e-05,6.57844e-06
7.99337e-05,7.80619e-05,7.32413e-05,6.36831e-05,5.52856e-05,4.46644e-05,3.46655e-05,2.54966e-05,1.67558e-05,1.08642e-05,6.51229e-06
7.88602e-05,7.66459e-05,7.16368e-05,6.22833e-05,5.41514e-05,4.4356e-05,3.43423e-05,2.53634e-05,1.6661e-05,1.07097e-05,6.29558e-06
7.80304e-05,7.66036e-05,7.07014e-05,6.16844e-05,5.35865e-05,4.31229e-05,3.35069e-05,2.45731e-05,1.6558e-05,1.02577e-05,6.11238e-06
7.75641e-05,7.44106e-05,6.91676e-05,6.09631e-05,5.25494e-05,4.23794e-05,3.29788e-05,2.42543e-05,1.61833e-05,1.01363e-05,6.11342e-06
7.59903e-05,7.29186e-05,6.86308e-05,5.9438e-05,5.1837e-05,4.17536e-05,3.25433e-05,2.35719e-05,1.59478e-05,1.00479e-05,5.92618e-06
7.40371e-05,7.19205e-05,6.72057e-05,5.84078e-05,5.09745e-05,4.13933e-05,3.15291e-05,2.30776e-05,1.5544e-05,9.69312e-06,5.86717e-06
7.2452e-05,7.12634e-05,6.56368e-05,5.72931e-05,4.99345e-05,4.06944e-05,3.11199e-05,2.27382e-05,1.54018e-05,9.47884e-06,5.81912e-06
7.17669e-05,7.06423e-05,6.47575e-05,5.64869e-05,4.93085e-05,4.02814e-05,3.0949e-05,2.24632e-05,1.50542e-05,9.37643e-06,5.50958e-06
7.00518e-05,6.8947e-05,6.4241e-05,5.60453e-05,4.87143e-05,3.89096e-05,2.99914e-05,2.21223e-05,1.48211e-05,9.12217e-06,5.46817e-06
6.96979e-05,6.72462e-05,6.28183e-05,5.50251e-05,4.83528e-05,3.85275e-05,2.93865e-05,2.18078e-05,1.45729e-05,8.93834e-06,5.34203e-06
6.83799e-05,6.63734e-05,6.21035e-05,5.48571e-05,4.68731e-05,3.74862e-05,2.93139e-05,2.11945e-05,1.4151e-05,8.74559e-06,5.17342e-06
6.72034e-05,6.53867e-05,6.10979e-05,5.3364e-05,4.59459e-05,3.69714e-05,2.83534e-05,2.09229e-05,1.39326e-05,8.56404e-06,5.13242e-06
6.6095e-05,6.43759e-05,5.97265e-05,5.15392e-05,4.58475e-05,3.64521e-05,2.8028e-05,2.05456e-05,1.36382e-05,8.38291e-06,4.92469e-06
6.57145e-05,6.27686e-05,5.81712e-05,5.1315e-05,4.47814e-05,3.55945e-05,2.73953e-05,2.00026e-05,1.34204e-05,8.11762e-06,4.89562e-06
6.43364e-05,6.19068e-05,5.77466e-05,5.05797e-05,4.39603e-05,3.54012e-05,2.67923e-05,1.97455e-05,1.31057e-05,8.04583e-06,4.80644e-06
6.37254e-05,6.14101e-05,5.66719e-05,4.94747e-05,4.28821e-05,3.45613e-05,2.65488e-05,1.94755e-05,1.28863e-05,7.92872e-06,4.736e-06
6.17582e-05,6.10593e-05,5.63195e-05,4.83595e-05,4.22462e-05,3.42106e-05,2.59334e-05,1.92003e-05,1.25651e-05,7.74239e-06,4.70557e-06
6.09376e-05,5.99352e-05,5.5307e-05,4.85744e-05,4.17539e-05,3.3519e-05,2.59291e-05,1.86561e-05,1.23718e-05,7.4601e-06,4.49964e-06
6.00833e-05,5.90722e-05,5.41777e-05,4.72956e-05,4.11728e-05,3.28191e-05,2.50153e-05,1.84557e-05,1.22738e-05,7.35505e-06,4.4081e-06
5.84918e-05,5.80098e-05,5.37446e-05,4.66861e-05,4.06246e-05,3.26199e-05,2.47698e-05,1.79221e-05,1.17017e-05,7.26781e-06,4.26273e-06
5.85845e-05,5.75888e-05,5.23163e-05,4.57111e-05,3.96983e-05,3.20935e-05,2.44724e-05,1.7684e-05,1.16931e-05,7.2214e-06,4.21516e-06
5.75258e-05,5.64521e-05,5.23571e-05,4.52336e-05,3.93861e-05,3.14607e-05,2.4071e-05,1.72594e-05,1.15249e-05,6.91044e-06,4.14994e-06
5.65678e-05,5.48137e-05,5.14728e-05,4.47938e-05,3.83075e-05,3.06971e-05,2.3348e-05,1.71491e-05,1.13933e-05,6.78561e-06,4.07196e-06
5.53682e-05,5.38584e-05,5.11935e-05,4.35836e-05,3.8181e-05,3.04156e-05,2.3007e-05,1.67856e-05,1.10565e-05,6.61862e-06,4.04093e-06
5.48931e-05,5.34942e-05,4.94288e-05,4.33736e-05,3.72788e-05,2.96378e-05,2.28159e-05,1.64014e-05,1.08152e-05,6.4484e-06,3.85145e-06
5.44651e-05,5.24482e-05,4.8371e-05,4.32356e-05,3.69851e-05,2.91143e-05,2.27942e-05,1.62993e-05,1.07179e-05,6.52899e-06,3.77318e-06
5.44673e-05,5.13947e-05,4.71755e-05,4.18014e-05,3.61823e-05,2.86574e-05,2.19564e-05,1.59926e-05,1.04836e-05,6.29331e-06,3.73825e-06
5.26399e-05,5.11536e-05,4.72824e-05,4.11947e-05,3.54716e-05,2.86439e-05,2.16415e-05,1.56559e-05,1.02832e-05,6.1034e-06,3.62618e-06
5.15784e-05,5.01168e-05,4.65075e-05,4.00015e-05,3.49533e-05,2.81534e-05,2.13845e-05,1.53367e-05,1.00664e-05,5.9825e-06,3.55718e-06
5.0779e-05,4.978e-05,4.58864e-05,3.98867e-05,3.40944e-05,2.76612e-05,2.1075e-05,1.51819e-05,9.75636e-06,5.86521e-06,3.55282e-06
4.99488e-05,4.92023e-05,4.52964e-05,3.92069e-05,3.33762e-05,2.7331e-05,2.06388e-05,1.49804e-05,9.72433e-06,5.73237e-06,3.48384e-06
4.97996e-05,4.79723e-05,4.42092e-05,3.88752e-05,3.30179e-05,2.66009e-05,2.01868e-05,1.45664e-05,9.6172e-06,5.63055e-06,3.33419e-06
4.83107e-05,4.74494e-05,4.40636e-05,3.81207e-05,3.24577e-05,2.6467e-05,1.98284e-05,1.41962e-05,9.13058e-06,5.50095e-06,3.23698e-06
4.79887e-05,4.67229e-05,4.2803e-05,3.77504e-05,3.23862e-05,2.56875e-05,1.96039e-05,1.38761e-05,9.10562e-06,5.27296e-06,3.14303e-06
4.72236e-05,4.61332e-05,4.2301e-05,3.69543e-05,3.16679e-05,2.57077e-05,1.95566e-05,1.37696e-05,8.98167e-06,5.35017e-06,3.20177e-06
4.66712e-05,4.5142e-05,4.1361e-05,3.60491e-05,3.12311e-05,2.50822e-05,1.90337e-05,1.33639e-05,8.7161e-06,5.21231e-06,3.04699e-06
4.65305e-05,4.46443e-05,4.11195e-05,3.53046e-05,3.08098e-05,2.47295e-05,1.87904e-05,1.30662e-05,8.81039e-06,5.21273e-06,3.05386e-06
4.51272e-05,4.41239e-05,4.06466e-05,3.52416e-05,3.06391e-05,2.45115e-05,1.82731e-05,1.31573e-05,8.59194e-06,4.99919e-06,3.00212e-06
4.4539e-05,4.26167e-05,3.98268e-05,3.4698e-05,2.99551e-05,2.38877e-05,1.7696e-05,1.28704e-05,8.38888e-06,4.94404e-06,2.88022e-06
