-0.0086618,-0.00915188,-0.00957718,-0.00994641,-0.010253,-0.0105157,-0.010715,-0.0108662,-0.0109804,-0.0110598,-0.0111215,-0.0111692,-0.0112011,-0.011231,-0.0112436,-0.0112191,-0.0111622,-0.0110348,-0.0108579,-0.0106217,-0.0102869,-0.00988407
-0.00831159,-0.00883836,-0.00930004,-0.00971712,-0.0100789,-0.0103883,-0.0106282,-0.0108156,-0.0109694,-0.0110684,-0.0111457,-0.0112043,-0.0112281,-0.0112338,-0.0112085,-0.0111439,-0.0110308,-0.0108639,-0.010629,-0.0103203,-0.00994822,-0.00949201
-0.00794556,-0.00848884,-0.00899371,-0.00944162,-0.0098334,-0.0101743,-0.0104608,-0.0106792,-0.0108547,-0.0109769,-0.0110693,-0.0111189,-0.0111385,-0.0111275,-0.0110783,-0.0109799,-0.0108338,-0.010615,-0.0103346,-0.00999303,-0.00956478,-0.00907664
-0.00751684,-0.00807808,-0.00859576,-0.00906944,-0.00949266,-0.00985896,-0.0101685,-0.01041,-0.0106031,-0.010742,-0.0108412,-0.0108937,-0.010913,-0.0108842,-0.0108122,-0.0106839,-0.0105023,-0.0102553,-0.00994232,-0.00956241,-0.00910882,-0.00859629
-0.00720054,-0.00777486,-0.00831178,-0.00880697,-0.00925451,-0.00964488,-0.00997824,-0.010242,-0.0104555,-0.0106071,-0.0107147,-0.0107686,-0.0107835,-0.010742,-0.0106492,-0.0104963,-0.0102863,-0.0100092,-0.00966431,-0.00925347,-0.00877271,-0.00823701
-0.00693025,-0.00751602,-0.00807289,-0.00858434,-0.00905404,-0.00946444,-0.00981655,-0.0101032,-0.0103311,-0.010493,-0.0106105,-0.0106623,-0.0106775,-0.0106221,-0.0105143,-0.0103348,-0.0101044,-0.00980491,-0.00943121,-0.0089924,-0.00849069,-0.00793337
-0.00661847,-0.00720779,-0.00776833,-0.008293,-0.00877311,-0.00919951,-0.00956584,-0.00986576,-0.0101059,-0.0102786,-0.0104,-0.0104555,-0.0104618,-0.0103983,-0.0102765,-0.0100835,-0.00983161,-0.00950788,-0.00911423,-0.0086593,-0.0081401,-0.00757315
-0.00635127,-0.0069438,-0.00751076,-0.00804417,-0.00853457,-0.00897362,-0.00935212,-0.00966492,-0.00991419,-0.0100956,-0.0102226,-0.0102785,-0.0102808,-0.0102088,-0.0100753,-0.0098672,-0.00959943,-0.00925803,-0.00884689,-0.00837579,-0.00784411,-0.00726747
-0.00609967,-0.00669269,-0.00726365,-0.00780368,-0.00830226,-0.00875031,-0.00913807,-0.00946306,-0.00972055,-0.0099095,-0.0100398,-0.0100964,-0.0100945,-0.0100153,-0.00987332,-0.00965133,-0.00937005,-0.0090137,-0.00858778,-0.00810329,-0.00756335,-0.00697876
-0.00586943,-0.00646305,-0.00703626,-0.00758089,-0.00808636,-0.00854095,-0.00893739,-0.00927363,-0.00953648,-0.00973079,-0.00986554,-0.00992275,-0.00991803,-0.00983339,-0.00968065,-0.0094463,-0.00915366,-0.00878751,-0.00834817,-0.00785177,-0.00730475,-0.00671474
-0.00563711,-0.00622778,-0.00679924,-0.00734678,-0.00785293,-0.00831458,-0.00871563,-0.00905591,-0.00932705,-0.00952599,-0.00966339,-0.00971958,-0.00971139,-0.00962134,-0.0094638,-0.00922147,-0.00891823,-0.00853917,-0.00809387,-0.00759175,-0.00704035,-0.00644997
-0.00543074,-0.00601831,-0.00658874,-0.00713853,-0.0076487,-0.00811075,-0.00851719,-0.00886737,-0.0091401,-0.00934598,-0.00948392,-0.00954022,-0.0095308,-0.00943488,-0.00927265,-0.00902138,-0.00870745,-0.00832195,-0.00786678,-0.00736112,-0.0068069,-0.00621225
-0.00521888,-0.00580022,-0.00636719,-0.00691342,-0.0074227,-0.00788733,-0.00829704,-0.00864779,-0.00892672,-0.00913447,-0.00927443,-0.00933187,-0.00931865,-0.00921918,-0.00904928,-0.00879476,-0.00847521,-0.00808194,-0.00762532,-0.00711312,-0.00655906,-0.00596846
-0.00502643,-0.00560199,-0.00616568,-0.00671113,-0.00721882,-0.00768653,-0.00809898,-0.0084498,-0.00873356,-0.00894307,-0.00908498,-0.00914095,-0.00912541,-0.0090241,-0.00884853,-0.00858897,-0.00826405,-0.00786454,-0.0074052,-0.00689125,-0.00633783,-0.0057487
-0.00483709,-0.00540622,-0.00596414,-0.00650552,-0.0070121,-0.00747743,-0.0078892,-0.00824469,-0.00852868,-0.00874156,-0.00888337,-0.00893975,-0.00892149,-0.00881739,-0.00863826,-0.00837538,-0.00804556,-0.00764314,-0.00718162,-0.00666698,-0.00611611,-0.00552994
-0.00467252,-0.00523739,-0.00579068,-0.00633035,-0.00683391,-0.00729976,-0.00771354,-0.00806971,-0.00835715,-0.00857022,-0.00871429,-0.00876915,-0.00875042,-0.00864394,-0.00846093,-0.00819291,-0.0078598,-0.00745282,-0.00699071,-0.00647383,-0.0059246,-0.00534033
-0.0045103,-0.00506843,-0.00561815,-0.00615133,-0.0066549,-0.00711831,-0.00753023,-0.00788915,-0.0081775,-0.00839335,-0.00853803,-0.0085928,-0.00856956,-0.00846225,-0.00827683,-0.00800655,-0.00766714,-0.00726129,-0.0067953,-0.00627991,-0.00573316,-0.00515397
-0.00434621,-0.00489432,-0.00543543,-0.00596648,-0.00646517,-0.00692487,-0.00733784,-0.00769327,-0.00798246,-0.0081992,-0.00834027,-0.00839679,-0.00837533,-0.00826493,-0.00807581,-0.00780457,-0.00746648,-0.00705716,-0.00659347,-0.0060785,-0.00553767,-0.00496267
-0.00419489,-0.00473499,-0.00526996,-0.00579404,-0.00628921,-0.00674773,-0.00715726,-0.00751372,-0.00780088,-0.00801959,-0.00816062,-0.00821672,-0.0081912,-0.00808168,-0.00788893,-0.00761839,-0.00727981,-0.00686984,-0.00640732,-0.00589486,-0.00535689,-0.00478809
-0.00405854,-0.00459148,-0.00511984,-0.00564124,-0.00613222,-0.0065883,-0.00699913,-0.00735193,-0.00764057,-0.00785901,-0.00799887,-0.00805376,-0.00802893,-0.00791741,-0.00772444,-0.00745042,-0.00711245,-0.00670097,-0.00623829,-0.00572931,-0.00519437,-0.00462908
-0.00391933,-0.00444391,-0.00496561,-0.00547877,-0.00596681,-0.0064191,-0.00682462,-0.00717888,-0.00746527,-0.00768371,-0.00782375,-0.00787916,-0.007851,-0.00774043,-0.00754417,-0.00727257,-0.006932,-0.0065226,-0.00606275,-0.00555509,-0.00502513,-0.00446841
-0.00379414,-0.00431118,-0.0048264,-0.0053371,-0.00581855,-0.00626889,-0.00667646,-0.0070229,-0.00731292,-0.00752685,-0.0076671,-0.00772077,-0.00769425,-0.0075815,-0.00738602,-0.00711128,-0.00677151,-0.00636066,-0.00590444,-0.00540009,-0.00487548,-0.00432423
-0.00367308,-0.00418128,-0.00469053,-0.0051917,-0.00567183,-0.00611774,-0.00651773,-0.00687103,-0.00715394,-0.00736946,-0.00750947,-0.00756483,-0.00753307,-0.0074219,-0.00722419,-0.00695355,-0.00660998,-0.0062015,-0.00574784,-0.00524693,-0.00472582,-0.00418296
-0.00355703,-0.00405931,-0.00456023,-0.00505743,-0.0055322,-0.00597221,-0.00637278,-0.00671869,-0.00700553,-0.00721802,-0.00735547,-0.00741035,-0.00738221,-0.00726901,-0.00707052,-0.00679808,-0.00645706,-0.00604994,-0.00559795,-0.00509919,-0.0045849,-0.00404669
-0.00344292,-0.00393824,-0.00443277,-0.00492233,-0.00539266,-0.00583187,-0.0062265,-0.00657326,-0.00685212,-0.00706596,-0.00720436,-0.00725592,-0.00722766,-0.00711296,-0.00691728,-0.00664485,-0.00630501,-0.00590064,-0.00545058,-0.00495735,-0.00444892,-0.00391707
-0.00332437,-0.0038083,-0.00429463,-0.0047776,-0.00524088,-0.00567276,-0.00606408,-0.00640565,-0.00668503,-0.00689507,-0.00703076,-0.00708383,-0.00705333,-0.00694011,-0.00674448,-0.00647431,-0.00613589,-0.00573546,-0.00528848,-0.00480275,-0.00429783,-0.00377579
-0.00323147,-0.00370836,-0.00418835,-0.00466447,-0.00512612,-0.0055529,-0.00594075,-0.0062821,-0.00655924,-0.00676609,-0.00690264,-0.00695621,-0.00692288,-0.00681014,-0.0066145,-0.00634589,-0.00600571,-0.00560837,-0.00516462,-0.00468137,-0.00418016,-0.00366669
-0.00312832,-0.00359692,-0.00406999,-0.00454079,-0.00499387,-0.00541881,-0.00580355,-0.00613881,-0.00641365,-0.00661986,-0.00675311,-0.00680437,-0.00677363,-0.00665922,-0.00646748,-0.00619855,-0.00586345,-0.00546751,-0.00502514,-0.00455187,-0.00405442,-0.00354594
-0.00303311,-0.00349522,-0.00396134,-0.00442316,-0.00487289,-0.00529136,-0.0056707,-0.00600444,-0.00627688,-0.00648132,-0.00661428,-0.00666545,-0.00663296,-0.00652132,-0.00632635,-0.00606101,-0.00572659,-0.00533431,-0.00489856,-0.00442477,-0.00393639,-0.003436
-0.0029482,-0.00340215,-0.00386273,-0.00432117,-0.00476419,-0.00517781,-0.0055542,-0.00588322,-0.00615613,-0.00635852,-0.0064879,-0.00653927,-0.00650847,-0.00639616,-0.00620223,-0.005937,-0.00560578,-0.00521689,-0.00478204,-0.00431333,-0.00382994,-0.0033353
-0.00285571,-0.00330318,-0.00375577,-0.0042047,-0.00464273,-0.00505228,-0.005423,-0.0057501,-0.00601711,-0.00621743,-0.00634727,-0.00639706,-0.00636438,-0.0062535,-0.00606089,-0.00579859,-0.00546857,-0.0050837,-0.0046553,-0.00419211,-0.00371482,-0.00322867
-0.00276718,-0.00320595,-0.00365112,-0.0040943,-0.00452516,-0.00492959,-0.00529688,-0.00561794,-0.00588288,-0.00608002,-0.00620753,-0.00625636,-0.00622406,-0.00611351,-0.00592378,-0.0056625,-0.00533659,-0.00495525,-0.00453083,-0.00407533,-0.00360422,-0.00312502
-0.00268554,-0.00311721,-0.00355546,-0.00399218,-0.00441681,-0.00481636,-0.00517888,-0.00549644,-0.00575835,-0.00595344,-0.00607914,-0.00612679,-0.00609484,-0.00598465,-0.00579674,-0.00553725,-0.0052145,-0.0048366,-0.00441682,-0.00396678,-0.00350139,-0.00302978
-0.00260705,-0.0030314,-0.00346271,-0.00389292,-0.0043115,-0.00470616,-0.00506379,-0.00537732,-0.00563603,-0.00582882,-0.00595283,-0.00599967,-0.00596762,-0.00585841,-0.00567222,-0.00541489,-0.00509498,-0.00472118,-0.00430609,-0.00386174,-0.00340242,-0.0029383
-0.00253402,-0.00295156,-0.00337605,-0.00380044,-0.00421251,-0.00460314,-0.00495674,-0.00526689,-0.00552166,-0.00571217,-0.00583401,-0.00587961,-0.00584826,-0.00573801,-0.00555573,-0.00530024,-0.00498351,-0.00461351,-0.00420141,-0.0037648,-0.00330964,-0.00285246
-0.00245895,-0.0028697,-0.00328674,-0.00370438,-0.0041109,-0.00449506,-0.0048433,-0.00514947,-0.00540169,-0.00558959,-0.00570946,-0.00575437,-0.00572273,-0.00561488,-0.00543312,-0.0051801,-0.00486621,-0.00450095,-0.0040951,-0.00366173,-0.00321533,-0.00276549
-0.00238654,-0.00279041,-0.00320107,-0.00361129,-0.00401143,-0.00438992,-0.00473433,-0.0050355,-0.00528402,-0.005469,-0.00558815,-0.00563173,-0.00560074,-0.00549378,-0.00531303,-0.00506299,-0.00475261,-0.00439201,-0.0039913,-0.00356474,-0.00312402,-0.00268198
-0.00231733,-0.00271375,-0.00311766,-0.00352102,-0.00391512,-0.00428788,-0.00462712,-0.00492422,-0.00516916,-0.00535175,-0.00546848,-0.00551147,-0.00548011,-0.00537437,-0.00519596,-0.00494854,-0.00464206,-0.00428589,-0.00389027,-0.00346974,-0.00303598,-0.00260104
-0.00225154,-0.00264102,-0.00303802,-0.00343499,-0.00382266,-0.0041904,-0.00452421,-0.00481826,-0.00505918,-0.00523927,-0.00535331,-0.00539597,-0.00536516,-0.00525897,-0.00508366,-0.00483881,-0.00453659,-0.00418469,-0.00379383,-0.0033791,-0.00295172,-0.00252468
-0.00218855,-0.00257166,-0.0029617,-0.00335177,-0.00373542,-0.00409691,-0.00442626,-0.00471497,-0.00495345,-0.0051302,-0.00524196,-0.00528524,-0.00525245,-0.00514919,-0.00497553,-0.00473342,-0.00443488,-0.00408738,-0.00370119,-0.00329207,-0.00287265,-0.00245173
-0.00212251,-0.00249801,-0.00288108,-0.0032646,-0.00364052,-0.00399635,-0.00431984,-0.00460424,-0.00483858,-0.0050129,-0.00512318,-0.00516404,-0.00513244,-0.00503052,-0.00485914,-0.00462014,-0.00432523,-0.00398262,-0.00360306,-0.00320103,-0.00278716,-0.00237525
-0.00206146,-0.00242994,-0.00280647,-0.00318346,-0.00355288,-0.00390293,-0.00422167,-0.00450139,-0.00473183,-0.00490368,-0.00501192,-0.00505184,-0.00502091,-0.00491976,-0.00475062,-0.00451466,-0.00422394,-0.00388607,-0.00351197,-0.0031161,-0.00270911,-0.00230475
-0.0020029,-0.00236448,-0.00273472,-0.00310454,-0.00346844,-0.00381192,-0.00412609,-0.00440162,-0.00462852,-0.00479778,-0.00490329,-0.00494287,-0.0049119,-0.00481196,-0.00464503,-0.00441232,-0.00412553,-0.00379227,-0.00342403,-0.00303396,-0.00263385,-0.00223654
-0.00194449,-0.00229937,-0.00266268,-0.00302638,-0.00338345,-0.0037217,-0.00403017,-0.00430121,-0.00452399,-0.00469063,-0.00479464,-0.00483297,-0.0048019,-0.00470358,-0.00453891,-0.00430946,-0.00402694,-0.0036985,-0.00333564,-0.00295234,-0.00255907,-0.0021695
-0.00189124,-0.00223973,-0.00259721,-0.00295533,-0.00330625,-0.00363935,-0.003943,-0.00420945,-0.00442873,-0.0045931,-0.0046961,-0.00473267,-0.00470153,-0.00460641,-0.00444246,-0.00421635,-0.00393655,-0.00361284,-0.00325483,-0.00287834,-0.00249089,-0.0021079
-0.00183439,-0.00217597,-0.0025259,-0.00287655,-0.00322141,-0.00354797,-0.00384658,-0.00410823,-0.00432351,-0.00448425,-0.0045847,-0.00462087,-0.00459086,-0.00449495,-0.00433504,-0.00411209,-0.0038377,-0.0035193,-0.00316741,-0.00279703,-0.00241728,-0.00204255
-0.00178262,-0.00211796,-0.00246213,-0.00280643,-0.00314486,-0.00346539,-0.00375951,-0.00401704,-0.00422822,-0.00438651,-0.00448529,-0.00452029,-0.00449058,-0.00439573,-0.00423812,-0.00401871,-0.00374809,-0.0034346,-0.0030879,-0.00272386,-0.00235068,-0.00198256
-0.00173099,-0.00205984,-0.00239669,-0.00273439,-0.00306753,-0.00338214,-0.00367099,-0.00392391,-0.00413142,-0.00428679,-0.00438348,-0.00441761,-0.00438784,-0.00429518,-0.00413954,-0.00392353,-0.00365736,-0.00334884,-0.00300766,-0.0026501,-0.00228399,-0.00192321
-0.00168146,-0.00200342,-0.00233398,-0.00266539,-0.00299249,-0.00330212,-0.00358568,-0.00383315,-0.00403755,-0.00418997,-0.00428414,-0.0043182,-0.00428927,-0.00419744,-0.00404373,-0.00383154,-0.00356922,-0.00326571,-0.00293116,-0.0025791,-0.00222008,-0.00186716
-0.00163428,-0.00195017,-0.00227516,-0.0026006,-0.00292143,-0.00322518,-0.00350413,-0.0037478,-0.00394795,-0.00409826,-0.00419065,-0.00422369,-0.00419494,-0.00410388,-0.00395289,-0.00374381,-0.00348576,-0.00318695,-0.00285756,-0.00251163,-0.00215912,-0.00181272
-0.00158666,-0.00189623,-0.00221445,-0.00253326,-0.00284857,-0.00314703,-0.00342056,-0.00365885,-0.00385623,-0.00400289,-0.00409332,-0.00412572,-0.00409728,-0.00400832,-0.00385913,-0.00365374,-0.00339975,-0.00310618,-0.00278292,-0.00244337,-0.00209753,-0.00175854
-0.00154177,-0.00184477,-0.00215733,-0.00247007,-0.00277936,-0.00307194,-0.00334111,-0.00357515,-0.00376829,-0.00391219,-0.00400137,-0.00403243,-0.00400477,-0.00391689,-0.00377048,-0.0035685,-0.00331822,-0.00302986,-0.00271126,-0.00237857,-0.0020387,-0.0017068
-0.00149928,-0.00179663,-0.00210371,-0.00240929,-0.00271395,-0.00299996,-0.00326481,-0.00349527,-0.00368492,-0.00382658,-0.00391311,-0.00394414,-0.00391633,-0.00382871,-0.00368517,-0.00348628,-0.00324091,-0.00295687,-0.00264437,-0.00231647,-0.00198359,-0.00165773
-0.00145364,-0.00174513,-0.00204546,-0.00234581,-0.0026436,-0.00292484,-0.00318387,-0.00340955,-0.00359517,-0.0037339,-0.00381926,-0.00384888,-0.00382107,-0.00373646,-0.00359413,-0.00339914,-0.00315766,-0.00287923,-0.00257182,-0.00225127,-0.00192489,-0.00160588
-0.00141112,-0.00169649,-0.00199094,-0.00228517,-0.00257704,-0.00285268,-0.00310661,-0.00332798,-0.00351009,-0.00364597,-0.00372951,-0.0037583,-0.00373079,-0.0036475,-0.00350776,-0.0033162,-0.00307886,-0.00280554,-0.00250387,-0.00218954,-0.00186951,-0.00155748
-0.00137262,-0.00165244,-0.00194173,-0.00223021,-0.00251692,-0.00278727,-0.00303713,-0.00325439,-0.00343323,-0.0035667,-0.0036483,-0.0036768,-0.00364958,-0.00356756,-0.00342986,-0.00324106,-0.00300763,-0.00273872,-0.00244251,-0.00213379,-0.00181978,-0.00151365
-0.00133242,-0.00160661,-0.0018899,-0.00217332,-0.00245379,-0.00271926,-0.00296372,-0.00317658,-0.00335185,-0.00348252,-0.00356327,-0.00358991,-0.003563,-0.00348322,-0.00334704,-0.00316221,-0.00293248,-0.00266889,-0.00237754,-0.00207569,-0.00176754,-0.001468
-0.00129344,-0.00156178,-0.00183934,-0.00211632,-0.00239159,-0.00265133,-0.00289116,-0.00309982,-0.00327131,-0.00339945,-0.00347773,-0.00350442,-0.00347782,-0.00339852,-0.00326524,-0.00308391,-0.00285867,-0.00259996,-0.00231447,-0.00201764,-0.00171629,-0.00142359
-0.00125577,-0.00151843,-0.00179043,-0.00206154,-0.00233134,-0.00258583,-0.00282082,-0.00302536,-0.00319348,-0.00331887,-0.00339545,-0.00342139,-0.00339507,-0.00331717,-0.0031863,-0.00300815,-0.00278702,-0.00253327,-0.00225306,-0.00196231,-0.00166713,-0.00138079
-0.00122108,-0.00147858,-0.00174546,-0.00201129,-0.002276,-0.00252575,-0.00275621,-0.00295695,-0.00312173,-0.00324468,-0.00331984,-0.00334503,-0.00331908,-0.00324237,-0.0031135,-0.00293836,-0.0027212,-0.00247198,-0.00219672,-0.00191145,-0.00162192,-0.0013414
-0.00118775,-0.00144013,-0.00170167,-0.00196234,-0.00222245,-0.00246697,-0.00269311,-0.00289056,-0.00305225,-0.00317294,-0.00324631,-0.00327062,-0.00324462,-0.0031696,-0.00304294,-0.00287083,-0.00265734,-0.00241242,-0.00214159,-0.00186197,-0.00157806,-0.00130336
-0.00115138,-0.00139826,-0.00165444,-0.00190947,-0.00216353,-0.00240315,-0.00262465,-0.00281717,-0.00297535,-0.00309348,-0.0031651,-0.00318901,-0.00316356,-0.00308959,-0.00296502,-0.0027966,-0.00258711,-0.00234743,-0.00208259,-0.0018084,-0.00153091,-0.00126243
-0.00111772,-0.00135932,-0.00161006,-0.0018597,-0.00210856,-0.00234321,-0.00256009,-0.00274868,-0.00290367,-0.00301908,-0.00308917,-0.00311243,-0.00308737,-0.00301459,-0.00289235,-0.00272696,-0.00252157,-0.00228649,-0.00202696,-0.00175852,-0.0014869,-0.0012244
-0.00108621,-0.00132276,-0.00156885,-0.00181322,-0.00205727,-0.00228694,-0.00249991,-0.00268479,-0.0028366,-0.0029498,-0.00301798,-0.00304109,-0.00301643,-0.00294494,-0.00282465,-0.00266196,-0.0024603,-0.00222953,-0.00197518,-0.00171199,-0.00144608,-0.00118897
-0.00105473,-0.00128638,-0.00152701,-0.00176657,-0.00200541,-0.00223071,-0.00243888,-0.00261995,-0.0027687,-0.00287931,-0.00294632,-0.00296837,-0.00294392,-0.00287358,-0.00275558,-0.00259624,-0.00239848,-0.00217231,-0.00192271,-0.00166489,-0.00140452,-0.00115326
-0.00102583,-0.00125301,-0.00148907,-0.00172383,-0.00195784,-0.00217913,-0.00238311,-0.00256043,-0.00270659,-0.00281475,-0.00288046,-0.00290161,-0.00287783,-0.00280876,-0.00269247,-0.002536,-0.00234159,-0.00211981,-0.00187475,-0.00162206,-0.00136681,-0.0011205
-0.000996549,-0.00121871,-0.00144984,-0.00167993,-0.00190927,-0.00212548,-0.00232543,-0.00249967,-0.00264205,-0.0027482,-0.00281246,-0.00283337,-0.00280958,-0.00274152,-0.00262764,-0.00247419,-0.0022835,-0.00206598,-0.0018257,-0.00157803,-0.00132829,-0.00108766
-0.000967403,-0.00118465,-0.00141079,-0.00163596,-0.00186053,-0.00207236,-0.00226799,-0.0024383,-0.00257809,-0.00268171,-0.00274444,-0.00276474,-0.00274119,-0.00267445,-0.00256257,-0.00241201,-0.00222511,-0.0020118,-0.00177665,-0.00153427,-0.00128995,-0.00105486
-0.000941331,-0.00115411,-0.00137555,-0.00159662,-0.00181679,-0.00202451,-0.00221642,-0.00238322,-0.00252035,-0.0026219,-0.00268323,-0.00270319,-0.00267986,-0.00261403,-0.00250401,-0.00235622,-0.00217265,-0.00196319,-0.00173272,-0.0014949,-0.00125553,-0.00102554
-0.000912965,-0.00112128,-0.00133793,-0.00155423,-0.00176936,-0.00197274,-0.00216027,-0.00232367,-0.00245781,-0.00255703,-0.00261705,-0.00263609,-0.00261331,-0.00254863,-0.00244099,-0.00229578,-0.00211622,-0.00191101,-0.00168527,-0.00145263,-0.0012187,-0.00099365
-0.000886931,-0.00109088,-0.00130288,-0.00151489,-0.00172536,-0.00192479,-0.00210826,-0.00226804,-0.00239972,-0.00249662,-0.00255535,-0.00257382,-0.00255121,-0.00248766,-0.00238209,-0.00223956,-0.0020637,-0.00186238,-0.00164146,-0.00141343,-0.00118444,-0.00096438
-0.000862559,-0.00106235,-0.00127036,-0.00147783,-0.00168431,-0.00187971,-0.00205963,-0.0022166,-0.00234498,-0.00244019,-0.00249732,-0.0025158,-0.00249323,-0.00243104,-0.00232703,-0.00218719,-0.00201439,-0.00181717,-0.00160006,-0.00137667,-0.00115258,-0.000937217
-0.000837279,-0.00103258,-0.0012358,-0.00143937,-0.00164105,-0.00183208,-0.0020083,-0.00216152,-0.0022872,-0.00238046,-0.00243651,-0.00245399,-0.0024319,-0.00237047,-0.00226856,-0.00213171,-0.00196235,-0.00176884,-0.00155702,-0.0013382,-0.00111908,-0.00090865
-0.000812639,-0.0010036,-0.00120245,-0.00140147,-0.00159893,-0.00178593,-0.00195832,-0.00210837,-0.0022313,-0.00232228,-0.00237706,-0.00239414,-0.00237236,-0.00231212,-0.00221229,-0.00207793,-0.0019121,-0.00172262,-0.00151495,-0.00130083,-0.0010867,-0.000881268
-0.000789487,-0.00097625,-0.00117086,-0.00136582,-0.00155894,-0.00174219,-0.00191081,-0.00205774,-0.00217808,-0.00226704,-0.00232059,-0.00233718,-0.00231569,-0.0022565,-0.00215861,-0.00202678,-0.00186423,-0.00167854,-0.00147521,-0.00126559,-0.00105617,-0.000855312
-0.000768081,-0.000951081,-0.00114177,-0.00133292,-0.00152215,-0.00170173,-0.00186704,-0.00201084,-0.0021289,-0.00221598,-0.00226847,-0.00228456,-0.00226307,-0.00220501,-0.00210869,-0.00197951,-0.00181982,-0.00163766,-0.00143858,-0.00123324,-0.00102792,-0.000831382
-0.000745198,-0.000924031,-0.00111041,-0.00129743,-0.00148246,-0.00165822,-0.0018198,-0.00196064,-0.00207588,-0.00216103,-0.0022122,-0.00222785,-0.00220686,-0.00214969,-0.00205545,-0.00192872,-0.0017725,-0.00159405,-0.00139911,-0.0011982,-0.000997819,-0.000805926
-0.000723954,-0.000898934,-0.00108127,-0.00126444,-0.00144552,-0.00161762,-0.00177578,-0.00191364,-0.0020264,-0.00210961,-0.00215971,-0.0021749,-0.0021542,-0.002098,-0.00200557,-0.00188127,-0.00172818,-0.00155331,-0.00136251,-0.0011658,-0.000969828,-0.000782251
-0.000703555,-0.00087474,-0.00105323,-0.00123264,-0.00140991,-0.00157845,-0.00173328,-0.00186826,-0.00197865,-0.00206012,-0.00210903,-0.00212385,-0.00210333,-0.00204807,-0.00195737,-0.0018355,-0.0016854,-0.00151402,-0.00132714,-0.00113458,-0.000942906,-0.000759551
-0.000683433,-0.000850897,-0.00102549,-0.00120119,-0.00137467,-0.00153971,-0.00169119,-0.00182332,-0.00193129,-0.00201092,-0.00205875,-0.0020731,-0.00205294,-0.00199862,-0.00190971,-0.00179016,-0.0016431,-0.00147514,-0.00129227,-0.00110378,-0.00091634,-0.000737187
-0.000664404,-0.000828378,-0.000999271,-0.00117145,-0.00134125,-0.001503,-0.00165142,-0.00178067,-0.00188631,-0.00196439,-0.00201115,-0.00202507,-0.00200515,-0.00195175,-0.00186443,-0.00174723,-0.00160303,-0.00143843,-0.00125929,-0.00107456,-0.000891225,-0.000716093
-0.000645621,-0.000805917,-0.000973108,-0.00114165,-0.00130795,-0.00146631,-0.00161145,-0.00173812,-0.00184153,-0.00191769,-0.00196344,-0.00197708,-0.00195738,-0.00190478,-0.00181935,-0.00170418,-0.00156297,-0.00140161,-0.00122636,-0.00104571,-0.000866354,-0.000695229
-0.000627285,-0.000784103,-0.000947764,-0.00111284,-0.00127561,-0.00143054,-0.00157266,-0.00169667,-0.00179783,-0.00187235,-0.00191709,-0.00193016,-0.00191083,-0.00185918,-0.0017753,-0.00166253,-0.00152404,-0.00136595,-0.00119433,-0.00101748,-0.000842149,-0.000674902
-0.000610071,-0.000763413,-0.00092373,-0.0010855,-0.00124494,-0.00139668,-0.00153575,-0.00165721,-0.00175629,-0.00182919,-0.00187289,-0.00188576,-0.00186662,-0.00181587,-0.00173336,-0.00162293,-0.00148705,-0.00133201,-0.00116408,-0.000990923,-0.000819256,-0.000655822
-0.000592751,-0.000742918,-0.000899753,-0.00105798,-0.00121407,-0.00136273,-0.00149899,-0.0016178,-0.00171463,-0.00178605,-0.00182881,-0.00184114,-0.00182233,-0.00177245,-0.00169169,-0.00158315,-0.00145012,-0.00129825,-0.00113367,-0.000964178,-0.000796512,-0.000636695
-0.000576091,-0.000722978,-0.000876431,-0.00103152,-0.00118432,-0.00132986,-0.00146296,-0.0015795,-0.00167448,-0.00174404,-0.00178595,-0.00179784,-0.00177944,-0.00173026,-0.00165118,-0.00154462,-0.00141427,-0.00126543,-0.00110437,-0.000938625,-0.000774541,-0.000618297
-0.00055941,-0.000702984,-0.000853129,-0.00100484,-0.00115435,-0.00129678,-0.00142713,-0.00154097,-0.00163373,-0.00170197,-0.00174272,-0.00175444,-0.00173611,-0.00168787,-0.00161027,-0.00150593,-0.00137823,-0.00123252,-0.00107488,-0.000912623,-0.000752383,-0.000599913
-0.000543457,-0.000683838,-0.000830745,-0.000979262,-0.00112555,-0.00126493,-0.00139249,-0.00150388,-0.00159465,-0.00166127,-0.00170123,-0.00171253,-0.00169447,-0.00164708,-0.00157098,-0.0014687,-0.00134359,-0.0012009,-0.00104673,-0.000887999,-0.000731288,-0.000582285
-0.000528501,-0.000665964,-0.00080978,-0.000955288,-0.00109853,-0.00123519,-0.00136019,-0.0014692,-0.00155793,-0.00162325,-0.00166231,-0.00167328,-0.00165545,-0.00160887,-0.00153419,-0.00143383,-0.00131123,-0.0011713,-0.0010203,-0.000864751,-0.000711521,-0.000565866
-0.000513574,-0.000647912,-0.000788727,-0.000931182,-0.00107147,-0.00120506,-0.00132732,-0.00143413,-0.00152106,-0.00158485,-0.00162302,-0.0016337,-0.00161609,-0.00157027,-0.001497,-0.00139869,-0.00127848,-0.00114154,-0.000993673,-0.000841685,-0.000691734,-0.000549396
-0.000499077,-0.000630492,-0.000768271,-0.000907652,-0.00104501,-0.00117583,-0.00129552,-0.00139998,-0.001485,-0.00154738,-0.00158475,-0.00159506,-0.00157767,-0.00153267,-0.00146094,-0.00136442,-0.00124668,-0.00111246,-0.000967886,-0.000819001,-0.000672521,-0.000533471
-0.000485187,-0.000613588,-0.000748521,-0.000884995,-0.00101949,-0.00114756,-0.00126463,-0.00136695,-0.00145019,-0.00151117,-0.00154763,-0.00155771,-0.00154056,-0.00149637,-0.00142587,-0.00133133,-0.00121589,-0.00108445,-0.000942888,-0.000797321,-0.00065397,-0.000518208
-0.000471577,-0.000597292,-0.000729353,-0.000862999,-0.000994572,-0.00112008,-0.00123472,-0.00133485,-0.00141623,-0.00147606,-0.00151162,-0.00152143,-0.00150454,-0.00146104,-0.00139191,-0.00129912,-0.00118606,-0.00105728,-0.00091868,-0.00077609,-0.00063601,-0.000503295
-0.000458383,-0.000581271,-0.000710496,-0.000841314,-0.00097023,-0.00109302,-0.00120519,-0.00130322,-0.00138293,-0.00144127,-0.00147615,-0.00148562,-0.00146894,-0.00142621,-0.00135846,-0.0012674,-0.00115665,-0.00103049,-0.000894886,-0.000755457,-0.000618462,-0.0004888
-0.000445515,-0.000565722,-0.000692221,-0.000820249,-0.000946469,-0.00106666,-0.00117651,-0.00127242,-0.00135042,-0.0014075,-0.00144153,-0.00145073,-0.0014343,-0.00139238,-0.00132586,-0.00123661,-0.00112803,-0.00100446,-0.00087169,-0.000735285,-0.000601382,-0.000474701
-0.00043317,-0.000550748,-0.000674599,-0.000800019,-0.000923605,-0.0010413,-0.00114886,-0.0012428,-0.00131905,-0.00137496,-0.00140816,-0.00141713,-0.00140091,-0.00135971,-0.00129445,-0.00120691,-0.00110051,-0.000979485,-0.000849398,-0.000715989,-0.000584957,-0.000461166
-0.000421098,-0.000536081,-0.000657314,-0.000780059,-0.000901107,-0.0010163,-0.0011216,-0.00121353,-0.00128819,-0.00134283,-0.00137539,-0.00138399,-0.00136801,-0.00132753,-0.00126351,-0.00117768,-0.00107342,-0.000954836,-0.000827604,-0.000697004,-0.000568916,-0.000447998
-0.000409296,-0.000521713,-0.000640366,-0.000760571,-0.000879045,-0.000991821,-0.00109486,-0.00118483,-0.00125791,-0.00131136,-0.00134315,-0.0013515,-0.00133578,-0.00129597,-0.00123315,-0.00114901,-0.00104685,-0.000930797,-0.000806192,-0.000678451,-0.000553203,-0.000435116
-0.000397974,-0.000507904,-0.000624042,-0.000741751,-0.000857733,-0.000968163,-0.00106908,-0.0011571,-0.00122868,-0.00128096,-0.00131203,-0.00132014,-0.00130463,-0.00126554,-0.00120383,-0.00112136,-0.0010212,-0.000907548,-0.000785576,-0.000660575,-0.000538101,-0.000422744
-0.000387003,-0.000494566,-0.00060826,-0.000723563,-0.000837184,-0.000945281,-0.00104409,-0.00113032,-0.00120032,-0.00125145,-0.00128192,-0.00128973,-0.00127443,-0.00123602,-0.0011755,-0.00109456,-0.000996458,-0.000885061,-0.000765646,-0.000643316,-0.000523534,-0.000410842
-0.000376239,-0.000481388,-0.000592697,-0.0007055,-0.000816739,-0.000922651,-0.00101935,-0.00110373,-0.00117223,-0.00122235,-0.00125197,-0.00125963,-0.00124453,-0.0012068,-0.00114741,-0.00106803,-0.000971912,-0.000862825,-0.000745888,-0.000626279,-0.000509177,-0.000399094
-0.000365899,-0.000468727,-0.00057767,-0.000688241,-0.000797142,-0.000900804,-0.000995454,-0.00107812,-0.00114518,-0.00119415,-0.00122316,-0.00123056,-0.00121568,-0.0011786,-0.00112033,-0.00104253,-0.000948268,-0.000841437,-0.000726972,-0.000609881,-0.000495346,-0.00038779
-0.00035595,-0.000456565,-0.000563211,-0.00067135,-0.000778076,-0.000879651,-0.000972441,-0.00105333,-0.00111893,-0.00116692,-0.00119534,-0.00120241,-0.0011877,-0.00115135,-0.00109418,-0.00101777,-0.000925445,-0.00082065,-0.000708623,-0.000594033,-0.00048203,-0.00037697
-0.000346059,-0.000444451,-0.000548861,-0.000654891,-0.000759365,-0.000858765,-0.000949516,-0.00102874,-0.00109302,-0.0011399,-0.00116762,-0.00117461,-0.00116015,-0.00112429,-0.00106817,-0.000993372,-0.000902796,-0.000800334,-0.000690558,-0.000578464,-0.000468949,-0.000366318
-0.000336489,-0.000432635,-0.000534825,-0.000638574,-0.000740893,-0.000838231,-0.000927088,-0.00100461,-0.0010675,-0.00111339,-0.00114046,-0.00114719,-0.00113292,-0.00109776,-0.00104271,-0.000969323,-0.000880592,-0.000780205,-0.000672821,-0.000563138,-0.00045609,-0.000355893
-0.000327363,-0.000421399,-0.000521484,-0.000623094,-0.000723314,-0.000818638,-0.000905712,-0.000981619,-0.0010432,-0.00108809,-0.00111457,-0.00112109,-0.00110703,-0.00107247,-0.00101844,-0.000946447,-0.000859444,-0.000761071,-0.000655961,-0.0005486,-0.000443904,-0.000345987
-0.000318346,-0.000410328,-0.000508274,-0.000607791,-0.000705931,-0.000799316,-0.000884528,-0.000958841,-0.00101913,-0.00106308,-0.00108896,-0.00109527,-0.0010814,-0.00104746,-0.000994386,-0.000923802,-0.00083858,-0.0007422,-0.000639263,-0.000534239,-0.00043186,-0.000336267
-0.000309794,-0.000399753,-0.000495645,-0.000593184,-0.000689297,-0.00078081,-0.000864256,-0.000937121,-0.000996089,-0.00103913,-0.00106443,-0.00107057,-0.00105689,-0.00102351,-0.000971399,-0.000902121,-0.000818612,-0.000724175,-0.000623343,-0.000520541,-0.000420367,-0.000326943
-0.000301373,-0.000389395,-0.00048326,-0.000578733,-0.000672933,-0.00076252,-0.000844298,-0.000915588,-0.000973354,-0.00101547,-0.00104029,-0.00104613,-0.00103268,-0.00099988,-0.000948743,-0.00088081,-0.000798935,-0.000706357,-0.000607686,-0.000507066,-0.00040915,-0.00031788
-0.000293162,-0.000379155,-0.00047103,-0.000564542,-0.000656766,-0.000744496,-0.000824645,-0.000894359,-0.000950929,-0.000992148,-0.00101633,-0.00102206,-0.00100878,-0.000976577,-0.000926361,-0.000859769,-0.000779433,-0.000688896,-0.00059226,-0.000493836,-0.000398081,-0.000308968
-0.000285134,-0.000369228,-0.000459178,-0.000550741,-0.000641083,-0.000727017,-0.000805403,-0.00087371,-0.000929114,-0.000969442,-0.000993081,-0.000998617,-0.00098552,-0.000953889,-0.000904629,-0.000839306,-0.000760593,-0.000671893,-0.000577299,-0.000480984,-0.000387344,-0.000300318
-0.000277523,-0.000359752,-0.000447854,-0.000537574,-0.000626094,-0.00071028,-0.000787075,-0.000853964,-0.000908265,-0.000947724,-0.00097084,-0.000976199,-0.000963281,-0.000932165,-0.000883869,-0.000819748,-0.000742518,-0.000655654,-0.000562998,-0.000468703,-0.000377102,-0.000292095
-0.000270037,-0.000350481,-0.000436749,-0.000524635,-0.00061137,-0.000693821,-0.000769079,-0.000834623,-0.000887707,-0.000926369,-0.00094896,-0.000954192,-0.000941443,-0.000910873,-0.0008634,-0.000800523,-0.00072485,-0.000639702,-0.000548959,-0.000456681,-0.000367102,-0.000284048
-0.000262816,-0.000341499,-0.000425883,-0.000512109,-0.000597059,-0.000677847,-0.000751489,-0.000815763,-0.00086775,-0.000905582,-0.000927682,-0.000932726,-0.00092017,-0.000890124,-0.000843486,-0.000781843,-0.000707658,-0.000624189,-0.00053536,-0.000445035,-0.000357383,-0.000276231
-0.000255692,-0.000332619,-0.000415297,-0.000499619,-0.000582865,-0.00066203,-0.000734177,-0.00079706,-0.000847988,-0.000884995,-0.000906699,-0.000911501,-0.00089912,-0.000869595,-0.000823875,-0.000763357,-0.000690654,-0.000608867,-0.000521922,-0.00043354,-0.000347804,-0.000268623
-0.000248769,-0.000324018,-0.000404901,-0.000487498,-0.000569037,-0.000646572,-0.000717245,-0.000778801,-0.000828702,-0.000864936,-0.000886087,-0.000890748,-0.000878571,-0.000849585,-0.000804644,-0.00074531,-0.000674049,-0.000593949,-0.000508805,-0.000422332,-0.000338564,-0.000261188
-0.000242198,-0.000315754,-0.000394976,-0.000475921,-0.000555814,-0.000631784,-0.00070104,-0.000761327,-0.000810223,-0.000845669,-0.000866401,-0.000870911,-0.000858884,-0.000830364,-0.000786319,-0.000728063,-0.000658118,-0.000579682,-0.000496295,-0.000411639,-0.000329665,-0.000254091
-0.000235786,-0.000307741,-0.00038529,-0.000464642,-0.000542956,-0.000617403,-0.000685224,-0.000744324,-0.000792207,-0.000826953,-0.000847162,-0.000851536,-0.000839742,-0.000811628,-0.000768356,-0.00071125,-0.00064269,-0.000565818,-0.000484073,-0.000401243,-0.000321039,-0.000247209
-0.000229361,-0.000299676,-0.000375565,-0.000453259,-0.00052992,-0.000602828,-0.000669264,-0.000727122,-0.000773988,-0.000807971,-0.000827737,-0.00083198,-0.000820324,-0.00079276,-0.000750284,-0.000694255,-0.000627081,-0.000551786,-0.000471824,-0.000390775,-0.000312378,-0.000240326
-0.000223385,-0.000292204,-0.000366509,-0.000442706,-0.000517847,-0.000589281,-0.000654425,-0.000711161,-0.000757017,-0.000790369,-0.000809634,-0.000813763,-0.000802283,-0.000775187,-0.000733447,-0.000678481,-0.000612583,-0.000538797,-0.000460375,-0.000381042,-0.000304367,-0.000233883
-0.000217462,-0.000284748,-0.000357509,-0.000432073,-0.00050577,-0.000575782,-0.000639594,-0.000695149,-0.000740085,-0.000772692,-0.000791651,-0.00079557,-0.000784209,-0.000757627,-0.000716661,-0.000662693,-0.000598127,-0.000525762,-0.00044905,-0.000371363,-0.000296361,-0.000227559
-0.000211904,-0.000277774,-0.00034903,-0.000422187,-0.000494435,-0.000563056,-0.00062569,-0.000680118,-0.000724177,-0.000756196,-0.000774718,-0.000778475,-0.00076736,-0.00074109,-0.000700883,-0.000647935,-0.000584479,-0.000513586,-0.000438373,-0.00036229,-0.000288913,-0.00022161
-0.00020609,-0.000270419,-0.000340197,-0.000411789,-0.000482533,-0.000549813,-0.000611068,-0.000664396,-0.000707505,-0.000738804,-0.000756869,-0.000760556,-0.000749563,-0.000723814,-0.000684328,-0.000632338,-0.000570261,-0.000500843,-0.000427205,-0.000352807,-0.00028103,-0.00021542
-0.000200684,-0.000263626,-0.000331974,-0.000402145,-0.000471463,-0.000537379,-0.000597469,-0.000649669,-0.000691937,-0.000722615,-0.00074026,-0.000743868,-0.000732978,-0.000707674,-0.000668892,-0.000617933,-0.000556971,-0.000488957,-0.000416816,-0.000343974,-0.000273763,-0.000209646
-0.000195396,-0.000256938,-0.000323855,-0.000392593,-0.000460526,-0.000525123,-0.000583978,-0.000635172,-0.00067657,-0.000706558,-0.000723846,-0.000727312,-0.000716587,-0.000691763,-0.000653665,-0.000603612,-0.000543869,-0.000477204,-0.000406592,-0.000335262,-0.000266607,-0.000204012
-0.000190328,-0.00025051,-0.000315986,-0.000383428,-0.000450028,-0.000513293,-0.000571038,-0.000621214,-0.000661746,-0.000691148,-0.000708075,-0.000711399,-0.000700854,-0.000676355,-0.000638958,-0.000589876,-0.000531302,-0.00046594,-0.000396739,-0.00032692,-0.000259781,-0.000198604
-0.000185267,-0.000244122,-0.000308233,-0.000374223,-0.000439487,-0.000501515,-0.000558035,-0.000607196,-0.000646896,-0.000675631,-0.000692274,-0.000695433,-0.000684998,-0.000661,-0.000624306,-0.000576137,-0.000518725,-0.000454649,-0.000386933,-0.000318583,-0.000252922,-0.000193211
-0.000180528,-0.000238124,-0.000300865,-0.000365627,-0.000429623,-0.000490408,-0.000545836,-0.000594045,-0.000632971,-0.000661168,-0.000677351,-0.000680435,-0.00067021,-0.000646569,-0.000610461,-0.000563222,-0.000506891,-0.000444092,-0.000377652,-0.000310754,-0.000246569,-0.00018815
-0.000175699,-0.000231972,-0.00029342,-0.000356825,-0.000419511,-0.000479094,-0.000533371,-0.000580576,-0.000618712,-0.000646282,-0.000662131,-0.000665129,-0.00065501,-0.000631805,-0.000596375,-0.000550025,-0.000494778,-0.000433292,-0.000368279,-0.000302804,-0.000239998,-0.000183017
-0.00017125,-0.000226357,-0.000286514,-0.000348739,-0.000410224,-0.000468664,-0.0005219,-0.000568207,-0.000605582,-0.000632632,-0.000648158,-0.000651031,-0.000641088,-0.000618183,-0.000583404,-0.000537878,-0.000483663,-0.00042334,-0.000359625,-0.000295487,-0.000234003,-0.000178305
-0.000166813,-0.000220704,-0.00027962,-0.000340561,-0.000400864,-0.000458166,-0.000510328,-0.000555715,-0.000592342,-0.000618814,-0.000633997,-0.000636789,-0.000626981,-0.000604501,-0.000570325,-0.00052567,-0.000472484,-0.000413329,-0.000350928,-0.000288126,-0.00022798,-0.000173589
-0.000162444,-0.00021511,-0.000272812,-0.000332552,-0.000391601,-0.000447767,-0.000498893,-0.000543321,-0.000579264,-0.000605197,-0.000620011,-0.000622725,-0.000613059,-0.000590961,-0.000557386,-0.000513556,-0.000461418,-0.000403466,-0.000342334,-0.000280882,-0.000222042,-0.000168929
-0.000158349,-0.000209858,-0.000266419,-0.000324966,-0.000382898,-0.00043797,-0.00048813,-0.000531733,-0.000566937,-0.000592342,-0.000606873,-0.000609476,-0.000599917,-0.000578198,-0.000545195,-0.000502178,-0.000451022,-0.000394208,-0.00033427,-0.000274043,-0.000216524,-0.000164584
-0.000154193,-0.00020461,-0.000259928,-0.000317327,-0.000374107,-0.000428086,-0.000477258,-0.000520025,-0.000554466,-0.000579385,-0.000593574,-0.000596079,-0.000586695,-0.000565295,-0.000532905,-0.000490663,-0.000440556,-0.000384819,-0.000326127,-0.000267196,-0.000210936,-0.00016023
-0.000150239,-0.000199495,-0.000253715,-0.000309971,-0.000365607,-0.000418534,-0.000466737,-0.000508606,-0.000542422,-0.000566794,-0.000580685,-0.000583127,-0.00057382,-0.000552856,-0.000521043,-0.000479567,-0.000430367,-0.000375778,-0.000318286,-0.000260583,-0.000205505,-0.000156007
-0.000146465,-0.000194667,-0.000247779,-0.000302932,-0.000357545,-0.000409447,-0.000456728,-0.000497828,-0.000530957,-0.000554848,-0.000568438,-0.000570789,-0.000561615,-0.000540992,-0.000509732,-0.000468976,-0.000420716,-0.000367186,-0.000310832,-0.000254279,-0.000200416,-0.000152015
-0.000142687,-0.000189826,-0.000241825,-0.000295869,-0.00034939,-0.000400298,-0.000446643,-0.000486899,-0.000519405,-0.000542828,-0.000556125,-0.000558347,-0.000549326,-0.000529061,-0.00049831,-0.000458364,-0.000411025,-0.000358544,-0.000303361,-0.000247999,-0.000195312,-0.000148047
-0.000139077,-0.000185205,-0.000236105,-0.000289122,-0.000341616,-0.000391557,-0.000436975,-0.000476486,-0.000508323,-0.000531294,-0.000544333,-0.000546452,-0.000537613,-0.000517585,-0.000487414,-0.000448223,-0.000401748,-0.000350293,-0.000296163,-0.000241979,-0.000190406,-0.000144219
-0.000135568,-0.000180692,-0.000230548,-0.000282535,-0.000334031,-0.000382987,-0.000427565,-0.000466262,-0.000497485,-0.000519991,-0.000532704,-0.000534839,-0.000526046,-0.000506412,-0.000476748,-0.000438249,-0.000392648,-0.000342211,-0.000289166,-0.000236088,-0.00018562,-0.000140512
-0.000132122,-0.000176264,-0.000225119,-0.000276029,-0.000326534,-0.000374537,-0.000418285,-0.000456251,-0.000486833,-0.000508895,-0.000521388,-0.000523382,-0.000514759,-0.000495428,-0.000466271,-0.000428498,-0.000383755,-0.000334263,-0.000282318,-0.000230319,-0.000180974,-0.000136862
-0.000128786,-0.000171964,-0.000219794,-0.000269704,-0.000319252,-0.00036635,-0.000409233,-0.000446464,-0.000476481,-0.000498057,-0.000510278,-0.00051222,-0.000503672,-0.000484715,-0.00045608,-0.000418921,-0.000375065,-0.000326542,-0.000275618,-0.000224713,-0.000176416,-0.000133354
-0.000125537,-0.000167752,-0.000214606,-0.000263577,-0.000312129,-0.000358314,-0.000400393,-0.000436901,-0.000466306,-0.000487516,-0.000499459,-0.000501296,-0.000492938,-0.000474203,-0.00044608,-0.00040964,-0.000366604,-0.000319037,-0.000269105,-0.000219245,-0.000172029,-0.000129926
-0.000122327,-0.000163626,-0.000209507,-0.000257467,-0.000305108,-0.000350374,-0.00039167,-0.000427465,-0.000456281,-0.000477024,-0.000488718,-0.000490514,-0.000482192,-0.000463841,-0.000436227,-0.000400431,-0.000358216,-0.000311593,-0.000262685,-0.000213844,-0.000167661,-0.000126569
-0.000119268,-0.000159671,-0.000204625,-0.000251675,-0.000298404,-0.000342815,-0.000383299,-0.000418409,-0.000446682,-0.000467034,-0.000478448,-0.000480189,-0.000472013,-0.000453946,-0.000426791,-0.000391668,-0.00035023,-0.000304493,-0.000256552,-0.000208722,-0.000163522,-0.000123358
-0.000116358,-0.000155871,-0.000199916,-0.000246063,-0.000291889,-0.000335495,-0.000375194,-0.000409647,-0.000437392,-0.000457326,-0.000468533,-0.000470208,-0.00046213,-0.000444354,-0.000417659,-0.000383153,-0.000342491,-0.000297632,-0.000250627,-0.000203778,-0.000159508,-0.000120263
-0.000113472,-0.000152169,-0.000195321,-0.00024059,-0.000285564,-0.000328369,-0.000367323,-0.000401107,-0.000428336,-0.000447912,-0.000458845,-0.000460474,-0.000452515,-0.00043503,-0.000408797,-0.000374898,-0.00033498,-0.000290953,-0.000244863,-0.000198946,-0.000155607,-0.000117268
-0.0001107,-0.000148549,-0.000190861,-0.000235256,-0.000279421,-0.00032141,-0.000359634,-0.000392799,-0.000419501,-0.000438698,-0.000449392,-0.000450978,-0.000443095,-0.00042592,-0.000400139,-0.000366817,-0.000327592,-0.000284441,-0.000239249,-0.000194263,-0.000151837,-0.000114343
-0.000107828,-0.000144829,-0.00018623,-0.000229731,-0.000272975,-0.000314134,-0.000351629,-0.000384135,-0.000410326,-0.000429091,-0.000439589,-0.00044108,-0.000433331,-0.000416422,-0.000391098,-0.000358418,-0.000319988,-0.000277689,-0.000233422,-0.000189394,-0.000147928,-0.000111346
-0.000105156,-0.000141399,-0.00018194,-0.000224568,-0.000267033,-0.000307416,-0.000344208,-0.000376109,-0.000401769,-0.000420185,-0.00043047,-0.000431893,-0.000424268,-0.000407628,-0.000382744,-0.000350653,-0.000312919,-0.000271386,-0.000228039,-0.000184894,-0.000144335,-0.000108561
-0.000102537,-0.000137942,-0.000177661,-0.000219472,-0.000261119,-0.000300734,-0.000336811,-0.000368075,-0.000393264,-0.00041132,-0.000421359,-0.000422745,-0.00041521,-0.000398854,-0.000374408,-0.00034289,-0.00030588,-0.000265169,-0.000222645,-0.000180434,-0.000140735,-0.000105812
-0.00010004,-0.000134695,-0.000173601,-0.000214604,-0.000255465,-0.000294349,-0.000329773,-0.000360462,-0.000385152,-0.000402861,-0.000412728,-0.000414027,-0.000406597,-0.000390504,-0.000366453,-0.000335515,-0.000299195,-0.000259258,-0.000217546,-0.000176173,-0.000137339,-0.000103184
-9.7591e-05,-0.000131522,-0.000169659,-0.000209884,-0.00024999,-0.000288152,-0.000322911,-0.000353072,-0.000377276,-0.000394638,-0.000404283,-0.000405537,-0.000398214,-0.000382375,-0.000358766,-0.000328324,-0.000292682,-0.000253493,-0.000212613,-0.000172039,-0.000134038,-0.000100664
-9.52309e-05,-0.000128423,-0.000165807,-0.000205256,-0.000244636,-0.000282093,-0.000316221,-0.000345789,-0.000369562,-0.000386608,-0.000396039,-0.000397259,-0.00039001,-0.000374425,-0.000351213,-0.000321323,-0.000286312,-0.000247868,-0.000207762,-0.000168025,-0.000130807,-9.81814e-05
-9.29275e-05,-0.000125411,-0.00016202,-0.000200723,-0.00023935,-0.00027613,-0.00030963,-0.000338658,-0.00036197,-0.000378678,-0.000387929,-0.00038911,-0.000381968,-0.000366647,-0.000343822,-0.000314436,-0.000280074,-0.000242342,-0.000203017,-0.000164075,-0.000127643,-9.5763e-05
-9.06275e-05,-0.000122413,-0.000158272,-0.000196213,-0.000234126,-0.000270223,-0.00030308,-0.000331553,-0.000354421,-0.000370823,-0.000379861,-0.00038099,-0.000373943,-0.000358863,-0.000336439,-0.000307593,-0.000273864,-0.000236849,-0.000198307,-0.000160166,-0.000124546,-9.33791e-05
-8.84016e-05,-0.000119504,-0.000154636,-0.000191835,-0.000229028,-0.000264427,-0.000296716,-0.000324658,-0.000347091,-0.000363152,-0.000372016,-0.0003731,-0.000366136,-0.000351308,-0.000329267,-0.00030092,-0.000267818,-0.000231521,-0.000193727,-0.000156365,-0.000121501,-9.106e-05
-8.63235e-05,-0.000116782,-0.000151247,-0.000187765,-0.000224255,-0.000259055,-0.00029075,-0.000318157,-0.000340205,-0.000355995,-0.00036468,-0.000365689,-0.000358818,-0.00034423,-0.000322537,-0.000294727,-0.000262181,-0.000226547,-0.000189451,-0.000152836,-0.000118685,-8.89093e-05
-8.42194e-05,-0.000114036,-0.000147765,-0.000183599,-0.000219427,-0.000253528,-0.000284671,-0.000311587,-0.000333228,-0.00034866,-0.000357192,-0.000358157,-0.000351396,-0.000337033,-0.00031571,-0.000288363,-0.000256438,-0.000221455,-0.000185115,-0.000149209,-0.000115818,-8.67269e-05
-8.2141e-05,-0.000111286,-0.000144333,-0.000179463,-0.000214611,-0.000248103,-0.000278617,-0.000305004,-0.000326256,-0.000341399,-0.000349734,-0.000350654,-0.000344003,-0.000329869,-0.000308913,-0.000282071,-0.000250733,-0.00021643,-0.000180794,-0.000145661,-0.000112968,-8.4546e-05
-8.01974e-05,-0.000108747,-0.000141142,-0.000175608,-0.000210118,-0.000243026,-0.000272994,-0.000298928,-0.000319771,-0.00033463,-0.000342812,-0.000343677,-0.00033711,-0.000323194,-0.000302612,-0.000276206,-0.000245429,-0.000211748,-0.000176814,-0.000142347,-0.000110337,-8.25431e-05
-7.83161e-05,-0.000106277,-0.000138006,-0.000171837,-0.000205726,-0.000238044,-0.000267472,-0.000292937,-0.000313412,-0.000327976,-0.000336017,-0.000336838,-0.000330347,-0.000316661,-0.000296409,-0.000270474,-0.000240246,-0.000207171,-0.00017287,-0.000139101,-0.000107759,-8.05858e-05
-7.64277e-05,-0.000103762,-0.000134864,-0.000168037,-0.000201291,-0.000232997,-0.000261899,-0.000286897,-0.000306967,-0.00032128,-0.000329106,-0.000329929,-0.00032353,-0.00031006,-0.000290141,-0.000264646,-0.000234972,-0.00020255,-0.000168919,-0.000135831,-0.000105162,-7.86117e-05
-7.45525e-05,-0.000101307,-0.000131778,-0.000164294,-0.00019694,-0.00022806,-0.000256423,-0.000280954,-0.000300662,-0.000314684,-0.000322362,-0.00032313,-0.000316833,-0.000303574,-0.00028398,-0.000258966,-0.000229842,-0.000198006,-0.000165057,-0.000132631,-0.000102624,-7.66788e-05
-7.28202e-05,-9.90325e-05,-0.000128899,-0.000160838,-0.000192861,-0.000223443,-0.000251313,-0.000275422,-0.00029476,-0.000308537,-0.000316057,-0.000316803,-0.000310553,-0.000297506,-0.000278263,-0.000253645,-0.000225034,-0.000193802,-0.000161442,-0.000129649,-0.000100264,-7.48909e-05
-7.10724e-05,-9.67082e-05,-0.000125984,-0.000157305,-0.000188762,-0.000218776,-0.000246127,-0.000269785,-0.000288781,-0.000302301,-0.000309645,-0.000310363,-0.000304206,-0.000291367,-0.000272425,-0.000248261,-0.000220175,-0.000189514,-0.000157788,-0.000126626,-9.78752e-05,-7.3077e-05
-6.93579e-05,-9.44479e-05,-0.000123128,-0.000153839,-0.00018471,-0.00021418,-0.000241038,-0.000264256,-0.000282895,-0.000296155,-0.000303364,-0.000304031,-0.000297971,-0.000285337,-0.000266719,-0.000242974,-0.000215394,-0.00018531,-0.000154198,-0.000123684,-9.55387e-05,-7.13062e-05
-6.77686e-05,-9.23459e-05,-0.000120495,-0.000150648,-0.000180958,-0.000209925,-0.000236311,-0.000259126,-0.000277444,-0.00029047,-0.000297558,-0.000298162,-0.000292201,-0.000279738,-0.000261409,-0.000238093,-0.000210969,-0.000181438,-0.000150897,-0.000120959,-9.33871e-05,-6.9676e-05
-6.61485e-05,-9.01935e-05,-0.000117748,-0.000147322,-0.000177089,-0.000205519,-0.000231431,-0.000253826,-0.000271799,-0.000284565,-0.00029149,-0.000292087,-0.000286197,-0.000273956,-0.000255946,-0.000232995,-0.000206399,-0.00017739,-0.000147454,-0.000118135,-9.11534e-05,-6.79847e-05
-6.45954e-05,-8.81413e-05,-0.000115149,-0.000144167,-0.000173398,-0.000201323,-0.000226775,-0.00024877,-0.000266417,-0.00027895,-0.000285735,-0.000286301,-0.000280487,-0.00026844,-0.000250725,-0.000228168,-0.000202045,-0.000173567,-0.000144193,-0.000115456,-8.90372e-05,-6.6384e-05
-6.31196e-05,-8.61713e-05,-0.00011266,-0.000141142,-0.000169858,-0.000197299,-0.000222298,-0.000243899,-0.000261246,-0.000273563,-0.000280185,-0.000280749,-0.000274999,-0.000263137,-0.00024571,-0.000223534,-0.000197859,-0.000169893,-0.00014106,-0.000112888,-8.70114e-05,-6.48587e-05
-6.16542e-05,-8.42569e-05,-0.000110204,-0.000138152,-0.000166347,-0.000193298,-0.000217889,-0.000239129,-0.000256141,-0.000268217,-0.000274741,-0.000275251,-0.00026958,-0.000257909,-0.000240763,-0.000218963,-0.000193733,-0.000166299,-0.000137986,-0.000110349,-8.50279e-05,-6.33549e-05
-6.02023e-05,-8.23385e-05,-0.000107794,-0.000135213,-0.000162899,-0.000189377,-0.000213532,-0.000234395,-0.000251116,-0.000262963,-0.00026937,-0.000269834,-0.000264249,-0.000252737,-0.000235862,-0.000214472,-0.000189676,-0.00016273,-0.000134977,-0.000107862,-8.30663e-05,-6.1875e-05
-5.87855e-05,-8.04452e-05,-0.000105391,-0.000132297,-0.000159477,-0.000185485,-0.000209201,-0.000229686,-0.000246104,-0.000257734,-0.000263993,-0.000264444,-0.000258929,-0.000247616,-0.000231039,-0.000209984,-0.00018563,-0.000159183,-0.000131969,-0.000105398,-8.1126e-05,-6.0411e-05
-5.74251e-05,-7.86257e-05,-0.000103063,-0.00012946,-0.000156158,-0.000181714,-0.000204993,-0.000225118,-0.000241241,-0.000252654,-0.000258798,-0.000259215,-0.000253774,-0.000242637,-0.00022633,-0.000205645,-0.000181735,-0.000155768,-0.000129038,-0.000103022,-7.92554e-05,-5.89995e-05
-5.60953e-05,-7.68464e-05,-0.000100819,-0.00012673,-0.000152945,-0.000178039,-0.000200922,-0.000220685,-0.000236527,-0.000247741,-0.000253742,-0.000254149,-0.000248776,-0.000237807,-0.000221763,-0.000201431,-0.000177944,-0.000152442,-0.000126223,-0.000100714,-7.7444e-05,-5.76364e-05
-5.48193e-05,-7.51563e-05,-9.86696e-05,-0.000124104,-0.000149861,-0.000174526,-0.000197037,-0.000216442,-0.000231999,-0.000243025,-0.00024892,-0.000249303,-0.000243998,-0.000233194,-0.000217403,-0.0001974,-0.000174323,-0.000149268,-0.000123531,-9.85144e-05,-7.57062e-05,-5.63243e-05
-5.35745e-05,-7.34772e-05,-9.65392e-05,-0.000121489,-0.000146794,-0.000171032,-0.000193131,-0.00021221,-0.000227515,-0.000238316,-0.000244098,-0.000244441,-0.000239215,-0.000228581,-0.000213048,-0.000193393,-0.000170699,-0.000146119,-0.000120847,-9.6316e-05,-7.40046e-05,-5.50445e-05
-5.23407e-05,-7.1833e-05,-9.44245e-05,-0.000118911,-0.000143762,-0.000167579,-0.000189299,-0.00020805,-0.000223052,-0.000233677,-0.000239333,-0.000239674,-0.000234508,-0.000224044,-0.000208766,-0.000189426,-0.000167147,-0.000142988,-0.000118204,-9.41691e-05,-7.23045e-05,-5.37729e-05
-5.11464e-05,-7.02347e-05,-9.23943e-05,-0.000116441,-0.000140854,-0.000164256,-0.000185594,-0.000204009,-0.000218774,-0.000229202,-0.00023474,-0.00023506,-0.000229965,-0.000219656,-0.000204627,-0.000185615,-0.000163717,-0.000139983,-0.000115658,-9.21001e-05,-7.06759e-05,-5.256e-05
-4.99689e-05,-6.86775e-05,-9.04015e-05,-0.000114001,-0.000137972,-0.000160968,-0.000181949,-0.000200053,-0.000214548,-0.000224784,-0.000230222,-0.000230514,-0.000225479,-0.000215323,-0.00020054,-0.000181856,-0.00016034,-0.000137042,-0.000113168,-9.00485e-05,-6.90875e-05,-5.13453e-05
-4.88274e-05,-6.71449e-05,-8.84395e-05,-0.000111589,-0.000135144,-0.000157738,-0.000178351,-0.000196146,-0.000210386,-0.000220424,-0.000225771,-0.000226026,-0.000221077,-0.000211082,-0.000196525,-0.000178163,-0.000157021,-0.000134128,-0.000110719,-8.80497e-05,-6.75215e-05,-5.01839e-05
-4.77301e-05,-6.5679e-05,-8.65719e-05,-0.000109298,-0.000132444,-0.00015465,-0.000174912,-0.000192402,-0.000206404,-0.000216279,-0.000221506,-0.000221749,-0.000216854,-0.000207009,-0.000192689,-0.000174636,-0.000153843,-0.000131375,-0.000108367,-8.61414e-05,-6.60285e-05,-4.90701e-05
-4.66592e-05,-6.42311e-05,-8.47074e-05,-0.000107033,-0.000129759,-0.000151593,-0.000171504,-0.0001887,-0.000202448,-0.000212136,-0.000217273,-0.00021749,-0.000212661,-0.000202971,-0.000188886,-0.000171113,-0.000150702,-0.000128611,-0.000106049,-8.4249e-05,-6.45518e-05,-4.7965e-05
-4.56123e-05,-6.28317e-05,-8.29038e-05,-0.000104814,-0.000127148,-0.000148612,-0.00016818,-0.000185082,-0.000198596,-0.000208103,-0.000213151,-0.000213339,-0.000208582,-0.000199037,-0.000185178,-0.000167702,-0.000147639,-0.000125943,-0.000103783,-8.24103e-05,-6.31226e-05,-4.68851e-05
-4.45879e-05,-6.14516e-05,-8.11593e-05,-0.000102665,-0.000124612,-0.000145703,-0.000164947,-0.000181566,-0.000194845,-0.000204204,-0.000209123,-0.000209324,-0.00020461,-0.000195207,-0.000181569,-0.000164382,-0.000144658,-0.00012335,-0.000101595,-8.06325e-05,-6.17332e-05,-4.58508e-05
-4.35961e-05,-6.01174e-05,-7.94364e-05,-0.00010054,-0.000122107,-0.000142837,-0.000161772,-0.00017811,-0.000191142,-0.000200335,-0.000205169,-0.000205352,-0.000200696,-0.000191447,-0.000178031,-0.000161104,-0.000141724,-0.000120785,-9.94345e-05,-7.88738e-05,-6.03669e-05,-4.48267e-05
-4.26037e-05,-5.87879e-05,-7.77324e-05,-9.84542e-05,-0.00011963,-0.000140011,-0.00015861,-0.000174669,-0.000187489,-0.000196511,-0.00020126,-0.000201404,-0.000196822,-0.0001877,-0.000174501,-0.000157878,-0.000138824,-0.000118265,-9.73081e-05,-7.71429e-05,-5.90226e-05,-4.3814e-05
-4.16466e-05,-5.75095e-05,-7.60864e-05,-9.64312e-05,-0.000117235,-0.000137269,-0.000155561,-0.000171336,-0.000183937,-0.000192802,-0.000197463,-0.00019759,-0.000193066,-0.00018408,-0.00017109,-0.000154747,-0.000136014,-0.000115816,-9.52436e-05,-7.54746e-05,-5.77181e-05,-4.28447e-05
-4.07252e-05,-5.6264e-05,-7.44824e-05,-9.44632e-05,-0.000114909,-0.000134601,-0.000152582,-0.000168087,-0.000180485,-0.000189186,-0.000193765,-0.000193865,-0.00018941,-0.000180564,-0.000167771,-0.000151703,-0.000133285,-0.000113437,-9.32358e-05,-7.38507e-05,-5.64586e-05,-4.19055e-05
-3.98407e-05,-5.50637e-05,-7.29361e-05,-9.25614e-05,-0.000112654,-0.000132019,-0.000149697,-0.000164944,-0.000177142,-0.000185688,-0.00019018,-0.000190261,-0.00018587,-0.00017715,-0.000164556,-0.000148752,-0.000130642,-0.000111134,-9.12962e-05,-7.22849e-05,-5.52408e-05,-4.09931e-05
-3.89415e-05,-5.38587e-05,-7.13811e-05,-9.0636e-05,-0.000110377,-0.000129415,-0.000146799,-0.000161788,-0.000173762,-0.000182167,-0.000186566,-0.000186646,-0.000182302,-0.000173719,-0.000161328,-0.00014578,-0.000127987,-0.000108827,-8.93565e-05,-7.0709e-05,-5.4016e-05,-4.00849e-05
-3.80936e-05,-5.27082e-05,-6.99145e-05,-8.88171e-05,-0.000108222,-0.000126936,-0.000144042,-0.000158783,-0.000170553,-0.000178819,-0.000183136,-0.0001832,-0.000178913,-0.000170452,-0.000158245,-0.000142958,-0.000125462,-0.000106632,-8.75121e-05,-6.92147e-05,-5.28618e-05,-3.92235e-05
-3.72427e-05,-5.15589e-05,-6.8422e-05,-8.69835e-05,-0.000106047,-0.000124447,-0.000141252,-0.00015575,-0.000167323,-0.000175435,-0.000179669,-0.000179714,-0.000175485,-0.000167154,-0.000155152,-0.00014011,-0.000122914,-0.000104419,-8.56515e-05,-6.77092e-05,-5.16945e-05,-3.83544e-05
-3.64402e-05,-5.04728e-05,-6.70101e-05,-8.52378e-05,-0.000103976,-0.000122077,-0.000138601,-0.000152868,-0.000164245,-0.000172213,-0.000176373,-0.0001764,-0.000172227,-0.00016402,-0.000152207,-0.000137409,-0.000120495,-0.000102324,-8.38839e-05,-6.62853e-05,-5.0592e-05,-3.75423e-05
-3.56361e-05,-4.9391e-05,-6.56193e-05,-8.35189e-05,-0.000101934,-0.000119725,-0.000135987,-0.000150013,-0.0001612,-0.000169039,-0.000173112,-0.00017313,-0.000169009,-0.00016092,-0.000149294,-0.000134733,-0.000118107,-0.000100243,-8.21385e-05,-6.48745e-05,-4.95019e-05,-3.67313e-05
-3.48635e-05,-4.83454e-05,-6.42712e-05,-8.18493e-05,-9.9947e-05,-0.000117452,-0.000133445,-0.000147237,-0.000158237,-0.00016594,-0.000169942,-0.000169947,-0.000165879,-0.000157907,-0.000146462,-0.000132141,-0.000115785,-9.82332e-05,-8.04548e-05,-6.35182e-05,-4.84487e-05,-3.59398e-05
-3.41115e-05,-4.73212e-05,-6.2942e-05,-8.02059e-05,-9.79993e-05,-0.000115209,-0.000130937,-0.000144507,-0.000155331,-0.000162894,-0.000166819,-0.000166812,-0.000162801,-0.000154954,-0.000143685,-0.000129584,-0.000113501,-9.62492e-05,-7.87969e-05,-6.2176e-05,-4.74109e-05,-3.51553e-05
-3.33665e-05,-4.63129e-05,-6.16389e-05,-7.8588e-05,-9.60758e-05,-0.000112998,-0.000128473,-0.000141812,-0.000152447,-0.000159892,-0.000163742,-0.000163723,-0.00015976,-0.000152027,-0.000140929,-0.000127069,-0.000111262,-9.43088e-05,-7.71597e-05,-6.08639e-05,-4.63991e-05,-3.44171e-05
-3.26503e-05,-4.53415e-05,-6.03771e-05,-7.70337e-05,-9.42264e-05,-0.000110868,-0.000126085,-0.000139206,-0.00014968,-0.000156986,-0.000160765,-0.000160732,-0.00015683,-0.000149207,-0.000138283,-0.000124636,-0.000109095,-9.24206e-05,-7.55864e-05,-5.95989e-05,-4.54199e-05,-3.36918e-05
-3.19357e-05,-4.437e-05,-5.91203e-05,-7.54703e-05,-9.23623e-05,-0.000108728,-0.000123697,-0.000136608,-0.000146896,-0.000154082,-0.00015779,-0.000157746,-0.00015389,-0.000146381,-0.000135629,-0.000122211,-0.000106924,-9.05477e-05,-7.4014e-05,-5.83287e-05,-4.44424e-05,-3.29658e-05
-3.12546e-05,-4.34395e-05,-5.7911e-05,-7.39684e-05,-9.05753e-05,-0.000106672,-0.0001214,-0.000134098,-0.00014422,-0.00015128,-0.00015492,-0.000154867,-0.000151061,-0.000143662,-0.000133073,-0.00011987,-0.000104838,-8.87398e-05,-7.25016e-05,-5.71125e-05,-4.35053e-05,-3.2269e-05
-3.05823e-05,-4.25407e-05,-5.67422e-05,-7.25163e-05,-8.88431e-05,-0.000104677,-0.000119173,-0.00013167,-0.000141621,-0.000148566,-0.000152142,-0.000152075,-0.000148319,-0.000141025,-0.000130597,-0.000117608,-0.000102815,-8.69905e-05,-7.10463e-05,-5.59348e-05,-4.25999e-05,-3.15972e-05
-2.99286e-05,-4.16408e-05,-5.5576e-05,-7.1063e-05,-8.71135e-05,-0.000102689,-0.000116944,-0.000129239,-0.000139028,-0.000145854,-0.000149359,-0.000149286,-0.000145578,-0.000138394,-0.000128126,-0.000115346,-0.000100799,-8.52476e-05,-6.95846e-05,-5.47689e-05,-4.16971e-05,-3.09279e-05
-2.93009e-05,-4.07883e-05,-5.44624e-05,-6.96783e-05,-8.54607e-05,-0.000100788,-0.000114815,-0.000126916,-0.000136545,-0.000143257,-0.000146704,-0.000146619,-0.000142953,-0.000135871,-0.000125765,-0.000113183,-9.88747e-05,-8.35842e-05,-6.81919e-05,-5.36537e-05,-4.08409e-05,-3.02764e-05
-2.86667e-05,-3.99235e-05,-5.3343e-05,-6.82876e-05,-8.37966e-05,-9.88682e-05,-0.000112668,-0.000124568,-0.000134043,-0.000140639,-0.000144017,-0.000143923,-0.000140312,-0.000133336,-0.000123384,-0.000111004,-9.69322e-05,-8.19052e-05,-6.67892e-05,-5.2528e-05,-3.99757e-05,-2.96479e-05
-2.80568e-05,-3.91024e-05,-5.22733e-05,-6.69539e-05,-8.22033e-05,-9.70305e-05,-0.00011061,-0.000122322,-0.000131647,-0.000138133,-0.000141452,-0.000141346,-0.000137779,-0.000130901,-0.000121096,-0.000108921,-9.50718e-05,-8.0306e-05,-6.54542e-05,-5.14556e-05,-3.91509e-05,-2.90389e-05
-2.74737e-05,-3.82924e-05,-5.12164e-05,-6.56409e-05,-8.06344e-05,-9.52251e-05,-0.000108588,-0.000120112,-0.000129282,-0.000135661,-0.00013892,-0.00013881,-0.000135285,-0.000128509,-0.000118859,-0.000106866,-9.32477e-05,-7.87197e-05,-6.41347e-05,-5.03992e-05,-3.83389e-05,-2.84552e-05
-2.68957e-05,-3.74973e-05,-5.01803e-05,-6.43476e-05,-7.90884e-05,-9.34402e-05,-0.000106589,-0.00011793,-0.000126949,-0.000133225,-0.000136419,-0.0001363,-0.000132823,-0.000126147,-0.000116642,-0.000104843,-9.14456e-05,-7.71687e-05,-6.28403e-05,-4.93644e-05,-3.75418e-05,-2.7851e-05
-2.63268e-05,-3.6733e-05,-4.9181e-05,-6.30993e-05,-7.75965e-05,-9.17137e-05,-0.000104657,-0.000115817,-0.000124694,-0.000130863,-0.000134001,-0.000133877,-0.000130445,-0.000123863,-0.000114504,-0.000102884,-8.97077e-05,-7.56619e-05,-6.15918e-05,-4.83651e-05,-3.67735e-05,-2.72818e-05
-2.57763e-05,-3.59803e-05,-4.81975e-05,-6.18728e-05,-7.61259e-05,-9.00176e-05,-0.000102756,-0.00011374,-0.000122478,-0.000128545,-0.000131625,-0.000131486,-0.0001281,-0.000121614,-0.000112396,-0.000100964,-8.79981e-05,-7.41872e-05,-6.03642e-05,-4.73806e-05,-3.60218e-05,-2.67236e-05
-2.52404e-05,-3.52349e-05,-4.7226e-05,-6.0657e-05,-7.46719e-05,-8.83381e-05,-0.000100874,-0.000111683,-0.000120277,-0.000126244,-0.000129268,-0.000129124,-0.000125781,-0.000119387,-0.000110309,-9.906e-05,-8.63046e-05,-7.27319e-05,-5.91485e-05,-4.6411e-05,-3.52803e-05,-2.61752e-05
-2.47117e-05,-3.45233e-05,-4.62933e-05,-5.94919e-05,-7.32769e-05,-8.67268e-05,-9.90677e-05,-0.000109706,-0.000118163,-0.000124031,-0.000127008,-0.000126854,-0.000123554,-0.000117246,-0.000108307,-9.72308e-05,-8.46793e-05,-7.13326e-05,-5.79856e-05,-4.54842e-05,-3.45657e-05,-2.56455e-05
-2.41929e-05,-3.38108e-05,-4.5361e-05,-5.83264e-05,-7.18771e-05,-8.51079e-05,-9.72513e-05,-0.000107722,-0.000116043,-0.000121814,-0.000124731,-0.000124574,-0.000121315,-0.000115103,-0.000106297,-9.53977e-05,-8.30529e-05,-6.99317e-05,-5.68204e-05,-4.45534e-05,-3.38544e-05,-2.51218e-05
-2.36955e-05,-3.31294e-05,-4.44689e-05,-5.72093e-05,-7.05368e-05,-8.35581e-05,-9.55126e-05,-0.000105823,-0.000114015,-0.000119689,-0.000122557,-0.000122392,-0.000119176,-0.000113054,-0.000104373,-9.36428e-05,-8.14948e-05,-6.85895e-05,-5.57075e-05,-4.36678e-05,-3.31711e-05,-2.45998e-05
-2.32085e-05,-3.24592e-05,-4.35907e-05,-5.61115e-05,-6.92185e-05,-8.20334e-05,-9.37982e-05,-0.000103947,-0.000112011,-0.000117592,-0.00012041,-0.000120234,-0.000117063,-0.000111027,-0.000102479,-9.1912e-05,-7.99644e-05,-6.72701e-05,-5.46122e-05,-4.27928e-05,-3.25063e-05,-2.41256e-05
-2.27206e-05,-3.17996e-05,-4.27269e-05,-5.50262e-05,-6.79157e-05,-8.05249e-05,-9.21072e-05,-0.000102098,-0.000110032,-0.000115525,-0.000118287,-0.000118113,-0.000114977,-0.000109024,-0.000100608,-9.02097e-05,-7.84486e-05,-6.59691e-05,-5.35303e-05,-4.19325e-05,-3.1846e-05,-2.36403e-05
-2.22617e-05,-3.11604e-05,-4.18882e-05,-5.39722e-05,-6.66491e-05,-7.90601e-05,-9.04638e-05,-0.000100298,-0.000108105,-0.00011351,-0.000116222,-0.000116044,-0.000112945,-0.00010708,-9.87905e-05,-8.855e-05,-7.69782e-05,-6.47037e-05,-5.24813e-05,-4.10982e-05,-3.12088e-05,-2.31671e-05
-2.18054e-05,-3.0536e-05,-4.10681e-05,-5.29424e-05,-6.54123e-05,-7.76254e-05,-8.88525e-05,-9.85373e-05,-0.000106222,-0.000111541,-0.000114207,-0.000114019,-0.000110963,-0.000105176,-9.70122e-05,-8.69303e-05,-7.55422e-05,-6.3471e-05,-5.14582e-05,-4.02825e-05,-3.05884e-05,-2.27093e-05
-2.13607e-05,-2.99236e-05,-4.02639e-05,-5.19346e-05,-6.41953e-05,-7.62159e-05,-8.72704e-05,-9.68074e-05,-0.000104373,-0.000109603,-0.00011222,-0.000112028,-0.000109008,-0.000103308,-9.5261e-05,-8.53371e-05,-7.41272e-05,-6.22584e-05,-5.04527e-05,-3.94828e-05,-2.99766e-05,-2.22777e-05
-2.09241e-05,-2.93237e-05,-3.94748e-05,-5.09436e-05,-6.30077e-05,-7.48364e-05,-8.57205e-05,-9.51044e-05,-0.000102554,-0.0001077,-0.000110273,-0.000110075,-0.000107093,-0.000101473,-9.35471e-05,-8.37764e-05,-7.27466e-05,-6.10702e-05,-4.94709e-05,-3.87038e-05,-2.93796e-05,-2.18185e-05
-2.0499e-05,-2.87395e-05,-3.87094e-05,-4.9981e-05,-6.18435e-05,-7.34918e-05,-8.42082e-05,-9.3448e-05,-0.000100781,-0.000105847,-0.000108373,-0.00010817,-0.000105227,-9.96856e-05,-9.18751e-05,-8.22549e-05,-7.13969e-05,-5.99135e-05,-4.85137e-05,-3.79454e-05,-2.87967e-05,-2.13689e-05
-2.00799e-05,-2.81637e-05,-3.79502e-05,-4.9023e-05,-6.06916e-05,-7.21524e-05,-8.27011e-05,-9.1801e-05,-9.90178e-05,-0.000104002,-0.000106484,-0.000106274,-0.000103371,-9.79065e-05,-9.02142e-05,-8.07436e-05,-7.0059e-05,-5.87656e-05,-4.75653e-05,-3.7191e-05,-2.82236e-05,-2.09632e-05
-1.9665e-05,-2.76047e-05,-3.72124e-05,-4.80968e-05,-5.95758e-05,-7.08567e-05,-8.12445e-05,-9.02028e-05,-9.7311e-05,-0.000102214,-0.000104649,-0.000104439,-0.00010157,-9.61834e-05,-8.8604e-05,-7.92782e-05,-6.87646e-05,-5.76541e-05,-4.66477e-05,-3.64594e-05,-2.76704e-05,-2.05544e-05
-1.92809e-05,-2.70593e-05,-3.64956e-05,-4.71969e-05,-5.84866e-05,-6.95914e-05,-7.98218e-05,-8.86452e-05,-9.56448e-05,-0.00010047,-0.000102867,-0.000102649,-9.98165e-05,-9.45061e-05,-8.70348e-05,-7.78505e-05,-6.74997e-05,-5.65734e-05,-4.57532e-05,-3.57545e-05,-2.71277e-05,-2.0158e-05
-1.88981e-05,-2.65223e-05,-3.57879e-05,-4.63009e-05,-5.74092e-05,-6.83391e-05,-7.84134e-05,-8.7102e-05,-9.39904e-05,-9.87403e-05,-0.000101093,-0.000100872,-9.80761e-05,-9.28392e-05,-8.54811e-05,-7.64393e-05,-6.62508e-05,-5.55021e-05,-4.48699e-05,-3.50519e-05,-2.65966e-05,-1.97619e-05
-1.85097e-05,-2.60004e-05,-3.50979e-05,-4.54308e-05,-5.63564e-05,-6.71175e-05,-7.70368e-05,-8.55943e-05,-9.23772e-05,-9.70516e-05,-9.93634e-05,-9.91371e-05,-9.63757e-05,-9.12126e-05,-8.39621e-05,-7.50582e-05,-6.50312e-05,-5.44586e-05,-4.4007e-05,-3.43704e-05,-2.60752e-05,-1.93779e-05
-1.81423e-05,-2.54962e-05,-3.44279e-05,-4.45902e-05,-5.53375e-05,-6.59323e-05,-7.57057e-05,-8.41361e-05,-9.08147e-05,-9.54171e-05,-9.76882e-05,-9.746e-05,-9.47316e-05,-8.96394e-05,-8.24927e-05,-7.37249e-05,-6.38523e-05,-5.3449e-05,-4.31744e-05,-3.37084e-05,-2.55739e-05,-1.90091e-05
-1.77895e-05,-2.49943e-05,-3.37693e-05,-4.37556e-05,-5.43332e-05,-6.4763e-05,-7.43858e-05,-8.26901e-05,-8.92681e-05,-9.37971e-05,-9.60301e-05,-9.5797e-05,-9.31046e-05,-8.80834e-05,-8.10403e-05,-7.24027e-05,-6.26868e-05,-5.24512e-05,-4.23544e-05,-3.30607e-05,-2.50779e-05,-1.86443e-05
-1.74295e-05,-2.45044e-05,-3.31226e-05,-4.29396e-05,-5.33447e-05,-6.36095e-05,-7.30894e-05,-8.12679e-05,-8.77454e-05,-9.21986e-05,-9.43965e-05,-9.41612e-05,-9.15003e-05,-8.65505e-05,-7.96104e-05,-7.11035e-05,-6.15372e-05,-5.14703e-05,-4.1545e-05,-3.24207e-05,-2.45915e-05,-1.82864e-05
-1.70796e-05,-2.40259e-05,-3.24908e-05,-4.21379e-05,-5.23711e-05,-6.24837e-05,-7.1816e-05,-7.98744e-05,-8.62515e-05,-9.06386e-05,-9.27955e-05,-9.25559e-05,-8.99305e-05,-8.5047e-05,-7.82109e-05,-6.98325e-05,-6.04152e-05,-5.05133e-05,-4.07558e-05,-3.17967e-05,-2.41172e-05,-1.79349e-05
-1.67422e-05,-2.35588e-05,-3.18739e-05,-4.1357e-05,-5.14271e-05,-6.13834e-05,-7.05759e-05,-7.85112e-05,-8.47963e-05,-8.91144e-05,-9.12324e-05,-9.09914e-05,-8.83962e-05,-8.35837e-05,-7.68454e-05,-6.85914e-05,-5.93215e-05,-4.9576e-05,-3.99852e-05,-3.11873e-05,-2.36552e-05,-1.76134e-05
-1.64109e-05,-2.31023e-05,-3.12657e-05,-4.05883e-05,-5.04991e-05,-6.02975e-05,-6.93549e-05,-7.71732e-05,-8.33588e-05,-8.7611e-05,-8.96928e-05,-8.94491e-05,-8.68888e-05,-8.21372e-05,-7.54989e-05,-6.73742e-05,-5.82444e-05,-4.86556e-05,-3.92304e-05,-3.05919e-05,-2.32016e-05,-1.7256e-05
-1.6091e-05,-2.26589e-05,-3.06777e-05,-3.98457e-05,-4.95963e-05,-5.92456e-05,-6.81697e-05,-7.58713e-05,-8.19656e-05,-8.61521e-05,-8.81964e-05,-8.79492e-05,-8.54226e-05,-8.07379e-05,-7.41925e-05,-6.61899e-05,-5.71992e-05,-4.77645e-05,-3.84985e-05,-3.0012e-05,-2.2764e-05,-1.69329e-05
-1.57738e-05,-2.22197e-05,-3.00991e-05,-3.91092e-05,-4.87045e-05,-5.82048e-05,-6.69937e-05,-7.45819e-05,-8.05827e-05,-8.47052e-05,-8.6717e-05,-8.6467e-05,-8.39724e-05,-7.9352e-05,-7.2901e-05,-6.50176e-05,-5.6166e-05,-4.68828e-05,-3.77742e-05,-2.94421e-05,-2.23288e-05,-1.66127e-05
-1.5468e-05,-2.17966e-05,-2.95366e-05,-3.8399e-05,-4.7843e-05,-5.72002e-05,-6.58614e-05,-7.33377e-05,-7.9254e-05,-8.3309e-05,-8.52873e-05,-8.50398e-05,-8.25688e-05,-7.80117e-05,-7.16565e-05,-6.38849e-05,-5.5171e-05,-4.60333e-05,-3.70752e-05,-2.88897e-05,-2.19112e-05,-1.63054e-05
-1.51624e-05,-2.13711e-05,-2.89722e-05,-3.76807e-05,-4.69703e-05,-5.61832e-05,-6.47125e-05,-7.20767e-05,-7.79008e-05,-8.18955e-05,-8.38401e-05,-8.3585e-05,-8.11515e-05,-7.66563e-05,-7.03901e-05,-6.27418e-05,-5.41624e-05,-4.51752e-05,-3.63716e-05,-2.83371e-05,-2.1489e-05,-1.59947e-05
-1.48697e-05,-2.09676e-05,-2.84355e-05,-3.70021e-05,-4.61464e-05,-5.52193e-05,-6.36255e-05,-7.08839e-05,-7.66229e-05,-8.05606e-05,-8.2469e-05,-8.22147e-05,-7.98053e-05,-7.53727e-05,-6.91947e-05,-6.16594e-05,-5.32107e-05,-4.43631e-05,-3.57037e-05,-2.78097e-05,-2.10925e-05,-1.57022e-05
-1.45797e-05,-2.05655e-05,-2.79e-05,-3.63226e-05,-4.53185e-05,-5.42555e-05,-6.25335e-05,-6.96873e-05,-7.53364e-05,-7.92126e-05,-8.10899e-05,-8.08331e-05,-7.84559e-05,-7.4082e-05,-6.79944e-05,-6.05719e-05,-5.22521e-05,-4.35473e-05,-3.50356e-05,-2.72857e-05,-2.06918e-05,-1.53816e-05
-1.42972e-05,-2.01727e-05,-2.7379e-05,-3.5661e-05,-4.45144e-05,-5.33113e-05,-6.14687e-05,-6.85152e-05,-7.4084e-05,-7.78976e-05,-7.97464e-05,-7.94845e-05,-7.71411e-05,-7.2828e-05,-6.68269e-05,-5.95121e-05,-5.13172e-05,-4.27542e-05,-3.43887e-05,-2.67736e-05,-2.03037e-05,-1.51201e-05
-1.40107e-05,-1.97884e-05,-2.68698e-05,-3.50097e-05,-4.3723e-05,-5.23893e-05,-6.04244e-05,-6.73689e-05,-7.28568e-05,-7.66113e-05,-7.84261e-05,-7.81683e-05,-7.585e-05,-7.15938e-05,-6.56807e-05,-5.8473e-05,-5.04058e-05,-4.19769e-05,-3.37508e-05,-2.62732e-05,-1.9925e-05,-1.48377e-05
-1.37545e-05,-1.94193e-05,-2.63772e-05,-3.4387e-05,-4.29645e-05,-5.15008e-05,-5.94224e-05,-6.62652e-05,-7.16745e-05,-7.53726e-05,-7.71596e-05,-7.68968e-05,-7.46061e-05,-7.04087e-05,-6.45796e-05,-5.7474e-05,-4.95277e-05,-4.12297e-05,-3.31395e-05,-2.57893e-05,-1.95618e-05,-1.45693e-05
-1.34979e-05,-1.90523e-05,-2.58874e-05,-3.37624e-05,-4.22031e-05,-5.0613e-05,-5.84176e-05,-6.5163e-05,-7.04882e-05,-7.41362e-05,-7.58944e-05,-7.56262e-05,-7.33663e-05,-6.92258e-05,-6.34727e-05,-5.64787e-05,-4.8656e-05,-4.04858e-05,-3.2531e-05,-2.53126e-05,-1.91961e-05,-1.43019e-05
-1.32286e-05,-1.86874e-05,-2.54062e-05,-3.3148e-05,-4.14534e-05,-4.97346e-05,-5.74246e-05,-6.40692e-05,-6.93175e-05,-7.29056e-05,-7.46312e-05,-7.43663e-05,-7.21353e-05,-6.80503e-05,-6.23843e-05,-5.54901e-05,-4.77838e-05,-3.9748e-05,-3.19273e-05,-2.48384e-05,-1.884e-05,-1.40376e-05
-1.29756e-05,-1.83371e-05,-2.49358e-05,-3.25499e-05,-4.07247e-05,-4.88824e-05,-5.64586e-05,-6.30086e-05,-6.81798e-05,-7.17145e-05,-7.3413e-05,-7.31471e-05,-7.09408e-05,-6.69124e-05,-6.13234e-05,-5.45315e-05,-4.6943e-05,-3.90325e-05,-3.13428e-05,-2.4382e-05,-1.84904e-05,-1.37839e-05
-1.27264e-05,-1.799e-05,-2.44764e-05,-3.19638e-05,-4.00099e-05,-4.80417e-05,-5.55104e-05,-6.19623e-05,-6.70599e-05,-7.054e-05,-7.22077e-05,-7.19421e-05,-6.97608e-05,-6.57899e-05,-6.02829e-05,-5.35887e-05,-4.61142e-05,-3.8332e-05,-3.07691e-05,-2.39297e-05,-1.81488e-05,-1.35299e-05
-1.24847e-05,-1.76553e-05,-2.4029e-05,-3.13901e-05,-3.93067e-05,-4.72235e-05,-5.45821e-05,-6.0944e-05,-6.59649e-05,-6.93945e-05,-7.10347e-05,-7.07698e-05,-6.86151e-05,-6.46963e-05,-5.9265e-05,-5.26717e-05,-4.53101e-05,-3.76485e-05,-3.021e-05,-2.34926e-05,-1.78163e-05,-1.32852e-05
-1.2237e-05,-1.73268e-05,-2.35905e-05,-3.08318e-05,-3.86276e-05,-4.64223e-05,-5.36756e-05,-5.99479e-05,-6.48983e-05,-6.82782e-05,-6.9889e-05,-6.96228e-05,-6.74955e-05,-6.36278e-05,-5.82729e-05,-5.17765e-05,-4.45251e-05,-3.69794e-05,-2.96654e-05,-2.30642e-05,-1.74927e-05,-1.30479e-05
-1.20146e-05,-1.70019e-05,-2.31549e-05,-3.02788e-05,-3.79517e-05,-4.56276e-05,-5.27774e-05,-5.89584e-05,-6.38333e-05,-6.71623e-05,-6.8747e-05,-6.84809e-05,-6.63787e-05,-6.25632e-05,-5.72855e-05,-5.08832e-05,-4.37386e-05,-3.63171e-05,-2.91248e-05,-2.26416e-05,-1.71736e-05,-1.2809e-05
-1.17884e-05,-1.66873e-05,-2.27338e-05,-2.97413e-05,-3.72951e-05,-4.48546e-05,-5.19022e-05,-5.7996e-05,-6.28019e-05,-6.60806e-05,-6.76431e-05,-6.73716e-05,-6.52993e-05,-6.15342e-05,-5.63273e-05,-5.00182e-05,-4.29811e-05,-3.56729e-05,-2.86013e-05,-2.22311e-05,-1.68629e-05,-1.2579e-05
-1.15676e-05,-1.63768e-05,-2.23234e-05,-2.9214e-05,-3.66492e-05,-4.41011e-05,-5.10456e-05,-5.705e-05,-6.17893e-05,-6.50206e-05,-6.65556e-05,-6.6284e-05,-6.42322e-05,-6.05203e-05,-5.53856e-05,-4.91667e-05,-4.22377e-05,-3.50454e-05,-2.80867e-05,-2.18292e-05,-1.65578e-05,-1.23523e-05
-1.13524e-05,-1.60761e-05,-2.19179e-05,-2.86967e-05,-3.60137e-05,-4.33569e-05,-5.01995e-05,-5.61249e-05,-6.07927e-05,-6.39752e-05,-6.54862e-05,-6.52149e-05,-6.31881e-05,-5.95268e-05,-5.44626e-05,-4.83366e-05,-4.15046e-05,-3.44275e-05,-2.75845e-05,-2.14341e-05,-1.62596e-05,-1.21371e-05
-1.11361e-05,-1.57777e-05,-2.15201e-05,-2.81863e-05,-3.53937e-05,-4.26241e-05,-4.93704e-05,-5.52104e-05,-5.981e-05,-6.29477e-05,-6.44345e-05,-6.41615e-05,-6.21628e-05,-5.85449e-05,-5.35556e-05,-4.75182e-05,-4.07917e-05,-3.38177e-05,-2.70909e-05,-2.10468e-05,-1.59669e-05,-1.19169e-05
-1.09287e-05,-1.54876e-05,-2.11329e-05,-2.76906e-05,-3.47848e-05,-4.19106e-05,-4.85593e-05,-5.43149e-05,-5.88516e-05,-6.19418e-05,-6.34031e-05,-6.31321e-05,-6.11518e-05,-5.75867e-05,-5.26667e-05,-4.6712e-05,-4.00882e-05,-3.32238e-05,-2.66063e-05,-2.06708e-05,-1.56818e-05,-1.17035e-05
-1.07266e-05,-1.52059e-05,-2.07541e-05,-2.72077e-05,-3.41937e-05,-4.12102e-05,-4.77659e-05,-5.34426e-05,-5.79165e-05,-6.09615e-05,-6.23995e-05,-6.21258e-05,-6.01728e-05,-5.66534e-05,-5.18011e-05,-4.5929e-05,-3.94027e-05,-3.2646e-05,-2.61364e-05,-2.0299e-05,-1.54025e-05,-1.1505e-05
-1.0524e-05,-1.49257e-05,-2.03777e-05,-2.67254e-05,-3.36e-05,-4.05156e-05,-4.69763e-05,-5.25705e-05,-5.69778e-05,-5.9979e-05,-6.13929e-05,-6.11246e-05,-5.91927e-05,-5.57199e-05,-5.0935e-05,-4.51497e-05,-3.87203e-05,-3.20697e-05,-2.5667e-05,-1.99338e-05,-1.51261e-05,-1.12926e-05
-1.03297e-05,-1.46533e-05,-2.00118e-05,-2.62576e-05,-3.30267e-05,-3.98416e-05,-4.62103e-05,-5.17268e-05,-5.60735e-05,-5.90282e-05,-6.04237e-05,-6.01489e-05,-5.82446e-05,-5.48157e-05,-5.00944e-05,-4.43956e-05,-3.80591e-05,-3.15093e-05,-2.52127e-05,-1.95794e-05,-1.48602e-05,-1.10955e-05
-1.01391e-05,-1.43899e-05,-1.96568e-05,-2.58023e-05,-3.24676e-05,-3.91837e-05,-4.54636e-05,-5.09034e-05,-5.51885e-05,-5.81038e-05,-5.94745e-05,-5.92014e-05,-5.73205e-05,-5.39349e-05,-4.92786e-05,-4.366e-05,-3.74172e-05,-3.09687e-05,-2.47718e-05,-1.92335e-05,-1.45976e-05,-1.08998e-05
-9.95198e-06,-1.41243e-05,-1.93051e-05,-2.53494e-05,-3.19122e-05,-3.85271e-05,-4.47186e-05,-5.008e-05,-5.43054e-05,-5.71752e-05,-5.85221e-05,-5.82532e-05,-5.63908e-05,-5.30553e-05,-4.8465e-05,-4.29248e-05,-3.67714e-05,-3.04249e-05,-2.43307e-05,-1.88918e-05,-1.43367e-05,-1.07104e-05
-9.7795e-06,-1.38725e-05,-1.89665e-05,-2.49133e-05,-3.13756e-05,-3.7895e-05,-4.39999e-05,-4.92881e-05,-5.34552e-05,-5.62846e-05,-5.76106e-05,-5.73372e-05,-5.55019e-05,-5.22115e-05,-4.76772e-05,-4.22177e-05,-3.61546e-05,-2.99036e-05,-2.39088e-05,-1.85601e-05,-1.40893e-05,-1.05288e-05
-9.58976e-06,-1.36216e-05,-1.86287e-05,-2.44816e-05,-3.08421e-05,-3.72685e-05,-4.32881e-05,-4.85028e-05,-5.26119e-05,-5.53994e-05,-5.67034e-05,-5.64355e-05,-5.46149e-05,-5.13696e-05,-4.68973e-05,-4.15182e-05,-3.55431e-05,-2.93896e-05,-2.34908e-05,-1.82332e-05,-1.38417e-05,-1.03435e-05
-9.41395e-06,-1.3375e-05,-1.8296e-05,-2.40531e-05,-3.03186e-05,-3.66477e-05,-4.25834e-05,-4.77253e-05,-5.17773e-05,-5.45241e-05,-5.58081e-05,-5.55366e-05,-5.37425e-05,-5.0537e-05,-4.61293e-05,-4.08234e-05,-3.4938e-05,-2.88776e-05,-2.30779e-05,-1.79107e-05,-1.35977e-05,-1.0168e-05
-9.24086e-06,-1.31332e-05,-1.79742e-05,-2.36393e-05,-2.98087e-05,-3.60474e-05,-4.18982e-05,-4.69722e-05,-5.09665e-05,-5.3676e-05,-5.49364e-05,-5.46703e-05,-5.28967e-05,-4.97298e-05,-4.53831e-05,-4.01535e-05,-3.4354e-05,-2.83864e-05,-2.26787e-05,-1.75983e-05,-1.33625e-05,-9.98899e-06
-9.07186e-06,-1.28959e-05,-1.76559e-05,-2.32295e-05,-2.93022e-05,-3.54508e-05,-4.12181e-05,-4.62194e-05,-5.01569e-05,-5.28258e-05,-5.40714e-05,-5.38015e-05,-5.20501e-05,-4.89253e-05,-4.46418e-05,-3.94803e-05,-3.37683e-05,-2.78928e-05,-2.22791e-05,-1.72885e-05,-1.3128e-05,-9.81312e-06
-8.90834e-06,-1.26664e-05,-1.73463e-05,-2.28318e-05,-2.88141e-05,-3.48712e-05,-4.05601e-05,-4.54899e-05,-4.93739e-05,-5.20058e-05,-5.32327e-05,-5.29583e-05,-5.12309e-05,-4.81485e-05,-4.39206e-05,-3.88325e-05,-3.3203e-05,-2.74172e-05,-2.18942e-05,-1.69888e-05,-1.28994e-05,-9.64699e-06
-8.74553e-06,-1.24394e-05,-1.70402e-05,-2.24378e-05,-2.83284e-05,-3.43008e-05,-3.99063e-05,-4.47699e-05,-4.86011e-05,-5.11942e-05,-5.24015e-05,-5.21328e-05,-5.04214e-05,-4.73782e-05,-4.32086e-05,-3.81936e-05,-3.26466e-05,-2.69486e-05,-2.15145e-05,-1.66927e-05,-1.26769e-05,-9.47681e-06
-8.58726e-06,-1.22162e-05,-1.67423e-05,-2.20522e-05,-2.78511e-05,-3.37366e-05,-3.9267e-05,-4.4065e-05,-4.78415e-05,-5.03968e-05,-5.15849e-05,-5.1316e-05,-4.96249e-05,-4.66227e-05,-4.25109e-05,-3.75653e-05,-3.21e-05,-2.64881e-05,-2.11415e-05,-1.64039e-05,-1.24589e-05,-9.31271e-06
-8.43032e-06,-1.19989e-05,-1.64485e-05,-2.16744e-05,-2.73865e-05,-3.31812e-05,-3.86375e-05,-4.33701e-05,-4.70936e-05,-4.96111e-05,-5.07797e-05,-5.05144e-05,-4.88451e-05,-4.58798e-05,-4.18219e-05,-3.69479e-05,-3.1562e-05,-2.60379e-05,-2.07758e-05,-1.61173e-05,-1.22434e-05,-9.15798e-06
-8.27911e-06,-1.17871e-05,-1.61615e-05,-2.13055e-05,-2.69312e-05,-3.26461e-05,-3.80238e-05,-4.26915e-05,-4.63643e-05,-4.88498e-05,-4.99975e-05,-4.97303e-05,-4.80811e-05,-4.51551e-05,-4.11511e-05,-3.63474e-05,-3.10383e-05,-2.55959e-05,-2.04199e-05,-1.58403e-05,-1.20327e-05,-9.00088e-06
-8.13016e-06,-1.15804e-05,-1.58819e-05,-2.09474e-05,-2.64855e-05,-3.21188e-05,-3.74231e-05,-4.20259e-05,-4.5648e-05,-4.80989e-05,-4.92307e-05,-4.89652e-05,-4.73342e-05,-4.44468e-05,-4.04989e-05,-3.57579e-05,-3.05233e-05,-2.51662e-05,-2.00707e-05,-1.55699e-05,-1.18294e-05,-8.84746e-06
-7.98185e-06,-1.13722e-05,-1.56038e-05,-2.05842e-05,-2.60405e-05,-3.15914e-05,-3.68219e-05,-4.13632e-05,-4.49348e-05,-4.73491e-05,-4.84633e-05,-4.81979e-05,-4.65897e-05,-4.37368e-05,-3.98424e-05,-3.51691e-05,-3.00136e-05,-2.47364e-05,-1.97244e-05,-1.52998e-05,-1.16255e-05,-8.70014e-06
-7.84398e-06,-1.11784e-05,-1.53416e-05,-2.02453e-05,-2.56223e-05,-3.10991e-05,-3.62604e-05,-4.07414e-05,-4.42667e-05,-4.66476e-05,-4.77433e-05,-4.74815e-05,-4.58887e-05,-4.30711e-05,-3.923e-05,-3.46156e-05,-2.95334e-05,-2.43324e-05,-1.93975e-05,-1.50461e-05,-1.14332e-05,-8.55265e-06
-7.70228e-06,-1.09785e-05,-1.5075e-05,-1.99009e-05,-2.51946e-05,-3.059e-05,-3.56775e-05,-4.00986e-05,-4.35763e-05,-4.59243e-05,-4.70037e-05,-4.67391e-05,-4.51686e-05,-4.23893e-05,-3.85957e-05,-3.40501e-05,-2.90419e-05,-2.39207e-05,-1.90648e-05,-1.4787e-05,-1.12367e-05,-8.4111e-06
-7.56169e-06,-1.0783e-05,-1.48088e-05,-1.95576e-05,-2.47707e-05,-3.00865e-05,-3.51038e-05,-3.94626e-05,-4.28907e-05,-4.52062e-05,-4.62678e-05,-4.60062e-05,-4.4453e-05,-4.17096e-05,-3.7969e-05,-3.34896e-05,-2.85529e-05,-2.35109e-05,-1.87357e-05,-1.45306e-05,-1.10447e-05,-8.26627e-06
-7.42948e-06,-1.05954e-05,-1.45557e-05,-1.92305e-05,-2.43681e-05,-2.96071e-05,-3.45553e-05,-3.88555e-05,-4.22375e-05,-4.45222e-05,-4.55673e-05,-4.53051e-05,-4.37688e-05,-4.10645e-05,-3.73735e-05,-3.29536e-05,-2.80843e-05,-2.31199e-05,-1.84222e-05,-1.42841e-05,-1.08586e-05,-8.12815e-06
-7.29764e-06,-1.04117e-05,-1.43084e-05,-1.89082e-05,-2.39712e-05,-2.91371e-05,-3.40185e-05,-3.82616e-05,-4.15973e-05,-4.38507e-05,-4.48812e-05,-4.46185e-05,-4.31041e-05,-4.04281e-05,-3.67871e-05,-3.24292e-05,-2.76316e-05,-2.27372e-05,-1.81141e-05,-1.40455e-05,-1.06779e-05,-7.9895e-06
-7.16944e-06,-1.02328e-05,-1.40666e-05,-1.85967e-05,-2.358e-05,-2.86752e-05,-3.34914e-05,-3.76774e-05,-4.09686e-05,-4.31903e-05,-4.4204e-05,-4.39453e-05,-4.24458e-05,-3.98059e-05,-3.62136e-05,-3.19128e-05,-2.71819e-05,-2.23637e-05,-1.78113e-05,-1.38119e-05,-1.0502e-05,-7.85899e-06
-7.03965e-06,-1.00512e-05,-1.38233e-05,-1.82809e-05,-2.31909e-05,-2.82104e-05,-3.29597e-05,-3.709e-05,-4.03353e-05,-4.25269e-05,-4.3525e-05,-4.3267e-05,-4.17865e-05,-3.91792e-05,-3.56344e-05,-3.13945e-05,-2.67339e-05,-2.19869e-05,-1.7509e-05,-1.35766e-05,-1.03232e-05,-7.72814e-06
-6.90928e-06,-9.88365e-06,-1.35906e-05,-1.79818e-05,-2.28194e-05,-2.77704e-05,-3.24573e-05,-3.65319e-05,-3.97388e-05,-4.1894e-05,-4.28819e-05,-4.2621e-05,-4.11585e-05,-3.85879e-05,-3.50849e-05,-3.09064e-05,-2.63088e-05,-2.16321e-05,-1.7222e-05,-1.33531e-05,-1.01562e-05,-7.60899e-06
-6.79421e-06,-9.70903e-06,-1.33599e-05,-1.76834e-05,-2.24476e-05,-2.73245e-05,-3.1948e-05,-3.59693e-05,-3.91305e-05,-4.12603e-05,-4.22303e-05,-4.19723e-05,-4.05267e-05,-3.79863e-05,-3.45335e-05,-3.04082e-05,-2.5877e-05,-2.12717e-05,-1.693e-05,-1.31289e-05,-9.98222e-06,-7.47621e-06
-6.67565e-06,-9.54035e-06,-1.31305e-05,-1.7383e-05,-2.20764e-05,-2.68844e-05,-3.14435e-05,-3.54118e-05,-3.85305e-05,-4.06291e-05,-4.15852e-05,-4.13279e-05,-3.98989e-05,-3.73907e-05,-3.39851e-05,-2.99171e-05,-2.54529e-05,-2.09157e-05,-1.66462e-05,-1.29055e-05,-9.81816e-06,-7.34639e-06
-6.55928e-06,-9.37477e-06,-1.29103e-05,-1.70964e-05,-2.17195e-05,-2.64612e-05,-3.09578e-05,-3.48733e-05,-3.79515e-05,-4.0023e-05,-4.09613e-05,-4.07079e-05,-3.92938e-05,-3.68193e-05,-3.34555e-05,-2.94448e-05,-2.50447e-05,-2.05739e-05,-1.63711e-05,-1.26922e-05,-9.65601e-06,-7.23363e-06
-6.44355e-06,-9.21571e-06,-1.26916e-05,-1.68153e-05,-2.13695e-05,-2.60433e-05,-3.04823e-05,-3.43457e-05,-3.73807e-05,-3.9423e-05,-4.03486e-05,-4.00961e-05,-3.86987e-05,-3.62563e-05,-3.29375e-05,-2.8981e-05,-2.46408e-05,-2.02386e-05,-1.60996e-05,-1.24828e-05,-9.49806e-06,-7.11243e-06
-6.32853e-06,-9.05644e-06,-1.24761e-05,-1.65335e-05,-2.10218e-05,-2.56305e-05,-3.00059e-05,-3.382e-05,-3.68134e-05,-3.88306e-05,-3.97386e-05,-3.94911e-05,-3.81097e-05,-3.56955e-05,-3.24244e-05,-2.85201e-05,-2.42411e-05,-1.99051e-05,-1.5832e-05,-1.22758e-05,-9.34074e-06,-6.99444e-06
-6.22339e-06,-8.90541e-06,-1.22688e-05,-1.6267e-05,-2.06901e-05,-2.52312e-05,-2.95501e-05,-3.33148e-05,-3.62725e-05,-3.82597e-05,-3.91574e-05,-3.89033e-05,-3.75414e-05,-3.51583e-05,-3.19304e-05,-2.80756e-05,-2.38556e-05,-1.95826e-05,-1.5575e-05,-1.20755e-05,-9.1884e-06,-6.87461e-06
