# xi1
# underflow	  21.781958    	 0.10276695E-02
# overflow	 0.13050430    	 0.37948587E-04
# sum	  37.952154    	 0.11403948E-02
# xmin	xmax	cross	numerror
  2024.0000    	  2025.0000    	 0.58770602E-01	 0.43137574E-04
  2025.0000    	  2026.0000    	 0.56166778E-01	 0.44500228E-04
  2026.0000    	  2027.0000    	 0.51237559E-01	 0.43423167E-04
  2027.0000    	  2028.0000    	 0.44335797E-01	 0.38046192E-04
  2028.0000    	  2029.0000    	 0.36367049E-01	 0.33005580E-04
  2029.0000    	  2030.0000    	 0.27914644E-01	 0.21975256E-04
  2030.0000    	  2031.0000    	 0.19890101E-01	 0.16516781E-04
  2031.0000    	  2032.0000    	 0.12810065E-01	 0.12901052E-04
  2032.0000    	  2033.0000    	 0.71911338E-02	 0.10342493E-04
  2033.0000    	  2034.0000    	 0.31671779E-02	 0.88544264E-05
  2034.0000    	  2035.0000    	 0.72684307E-03	 0.79131018E-05
  2035.0000    	  2036.0000    	 0.57952794E-01	 0.41800362E-04
  2036.0000    	  2037.0000    	 0.55305096E-01	 0.40779109E-04
  2037.0000    	  2038.0000    	 0.50374103E-01	 0.37575499E-04
  2038.0000    	  2039.0000    	 0.43639554E-01	 0.32320879E-04
  2039.0000    	  2040.0000    	 0.35776379E-01	 0.30343172E-04
  2040.0000    	  2041.0000    	 0.27469471E-01	 0.21140868E-04
  2041.0000    	  2042.0000    	 0.19531122E-01	 0.16024016E-04
  2042.0000    	  2043.0000    	 0.12570870E-01	 0.12489290E-04
  2043.0000    	  2044.0000    	 0.70139344E-02	 0.10172452E-04
  2044.0000    	  2045.0000    	 0.31057209E-02	 0.87252698E-05
  2045.0000    	  2046.0000    	 0.71013909E-03	 0.78661989E-05
  2046.0000    	  2047.0000    	 0.57085314E-01	 0.42690138E-04
  2047.0000    	  2048.0000    	 0.54527415E-01	 0.38222660E-04
  2048.0000    	  2049.0000    	 0.49608238E-01	 0.34104587E-04
  2049.0000    	  2050.0000    	 0.43005956E-01	 0.34041297E-04
  2050.0000    	  2051.0000    	 0.35191643E-01	 0.26278247E-04
  2051.0000    	  2052.0000    	 0.27013752E-01	 0.21011687E-04
  2052.0000    	  2053.0000    	 0.19187367E-01	 0.15629527E-04
  2053.0000    	  2054.0000    	 0.12333583E-01	 0.12370822E-04
  2054.0000    	  2055.0000    	 0.68806359E-02	 0.10040117E-04
  2055.0000    	  2056.0000    	 0.30151221E-02	 0.86931288E-05
  2056.0000    	  2057.0000    	 0.68760817E-03	 0.77653189E-05
  2057.0000    	  2058.0000    	 0.56230914E-01	 0.38561707E-04
  2058.0000    	  2059.0000    	 0.53713900E-01	 0.36201381E-04
  2059.0000    	  2060.0000    	 0.48897043E-01	 0.33526164E-04
  2060.0000    	  2061.0000    	 0.42295184E-01	 0.29632115E-04
  2061.0000    	  2062.0000    	 0.34625400E-01	 0.26394018E-04
  2062.0000    	  2063.0000    	 0.26570405E-01	 0.19629826E-04
  2063.0000    	  2064.0000    	 0.18847554E-01	 0.15425694E-04
  2064.0000    	  2065.0000    	 0.12095259E-01	 0.12197304E-04
  2065.0000    	  2066.0000    	 0.67572083E-02	 0.99495031E-05
  2066.0000    	  2067.0000    	 0.29494791E-02	 0.85929591E-05
  2067.0000    	  2068.0000    	 0.66976765E-03	 0.76453939E-05
  2068.0000    	  2069.0000    	 0.55364504E-01	 0.37480105E-04
  2069.0000    	  2070.0000    	 0.52893519E-01	 0.35420974E-04
  2070.0000    	  2071.0000    	 0.48139752E-01	 0.32357034E-04
  2071.0000    	  2072.0000    	 0.41663521E-01	 0.28578914E-04
  2072.0000    	  2073.0000    	 0.34081715E-01	 0.24036158E-04
  2073.0000    	  2074.0000    	 0.26089199E-01	 0.19763258E-04
  2074.0000    	  2075.0000    	 0.18494931E-01	 0.15191982E-04
  2075.0000    	  2076.0000    	 0.11864410E-01	 0.12037760E-04
  2076.0000    	  2077.0000    	 0.65913102E-02	 0.98030691E-05
  2077.0000    	  2078.0000    	 0.28877246E-02	 0.83811670E-05
  2078.0000    	  2079.0000    	 0.64710404E-03	 0.75503175E-05
  2079.0000    	  2080.0000    	 0.54530706E-01	 0.36814946E-04
  2080.0000    	  2081.0000    	 0.52044717E-01	 0.33904181E-04
  2081.0000    	  2082.0000    	 0.47372430E-01	 0.31578349E-04
  2082.0000    	  2083.0000    	 0.40999535E-01	 0.27354821E-04
  2083.0000    	  2084.0000    	 0.33502453E-01	 0.23503202E-04
  2084.0000    	  2085.0000    	 0.25677886E-01	 0.19050382E-04
  2085.0000    	  2086.0000    	 0.18189964E-01	 0.14967811E-04
  2086.0000    	  2087.0000    	 0.11637789E-01	 0.11909160E-04
  2087.0000    	  2088.0000    	 0.64666455E-02	 0.97105090E-05
  2088.0000    	  2089.0000    	 0.28087464E-02	 0.82819290E-05
  2089.0000    	  2090.0000    	 0.63337687E-03	 0.74765488E-05
  2090.0000    	  2091.0000    	 0.53748473E-01	 0.36177735E-04
  2091.0000    	  2092.0000    	 0.51279895E-01	 0.33911749E-04
  2092.0000    	  2093.0000    	 0.46687401E-01	 0.30240053E-04
  2093.0000    	  2094.0000    	 0.40363531E-01	 0.26497302E-04
  2094.0000    	  2095.0000    	 0.32991080E-01	 0.23480042E-04
  2095.0000    	  2096.0000    	 0.25233306E-01	 0.18412222E-04
  2096.0000    	  2097.0000    	 0.17854180E-01	 0.14711683E-04
  2097.0000    	  2098.0000    	 0.11405673E-01	 0.11756279E-04
  2098.0000    	  2099.0000    	 0.63260510E-02	 0.95834047E-05
  2099.0000    	  2100.0000    	 0.27449947E-02	 0.81918307E-05
  2100.0000    	  2101.0000    	 0.60530902E-03	 0.73947814E-05
  2101.0000    	  2102.0000    	 0.52911592E-01	 0.35193348E-04
  2102.0000    	  2103.0000    	 0.50525711E-01	 0.32673758E-04
  2103.0000    	  2104.0000    	 0.45998056E-01	 0.30007544E-04
  2104.0000    	  2105.0000    	 0.39701043E-01	 0.25689065E-04
  2105.0000    	  2106.0000    	 0.32432437E-01	 0.21940437E-04
  2106.0000    	  2107.0000    	 0.24810983E-01	 0.17953185E-04
  2107.0000    	  2108.0000    	 0.17539205E-01	 0.14536475E-04
  2108.0000    	  2109.0000    	 0.11201947E-01	 0.11632772E-04
  2109.0000    	  2110.0000    	 0.61955188E-02	 0.96703450E-05
  2110.0000    	  2111.0000    	 0.26889764E-02	 0.81065601E-05
  2111.0000    	  2112.0000    	 0.58892184E-03	 0.73038271E-05
  2112.0000    	  2113.0000    	 0.52169659E-01	 0.34624596E-04
  2113.0000    	  2114.0000    	 0.49757638E-01	 0.32184846E-04
  2114.0000    	  2115.0000    	 0.45255416E-01	 0.29533467E-04
  2115.0000    	  2116.0000    	 0.39128605E-01	 0.25359348E-04
  2116.0000    	  2117.0000    	 0.31910943E-01	 0.21449908E-04
  2117.0000    	  2118.0000    	 0.24409411E-01	 0.17830893E-04
  2118.0000    	  2119.0000    	 0.17221425E-01	 0.14344576E-04
  2119.0000    	  2120.0000    	 0.10991557E-01	 0.11491778E-04
  2120.0000    	  2121.0000    	 0.60694832E-02	 0.94002429E-05
  2121.0000    	  2122.0000    	 0.26166709E-02	 0.80395149E-05
  2122.0000    	  2123.0000    	 0.56314549E-03	 0.71853110E-05
  2123.0000    	  2124.0000    	 0.51336676E-01	 0.33989533E-04
  2124.0000    	  2125.0000    	 0.48976861E-01	 0.31434357E-04
  2125.0000    	  2126.0000    	 0.44574192E-01	 0.28178903E-04
  2126.0000    	  2127.0000    	 0.38498571E-01	 0.24822055E-04
  2127.0000    	  2128.0000    	 0.31412341E-01	 0.20959875E-04
  2128.0000    	  2129.0000    	 0.23983349E-01	 0.17447634E-04
  2129.0000    	  2130.0000    	 0.16911684E-01	 0.14140870E-04
  2130.0000    	  2131.0000    	 0.10784830E-01	 0.11393478E-04
  2131.0000    	  2132.0000    	 0.59303087E-02	 0.92687799E-05
  2132.0000    	  2133.0000    	 0.25641780E-02	 0.79314884E-05
  2133.0000    	  2134.0000    	 0.55188750E-03	 0.71423864E-05
  2134.0000    	  2135.0000    	 0.50535047E-01	 0.33434151E-04
  2135.0000    	  2136.0000    	 0.48283412E-01	 0.30875765E-04
  2136.0000    	  2137.0000    	 0.43876084E-01	 0.27622596E-04
  2137.0000    	  2138.0000    	 0.37875529E-01	 0.24149085E-04
  2138.0000    	  2139.0000    	 0.30896574E-01	 0.21023467E-04
  2139.0000    	  2140.0000    	 0.23579526E-01	 0.17369728E-04
  2140.0000    	  2141.0000    	 0.16623272E-01	 0.13992786E-04
  2141.0000    	  2142.0000    	 0.10552908E-01	 0.11532039E-04
  2142.0000    	  2143.0000    	 0.58182096E-02	 0.91761530E-05
  2143.0000    	  2144.0000    	 0.24941792E-02	 0.78258733E-05
  2144.0000    	  2145.0000    	 0.53547575E-03	 0.72671623E-05
  2145.0000    	  2146.0000    	 0.49809954E-01	 0.32970753E-04
  2146.0000    	  2147.0000    	 0.47543627E-01	 0.30415154E-04
  2147.0000    	  2148.0000    	 0.43244799E-01	 0.27204061E-04
  2148.0000    	  2149.0000    	 0.37288940E-01	 0.23882399E-04
  2149.0000    	  2150.0000    	 0.30403698E-01	 0.20332984E-04
  2150.0000    	  2151.0000    	 0.23180740E-01	 0.17024047E-04
  2151.0000    	  2152.0000    	 0.16329856E-01	 0.13849680E-04
  2152.0000    	  2153.0000    	 0.10369626E-01	 0.11123345E-04
  2153.0000    	  2154.0000    	 0.57041656E-02	 0.90802719E-05
  2154.0000    	  2155.0000    	 0.24364194E-02	 0.77461697E-05
  2155.0000    	  2156.0000    	 0.51711038E-03	 0.69669627E-05
  2156.0000    	  2157.0000    	 0.49094755E-01	 0.32478120E-04
  2157.0000    	  2158.0000    	 0.46831182E-01	 0.30046668E-04
  2158.0000    	  2159.0000    	 0.42539544E-01	 0.26822175E-04
  2159.0000    	  2160.0000    	 0.36738343E-01	 0.23412998E-04
  2160.0000    	  2161.0000    	 0.29914229E-01	 0.20082472E-04
  2161.0000    	  2162.0000    	 0.22800624E-01	 0.16738046E-04
  2162.0000    	  2163.0000    	 0.16050945E-01	 0.13677234E-04
  2163.0000    	  2164.0000    	 0.10185072E-01	 0.11000798E-04
  2164.0000    	  2165.0000    	 0.55691249E-02	 0.89569449E-05
  2165.0000    	  2166.0000    	 0.23724097E-02	 0.76518019E-05
  2166.0000    	  2167.0000    	 0.50405872E-03	 0.68833853E-05
  2167.0000    	  2168.0000    	 0.48337092E-01	 0.32031102E-04
  2168.0000    	  2169.0000    	 0.46134853E-01	 0.29523629E-04
  2169.0000    	  2170.0000    	 0.41894238E-01	 0.26385047E-04
  2170.0000    	  2171.0000    	 0.36141006E-01	 0.23039327E-04
  2171.0000    	  2172.0000    	 0.29407039E-01	 0.19689873E-04
  2172.0000    	  2173.0000    	 0.22410950E-01	 0.16537053E-04
  2173.0000    	  2174.0000    	 0.15740636E-01	 0.13497908E-04
  2174.0000    	  2175.0000    	 0.99806514E-02	 0.10876153E-04
  2175.0000    	  2176.0000    	 0.54564659E-02	 0.88674595E-05
  2176.0000    	  2177.0000    	 0.23204324E-02	 0.75742622E-05
  2177.0000    	  2178.0000    	 0.48485349E-03	 0.68168778E-05
  2178.0000    	  2179.0000    	 0.47612973E-01	 0.31574636E-04
  2179.0000    	  2180.0000    	 0.45419023E-01	 0.29107307E-04
  2180.0000    	  2181.0000    	 0.41261226E-01	 0.26017974E-04
  2181.0000    	  2182.0000    	 0.35592344E-01	 0.22686392E-04
  2182.0000    	  2183.0000    	 0.28953373E-01	 0.19448598E-04
  2183.0000    	  2184.0000    	 0.22042745E-01	 0.16315223E-04
  2184.0000    	  2185.0000    	 0.15470674E-01	 0.13355809E-04
  2185.0000    	  2186.0000    	 0.97876510E-02	 0.10746421E-04
  2186.0000    	  2187.0000    	 0.53448034E-02	 0.88129584E-05
  2187.0000    	  2188.0000    	 0.22560814E-02	 0.74707884E-05
  2188.0000    	  2189.0000    	 0.47213200E-03	 0.67277458E-05
  2189.0000    	  2190.0000    	 0.46880305E-01	 0.31139626E-04
  2190.0000    	  2191.0000    	 0.44719131E-01	 0.28692013E-04
  2191.0000    	  2192.0000    	 0.40622293E-01	 0.25611003E-04
  2192.0000    	  2193.0000    	 0.35018030E-01	 0.22350636E-04
  2193.0000    	  2194.0000    	 0.28489804E-01	 0.19179869E-04
  2194.0000    	  2195.0000    	 0.21652622E-01	 0.16117538E-04
  2195.0000    	  2196.0000    	 0.15195224E-01	 0.13197686E-04
  2196.0000    	  2197.0000    	 0.96102784E-02	 0.10646049E-04
  2197.0000    	  2198.0000    	 0.52324818E-02	 0.86716081E-05
  2198.0000    	  2199.0000    	 0.22239953E-02	 0.74389426E-05
  2199.0000    	  2200.0000    	 0.45735215E-03	 0.66418488E-05
  2200.0000    	  2201.0000    	 0.46231235E-01	 0.30743951E-04
  2201.0000    	  2202.0000    	 0.44098926E-01	 0.28333439E-04
  2202.0000    	  2203.0000    	 0.40031926E-01	 0.25299697E-04
  2203.0000    	  2204.0000    	 0.34492781E-01	 0.22056783E-04
  2204.0000    	  2205.0000    	 0.28029692E-01	 0.18939028E-04
  2205.0000    	  2206.0000    	 0.21303879E-01	 0.15933875E-04
  2206.0000    	  2207.0000    	 0.14933415E-01	 0.13060884E-04
  2207.0000    	  2208.0000    	 0.94232044E-02	 0.10517514E-04
  2208.0000    	  2209.0000    	 0.51222871E-02	 0.85767230E-05
  2209.0000    	  2210.0000    	 0.21584871E-02	 0.73219667E-05
  2210.0000    	  2211.0000    	 0.44358246E-03	 0.65798209E-05
  2211.0000    	  2212.0000    	 0.45546097E-01	 0.30342684E-04
  2212.0000    	  2213.0000    	 0.43393416E-01	 0.27934150E-04
  2213.0000    	  2214.0000    	 0.39385608E-01	 0.24982811E-04
  2214.0000    	  2215.0000    	 0.33930608E-01	 0.21752957E-04
  2215.0000    	  2216.0000    	 0.27569015E-01	 0.18695401E-04
  2216.0000    	  2217.0000    	 0.20932407E-01	 0.15741511E-04
  2217.0000    	  2218.0000    	 0.14655078E-01	 0.12914384E-04
  2218.0000    	  2219.0000    	 0.92360459E-02	 0.10398258E-04
  2219.0000    	  2220.0000    	 0.50157957E-02	 0.84966848E-05
  2220.0000    	  2221.0000    	 0.21064932E-02	 0.72468548E-05
  2221.0000    	  2222.0000    	 0.42584318E-03	 0.65016365E-05
  2222.0000    	  2223.0000    	 0.44822720E-01	 0.29933519E-04
  2223.0000    	  2224.0000    	 0.42744414E-01	 0.27572892E-04
  2224.0000    	  2225.0000    	 0.38784097E-01	 0.24595510E-04
  2225.0000    	  2226.0000    	 0.33428847E-01	 0.21481144E-04
  2226.0000    	  2227.0000    	 0.27135710E-01	 0.18469740E-04
  2227.0000    	  2228.0000    	 0.20601482E-01	 0.15573447E-04
  2228.0000    	  2229.0000    	 0.14406007E-01	 0.12776736E-04
  2229.0000    	  2230.0000    	 0.90751824E-02	 0.10295046E-04
  2230.0000    	  2231.0000    	 0.49099560E-02	 0.84149805E-05
  2231.0000    	  2232.0000    	 0.20631821E-02	 0.71736015E-05
  2232.0000    	  2233.0000    	 0.41682997E-03	 0.65203507E-05
  2233.0000    	  2234.0000    	 0.44149780E-01	 0.29553295E-04
  2234.0000    	  2235.0000    	 0.42123341E-01	 0.27228117E-04
  2235.0000    	  2236.0000    	 0.38211430E-01	 0.24286717E-04
  2236.0000    	  2237.0000    	 0.32870118E-01	 0.21195337E-04
  2237.0000    	  2238.0000    	 0.26686648E-01	 0.18243525E-04
  2238.0000    	  2239.0000    	 0.20247217E-01	 0.15397834E-04
  2239.0000    	  2240.0000    	 0.14142692E-01	 0.12622283E-04
  2240.0000    	  2241.0000    	 0.88913497E-02	 0.10226944E-04
  2241.0000    	  2242.0000    	 0.48081109E-02	 0.83040936E-05
  2242.0000    	  2243.0000    	 0.20123941E-02	 0.70877497E-05
  2243.0000    	  2244.0000    	 0.40090444E-03	 0.63535494E-05
  2244.0000    	  2245.0000    	 0.43493690E-01	 0.29262285E-04
  2245.0000    	  2246.0000    	 0.41463928E-01	 0.26875895E-04
  2246.0000    	  2247.0000    	 0.37668162E-01	 0.23992682E-04
  2247.0000    	  2248.0000    	 0.32394484E-01	 0.20954852E-04
  2248.0000    	  2249.0000    	 0.26275082E-01	 0.18042848E-04
  2249.0000    	  2250.0000    	 0.19908654E-01	 0.15226285E-04
  2250.0000    	  2251.0000    	 0.13897353E-01	 0.12498121E-04
  2251.0000    	  2252.0000    	 0.87300433E-02	 0.10073649E-04
  2252.0000    	  2253.0000    	 0.47081307E-02	 0.82195207E-05
  2253.0000    	  2254.0000    	 0.19593313E-02	 0.70506046E-05
  2254.0000    	  2255.0000    	 0.39071091E-03	 0.63058536E-05
  2255.0000    	  2256.0000    	 0.42866164E-01	 0.28826649E-04
  2256.0000    	  2257.0000    	 0.40848726E-01	 0.26537292E-04
  2257.0000    	  2258.0000    	 0.37062146E-01	 0.23692622E-04
  2258.0000    	  2259.0000    	 0.31852198E-01	 0.20682103E-04
  2259.0000    	  2260.0000    	 0.25839997E-01	 0.17829814E-04
  2260.0000    	  2261.0000    	 0.19571509E-01	 0.15049088E-04
  2261.0000    	  2262.0000    	 0.13637068E-01	 0.12349817E-04
  2262.0000    	  2263.0000    	 0.85493092E-02	 0.99453215E-05
  2263.0000    	  2264.0000    	 0.46192957E-02	 0.81343466E-05
  2264.0000    	  2265.0000    	 0.19221941E-02	 0.69397578E-05
  2265.0000    	  2266.0000    	 0.36290489E-03	 0.63529376E-05
  2266.0000    	  2267.0000    	 0.42188653E-01	 0.28481108E-04
  2267.0000    	  2268.0000    	 0.40235353E-01	 0.26213916E-04
  2268.0000    	  2269.0000    	 0.36462827E-01	 0.23381516E-04
  2269.0000    	  2270.0000    	 0.31396504E-01	 0.20453086E-04
  2270.0000    	  2271.0000    	 0.25422160E-01	 0.17668330E-04
  2271.0000    	  2272.0000    	 0.19233566E-01	 0.14884439E-04
  2272.0000    	  2273.0000    	 0.13416311E-01	 0.12227744E-04
  2273.0000    	  2274.0000    	 0.83849207E-02	 0.98415554E-05
  2274.0000    	  2275.0000    	 0.45156926E-02	 0.80403538E-05
  2275.0000    	  2276.0000    	 0.18759272E-02	 0.68780407E-05
  2276.0000    	  2277.0000    	 0.36927783E-03	 0.61581197E-05
  2277.0000    	  2278.0000    	 0.41593823E-01	 0.28121002E-04
  2278.0000    	  2279.0000    	 0.39620618E-01	 0.25883403E-04
  2279.0000    	  2280.0000    	 0.35902361E-01	 0.23098595E-04
  2280.0000    	  2281.0000    	 0.30869673E-01	 0.20194572E-04
  2281.0000    	  2282.0000    	 0.25011377E-01	 0.17433833E-04
  2282.0000    	  2283.0000    	 0.18922916E-01	 0.14731126E-04
  2283.0000    	  2284.0000    	 0.13166573E-01	 0.12089258E-04
  2284.0000    	  2285.0000    	 0.82475283E-02	 0.97644622E-05
  2285.0000    	  2286.0000    	 0.44185178E-02	 0.79644925E-05
  2286.0000    	  2287.0000    	 0.18137462E-02	 0.67639998E-05
  2287.0000    	  2288.0000    	 0.36791830E-03	 0.61082550E-05
  2288.0000    	  2289.0000    	 0.40973815E-01	 0.27781808E-04
  2289.0000    	  2290.0000    	 0.39021743E-01	 0.25574747E-04
  2290.0000    	  2291.0000    	 0.35423230E-01	 0.22853716E-04
  2291.0000    	  2292.0000    	 0.30386435E-01	 0.19965573E-04
  2292.0000    	  2293.0000    	 0.24623015E-01	 0.17236400E-04
  2293.0000    	  2294.0000    	 0.18597686E-01	 0.14569266E-04
  2294.0000    	  2295.0000    	 0.12929948E-01	 0.12113342E-04
  2295.0000    	  2296.0000    	 0.80730346E-02	 0.96370135E-05
  2296.0000    	  2297.0000    	 0.43232660E-02	 0.78685240E-05
  2297.0000    	  2298.0000    	 0.17916580E-02	 0.67208862E-05
  2298.0000    	  2299.0000    	 0.34095016E-03	 0.60295399E-05
  2299.0000    	  2300.0000    	 0.40359953E-01	 0.27439142E-04
  2300.0000    	  2301.0000    	 0.38446858E-01	 0.25273102E-04
  2301.0000    	  2302.0000    	 0.34848860E-01	 0.22556900E-04
  2302.0000    	  2303.0000    	 0.29938781E-01	 0.19734801E-04
  2303.0000    	  2304.0000    	 0.24214891E-01	 0.17047988E-04
  2304.0000    	  2305.0000    	 0.18291440E-01	 0.14418378E-04
  2305.0000    	  2306.0000    	 0.12708395E-01	 0.11832461E-04
  2306.0000    	  2307.0000    	 0.79249496E-02	 0.95331621E-05
  2307.0000    	  2308.0000    	 0.42347195E-02	 0.77817893E-05
  2308.0000    	  2309.0000    	 0.17414757E-02	 0.66404931E-05
  2309.0000    	  2310.0000    	 0.33072768E-03	 0.59325101E-05
  2310.0000    	  2311.0000    	 0.39717140E-01	 0.27096827E-04
  2311.0000    	  2312.0000    	 0.37889293E-01	 0.24975979E-04
  2312.0000    	  2313.0000    	 0.34309415E-01	 0.22289263E-04
  2313.0000    	  2314.0000    	 0.29484139E-01	 0.19520499E-04
  2314.0000    	  2315.0000    	 0.23835216E-01	 0.16859996E-04
  2315.0000    	  2316.0000    	 0.17985468E-01	 0.14258390E-04
  2316.0000    	  2317.0000    	 0.12485692E-01	 0.11709399E-04
  2317.0000    	  2318.0000    	 0.77680267E-02	 0.94448433E-05
  2318.0000    	  2319.0000    	 0.41462869E-02	 0.77123569E-05
  2319.0000    	  2320.0000    	 0.17031848E-02	 0.65781377E-05
  2320.0000    	  2321.0000    	 0.32270255E-03	 0.58853256E-05
  2321.0000    	  2322.0000    	 0.39195754E-01	 0.26806792E-04
  2322.0000    	  2323.0000    	 0.37315492E-01	 0.24686364E-04
  2323.0000    	  2324.0000    	 0.33795633E-01	 0.22031965E-04
  2324.0000    	  2325.0000    	 0.29019641E-01	 0.19301969E-04
  2325.0000    	  2326.0000    	 0.23434675E-01	 0.16676117E-04
  2326.0000    	  2327.0000    	 0.17685713E-01	 0.14111846E-04
  2327.0000    	  2328.0000    	 0.12253096E-01	 0.11582579E-04
  2328.0000    	  2329.0000    	 0.76309048E-02	 0.93336569E-05
  2329.0000    	  2330.0000    	 0.40645892E-02	 0.76298128E-05
  2330.0000    	  2331.0000    	 0.16549490E-02	 0.64999237E-05
  2331.0000    	  2332.0000    	 0.32158412E-03	 0.58363379E-05
  2332.0000    	  2333.0000    	 0.38579253E-01	 0.26482558E-04
  2333.0000    	  2334.0000    	 0.36750895E-01	 0.24390276E-04
  2334.0000    	  2335.0000    	 0.33308366E-01	 0.21783779E-04
  2335.0000    	  2336.0000    	 0.28538226E-01	 0.19072270E-04
  2336.0000    	  2337.0000    	 0.23099739E-01	 0.16508681E-04
  2337.0000    	  2338.0000    	 0.17386955E-01	 0.13976546E-04
  2338.0000    	  2339.0000    	 0.12039034E-01	 0.11455749E-04
  2339.0000    	  2340.0000    	 0.74803200E-02	 0.92340168E-05
  2340.0000    	  2341.0000    	 0.39770487E-02	 0.75381241E-05
  2341.0000    	  2342.0000    	 0.16187176E-02	 0.64393227E-05
  2342.0000    	  2343.0000    	 0.30454898E-03	 0.57651555E-05
  2343.0000    	  2344.0000    	 0.37988960E-01	 0.26161026E-04
  2344.0000    	  2345.0000    	 0.36213460E-01	 0.24112146E-04
  2345.0000    	  2346.0000    	 0.32774151E-01	 0.21527150E-04
  2346.0000    	  2347.0000    	 0.28110108E-01	 0.18868456E-04
  2347.0000    	  2348.0000    	 0.22692464E-01	 0.16318553E-04
  2348.0000    	  2349.0000    	 0.17091895E-01	 0.13812017E-04
  2349.0000    	  2350.0000    	 0.11816263E-01	 0.11323142E-04
  2350.0000    	  2351.0000    	 0.73325606E-02	 0.91269726E-05
  2351.0000    	  2352.0000    	 0.38886180E-02	 0.74591178E-05
  2352.0000    	  2353.0000    	 0.15803278E-02	 0.63649773E-05
  2353.0000    	  2354.0000    	 0.29919426E-03	 0.56989332E-05
  2354.0000    	  2355.0000    	 0.37432639E-01	 0.25861416E-04
  2355.0000    	  2356.0000    	 0.35660235E-01	 0.23854929E-04
  2356.0000    	  2357.0000    	 0.32295715E-01	 0.21287561E-04
  2357.0000    	  2358.0000    	 0.27671720E-01	 0.18660127E-04
  2358.0000    	  2359.0000    	 0.22335012E-01	 0.16145266E-04
  2359.0000    	  2360.0000    	 0.16812665E-01	 0.13675382E-04
  2360.0000    	  2361.0000    	 0.11624991E-01	 0.11212316E-04
  2361.0000    	  2362.0000    	 0.71919419E-02	 0.90258544E-05
  2362.0000    	  2363.0000    	 0.38098376E-02	 0.73727973E-05
  2363.0000    	  2364.0000    	 0.15465573E-02	 0.62963983E-05
  2364.0000    	  2365.0000    	 0.28852510E-03	 0.58520740E-05
  2365.0000    	  2366.0000    	 0.36908151E-01	 0.25577022E-04
  2366.0000    	  2367.0000    	 0.35130373E-01	 0.23550022E-04
  2367.0000    	  2368.0000    	 0.31795015E-01	 0.21040423E-04
  2368.0000    	  2369.0000    	 0.27246896E-01	 0.18456846E-04
  2369.0000    	  2370.0000    	 0.21981066E-01	 0.15986176E-04
  2370.0000    	  2371.0000    	 0.16523019E-01	 0.13536580E-04
  2371.0000    	  2372.0000    	 0.11413996E-01	 0.11099429E-04
  2372.0000    	  2373.0000    	 0.70655245E-02	 0.89494341E-05
  2373.0000    	  2374.0000    	 0.37310366E-02	 0.72996463E-05
  2374.0000    	  2375.0000    	 0.14967076E-02	 0.62113735E-05
  2375.0000    	  2376.0000    	 0.26757687E-03	 0.55612092E-05
  2376.0000    	  2377.0000    	 0.36332411E-01	 0.25273587E-04
  2377.0000    	  2378.0000    	 0.34575227E-01	 0.23273577E-04
  2378.0000    	  2379.0000    	 0.31295068E-01	 0.20798214E-04
  2379.0000    	  2380.0000    	 0.26836919E-01	 0.18263345E-04
  2380.0000    	  2381.0000    	 0.21623162E-01	 0.15815763E-04
  2381.0000    	  2382.0000    	 0.16246328E-01	 0.13373411E-04
  2382.0000    	  2383.0000    	 0.11222065E-01	 0.10992385E-04
  2383.0000    	  2384.0000    	 0.69211709E-02	 0.88426331E-05
  2384.0000    	  2385.0000    	 0.36635932E-02	 0.72342015E-05
  2385.0000    	  2386.0000    	 0.14616543E-02	 0.61497515E-05
  2386.0000    	  2387.0000    	 0.27565287E-03	 0.55270502E-05
  2387.0000    	  2388.0000    	 0.35807858E-01	 0.24984687E-04
  2388.0000    	  2389.0000    	 0.34110326E-01	 0.23027393E-04
  2389.0000    	  2390.0000    	 0.30812579E-01	 0.20560749E-04
  2390.0000    	  2391.0000    	 0.26396827E-01	 0.18069298E-04
  2391.0000    	  2392.0000    	 0.21290258E-01	 0.15655203E-04
  2392.0000    	  2393.0000    	 0.15983850E-01	 0.13257210E-04
  2393.0000    	  2394.0000    	 0.11000582E-01	 0.10851150E-04
  2394.0000    	  2395.0000    	 0.68018536E-02	 0.87639864E-05
  2395.0000    	  2396.0000    	 0.35767166E-02	 0.71456582E-05
  2396.0000    	  2397.0000    	 0.14255482E-02	 0.60815834E-05
  2397.0000    	  2398.0000    	 0.25146721E-03	 0.54347890E-05
  2398.0000    	  2399.0000    	 0.35292991E-01	 0.24715112E-04
  2399.0000    	  2400.0000    	 0.33549568E-01	 0.22747471E-04
  2400.0000    	  2401.0000    	 0.30366146E-01	 0.20346290E-04
  2401.0000    	  2402.0000    	 0.25997448E-01	 0.17883511E-04
  2402.0000    	  2403.0000    	 0.20933604E-01	 0.15499130E-04
  2403.0000    	  2404.0000    	 0.15716573E-01	 0.13107526E-04
  2404.0000    	  2405.0000    	 0.10821355E-01	 0.10752114E-04
  2405.0000    	  2406.0000    	 0.66673557E-02	 0.86546537E-05
  2406.0000    	  2407.0000    	 0.34907786E-02	 0.70569979E-05
  2407.0000    	  2408.0000    	 0.14058042E-02	 0.60450144E-05
  2408.0000    	  2409.0000    	 0.25374148E-03	 0.53921427E-05
  2409.0000    	  2410.0000    	 0.34742632E-01	 0.24425800E-04
  2410.0000    	  2411.0000    	 0.33076418E-01	 0.22505804E-04
  2411.0000    	  2412.0000    	 0.29928589E-01	 0.20133391E-04
  2412.0000    	  2413.0000    	 0.25598896E-01	 0.17687705E-04
  2413.0000    	  2414.0000    	 0.20621626E-01	 0.15344759E-04
  2414.0000    	  2415.0000    	 0.15438961E-01	 0.12962843E-04
  2415.0000    	  2416.0000    	 0.10626421E-01	 0.10629566E-04
  2416.0000    	  2417.0000    	 0.65326853E-02	 0.85601682E-05
  2417.0000    	  2418.0000    	 0.34285158E-02	 0.69941491E-05
  2418.0000    	  2419.0000    	 0.13686027E-02	 0.59732278E-05
  2419.0000    	  2420.0000    	 0.24740427E-03	 0.53563177E-05
  2420.0000    	  2421.0000    	 0.34214991E-01	 0.24145781E-04
  2421.0000    	  2422.0000    	 0.32586473E-01	 0.22252596E-04
  2422.0000    	  2423.0000    	 0.29434661E-01	 0.19892581E-04
  2423.0000    	  2424.0000    	 0.25220368E-01	 0.17504107E-04
  2424.0000    	  2425.0000    	 0.20276484E-01	 0.15169845E-04
  2425.0000    	  2426.0000    	 0.15178009E-01	 0.12828224E-04
  2426.0000    	  2427.0000    	 0.10450573E-01	 0.10531864E-04
  2427.0000    	  2428.0000    	 0.64106615E-02	 0.84664051E-05
  2428.0000    	  2429.0000    	 0.33482750E-02	 0.69049210E-05
  2429.0000    	  2430.0000    	 0.13256458E-02	 0.58941977E-05
  2430.0000    	  2431.0000    	 0.24012633E-03	 0.52923774E-05
  2431.0000    	  2432.0000    	 0.33719521E-01	 0.23877563E-04
  2432.0000    	  2433.0000    	 0.32091736E-01	 0.21995896E-04
  2433.0000    	  2434.0000    	 0.28991721E-01	 0.19684015E-04
  2434.0000    	  2435.0000    	 0.24805835E-01	 0.17328520E-04
  2435.0000    	  2436.0000    	 0.19951136E-01	 0.15029115E-04
  2436.0000    	  2437.0000    	 0.14950600E-01	 0.12707718E-04
  2437.0000    	  2438.0000    	 0.10257514E-01	 0.10412951E-04
  2438.0000    	  2439.0000    	 0.62914260E-02	 0.83807786E-05
  2439.0000    	  2440.0000    	 0.32791423E-02	 0.68977208E-05
  2440.0000    	  2441.0000    	 0.13018658E-02	 0.58596583E-05
  2441.0000    	  2442.0000    	 0.22988821E-03	 0.52446808E-05
  2442.0000    	  2443.0000    	 0.33249850E-01	 0.23621305E-04
  2443.0000    	  2444.0000    	 0.31620037E-01	 0.21766154E-04
  2444.0000    	  2445.0000    	 0.28577362E-01	 0.19479070E-04
  2445.0000    	  2446.0000    	 0.24416708E-01	 0.17140139E-04
  2446.0000    	  2447.0000    	 0.19640159E-01	 0.14872760E-04
  2447.0000    	  2448.0000    	 0.14691253E-01	 0.12573142E-04
  2448.0000    	  2449.0000    	 0.10072567E-01	 0.10292853E-04
  2449.0000    	  2450.0000    	 0.61724025E-02	 0.82951937E-05
  2450.0000    	  2451.0000    	 0.32115139E-02	 0.67700193E-05
  2451.0000    	  2452.0000    	 0.12746971E-02	 0.57953094E-05
  2452.0000    	  2453.0000    	 0.22455336E-03	 0.51745016E-05
  2453.0000    	  2454.0000    	 0.32746252E-01	 0.23360388E-04
  2454.0000    	  2455.0000    	 0.31151790E-01	 0.21528163E-04
  2455.0000    	  2456.0000    	 0.28136322E-01	 0.19282369E-04
  2456.0000    	  2457.0000    	 0.24039939E-01	 0.16962097E-04
  2457.0000    	  2458.0000    	 0.19325844E-01	 0.14723390E-04
  2458.0000    	  2459.0000    	 0.14457396E-01	 0.12458504E-04
  2459.0000    	  2460.0000    	 0.98765440E-02	 0.10175529E-04
  2460.0000    	  2461.0000    	 0.60527287E-02	 0.82047437E-05
  2461.0000    	  2462.0000    	 0.31470060E-02	 0.67083970E-05
  2462.0000    	  2463.0000    	 0.12430872E-02	 0.57293794E-05
  2463.0000    	  2464.0000    	 0.21979160E-03	 0.51340179E-05
  2464.0000    	  2465.0000    	 0.32268370E-01	 0.23110965E-04
  2465.0000    	  2466.0000    	 0.30688547E-01	 0.21297407E-04
  2466.0000    	  2467.0000    	 0.27750231E-01	 0.19086287E-04
  2467.0000    	  2468.0000    	 0.23682500E-01	 0.16806810E-04
  2468.0000    	  2469.0000    	 0.19002907E-01	 0.14567497E-04
  2469.0000    	  2470.0000    	 0.14211616E-01	 0.12322348E-04
  2470.0000    	  2471.0000    	 0.97306170E-02	 0.10091066E-04
  2471.0000    	  2472.0000    	 0.59374120E-02	 0.81238756E-05
  2472.0000    	  2473.0000    	 0.30821007E-02	 0.66404973E-05
  2473.0000    	  2474.0000    	 0.12038876E-02	 0.56631032E-05
  2474.0000    	  2475.0000    	 0.20544151E-03	 0.50558863E-05
  2475.0000    	  2476.0000    	 0.31764086E-01	 0.22841311E-04
  2476.0000    	  2477.0000    	 0.30214752E-01	 0.21051284E-04
  2477.0000    	  2478.0000    	 0.27301128E-01	 0.18872729E-04
  2478.0000    	  2479.0000    	 0.23312266E-01	 0.16625897E-04
  2479.0000    	  2480.0000    	 0.18711830E-01	 0.14428742E-04
  2480.0000    	  2481.0000    	 0.13962800E-01	 0.12188817E-04
  2481.0000    	  2482.0000    	 0.95410441E-02	 0.99684366E-05
  2482.0000    	  2483.0000    	 0.58210440E-02	 0.80299911E-05
  2483.0000    	  2484.0000    	 0.30210386E-02	 0.65665085E-05
  2484.0000    	  2485.0000    	 0.11750777E-02	 0.55946298E-05
  2485.0000    	  2486.0000    	 0.20658286E-03	 0.50203410E-05
  2486.0000    	  2487.0000    	 0.31312704E-01	 0.22597430E-04
  2487.0000    	  2488.0000    	 0.29782283E-01	 0.20834629E-04
  2488.0000    	  2489.0000    	 0.26856486E-01	 0.18666200E-04
  2489.0000    	  2490.0000    	 0.22961811E-01	 0.16467464E-04
  2490.0000    	  2491.0000    	 0.18418448E-01	 0.14287562E-04
  2491.0000    	  2492.0000    	 0.13729303E-01	 0.12065684E-04
  2492.0000    	  2493.0000    	 0.93787360E-02	 0.98635593E-05
  2493.0000    	  2494.0000    	 0.57076747E-02	 0.79390387E-05
  2494.0000    	  2495.0000    	 0.29623087E-02	 0.65871962E-05
  2495.0000    	  2496.0000    	 0.11509206E-02	 0.55485265E-05
  2496.0000    	  2497.0000    	 0.19148400E-03	 0.49547407E-05
  2497.0000    	  2498.0000    	 0.30860309E-01	 0.22359267E-04
  2498.0000    	  2499.0000    	 0.29337086E-01	 0.20610382E-04
  2499.0000    	  2500.0000    	 0.26456243E-01	 0.18480330E-04
  2500.0000    	  2501.0000    	 0.22610595E-01	 0.16334622E-04
  2501.0000    	  2502.0000    	 0.18108379E-01	 0.14143368E-04
  2502.0000    	  2503.0000    	 0.13504868E-01	 0.11943932E-04
  2503.0000    	  2504.0000    	 0.92160859E-02	 0.97690658E-05
  2504.0000    	  2505.0000    	 0.56047109E-02	 0.78669069E-05
  2505.0000    	  2506.0000    	 0.28830841E-02	 0.64236575E-05
  2506.0000    	  2507.0000    	 0.11267533E-02	 0.54982858E-05
  2507.0000    	  2508.0000    	 0.19442207E-03	 0.49461705E-05
  2508.0000    	  2509.0000    	 0.30403121E-01	 0.22118167E-04
  2509.0000    	  2510.0000    	 0.28916406E-01	 0.20402496E-04
  2510.0000    	  2511.0000    	 0.26109968E-01	 0.18303851E-04
  2511.0000    	  2512.0000    	 0.22254250E-01	 0.16138700E-04
  2512.0000    	  2513.0000    	 0.17827851E-01	 0.13997594E-04
  2513.0000    	  2514.0000    	 0.13272590E-01	 0.11830293E-04
  2514.0000    	  2515.0000    	 0.90524440E-02	 0.96698580E-05
  2515.0000    	  2516.0000    	 0.54994525E-02	 0.77774726E-05
  2516.0000    	  2517.0000    	 0.28296962E-02	 0.63609435E-05
  2517.0000    	  2518.0000    	 0.10978491E-02	 0.54308999E-05
  2518.0000    	  2519.0000    	 0.18742675E-03	 0.48650645E-05
  2519.0000    	  2520.0000    	 0.29931987E-01	 0.21866736E-04
  2520.0000    	  2521.0000    	 0.28469468E-01	 0.20170339E-04
  2521.0000    	  2522.0000    	 0.25692426E-01	 0.18111492E-04
  2522.0000    	  2523.0000    	 0.21906511E-01	 0.15976223E-04
  2523.0000    	  2524.0000    	 0.17529889E-01	 0.13857520E-04
  2524.0000    	  2525.0000    	 0.13064984E-01	 0.11703260E-04
  2525.0000    	  2526.0000    	 0.88902548E-02	 0.95575715E-05
  2526.0000    	  2527.0000    	 0.53856306E-02	 0.76914398E-05
  2527.0000    	  2528.0000    	 0.27699053E-02	 0.62909123E-05
  2528.0000    	  2529.0000    	 0.10746142E-02	 0.53875690E-05
  2529.0000    	  2530.0000    	 0.18278775E-03	 0.48277217E-05
  2530.0000    	  2531.0000    	 0.29506744E-01	 0.21646885E-04
  2531.0000    	  2532.0000    	 0.28051383E-01	 0.19967767E-04
  2532.0000    	  2533.0000    	 0.25296193E-01	 0.17918717E-04
  2533.0000    	  2534.0000    	 0.21564465E-01	 0.15819811E-04
  2534.0000    	  2535.0000    	 0.17281699E-01	 0.13738834E-04
  2535.0000    	  2536.0000    	 0.12843191E-01	 0.11606947E-04
  2536.0000    	  2537.0000    	 0.87268793E-02	 0.94545616E-05
  2537.0000    	  2538.0000    	 0.52877859E-02	 0.76160309E-05
  2538.0000    	  2539.0000    	 0.27130521E-02	 0.62308507E-05
  2539.0000    	  2540.0000    	 0.10425038E-02	 0.53469117E-05
  2540.0000    	  2541.0000    	 0.17936634E-03	 0.47883741E-05
  2541.0000    	  2542.0000    	 0.29081075E-01	 0.21407799E-04
  2542.0000    	  2543.0000    	 0.27640523E-01	 0.19757480E-04
  2543.0000    	  2544.0000    	 0.24921428E-01	 0.17746215E-04
  2544.0000    	  2545.0000    	 0.21241786E-01	 0.15668001E-04
  2545.0000    	  2546.0000    	 0.16983222E-01	 0.13587332E-04
  2546.0000    	  2547.0000    	 0.12620811E-01	 0.11454849E-04
  2547.0000    	  2548.0000    	 0.85683128E-02	 0.94964760E-05
  2548.0000    	  2549.0000    	 0.51887694E-02	 0.75339062E-05
  2549.0000    	  2550.0000    	 0.26533199E-02	 0.61601090E-05
  2550.0000    	  2551.0000    	 0.10176879E-02	 0.53357368E-05
  2551.0000    	  2552.0000    	 0.17151281E-03	 0.47095233E-05
  2552.0000    	  2553.0000    	 0.28654135E-01	 0.21189243E-04
  2553.0000    	  2554.0000    	 0.27214914E-01	 0.19546637E-04
  2554.0000    	  2555.0000    	 0.24554694E-01	 0.17572106E-04
  2555.0000    	  2556.0000    	 0.20907232E-01	 0.15508890E-04
  2556.0000    	  2557.0000    	 0.16716961E-01	 0.13462790E-04
  2557.0000    	  2558.0000    	 0.12425392E-01	 0.11350607E-04
  2558.0000    	  2559.0000    	 0.84408055E-02	 0.92759800E-05
  2559.0000    	  2560.0000    	 0.50934005E-02	 0.74583477E-05
  2560.0000    	  2561.0000    	 0.26037209E-02	 0.61081719E-05
  2561.0000    	  2562.0000    	 0.99064195E-03	 0.52085395E-05
  2562.0000    	  2563.0000    	 0.17050432E-03	 0.46707456E-05
  2563.0000    	  2564.0000    	 0.28229524E-01	 0.20971766E-04
  2564.0000    	  2565.0000    	 0.26823920E-01	 0.19350811E-04
  2565.0000    	  2566.0000    	 0.24178537E-01	 0.17388451E-04
  2566.0000    	  2567.0000    	 0.20600806E-01	 0.15380095E-04
  2567.0000    	  2568.0000    	 0.16445077E-01	 0.13320427E-04
  2568.0000    	  2569.0000    	 0.12210349E-01	 0.11225460E-04
  2569.0000    	  2570.0000    	 0.82696302E-02	 0.91578519E-05
  2570.0000    	  2571.0000    	 0.49918913E-02	 0.73770082E-05
  2571.0000    	  2572.0000    	 0.25360300E-02	 0.60246434E-05
  2572.0000    	  2573.0000    	 0.97477639E-03	 0.51816586E-05
  2573.0000    	  2574.0000    	 0.16109566E-03	 0.46295382E-05
  2574.0000    	  2575.0000    	 0.27827595E-01	 0.20750719E-04
  2575.0000    	  2576.0000    	 0.26441069E-01	 0.19153905E-04
  2576.0000    	  2577.0000    	 0.23805323E-01	 0.17218779E-04
  2577.0000    	  2578.0000    	 0.20259191E-01	 0.15207889E-04
  2578.0000    	  2579.0000    	 0.16196583E-01	 0.13195698E-04
  2579.0000    	  2580.0000    	 0.12000864E-01	 0.11129683E-04
  2580.0000    	  2581.0000    	 0.81277555E-02	 0.90672889E-05
  2581.0000    	  2582.0000    	 0.48938515E-02	 0.72945286E-05
  2582.0000    	  2583.0000    	 0.24948758E-02	 0.59864297E-05
  2583.0000    	  2584.0000    	 0.94931952E-03	 0.51104024E-05
  2584.0000    	  2585.0000    	 0.16502407E-03	 0.45919327E-05
  2585.0000    	  2586.0000    	 0.27387601E-01	 0.20511217E-04
  2586.0000    	  2587.0000    	 0.26034323E-01	 0.18951086E-04
  2587.0000    	  2588.0000    	 0.23466957E-01	 0.17053162E-04
  2588.0000    	  2589.0000    	 0.19985199E-01	 0.15089506E-04
  2589.0000    	  2590.0000    	 0.15937935E-01	 0.13067652E-04
  2590.0000    	  2591.0000    	 0.11804685E-01	 0.11000557E-04
  2591.0000    	  2592.0000    	 0.79960135E-02	 0.89872300E-05
  2592.0000    	  2593.0000    	 0.47973225E-02	 0.73045170E-05
  2593.0000    	  2594.0000    	 0.24358514E-02	 0.59122589E-05
  2594.0000    	  2595.0000    	 0.92140223E-03	 0.50492558E-05
  2595.0000    	  2596.0000    	 0.15686551E-03	 0.45378759E-05
  2596.0000    	  2597.0000    	 0.26971840E-01	 0.20291066E-04
  2597.0000    	  2598.0000    	 0.25644846E-01	 0.18760159E-04
  2598.0000    	  2599.0000    	 0.23095756E-01	 0.16885379E-04
  2599.0000    	  2600.0000    	 0.19648613E-01	 0.14922790E-04
  2600.0000    	  2601.0000    	 0.15673744E-01	 0.12927731E-04
  2601.0000    	  2602.0000    	 0.11603284E-01	 0.10886128E-04
  2602.0000    	  2603.0000    	 0.78526243E-02	 0.88845721E-05
  2603.0000    	  2604.0000    	 0.47202001E-02	 0.71579869E-05
  2604.0000    	  2605.0000    	 0.23894562E-02	 0.58622803E-05
  2605.0000    	  2606.0000    	 0.89412246E-03	 0.50065561E-05
  2606.0000    	  2607.0000    	 0.14636428E-03	 0.44738063E-05
  2607.0000    	  2608.0000    	 0.26637186E-01	 0.20107861E-04
  2608.0000    	  2609.0000    	 0.25287817E-01	 0.18582355E-04
  2609.0000    	  2610.0000    	 0.22764396E-01	 0.16727355E-04
  2610.0000    	  2611.0000    	 0.19370579E-01	 0.14806875E-04
  2611.0000    	  2612.0000    	 0.15445537E-01	 0.12816802E-04
  2612.0000    	  2613.0000    	 0.11409398E-01	 0.10768988E-04
  2613.0000    	  2614.0000    	 0.77071979E-02	 0.87861865E-05
  2614.0000    	  2615.0000    	 0.46183014E-02	 0.70750011E-05
  2615.0000    	  2616.0000    	 0.23349350E-02	 0.57889573E-05
  2616.0000    	  2617.0000    	 0.88226732E-03	 0.49496878E-05
  2617.0000    	  2618.0000    	 0.14260946E-03	 0.44261689E-05
  2618.0000    	  2619.0000    	 0.26216629E-01	 0.19892396E-04
  2619.0000    	  2620.0000    	 0.24885184E-01	 0.18378142E-04
  2620.0000    	  2621.0000    	 0.22421069E-01	 0.16567267E-04
  2621.0000    	  2622.0000    	 0.19036343E-01	 0.14632339E-04
  2622.0000    	  2623.0000    	 0.15185473E-01	 0.12680029E-04
  2623.0000    	  2624.0000    	 0.11231147E-01	 0.10676370E-04
  2624.0000    	  2625.0000    	 0.75680353E-02	 0.86983292E-05
  2625.0000    	  2626.0000    	 0.45284774E-02	 0.69924068E-05
  2626.0000    	  2627.0000    	 0.22828867E-02	 0.57280453E-05
  2627.0000    	  2628.0000    	 0.85946646E-03	 0.49072469E-05
  2628.0000    	  2629.0000    	 0.14843077E-03	 0.44073069E-05
  2629.0000    	  2630.0000    	 0.25827383E-01	 0.19689586E-04
  2630.0000    	  2631.0000    	 0.24539799E-01	 0.18203802E-04
  2631.0000    	  2632.0000    	 0.22089944E-01	 0.16409792E-04
  2632.0000    	  2633.0000    	 0.18760973E-01	 0.14507540E-04
  2633.0000    	  2634.0000    	 0.14936448E-01	 0.12553657E-04
  2634.0000    	  2635.0000    	 0.11042628E-01	 0.10565494E-04
  2635.0000    	  2636.0000    	 0.74330560E-02	 0.85999536E-05
  2636.0000    	  2637.0000    	 0.44515167E-02	 0.69373602E-05
  2637.0000    	  2638.0000    	 0.22360332E-02	 0.56718005E-05
  2638.0000    	  2639.0000    	 0.83851726E-03	 0.48764940E-05
  2639.0000    	  2640.0000    	 0.13911626E-03	 0.43682134E-05
  2640.0000    	  2641.0000    	 0.25435125E-01	 0.19469784E-04
  2641.0000    	  2642.0000    	 0.24159492E-01	 0.18034312E-04
  2642.0000    	  2643.0000    	 0.21756988E-01	 0.16256454E-04
  2643.0000    	  2644.0000    	 0.18473729E-01	 0.14368182E-04
  2644.0000    	  2645.0000    	 0.14704045E-01	 0.12433612E-04
  2645.0000    	  2646.0000    	 0.10856164E-01	 0.10531970E-04
  2646.0000    	  2647.0000    	 0.73108089E-02	 0.85240933E-05
  2647.0000    	  2648.0000    	 0.43564596E-02	 0.68459607E-05
  2648.0000    	  2649.0000    	 0.21898226E-02	 0.56323977E-05
  2649.0000    	  2650.0000    	 0.82068205E-03	 0.48207106E-05
  2650.0000    	  2651.0000    	 0.13239539E-03	 0.43150151E-05
  2651.0000    	  2652.0000    	 0.25103655E-01	 0.19295656E-04
  2652.0000    	  2653.0000    	 0.23821453E-01	 0.17851428E-04
  2653.0000    	  2654.0000    	 0.21420308E-01	 0.16094372E-04
  2654.0000    	  2655.0000    	 0.18205560E-01	 0.14242709E-04
  2655.0000    	  2656.0000    	 0.14481616E-01	 0.12315391E-04
  2656.0000    	  2657.0000    	 0.10670789E-01	 0.10335469E-04
  2657.0000    	  2658.0000    	 0.71823305E-02	 0.84237767E-05
  2658.0000    	  2659.0000    	 0.42807788E-02	 0.67872210E-05
  2659.0000    	  2660.0000    	 0.21507763E-02	 0.55718903E-05
  2660.0000    	  2661.0000    	 0.79914747E-03	 0.47613810E-05
  2661.0000    	  2662.0000    	 0.13472594E-03	 0.42713707E-05
  2662.0000    	  2663.0000    	 0.24734884E-01	 0.19096974E-04
  2663.0000    	  2664.0000    	 0.23471577E-01	 0.17676899E-04
  2664.0000    	  2665.0000    	 0.21105242E-01	 0.15947070E-04
  2665.0000    	  2666.0000    	 0.17909498E-01	 0.14092877E-04
  2666.0000    	  2667.0000    	 0.14236302E-01	 0.12187156E-04
  2667.0000    	  2668.0000    	 0.10503874E-01	 0.10242141E-04
  2668.0000    	  2669.0000    	 0.70492704E-02	 0.83384834E-05
  2669.0000    	  2670.0000    	 0.41953872E-02	 0.67096306E-05
  2670.0000    	  2671.0000    	 0.20964840E-02	 0.54978275E-05
  2671.0000    	  2672.0000    	 0.77732318E-03	 0.47044700E-05
  2672.0000    	  2673.0000    	 0.12618426E-03	 0.42157193E-05
  2673.0000    	  2674.0000    	 0.24357078E-01	 0.18894174E-04
  2674.0000    	  2675.0000    	 0.23124366E-01	 0.17510126E-04
  2675.0000    	  2676.0000    	 0.20783938E-01	 0.15791224E-04
  2676.0000    	  2677.0000    	 0.17648545E-01	 0.13977405E-04
  2677.0000    	  2678.0000    	 0.14027456E-01	 0.12072344E-04
  2678.0000    	  2679.0000    	 0.10326071E-01	 0.10135480E-04
  2679.0000    	  2680.0000    	 0.69278926E-02	 0.82531646E-05
  2680.0000    	  2681.0000    	 0.41181476E-02	 0.67318169E-05
  2681.0000    	  2682.0000    	 0.20509207E-02	 0.54488134E-05
  2682.0000    	  2683.0000    	 0.75925812E-03	 0.46670211E-05
  2683.0000    	  2684.0000    	 0.12498458E-03	 0.41801971E-05
  2684.0000    	  2685.0000    	 0.24002841E-01	 0.18704018E-04
  2685.0000    	  2686.0000    	 0.22768856E-01	 0.17322930E-04
  2686.0000    	  2687.0000    	 0.20489390E-01	 0.15655362E-04
  2687.0000    	  2688.0000    	 0.17366146E-01	 0.13834138E-04
  2688.0000    	  2689.0000    	 0.13797327E-01	 0.11953812E-04
  2689.0000    	  2690.0000    	 0.10155382E-01	 0.10036826E-04
  2690.0000    	  2691.0000    	 0.68045988E-02	 0.81683456E-05
  2691.0000    	  2692.0000    	 0.40349074E-02	 0.65722072E-05
  2692.0000    	  2693.0000    	 0.20044492E-02	 0.53814808E-05
  2693.0000    	  2694.0000    	 0.74745539E-03	 0.46216248E-05
  2694.0000    	  2695.0000    	 0.12237381E-03	 0.41364616E-05
  2695.0000    	  2696.0000    	 0.23660718E-01	 0.18526207E-04
  2696.0000    	  2697.0000    	 0.22464736E-01	 0.17171993E-04
  2697.0000    	  2698.0000    	 0.20175746E-01	 0.15510349E-04
  2698.0000    	  2699.0000    	 0.17099520E-01	 0.13700936E-04
  2699.0000    	  2700.0000    	 0.13566940E-01	 0.11828327E-04
  2700.0000    	  2701.0000    	 0.99828595E-02	 0.99274208E-05
  2701.0000    	  2702.0000    	 0.66847292E-02	 0.80886379E-05
  2702.0000    	  2703.0000    	 0.39573325E-02	 0.64995161E-05
  2703.0000    	  2704.0000    	 0.19745549E-02	 0.53453816E-05
  2704.0000    	  2705.0000    	 0.72080263E-03	 0.45780068E-05
  2705.0000    	  2706.0000    	 0.12335690E-03	 0.41362976E-05
  2706.0000    	  2707.0000    	 0.23285844E-01	 0.18326104E-04
  2707.0000    	  2708.0000    	 0.22110207E-01	 0.17000319E-04
  2708.0000    	  2709.0000    	 0.19871702E-01	 0.15357649E-04
  2709.0000    	  2710.0000    	 0.16838043E-01	 0.13577785E-04
  2710.0000    	  2711.0000    	 0.13357695E-01	 0.11726330E-04
  2711.0000    	  2712.0000    	 0.98176410E-02	 0.98551009E-05
  2712.0000    	  2713.0000    	 0.65637548E-02	 0.79948318E-05
  2713.0000    	  2714.0000    	 0.38887038E-02	 0.65528493E-05
  2714.0000    	  2715.0000    	 0.19279426E-02	 0.52942552E-05
  2715.0000    	  2716.0000    	 0.70166194E-03	 0.45441002E-05
  2716.0000    	  2717.0000    	 0.11729643E-03	 0.40621955E-05
  2717.0000    	  2718.0000    	 0.22969341E-01	 0.18153909E-04
  2718.0000    	  2719.0000    	 0.21782246E-01	 0.16834582E-04
  2719.0000    	  2720.0000    	 0.19580189E-01	 0.15223397E-04
  2720.0000    	  2721.0000    	 0.16602182E-01	 0.13466676E-04
  2721.0000    	  2722.0000    	 0.13151185E-01	 0.11615034E-04
  2722.0000    	  2723.0000    	 0.96578953E-02	 0.97279373E-05
  2723.0000    	  2724.0000    	 0.64545045E-02	 0.79215201E-05
  2724.0000    	  2725.0000    	 0.38132987E-02	 0.63789242E-05
  2725.0000    	  2726.0000    	 0.18790361E-02	 0.53120716E-05
  2726.0000    	  2727.0000    	 0.69391977E-03	 0.45018101E-05
  2727.0000    	  2728.0000    	 0.11128980E-03	 0.40072412E-05
  2728.0000    	  2729.0000    	 0.22638677E-01	 0.17977089E-04
  2729.0000    	  2730.0000    	 0.21476802E-01	 0.16685389E-04
  2730.0000    	  2731.0000    	 0.19287517E-01	 0.15081983E-04
  2731.0000    	  2732.0000    	 0.16321072E-01	 0.13308881E-04
  2732.0000    	  2733.0000    	 0.12954133E-01	 0.11500451E-04
  2733.0000    	  2734.0000    	 0.94912945E-02	 0.96240093E-05
  2734.0000    	  2735.0000    	 0.63327543E-02	 0.78356950E-05
  2735.0000    	  2736.0000    	 0.37357385E-02	 0.63055153E-05
  2736.0000    	  2737.0000    	 0.18423871E-02	 0.51763276E-05
  2737.0000    	  2738.0000    	 0.66992930E-03	 0.44384678E-05
  2738.0000    	  2739.0000    	 0.10923116E-03	 0.39746571E-05
  2739.0000    	  2740.0000    	 0.22304098E-01	 0.17797378E-04
  2740.0000    	  2741.0000    	 0.21167773E-01	 0.16535074E-04
  2741.0000    	  2742.0000    	 0.18987912E-01	 0.14935731E-04
  2742.0000    	  2743.0000    	 0.16086700E-01	 0.13201648E-04
  2743.0000    	  2744.0000    	 0.12730051E-01	 0.11389051E-04
  2744.0000    	  2745.0000    	 0.93371834E-02	 0.95275723E-05
  2745.0000    	  2746.0000    	 0.62167452E-02	 0.77476141E-05
  2746.0000    	  2747.0000    	 0.36640998E-02	 0.62375578E-05
  2747.0000    	  2748.0000    	 0.18074781E-02	 0.51311023E-05
  2748.0000    	  2749.0000    	 0.65353788E-03	 0.43894347E-05
  2749.0000    	  2750.0000    	 0.11385376E-03	 0.39638989E-05
  2750.0000    	  2751.0000    	 0.21982607E-01	 0.17630879E-04
  2751.0000    	  2752.0000    	 0.20852772E-01	 0.16373250E-04
  2752.0000    	  2753.0000    	 0.18719745E-01	 0.14807097E-04
  2753.0000    	  2754.0000    	 0.15825738E-01	 0.13067251E-04
  2754.0000    	  2755.0000    	 0.12549906E-01	 0.11283612E-04
  2755.0000    	  2756.0000    	 0.91829500E-02	 0.94376395E-05
  2756.0000    	  2757.0000    	 0.61179975E-02	 0.76743731E-05
  2757.0000    	  2758.0000    	 0.35992978E-02	 0.61854026E-05
  2758.0000    	  2759.0000    	 0.17651120E-02	 0.50754841E-05
  2759.0000    	  2760.0000    	 0.63818410E-03	 0.43566235E-05
  2760.0000    	  2761.0000    	 0.10611982E-03	 0.39017644E-05
  2761.0000    	  2762.0000    	 0.21653944E-01	 0.17457767E-04
  2762.0000    	  2763.0000    	 0.20545477E-01	 0.16221348E-04
  2763.0000    	  2764.0000    	 0.18434244E-01	 0.14670252E-04
  2764.0000    	  2765.0000    	 0.15599771E-01	 0.12953205E-04
  2765.0000    	  2766.0000    	 0.12325459E-01	 0.11155775E-04
  2766.0000    	  2767.0000    	 0.90242586E-02	 0.93350698E-05
  2767.0000    	  2768.0000    	 0.60073673E-02	 0.75917764E-05
  2768.0000    	  2769.0000    	 0.35244161E-02	 0.61145055E-05
  2769.0000    	  2770.0000    	 0.17299933E-02	 0.50242892E-05
  2770.0000    	  2771.0000    	 0.62273546E-03	 0.43109255E-05
  2771.0000    	  2772.0000    	 0.10263384E-03	 0.39638435E-05
  2772.0000    	  2773.0000    	 0.21364806E-01	 0.17304393E-04
  2773.0000    	  2774.0000    	 0.20251426E-01	 0.16080915E-04
  2774.0000    	  2775.0000    	 0.18170564E-01	 0.14542070E-04
  2775.0000    	  2776.0000    	 0.15345898E-01	 0.12822521E-04
  2776.0000    	  2777.0000    	 0.12138872E-01	 0.11040198E-04
  2777.0000    	  2778.0000    	 0.88918847E-02	 0.93218688E-05
  2778.0000    	  2779.0000    	 0.59019105E-02	 0.75192643E-05
  2779.0000    	  2780.0000    	 0.34535389E-02	 0.60503647E-05
  2780.0000    	  2781.0000    	 0.16947667E-02	 0.49773344E-05
  2781.0000    	  2782.0000    	 0.61239032E-03	 0.42680145E-05
  2782.0000    	  2783.0000    	 0.10341374E-03	 0.38710970E-05
  2783.0000    	  2784.0000    	 0.21026630E-01	 0.17124506E-04
  2784.0000    	  2785.0000    	 0.19947525E-01	 0.15931571E-04
  2785.0000    	  2786.0000    	 0.17895534E-01	 0.14410909E-04
  2786.0000    	  2787.0000    	 0.15123013E-01	 0.12707497E-04
  2787.0000    	  2788.0000    	 0.11957540E-01	 0.10950832E-04
  2788.0000    	  2789.0000    	 0.87385724E-02	 0.91522145E-05
  2789.0000    	  2790.0000    	 0.57935034E-02	 0.74391539E-05
  2790.0000    	  2791.0000    	 0.33949072E-02	 0.59969175E-05
  2791.0000    	  2792.0000    	 0.16499082E-02	 0.49168730E-05
  2792.0000    	  2793.0000    	 0.59544911E-03	 0.42257733E-05
  2793.0000    	  2794.0000    	 0.10531916E-03	 0.38192088E-05
  2794.0000    	  2795.0000    	 0.20723398E-01	 0.16968791E-04
  2795.0000    	  2796.0000    	 0.19648865E-01	 0.15780420E-04
  2796.0000    	  2797.0000    	 0.17632738E-01	 0.14281410E-04
  2797.0000    	  2798.0000    	 0.14897241E-01	 0.12594938E-04
  2798.0000    	  2799.0000    	 0.11758585E-01	 0.10827974E-04
  2799.0000    	  2800.0000    	 0.85886195E-02	 0.90611873E-05
  2800.0000    	  2801.0000    	 0.56998114E-02	 0.73695164E-05
  2801.0000    	  2802.0000    	 0.33224269E-02	 0.59269377E-05
  2802.0000    	  2803.0000    	 0.16236956E-02	 0.48803760E-05
  2803.0000    	  2804.0000    	 0.58276017E-03	 0.41947595E-05
  2804.0000    	  2805.0000    	 0.99827232E-04	 0.37645413E-05
  2805.0000    	  2806.0000    	 0.20440456E-01	 0.16814808E-04
  2806.0000    	  2807.0000    	 0.19375733E-01	 0.15644121E-04
  2807.0000    	  2808.0000    	 0.17377014E-01	 0.14156095E-04
  2808.0000    	  2809.0000    	 0.14674262E-01	 0.12473115E-04
  2809.0000    	  2810.0000    	 0.11579516E-01	 0.10728318E-04
  2810.0000    	  2811.0000    	 0.84430453E-02	 0.89597363E-05
  2811.0000    	  2812.0000    	 0.55920568E-02	 0.73489774E-05
  2812.0000    	  2813.0000    	 0.32660217E-02	 0.58730022E-05
  2813.0000    	  2814.0000    	 0.15856771E-02	 0.48229244E-05
  2814.0000    	  2815.0000    	 0.56779502E-03	 0.41434154E-05
  2815.0000    	  2816.0000    	 0.65828608E-04	 0.31398913E-05
  2816.0000    	  2817.0000    	 0.20122414E-01	 0.16648051E-04
  2817.0000    	  2818.0000    	 0.19092295E-01	 0.15516308E-04
  2818.0000    	  2819.0000    	 0.17106021E-01	 0.14024399E-04
  2819.0000    	  2820.0000    	 0.14448277E-01	 0.12372278E-04
  2820.0000    	  2821.0000    	 0.11391523E-01	 0.10614881E-04
  2821.0000    	  2822.0000    	 0.83003505E-02	 0.88664218E-05
  2822.0000    	  2823.0000    	 0.54892093E-02	 0.72439949E-05
  2823.0000    	  2824.0000    	 0.31984488E-02	 0.58089106E-05
  2824.0000    	  2825.0000    	 0.15480614E-02	 0.47698714E-05
  2825.0000    	  2826.0000    	 0.55458418E-03	 0.41639686E-05
  2826.0000    	  2827.0000    	 0.96920388E-04	 0.37306869E-05
  2827.0000    	  2828.0000    	 0.19860211E-01	 0.16510833E-04
  2828.0000    	  2829.0000    	 0.18811216E-01	 0.15363488E-04
  2829.0000    	  2830.0000    	 0.16863098E-01	 0.13898879E-04
  2830.0000    	  2831.0000    	 0.14223822E-01	 0.12235553E-04
  2831.0000    	  2832.0000    	 0.11230066E-01	 0.10526751E-04
  2832.0000    	  2833.0000    	 0.81645152E-02	 0.87840319E-05
  2833.0000    	  2834.0000    	 0.54064173E-02	 0.71466128E-05
  2834.0000    	  2835.0000    	 0.31320990E-02	 0.57439468E-05
  2835.0000    	  2836.0000    	 0.15224269E-02	 0.47406681E-05
  2836.0000    	  2837.0000    	 0.53862906E-03	 0.40625731E-05
  2837.0000    	  2838.0000    	 0.91062270E-04	 0.36789779E-05
  2838.0000    	  2839.0000    	 0.19568985E-01	 0.16360703E-04
  2839.0000    	  2840.0000    	 0.18529544E-01	 0.15230247E-04
  2840.0000    	  2841.0000    	 0.16607521E-01	 0.13770329E-04
  2841.0000    	  2842.0000    	 0.14013458E-01	 0.12128270E-04
  2842.0000    	  2843.0000    	 0.11025841E-01	 0.10397773E-04
  2843.0000    	  2844.0000    	 0.80334541E-02	 0.86931512E-05
  2844.0000    	  2845.0000    	 0.53076023E-02	 0.71100166E-05
  2845.0000    	  2846.0000    	 0.30846627E-02	 0.57031729E-05
  2846.0000    	  2847.0000    	 0.14864431E-02	 0.46968600E-05
  2847.0000    	  2848.0000    	 0.52547232E-03	 0.40286547E-05
  2848.0000    	  2849.0000    	 0.94941873E-04	 0.36414342E-05
  2849.0000    	  2850.0000    	 0.19267470E-01	 0.16203370E-04
  2850.0000    	  2851.0000    	 0.18253455E-01	 0.15084897E-04
  2851.0000    	  2852.0000    	 0.16361150E-01	 0.13651033E-04
  2852.0000    	  2853.0000    	 0.13788659E-01	 0.12004753E-04
  2853.0000    	  2854.0000    	 0.10870180E-01	 0.10312569E-04
  2854.0000    	  2855.0000    	 0.78941546E-02	 0.86038780E-05
  2855.0000    	  2856.0000    	 0.52086180E-02	 0.69986486E-05
  2856.0000    	  2857.0000    	 0.30163602E-02	 0.56337950E-05
  2857.0000    	  2858.0000    	 0.14461362E-02	 0.46257795E-05
  2858.0000    	  2859.0000    	 0.51058046E-03	 0.39766483E-05
  2859.0000    	  2860.0000    	 0.89175387E-04	 0.36057510E-05
  2860.0000    	  2861.0000    	 0.18979793E-01	 0.16142334E-04
  2861.0000    	  2862.0000    	 0.17990845E-01	 0.14963200E-04
  2862.0000    	  2863.0000    	 0.16138860E-01	 0.13560199E-04
  2863.0000    	  2864.0000    	 0.13578465E-01	 0.11891273E-04
  2864.0000    	  2865.0000    	 0.10684071E-01	 0.10204294E-04
  2865.0000    	  2866.0000    	 0.77734879E-02	 0.87205614E-05
  2866.0000    	  2867.0000    	 0.51086162E-02	 0.69147616E-05
  2867.0000    	  2868.0000    	 0.29645773E-02	 0.55992594E-05
  2868.0000    	  2869.0000    	 0.14270145E-02	 0.45943624E-05
  2869.0000    	  2870.0000    	 0.50045217E-03	 0.39491652E-05
  2870.0000    	  2871.0000    	 0.88968408E-04	 0.35500912E-05
  2871.0000    	  2872.0000    	 0.18711318E-01	 0.15918056E-04
  2872.0000    	  2873.0000    	 0.17735150E-01	 0.14831234E-04
  2873.0000    	  2874.0000    	 0.15879798E-01	 0.13407098E-04
  2874.0000    	  2875.0000    	 0.13365856E-01	 0.11775293E-04
  2875.0000    	  2876.0000    	 0.10531131E-01	 0.10113820E-04
  2876.0000    	  2877.0000    	 0.76374043E-02	 0.84339616E-05
  2877.0000    	  2878.0000    	 0.50313835E-02	 0.68666835E-05
  2878.0000    	  2879.0000    	 0.29003024E-02	 0.55383275E-05
  2879.0000    	  2880.0000    	 0.13884151E-02	 0.45407561E-05
  2880.0000    	  2881.0000    	 0.48456559E-03	 0.38943874E-05
  2881.0000    	  2882.0000    	 0.87474257E-04	 0.35514067E-05
  2882.0000    	  2883.0000    	 0.18450832E-01	 0.15784566E-04
  2883.0000    	  2884.0000    	 0.17480237E-01	 0.14706535E-04
  2884.0000    	  2885.0000    	 0.15641734E-01	 0.13277434E-04
  2885.0000    	  2886.0000    	 0.13175894E-01	 0.11665423E-04
  2886.0000    	  2887.0000    	 0.10357456E-01	 0.10005891E-04
  2887.0000    	  2888.0000    	 0.75169942E-02	 0.83566645E-05
  2888.0000    	  2889.0000    	 0.49423247E-02	 0.67912187E-05
  2889.0000    	  2890.0000    	 0.28509458E-02	 0.54788020E-05
  2890.0000    	  2891.0000    	 0.13585515E-02	 0.45041968E-05
  2891.0000    	  2892.0000    	 0.48269481E-03	 0.38926726E-05
  2892.0000    	  2893.0000    	 0.83559775E-04	 0.34940105E-05
  2893.0000    	  2894.0000    	 0.18173877E-01	 0.15659141E-04
  2894.0000    	  2895.0000    	 0.17220066E-01	 0.14574942E-04
  2895.0000    	  2896.0000    	 0.15418241E-01	 0.13166686E-04
  2896.0000    	  2897.0000    	 0.12985142E-01	 0.11572346E-04
  2897.0000    	  2898.0000    	 0.10189066E-01	 0.99048965E-05
  2898.0000    	  2899.0000    	 0.73992020E-02	 0.82757247E-05
  2899.0000    	  2900.0000    	 0.48499846E-02	 0.67164987E-05
  2900.0000    	  2901.0000    	 0.27892629E-02	 0.54128278E-05
  2901.0000    	  2902.0000    	 0.13413296E-02	 0.44812404E-05
  2902.0000    	  2903.0000    	 0.46459661E-03	 0.38358129E-05
  2903.0000    	  2904.0000    	 0.87105231E-04	 0.34694761E-05
  2904.0000    	  2905.0000    	 0.17926229E-01	 0.15517146E-04
  2905.0000    	  2906.0000    	 0.16958159E-01	 0.14442569E-04
  2906.0000    	  2907.0000    	 0.15176003E-01	 0.13035340E-04
  2907.0000    	  2908.0000    	 0.12781575E-01	 0.11459708E-04
  2908.0000    	  2909.0000    	 0.10056775E-01	 0.98373800E-05
  2909.0000    	  2910.0000    	 0.72618038E-02	 0.81748908E-05
  2910.0000    	  2911.0000    	 0.47619957E-02	 0.66503834E-05
  2911.0000    	  2912.0000    	 0.27480996E-02	 0.53695331E-05
  2912.0000    	  2913.0000    	 0.13042120E-02	 0.44140679E-05
  2913.0000    	  2914.0000    	 0.45021973E-03	 0.37908227E-05
  2914.0000    	  2915.0000    	 0.81936936E-04	 0.34876259E-05
  2915.0000    	  2916.0000    	 0.17674376E-01	 0.15384830E-04
  2916.0000    	  2917.0000    	 0.16726336E-01	 0.14324111E-04
  2917.0000    	  2918.0000    	 0.14968866E-01	 0.12927274E-04
  2918.0000    	  2919.0000    	 0.12575358E-01	 0.11379518E-04
  2919.0000    	  2920.0000    	 0.98692823E-02	 0.97036092E-05
  2920.0000    	  2921.0000    	 0.71519834E-02	 0.81049591E-05
  2921.0000    	  2922.0000    	 0.46774544E-02	 0.65792591E-05
  2922.0000    	  2923.0000    	 0.26884810E-02	 0.53072335E-05
  2923.0000    	  2924.0000    	 0.12792705E-02	 0.43728677E-05
  2924.0000    	  2925.0000    	 0.44665806E-03	 0.37776586E-05
  2925.0000    	  2926.0000    	 0.78207789E-04	 0.34171746E-05
  2926.0000    	  2927.0000    	 0.17402325E-01	 0.15252935E-04
  2927.0000    	  2928.0000    	 0.16492506E-01	 0.14207470E-04
  2928.0000    	  2929.0000    	 0.14735824E-01	 0.12801036E-04
  2929.0000    	  2930.0000    	 0.12402350E-01	 0.11240411E-04
  2930.0000    	  2931.0000    	 0.97269586E-02	 0.96292024E-05
  2931.0000    	  2932.0000    	 0.70308048E-02	 0.80205655E-05
  2932.0000    	  2933.0000    	 0.45954265E-02	 0.65255927E-05
  2933.0000    	  2934.0000    	 0.26333758E-02	 0.52720870E-05
  2934.0000    	  2935.0000    	 0.12476796E-02	 0.43176407E-05
  2935.0000    	  2936.0000    	 0.43776583E-03	 0.37411243E-05
  2936.0000    	  2937.0000    	 0.80922550E-04	 0.33597650E-05
  2937.0000    	  2938.0000    	 0.17150541E-01	 0.15125067E-04
  2938.0000    	  2939.0000    	 0.16228467E-01	 0.14073824E-04
  2939.0000    	  2940.0000    	 0.14520503E-01	 0.12689649E-04
  2940.0000    	  2941.0000    	 0.12199975E-01	 0.11124873E-04
  2941.0000    	  2942.0000    	 0.95764875E-02	 0.95290458E-05
  2942.0000    	  2943.0000    	 0.69093872E-02	 0.79496078E-05
  2943.0000    	  2944.0000    	 0.45179291E-02	 0.64532482E-05
  2944.0000    	  2945.0000    	 0.25812849E-02	 0.52045436E-05
  2945.0000    	  2946.0000    	 0.12212623E-02	 0.42833091E-05
  2946.0000    	  2947.0000    	 0.41614565E-03	 0.36891544E-05
  2947.0000    	  2948.0000    	 0.83984371E-04	 0.33643809E-05
  2948.0000    	  2949.0000    	 0.16912882E-01	 0.15007382E-04
  2949.0000    	  2950.0000    	 0.16023002E-01	 0.13970516E-04
  2950.0000    	  2951.0000    	 0.14305893E-01	 0.12581989E-04
  2951.0000    	  2952.0000    	 0.12026362E-01	 0.11026510E-04
  2952.0000    	  2953.0000    	 0.94163264E-02	 0.94418700E-05
  2953.0000    	  2954.0000    	 0.68038374E-02	 0.78667515E-05
  2954.0000    	  2955.0000    	 0.44434317E-02	 0.63973324E-05
  2955.0000    	  2956.0000    	 0.25433477E-02	 0.51580952E-05
  2956.0000    	  2957.0000    	 0.12024886E-02	 0.42597431E-05
  2957.0000    	  2958.0000    	 0.41596664E-03	 0.36682233E-05
  2958.0000    	  2959.0000    	 0.79135698E-04	 0.33221095E-05
  2959.0000    	  2960.0000    	 0.16671770E-01	 0.14886397E-04
  2960.0000    	  2961.0000    	 0.15781744E-01	 0.13839299E-04
  2961.0000    	  2962.0000    	 0.14107291E-01	 0.12469180E-04
  2962.0000    	  2963.0000    	 0.11837539E-01	 0.10914601E-04
  2963.0000    	  2964.0000    	 0.92777807E-02	 0.93473533E-05
  2964.0000    	  2965.0000    	 0.66909293E-02	 0.77872579E-05
  2965.0000    	  2966.0000    	 0.43476673E-02	 0.63169590E-05
  2966.0000    	  2967.0000    	 0.24803230E-02	 0.50962584E-05
  2967.0000    	  2968.0000    	 0.11637513E-02	 0.42476512E-05
  2968.0000    	  2969.0000    	 0.40264917E-03	 0.36485324E-05
  2969.0000    	  2970.0000    	 0.76648557E-04	 0.33929750E-05
  2970.0000    	  2971.0000    	 0.16422730E-01	 0.14757651E-04
  2971.0000    	  2972.0000    	 0.15538116E-01	 0.13716628E-04
  2972.0000    	  2973.0000    	 0.13893545E-01	 0.12357101E-04
  2973.0000    	  2974.0000    	 0.11649122E-01	 0.10803146E-04
  2974.0000    	  2975.0000    	 0.91282921E-02	 0.92515233E-05
  2975.0000    	  2976.0000    	 0.65713135E-02	 0.77030531E-05
  2976.0000    	  2977.0000    	 0.42853787E-02	 0.62632930E-05
  2977.0000    	  2978.0000    	 0.24413589E-02	 0.50571148E-05
  2978.0000    	  2979.0000    	 0.11402138E-02	 0.41507736E-05
  2979.0000    	  2980.0000    	 0.39381180E-03	 0.35904928E-05
  2980.0000    	  2981.0000    	 0.79248062E-04	 0.32534093E-05
  2981.0000    	  2982.0000    	 0.16195258E-01	 0.14644760E-04
  2982.0000    	  2983.0000    	 0.15324070E-01	 0.13609263E-04
  2983.0000    	  2984.0000    	 0.13675387E-01	 0.12229692E-04
  2984.0000    	  2985.0000    	 0.11498822E-01	 0.10719630E-04
  2985.0000    	  2986.0000    	 0.89821948E-02	 0.91619878E-05
  2986.0000    	  2987.0000    	 0.64645576E-02	 0.76311959E-05
  2987.0000    	  2988.0000    	 0.42090277E-02	 0.62051782E-05
  2988.0000    	  2989.0000    	 0.23897462E-02	 0.49920349E-05
  2989.0000    	  2990.0000    	 0.11255917E-02	 0.41226374E-05
  2990.0000    	  2991.0000    	 0.38421780E-03	 0.35702581E-05
  2991.0000    	  2992.0000    	 0.71376634E-04	 0.32028092E-05
  2992.0000    	  2993.0000    	 0.15956407E-01	 0.14529995E-04
  2993.0000    	  2994.0000    	 0.15110431E-01	 0.13501205E-04
  2994.0000    	  2995.0000    	 0.13492463E-01	 0.12135337E-04
  2995.0000    	  2996.0000    	 0.11314190E-01	 0.10614832E-04
  2996.0000    	  2997.0000    	 0.88441157E-02	 0.90698422E-05
  2997.0000    	  2998.0000    	 0.63657327E-02	 0.75730439E-05
  2998.0000    	  2999.0000    	 0.41219618E-02	 0.61218810E-05
  2999.0000    	  3000.0000    	 0.23428265E-02	 0.49758354E-05
  3000.0000    	  3001.0000    	 0.10964749E-02	 0.41050931E-05
  3001.0000    	  3002.0000    	 0.37618332E-03	 0.35365627E-05
  3002.0000    	  3003.0000    	 0.70519054E-04	 0.31311052E-05
  3003.0000    	  3004.0000    	 0.15744480E-01	 0.14429172E-04
  3004.0000    	  3005.0000    	 0.14872842E-01	 0.13380894E-04
  3005.0000    	  3006.0000    	 0.13289659E-01	 0.12018795E-04
  3006.0000    	  3007.0000    	 0.11142400E-01	 0.10509326E-04
  3007.0000    	  3008.0000    	 0.87018005E-02	 0.89832315E-05
  3008.0000    	  3009.0000    	 0.62600950E-02	 0.74920343E-05
  3009.0000    	  3010.0000    	 0.40618591E-02	 0.60844723E-05
  3010.0000    	  3011.0000    	 0.23017847E-02	 0.49045381E-05
  3011.0000    	  3012.0000    	 0.10748305E-02	 0.40457675E-05
  3012.0000    	  3013.0000    	 0.36297622E-03	 0.34953792E-05
  3013.0000    	  3014.0000    	 0.77187751E-04	 0.31735561E-05
  3014.0000    	  3015.0000    	 0.15499773E-01	 0.14332102E-04
  3015.0000    	  3016.0000    	 0.14671178E-01	 0.13271733E-04
  3016.0000    	  3017.0000    	 0.13099423E-01	 0.11915695E-04
  3017.0000    	  3018.0000    	 0.10976172E-01	 0.10408029E-04
  3018.0000    	  3019.0000    	 0.85728792E-02	 0.88909720E-05
  3019.0000    	  3020.0000    	 0.61451214E-02	 0.73989234E-05
  3020.0000    	  3021.0000    	 0.39851630E-02	 0.60254966E-05
  3021.0000    	  3022.0000    	 0.22579568E-02	 0.48671980E-05
  3022.0000    	  3023.0000    	 0.10518254E-02	 0.40026576E-05
  3023.0000    	  3024.0000    	 0.35814939E-03	 0.34646132E-05
  3024.0000    	  3025.0000    	 0.75110184E-04	 0.31236799E-05
  3025.0000    	  3026.0000    	 0.15289214E-01	 0.14200243E-04
  3026.0000    	  3027.0000    	 0.14457207E-01	 0.13160845E-04
  3027.0000    	  3028.0000    	 0.12889365E-01	 0.11800140E-04
  3028.0000    	  3029.0000    	 0.10803067E-01	 0.10311879E-04
  3029.0000    	  3030.0000    	 0.84357298E-02	 0.88173457E-05
  3030.0000    	  3031.0000    	 0.60489202E-02	 0.73365225E-05
  3031.0000    	  3032.0000    	 0.39131260E-02	 0.60038653E-05
  3032.0000    	  3033.0000    	 0.22087737E-02	 0.47895285E-05
  3033.0000    	  3034.0000    	 0.10199588E-02	 0.39497982E-05
  3034.0000    	  3035.0000    	 0.34924709E-03	 0.34661118E-05
  3035.0000    	  3036.0000    	 0.71774826E-04	 0.31105655E-05
  3036.0000    	  3037.0000    	 0.15057528E-01	 0.14100527E-04
  3037.0000    	  3038.0000    	 0.14244302E-01	 0.13047468E-04
  3038.0000    	  3039.0000    	 0.12707733E-01	 0.11691781E-04
  3039.0000    	  3040.0000    	 0.10640879E-01	 0.10212078E-04
  3040.0000    	  3041.0000    	 0.83049320E-02	 0.87296200E-05
  3041.0000    	  3042.0000    	 0.59498273E-02	 0.72694434E-05
  3042.0000    	  3043.0000    	 0.38468766E-02	 0.58980296E-05
  3043.0000    	  3044.0000    	 0.21666824E-02	 0.47508958E-05
  3044.0000    	  3045.0000    	 0.10069797E-02	 0.39367659E-05
  3045.0000    	  3046.0000    	 0.33944487E-03	 0.34036097E-05
  3046.0000    	  3047.0000    	 0.71129847E-04	 0.30830956E-05
  3047.0000    	  3048.0000    	 0.14858522E-01	 0.13987734E-04
  3048.0000    	  3049.0000    	 0.14038685E-01	 0.12941465E-04
  3049.0000    	  3050.0000    	 0.12526125E-01	 0.11589004E-04
  3050.0000    	  3051.0000    	 0.10481712E-01	 0.10123587E-04
  3051.0000    	  3052.0000    	 0.81616686E-02	 0.86390513E-05
  3052.0000    	  3053.0000    	 0.58581444E-02	 0.72010037E-05
  3053.0000    	  3054.0000    	 0.37734171E-02	 0.58372734E-05
  3054.0000    	  3055.0000    	 0.21302785E-02	 0.47174536E-05
  3055.0000    	  3056.0000    	 0.97827680E-03	 0.38815329E-05
  3056.0000    	  3057.0000    	 0.33340693E-03	 0.33723914E-05
  3057.0000    	  3058.0000    	 0.69120884E-04	 0.30691187E-05
  3058.0000    	  3059.0000    	 0.14646842E-01	 0.13881687E-04
  3059.0000    	  3060.0000    	 0.13841218E-01	 0.12849141E-04
  3060.0000    	  3061.0000    	 0.12343552E-01	 0.11539922E-04
  3061.0000    	  3062.0000    	 0.10326112E-01	 0.10018757E-04
  3062.0000    	  3063.0000    	 0.80332019E-02	 0.85607713E-05
  3063.0000    	  3064.0000    	 0.57521741E-02	 0.71269124E-05
  3064.0000    	  3065.0000    	 0.37122149E-02	 0.57823911E-05
  3065.0000    	  3066.0000    	 0.20874721E-02	 0.46626084E-05
  3066.0000    	  3067.0000    	 0.96268927E-03	 0.38581766E-05
  3067.0000    	  3068.0000    	 0.32173092E-03	 0.33500262E-05
  3068.0000    	  3069.0000    	 0.69646506E-04	 0.30249366E-05
  3069.0000    	  3070.0000    	 0.14435411E-01	 0.13772090E-04
  3070.0000    	  3071.0000    	 0.13629155E-01	 0.12720305E-04
  3071.0000    	  3072.0000    	 0.12160805E-01	 0.11436424E-04
  3072.0000    	  3073.0000    	 0.10172055E-01	 0.99247718E-05
  3073.0000    	  3074.0000    	 0.79191685E-02	 0.84857011E-05
  3074.0000    	  3075.0000    	 0.56666947E-02	 0.70657935E-05
  3075.0000    	  3076.0000    	 0.36489887E-02	 0.57276770E-05
  3076.0000    	  3077.0000    	 0.20406423E-02	 0.46113699E-05
  3077.0000    	  3078.0000    	 0.93836733E-03	 0.38060026E-05
  3078.0000    	  3079.0000    	 0.31947843E-03	 0.33202751E-05
  3079.0000    	  3080.0000    	 0.71708265E-04	 0.30115791E-05
  3080.0000    	  3081.0000    	 0.14218850E-01	 0.13669387E-04
  3081.0000    	  3082.0000    	 0.13448190E-01	 0.12627447E-04
  3082.0000    	  3083.0000    	 0.11977072E-01	 0.11281502E-04
  3083.0000    	  3084.0000    	 0.10020218E-01	 0.98369213E-05
  3084.0000    	  3085.0000    	 0.77876182E-02	 0.83962184E-05
  3085.0000    	  3086.0000    	 0.55616260E-02	 0.71224489E-05
  3086.0000    	  3087.0000    	 0.35788641E-02	 0.56658909E-05
  3087.0000    	  3088.0000    	 0.20090610E-02	 0.45673297E-05
  3088.0000    	  3089.0000    	 0.92398362E-03	 0.37905810E-05
  3089.0000    	  3090.0000    	 0.30611447E-03	 0.32689575E-05
  3090.0000    	  3091.0000    	 0.69174852E-04	 0.29790995E-05
  3091.0000    	  3092.0000    	 0.14020598E-01	 0.13565000E-04
  3092.0000    	  3093.0000    	 0.13250683E-01	 0.12532488E-04
  3093.0000    	  3094.0000    	 0.11803293E-01	 0.11184952E-04
  3094.0000    	  3095.0000    	 0.98707072E-02	 0.97460154E-05
  3095.0000    	  3096.0000    	 0.76703803E-02	 0.83175465E-05
  3096.0000    	  3097.0000    	 0.54784362E-02	 0.69337224E-05
  3097.0000    	  3098.0000    	 0.35251149E-02	 0.56222474E-05
  3098.0000    	  3099.0000    	 0.19628813E-02	 0.45218388E-05
  3099.0000    	  3100.0000    	 0.90099755E-03	 0.37446870E-05
  3100.0000    	  3101.0000    	 0.30214642E-03	 0.32581132E-05
  3101.0000    	  3102.0000    	 0.66380082E-04	 0.29353999E-05
  3102.0000    	  3103.0000    	 0.13824885E-01	 0.13463278E-04
  3103.0000    	  3104.0000    	 0.13073375E-01	 0.12440297E-04
  3104.0000    	  3105.0000    	 0.11626398E-01	 0.11085207E-04
  3105.0000    	  3106.0000    	 0.97168649E-02	 0.96589823E-05
  3106.0000    	  3107.0000    	 0.75476176E-02	 0.82489925E-05
  3107.0000    	  3108.0000    	 0.53914724E-02	 0.68704057E-05
  3108.0000    	  3109.0000    	 0.34445893E-02	 0.55532884E-05
  3109.0000    	  3110.0000    	 0.19227549E-02	 0.44655827E-05
  3110.0000    	  3111.0000    	 0.87824591E-03	 0.37147916E-05
  3111.0000    	  3112.0000    	 0.19759546E-03	 0.26690000E-05
  3112.0000    	  3113.0000    	 0.71410022E-04	 0.29381485E-05
  3113.0000    	  3114.0000    	 0.13600717E-01	 0.13368706E-04
  3114.0000    	  3115.0000    	 0.12863146E-01	 0.12321625E-04
  3115.0000    	  3116.0000    	 0.11454014E-01	 0.10983966E-04
  3116.0000    	  3117.0000    	 0.95632782E-02	 0.95615643E-05
  3117.0000    	  3118.0000    	 0.74417856E-02	 0.81750073E-05
  3118.0000    	  3119.0000    	 0.52967884E-02	 0.67937794E-05
  3119.0000    	  3120.0000    	 0.33949058E-02	 0.55018402E-05
  3120.0000    	  3121.0000    	 0.18965987E-02	 0.44440578E-05
  3121.0000    	  3122.0000    	 0.86234693E-03	 0.36682257E-05
  3122.0000    	  3123.0000    	 0.28721254E-03	 0.31978102E-05
  3123.0000    	  3124.0000    	 0.65559937E-04	 0.28674258E-05
