-0.00325336,-0.00322454,-0.00317235,-0.00311376,-0.00305281,-0.00300548,-0.00297579,-0.00295245,-0.00293875,-0.00291084,-0.00286391
-0.00329022,-0.00326117,-0.00320678,-0.00314932,-0.00308075,-0.00302819,-0.00297966,-0.0029379,-0.00289823,-0.00284661,-0.00277515
-0.00327976,-0.0032535,-0.00320359,-0.00314097,-0.0030728,-0.00300822,-0.0029509,-0.00289254,-0.00283462,-0.00276222,-0.00267011
-0.00323514,-0.00320785,-0.00316033,-0.00309975,-0.00302806,-0.00295961,-0.00289031,-0.00281924,-0.00274405,-0.00265609,-0.00254894
-0.00321737,-0.00319054,-0.0031434,-0.00308247,-0.00300839,-0.00293396,-0.00285485,-0.00277174,-0.002682,-0.00257988,-0.00245962
-0.00320263,-0.00317562,-0.0031288,-0.00306661,-0.0029904,-0.00291103,-0.00282269,-0.00272894,-0.00262743,-0.0025137,-0.00238092
-0.00315729,-0.00313134,-0.00308541,-0.00302322,-0.00294546,-0.00286058,-0.0027657,-0.00266335,-0.00255182,-0.00242808,-0.00228891
-0.00312147,-0.00309557,-0.00305009,-0.00298679,-0.00290804,-0.00281829,-0.00271731,-0.00260726,-0.00248747,-0.00235594,-0.00221009
-0.00308029,-0.00305485,-0.00300894,-0.00294549,-0.00286408,-0.00277076,-0.00266428,-0.00254781,-0.00242097,-0.00228274,-0.0021322
-0.00304422,-0.00301829,-0.00297286,-0.00290835,-0.00282539,-0.00272749,-0.00261605,-0.00249432,-0.00236098,-0.0022176,-0.00206314
-0.0029988,-0.00297453,-0.00292697,-0.00286204,-0.00277736,-0.00267783,-0.00256144,-0.00243479,-0.00229753,-0.0021501,-0.00199297
-0.00295928,-0.00293451,-0.00288672,-0.00282179,-0.00273445,-0.00263086,-0.00251144,-0.00238157,-0.00223883,-0.00208852,-0.00192849
-0.0029078,-0.00288209,-0.00283577,-0.00276834,-0.00267988,-0.00257428,-0.00245241,-0.0023189,-0.00217511,-0.00202144,-0.00186135
-0.0028638,-0.00283911,-0.00279067,-0.00272289,-0.00263304,-0.00252518,-0.0024007,-0.00226451,-0.00211796,-0.00196359,-0.00180235
-0.00281314,-0.00278765,-0.00273946,-0.00267027,-0.00257951,-0.00246982,-0.00234359,-0.00220564,-0.00205751,-0.00190225,-0.00174111
-0.00277398,-0.00274966,-0.00269916,-0.00262977,-0.00253735,-0.00242665,-0.00229778,-0.00215783,-0.00200825,-0.00185199,-0.00169088
-0.00273173,-0.00270604,-0.00265646,-0.00258421,-0.00249187,-0.00237913,-0.00224943,-0.00210807,-0.00195749,-0.0018005,-0.00163938
-0.00268185,-0.00265636,-0.0026059,-0.00253459,-0.00244039,-0.00232621,-0.00219577,-0.00205414,-0.00190324,-0.00174717,-0.00158752
-0.00263549,-0.00260865,-0.002559,-0.0024866,-0.00239094,-0.00227589,-0.00214516,-0.00200352,-0.00185241,-0.00169681,-0.00153788
-0.00259429,-0.00256814,-0.00251683,-0.002445,-0.00234798,-0.00223171,-0.00210029,-0.00195818,-0.00180734,-0.00165186,-0.00149434
-0.00254705,-0.00252013,-0.00246967,-0.00239603,-0.00229929,-0.0021831,-0.00205154,-0.00190974,-0.00175917,-0.00160488,-0.00144856
-0.00250393,-0.00247819,-0.00242616,-0.00235275,-0.00225533,-0.00213929,-0.0020078,-0.00186539,-0.00171564,-0.00156269,-0.00140803
-0.00246193,-0.00243469,-0.00238453,-0.00230928,-0.00221212,-0.00209548,-0.00196469,-0.00182256,-0.00167313,-0.00152078,-0.00136713
-0.00241759,-0.00239132,-0.00233943,-0.00226461,-0.00216738,-0.00205168,-0.0019208,-0.00177966,-0.0016314,-0.00148053,-0.00132922
-0.00237395,-0.00234743,-0.00229731,-0.00222119,-0.00212379,-0.00200819,-0.00187807,-0.00173795,-0.00159071,-0.00144109,-0.00129079
-0.00232496,-0.00229839,-0.00224719,-0.0021726,-0.00207563,-0.00196017,-0.00183132,-0.00169225,-0.00154682,-0.0013993,-0.00125114
-0.00228503,-0.00225907,-0.00220768,-0.00213317,-0.0020372,-0.00192218,-0.00179416,-0.00165595,-0.00151118,-0.00136527,-0.00121867
-0.00224258,-0.00221637,-0.00216494,-0.00209128,-0.00199473,-0.00188019,-0.00175342,-0.00161628,-0.00147371,-0.00132908,-0.0011842
-0.00219918,-0.00217342,-0.0021226,-0.00204817,-0.0019532,-0.00184006,-0.00171409,-0.00157866,-0.0014372,-0.00129439,-0.00115159
-0.00216143,-0.00213521,-0.00208423,-0.0020106,-0.00191575,-0.00180353,-0.0016792,-0.00154428,-0.00140468,-0.00126379,-0.00112255
-0.00211689,-0.0020914,-0.00204162,-0.00196773,-0.00187446,-0.00176317,-0.00163959,-0.00150726,-0.00136911,-0.00122963,-0.00109027
-0.00207353,-0.00204793,-0.00199831,-0.00192597,-0.00183275,-0.00172266,-0.0016007,-0.00146984,-0.0013337,-0.00119636,-0.00105932
-0.00203248,-0.00200732,-0.00195815,-0.00188606,-0.00179409,-0.00168534,-0.00156494,-0.00143561,-0.00130132,-0.00116574,-0.00103078
-0.00199214,-0.00196739,-0.0019187,-0.00184725,-0.00175656,-0.00164895,-0.00153008,-0.00140256,-0.00126995,-0.0011363,-0.00100328
-0.0019537,-0.00192888,-0.00188074,-0.00181032,-0.00172029,-0.00161416,-0.00149676,-0.00137066,-0.00124023,-0.00110829,-0.000976909
-0.00191368,-0.00188915,-0.00184179,-0.00177202,-0.00168326,-0.00157864,-0.0014626,-0.00133859,-0.0012098,-0.00107993,-0.000951028
-0.00187391,-0.00185007,-0.001803,-0.00173403,-0.00164663,-0.00154379,-0.00142942,-0.00130707,-0.0011804,-0.00105234,-0.000925219
-0.00183491,-0.00181138,-0.00176496,-0.00169676,-0.00161067,-0.00150946,-0.00139686,-0.0012763,-0.00115162,-0.00102545,-0.000900285
-0.00179753,-0.00177341,-0.00172841,-0.00166107,-0.00157581,-0.00147638,-0.00136535,-0.00124669,-0.00112396,-0.000999766,-0.000876464
-0.00176058,-0.00173748,-0.00169266,-0.0016268,-0.00154286,-0.00144457,-0.00133487,-0.00121831,-0.00109712,-0.000974952,-0.000853981
-0.00172069,-0.00169826,-0.00165409,-0.00158864,-0.00150677,-0.0014102,-0.00130266,-0.00118802,-0.00106916,-0.000948819,-0.000830095
-0.00168388,-0.00166164,-0.00161827,-0.0015541,-0.00147321,-0.00137833,-0.00127266,-0.00115995,-0.00104314,-0.000924787,-0.000807891
-0.00164799,-0.00162606,-0.00158348,-0.00152021,-0.00144086,-0.00134736,-0.00124363,-0.00113273,-0.00101781,-0.000901403,-0.000786341
-0.00161133,-0.00158981,-0.00154783,-0.00148565,-0.00140782,-0.00131651,-0.00121419,-0.00110539,-0.000992431,-0.000878137,-0.000765161
-0.00157781,-0.00155756,-0.00151576,-0.00145426,-0.00137838,-0.00128862,-0.00118781,-0.00108114,-0.000969568,-0.000857373,-0.000745865
-0.00154066,-0.00152032,-0.00147963,-0.00141987,-0.00134463,-0.00125662,-0.00115798,-0.00105316,-0.000944036,-0.000833601,-0.000724748
-0.00150749,-0.00148732,-0.00144759,-0.0013889,-0.00131513,-0.00122861,-0.00113185,-0.00102863,-0.000921331,-0.000812907,-0.000705824
-0.00147266,-0.00145324,-0.001414,-0.00135614,-0.00128392,-0.00119949,-0.00110434,-0.00100324,-0.000897815,-0.000791694,-0.000686423
-0.00143911,-0.00142023,-0.00138176,-0.00132547,-0.00125438,-0.00117128,-0.00107809,-0.000979078,-0.000875711,-0.000771081,-0.000668047
-0.00140778,-0.00138905,-0.00135143,-0.00129622,-0.0012264,-0.00114493,-0.00105363,-0.000956238,-0.000854671,-0.000752036,-0.000650721
-0.00137474,-0.00135656,-0.00131969,-0.00126559,-0.00119734,-0.0011175,-0.00102785,-0.00093256,-0.00083297,-0.000732205,-0.000632885
-0.0013439,-0.001326,-0.00128998,-0.00123698,-0.00117002,-0.00109183,-0.00100386,-0.000910168,-0.000812573,-0.000713594,-0.000616148
-0.00131433,-0.00129594,-0.00126113,-0.00120905,-0.00114335,-0.00106677,-0.00098059,-0.000888643,-0.00079268,-0.000695658,-0.000599785
-0.00128235,-0.00126506,-0.00123059,-0.00117956,-0.00111557,-0.0010407,-0.000956288,-0.000866297,-0.000772239,-0.000677143,-0.000583233
-0.00125171,-0.00123485,-0.00120117,-0.00115131,-0.0010888,-0.00101548,-0.000932777,-0.000844653,-0.000752488,-0.0006592,-0.000567255
-0.0012245,-0.00120771,-0.00117493,-0.00112603,-0.00106478,-0.000992877,-0.00091172,-0.000825399,-0.000734863,-0.000643261,-0.000552813
-0.00119512,-0.00117926,-0.00114655,-0.00109899,-0.00103924,-0.000969032,-0.000889467,-0.000804948,-0.000716142,-0.000626453,-0.000537821
-0.00116659,-0.00115084,-0.00111924,-0.00107264,-0.00101413,-0.000945337,-0.000867582,-0.000784684,-0.000697754,-0.00060971,-0.000522953
-0.00113865,-0.00112323,-0.00109241,-0.00104693,-0.000989643,-0.000922428,-0.000846286,-0.00076509,-0.000679987,-0.000593736,-0.000508654
-0.00111302,-0.00109787,-0.00106769,-0.0010233,-0.000967143,-0.000901376,-0.000826764,-0.000747177,-0.000663713,-0.000579008,-0.00049553
-0.00108785,-0.00107341,-0.00104365,-0.000999987,-0.000945262,-0.000881091,-0.000807829,-0.000729644,-0.000647646,-0.000564815,-0.000482747
-0.0010608,-0.00104643,-0.00101762,-0.000975174,-0.000921688,-0.000858655,-0.000787192,-0.000710851,-0.000630698,-0.000549342,-0.000469131
-0.00103506,-0.00102104,-0.000992915,-0.000951545,-0.000899228,-0.000837682,-0.000767786,-0.000693005,-0.00061454,-0.000534861,-0.000456289
-0.00101099,-0.00099718,-0.000969898,-0.000929419,-0.00087823,-0.000818028,-0.000749534,-0.000676454,-0.000599514,-0.000521371,-0.000444244
-0.000986972,-0.000973612,-0.000946786,-0.000907383,-0.000857377,-0.000798456,-0.000731513,-0.000659784,-0.000584442,-0.000507835,-0.000432381
-0.000964226,-0.000951171,-0.000925043,-0.000886452,-0.000837584,-0.000779952,-0.000714497,-0.000644106,-0.000570269,-0.00049509,-0.000421123
-0.000941289,-0.000928653,-0.00090293,-0.000865474,-0.000817699,-0.000761313,-0.000697115,-0.000628394,-0.000556097,-0.000482382,-0.000409874
-0.000918507,-0.000906142,-0.000881079,-0.000844572,-0.000797824,-0.000742851,-0.000680049,-0.000612681,-0.000541883,-0.000469837,-0.000398754
-0.000897788,-0.000885715,-0.000861124,-0.000825475,-0.00077979,-0.000726031,-0.000664542,-0.000598435,-0.000528965,-0.000458312,-0.00038861
-0.000875468,-0.000863651,-0.000839868,-0.00080504,-0.000760512,-0.000707865,-0.000647863,-0.000583244,-0.000515318,-0.00044613,-0.000377906
-0.000854676,-0.000843065,-0.000819923,-0.000785888,-0.000742473,-0.000690929,-0.000632313,-0.000569019,-0.000502493,-0.000434641,-0.000367876
-0.000835027,-0.000823811,-0.000801129,-0.000767939,-0.000725272,-0.000674959,-0.000617646,-0.000555591,-0.000490376,-0.00042397,-0.000358457
-0.000814683,-0.000803561,-0.000781493,-0.000749176,-0.000707748,-0.000658503,-0.000602375,-0.000541733,-0.000477833,-0.000412795,-0.000348667
-0.000794809,-0.000784106,-0.000762559,-0.000731054,-0.000690523,-0.000642474,-0.000587617,-0.000528214,-0.000465764,-0.000402033,-0.000339241
-0.000775783,-0.000765352,-0.00074434,-0.000713651,-0.000674083,-0.000627065,-0.000573465,-0.000515336,-0.000454151,-0.000391712,-0.000330224
-0.000757996,-0.000747666,-0.00072723,-0.000697325,-0.000658653,-0.00061267,-0.000560185,-0.000503256,-0.00044325,-0.00038212,-0.00032181
-0.000739285,-0.000729344,-0.0007094,-0.000680168,-0.000642464,-0.000597516,-0.000546292,-0.000490556,-0.000431904,-0.000371997,-0.000313009
-0.0007216,-0.000711919,-0.000692439,-0.00066397,-0.000627137,-0.000583242,-0.000533151,-0.000478603,-0.000421162,-0.000362497,-0.000304736
-0.000704678,-0.000695159,-0.000676209,-0.000648456,-0.00061248,-0.000569551,-0.000520535,-0.000467115,-0.000410872,-0.000353401,-0.000296762
-0.000687697,-0.000678441,-0.000659975,-0.000632886,-0.000597818,-0.000555862,-0.000507941,-0.000455679,-0.000400569,-0.000344335,-0.000288895
-0.000671672,-0.000662646,-0.000644676,-0.000618202,-0.000583932,-0.00054284,-0.000496062,-0.000444878,-0.000390894,-0.000335748,-0.000281447
-0.00065567,-0.000646872,-0.000629293,-0.000603525,-0.000570086,-0.000530008,-0.000484182,-0.000434066,-0.000381209,-0.000327246,-0.000274053
-0.000640221,-0.000631599,-0.000614495,-0.000589333,-0.000556734,-0.000517516,-0.000472709,-0.00042367,-0.000371889,-0.000319011,-0.000266902
-0.000625264,-0.000616939,-0.000600272,-0.000575724,-0.000543932,-0.000505602,-0.000461695,-0.000413664,-0.000362908,-0.000311112,-0.00026008
-0.000610421,-0.000602291,-0.000586028,-0.000562082,-0.000530969,-0.000493503,-0.00045064,-0.000403661,-0.00035397,-0.000303256,-0.000253248
-0.000596122,-0.000588187,-0.000572396,-0.000549012,-0.000518676,-0.00048208,-0.000440075,-0.000394049,-0.000345398,-0.000295703,-0.000246734
-0.00058173,-0.000573923,-0.000558549,-0.00053582,-0.000506192,-0.000470417,-0.000429399,-0.000384375,-0.000336727,-0.000288128,-0.000240136
-0.000567781,-0.000560251,-0.000545275,-0.000523072,-0.000494163,-0.000459198,-0.000419134,-0.000375028,-0.000328386,-0.000280777,-0.000233845
-0.000554772,-0.000547372,-0.000532703,-0.000511096,-0.000482845,-0.000448655,-0.000409467,-0.000366304,-0.000320593,-0.000273909,-0.00022794
-0.000541697,-0.000534538,-0.000520359,-0.000499241,-0.000471627,-0.000438192,-0.00039978,-0.00035754,-0.0003128,-0.000267117,-0.000222034
-0.000528862,-0.000521883,-0.00050799,-0.000487413,-0.000460474,-0.00042787,-0.000390312,-0.000348928,-0.000305116,-0.000260382,-0.000216254
-0.000516373,-0.000509562,-0.000496066,-0.000475986,-0.000449732,-0.000417823,-0.000381095,-0.000340597,-0.000297669,-0.000253863,-0.000210669
-0.000504367,-0.000497753,-0.00048459,-0.000464961,-0.000439351,-0.00040813,-0.000372244,-0.000332577,-0.000290522,-0.000247583,-0.000205242
-0.000492537,-0.000486058,-0.00047323,-0.000454105,-0.000429069,-0.00039859,-0.00036347,-0.000324631,-0.000283471,-0.000241433,-0.000200001
-0.000481035,-0.000474715,-0.000462262,-0.00044356,-0.000419189,-0.000389377,-0.000354949,-0.000316966,-0.000276636,-0.000235455,-0.000194929
-0.000469956,-0.000463753,-0.000451625,-0.000433417,-0.000409571,-0.000380404,-0.000346806,-0.000309553,-0.000270032,-0.000229706,-0.000189924
-0.00045901,-0.000453002,-0.000441185,-0.000423406,-0.000400102,-0.000371622,-0.000338742,-0.000302266,-0.000263538,-0.000224031,-0.000185165
-0.000448199,-0.000442336,-0.000430794,-0.000413464,-0.000390726,-0.000362881,-0.00033073,-0.000295032,-0.000257137,-0.000218428,-0.000180314
-0.000437835,-0.000432174,-0.000420909,-0.000403995,-0.000381772,-0.000354561,-0.000323094,-0.000288125,-0.000251007,-0.000213101,-0.000175759
-0.00042783,-0.000422256,-0.000411256,-0.000394772,-0.000373088,-0.000346443,-0.00031563,-0.000281434,-0.000245064,-0.000207893,-0.000171342
-0.00041782,-0.00041239,-0.000401696,-0.000385603,-0.000364437,-0.000338419,-0.000308259,-0.000274769,-0.00023914,-0.000202751,-0.000166897
-0.000408252,-0.000402963,-0.000392559,-0.000376844,-0.000356161,-0.000330709,-0.000301205,-0.000268398,-0.000233496,-0.000197844,-0.000162758
-0.00039893,-0.000393825,-0.00038364,-0.000368289,-0.000348091,-0.000323247,-0.000294363,-0.000262222,-0.000228005,-0.000193061,-0.00015871
-0.000389754,-0.000384752,-0.000374866,-0.000359909,-0.000340157,-0.000315808,-0.000287549,-0.000256108,-0.000222581,-0.000188378,-0.000154713
-0.000380711,-0.000375833,-0.000366201,-0.000351581,-0.000332306,-0.000308543,-0.000280866,-0.000250065,-0.000217246,-0.00018373,-0.000150785
-0.000372136,-0.000367371,-0.000357977,-0.000343709,-0.000324893,-0.000301635,-0.000274571,-0.000244366,-0.000212193,-0.000179325,-0.000147131
-0.000363588,-0.000358947,-0.000349777,-0.00033587,-0.000317484,-0.000294754,-0.000268252,-0.000238676,-0.000207188,-0.000174971,-0.000143376
-0.000355541,-0.000350961,-0.000342031,-0.000328432,-0.000310444,-0.00028822,-0.000262273,-0.000233283,-0.000202442,-0.000170841,-0.000139809
-0.000347455,-0.000343051,-0.000334308,-0.000321046,-0.000303496,-0.000281747,-0.000256318,-0.000227941,-0.000197679,-0.000166737,-0.00013642
-0.000339465,-0.000335185,-0.000326672,-0.000313743,-0.000296566,-0.000275294,-0.000250448,-0.000222631,-0.000192999,-0.000162692,-0.000132983
-0.000331749,-0.000327576,-0.000319299,-0.000306649,-0.000289884,-0.00026906,-0.000244748,-0.000217514,-0.000188466,-0.000158778,-0.000129703
-0.000324367,-0.000320315,-0.000312215,-0.000299877,-0.000283483,-0.000263111,-0.000239295,-0.000212597,-0.000184108,-0.000155044,-0.000126523
-0.000317141,-0.00031312,-0.000305286,-0.000293231,-0.000277193,-0.000257281,-0.000233969,-0.000207811,-0.000179889,-0.000151376,-0.000123436
-0.000310063,-0.000306122,-0.000298489,-0.000286735,-0.000271044,-0.00025155,-0.000228742,-0.000203075,-0.000175735,-0.000147811,-0.000120407
-0.000303074,-0.000299281,-0.000291795,-0.000280306,-0.000264993,-0.000245927,-0.000223592,-0.000198464,-0.000171637,-0.000144276,-0.000117459
-0.000296229,-0.000292548,-0.00028523,-0.000274005,-0.000259072,-0.000240391,-0.000218506,-0.000193915,-0.000167657,-0.00014082,-0.000114571
-0.000289691,-0.000286098,-0.000278961,-0.000268012,-0.000253401,-0.000235116,-0.000213685,-0.000189573,-0.000163811,-0.000137526,-0.000111794
-0.00028335,-0.000279812,-0.000272861,-0.000262173,-0.000247842,-0.000229997,-0.000209004,-0.000185355,-0.000160116,-0.000134344,-0.000109122
-0.000276894,-0.000273456,-0.000266684,-0.000256243,-0.000242268,-0.000224776,-0.000204224,-0.00018109,-0.000156353,-0.00013109,-0.000106407
-0.00027089,-0.000267528,-0.000260936,-0.000250715,-0.000237048,-0.00021994,-0.000199785,-0.000177102,-0.000152848,-0.000128094,-0.00010388
-0.000264918,-0.000261638,-0.000255214,-0.000245235,-0.000231864,-0.000215113,-0.000195376,-0.000173159,-0.000149352,-0.0001251,-0.000101397
-0.000259309,-0.000256128,-0.000249779,-0.000240051,-0.000227013,-0.000210566,-0.000191193,-0.000169401,-0.000146078,-0.000122264,-9.90274e-05
-0.00025342,-0.000250289,-0.000244144,-0.000234622,-0.000221858,-0.000205787,-0.000186857,-0.000165511,-0.000142673,-0.000119316,-9.6503e-05
-0.000247896,-0.000244868,-0.00023885,-0.000229587,-0.000217077,-0.000201361,-0.000182807,-0.000161864,-0.000139458,-0.000116588,-9.42903e-05
-0.000242429,-0.000239471,-0.00023363,-0.000224561,-0.000212334,-0.000196934,-0.000178782,-0.000158248,-0.000136283,-0.000113861,-9.20132e-05
-0.000237218,-0.000234307,-0.000228606,-0.000219736,-0.000207786,-0.000192726,-0.000174909,-0.00015479,-0.000133242,-0.00011127,-8.98332e-05
-0.00023197,-0.000229158,-0.000223592,-0.000214896,-0.000203221,-0.000188478,-0.000171029,-0.000151313,-0.000130187,-0.000108653,-8.76745e-05
-0.00022704,-0.000224294,-0.000218864,-0.000210369,-0.000198937,-0.000184511,-0.000167395,-0.000148052,-0.000127333,-0.000106215,-8.56431e-05
-0.000222003,-0.000219329,-0.000214031,-0.00020574,-0.000194561,-0.000180421,-0.000163669,-0.00014472,-0.000124415,-0.000103711,-8.35661e-05
-0.000217396,-0.000214769,-0.000209585,-0.000201468,-0.000190545,-0.00017668,-0.000160242,-0.000141645,-0.000121743,-0.000101412,-8.16568e-05
-0.000212696,-0.000210154,-0.000205081,-0.000197157,-0.000186465,-0.000172881,-0.000156764,-0.000138548,-0.000119018,-9.90928e-05,-7.97354e-05
-0.00020806,-0.000205577,-0.000200636,-0.000192902,-0.000182426,-0.000169125,-0.000153357,-0.000135492,-0.000116341,-9.68033e-05,-7.7845e-05
-0.000203702,-0.000201261,-0.000196447,-0.000188883,-0.00017861,-0.000165601,-0.000150136,-0.000132612,-0.000113811,-9.46583e-05,-7.605e-05
-0.000199291,-0.000196899,-0.000192184,-0.000184786,-0.000174777,-0.000162045,-0.000146868,-0.000129681,-0.000111275,-9.24784e-05,-7.42518e-05
-0.000195025,-0.000192702,-0.000188122,-0.000180884,-0.000171071,-0.000158573,-0.000143712,-0.000126879,-0.000108798,-9.03816e-05,-7.2517e-05
-0.000190978,-0.000188693,-0.000184229,-0.000177143,-0.000167536,-0.00015529,-0.000140722,-0.000124187,-0.000106459,-8.83904e-05,-7.08615e-05
-0.000186897,-0.000184692,-0.000180312,-0.000173392,-0.000163987,-0.000151983,-0.000137695,-0.000121504,-0.000104111,-8.63891e-05,-6.92127e-05
-0.000183001,-0.000180848,-0.00017655,-0.000169786,-0.000160587,-0.000148832,-0.000134806,-0.000118908,-0.000101857,-8.44703e-05,-6.76344e-05
-0.000179167,-0.000177048,-0.000172884,-0.000166256,-0.000157237,-0.000145722,-0.000131974,-0.000116386,-9.96352e-05,-8.25891e-05,-6.60908e-05
-0.00017539,-0.000173322,-0.000169243,-0.000162772,-0.000153955,-0.000142658,-0.000129184,-0.000113882,-9.74704e-05,-8.07357e-05,-6.45666e-05
-0.000171716,-0.000169708,-0.000165726,-0.000159385,-0.000150759,-0.000139684,-0.00012648,-0.000111459,-9.53557e-05,-7.89473e-05,-6.30929e-05
-0.000168144,-0.000166172,-0.000162269,-0.000156082,-0.000147623,-0.000136788,-0.00012382,-0.000109095,-9.32913e-05,-7.71991e-05,-6.16449e-05
-0.000164598,-0.000162672,-0.000158886,-0.00015281,-0.000144541,-0.000133917,-0.000121213,-0.00010676,-9.12495e-05,-7.54774e-05,-6.02333e-05
-0.000161191,-0.00015932,-0.000155608,-0.000149685,-0.000141571,-0.000131155,-0.000118686,-0.000104519,-8.92969e-05,-7.38203e-05,-5.8862e-05
-0.000157913,-0.000156088,-0.000152439,-0.000146644,-0.000138696,-0.000128481,-0.00011626,-0.000102339,-8.74075e-05,-7.22152e-05,-5.75531e-05
-0.000154701,-0.000152931,-0.000149354,-0.000143681,-0.0001359,-0.000125879,-0.000113879,-0.000100228,-8.55708e-05,-7.0652e-05,-5.62736e-05
-0.000151576,-0.000149822,-0.000146344,-0.000140791,-0.000133168,-0.000123346,-0.000111561,-9.81608e-05,-8.37676e-05,-6.9134e-05,-5.50211e-05
-0.000148328,-0.000146621,-0.000143234,-0.000137802,-0.000130328,-0.000120702,-0.000109166,-9.60264e-05,-8.19081e-05,-6.75621e-05,-5.37396e-05
-0.000145305,-0.000143642,-0.000140321,-0.000135005,-0.000127694,-0.000118253,-0.000106918,-9.40316e-05,-8.01825e-05,-6.60947e-05,-5.25391e-05
-0.000142301,-0.000140674,-0.000137437,-0.000132226,-0.000125067,-0.000115819,-0.000104698,-9.20537e-05,-7.84589e-05,-6.46483e-05,-5.13449e-05
-0.000139443,-0.000137841,-0.000134682,-0.000129574,-0.00012256,-0.000113493,-0.000102579,-9.01586e-05,-7.68145e-05,-6.32631e-05,-5.02271e-05
-0.000136645,-0.00013509,-0.000132005,-0.000126995,-0.000120125,-0.000111223,-0.000100519,-8.83235e-05,-7.52193e-05,-6.19096e-05,-4.91155e-05
-0.000133899,-0.000132378,-0.000129333,-0.000124474,-0.000117727,-0.000109001,-9.84899e-05,-8.65138e-05,-7.36529e-05,-6.05937e-05,-4.80381e-05
-0.000131225,-0.000129733,-0.000126768,-0.000121973,-0.000115377,-0.000106807,-9.64992e-05,-8.47424e-05,-7.21156e-05,-5.92921e-05,-4.69837e-05
-0.000128557,-0.0001271,-0.000124188,-0.000119509,-0.000113042,-0.000104647,-9.45121e-05,-8.29836e-05,-7.05898e-05,-5.80091e-05,-4.59416e-05
-0.000125942,-0.000124519,-0.00012169,-0.000117105,-0.000110764,-0.000102524,-9.25931e-05,-8.12699e-05,-6.91046e-05,-5.67614e-05,-4.49187e-05
-0.000123494,-0.000122115,-0.000119338,-0.000114845,-0.000108622,-0.000100538,-9.07698e-05,-7.96608e-05,-6.77091e-05,-5.55887e-05,-4.39577e-05
-0.000121009,-0.000119655,-0.000116965,-0.000112535,-0.000106445,-9.85181e-05,-8.89398e-05,-7.8025e-05,-6.62938e-05,-5.44003e-05,-4.29969e-05
-0.000118552,-0.000117237,-0.000114603,-0.000110268,-0.000104297,-9.65191e-05,-8.71156e-05,-7.64083e-05,-6.48923e-05,-5.3217e-05,-4.20407e-05
-0.000116245,-0.000114961,-0.000112364,-0.000108132,-0.000102281,-9.4647e-05,-8.54114e-05,-7.48883e-05,-6.35811e-05,-5.21156e-05,-4.11395e-05
-0.000113997,-0.000112739,-0.000110189,-0.00010604,-0.000100309,-9.28061e-05,-8.37391e-05,-7.34039e-05,-6.2296e-05,-5.10324e-05,-4.02682e-05
-0.000111712,-0.000110469,-0.000107996,-0.000103932,-9.82982e-05,-9.09503e-05,-8.20458e-05,-7.19012e-05,-6.09931e-05,-4.99498e-05,-3.93823e-05
-0.000109476,-0.000108272,-0.000105844,-0.000101875,-9.63516e-05,-8.91345e-05,-8.03922e-05,-7.0437e-05,-5.97314e-05,-4.88793e-05,-3.85178e-05
-0.000107384,-0.000106199,-0.000103824,-9.99206e-05,-9.45075e-05,-8.74205e-05,-7.88365e-05,-6.905e-05,-5.85314e-05,-4.78812e-05,-3.77102e-05
-0.000105257,-0.000104105,-0.000101778,-9.79693e-05,-9.26489e-05,-8.57054e-05,-7.72694e-05,-6.7661e-05,-5.73312e-05,-4.68725e-05,-3.68941e-05
-0.000103174,-0.000102049,-9.97744e-05,-9.60377e-05,-9.08258e-05,-8.4007e-05,-7.57237e-05,-6.62927e-05,-5.61499e-05,-4.58837e-05,-3.60914e-05
-0.000101227,-0.000100129,-9.78982e-05,-9.4234e-05,-8.91165e-05,-8.24201e-05,-7.42785e-05,-6.50146e-05,-5.50446e-05,-4.49568e-05,-3.5345e-05
-9.92279e-05,-9.81519e-05,-9.59729e-05,-9.23808e-05,-8.73686e-05,-8.07974e-05,-7.27993e-05,-6.3702e-05,-5.39148e-05,-4.40117e-05,-3.45771e-05
-9.73177e-05,-9.62654e-05,-9.4135e-05,-9.06099e-05,-8.56916e-05,-7.92416e-05,-7.13862e-05,-6.24469e-05,-5.28319e-05,-4.31053e-05,-3.38427e-05
-9.54783e-05,-9.44409e-05,-9.23457e-05,-8.89062e-05,-8.40721e-05,-7.77361e-05,-7.00162e-05,-6.12369e-05,-5.17849e-05,-4.22337e-05,-3.31463e-05
-9.36532e-05,-9.26366e-05,-9.06029e-05,-8.72098e-05,-8.24735e-05,-7.6251e-05,-6.8673e-05,-6.00367e-05,-5.07536e-05,-4.13726e-05,-3.24524e-05
-9.1861e-05,-9.08828e-05,-8.88702e-05,-8.55633e-05,-8.09076e-05,-7.47931e-05,-6.73391e-05,-5.88644e-05,-4.9746e-05,-4.0526e-05,-3.17658e-05
-9.00847e-05,-8.91263e-05,-8.71595e-05,-8.39115e-05,-7.93458e-05,-7.33452e-05,-6.60278e-05,-5.76981e-05,-4.87405e-05,-3.96878e-05,-3.10933e-05
-8.83656e-05,-8.74234e-05,-8.55027e-05,-8.2307e-05,-7.78311e-05,-7.19412e-05,-6.47518e-05,-5.6565e-05,-4.77657e-05,-3.88788e-05,-3.0442e-05
-8.66748e-05,-8.57503e-05,-8.38675e-05,-8.07476e-05,-7.63487e-05,-7.05672e-05,-6.34967e-05,-5.54615e-05,-4.68143e-05,-3.80855e-05,-2.97987e-05
-8.50689e-05,-8.41689e-05,-8.23179e-05,-7.92578e-05,-7.49451e-05,-6.92586e-05,-6.23085e-05,-5.44074e-05,-4.59091e-05,-3.73295e-05,-2.91913e-05
-8.34608e-05,-8.25786e-05,-8.07724e-05,-7.77647e-05,-7.35241e-05,-6.79465e-05,-6.11194e-05,-5.3356e-05,-4.50027e-05,-3.65735e-05,-2.85904e-05
-8.18867e-05,-8.10203e-05,-7.92452e-05,-7.62993e-05,-7.21424e-05,-6.66571e-05,-5.99474e-05,-5.23189e-05,-4.4113e-05,-3.58356e-05,-2.79932e-05
-8.03503e-05,-7.95111e-05,-7.77753e-05,-7.48842e-05,-7.08038e-05,-6.54131e-05,-5.88139e-05,-5.1322e-05,-4.32543e-05,-3.51198e-05,-2.74182e-05
-7.8844e-05,-7.80195e-05,-7.63158e-05,-7.34856e-05,-6.94721e-05,-6.41821e-05,-5.7695e-05,-5.03302e-05,-4.24044e-05,-3.44136e-05,-2.68506e-05
-7.73628e-05,-7.65531e-05,-7.48866e-05,-7.21062e-05,-6.81724e-05,-6.29703e-05,-5.65975e-05,-4.93612e-05,-4.15709e-05,-3.37259e-05,-2.63032e-05
-7.59385e-05,-7.515e-05,-7.35131e-05,-7.0785e-05,-6.69207e-05,-6.1811e-05,-5.55426e-05,-4.84277e-05,-4.07707e-05,-3.3057e-05,-2.57673e-05
-7.4528e-05,-7.3753e-05,-7.2152e-05,-6.94713e-05,-6.56789e-05,-6.06602e-05,-5.44995e-05,-4.75039e-05,-3.99799e-05,-3.23866e-05,-2.52364e-05
-7.31562e-05,-7.23942e-05,-7.08269e-05,-6.8194e-05,-6.44699e-05,-5.95377e-05,-5.34802e-05,-4.66041e-05,-3.92076e-05,-3.17569e-05,-2.4725e-05
-7.18272e-05,-7.10664e-05,-6.95245e-05,-6.69567e-05,-6.32902e-05,-5.8445e-05,-5.2486e-05,-4.57287e-05,-3.84549e-05,-3.11453e-05,-2.42223e-05
-7.0497e-05,-6.97587e-05,-6.82537e-05,-6.57236e-05,-6.21297e-05,-5.73621e-05,-5.15109e-05,-4.48642e-05,-3.77157e-05,-3.05192e-05,-2.37334e-05
-6.92072e-05,-6.84756e-05,-6.69931e-05,-6.45156e-05,-6.09827e-05,-5.63025e-05,-5.05456e-05,-4.40126e-05,-3.69852e-05,-2.99144e-05,-2.3246e-05
-6.79166e-05,-6.72178e-05,-6.57695e-05,-6.33332e-05,-5.98634e-05,-5.52614e-05,-4.96045e-05,-4.31777e-05,-3.62738e-05,-2.93236e-05,-2.27767e-05
-6.66928e-05,-6.6001e-05,-6.45798e-05,-6.21829e-05,-5.87768e-05,-5.42525e-05,-4.86902e-05,-4.23749e-05,-3.55824e-05,-2.87501e-05,-2.23176e-05
-6.54687e-05,-6.48189e-05,-6.34235e-05,-6.10677e-05,-5.7724e-05,-5.32789e-05,-4.78065e-05,-4.15926e-05,-3.49141e-05,-2.81979e-05,-2.18734e-05
-6.42905e-05,-6.36243e-05,-6.22529e-05,-5.9949e-05,-5.66608e-05,-5.22906e-05,-4.69016e-05,-4.08035e-05,-3.42389e-05,-2.76386e-05,-2.14306e-05
-6.31149e-05,-6.24835e-05,-6.11436e-05,-5.8883e-05,-5.56481e-05,-5.13573e-05,-4.60811e-05,-4.00572e-05,-3.3598e-05,-2.71102e-05,-2.10163e-05
-6.19876e-05,-6.13422e-05,-6.00272e-05,-5.78053e-05,-5.46292e-05,-5.04072e-05,-4.52025e-05,-3.92943e-05,-3.29516e-05,-2.6565e-05,-2.05818e-05
-6.0853e-05,-6.02529e-05,-5.89634e-05,-5.67791e-05,-5.36577e-05,-4.95061e-05,-4.43788e-05,-3.85823e-05,-3.23361e-05,-2.60788e-05,-2.01795e-05
-5.97946e-05,-5.91739e-05,-5.79085e-05,-5.57666e-05,-5.26951e-05,-4.86144e-05,-4.35647e-05,-3.78673e-05,-3.17302e-05,-2.55651e-05,-1.97696e-05
-5.86931e-05,-5.81213e-05,-5.68748e-05,-5.47754e-05,-5.17577e-05,-4.77456e-05,-4.27894e-05,-3.71736e-05,-3.1137e-05,-2.50759e-05,-1.93875e-05
-5.76872e-05,-5.7094e-05,-5.58722e-05,-5.38053e-05,-5.08412e-05,-4.689e-05,-4.19893e-05,-3.64957e-05,-3.05568e-05,-2.4596e-05,-1.90055e-05
-5.66388e-05,-5.60701e-05,-5.48735e-05,-5.28447e-05,-4.99303e-05,-4.60481e-05,-4.12426e-05,-3.58194e-05,-2.99819e-05,-2.41255e-05,-1.86316e-05
-5.56562e-05,-5.5082e-05,-5.39095e-05,-5.19132e-05,-4.90502e-05,-4.52294e-05,-4.04882e-05,-3.51737e-05,-2.94272e-05,-2.36657e-05,-1.82649e-05
-5.46402e-05,-5.40962e-05,-5.29403e-05,-5.09874e-05,-4.81703e-05,-4.44161e-05,-3.97625e-05,-3.45202e-05,-2.88709e-05,-2.31976e-05,-1.79045e-05
-5.36973e-05,-5.3144e-05,-5.20122e-05,-5.00887e-05,-4.73215e-05,-4.36275e-05,-3.9028e-05,-3.38935e-05,-2.83379e-05,-2.27698e-05,-1.75535e-05
-5.27435e-05,-5.22218e-05,-5.11106e-05,-4.92226e-05,-4.64982e-05,-4.28668e-05,-3.83897e-05,-3.3281e-05,-2.78227e-05,-2.23431e-05,-1.72168e-05
-5.18314e-05,-5.12996e-05,-5.02101e-05,-4.83544e-05,-4.56766e-05,-4.21035e-05,-3.76728e-05,-3.26796e-05,-2.73043e-05,-2.19313e-05,-1.68859e-05
-5.09168e-05,-5.0418e-05,-4.93443e-05,-4.75219e-05,-4.48884e-05,-4.13685e-05,-3.69834e-05,-3.20973e-05,-2.68085e-05,-2.15115e-05,-1.65563e-05
-5.00351e-05,-4.95246e-05,-4.84709e-05,-4.66781e-05,-4.40912e-05,-4.06346e-05,-3.63298e-05,-3.15117e-05,-2.63106e-05,-2.11012e-05,-1.62332e-05
-4.91515e-05,-4.86679e-05,-4.76376e-05,-4.58773e-05,-4.33292e-05,-3.99285e-05,-3.56901e-05,-3.09499e-05,-2.5832e-05,-2.0708e-05,-1.59225e-05
-4.83237e-05,-4.78304e-05,-4.6816e-05,-4.50888e-05,-4.25838e-05,-3.92365e-05,-3.50675e-05,-3.03948e-05,-2.53641e-05,-2.03242e-05,-1.56179e-05
-4.74574e-05,-4.69949e-05,-4.59998e-05,-4.43013e-05,-4.1838e-05,-3.85445e-05,-3.44378e-05,-2.9851e-05,-2.48978e-05,-1.9942e-05,-1.53152e-05
-4.66679e-05,-4.61911e-05,-4.5213e-05,-4.35458e-05,-4.11311e-05,-3.78783e-05,-3.3843e-05,-2.93219e-05,-2.44512e-05,-1.95729e-05,-1.50237e-05
-4.58427e-05,-4.53993e-05,-4.44383e-05,-4.27974e-05,-4.0413e-05,-3.72254e-05,-3.32412e-05,-2.88046e-05,-2.40092e-05,-1.91963e-05,-1.47379e-05
-4.50689e-05,-4.46148e-05,-4.36687e-05,-4.20588e-05,-3.9712e-05,-3.65755e-05,-3.26542e-05,-2.82881e-05,-2.35709e-05,-1.88529e-05,-1.44543e-05
-4.42851e-05,-4.38621e-05,-4.29311e-05,-4.13481e-05,-3.90388e-05,-3.59536e-05,-3.21334e-05,-2.77884e-05,-2.31522e-05,-1.85226e-05,-1.41844e-05
-4.35399e-05,-4.31015e-05,-4.21902e-05,-4.0631e-05,-3.8361e-05,-3.53249e-05,-3.15342e-05,-2.72962e-05,-2.2729e-05,-1.81625e-05,-1.39092e-05
-4.27857e-05,-4.23776e-05,-4.14815e-05,-3.99465e-05,-3.77262e-05,-3.47229e-05,-3.0972e-05,-2.68203e-05,-2.23243e-05,-1.78323e-05,-1.36583e-05
-4.20843e-05,-4.16593e-05,-4.07795e-05,-3.92712e-05,-3.70733e-05,-3.41324e-05,-3.04534e-05,-2.63512e-05,-2.1928e-05,-1.75067e-05,-1.33924e-05
-4.13424e-05,-4.09499e-05,-4.00829e-05,-3.8604e-05,-3.6441e-05,-3.3545e-05,-2.98986e-05,-2.58885e-05,-2.15331e-05,-1.71842e-05,-1.31394e-05
-4.06452e-05,-4.026e-05,-3.94086e-05,-3.79541e-05,-3.5825e-05,-3.29803e-05,-2.94289e-05,-2.54401e-05,-2.1153e-05,-1.68718e-05,-1.28927e-05
-3.99621e-05,-3.95857e-05,-3.87509e-05,-3.73171e-05,-3.52218e-05,-3.2416e-05,-2.88832e-05,-2.49943e-05,-2.07779e-05,-1.65663e-05,-1.26455e-05
-3.92898e-05,-3.89198e-05,-3.80967e-05,-3.66929e-05,-3.4643e-05,-3.18715e-05,-2.84131e-05,-2.45616e-05,-2.04111e-05,-1.62662e-05,-1.2416e-05
-3.86325e-05,-3.82704e-05,-3.74603e-05,-3.608e-05,-3.40487e-05,-3.13302e-05,-2.78962e-05,-2.41363e-05,-2.00486e-05,-1.59572e-05,-1.21856e-05
-3.79878e-05,-3.76329e-05,-3.6841e-05,-3.54776e-05,-3.34805e-05,-3.08101e-05,-2.74783e-05,-2.37182e-05,-1.97e-05,-1.56993e-05,-1.19584e-05
-3.73474e-05,-3.6998e-05,-3.62181e-05,-3.48808e-05,-3.29138e-05,-3.02813e-05,-2.70053e-05,-2.33076e-05,-1.93496e-05,-1.53989e-05,-1.17358e-05
-3.67485e-05,-3.63841e-05,-3.56167e-05,-3.42999e-05,-3.2364e-05,-2.97719e-05,-2.65209e-05,-2.29047e-05,-1.90092e-05,-1.51222e-05,-1.1517e-05
-3.6122e-05,-3.57872e-05,-3.50289e-05,-3.37377e-05,-3.18439e-05,-2.92749e-05,-2.60536e-05,-2.25122e-05,-1.86784e-05,-1.48529e-05,-1.13075e-05
-3.55395e-05,-3.51895e-05,-3.44448e-05,-3.31745e-05,-3.12983e-05,-2.87855e-05,-2.56276e-05,-2.21266e-05,-1.83499e-05,-1.45854e-05,-1.10964e-05
-3.49307e-05,-3.46085e-05,-3.38776e-05,-3.26266e-05,-3.07796e-05,-2.83056e-05,-2.52043e-05,-2.17434e-05,-1.80307e-05,-1.43247e-05,-1.08932e-05
-3.43851e-05,-3.40482e-05,-3.33263e-05,-3.20976e-05,-3.02768e-05,-2.78408e-05,-2.47764e-05,-2.1382e-05,-1.77221e-05,-1.40574e-05,-1.06941e-05
-3.38004e-05,-3.34906e-05,-3.27838e-05,-3.15713e-05,-2.97798e-05,-2.73799e-05,-2.4364e-05,-2.10197e-05,-1.74155e-05,-1.38241e-05,-1.05016e-05
-3.32623e-05,-3.29391e-05,-3.22398e-05,-3.10518e-05,-2.93009e-05,-2.69224e-05,-2.3931e-05,-2.06584e-05,-1.71111e-05,-1.35763e-05,-1.03066e-05
-3.26937e-05,-3.23992e-05,-3.17148e-05,-3.05418e-05,-2.88056e-05,-2.64789e-05,-2.35475e-05,-2.03098e-05,-1.68162e-05,-1.33366e-05,-1.01183e-05
-3.21856e-05,-3.18733e-05,-3.11976e-05,-3.00451e-05,-2.83349e-05,-2.60443e-05,-2.31667e-05,-1.99631e-05,-1.65286e-05,-1.31024e-05,-9.9394e-06
-3.16383e-05,-3.13533e-05,-3.06897e-05,-2.95555e-05,-2.78717e-05,-2.56168e-05,-2.27985e-05,-1.96313e-05,-1.62458e-05,-1.28709e-05,-9.75512e-06
-3.11528e-05,-3.08499e-05,-3.01974e-05,-2.908e-05,-2.74215e-05,-2.51993e-05,-2.2398e-05,-1.93028e-05,-1.59679e-05,-1.26467e-05,-9.57522e-06
-3.06251e-05,-3.03511e-05,-2.97085e-05,-2.86097e-05,-2.69893e-05,-2.47834e-05,-2.20058e-05,-1.89763e-05,-1.56937e-05,-1.24398e-05,-9.40515e-06
-3.01595e-05,-2.98679e-05,-2.92359e-05,-2.81556e-05,-2.65462e-05,-2.43867e-05,-2.16359e-05,-1.86664e-05,-1.54307e-05,-1.22122e-05,-9.24237e-06
-2.96402e-05,-2.93777e-05,-2.87536e-05,-2.76915e-05,-2.61058e-05,-2.39827e-05,-2.1299e-05,-1.83477e-05,-1.51632e-05,-1.19934e-05,-9.06734e-06
-2.91951e-05,-2.89151e-05,-2.83e-05,-2.7255e-05,-2.56778e-05,-2.35968e-05,-2.09248e-05,-1.80527e-05,-1.49093e-05,-1.17737e-05,-8.91077e-06
-2.86977e-05,-2.84484e-05,-2.7843e-05,-2.68134e-05,-2.52748e-05,-2.32139e-05,-2.06106e-05,-1.77446e-05,-1.46553e-05,-1.1582e-05,-8.75385e-06
-2.82627e-05,-2.79917e-05,-2.73989e-05,-2.63831e-05,-2.48815e-05,-2.28351e-05,-2.02517e-05,-1.74477e-05,-1.44065e-05,-1.13809e-05,-8.58946e-06
-2.77889e-05,-2.75445e-05,-2.6961e-05,-2.59625e-05,-2.44693e-05,-2.24694e-05,-1.99364e-05,-1.71617e-05,-1.41649e-05,-1.11845e-05,-8.43857e-06
-2.73771e-05,-2.71169e-05,-2.65381e-05,-2.5557e-05,-2.40847e-05,-2.21154e-05,-1.96164e-05,-1.68839e-05,-1.393e-05,-1.09952e-05,-8.29285e-06
-2.69172e-05,-2.6686e-05,-2.61194e-05,-2.51518e-05,-2.36881e-05,-2.17593e-05,-1.93302e-05,-1.66114e-05,-1.3698e-05,-1.08062e-05,-8.15166e-06
-2.65073e-05,-2.62574e-05,-2.56984e-05,-2.47475e-05,-2.33193e-05,-2.14061e-05,-1.89855e-05,-1.63275e-05,-1.34647e-05,-1.06345e-05,-7.99805e-06
-2.60426e-05,-2.58431e-05,-2.52906e-05,-2.43561e-05,-2.29644e-05,-2.10673e-05,-1.86753e-05,-1.60614e-05,-1.324e-05,-1.0437e-05,-7.85867e-06
-2.56751e-05,-2.54327e-05,-2.48915e-05,-2.39691e-05,-2.2584e-05,-2.07279e-05,-1.83801e-05,-1.57921e-05,-1.30179e-05,-1.02583e-05,-7.72253e-06
-2.5223e-05,-2.50332e-05,-2.44988e-05,-2.35921e-05,-2.22275e-05,-2.04021e-05,-1.8093e-05,-1.55423e-05,-1.28028e-05,-1.00825e-05,-7.58424e-06
-2.48529e-05,-2.4645e-05,-2.4118e-05,-2.32236e-05,-2.18644e-05,-2.00724e-05,-1.77843e-05,-1.52929e-05,-1.25907e-05,-9.91192e-06,-7.45136e-06
-2.44625e-05,-2.42559e-05,-2.37362e-05,-2.28579e-05,-2.15314e-05,-1.97551e-05,-1.75e-05,-1.50378e-05,-1.23803e-05,-9.74239e-06,-7.31876e-06
-2.40809e-05,-2.38806e-05,-2.33659e-05,-2.25029e-05,-2.12099e-05,-1.9442e-05,-1.72007e-05,-1.47926e-05,-1.21767e-05,-9.57866e-06,-7.19184e-06
-2.37048e-05,-2.35081e-05,-2.30066e-05,-2.21512e-05,-2.08638e-05,-1.91389e-05,-1.69535e-05,-1.45506e-05,-1.19765e-05,-9.41686e-06,-7.06489e-06
-2.33375e-05,-2.31423e-05,-2.26456e-05,-2.1808e-05,-2.05382e-05,-1.88368e-05,-1.66736e-05,-1.43202e-05,-1.178e-05,-9.25896e-06,-6.94697e-06
-2.29707e-05,-2.27827e-05,-2.22964e-05,-2.14676e-05,-2.0202e-05,-1.85398e-05,-1.6437e-05,-1.40944e-05,-1.15868e-05,-9.11709e-06,-6.83207e-06
-2.26175e-05,-2.24315e-05,-2.19499e-05,-2.11355e-05,-1.99024e-05,-1.8251e-05,-1.61501e-05,-1.38632e-05,-1.13966e-05,-8.94988e-06,-6.69936e-06
-2.2273e-05,-2.20897e-05,-2.16112e-05,-2.08121e-05,-1.96102e-05,-1.79641e-05,-1.58449e-05,-1.36412e-05,-1.12093e-05,-8.78679e-06,-6.58948e-06
-2.19242e-05,-2.17453e-05,-2.12747e-05,-2.04856e-05,-1.92888e-05,-1.76847e-05,-1.56378e-05,-1.34226e-05,-1.10267e-05,-8.65221e-06,-6.47338e-06
-2.15846e-05,-2.14115e-05,-2.0947e-05,-2.01717e-05,-1.89907e-05,-1.74095e-05,-1.53921e-05,-1.32076e-05,-1.08484e-05,-8.50863e-06,-6.35957e-06
-2.12555e-05,-2.10869e-05,-2.06292e-05,-1.98645e-05,-1.86869e-05,-1.71388e-05,-1.51519e-05,-1.30039e-05,-1.06727e-05,-8.36793e-06,-6.25558e-06
-2.09254e-05,-2.07591e-05,-2.03088e-05,-1.95553e-05,-1.84088e-05,-1.68727e-05,-1.49093e-05,-1.27897e-05,-1.04988e-05,-8.2282e-06,-6.14571e-06
-2.06103e-05,-2.04488e-05,-2.00023e-05,-1.92614e-05,-1.81441e-05,-1.66122e-05,-1.46531e-05,-1.25876e-05,-1.03304e-05,-8.09334e-06,-6.04204e-06
-2.03013e-05,-2.01375e-05,-1.9698e-05,-1.89687e-05,-1.78527e-05,-1.63597e-05,-1.44402e-05,-1.23912e-05,-1.01652e-05,-7.95879e-06,-5.94052e-06
-1.99855e-05,-1.98294e-05,-1.93953e-05,-1.86779e-05,-1.75775e-05,-1.61054e-05,-1.42137e-05,-1.21939e-05,-1.00001e-05,-7.82759e-06,-5.83671e-06
-1.96829e-05,-1.95291e-05,-1.91027e-05,-1.83957e-05,-1.7298e-05,-1.58581e-05,-1.39928e-05,-1.20084e-05,-9.83946e-06,-7.69874e-06,-5.74317e-06
-1.93796e-05,-1.92286e-05,-1.88092e-05,-1.81118e-05,-1.70441e-05,-1.56128e-05,-1.37789e-05,-1.18115e-05,-9.68032e-06,-7.57114e-06,-5.63906e-06
-1.90893e-05,-1.89413e-05,-1.85257e-05,-1.78392e-05,-1.67991e-05,-1.53732e-05,-1.35594e-05,-1.16189e-05,-9.52498e-06,-7.44792e-06,-5.54452e-06
-1.87988e-05,-1.86538e-05,-1.82461e-05,-1.75686e-05,-1.65304e-05,-1.51402e-05,-1.33544e-05,-1.14432e-05,-9.37386e-06,-7.32543e-06,-5.45083e-06
-1.85128e-05,-1.83717e-05,-1.79686e-05,-1.73032e-05,-1.6279e-05,-1.49078e-05,-1.31478e-05,-1.12634e-05,-9.2239e-06,-7.20489e-06,-5.3622e-06
-1.82325e-05,-1.80949e-05,-1.76964e-05,-1.70407e-05,-1.60307e-05,-1.46794e-05,-1.29465e-05,-1.10873e-05,-9.07621e-06,-7.08621e-06,-5.26657e-06
-1.7962e-05,-1.78245e-05,-1.74325e-05,-1.67863e-05,-1.57902e-05,-1.4458e-05,-1.27491e-05,-1.09149e-05,-8.93329e-06,-6.97152e-06,-5.17817e-06
-1.76945e-05,-1.75602e-05,-1.71734e-05,-1.65361e-05,-1.55672e-05,-1.42379e-05,-1.25377e-05,-1.07446e-05,-8.79169e-06,-6.85876e-06,-5.09632e-06
-1.74248e-05,-1.7294e-05,-1.6912e-05,-1.62856e-05,-1.53172e-05,-1.4022e-05,-1.23592e-05,-1.05772e-05,-8.65131e-06,-6.74653e-06,-4.99982e-06
-1.71505e-05,-1.70423e-05,-1.6666e-05,-1.60483e-05,-1.50946e-05,-1.38194e-05,-1.21638e-05,-1.04208e-05,-8.5189e-06,-6.64072e-06,-4.92317e-06
-1.69143e-05,-1.67874e-05,-1.64162e-05,-1.58079e-05,-1.48658e-05,-1.36047e-05,-1.19881e-05,-1.02562e-05,-8.38311e-06,-6.53168e-06,-4.84016e-06
-1.66571e-05,-1.65337e-05,-1.61665e-05,-1.55679e-05,-1.46387e-05,-1.33968e-05,-1.18005e-05,-1.00942e-05,-8.24902e-06,-6.42461e-06,-4.75202e-06
-1.64107e-05,-1.62904e-05,-1.59287e-05,-1.5338e-05,-1.44348e-05,-1.31947e-05,-1.16063e-05,-9.93753e-06,-8.11973e-06,-6.32241e-06,-4.67846e-06
-1.61676e-05,-1.60518e-05,-1.56948e-05,-1.51133e-05,-1.42098e-05,-1.30018e-05,-1.14742e-05,-9.78808e-06,-7.9955e-06,-6.22131e-06,-4.60143e-06
-1.5931e-05,-1.58172e-05,-1.54647e-05,-1.48909e-05,-1.39991e-05,-1.2808e-05,-1.12743e-05,-9.63932e-06,-7.87092e-06,-6.12197e-06,-4.52523e-06
-1.56933e-05,-1.55813e-05,-1.52321e-05,-1.46679e-05,-1.37888e-05,-1.26137e-05,-1.11014e-05,-9.48957e-06,-7.74604e-06,-6.02282e-06,-4.45042e-06
-1.5469e-05,-1.53557e-05,-1.50127e-05,-1.44573e-05,-1.35886e-05,-1.24294e-05,-1.09376e-05,-9.34606e-06,-7.62857e-06,-5.92819e-06,-4.37758e-06
-1.52382e-05,-1.5131e-05,-1.47907e-05,-1.42433e-05,-1.3399e-05,-1.22425e-05,-1.07556e-05,-9.20201e-06,-7.50761e-06,-5.83289e-06,-4.29888e-06
-1.50081e-05,-1.49042e-05,-1.45675e-05,-1.40293e-05,-1.31849e-05,-1.20581e-05,-1.06063e-05,-9.06145e-06,-7.39049e-06,-5.73919e-06,-4.23187e-06
-1.47909e-05,-1.46882e-05,-1.43562e-05,-1.38252e-05,-1.29923e-05,-1.18802e-05,-1.04475e-05,-8.92402e-06,-7.27635e-06,-5.64827e-06,-4.16295e-06
-1.45748e-05,-1.44734e-05,-1.41474e-05,-1.36235e-05,-1.2802e-05,-1.17055e-05,-1.02914e-05,-8.7893e-06,-7.16408e-06,-5.55924e-06,-4.09381e-06
-1.43622e-05,-1.4263e-05,-1.39388e-05,-1.34232e-05,-1.26134e-05,-1.15316e-05,-1.01361e-05,-8.65752e-06,-7.05265e-06,-5.47061e-06,-4.03231e-06
-1.41544e-05,-1.40573e-05,-1.37363e-05,-1.32295e-05,-1.24426e-05,-1.13615e-05,-9.97188e-06,-8.52363e-06,-6.94515e-06,-5.38577e-06,-3.96147e-06
