-0.00204489,-0.00214482,-0.00232891,-0.00257767,-0.00285907,-0.00314395,-0.0034023,-0.00361275,-0.0037716,-0.00386418,-0.00389115
-0.00228073,-0.0023651,-0.00252469,-0.00273356,-0.0029682,-0.00320326,-0.00340953,-0.00357322,-0.00368792,-0.00374219,-0.00373723
-0.00245056,-0.00252469,-0.0026538,-0.00282961,-0.0030225,-0.00321323,-0.00337645,-0.00349893,-0.00357866,-0.00360069,-0.00356741
-0.00256471,-0.00262429,-0.0027337,-0.00287736,-0.00303396,-0.00318477,-0.00330868,-0.00339745,-0.00344303,-0.00343806,-0.00338379
-0.00267631,-0.00272589,-0.00281642,-0.00293452,-0.00306107,-0.00317919,-0.00327142,-0.00333017,-0.00334887,-0.00332054,-0.00324624
-0.00276988,-0.00281079,-0.00288555,-0.00298222,-0.00308192,-0.00317368,-0.00323892,-0.00327179,-0.00326919,-0.00321974,-0.00312732
-0.00282211,-0.00285573,-0.00291605,-0.00299248,-0.00307051,-0.00313682,-0.00317868,-0.00318985,-0.00316557,-0.00309955,-0.0029931
-0.00286795,-0.00289483,-0.00294317,-0.00300294,-0.00306178,-0.00310672,-0.00312848,-0.00312123,-0.00307913,-0.00299789,-0.00287872
-0.00289684,-0.00291806,-0.00295598,-0.00300102,-0.00304295,-0.00307047,-0.00307458,-0.00305005,-0.0029932,-0.0028986,-0.00276817
-0.0029218,-0.00293784,-0.00296721,-0.00299952,-0.00302618,-0.00303731,-0.00302658,-0.00298696,-0.00291627,-0.00280989,-0.00266956
-0.00292899,-0.00294201,-0.00296265,-0.00298351,-0.00299676,-0.00299551,-0.00297076,-0.00291841,-0.00283659,-0.0027199,-0.00257043
-0.00293658,-0.00294406,-0.00295644,-0.00296864,-0.00297186,-0.00295735,-0.00292135,-0.00285705,-0.00276365,-0.00263789,-0.00248132
-0.00292432,-0.00292855,-0.00293635,-0.00293893,-0.00293217,-0.002907,-0.00286001,-0.00278662,-0.00268472,-0.00255034,-0.00238791
-0.00291562,-0.00291737,-0.00291933,-0.00291514,-0.00289835,-0.00286418,-0.00280733,-0.00272523,-0.00261482,-0.0024739,-0.00230527
-0.00289524,-0.00289424,-0.00289134,-0.00288041,-0.00285624,-0.00281366,-0.00274864,-0.00265847,-0.00254035,-0.00239379,-0.00222102
-0.00288522,-0.00288186,-0.00287461,-0.00285773,-0.00282533,-0.00277587,-0.0027031,-0.00260437,-0.00247928,-0.00232761,-0.00214929
-0.00286779,-0.00286182,-0.00285078,-0.00282756,-0.00278947,-0.00273283,-0.00265291,-0.00254831,-0.00241778,-0.00225946,-0.00207854
-0.00284049,-0.00283268,-0.0028178,-0.00279079,-0.00274688,-0.00268398,-0.00259806,-0.00248724,-0.00235098,-0.00218964,-0.00200547
-0.00281328,-0.00280337,-0.00278599,-0.00275421,-0.00270511,-0.00263638,-0.00254543,-0.00242886,-0.00228803,-0.00212315,-0.00193722
-0.00279131,-0.00277961,-0.00275913,-0.00272402,-0.00266939,-0.00259573,-0.00249856,-0.00237762,-0.00223227,-0.00206409,-0.00187541
-0.0027611,-0.00274857,-0.00272504,-0.00268563,-0.00262696,-0.00254805,-0.00244692,-0.00232116,-0.00217249,-0.00200095,-0.00181141
-0.00273491,-0.00272106,-0.00269466,-0.00265224,-0.00258903,-0.00250588,-0.00239946,-0.00227095,-0.00211803,-0.00194462,-0.00175317
-0.00270731,-0.0026922,-0.0026628,-0.00261739,-0.00255095,-0.00246272,-0.00235335,-0.00222076,-0.00206475,-0.00188835,-0.00169729
-0.00267706,-0.00266092,-0.00262947,-0.00258065,-0.00251076,-0.0024196,-0.00230569,-0.00217004,-0.00201115,-0.00183411,-0.00164148
-0.00264623,-0.00262923,-0.00259564,-0.00254465,-0.00247078,-0.00237604,-0.00225936,-0.00212054,-0.00195971,-0.00178119,-0.0015875
-0.00260861,-0.00259066,-0.0025556,-0.00250108,-0.0024249,-0.00232733,-0.00220743,-0.00206609,-0.00190357,-0.00172432,-0.00153242
-0.00258116,-0.00256249,-0.00252517,-0.00246828,-0.00238914,-0.00228827,-0.00216609,-0.00202206,-0.00185787,-0.00167739,-0.00148597
-0.00254786,-0.00252853,-0.0024898,-0.00243063,-0.00234872,-0.0022458,-0.00212011,-0.00197465,-0.00180925,-0.00162884,-0.00143778
-0.00251466,-0.00249455,-0.00245394,-0.00239303,-0.00230864,-0.00220317,-0.00207599,-0.00192809,-0.0017617,-0.00158101,-0.00139116
-0.00248553,-0.0024645,-0.00242307,-0.00235944,-0.00227332,-0.00216571,-0.0020361,-0.0018864,-0.00171918,-0.00153859,-0.00134943
-0.0024501,-0.00242821,-0.00238529,-0.00232053,-0.00223221,-0.00212196,-0.00199133,-0.00184061,-0.00167256,-0.00149232,-0.00130466
-0.00241314,-0.00239102,-0.00234705,-0.00228011,-0.00219068,-0.00207883,-0.00194624,-0.00179503,-0.00162685,-0.00144749,-0.00126148
-0.00237928,-0.00235654,-0.0023113,-0.00224307,-0.00215173,-0.00203843,-0.00190455,-0.00175244,-0.00158422,-0.00140562,-0.0012212
-0.00234518,-0.00232182,-0.00227587,-0.00220608,-0.00211333,-0.00199868,-0.00186373,-0.00171124,-0.00154287,-0.00136541,-0.00118366
-0.00231243,-0.00228885,-0.00224144,-0.00217091,-0.00207661,-0.00196066,-0.00182477,-0.00167166,-0.00150413,-0.00132736,-0.00114627
-0.0022776,-0.00225343,-0.00220561,-0.00213343,-0.00203814,-0.00192142,-0.00178495,-0.00163145,-0.00146412,-0.00128871,-0.00110973
-0.00224227,-0.00221802,-0.00216892,-0.00209611,-0.00200017,-0.00188206,-0.00174502,-0.00159178,-0.00142495,-0.00125116,-0.00107527
-0.00220709,-0.00218232,-0.0021328,-0.00205914,-0.00196234,-0.00184367,-0.00170614,-0.00155314,-0.00138719,-0.0012149,-0.00104147
-0.00217321,-0.00214796,-0.00209793,-0.00202354,-0.00192585,-0.00180651,-0.00166915,-0.001516,-0.00135151,-0.00118061,-0.00100912
-0.002139,-0.00211407,-0.00206336,-0.00198806,-0.00189035,-0.0017707,-0.00163264,-0.00148031,-0.00131703,-0.00114763,-0.000979457
-0.00210129,-0.00207618,-0.00202477,-0.00194946,-0.00185088,-0.00173111,-0.00159346,-0.001442,-0.00127971,-0.00111248,-0.000946194
-0.00206657,-0.00204087,-0.00198936,-0.00191334,-0.00181457,-0.00169475,-0.00155751,-0.00140661,-0.00124541,-0.00108049,-0.000916673
-0.00203216,-0.00200643,-0.00195459,-0.00187825,-0.0017793,-0.00165912,-0.00152208,-0.00137216,-0.00121243,-0.00104947,-0.000888354
-0.00199631,-0.00197039,-0.00191828,-0.00184187,-0.00174266,-0.00162305,-0.00148655,-0.00133759,-0.00117933,-0.00101867,-0.000860134
-0.00196418,-0.00193797,-0.00188581,-0.00180909,-0.00170957,-0.00159041,-0.00145417,-0.00130645,-0.00114907,-0.00099064,-0.000834903
-0.00192663,-0.00190078,-0.00184825,-0.00177147,-0.00167246,-0.00155333,-0.00141827,-0.00127162,-0.00111686,-0.000960329,-0.000805592
-0.00189374,-0.00186741,-0.0018151,-0.00173808,-0.00163918,-0.00152054,-0.00138608,-0.0012406,-0.00108692,-0.000933219,-0.000780981
-0.00185802,-0.00183176,-0.0017792,-0.00170264,-0.00160411,-0.00148598,-0.00135258,-0.00120864,-0.00105735,-0.00090537,-0.000756091
-0.00182388,-0.00179802,-0.00174543,-0.00166873,-0.00157066,-0.00145299,-0.00132053,-0.00117804,-0.00102875,-0.000879165,-0.000732222
-0.00179168,-0.00176549,-0.00171302,-0.0016365,-0.00153882,-0.00142195,-0.00129054,-0.00114918,-0.00100114,-0.000854452,-0.000710043
-0.00175709,-0.0017314,-0.00167905,-0.00160261,-0.00150538,-0.00138915,-0.00125873,-0.00111935,-0.000973932,-0.000829083,-0.000687364
-0.0017249,-0.00169889,-0.00164662,-0.00157059,-0.0014739,-0.0013585,-0.00122957,-0.00109141,-0.000948124,-0.000805336,-0.000666265
-0.00169301,-0.00166707,-0.00161514,-0.00153942,-0.00144339,-0.00132848,-0.00120063,-0.00106409,-0.000923046,-0.000782539,-0.00064625
-0.00165886,-0.00163312,-0.00158133,-0.00150614,-0.0014107,-0.00129719,-0.00117062,-0.00103594,-0.000896603,-0.000758821,-0.000625168
-0.00162603,-0.00160049,-0.00154876,-0.001474,-0.00137928,-0.00126689,-0.00114164,-0.0010087,-0.000871635,-0.000736263,-0.000605361
-0.0015965,-0.00157123,-0.00151971,-0.00144529,-0.00135121,-0.00123969,-0.00111561,-0.000984329,-0.000849083,-0.000716058,-0.00058757
-0.00156456,-0.00153934,-0.00148808,-0.00141431,-0.00132095,-0.00121083,-0.00108813,-0.000958619,-0.000825535,-0.000694944,-0.000569026
-0.00153286,-0.00150782,-0.00145706,-0.0013838,-0.00129135,-0.00118218,-0.00106109,-0.000933363,-0.000802537,-0.000674314,-0.000551066
-0.00150198,-0.00147698,-0.00142663,-0.00135393,-0.00126232,-0.00115435,-0.00103475,-0.000908915,-0.000780278,-0.000654449,-0.000533807
-0.00147337,-0.00144856,-0.0013985,-0.00132643,-0.00123561,-0.00112873,-0.00101055,-0.00088647,-0.000759841,-0.000636215,-0.000518003
-0.0014454,-0.00142059,-0.00137092,-0.00129955,-0.00120942,-0.00110386,-0.000987101,-0.000864606,-0.000739995,-0.000618582,-0.000502753
-0.00141462,-0.00139013,-0.00134099,-0.00127008,-0.00118117,-0.00107676,-0.00096162,-0.000841179,-0.000718748,-0.000599804,-0.000486486
-0.00138532,-0.00136106,-0.00131232,-0.00124216,-0.00115413,-0.00105105,-0.000937522,-0.000818921,-0.000698727,-0.00058213,-0.00047127
-0.00135779,-0.00133384,-0.0012855,-0.00121597,-0.00112888,-0.001027,-0.000914976,-0.000798192,-0.000679948,-0.000565641,-0.000457139
-0.00133024,-0.00130637,-0.00125855,-0.00118975,-0.0011036,-0.00100302,-0.000892582,-0.000777562,-0.000661512,-0.000549361,-0.000443112
-0.00130394,-0.00128027,-0.00123294,-0.00116484,-0.00107953,-0.000980338,-0.000871356,-0.000758171,-0.000644057,-0.00053409,-0.000430002
-0.00127726,-0.00125377,-0.00120695,-0.00113959,-0.00105537,-0.000957368,-0.000850014,-0.000738677,-0.000626633,-0.000518685,-0.000417108
-0.00125062,-0.00122732,-0.001181,-0.00111448,-0.00103116,-0.000934482,-0.000828782,-0.000719213,-0.000609283,-0.00050362,-0.000404185
-0.00122606,-0.00120312,-0.00115723,-0.00109152,-0.00100909,-0.000913703,-0.000809494,-0.00070155,-0.000593527,-0.000489943,-0.000392497
-0.00119992,-0.00117712,-0.00113176,-0.00106674,-0.000985466,-0.000891479,-0.000788896,-0.000682853,-0.0005769,-0.000475403,-0.000380301
-0.00117509,-0.00115256,-0.00110777,-0.00104344,-0.000963179,-0.000870632,-0.000769602,-0.000665302,-0.000561333,-0.000461904,-0.000368877
-0.00115164,-0.00112917,-0.00108493,-0.00102143,-0.000942359,-0.00085084,-0.00075143,-0.000648902,-0.000546693,-0.000449171,-0.000358196
-0.00112718,-0.00110508,-0.00106127,-0.000998613,-0.000920456,-0.000830388,-0.000732465,-0.000631738,-0.000531548,-0.000436164,-0.000347148
-0.0011033,-0.00108139,-0.00103827,-0.000976365,-0.000899278,-0.000810533,-0.000714273,-0.000615259,-0.000517009,-0.000423532,-0.000336646
-0.00108027,-0.00105858,-0.00101598,-0.000954895,-0.000878834,-0.000791421,-0.000696709,-0.000599436,-0.000503042,-0.000411545,-0.000326571
-0.00105861,-0.00103715,-0.000995006,-0.000934708,-0.000859655,-0.000773432,-0.000680139,-0.00058459,-0.000490017,-0.00040035,-0.000317258
-0.00103569,-0.00101447,-0.000972975,-0.000913495,-0.000839535,-0.000754714,-0.000663083,-0.000569171,-0.000476458,-0.000388657,-0.000307535
-0.001014,-0.000993024,-0.000952051,-0.000893393,-0.000820445,-0.000736947,-0.00064679,-0.000554571,-0.000463652,-0.000377701,-0.000298433
-0.000993092,-0.000972391,-0.000931911,-0.000874041,-0.000802109,-0.000719879,-0.000631222,-0.000540592,-0.000451416,-0.000367231,-0.000289738
-0.000972031,-0.000951561,-0.000911667,-0.000854596,-0.000783724,-0.000702802,-0.000615649,-0.000526671,-0.000439254,-0.000356857,-0.000281145
-0.000952043,-0.00093187,-0.00089248,-0.000836163,-0.000766349,-0.000686671,-0.000601002,-0.000513518,-0.000427763,-0.000347084,-0.000273084
-0.000932012,-0.000912096,-0.000873259,-0.000817788,-0.000748948,-0.000670518,-0.000586267,-0.000500438,-0.000416367,-0.000337381,-0.000265063
-0.000912685,-0.000892961,-0.000854693,-0.000799984,-0.000732128,-0.000654916,-0.000572082,-0.000487836,-0.000405377,-0.000328016,-0.000257352
-0.000893918,-0.00087449,-0.000836663,-0.000782766,-0.000715909,-0.00063991,-0.000558468,-0.000475703,-0.000394905,-0.000319143,-0.000249522
-0.000875087,-0.000855877,-0.000818672,-0.000765474,-0.000699691,-0.000624892,-0.000544945,-0.000463632,-0.000384416,-0.000310269,-0.000242718
-0.000857015,-0.000838099,-0.000801336,-0.000748936,-0.000684088,-0.000610515,-0.000531837,-0.000452099,-0.000374516,-0.00030182,-0.000235764
-0.000838614,-0.000819877,-0.000783723,-0.000732076,-0.00066832,-0.000595951,-0.000518742,-0.000440406,-0.000364331,-0.000293304,-0.000228789
-0.000820808,-0.000802373,-0.000766674,-0.000715839,-0.000653059,-0.000581915,-0.000506026,-0.000429197,-0.000354653,-0.000285172,-0.000222134
-0.000803962,-0.000785796,-0.00075067,-0.000700555,-0.000638748,-0.000568757,-0.000494149,-0.000418701,-0.000345544,-0.000277513,-0.000215893
-0.000787297,-0.000769387,-0.000734665,-0.00068537,-0.00062448,-0.000555615,-0.000482293,-0.000408253,-0.000336483,-0.000269988,-0.0002091
-0.000770654,-0.000752991,-0.000718796,-0.000670193,-0.000610291,-0.000542571,-0.000470577,-0.000397932,-0.000327688,-0.000262537,-0.000203744
-0.000754419,-0.000736996,-0.000703315,-0.000655484,-0.000596506,-0.000529946,-0.000459228,-0.000387944,-0.000319152,-0.00025539,-0.000197898
-0.000738731,-0.000721609,-0.000688412,-0.00064128,-0.000583284,-0.000517837,-0.000448391,-0.000378416,-0.000311017,-0.000248531,-0.000192299
-0.000723239,-0.000706347,-0.000673651,-0.000627268,-0.000570163,-0.000505817,-0.000437585,-0.000368945,-0.00030282,-0.000241774,-0.000186791
-0.000708218,-0.000691549,-0.000659381,-0.000613663,-0.000557481,-0.00049419,-0.000427176,-0.000359828,-0.000295032,-0.000235265,-0.000181494
-0.000693579,-0.000677141,-0.000645454,-0.000600453,-0.000545183,-0.000482985,-0.000417108,-0.000351023,-0.000287501,-0.000228979,-0.000175678
-0.000679166,-0.000662979,-0.000631757,-0.000587458,-0.000533053,-0.000471896,-0.000407225,-0.000342348,-0.000279987,-0.000222853,-0.000171416
-0.000664781,-0.00064883,-0.000618059,-0.000574487,-0.000520994,-0.000460897,-0.000397413,-0.000333792,-0.000272829,-0.000216815,-0.000166534
-0.000651024,-0.000635335,-0.000605022,-0.000562117,-0.000509516,-0.000450441,-0.000388066,-0.000325647,-0.000265868,-0.000211066,-0.000161889
-0.000637577,-0.000622117,-0.000592304,-0.000550075,-0.000498297,-0.000440232,-0.000378964,-0.000317705,-0.000259154,-0.000205486,-0.000157379
-0.000624175,-0.000608992,-0.00057963,-0.000538025,-0.000487149,-0.000430085,-0.000369955,-0.000309879,-0.000252595,-0.000199994,-0.000152951
-0.000611337,-0.000596352,-0.000567438,-0.000526546,-0.000476477,-0.000420379,-0.000361316,-0.000302373,-0.000246122,-0.000194729,-0.000147973
-0.000598803,-0.000584056,-0.00055563,-0.000515329,-0.000466078,-0.000410907,-0.00035294,-0.000295073,-0.000239939,-0.000189618,-0.000144639
-0.000586414,-0.000571867,-0.000543835,-0.000504222,-0.000455783,-0.0004016,-0.000344641,-0.000287891,-0.000233872,-0.000184671,-0.000140638
-0.000574094,-0.000559805,-0.000532222,-0.000493258,-0.000445647,-0.000392401,-0.000336483,-0.000280837,-0.000227896,-0.00017975,-0.000136717
-0.000562439,-0.00054839,-0.000521214,-0.000482875,-0.00043603,-0.00038366,-0.000328778,-0.000274157,-0.000222279,-0.000175125,-0.000133003
-0.000550779,-0.000536934,-0.000510199,-0.000472472,-0.000426417,-0.000374998,-0.000321061,-0.000267513,-0.000216648,-0.000170524,-0.000129332
-0.000539702,-0.000526074,-0.000499748,-0.000462607,-0.000417322,-0.00036675,-0.000313784,-0.000261223,-0.000211491,-0.000166171,-0.000125075
-0.000528663,-0.000515243,-0.000489357,-0.000452777,-0.000408234,-0.000358547,-0.000306543,-0.000254961,-0.000206091,-0.000161876,-0.000122439
-0.000517641,-0.000504456,-0.000478958,-0.000443023,-0.000399241,-0.000350431,-0.000299398,-0.000248802,-0.000200924,-0.000157646,-0.000119101
-0.000506999,-0.000494016,-0.000468919,-0.000433558,-0.000390517,-0.000342571,-0.000292455,-0.000242841,-0.000195915,-0.00015358,-0.00011584
-0.00049677,-0.000483999,-0.000459282,-0.000424504,-0.000382174,-0.000335054,-0.000285822,-0.000237116,-0.000191135,-0.000149669,-0.000112766
-0.000486749,-0.000474155,-0.00044984,-0.000415635,-0.000373986,-0.000327662,-0.000279324,-0.000231553,-0.000186473,-0.000145883,-0.00010976
-0.000476825,-0.000464433,-0.000440519,-0.000406903,-0.000365966,-0.00032043,-0.000272979,-0.000226103,-0.000181775,-0.000142151,-0.000106048
-0.000467122,-0.000454915,-0.000431385,-0.000398272,-0.000358018,-0.000313302,-0.000266716,-0.000220728,-0.00017741,-0.000138525,-0.000103958
-0.000457518,-0.000445523,-0.000422377,-0.000389807,-0.000350251,-0.000306323,-0.000260588,-0.000215494,-0.000173046,-0.000134965,-0.000101152
-0.000448344,-0.000436522,-0.000413731,-0.000381707,-0.000342815,-0.000299646,-0.000254721,-0.00021048,-0.000168872,-0.000131593,-9.85093e-05
-0.00043941,-0.000427789,-0.000405351,-0.000373848,-0.000335594,-0.000293148,-0.000249044,-0.000205602,-0.000164826,-0.000128304,-9.5929e-05
-0.00043029,-0.000418853,-0.000396787,-0.000365829,-0.000328242,-0.000286563,-0.000243269,-0.000200697,-0.000160742,-0.000125006,-9.33513e-05
-0.000421789,-0.00041055,-0.000388821,-0.000358365,-0.000321396,-0.000280434,-0.000237902,-0.000196125,-0.000156931,-0.000121922,-9.01891e-05
-0.000413338,-0.000402257,-0.000380892,-0.000350932,-0.000314565,-0.000274317,-0.000232574,-0.000191556,-0.000153014,-0.000118873,-8.8531e-05
-0.000405308,-0.00039443,-0.00037338,-0.000343886,-0.000308139,-0.000268539,-0.000227535,-0.000187277,-0.000149602,-0.000116016,-8.63139e-05
-0.000396915,-0.00038621,-0.000365508,-0.000336518,-0.000301398,-0.000262529,-0.000222261,-0.000182805,-0.000146014,-0.000113038,-8.39908e-05
-0.000389077,-0.000378536,-0.000358145,-0.000329637,-0.000295083,-0.000256909,-0.000217368,-0.000178653,-0.000142438,-0.000110258,-8.18346e-05
-0.000381254,-0.000370846,-0.000350823,-0.000322774,-0.000288834,-0.000251322,-0.000212484,-0.000174507,-0.000139026,-0.000107524,-7.96745e-05
-0.00037374,-0.00036353,-0.000343809,-0.000316222,-0.000282821,-0.000245934,-0.000207855,-0.000170544,-0.000135764,-0.000104886,-7.7656e-05
-0.00036618,-0.000356123,-0.000336742,-0.000309591,-0.000276782,-0.000240565,-0.000203165,-0.000166578,-0.000132475,-0.000102271,-7.56169e-05
-0.000359087,-0.000349195,-0.00033012,-0.000303411,-0.000271128,-0.000235528,-0.000198779,-0.000162856,-0.000129428,-9.98199e-05,-7.37189e-05
-0.000351779,-0.000342059,-0.00032329,-0.000297041,-0.000265329,-0.000230371,-0.000194291,-0.000159079,-0.000126296,-9.73306e-05,-7.17997e-05
-0.000345079,-0.000335517,-0.000317023,-0.000291209,-0.000259997,-0.000225604,-0.000190186,-0.000155577,-0.000123435,-9.50281e-05,-7.00345e-05
-0.000338261,-0.000328831,-0.000310648,-0.000285271,-0.000254601,-0.00022081,-0.000185985,-0.000152063,-0.00012053,-9.27152e-05,-6.82516e-05
-0.000331527,-0.000322244,-0.000304371,-0.000279394,-0.000249247,-0.000216069,-0.000181883,-0.000148596,-0.000117693,-9.0441e-05,-6.65041e-05
-0.000325162,-0.000316018,-0.000298437,-0.000273862,-0.0002442,-0.000211578,-0.000178004,-0.000145329,-0.000115016,-8.83027e-05,-6.48696e-05
-0.000318689,-0.000309709,-0.000292397,-0.000268246,-0.000239084,-0.000207023,-0.00017408,-0.000142008,-0.000112293,-8.61449e-05,-6.32078e-05
-0.000312444,-0.000303595,-0.000286582,-0.000262827,-0.000234163,-0.000202674,-0.000170286,-0.000138844,-0.000109694,-8.40698e-05,-6.16405e-05
-0.00030647,-0.000297782,-0.000281031,-0.000257655,-0.000229469,-0.000198501,-0.000166689,-0.000135793,-0.000107212,-8.20988e-05,-6.01199e-05
-0.000300473,-0.00029193,-0.000275443,-0.00025245,-0.000224741,-0.000194312,-0.000163081,-0.000132764,-0.000104734,-8.01228e-05,-5.86179e-05
-0.000294718,-0.000286297,-0.00027007,-0.000247458,-0.000220204,-0.000190284,-0.000159613,-0.000129853,-0.000102354,-7.82404e-05,-5.71901e-05
-0.000289052,-0.000280765,-0.000264782,-0.000242551,-0.000215738,-0.000186348,-0.000156213,-0.000126996,-0.000100022,-7.6399e-05,-5.57839e-05
-0.00028346,-0.000275285,-0.000259583,-0.0002377,-0.000211356,-0.00018247,-0.000152863,-0.000124202,-9.77484e-05,-7.46001e-05,-5.44083e-05
-0.000278004,-0.000269977,-0.000254512,-0.000232997,-0.000207087,-0.000178699,-0.00014962,-0.000121475,-9.55283e-05,-7.28379e-05,-5.30707e-05
-0.000272675,-0.000264773,-0.00024956,-0.000228403,-0.000202896,-0.000174991,-0.000146449,-0.000118817,-9.33664e-05,-7.11275e-05,-5.17861e-05
-0.00026739,-0.000259615,-0.00024465,-0.000223838,-0.000198779,-0.000171349,-0.000143311,-0.000116198,-9.12282e-05,-6.94404e-05,-5.05101e-05
-0.000262303,-0.00025465,-0.000239931,-0.000219442,-0.000194809,-0.000167852,-0.000140294,-0.00011368,-8.91863e-05,-6.78326e-05,-4.92945e-05
-0.000257371,-0.00024984,-0.000235363,-0.000215196,-0.000190956,-0.000164475,-0.000137388,-0.000111255,-8.72073e-05,-6.62649e-05,-4.81168e-05
-0.000252563,-0.000245162,-0.000230886,-0.000211056,-0.000187218,-0.000161161,-0.000134553,-0.000108884,-8.52859e-05,-6.47613e-05,-4.69839e-05
-0.000247851,-0.000240572,-0.000226514,-0.000207007,-0.000183571,-0.000157936,-0.000131779,-0.000106567,-8.34197e-05,-6.32941e-05,-4.58756e-05
-0.000242978,-0.000235781,-0.000221995,-0.000202795,-0.000179766,-0.000154591,-0.000128916,-0.000104192,-8.14997e-05,-6.177e-05,-4.4742e-05
-0.000238414,-0.000231338,-0.000217756,-0.000198878,-0.00017622,-0.000151475,-0.000126246,-0.000101963,-7.97007e-05,-6.03643e-05,-4.36822e-05
-0.000233867,-0.000226914,-0.000213548,-0.000194979,-0.000172695,-0.000148376,-0.000123598,-9.97581e-05,-7.79175e-05,-5.89562e-05,-4.26353e-05
-0.000229529,-0.000222668,-0.000209516,-0.000191251,-0.000169321,-0.000145412,-0.000121061,-9.76576e-05,-7.62118e-05,-5.76188e-05,-4.16398e-05
-0.000225282,-0.000218534,-0.000205591,-0.00018762,-0.000166046,-0.000142537,-0.000118595,-9.5603e-05,-7.45561e-05,-5.63222e-05,-4.06728e-05
-0.000221092,-0.000214477,-0.000201724,-0.000184044,-0.000162831,-0.000139698,-0.000116179,-9.36013e-05,-7.29403e-05,-5.50589e-05,-3.97356e-05
-0.000217018,-0.000210479,-0.000197931,-0.000180534,-0.000159667,-0.000136925,-0.000113803,-9.16351e-05,-7.13584e-05,-5.38225e-05,-3.88009e-05
-0.000212941,-0.000206514,-0.000194154,-0.000177051,-0.000156511,-0.000134167,-0.000111455,-8.9679e-05,-6.97861e-05,-5.25973e-05,-3.78909e-05
-0.000208963,-0.000202627,-0.00019048,-0.000173636,-0.000153447,-0.000131476,-0.000109159,-8.77789e-05,-6.82654e-05,-5.14021e-05,-3.70031e-05
-0.000205223,-0.000198979,-0.000187013,-0.000170438,-0.000150568,-0.00012895,-0.000107007,-8.60041e-05,-6.68425e-05,-5.02792e-05,-3.61821e-05
-0.000201409,-0.000195269,-0.000183507,-0.000167171,-0.000147629,-0.000126384,-0.000104833,-8.41865e-05,-6.5382e-05,-4.91416e-05,-3.53336e-05
-0.000197623,-0.000191587,-0.000179999,-0.000163944,-0.000144731,-0.000123848,-0.000102665,-8.23972e-05,-6.3949e-05,-4.80303e-05,-3.45171e-05
-0.000194067,-0.000188126,-0.000176716,-0.000160916,-0.000142008,-0.000121462,-0.000100637,-8.07247e-05,-6.26024e-05,-4.6988e-05,-3.37404e-05
-0.000190585,-0.000184727,-0.000173491,-0.000157936,-0.000139341,-0.000119117,-9.86457e-05,-7.90899e-05,-6.1292e-05,-4.59574e-05,-3.29832e-05
-0.000187059,-0.000181293,-0.000170239,-0.000154933,-0.000136629,-0.000116764,-9.66351e-05,-7.74202e-05,-5.99624e-05,-4.49365e-05,-3.22282e-05
-0.000183607,-0.000177924,-0.000167049,-0.000151994,-0.000133995,-0.000114455,-9.46768e-05,-7.58115e-05,-5.86736e-05,-4.39273e-05,-3.14843e-05
-0.000180338,-0.000174746,-0.000164043,-0.000149205,-0.000131494,-0.000112274,-9.28291e-05,-7.42845e-05,-5.74576e-05,-4.29856e-05,-3.07842e-05
-0.000177046,-0.000171551,-0.000161009,-0.000146414,-0.000128992,-0.000110094,-9.0977e-05,-7.27534e-05,-5.62346e-05,-4.20372e-05,-3.00846e-05
-0.000173808,-0.00016839,-0.000158014,-0.000143659,-0.000126517,-0.000107931,-8.91371e-05,-7.12443e-05,-5.50327e-05,-4.11047e-05,-2.93939e-05
-0.000170769,-0.000165427,-0.000155214,-0.000141078,-0.000124202,-0.000105907,-8.74285e-05,-6.98452e-05,-5.39135e-05,-4.02366e-05,-2.87686e-05
-0.000167646,-0.000162399,-0.00015234,-0.000138436,-0.000121828,-0.000103843,-8.56781e-05,-6.83982e-05,-5.27627e-05,-3.93473e-05,-2.81037e-05
-0.000164658,-0.00015949,-0.000149586,-0.000135898,-0.000119555,-0.000101863,-8.40027e-05,-6.70219e-05,-5.16638e-05,-3.8501e-05,-2.74796e-05
-0.000161773,-0.000156677,-0.000146922,-0.000133443,-0.00011736,-9.99494e-05,-8.2387e-05,-6.56962e-05,-5.06142e-05,-3.76866e-05,-2.68844e-05
-0.000158914,-0.000153891,-0.000144284,-0.000131018,-0.000115183,-9.80546e-05,-8.07865e-05,-6.43843e-05,-4.95703e-05,-3.68834e-05,-2.62881e-05
-0.000156105,-0.000151154,-0.0001417,-0.000128632,-0.00011306,-9.61988e-05,-7.92208e-05,-6.31024e-05,-4.85501e-05,-3.60996e-05,-2.57191e-05
-0.000153298,-0.000148436,-0.000139122,-0.000126267,-0.000110939,-9.43622e-05,-7.76632e-05,-6.18216e-05,-4.75343e-05,-3.53178e-05,-2.51399e-05
-0.000150578,-0.000145781,-0.000136615,-0.000123957,-0.000108879,-9.25714e-05,-7.6152e-05,-6.05894e-05,-4.65508e-05,-3.45585e-05,-2.45893e-05
-0.000147911,-0.000143191,-0.000134169,-0.000121707,-0.000106863,-9.0822e-05,-7.46771e-05,-5.93774e-05,-4.55995e-05,-3.38227e-05,-2.40579e-05
-0.000145359,-0.000140719,-0.000131827,-0.000119558,-0.000104942,-8.91506e-05,-7.32703e-05,-5.8232e-05,-4.46822e-05,-3.31173e-05,-2.35605e-05
-0.000142818,-0.00013824,-0.000129484,-0.000117405,-0.000103019,-8.7488e-05,-7.18655e-05,-5.70813e-05,-4.3776e-05,-3.24281e-05,-2.30609e-05
-0.000140314,-0.000135805,-0.000127182,-0.000115289,-0.000101126,-8.58467e-05,-7.048e-05,-5.59497e-05,-4.28843e-05,-3.17378e-05,-2.25546e-05
-0.000137885,-0.000133449,-0.000124958,-0.000113242,-9.93071e-05,-8.42646e-05,-6.91488e-05,-5.48619e-05,-4.20248e-05,-3.10753e-05,-2.20645e-05
-0.000135483,-0.000131105,-0.000122748,-0.00011121,-9.74946e-05,-8.26926e-05,-6.7831e-05,-5.37816e-05,-4.11762e-05,-3.04258e-05,-2.15884e-05
-0.000133114,-0.000128803,-0.000120574,-0.000109217,-9.57153e-05,-8.11515e-05,-6.6533e-05,-5.27273e-05,-4.03385e-05,-2.97861e-05,-2.11139e-05
-0.000130841,-0.000126596,-0.000118488,-0.000107299,-9.40092e-05,-7.96709e-05,-6.52911e-05,-5.17158e-05,-3.95421e-05,-2.91763e-05,-2.06594e-05
-0.000128571,-0.0001244,-0.000116413,-0.0001054,-9.23099e-05,-7.82036e-05,-6.40615e-05,-5.07064e-05,-3.87444e-05,-2.85693e-05,-2.02087e-05
-0.000126377,-0.00012226,-0.000114389,-0.000103548,-9.06612e-05,-7.67772e-05,-6.28563e-05,-4.97295e-05,-3.79741e-05,-2.79795e-05,-1.97822e-05
-0.000124226,-0.000120166,-0.00011242,-0.000101737,-8.90485e-05,-7.53803e-05,-6.16844e-05,-4.87795e-05,-3.723e-05,-2.74082e-05,-1.93627e-05
-0.000122104,-0.000118102,-0.000110468,-9.99519e-05,-8.74565e-05,-7.40035e-05,-6.05321e-05,-4.78397e-05,-3.64851e-05,-2.6846e-05,-1.89496e-05
-0.000120009,-0.000116066,-0.00010855,-9.81928e-05,-8.5889e-05,-7.26526e-05,-5.93968e-05,-4.69218e-05,-3.57594e-05,-2.62932e-05,-1.8544e-05
-0.000117958,-0.000114075,-0.000106672,-9.64659e-05,-8.4361e-05,-7.13328e-05,-5.82899e-05,-4.60165e-05,-3.5053e-05,-2.57531e-05,-1.81462e-05
-0.00011596,-0.000112139,-0.000104844,-9.47926e-05,-8.28693e-05,-7.00442e-05,-5.72127e-05,-4.51438e-05,-3.43659e-05,-2.52291e-05,-1.77618e-05
-0.000114033,-0.000110263,-0.000103073,-9.31669e-05,-8.14259e-05,-6.87995e-05,-5.61718e-05,-4.42942e-05,-3.37066e-05,-2.47233e-05,-1.73908e-05
-0.000112069,-0.000108361,-0.00010128,-9.15303e-05,-7.99695e-05,-6.75384e-05,-5.51173e-05,-4.3444e-05,-3.30274e-05,-2.42149e-05,-1.70236e-05
-0.000110214,-0.000106551,-9.95769e-05,-8.99711e-05,-7.85787e-05,-6.63409e-05,-5.41181e-05,-4.26343e-05,-3.23913e-05,-2.37318e-05,-1.66721e-05
-0.000108329,-0.000104727,-9.78567e-05,-8.83972e-05,-7.71845e-05,-6.51395e-05,-5.311e-05,-4.18154e-05,-3.17523e-05,-2.3248e-05,-1.63122e-05
-0.000106538,-0.000102985,-9.62155e-05,-8.68945e-05,-7.58534e-05,-6.39866e-05,-5.21501e-05,-4.10392e-05,-3.11341e-05,-2.27868e-05,-1.59746e-05
-0.00010476,-0.000101263,-9.45921e-05,-8.54092e-05,-7.45331e-05,-6.28546e-05,-5.1201e-05,-4.02696e-05,-3.05363e-05,-2.23305e-05,-1.56423e-05
-0.000103027,-9.95739e-05,-9.29997e-05,-8.39533e-05,-7.32434e-05,-6.1741e-05,-5.02735e-05,-3.95205e-05,-2.99486e-05,-2.1888e-05,-1.53261e-05
-0.000101319,-9.7927e-05,-9.1449e-05,-8.2537e-05,-7.19854e-05,-6.06607e-05,-4.93696e-05,-3.87892e-05,-2.93824e-05,-2.14571e-05,-1.50133e-05
-9.96307e-05,-9.62806e-05,-8.9899e-05,-8.11204e-05,-7.07291e-05,-5.95813e-05,-4.84694e-05,-3.80646e-05,-2.88069e-05,-2.10242e-05,-1.46965e-05
-9.79881e-05,-9.46954e-05,-8.84057e-05,-7.97609e-05,-6.95187e-05,-5.85432e-05,-4.76037e-05,-3.73615e-05,-2.82673e-05,-2.06131e-05,-1.44e-05
-9.63575e-05,-9.31087e-05,-8.6911e-05,-7.83914e-05,-6.83071e-05,-5.74995e-05,-4.67359e-05,-3.66643e-05,-2.77215e-05,-2.02015e-05,-1.40994e-05
-9.47735e-05,-9.15727e-05,-8.54687e-05,-7.7071e-05,-6.71386e-05,-5.6496e-05,-4.58989e-05,-3.59879e-05,-2.71942e-05,-1.98041e-05,-1.38112e-05
-9.32421e-05,-9.00848e-05,-8.40649e-05,-7.57944e-05,-6.60046e-05,-5.55209e-05,-4.50878e-05,-3.53352e-05,-2.66848e-05,-1.94209e-05,-1.35321e-05
-9.17055e-05,-8.85985e-05,-8.267e-05,-7.45147e-05,-6.48725e-05,-5.45516e-05,-4.42801e-05,-3.46835e-05,-2.61763e-05,-1.9039e-05,-1.32576e-05
-9.02298e-05,-8.71641e-05,-8.13189e-05,-7.32839e-05,-6.37868e-05,-5.36179e-05,-4.3505e-05,-3.40595e-05,-2.56925e-05,-1.86735e-05,-1.29919e-05
-8.87385e-05,-8.57215e-05,-7.99613e-05,-7.2045e-05,-6.26891e-05,-5.26716e-05,-4.27217e-05,-3.34274e-05,-2.52006e-05,-1.83034e-05,-1.27285e-05
-8.73108e-05,-8.43365e-05,-7.86575e-05,-7.08562e-05,-6.16388e-05,-5.17724e-05,-4.19717e-05,-3.28265e-05,-2.47318e-05,-1.79534e-05,-1.24692e-05
-8.59085e-05,-8.29782e-05,-7.73824e-05,-6.96897e-05,-6.06071e-05,-5.08904e-05,-4.12359e-05,-3.22351e-05,-2.4272e-05,-1.76054e-05,-1.22177e-05
-8.45092e-05,-8.162e-05,-7.61039e-05,-6.85265e-05,-5.9578e-05,-5.0008e-05,-4.05072e-05,-3.16468e-05,-2.38148e-05,-1.72646e-05,-1.19758e-05
-8.31574e-05,-8.03104e-05,-7.48739e-05,-6.74056e-05,-5.85879e-05,-4.91581e-05,-3.98004e-05,-3.10803e-05,-2.33745e-05,-1.69345e-05,-1.17352e-05
-8.18309e-05,-7.90221e-05,-7.36619e-05,-6.62997e-05,-5.76119e-05,-4.833e-05,-3.91093e-05,-3.05218e-05,-2.2942e-05,-1.66102e-05,-1.15008e-05
-8.05094e-05,-7.77403e-05,-7.24581e-05,-6.52039e-05,-5.66398e-05,-4.74953e-05,-3.84207e-05,-2.99729e-05,-2.25147e-05,-1.62904e-05,-1.12747e-05
-7.92413e-05,-7.65071e-05,-7.12975e-05,-6.41488e-05,-5.57106e-05,-4.6696e-05,-3.77584e-05,-2.94437e-05,-2.21051e-05,-1.59838e-05,-1.10564e-05
-7.79588e-05,-7.52666e-05,-7.01338e-05,-6.30864e-05,-5.4772e-05,-4.58958e-05,-3.70953e-05,-2.89097e-05,-2.16923e-05,-1.56754e-05,-1.08338e-05
-7.67296e-05,-7.40809e-05,-6.90208e-05,-6.20703e-05,-5.38774e-05,-4.5128e-05,-3.6463e-05,-2.84011e-05,-2.13009e-05,-1.53823e-05,-1.06237e-05
-7.55206e-05,-7.29057e-05,-6.79147e-05,-6.10662e-05,-5.29892e-05,-4.43717e-05,-3.58343e-05,-2.78991e-05,-2.091e-05,-1.50901e-05,-1.0414e-05
-7.43209e-05,-7.17404e-05,-6.68226e-05,-6.00709e-05,-5.2112e-05,-4.36198e-05,-3.52139e-05,-2.74038e-05,-2.05335e-05,-1.48049e-05,-1.02103e-05
-7.31606e-05,-7.06108e-05,-6.57588e-05,-5.91026e-05,-5.1259e-05,-4.28909e-05,-3.46112e-05,-2.69198e-05,-2.01518e-05,-1.45265e-05,-1.00113e-05
-7.20088e-05,-6.94973e-05,-6.4718e-05,-5.81548e-05,-5.04256e-05,-4.21791e-05,-3.40213e-05,-2.64503e-05,-1.97909e-05,-1.42552e-05,-9.82019e-06
-7.08803e-05,-6.84077e-05,-6.36911e-05,-5.72213e-05,-4.96015e-05,-4.14751e-05,-3.34417e-05,-2.59843e-05,-1.94293e-05,-1.39894e-05,-9.62022e-06
-6.97722e-05,-6.7332e-05,-6.26835e-05,-5.6306e-05,-4.87944e-05,-4.07887e-05,-3.2874e-05,-2.5533e-05,-1.9082e-05,-1.37293e-05,-9.44034e-06
-6.86955e-05,-6.62851e-05,-6.16977e-05,-5.54087e-05,-4.80057e-05,-4.01147e-05,-3.23181e-05,-2.50877e-05,-1.87374e-05,-1.34764e-05,-9.26247e-06
-6.76077e-05,-6.52337e-05,-6.07134e-05,-5.45158e-05,-4.72195e-05,-3.94443e-05,-3.17635e-05,-2.46469e-05,-1.83983e-05,-1.32207e-05,-9.07974e-06
-6.65563e-05,-6.42158e-05,-5.97594e-05,-5.36493e-05,-4.64542e-05,-3.87946e-05,-3.12269e-05,-2.42187e-05,-1.80701e-05,-1.29759e-05,-8.90397e-06
-6.55289e-05,-6.32285e-05,-5.88314e-05,-5.28047e-05,-4.57131e-05,-3.81594e-05,-3.07058e-05,-2.38036e-05,-1.77501e-05,-1.27366e-05,-8.7334e-06
-6.45137e-05,-6.22397e-05,-5.79052e-05,-5.19628e-05,-4.49704e-05,-3.75302e-05,-3.01856e-05,-2.33891e-05,-1.74309e-05,-1.25015e-05,-8.57006e-06
-6.35191e-05,-6.12751e-05,-5.70008e-05,-5.11423e-05,-4.425e-05,-3.69154e-05,-2.96805e-05,-2.29857e-05,-1.71218e-05,-1.22722e-05,-8.40379e-06
-6.25546e-05,-6.0343e-05,-5.61265e-05,-5.03486e-05,-4.35497e-05,-3.63206e-05,-2.91893e-05,-2.25962e-05,-1.68208e-05,-1.20521e-05,-8.24681e-06
-6.16027e-05,-5.94181e-05,-5.52598e-05,-4.95601e-05,-4.28597e-05,-3.57332e-05,-2.87062e-05,-2.22109e-05,-1.65259e-05,-1.18306e-05,-8.09436e-06
-6.06434e-05,-5.84976e-05,-5.43972e-05,-4.87772e-05,-4.21703e-05,-3.51457e-05,-2.82236e-05,-2.18282e-05,-1.62319e-05,-1.16138e-05,-7.93946e-06
-5.97208e-05,-5.75985e-05,-5.35543e-05,-4.80126e-05,-4.15004e-05,-3.45764e-05,-2.77558e-05,-2.14553e-05,-1.59457e-05,-1.14031e-05,-7.78897e-06
-5.88147e-05,-5.67212e-05,-5.27321e-05,-4.72675e-05,-4.08456e-05,-3.402e-05,-2.72981e-05,-2.10905e-05,-1.56667e-05,-1.11938e-05,-7.63295e-06
-5.79213e-05,-5.5854e-05,-5.19188e-05,-4.65307e-05,-4.01982e-05,-3.34697e-05,-2.68452e-05,-2.07324e-05,-1.53926e-05,-1.0985e-05,-7.50571e-06
-5.70488e-05,-5.50116e-05,-5.11302e-05,-4.58132e-05,-3.95692e-05,-3.29367e-05,-2.64073e-05,-2.03848e-05,-1.51252e-05,-1.07886e-05,-7.37148e-06
-5.61799e-05,-5.41742e-05,-5.03453e-05,-4.51034e-05,-3.89462e-05,-3.24086e-05,-2.59727e-05,-2.00403e-05,-1.48619e-05,-1.05972e-05,-7.23077e-06
-5.53515e-05,-5.3369e-05,-4.959e-05,-4.4419e-05,-3.83447e-05,-3.18989e-05,-2.55538e-05,-1.9709e-05,-1.46085e-05,-1.04105e-05,-7.1004e-06
-5.44999e-05,-5.25435e-05,-4.88182e-05,-4.37186e-05,-3.77316e-05,-3.13762e-05,-2.51268e-05,-1.93702e-05,-1.43498e-05,-1.02198e-05,-6.962e-06
-5.36982e-05,-5.17659e-05,-4.80918e-05,-4.30616e-05,-3.71521e-05,-3.08875e-05,-2.47254e-05,-1.90511e-05,-1.41086e-05,-1.00379e-05,-6.83668e-06
-5.28843e-05,-5.09808e-05,-4.73552e-05,-4.23928e-05,-3.65689e-05,-3.03895e-05,-2.43195e-05,-1.87307e-05,-1.38618e-05,-9.8543e-06,-6.70817e-06
-5.20873e-05,-5.02135e-05,-4.66378e-05,-4.17419e-05,-3.59991e-05,-2.9907e-05,-2.39229e-05,-1.8418e-05,-1.3622e-05,-9.68227e-06,-6.59155e-06
-5.1316e-05,-4.9462e-05,-4.59338e-05,-4.11053e-05,-3.54412e-05,-2.94337e-05,-2.3536e-05,-1.81106e-05,-1.33896e-05,-9.50648e-06,-6.45977e-06
-5.05679e-05,-4.87389e-05,-4.52565e-05,-4.04929e-05,-3.49034e-05,-2.89794e-05,-2.31617e-05,-1.7816e-05,-1.31567e-05,-9.34419e-06,-6.34962e-06
-4.98228e-05,-4.80128e-05,-4.45792e-05,-3.9878e-05,-3.4366e-05,-2.8525e-05,-2.27906e-05,-1.75232e-05,-1.29416e-05,-9.18796e-06,-6.23094e-06
-4.90673e-05,-4.72874e-05,-4.38996e-05,-3.92625e-05,-3.38277e-05,-2.80685e-05,-2.24177e-05,-1.72286e-05,-1.2714e-05,-9.0241e-06,-6.10783e-06
-4.83482e-05,-4.65904e-05,-4.32455e-05,-3.86692e-05,-3.33091e-05,-2.76289e-05,-2.20595e-05,-1.69445e-05,-1.24977e-05,-8.86402e-06,-6.00095e-06
-4.76263e-05,-4.58951e-05,-4.25959e-05,-3.80829e-05,-3.27951e-05,-2.71957e-05,-2.17047e-05,-1.66637e-05,-1.2287e-05,-8.70932e-06,-5.88866e-06
-4.69349e-05,-4.52196e-05,-4.19626e-05,-3.75093e-05,-3.22948e-05,-2.67704e-05,-2.13582e-05,-1.6391e-05,-1.20771e-05,-8.55628e-06,-5.7839e-06
-4.62458e-05,-4.45537e-05,-4.13431e-05,-3.6951e-05,-3.18049e-05,-2.63593e-05,-2.10215e-05,-1.61256e-05,-1.18798e-05,-8.40633e-06,-5.68219e-06
-4.55618e-05,-4.3896e-05,-4.07268e-05,-3.63928e-05,-3.13176e-05,-2.59457e-05,-2.06843e-05,-1.58604e-05,-1.16756e-05,-8.26355e-06,-5.57907e-06
-4.48954e-05,-4.32566e-05,-4.01287e-05,-3.58508e-05,-3.08437e-05,-2.55463e-05,-2.03586e-05,-1.56039e-05,-1.14804e-05,-8.11923e-06,-5.47693e-06
-4.42454e-05,-4.26226e-05,-3.95364e-05,-3.53185e-05,-3.03782e-05,-2.51518e-05,-2.00376e-05,-1.53499e-05,-1.12887e-05,-7.97811e-06,-5.38501e-06
-4.36016e-05,-4.20026e-05,-3.89569e-05,-3.47923e-05,-2.99176e-05,-2.47639e-05,-1.97209e-05,-1.51021e-05,-1.10996e-05,-7.841e-06,-5.28747e-06
-4.29704e-05,-4.13856e-05,-3.83803e-05,-3.42734e-05,-2.94657e-05,-2.4383e-05,-1.94095e-05,-1.48573e-05,-1.09164e-05,-7.70523e-06,-5.19331e-06
-4.23495e-05,-4.07888e-05,-3.78219e-05,-3.37679e-05,-2.90245e-05,-2.40095e-05,-1.91058e-05,-1.4618e-05,-1.07338e-05,-7.57257e-06,-5.10277e-06
-4.17354e-05,-4.02008e-05,-3.72746e-05,-3.32729e-05,-2.85908e-05,-2.36455e-05,-1.88079e-05,-1.43854e-05,-1.05571e-05,-7.44348e-06,-4.99901e-06
-4.11325e-05,-3.96137e-05,-3.67227e-05,-3.27761e-05,-2.81583e-05,-2.32793e-05,-1.85114e-05,-1.41508e-05,-1.03804e-05,-7.31535e-06,-4.92433e-06
-4.05429e-05,-3.90434e-05,-3.61902e-05,-3.22943e-05,-2.77376e-05,-2.2924e-05,-1.82236e-05,-1.39246e-05,-1.02098e-05,-7.18791e-06,-4.83773e-06
-3.99654e-05,-3.84834e-05,-3.56703e-05,-3.18252e-05,-2.73286e-05,-2.25796e-05,-1.79436e-05,-1.37045e-05,-1.0045e-05,-7.07091e-06,-4.75064e-06
-3.93846e-05,-3.79237e-05,-3.51462e-05,-3.13507e-05,-2.69153e-05,-2.22323e-05,-1.76609e-05,-1.34825e-05,-9.87599e-06,-6.94781e-06,-4.66698e-06
-3.88258e-05,-3.73892e-05,-3.4645e-05,-3.08993e-05,-2.65212e-05,-2.19033e-05,-1.73911e-05,-1.32709e-05,-9.71631e-06,-6.83179e-06,-4.58522e-06
-3.8277e-05,-3.68553e-05,-3.41458e-05,-3.04496e-05,-2.61312e-05,-2.15706e-05,-1.71222e-05,-1.30619e-05,-9.55681e-06,-6.71631e-06,-4.5124e-06
-3.77296e-05,-3.63257e-05,-3.36533e-05,-3.00031e-05,-2.5742e-05,-2.12441e-05,-1.68575e-05,-1.28524e-05,-9.40001e-06,-6.60241e-06,-4.42502e-06
-3.71974e-05,-3.58097e-05,-3.31725e-05,-2.95712e-05,-2.53654e-05,-2.09266e-05,-1.65997e-05,-1.26519e-05,-9.24804e-06,-6.49478e-06,-4.35101e-06
-3.66626e-05,-3.52936e-05,-3.26893e-05,-2.91351e-05,-2.49857e-05,-2.06073e-05,-1.63403e-05,-1.24493e-05,-9.09643e-06,-6.38162e-06,-4.26429e-06
-3.61392e-05,-3.4793e-05,-3.22227e-05,-2.87157e-05,-2.46197e-05,-2.03007e-05,-1.6091e-05,-1.22542e-05,-8.94886e-06,-6.27492e-06,-4.19927e-06
-3.56347e-05,-3.43005e-05,-3.17618e-05,-2.83002e-05,-2.42585e-05,-1.99967e-05,-1.58451e-05,-1.20608e-05,-8.80437e-06,-6.16732e-06,-4.12639e-06
-3.51296e-05,-3.38121e-05,-3.13086e-05,-2.78909e-05,-2.39017e-05,-1.96971e-05,-1.56018e-05,-1.18715e-05,-8.661e-06,-6.0664e-06,-4.05313e-06
-3.4632e-05,-3.33323e-05,-3.08609e-05,-2.74874e-05,-2.3551e-05,-1.94e-05,-1.53621e-05,-1.16847e-05,-8.52121e-06,-5.96516e-06,-3.98088e-06
-3.41494e-05,-3.28634e-05,-3.04247e-05,-2.7095e-05,-2.32094e-05,-1.91143e-05,-1.51304e-05,-1.15036e-05,-8.38391e-06,-5.86522e-06,-3.90696e-06
-3.36692e-05,-3.24052e-05,-2.99962e-05,-2.6709e-05,-2.28741e-05,-1.8834e-05,-1.4902e-05,-1.13257e-05,-8.25065e-06,-5.7687e-06,-3.85015e-06
-3.31968e-05,-3.1944e-05,-2.95666e-05,-2.63224e-05,-2.25375e-05,-1.85502e-05,-1.46733e-05,-1.11474e-05,-8.11664e-06,-5.672e-06,-3.77748e-06
-3.2754e-05,-3.15111e-05,-2.91617e-05,-2.59558e-05,-2.2219e-05,-1.82844e-05,-1.44579e-05,-1.09779e-05,-7.98952e-06,-5.5803e-06,-3.7115e-06
-3.22862e-05,-3.1065e-05,-2.87464e-05,-2.55838e-05,-2.18964e-05,-1.80115e-05,-1.42384e-05,-1.08076e-05,-7.86176e-06,-5.48456e-06,-3.64057e-06
-3.18288e-05,-3.06226e-05,-2.83341e-05,-2.5213e-05,-2.15733e-05,-1.77419e-05,-1.40196e-05,-1.06375e-05,-7.73421e-06,-5.39568e-06,-3.58419e-06
-3.13849e-05,-3.01988e-05,-2.7939e-05,-2.48574e-05,-2.12648e-05,-1.74841e-05,-1.38101e-05,-1.04751e-05,-7.61245e-06,-5.30747e-06,-3.5271e-06
-3.09597e-05,-2.9783e-05,-2.75515e-05,-2.4508e-05,-2.09624e-05,-1.72293e-05,-1.3605e-05,-1.03147e-05,-7.49227e-06,-5.22241e-06,-3.46735e-06
-3.05347e-05,-2.93732e-05,-2.71706e-05,-2.41657e-05,-2.06647e-05,-1.69807e-05,-1.34036e-05,-1.01582e-05,-7.37553e-06,-5.13953e-06,-3.41728e-06
-3.01066e-05,-2.89608e-05,-2.67862e-05,-2.38194e-05,-2.03638e-05,-1.67282e-05,-1.32008e-05,-1.00004e-05,-7.25692e-06,-5.05555e-06,-3.34419e-06
-2.97009e-05,-2.85677e-05,-2.64189e-05,-2.34899e-05,-2.00791e-05,-1.649e-05,-1.30078e-05,-9.84931e-06,-7.14536e-06,-4.97097e-06,-3.29769e-06
-2.92854e-05,-2.81719e-05,-2.60502e-05,-2.31582e-05,-1.97903e-05,-1.62483e-05,-1.28132e-05,-9.69871e-06,-7.03214e-06,-4.89015e-06,-3.2416e-06
-2.88814e-05,-2.77771e-05,-2.56823e-05,-2.28277e-05,-1.95031e-05,-1.60088e-05,-1.26206e-05,-9.54796e-06,-6.92061e-06,-4.80882e-06,-3.18318e-06
-2.8487e-05,-2.73972e-05,-2.53282e-05,-2.25099e-05,-1.92282e-05,-1.57788e-05,-1.24344e-05,-9.40328e-06,-6.81275e-06,-4.73003e-06,-3.12413e-06
-2.80994e-05,-2.70212e-05,-2.49795e-05,-2.21968e-05,-1.89552e-05,-1.55511e-05,-1.22516e-05,-9.26065e-06,-6.7067e-06,-4.65476e-06,-3.07062e-06
-2.77124e-05,-2.66493e-05,-2.46323e-05,-2.18848e-05,-1.86855e-05,-1.53252e-05,-1.20686e-05,-9.12062e-06,-6.60096e-06,-4.58098e-06,-3.02042e-06
-2.73345e-05,-2.62895e-05,-2.42979e-05,-2.15834e-05,-1.84251e-05,-1.51069e-05,-1.18942e-05,-8.98388e-06,-6.49959e-06,-4.50591e-06,-2.97525e-06
