# xi2
# underflow	 -696.74943    	 0.22359965    
# overflow	 -1.1254127    	 0.41318397E-01
# sum	 -886.25428    	 0.38981333    
# xmin	xmax	cross	numerror
  0.0000000    	  1.0000000    	-0.77594879    	 0.16828529E-01
  1.0000000    	  2.0000000    	-0.76554591    	 0.18001333E-01
  2.0000000    	  3.0000000    	-0.74425167    	 0.16717039E-01
  3.0000000    	  4.0000000    	-0.73946179    	 0.15417514E-01
  4.0000000    	  5.0000000    	-0.68145480    	 0.13947747E-01
  5.0000000    	  6.0000000    	-0.60603190    	 0.14247274E-01
  6.0000000    	  7.0000000    	-0.57341907    	 0.13873708E-01
  7.0000000    	  8.0000000    	-0.48476904    	 0.13060769E-01
  8.0000000    	  9.0000000    	-0.44472962    	 0.11920039E-01
  9.0000000    	  10.000000    	-0.37524045    	 0.10903701E-01
  10.000000    	  11.000000    	-0.33734788    	 0.11136571E-01
  11.000000    	  12.000000    	-0.73823041    	 0.16097629E-01
  12.000000    	  13.000000    	-0.75805427    	 0.16020341E-01
  13.000000    	  14.000000    	-0.73038272    	 0.16149526E-01
  14.000000    	  15.000000    	-0.68899687    	 0.14542511E-01
  15.000000    	  16.000000    	-0.63609060    	 0.14113769E-01
  16.000000    	  17.000000    	-0.59159044    	 0.13243465E-01
  17.000000    	  18.000000    	-0.54062997    	 0.13352565E-01
  18.000000    	  19.000000    	-0.50722806    	 0.12414155E-01
  19.000000    	  20.000000    	-0.39771785    	 0.11593335E-01
  20.000000    	  21.000000    	-0.36421825    	 0.11309248E-01
  21.000000    	  22.000000    	-0.29136412    	 0.10907470E-01
  22.000000    	  23.000000    	-0.69801068    	 0.15890968E-01
  23.000000    	  24.000000    	-0.70735338    	 0.15818764E-01
  24.000000    	  25.000000    	-0.69279472    	 0.15906801E-01
  25.000000    	  26.000000    	-0.65391930    	 0.14979764E-01
  26.000000    	  27.000000    	-0.64336495    	 0.14140598E-01
  27.000000    	  28.000000    	-0.54675237    	 0.13697834E-01
  28.000000    	  29.000000    	-0.50227563    	 0.13342831E-01
  29.000000    	  30.000000    	-0.43004756    	 0.12240063E-01
  30.000000    	  31.000000    	-0.39540612    	 0.11059935E-01
  31.000000    	  32.000000    	-0.32627971    	 0.10719704E-01
  32.000000    	  33.000000    	-0.28224813    	 0.10440937E-01
  33.000000    	  34.000000    	-0.69856951    	 0.15997349E-01
  34.000000    	  35.000000    	-0.64950098    	 0.15672837E-01
  35.000000    	  36.000000    	-0.65680258    	 0.15737430E-01
  36.000000    	  37.000000    	-0.60358153    	 0.14924545E-01
  37.000000    	  38.000000    	-0.56530675    	 0.13631525E-01
  38.000000    	  39.000000    	-0.53792621    	 0.13189487E-01
  39.000000    	  40.000000    	-0.48233128    	 0.13357556E-01
  40.000000    	  41.000000    	-0.43371677    	 0.12494075E-01
  41.000000    	  42.000000    	-0.38162764    	 0.10968578E-01
  42.000000    	  43.000000    	-0.30913306    	 0.10043422E-01
  43.000000    	  44.000000    	-0.25263382    	 0.94765305E-02
  44.000000    	  45.000000    	-0.69419750    	 0.15714555E-01
  45.000000    	  46.000000    	-0.66610661    	 0.15261733E-01
  46.000000    	  47.000000    	-0.64020092    	 0.14600670E-01
  47.000000    	  48.000000    	-0.60692694    	 0.14411936E-01
  48.000000    	  49.000000    	-0.56439169    	 0.14046085E-01
  49.000000    	  50.000000    	-0.51504845    	 0.12721844E-01
  50.000000    	  51.000000    	-0.46453247    	 0.12412967E-01
  51.000000    	  52.000000    	-0.40799624    	 0.11640120E-01
  52.000000    	  53.000000    	-0.33426309    	 0.11076655E-01
  53.000000    	  54.000000    	-0.29568908    	 0.10070197E-01
  54.000000    	  55.000000    	-0.23996046    	 0.10653319E-01
  55.000000    	  56.000000    	-0.65397399    	 0.15960724E-01
  56.000000    	  57.000000    	-0.63349510    	 0.14396817E-01
  57.000000    	  58.000000    	-0.59436655    	 0.14053051E-01
  58.000000    	  59.000000    	-0.59708255    	 0.14467537E-01
  59.000000    	  60.000000    	-0.52717825    	 0.13639058E-01
  60.000000    	  61.000000    	-0.48307368    	 0.12891352E-01
  61.000000    	  62.000000    	-0.44305369    	 0.12036354E-01
  62.000000    	  63.000000    	-0.38310852    	 0.10869277E-01
  63.000000    	  64.000000    	-0.32217817    	 0.10362800E-01
  64.000000    	  65.000000    	-0.26344654    	 0.94844465E-02
  65.000000    	  66.000000    	-0.22272102    	 0.94530281E-02
  66.000000    	  67.000000    	-0.61217359    	 0.15598664E-01
  67.000000    	  68.000000    	-0.63248099    	 0.14764361E-01
  68.000000    	  69.000000    	-0.58002480    	 0.13382391E-01
  69.000000    	  70.000000    	-0.51098606    	 0.14073273E-01
  70.000000    	  71.000000    	-0.52126856    	 0.13257560E-01
  71.000000    	  72.000000    	-0.45538602    	 0.12480030E-01
  72.000000    	  73.000000    	-0.41982513    	 0.12258052E-01
  73.000000    	  74.000000    	-0.36497007    	 0.10956990E-01
  74.000000    	  75.000000    	-0.32132410    	 0.10379892E-01
  75.000000    	  76.000000    	-0.26010685    	 0.10164091E-01
  76.000000    	  77.000000    	-0.18889082    	 0.80664918E-02
  77.000000    	  78.000000    	-0.60954279    	 0.15530046E-01
  78.000000    	  79.000000    	-0.59411726    	 0.15503195E-01
  79.000000    	  80.000000    	-0.56571533    	 0.13379166E-01
  80.000000    	  81.000000    	-0.52484328    	 0.13391981E-01
  81.000000    	  82.000000    	-0.48930930    	 0.13198040E-01
  82.000000    	  83.000000    	-0.43439459    	 0.12042831E-01
  83.000000    	  84.000000    	-0.38702974    	 0.12044485E-01
  84.000000    	  85.000000    	-0.34016299    	 0.10453776E-01
  85.000000    	  86.000000    	-0.30417749    	 0.10115446E-01
  86.000000    	  87.000000    	-0.25553893    	 0.93299919E-02
  87.000000    	  88.000000    	-0.21056262    	 0.81127596E-02
  88.000000    	  89.000000    	-0.55199125    	 0.14827279E-01
  89.000000    	  90.000000    	-0.57045448    	 0.14389450E-01
  90.000000    	  91.000000    	-0.53106924    	 0.14215845E-01
  91.000000    	  92.000000    	-0.51618404    	 0.13024906E-01
  92.000000    	  93.000000    	-0.48152397    	 0.13487594E-01
  93.000000    	  94.000000    	-0.45433588    	 0.12736444E-01
  94.000000    	  95.000000    	-0.38005428    	 0.10986869E-01
  95.000000    	  96.000000    	-0.33210690    	 0.10334753E-01
  96.000000    	  97.000000    	-0.26693057    	 0.94596646E-02
  97.000000    	  98.000000    	-0.23083702    	 0.83854736E-02
  98.000000    	  99.000000    	-0.18746644    	 0.74823681E-02
  99.000000    	  100.00000    	-0.56530004    	 0.14681136E-01
  100.00000    	  101.00000    	-0.53832341    	 0.14409151E-01
  101.00000    	  102.00000    	-0.54479339    	 0.14161616E-01
  102.00000    	  103.00000    	-0.50233947    	 0.13444732E-01
  103.00000    	  104.00000    	-0.46231282    	 0.15639120E-01
  104.00000    	  105.00000    	-0.38651494    	 0.13062574E-01
  105.00000    	  106.00000    	-0.37245968    	 0.11944300E-01
  106.00000    	  107.00000    	-0.31671026    	 0.11230755E-01
  107.00000    	  108.00000    	-0.27712072    	 0.88147956E-02
  108.00000    	  109.00000    	-0.21275264    	 0.81723245E-02
  109.00000    	  110.00000    	-0.18139453    	 0.81106766E-02
  110.00000    	  111.00000    	-0.56355610    	 0.15092442E-01
  111.00000    	  112.00000    	-0.52232564    	 0.15397425E-01
  112.00000    	  113.00000    	-0.47545100    	 0.13939648E-01
  113.00000    	  114.00000    	-0.48055531    	 0.12933677E-01
  114.00000    	  115.00000    	-0.43206129    	 0.13915032E-01
  115.00000    	  116.00000    	-0.41258174    	 0.11809291E-01
  116.00000    	  117.00000    	-0.33040254    	 0.11786699E-01
  117.00000    	  118.00000    	-0.31405508    	 0.10268425E-01
  118.00000    	  119.00000    	-0.25399908    	 0.92098085E-02
  119.00000    	  120.00000    	-0.21265383    	 0.80262058E-02
  120.00000    	  121.00000    	-0.14106374    	 0.81291233E-02
  121.00000    	  122.00000    	-0.50453796    	 0.14048104E-01
  122.00000    	  123.00000    	-0.48480606    	 0.15320691E-01
  123.00000    	  124.00000    	-0.50962020    	 0.13659087E-01
  124.00000    	  125.00000    	-0.46337225    	 0.13096488E-01
  125.00000    	  126.00000    	-0.40230748    	 0.12764413E-01
  126.00000    	  127.00000    	-0.37640528    	 0.11950788E-01
  127.00000    	  128.00000    	-0.34609469    	 0.10407063E-01
  128.00000    	  129.00000    	-0.27341735    	 0.10343871E-01
  129.00000    	  130.00000    	-0.25058954    	 0.95457714E-02
  130.00000    	  131.00000    	-0.18685731    	 0.77863203E-02
  131.00000    	  132.00000    	-0.15205809    	 0.74476221E-02
  132.00000    	  133.00000    	-0.49470760    	 0.14398385E-01
  133.00000    	  134.00000    	-0.48633903    	 0.14863016E-01
  134.00000    	  135.00000    	-0.46713535    	 0.13023827E-01
  135.00000    	  136.00000    	-0.43947988    	 0.13692715E-01
  136.00000    	  137.00000    	-0.41156907    	 0.12693798E-01
  137.00000    	  138.00000    	-0.36655833    	 0.11238171E-01
  138.00000    	  139.00000    	-0.34170752    	 0.10704033E-01
  139.00000    	  140.00000    	-0.27296469    	 0.92128902E-02
  140.00000    	  141.00000    	-0.23054618    	 0.96336134E-02
  141.00000    	  142.00000    	-0.18658583    	 0.77479896E-02
  142.00000    	  143.00000    	-0.15736374    	 0.68970026E-02
  143.00000    	  144.00000    	-0.45118788    	 0.14831008E-01
  144.00000    	  145.00000    	-0.46274139    	 0.14315295E-01
  145.00000    	  146.00000    	-0.46122186    	 0.13028692E-01
  146.00000    	  147.00000    	-0.42868151    	 0.13573935E-01
  147.00000    	  148.00000    	-0.39732562    	 0.11907927E-01
  148.00000    	  149.00000    	-0.34718252    	 0.11460722E-01
  149.00000    	  150.00000    	-0.30043092    	 0.11049290E-01
  150.00000    	  151.00000    	-0.27302652    	 0.98869999E-02
  151.00000    	  152.00000    	-0.21156334    	 0.88521545E-02
  152.00000    	  153.00000    	-0.18503443    	 0.82210811E-02
  153.00000    	  154.00000    	-0.13418432    	 0.69410871E-02
  154.00000    	  155.00000    	-0.48729930    	 0.13765523E-01
  155.00000    	  156.00000    	-0.46083890    	 0.13759903E-01
  156.00000    	  157.00000    	-0.44968929    	 0.14656086E-01
  157.00000    	  158.00000    	-0.41776104    	 0.12827684E-01
  158.00000    	  159.00000    	-0.40198242    	 0.12233282E-01
  159.00000    	  160.00000    	-0.34976811    	 0.11294854E-01
  160.00000    	  161.00000    	-0.30421353    	 0.10722519E-01
  161.00000    	  162.00000    	-0.24890443    	 0.10197253E-01
  162.00000    	  163.00000    	-0.20938652    	 0.82420946E-02
  163.00000    	  164.00000    	-0.17027185    	 0.77987532E-02
  164.00000    	  165.00000    	-0.14990817    	 0.73326677E-02
  165.00000    	  166.00000    	-0.46439695    	 0.15162166E-01
  166.00000    	  167.00000    	-0.43908468    	 0.13321262E-01
  167.00000    	  168.00000    	-0.41865146    	 0.14332757E-01
  168.00000    	  169.00000    	-0.40589057    	 0.12973825E-01
  169.00000    	  170.00000    	-0.37170658    	 0.12232823E-01
  170.00000    	  171.00000    	-0.33448582    	 0.11297523E-01
  171.00000    	  172.00000    	-0.29297111    	 0.10635777E-01
  172.00000    	  173.00000    	-0.23791525    	 0.10065477E-01
  173.00000    	  174.00000    	-0.20107496    	 0.89528443E-02
  174.00000    	  175.00000    	-0.17222538    	 0.71624876E-02
  175.00000    	  176.00000    	-0.11070089    	 0.76409444E-02
  176.00000    	  177.00000    	-0.41526637    	 0.14575983E-01
  177.00000    	  178.00000    	-0.42355852    	 0.13316889E-01
  178.00000    	  179.00000    	-0.42423679    	 0.14347394E-01
  179.00000    	  180.00000    	-0.36452577    	 0.12962558E-01
  180.00000    	  181.00000    	-0.34613869    	 0.13188033E-01
  181.00000    	  182.00000    	-0.30803005    	 0.11336690E-01
  182.00000    	  183.00000    	-0.28372398    	 0.10496442E-01
  183.00000    	  184.00000    	-0.24572589    	 0.10147008E-01
  184.00000    	  185.00000    	-0.19040802    	 0.90713597E-02
  185.00000    	  186.00000    	-0.15960873    	 0.70650691E-02
  186.00000    	  187.00000    	-0.11794399    	 0.64903062E-02
  187.00000    	  188.00000    	-0.45121784    	 0.14428047E-01
  188.00000    	  189.00000    	-0.43329100    	 0.14852478E-01
  189.00000    	  190.00000    	-0.39596214    	 0.14357345E-01
  190.00000    	  191.00000    	-0.35362201    	 0.12251009E-01
  191.00000    	  192.00000    	-0.34874640    	 0.13324244E-01
  192.00000    	  193.00000    	-0.30316268    	 0.12491771E-01
  193.00000    	  194.00000    	-0.26508848    	 0.10640907E-01
  194.00000    	  195.00000    	-0.22724333    	 0.94784754E-02
  195.00000    	  196.00000    	-0.19798576    	 0.86648792E-02
  196.00000    	  197.00000    	-0.14800101    	 0.75964144E-02
  197.00000    	  198.00000    	-0.10563038    	 0.64406078E-02
  198.00000    	  199.00000    	-0.41546195    	 0.13960679E-01
  199.00000    	  200.00000    	-0.38472571    	 0.14234502E-01
  200.00000    	  201.00000    	-0.37578883    	 0.14500806E-01
  201.00000    	  202.00000    	-0.36163119    	 0.12102808E-01
  202.00000    	  203.00000    	-0.33856666    	 0.13913036E-01
  203.00000    	  204.00000    	-0.27894097    	 0.11224050E-01
  204.00000    	  205.00000    	-0.25612101    	 0.97200341E-02
  205.00000    	  206.00000    	-0.21951211    	 0.82518459E-02
  206.00000    	  207.00000    	-0.18445124    	 0.74722279E-02
  207.00000    	  208.00000    	-0.13392704    	 0.72328046E-02
  208.00000    	  209.00000    	-0.11828628    	 0.68526333E-02
  209.00000    	  210.00000    	-0.40181632    	 0.14584450E-01
  210.00000    	  211.00000    	-0.39865749    	 0.14225498E-01
  211.00000    	  212.00000    	-0.41118748    	 0.15199856E-01
  212.00000    	  213.00000    	-0.34025695    	 0.12275816E-01
  213.00000    	  214.00000    	-0.31084306    	 0.13821444E-01
  214.00000    	  215.00000    	-0.30044340    	 0.10370148E-01
  215.00000    	  216.00000    	-0.25196920    	 0.99564162E-02
  216.00000    	  217.00000    	-0.22575481    	 0.82063206E-02
  217.00000    	  218.00000    	-0.17657146    	 0.81422969E-02
  218.00000    	  219.00000    	-0.13812407    	 0.66331495E-02
  219.00000    	  220.00000    	-0.96599485E-01	 0.70870196E-02
  220.00000    	  221.00000    	-0.38877889    	 0.14586065E-01
  221.00000    	  222.00000    	-0.38158859    	 0.15509349E-01
  222.00000    	  223.00000    	-0.35849654    	 0.13436214E-01
  223.00000    	  224.00000    	-0.35209416    	 0.12055124E-01
  224.00000    	  225.00000    	-0.31375282    	 0.11940794E-01
  225.00000    	  226.00000    	-0.28046827    	 0.10229595E-01
  226.00000    	  227.00000    	-0.24267064    	 0.10700206E-01
  227.00000    	  228.00000    	-0.20425398    	 0.87913968E-02
  228.00000    	  229.00000    	-0.15718126    	 0.84238038E-02
  229.00000    	  230.00000    	-0.13800951    	 0.71982438E-02
  230.00000    	  231.00000    	-0.97510958E-01	 0.63423619E-02
  231.00000    	  232.00000    	-0.38797241    	 0.14279729E-01
  232.00000    	  233.00000    	-0.36014823    	 0.15439375E-01
  233.00000    	  234.00000    	-0.37768000    	 0.13280650E-01
  234.00000    	  235.00000    	-0.35839871    	 0.12230181E-01
  235.00000    	  236.00000    	-0.30529961    	 0.11722912E-01
  236.00000    	  237.00000    	-0.28287881    	 0.11259748E-01
  237.00000    	  238.00000    	-0.23248434    	 0.98693085E-02
  238.00000    	  239.00000    	-0.19132368    	 0.80624463E-02
  239.00000    	  240.00000    	-0.16945945    	 0.76195520E-02
  240.00000    	  241.00000    	-0.13026049    	 0.74012086E-02
  241.00000    	  242.00000    	-0.96389020E-01	 0.60492308E-02
  242.00000    	  243.00000    	-0.38042947    	 0.14662869E-01
  243.00000    	  244.00000    	-0.35764292    	 0.15025376E-01
  244.00000    	  245.00000    	-0.32921874    	 0.14064404E-01
  245.00000    	  246.00000    	-0.31928544    	 0.12535208E-01
  246.00000    	  247.00000    	-0.33376549    	 0.13833181E-01
  247.00000    	  248.00000    	-0.26971258    	 0.11495761E-01
  248.00000    	  249.00000    	-0.21632791    	 0.94546800E-02
  249.00000    	  250.00000    	-0.19973870    	 0.86086432E-02
  250.00000    	  251.00000    	-0.14066291    	 0.80216779E-02
  251.00000    	  252.00000    	-0.11901797    	 0.68928989E-02
  252.00000    	  253.00000    	-0.90651246E-01	 0.60864731E-02
  253.00000    	  254.00000    	-0.36284787    	 0.15161603E-01
  254.00000    	  255.00000    	-0.32973170    	 0.15147417E-01
  255.00000    	  256.00000    	-0.34069523    	 0.12119858E-01
  256.00000    	  257.00000    	-0.30153960    	 0.12635966E-01
  257.00000    	  258.00000    	-0.28383511    	 0.13320547E-01
  258.00000    	  259.00000    	-0.24211662    	 0.10855236E-01
  259.00000    	  260.00000    	-0.23032294    	 0.10120715E-01
  260.00000    	  261.00000    	-0.19635419    	 0.83920858E-02
  261.00000    	  262.00000    	-0.14535182    	 0.72384149E-02
  262.00000    	  263.00000    	-0.12010911    	 0.67709519E-02
  263.00000    	  264.00000    	-0.90008702E-01	 0.66130070E-02
  264.00000    	  265.00000    	-0.36976676    	 0.15018181E-01
  265.00000    	  266.00000    	-0.36058171    	 0.13946423E-01
  266.00000    	  267.00000    	-0.32192286    	 0.13500482E-01
  267.00000    	  268.00000    	-0.29404214    	 0.12517602E-01
  268.00000    	  269.00000    	-0.29430705    	 0.12416955E-01
  269.00000    	  270.00000    	-0.25625527    	 0.11246275E-01
  270.00000    	  271.00000    	-0.21065534    	 0.92666928E-02
  271.00000    	  272.00000    	-0.17685993    	 0.87166857E-02
  272.00000    	  273.00000    	-0.14417859    	 0.75636917E-02
  273.00000    	  274.00000    	-0.11210858    	 0.63964361E-02
  274.00000    	  275.00000    	-0.81127926E-01	 0.64626678E-02
  275.00000    	  276.00000    	-0.31658886    	 0.14344170E-01
  276.00000    	  277.00000    	-0.31560649    	 0.13290970E-01
  277.00000    	  278.00000    	-0.31819189    	 0.14242414E-01
  278.00000    	  279.00000    	-0.30079032    	 0.12208743E-01
  279.00000    	  280.00000    	-0.27298739    	 0.13268584E-01
  280.00000    	  281.00000    	-0.23987957    	 0.10754794E-01
  281.00000    	  282.00000    	-0.21610980    	 0.95262741E-02
  282.00000    	  283.00000    	-0.15948809    	 0.88927022E-02
  283.00000    	  284.00000    	-0.15152396    	 0.72839540E-02
  284.00000    	  285.00000    	-0.10681873    	 0.66232875E-02
  285.00000    	  286.00000    	-0.81678974E-01	 0.67210645E-02
  286.00000    	  287.00000    	-0.31773915    	 0.13123990E-01
  287.00000    	  288.00000    	-0.31490908    	 0.13712714E-01
  288.00000    	  289.00000    	-0.31366858    	 0.14443289E-01
  289.00000    	  290.00000    	-0.29061847    	 0.12181620E-01
  290.00000    	  291.00000    	-0.25331530    	 0.11148839E-01
  291.00000    	  292.00000    	-0.23468733    	 0.10942786E-01
  292.00000    	  293.00000    	-0.18512254    	 0.99924773E-02
  293.00000    	  294.00000    	-0.16419660    	 0.80926820E-02
  294.00000    	  295.00000    	-0.13639178    	 0.77159899E-02
  295.00000    	  296.00000    	-0.10930718    	 0.67561853E-02
  296.00000    	  297.00000    	-0.72941215E-01	 0.57302432E-02
  297.00000    	  298.00000    	-0.33421187    	 0.15738909E-01
  298.00000    	  299.00000    	-0.32577169    	 0.14028658E-01
  299.00000    	  300.00000    	-0.30799060    	 0.13229532E-01
  300.00000    	  301.00000    	-0.27436826    	 0.12780595E-01
  301.00000    	  302.00000    	-0.25830260    	 0.10858688E-01
  302.00000    	  303.00000    	-0.22948369    	 0.10240234E-01
  303.00000    	  304.00000    	-0.20792752    	 0.90875230E-02
  304.00000    	  305.00000    	-0.17153756    	 0.82434769E-02
  305.00000    	  306.00000    	-0.13054355    	 0.74363327E-02
  306.00000    	  307.00000    	-0.10460270    	 0.65392630E-02
  307.00000    	  308.00000    	-0.80976466E-01	 0.62854911E-02
  308.00000    	  309.00000    	-0.32731377    	 0.14467014E-01
  309.00000    	  310.00000    	-0.30574663    	 0.13317169E-01
  310.00000    	  311.00000    	-0.27813794    	 0.13077996E-01
  311.00000    	  312.00000    	-0.26193471    	 0.11611015E-01
  312.00000    	  313.00000    	-0.24892525    	 0.10730398E-01
  313.00000    	  314.00000    	-0.22966472    	 0.10382607E-01
  314.00000    	  315.00000    	-0.19159889    	 0.90089797E-02
  315.00000    	  316.00000    	-0.15006690    	 0.80686952E-02
  316.00000    	  317.00000    	-0.12343884    	 0.65355904E-02
  317.00000    	  318.00000    	-0.98813696E-01	 0.63423749E-02
  318.00000    	  319.00000    	-0.72924901E-01	 0.56775944E-02
  319.00000    	  320.00000    	-0.32002607    	 0.14730765E-01
  320.00000    	  321.00000    	-0.28781866    	 0.13180359E-01
  321.00000    	  322.00000    	-0.28357142    	 0.13013658E-01
  322.00000    	  323.00000    	-0.25541670    	 0.12546915E-01
  323.00000    	  324.00000    	-0.24729126    	 0.10557413E-01
  324.00000    	  325.00000    	-0.20160535    	 0.10391126E-01
  325.00000    	  326.00000    	-0.18417907    	 0.89604996E-02
  326.00000    	  327.00000    	-0.15558722    	 0.73572928E-02
  327.00000    	  328.00000    	-0.13157034    	 0.70107640E-02
  328.00000    	  329.00000    	-0.95159336E-01	 0.69038570E-02
  329.00000    	  330.00000    	-0.73720817E-01	 0.56997606E-02
  330.00000    	  331.00000    	-0.28209297    	 0.15112297E-01
  331.00000    	  332.00000    	-0.27356622    	 0.13963700E-01
  332.00000    	  333.00000    	-0.28073811    	 0.12313334E-01
  333.00000    	  334.00000    	-0.24343992    	 0.12771609E-01
  334.00000    	  335.00000    	-0.23181379    	 0.11903527E-01
  335.00000    	  336.00000    	-0.20139565    	 0.11070219E-01
  336.00000    	  337.00000    	-0.17152387    	 0.84968955E-02
  337.00000    	  338.00000    	-0.13484316    	 0.87112245E-02
  338.00000    	  339.00000    	-0.12264528    	 0.71569217E-02
  339.00000    	  340.00000    	-0.89373126E-01	 0.70114524E-02
  340.00000    	  341.00000    	-0.66857989E-01	 0.63839625E-02
  341.00000    	  342.00000    	-0.28233624    	 0.12874757E-01
  342.00000    	  343.00000    	-0.29501823    	 0.13105472E-01
  343.00000    	  344.00000    	-0.27504505    	 0.13258675E-01
  344.00000    	  345.00000    	-0.27171572    	 0.12893706E-01
  345.00000    	  346.00000    	-0.23807970    	 0.11940183E-01
  346.00000    	  347.00000    	-0.21106976    	 0.11171955E-01
  347.00000    	  348.00000    	-0.19598443    	 0.88488985E-02
  348.00000    	  349.00000    	-0.15481913    	 0.78846866E-02
  349.00000    	  350.00000    	-0.11255942    	 0.69531213E-02
  350.00000    	  351.00000    	-0.89421273E-01	 0.65089317E-02
  351.00000    	  352.00000    	-0.66379595E-01	 0.61038165E-02
  352.00000    	  353.00000    	-0.28004470    	 0.15421274E-01
  353.00000    	  354.00000    	-0.27903303    	 0.15089236E-01
  354.00000    	  355.00000    	-0.27779604    	 0.12423505E-01
  355.00000    	  356.00000    	-0.25065483    	 0.11970097E-01
  356.00000    	  357.00000    	-0.20575416    	 0.10874014E-01
  357.00000    	  358.00000    	-0.19858764    	 0.10010323E-01
  358.00000    	  359.00000    	-0.16370971    	 0.89886631E-02
  359.00000    	  360.00000    	-0.13450446    	 0.80690774E-02
  360.00000    	  361.00000    	-0.11989454    	 0.66210676E-02
  361.00000    	  362.00000    	-0.90852582E-01	 0.70172108E-02
  362.00000    	  363.00000    	-0.71457512E-01	 0.57350858E-02
  363.00000    	  364.00000    	-0.26694758    	 0.15508594E-01
  364.00000    	  365.00000    	-0.25196581    	 0.13869523E-01
  365.00000    	  366.00000    	-0.26162198    	 0.13425352E-01
  366.00000    	  367.00000    	-0.23899267    	 0.11381554E-01
  367.00000    	  368.00000    	-0.23026296    	 0.11008836E-01
  368.00000    	  369.00000    	-0.17040148    	 0.10106026E-01
  369.00000    	  370.00000    	-0.17460294    	 0.95798125E-02
  370.00000    	  371.00000    	-0.13725879    	 0.80691946E-02
  371.00000    	  372.00000    	-0.10231552    	 0.71270065E-02
  372.00000    	  373.00000    	-0.90419224E-01	 0.61664421E-02
  373.00000    	  374.00000    	-0.67415530E-01	 0.56796152E-02
  374.00000    	  375.00000    	-0.28582955    	 0.15956761E-01
  375.00000    	  376.00000    	-0.23461270    	 0.13893445E-01
  376.00000    	  377.00000    	-0.24836175    	 0.13668113E-01
  377.00000    	  378.00000    	-0.24296902    	 0.11101299E-01
  378.00000    	  379.00000    	-0.21805691    	 0.11809173E-01
  379.00000    	  380.00000    	-0.19199854    	 0.10115718E-01
  380.00000    	  381.00000    	-0.14878883    	 0.91974878E-02
  381.00000    	  382.00000    	-0.14271059    	 0.71795130E-02
  382.00000    	  383.00000    	-0.11582784    	 0.75438624E-02
  383.00000    	  384.00000    	-0.70567157E-01	 0.66583206E-02
  384.00000    	  385.00000    	-0.53542218E-01	 0.49449644E-02
  385.00000    	  386.00000    	-0.25237508    	 0.15234941E-01
  386.00000    	  387.00000    	-0.28625089    	 0.13286234E-01
  387.00000    	  388.00000    	-0.24246071    	 0.12673128E-01
  388.00000    	  389.00000    	-0.21498808    	 0.11192728E-01
  389.00000    	  390.00000    	-0.19102384    	 0.98756615E-02
  390.00000    	  391.00000    	-0.19048838    	 0.98927478E-02
  391.00000    	  392.00000    	-0.14996306    	 0.85905779E-02
  392.00000    	  393.00000    	-0.14247227    	 0.79527637E-02
  393.00000    	  394.00000    	-0.10416930    	 0.74926727E-02
  394.00000    	  395.00000    	-0.79666461E-01	 0.64570422E-02
  395.00000    	  396.00000    	-0.64270951E-01	 0.51698031E-02
  396.00000    	  397.00000    	-0.23267536    	 0.12923036E-01
  397.00000    	  398.00000    	-0.25796232    	 0.13358064E-01
  398.00000    	  399.00000    	-0.25468868    	 0.13103845E-01
  399.00000    	  400.00000    	-0.23940829    	 0.11191948E-01
  400.00000    	  401.00000    	-0.20656476    	 0.10819779E-01
  401.00000    	  402.00000    	-0.17061436    	 0.95310303E-02
  402.00000    	  403.00000    	-0.15029457    	 0.85824151E-02
  403.00000    	  404.00000    	-0.11384736    	 0.83628362E-02
  404.00000    	  405.00000    	-0.10129517    	 0.66062902E-02
  405.00000    	  406.00000    	-0.82948129E-01	 0.63656596E-02
  406.00000    	  407.00000    	-0.51578993E-01	 0.54454755E-02
  407.00000    	  408.00000    	-0.24188927    	 0.12495514E-01
  408.00000    	  409.00000    	-0.24746476    	 0.14082790E-01
  409.00000    	  410.00000    	-0.22638124    	 0.13870343E-01
  410.00000    	  411.00000    	-0.20797384    	 0.12675934E-01
  411.00000    	  412.00000    	-0.19790721    	 0.10129816E-01
  412.00000    	  413.00000    	-0.18746393    	 0.90724640E-02
  413.00000    	  414.00000    	-0.15898475    	 0.83126658E-02
  414.00000    	  415.00000    	-0.12564444    	 0.72921575E-02
  415.00000    	  416.00000    	-0.10381519    	 0.66727875E-02
  416.00000    	  417.00000    	-0.80446319E-01	 0.60579436E-02
  417.00000    	  418.00000    	-0.54784134E-01	 0.51058769E-02
  418.00000    	  419.00000    	-0.24959053    	 0.12146206E-01
  419.00000    	  420.00000    	-0.24482857    	 0.12791752E-01
  420.00000    	  421.00000    	-0.23607845    	 0.12304438E-01
  421.00000    	  422.00000    	-0.23350492    	 0.12227496E-01
  422.00000    	  423.00000    	-0.19621681    	 0.94047209E-02
  423.00000    	  424.00000    	-0.17012198    	 0.89954678E-02
  424.00000    	  425.00000    	-0.13551831    	 0.84572728E-02
  425.00000    	  426.00000    	-0.12946585    	 0.70839200E-02
  426.00000    	  427.00000    	-0.90470856E-01	 0.64373994E-02
  427.00000    	  428.00000    	-0.75924887E-01	 0.60964200E-02
  428.00000    	  429.00000    	-0.49577781E-01	 0.45349825E-02
  429.00000    	  430.00000    	-0.23256338    	 0.13128162E-01
  430.00000    	  431.00000    	-0.24387025    	 0.13320011E-01
  431.00000    	  432.00000    	-0.23413513    	 0.14239126E-01
  432.00000    	  433.00000    	-0.20573593    	 0.12192762E-01
  433.00000    	  434.00000    	-0.19853706    	 0.10597159E-01
  434.00000    	  435.00000    	-0.16718999    	 0.94137571E-02
  435.00000    	  436.00000    	-0.14397126    	 0.84415291E-02
  436.00000    	  437.00000    	-0.10063684    	 0.81588197E-02
  437.00000    	  438.00000    	-0.98050383E-01	 0.68988292E-02
  438.00000    	  439.00000    	-0.67339924E-01	 0.59837899E-02
  439.00000    	  440.00000    	-0.53938274E-01	 0.42596381E-02
  440.00000    	  441.00000    	-0.23544377    	 0.13490069E-01
  441.00000    	  442.00000    	-0.25329385    	 0.14407335E-01
  442.00000    	  443.00000    	-0.20855561    	 0.11914041E-01
  443.00000    	  444.00000    	-0.22713287    	 0.12332191E-01
  444.00000    	  445.00000    	-0.19035419    	 0.10221367E-01
  445.00000    	  446.00000    	-0.17456833    	 0.10151693E-01
  446.00000    	  447.00000    	-0.13428611    	 0.84909555E-02
  447.00000    	  448.00000    	-0.11744222    	 0.72282624E-02
  448.00000    	  449.00000    	-0.84408106E-01	 0.73779383E-02
  449.00000    	  450.00000    	-0.64640018E-01	 0.51548216E-02
  450.00000    	  451.00000    	-0.53940864E-01	 0.35636060E-02
  451.00000    	  452.00000    	-0.20542702    	 0.13145118E-01
  452.00000    	  453.00000    	-0.23921376    	 0.13895611E-01
  453.00000    	  454.00000    	-0.23728692    	 0.12214939E-01
  454.00000    	  455.00000    	-0.19639482    	 0.12873633E-01
  455.00000    	  456.00000    	-0.18521504    	 0.10103660E-01
  456.00000    	  457.00000    	-0.15662581    	 0.97280816E-02
  457.00000    	  458.00000    	-0.13895010    	 0.88083975E-02
  458.00000    	  459.00000    	-0.10679916    	 0.71724968E-02
  459.00000    	  460.00000    	-0.84823736E-01	 0.71621428E-02
  460.00000    	  461.00000    	-0.65737244E-01	 0.54118635E-02
  461.00000    	  462.00000    	-0.48109204E-01	 0.49722059E-02
  462.00000    	  463.00000    	-0.23880870    	 0.12437204E-01
  463.00000    	  464.00000    	-0.20275882    	 0.14047479E-01
  464.00000    	  465.00000    	-0.19816241    	 0.13731703E-01
  465.00000    	  466.00000    	-0.21747758    	 0.13028808E-01
  466.00000    	  467.00000    	-0.18361080    	 0.11071084E-01
  467.00000    	  468.00000    	-0.15237412    	 0.96568184E-02
  468.00000    	  469.00000    	-0.11505387    	 0.91052417E-02
  469.00000    	  470.00000    	-0.12503713    	 0.79274705E-02
  470.00000    	  471.00000    	-0.81710784E-01	 0.64630308E-02
  471.00000    	  472.00000    	-0.72137191E-01	 0.63640516E-02
  472.00000    	  473.00000    	-0.46444994E-01	 0.49728185E-02
  473.00000    	  474.00000    	-0.23363091    	 0.13439623E-01
  474.00000    	  475.00000    	-0.23547104    	 0.13346831E-01
  475.00000    	  476.00000    	-0.19346349    	 0.12729432E-01
  476.00000    	  477.00000    	-0.17304967    	 0.11550988E-01
  477.00000    	  478.00000    	-0.18009453    	 0.11522655E-01
  478.00000    	  479.00000    	-0.14822650    	 0.92642277E-02
  479.00000    	  480.00000    	-0.13934668    	 0.93957949E-02
  480.00000    	  481.00000    	-0.10510207    	 0.72538684E-02
  481.00000    	  482.00000    	-0.75693943E-01	 0.59499445E-02
  482.00000    	  483.00000    	-0.61388648E-01	 0.67012449E-02
  483.00000    	  484.00000    	-0.43832473E-01	 0.46739746E-02
  484.00000    	  485.00000    	-0.20320731    	 0.13223115E-01
  485.00000    	  486.00000    	-0.18465166    	 0.13642991E-01
  486.00000    	  487.00000    	-0.21633189    	 0.12539975E-01
  487.00000    	  488.00000    	-0.17112125    	 0.11735118E-01
  488.00000    	  489.00000    	-0.17716255    	 0.10813595E-01
  489.00000    	  490.00000    	-0.14880190    	 0.95100396E-02
  490.00000    	  491.00000    	-0.14254384    	 0.94531132E-02
  491.00000    	  492.00000    	-0.11259537    	 0.68078719E-02
  492.00000    	  493.00000    	-0.94435696E-01	 0.64587265E-02
  493.00000    	  494.00000    	-0.59818882E-01	 0.58249531E-02
  494.00000    	  495.00000    	-0.41636301E-01	 0.43870541E-02
  495.00000    	  496.00000    	-0.21488446    	 0.14053241E-01
  496.00000    	  497.00000    	-0.22656675    	 0.13317496E-01
  497.00000    	  498.00000    	-0.20473883    	 0.11330032E-01
  498.00000    	  499.00000    	-0.18569598    	 0.10971909E-01
  499.00000    	  500.00000    	-0.16714543    	 0.11354151E-01
  500.00000    	  501.00000    	-0.15016952    	 0.94985791E-02
  501.00000    	  502.00000    	-0.12042371    	 0.82243028E-02
  502.00000    	  503.00000    	-0.10729870    	 0.73298086E-02
  503.00000    	  504.00000    	-0.81835241E-01	 0.72554815E-02
  504.00000    	  505.00000    	-0.60170640E-01	 0.57591016E-02
  505.00000    	  506.00000    	-0.48650976E-01	 0.46477216E-02
  506.00000    	  507.00000    	-0.20015725    	 0.13636245E-01
  507.00000    	  508.00000    	-0.20557707    	 0.14269491E-01
  508.00000    	  509.00000    	-0.20118744    	 0.11954260E-01
  509.00000    	  510.00000    	-0.17568236    	 0.10370673E-01
  510.00000    	  511.00000    	-0.15094234    	 0.11075158E-01
  511.00000    	  512.00000    	-0.13424584    	 0.10403066E-01
  512.00000    	  513.00000    	-0.11966527    	 0.86471068E-02
  513.00000    	  514.00000    	-0.97967938E-01	 0.84419802E-02
  514.00000    	  515.00000    	-0.73846905E-01	 0.71292822E-02
  515.00000    	  516.00000    	-0.59749530E-01	 0.55997841E-02
  516.00000    	  517.00000    	-0.46214098E-01	 0.46381577E-02
  517.00000    	  518.00000    	-0.20883226    	 0.13626091E-01
  518.00000    	  519.00000    	-0.19552206    	 0.13009393E-01
  519.00000    	  520.00000    	-0.17266360    	 0.13152057E-01
  520.00000    	  521.00000    	-0.18919754    	 0.10933693E-01
  521.00000    	  522.00000    	-0.15010675    	 0.10033887E-01
  522.00000    	  523.00000    	-0.14348994    	 0.89989594E-02
  523.00000    	  524.00000    	-0.11635405    	 0.91506189E-02
  524.00000    	  525.00000    	-0.84938533E-01	 0.78927620E-02
  525.00000    	  526.00000    	-0.75053073E-01	 0.59972714E-02
  526.00000    	  527.00000    	-0.52555779E-01	 0.57270127E-02
  527.00000    	  528.00000    	-0.40455224E-01	 0.43056409E-02
  528.00000    	  529.00000    	-0.20793573    	 0.15414253E-01
  529.00000    	  530.00000    	-0.19599214    	 0.12517333E-01
  530.00000    	  531.00000    	-0.17678892    	 0.10188569E-01
  531.00000    	  532.00000    	-0.15750665    	 0.10449045E-01
  532.00000    	  533.00000    	-0.15513342    	 0.10640319E-01
  533.00000    	  534.00000    	-0.11831433    	 0.88713273E-02
  534.00000    	  535.00000    	-0.11826655    	 0.85031993E-02
  535.00000    	  536.00000    	-0.95210552E-01	 0.69869142E-02
  536.00000    	  537.00000    	-0.71145639E-01	 0.60520116E-02
  537.00000    	  538.00000    	-0.52159612E-01	 0.52725197E-02
  538.00000    	  539.00000    	-0.43668738E-01	 0.45534509E-02
  539.00000    	  540.00000    	-0.20369686    	 0.16085205E-01
  540.00000    	  541.00000    	-0.20554683    	 0.12757512E-01
  541.00000    	  542.00000    	-0.19252553    	 0.11469532E-01
  542.00000    	  543.00000    	-0.17417238    	 0.10343170E-01
  543.00000    	  544.00000    	-0.15418338    	 0.10111395E-01
  544.00000    	  545.00000    	-0.14486780    	 0.96882815E-02
  545.00000    	  546.00000    	-0.10064157    	 0.83621112E-02
  546.00000    	  547.00000    	-0.10133078    	 0.64195560E-02
  547.00000    	  548.00000    	-0.75988956E-01	 0.59547144E-02
  548.00000    	  549.00000    	-0.57414627E-01	 0.57841224E-02
  549.00000    	  550.00000    	-0.36375662E-01	 0.39287135E-02
  550.00000    	  551.00000    	-0.16994891    	 0.14348043E-01
  551.00000    	  552.00000    	-0.16757678    	 0.12596249E-01
  552.00000    	  553.00000    	-0.18541063    	 0.11173568E-01
  553.00000    	  554.00000    	-0.16358713    	 0.11103010E-01
  554.00000    	  555.00000    	-0.13913512    	 0.97498143E-02
  555.00000    	  556.00000    	-0.11524036    	 0.99115272E-02
  556.00000    	  557.00000    	-0.10349207    	 0.80851495E-02
  557.00000    	  558.00000    	-0.91223690E-01	 0.71322100E-02
  558.00000    	  559.00000    	-0.65758774E-01	 0.55854241E-02
  559.00000    	  560.00000    	-0.50932517E-01	 0.63262300E-02
  560.00000    	  561.00000    	-0.38748658E-01	 0.41036764E-02
  561.00000    	  562.00000    	-0.17569449    	 0.14577584E-01
  562.00000    	  563.00000    	-0.18317214    	 0.13693761E-01
  563.00000    	  564.00000    	-0.18767563    	 0.11544848E-01
  564.00000    	  565.00000    	-0.17835158    	 0.11836073E-01
  565.00000    	  566.00000    	-0.16614492    	 0.99451321E-02
  566.00000    	  567.00000    	-0.12127074    	 0.84211386E-02
  567.00000    	  568.00000    	-0.10709405    	 0.82262515E-02
  568.00000    	  569.00000    	-0.85710380E-01	 0.72804840E-02
  569.00000    	  570.00000    	-0.74895011E-01	 0.61387477E-02
  570.00000    	  571.00000    	-0.48237805E-01	 0.49420339E-02
  571.00000    	  572.00000    	-0.37286171E-01	 0.39737415E-02
  572.00000    	  573.00000    	-0.18621693    	 0.12052861E-01
  573.00000    	  574.00000    	-0.18764845    	 0.14364143E-01
  574.00000    	  575.00000    	-0.16733128    	 0.11953265E-01
  575.00000    	  576.00000    	-0.15620836    	 0.11284182E-01
  576.00000    	  577.00000    	-0.12328164    	 0.11562638E-01
  577.00000    	  578.00000    	-0.13496881    	 0.79680208E-02
  578.00000    	  579.00000    	-0.10069156    	 0.78064136E-02
  579.00000    	  580.00000    	-0.92167704E-01	 0.71133432E-02
  580.00000    	  581.00000    	-0.60759600E-01	 0.59279585E-02
  581.00000    	  582.00000    	-0.61652463E-01	 0.60921321E-02
  582.00000    	  583.00000    	-0.38435208E-01	 0.41397863E-02
  583.00000    	  584.00000    	-0.18555998    	 0.12535741E-01
  584.00000    	  585.00000    	-0.14359255    	 0.13568796E-01
  585.00000    	  586.00000    	-0.15652166    	 0.11585373E-01
  586.00000    	  587.00000    	-0.15101993    	 0.10819720E-01
  587.00000    	  588.00000    	-0.14366930    	 0.11703213E-01
  588.00000    	  589.00000    	-0.12011976    	 0.90335808E-02
  589.00000    	  590.00000    	-0.12044173    	 0.84515346E-02
  590.00000    	  591.00000    	-0.87391017E-01	 0.74916474E-02
  591.00000    	  592.00000    	-0.71120151E-01	 0.59702149E-02
  592.00000    	  593.00000    	-0.43073074E-01	 0.46646141E-02
  593.00000    	  594.00000    	-0.28554758E-01	 0.44942412E-02
  594.00000    	  595.00000    	-0.16903912    	 0.14249956E-01
  595.00000    	  596.00000    	-0.17618212    	 0.10824259E-01
  596.00000    	  597.00000    	-0.16357605    	 0.12275325E-01
  597.00000    	  598.00000    	-0.14528698    	 0.99158697E-02
  598.00000    	  599.00000    	-0.13191698    	 0.10432144E-01
  599.00000    	  600.00000    	-0.12007320    	 0.87027103E-02
  600.00000    	  601.00000    	-0.99540415E-01	 0.81982553E-02
  601.00000    	  602.00000    	-0.67728060E-01	 0.81333142E-02
  602.00000    	  603.00000    	-0.65383173E-01	 0.50459195E-02
  603.00000    	  604.00000    	-0.52698236E-01	 0.50292735E-02
  604.00000    	  605.00000    	-0.30880323E-01	 0.40355223E-02
  605.00000    	  606.00000    	-0.17937080    	 0.13706203E-01
  606.00000    	  607.00000    	-0.17405760    	 0.11258411E-01
  607.00000    	  608.00000    	-0.17616448    	 0.10638626E-01
  608.00000    	  609.00000    	-0.15749164    	 0.10332566E-01
  609.00000    	  610.00000    	-0.12719184    	 0.99500709E-02
  610.00000    	  611.00000    	-0.12150360    	 0.84922316E-02
  611.00000    	  612.00000    	-0.91434911E-01	 0.84747170E-02
  612.00000    	  613.00000    	-0.73076954E-01	 0.67870538E-02
  613.00000    	  614.00000    	-0.57152019E-01	 0.54983510E-02
  614.00000    	  615.00000    	-0.44517846E-01	 0.46080451E-02
  615.00000    	  616.00000    	-0.35260648E-01	 0.38141008E-02
  616.00000    	  617.00000    	-0.17493414    	 0.13040909E-01
  617.00000    	  618.00000    	-0.17690644    	 0.10844640E-01
  618.00000    	  619.00000    	-0.17383961    	 0.11650950E-01
  619.00000    	  620.00000    	-0.15734355    	 0.10533000E-01
  620.00000    	  621.00000    	-0.14957842    	 0.10493947E-01
  621.00000    	  622.00000    	-0.87785396E-01	 0.91068500E-02
  622.00000    	  623.00000    	-0.87561013E-01	 0.75051481E-02
  623.00000    	  624.00000    	-0.72968306E-01	 0.65074320E-02
  624.00000    	  625.00000    	-0.66711942E-01	 0.60739232E-02
  625.00000    	  626.00000    	-0.45745251E-01	 0.43590329E-02
  626.00000    	  627.00000    	-0.28818195E-01	 0.35279375E-02
  627.00000    	  628.00000    	-0.17596028    	 0.12443618E-01
  628.00000    	  629.00000    	-0.17063265    	 0.11269964E-01
  629.00000    	  630.00000    	-0.15440208    	 0.11435316E-01
  630.00000    	  631.00000    	-0.14008510    	 0.10742512E-01
  631.00000    	  632.00000    	-0.11660362    	 0.97171063E-02
  632.00000    	  633.00000    	-0.10650018    	 0.90807776E-02
  633.00000    	  634.00000    	-0.90198446E-01	 0.82310781E-02
  634.00000    	  635.00000    	-0.70685252E-01	 0.64892920E-02
  635.00000    	  636.00000    	-0.54061866E-01	 0.59156151E-02
  636.00000    	  637.00000    	-0.50469881E-01	 0.45787158E-02
  637.00000    	  638.00000    	-0.33828701E-01	 0.35049884E-02
  638.00000    	  639.00000    	-0.15543388    	 0.12247086E-01
  639.00000    	  640.00000    	-0.15110784    	 0.11234986E-01
  640.00000    	  641.00000    	-0.15390564    	 0.12161447E-01
  641.00000    	  642.00000    	-0.14008418    	 0.12129160E-01
  642.00000    	  643.00000    	-0.11038011    	 0.94123378E-02
  643.00000    	  644.00000    	-0.11996464    	 0.93920225E-02
  644.00000    	  645.00000    	-0.89100538E-01	 0.78308360E-02
  645.00000    	  646.00000    	-0.81143902E-01	 0.60739168E-02
  646.00000    	  647.00000    	-0.59808213E-01	 0.58787740E-02
  647.00000    	  648.00000    	-0.44916956E-01	 0.42171806E-02
  648.00000    	  649.00000    	-0.28115328E-01	 0.41917467E-02
  649.00000    	  650.00000    	-0.16000510    	 0.11676155E-01
  650.00000    	  651.00000    	-0.15014306    	 0.10795545E-01
  651.00000    	  652.00000    	-0.15545428    	 0.12864362E-01
  652.00000    	  653.00000    	-0.17068400    	 0.11439952E-01
  653.00000    	  654.00000    	-0.11330789    	 0.96461923E-02
  654.00000    	  655.00000    	-0.10473226    	 0.83954172E-02
  655.00000    	  656.00000    	-0.86006234E-01	 0.80078494E-02
  656.00000    	  657.00000    	-0.70756375E-01	 0.62731867E-02
  657.00000    	  658.00000    	-0.63866212E-01	 0.58916508E-02
  658.00000    	  659.00000    	-0.40795971E-01	 0.40125465E-02
  659.00000    	  660.00000    	-0.28383325E-01	 0.37083371E-02
  660.00000    	  661.00000    	-0.15159903    	 0.11375567E-01
  661.00000    	  662.00000    	-0.14190634    	 0.12659271E-01
  662.00000    	  663.00000    	-0.14449387    	 0.12063996E-01
  663.00000    	  664.00000    	-0.12263410    	 0.10632528E-01
  664.00000    	  665.00000    	-0.12962823    	 0.96857616E-02
  665.00000    	  666.00000    	-0.12700695    	 0.86586490E-02
  666.00000    	  667.00000    	-0.92706096E-01	 0.73698561E-02
  667.00000    	  668.00000    	-0.67708684E-01	 0.66907138E-02
  668.00000    	  669.00000    	-0.49469697E-01	 0.58328170E-02
  669.00000    	  670.00000    	-0.44726080E-01	 0.51463154E-02
  670.00000    	  671.00000    	-0.32298913E-01	 0.37064284E-02
  671.00000    	  672.00000    	-0.14595590    	 0.10537496E-01
  672.00000    	  673.00000    	-0.14205175    	 0.13072616E-01
  673.00000    	  674.00000    	-0.14329260    	 0.10272073E-01
  674.00000    	  675.00000    	-0.11109429    	 0.10702237E-01
  675.00000    	  676.00000    	-0.10186524    	 0.89636758E-02
  676.00000    	  677.00000    	-0.89765174E-01	 0.95788374E-02
  677.00000    	  678.00000    	-0.79971074E-01	 0.75895693E-02
  678.00000    	  679.00000    	-0.62040560E-01	 0.62631962E-02
  679.00000    	  680.00000    	-0.56443570E-01	 0.53042866E-02
  680.00000    	  681.00000    	-0.38547053E-01	 0.44115289E-02
  681.00000    	  682.00000    	-0.24567775E-01	 0.35331458E-02
  682.00000    	  683.00000    	-0.16479080    	 0.11800069E-01
  683.00000    	  684.00000    	-0.15576689    	 0.10982320E-01
  684.00000    	  685.00000    	-0.13291324    	 0.10977127E-01
  685.00000    	  686.00000    	-0.12514930    	 0.98669410E-02
  686.00000    	  687.00000    	-0.12163751    	 0.82029332E-02
  687.00000    	  688.00000    	-0.99527650E-01	 0.79940763E-02
  688.00000    	  689.00000    	-0.91303113E-01	 0.79157655E-02
  689.00000    	  690.00000    	-0.63822573E-01	 0.71211019E-02
  690.00000    	  691.00000    	-0.49362444E-01	 0.59424023E-02
  691.00000    	  692.00000    	-0.41857241E-01	 0.39965813E-02
  692.00000    	  693.00000    	-0.21573039E-01	 0.38069189E-02
  693.00000    	  694.00000    	-0.15205150    	 0.11585104E-01
  694.00000    	  695.00000    	-0.14393867    	 0.10470603E-01
  695.00000    	  696.00000    	-0.13914774    	 0.10048137E-01
  696.00000    	  697.00000    	-0.14913989    	 0.10554872E-01
  697.00000    	  698.00000    	-0.10051239    	 0.92655429E-02
  698.00000    	  699.00000    	-0.93443753E-01	 0.87850215E-02
  699.00000    	  700.00000    	-0.92493320E-01	 0.78937651E-02
  700.00000    	  701.00000    	-0.72583948E-01	 0.62678698E-02
  701.00000    	  702.00000    	-0.47369564E-01	 0.55985666E-02
  702.00000    	  703.00000    	-0.32105307E-01	 0.44612111E-02
  703.00000    	  704.00000    	-0.21385350E-01	 0.35680376E-02
  704.00000    	  705.00000    	-0.14186509    	 0.13503131E-01
  705.00000    	  706.00000    	-0.14509505    	 0.10900785E-01
  706.00000    	  707.00000    	-0.11988294    	 0.10172158E-01
  707.00000    	  708.00000    	-0.11286368    	 0.99681588E-02
  708.00000    	  709.00000    	-0.11337139    	 0.10368512E-01
  709.00000    	  710.00000    	-0.85861759E-01	 0.87860830E-02
  710.00000    	  711.00000    	-0.91930403E-01	 0.81456876E-02
  711.00000    	  712.00000    	-0.59120021E-01	 0.63291409E-02
  712.00000    	  713.00000    	-0.47024855E-01	 0.56202751E-02
  713.00000    	  714.00000    	-0.41451038E-01	 0.48743276E-02
  714.00000    	  715.00000    	-0.23173937E-01	 0.34841146E-02
  715.00000    	  716.00000    	-0.13924049    	 0.11551587E-01
  716.00000    	  717.00000    	-0.13149144    	 0.12395408E-01
  717.00000    	  718.00000    	-0.14868522    	 0.10854265E-01
  718.00000    	  719.00000    	-0.14217230    	 0.98401776E-02
  719.00000    	  720.00000    	-0.92051470E-01	 0.10352812E-01
  720.00000    	  721.00000    	-0.93342917E-01	 0.92181844E-02
  721.00000    	  722.00000    	-0.78660661E-01	 0.75080775E-02
  722.00000    	  723.00000    	-0.69553136E-01	 0.60678081E-02
  723.00000    	  724.00000    	-0.50428580E-01	 0.58775690E-02
  724.00000    	  725.00000    	-0.28023276E-01	 0.45801573E-02
  725.00000    	  726.00000    	-0.23864446E-01	 0.33115214E-02
  726.00000    	  727.00000    	-0.14552639    	 0.10253497E-01
  727.00000    	  728.00000    	-0.12990954    	 0.12079353E-01
  728.00000    	  729.00000    	-0.11985068    	 0.11294103E-01
  729.00000    	  730.00000    	-0.10030102    	 0.99259997E-02
  730.00000    	  731.00000    	-0.10593944    	 0.99061706E-02
  731.00000    	  732.00000    	-0.10355241    	 0.91288647E-02
  732.00000    	  733.00000    	-0.75876544E-01	 0.82104564E-02
  733.00000    	  734.00000    	-0.73339703E-01	 0.77186968E-02
  734.00000    	  735.00000    	-0.40848938E-01	 0.58560443E-02
  735.00000    	  736.00000    	-0.33386431E-01	 0.41339442E-02
  736.00000    	  737.00000    	-0.22483882E-01	 0.29051644E-02
  737.00000    	  738.00000    	-0.11594192    	 0.11990624E-01
  738.00000    	  739.00000    	-0.11587000    	 0.11684279E-01
  739.00000    	  740.00000    	-0.14157340    	 0.11130391E-01
  740.00000    	  741.00000    	-0.11540462    	 0.97601696E-02
  741.00000    	  742.00000    	-0.11878793    	 0.98347013E-02
  742.00000    	  743.00000    	-0.90283383E-01	 0.85018890E-02
  743.00000    	  744.00000    	-0.70350195E-01	 0.85764359E-02
  744.00000    	  745.00000    	-0.55177731E-01	 0.70136022E-02
  745.00000    	  746.00000    	-0.51810309E-01	 0.50227991E-02
  746.00000    	  747.00000    	-0.36840157E-01	 0.42283002E-02
  747.00000    	  748.00000    	-0.18808526E-01	 0.30851378E-02
  748.00000    	  749.00000    	-0.12071818    	 0.10605598E-01
  749.00000    	  750.00000    	-0.14324963    	 0.10634172E-01
  750.00000    	  751.00000    	-0.10360437    	 0.94552371E-02
  751.00000    	  752.00000    	-0.11109304    	 0.10256573E-01
  752.00000    	  753.00000    	-0.99184670E-01	 0.95733734E-02
  753.00000    	  754.00000    	-0.88548396E-01	 0.80136373E-02
  754.00000    	  755.00000    	-0.52229304E-01	 0.72236221E-02
  755.00000    	  756.00000    	-0.58312477E-01	 0.65338512E-02
  756.00000    	  757.00000    	-0.40803075E-01	 0.61604090E-02
  757.00000    	  758.00000    	-0.28835835E-01	 0.44015534E-02
  758.00000    	  759.00000    	-0.21298731E-01	 0.27546697E-02
  759.00000    	  760.00000    	-0.14871946    	 0.12321626E-01
  760.00000    	  761.00000    	-0.11934756    	 0.10612551E-01
  761.00000    	  762.00000    	-0.14439885    	 0.10547257E-01
  762.00000    	  763.00000    	-0.12388572    	 0.86598576E-02
  763.00000    	  764.00000    	-0.10650954    	 0.93092639E-02
  764.00000    	  765.00000    	-0.90290899E-01	 0.83763362E-02
  765.00000    	  766.00000    	-0.84658785E-01	 0.79914077E-02
  766.00000    	  767.00000    	-0.53559047E-01	 0.59190734E-02
  767.00000    	  768.00000    	-0.42412924E-01	 0.57035896E-02
  768.00000    	  769.00000    	-0.35747397E-01	 0.37179578E-02
  769.00000    	  770.00000    	-0.20984874E-01	 0.28986479E-02
  770.00000    	  771.00000    	-0.13239970    	 0.11921978E-01
  771.00000    	  772.00000    	-0.11875198    	 0.10809713E-01
  772.00000    	  773.00000    	-0.11645115    	 0.98126429E-02
  773.00000    	  774.00000    	-0.10423735    	 0.10420959E-01
  774.00000    	  775.00000    	-0.82643005E-01	 0.87805966E-02
  775.00000    	  776.00000    	-0.73444804E-01	 0.84670302E-02
  776.00000    	  777.00000    	-0.45361501E-01	 0.67572674E-02
  777.00000    	  778.00000    	-0.71734016E-01	 0.69446327E-02
  778.00000    	  779.00000    	-0.32931195E-01	 0.55905739E-02
  779.00000    	  780.00000    	-0.27943326E-01	 0.41243439E-02
  780.00000    	  781.00000    	-0.24094700E-01	 0.29729708E-02
  781.00000    	  782.00000    	-0.12811181    	 0.11102531E-01
  782.00000    	  783.00000    	-0.12841606    	 0.99629467E-02
  783.00000    	  784.00000    	-0.12335806    	 0.94415268E-02
  784.00000    	  785.00000    	-0.11817746    	 0.97150793E-02
  785.00000    	  786.00000    	-0.93963793E-01	 0.84491662E-02
  786.00000    	  787.00000    	-0.90161106E-01	 0.79353352E-02
  787.00000    	  788.00000    	-0.76395654E-01	 0.62842310E-02
  788.00000    	  789.00000    	-0.47689634E-01	 0.62620821E-02
  789.00000    	  790.00000    	-0.42085435E-01	 0.49374944E-02
  790.00000    	  791.00000    	-0.28025357E-01	 0.37888325E-02
  791.00000    	  792.00000    	-0.21106010E-01	 0.30741569E-02
  792.00000    	  793.00000    	-0.11933914    	 0.10051954E-01
  793.00000    	  794.00000    	-0.11868157    	 0.97299889E-02
  794.00000    	  795.00000    	-0.11102639    	 0.89987459E-02
  795.00000    	  796.00000    	-0.10824900    	 0.10466229E-01
  796.00000    	  797.00000    	-0.98100201E-01	 0.88221467E-02
  797.00000    	  798.00000    	-0.78041415E-01	 0.84686287E-02
  798.00000    	  799.00000    	-0.70450628E-01	 0.64473510E-02
  799.00000    	  800.00000    	-0.56717185E-01	 0.57897022E-02
  800.00000    	  801.00000    	-0.45839114E-01	 0.51125542E-02
  801.00000    	  802.00000    	-0.31155828E-01	 0.37138021E-02
  802.00000    	  803.00000    	-0.22491069E-01	 0.23215013E-02
  803.00000    	  804.00000    	-0.12412379    	 0.11540861E-01
  804.00000    	  805.00000    	-0.93927741E-01	 0.99445325E-02
  805.00000    	  806.00000    	-0.11396183    	 0.86988275E-02
  806.00000    	  807.00000    	-0.95637856E-01	 0.10428423E-01
  807.00000    	  808.00000    	-0.90653476E-01	 0.66746127E-02
  808.00000    	  809.00000    	-0.89216813E-01	 0.77272484E-02
  809.00000    	  810.00000    	-0.71723291E-01	 0.57692337E-02
  810.00000    	  811.00000    	-0.57557343E-01	 0.55607103E-02
  811.00000    	  812.00000    	-0.44038388E-01	 0.54687114E-02
  812.00000    	  813.00000    	-0.26243944E-01	 0.36127815E-02
  813.00000    	  814.00000    	-0.14801228E-01	 0.32073373E-02
  814.00000    	  815.00000    	-0.11752684    	 0.11770511E-01
  815.00000    	  816.00000    	-0.12221298    	 0.92030650E-02
  816.00000    	  817.00000    	-0.10633548    	 0.11432920E-01
  817.00000    	  818.00000    	-0.10601817    	 0.85619828E-02
  818.00000    	  819.00000    	-0.93253738E-01	 0.77926518E-02
  819.00000    	  820.00000    	-0.68665601E-01	 0.80228075E-02
  820.00000    	  821.00000    	-0.54294168E-01	 0.66297384E-02
  821.00000    	  822.00000    	-0.47307452E-01	 0.70285452E-02
  822.00000    	  823.00000    	-0.32054563E-01	 0.46896996E-02
  823.00000    	  824.00000    	-0.34353897E-01	 0.30097437E-02
  824.00000    	  825.00000    	-0.20605937E-01	 0.31847920E-02
  825.00000    	  826.00000    	-0.10830011    	 0.10466054E-01
  826.00000    	  827.00000    	-0.11657390    	 0.91743721E-02
  827.00000    	  828.00000    	-0.10338551    	 0.10482738E-01
  828.00000    	  829.00000    	-0.10629087    	 0.92360929E-02
  829.00000    	  830.00000    	-0.80812998E-01	 0.96689926E-02
  830.00000    	  831.00000    	-0.80257914E-01	 0.81349034E-02
  831.00000    	  832.00000    	-0.76406023E-01	 0.60797845E-02
  832.00000    	  833.00000    	-0.57002615E-01	 0.63106412E-02
  833.00000    	  834.00000    	-0.42181865E-01	 0.40801946E-02
  834.00000    	  835.00000    	-0.29362906E-01	 0.30861244E-02
  835.00000    	  836.00000    	-0.18140624E-01	 0.30426057E-02
  836.00000    	  837.00000    	-0.12378035    	 0.10420135E-01
  837.00000    	  838.00000    	-0.10913949    	 0.10136067E-01
  838.00000    	  839.00000    	-0.10518627    	 0.10109517E-01
  839.00000    	  840.00000    	-0.10174306    	 0.97321100E-02
  840.00000    	  841.00000    	-0.79188242E-01	 0.86269033E-02
  841.00000    	  842.00000    	-0.59076938E-01	 0.80138823E-02
  842.00000    	  843.00000    	-0.62657115E-01	 0.63565708E-02
  843.00000    	  844.00000    	-0.49358695E-01	 0.55619587E-02
  844.00000    	  845.00000    	-0.37138896E-01	 0.39226826E-02
  845.00000    	  846.00000    	-0.20898160E-01	 0.40850930E-02
  846.00000    	  847.00000    	-0.16448227E-01	 0.28092415E-02
  847.00000    	  848.00000    	-0.10189511    	 0.11033570E-01
  848.00000    	  849.00000    	-0.91742875E-01	 0.10997741E-01
  849.00000    	  850.00000    	-0.10648808    	 0.86114317E-02
  850.00000    	  851.00000    	-0.10639421    	 0.82018025E-02
  851.00000    	  852.00000    	-0.80859712E-01	 0.83209647E-02
  852.00000    	  853.00000    	-0.75648076E-01	 0.72213815E-02
  853.00000    	  854.00000    	-0.66289407E-01	 0.61312826E-02
  854.00000    	  855.00000    	-0.42500583E-01	 0.58831428E-02
  855.00000    	  856.00000    	-0.41131221E-01	 0.44332670E-02
  856.00000    	  857.00000    	-0.27090035E-01	 0.32756911E-02
  857.00000    	  858.00000    	-0.16712851E-01	 0.26008590E-02
  858.00000    	  859.00000    	-0.99585659E-01	 0.95493595E-02
  859.00000    	  860.00000    	-0.99362512E-01	 0.10488750E-01
  860.00000    	  861.00000    	-0.10218905    	 0.78154601E-02
  861.00000    	  862.00000    	-0.83993232E-01	 0.10696178E-01
  862.00000    	  863.00000    	-0.77670603E-01	 0.80839132E-02
  863.00000    	  864.00000    	-0.72932946E-01	 0.82270408E-02
  864.00000    	  865.00000    	-0.68495886E-01	 0.65925965E-02
  865.00000    	  866.00000    	-0.47022090E-01	 0.53791613E-02
  866.00000    	  867.00000    	-0.29074317E-01	 0.43936907E-02
  867.00000    	  868.00000    	-0.28742167E-01	 0.34052363E-02
  868.00000    	  869.00000    	-0.15180591E-01	 0.29355301E-02
  869.00000    	  870.00000    	-0.10186244    	 0.10671077E-01
  870.00000    	  871.00000    	-0.10790460    	 0.94406923E-02
  871.00000    	  872.00000    	-0.99339858E-01	 0.90298985E-02
  872.00000    	  873.00000    	-0.86220708E-01	 0.84797062E-02
  873.00000    	  874.00000    	-0.94595862E-01	 0.76448584E-02
  874.00000    	  875.00000    	-0.71627659E-01	 0.84191203E-02
  875.00000    	  876.00000    	-0.60211827E-01	 0.59962219E-02
  876.00000    	  877.00000    	-0.40496580E-01	 0.52109443E-02
  877.00000    	  878.00000    	-0.41507428E-01	 0.42779874E-02
  878.00000    	  879.00000    	-0.26610665E-01	 0.34176343E-02
  879.00000    	  880.00000    	-0.11005539E-01	 0.27046839E-02
  880.00000    	  881.00000    	-0.11308682    	 0.89518807E-02
  881.00000    	  882.00000    	-0.10322860    	 0.84574359E-02
  882.00000    	  883.00000    	-0.11219203    	 0.82240394E-02
  883.00000    	  884.00000    	-0.91072164E-01	 0.80989233E-02
  884.00000    	  885.00000    	-0.80280640E-01	 0.75980236E-02
  885.00000    	  886.00000    	-0.72590942E-01	 0.87760813E-02
  886.00000    	  887.00000    	-0.64114956E-01	 0.58819950E-02
  887.00000    	  888.00000    	-0.50229086E-01	 0.47044008E-02
  888.00000    	  889.00000    	-0.36756675E-01	 0.45440779E-02
  889.00000    	  890.00000    	-0.25065324E-01	 0.34060086E-02
  890.00000    	  891.00000    	-0.13551355E-01	 0.29139773E-02
  891.00000    	  892.00000    	-0.10029306    	 0.10017374E-01
  892.00000    	  893.00000    	-0.11516007    	 0.82624812E-02
  893.00000    	  894.00000    	-0.79592936E-01	 0.10067272E-01
  894.00000    	  895.00000    	-0.72557061E-01	 0.76755841E-02
  895.00000    	  896.00000    	-0.81930783E-01	 0.86567818E-02
  896.00000    	  897.00000    	-0.64427723E-01	 0.75850283E-02
  897.00000    	  898.00000    	-0.48560946E-01	 0.61057471E-02
  898.00000    	  899.00000    	-0.48441515E-01	 0.49248190E-02
  899.00000    	  900.00000    	-0.34379180E-01	 0.48981207E-02
  900.00000    	  901.00000    	-0.21765887E-01	 0.37269788E-02
  901.00000    	  902.00000    	-0.21496032E-01	 0.25300506E-02
  902.00000    	  903.00000    	-0.11390823    	 0.93274918E-02
  903.00000    	  904.00000    	-0.81377491E-01	 0.86407032E-02
  904.00000    	  905.00000    	-0.99888008E-01	 0.10640127E-01
  905.00000    	  906.00000    	-0.85714322E-01	 0.82435538E-02
  906.00000    	  907.00000    	-0.69344014E-01	 0.70913123E-02
  907.00000    	  908.00000    	-0.76049864E-01	 0.78897541E-02
  908.00000    	  909.00000    	-0.46133251E-01	 0.62799850E-02
  909.00000    	  910.00000    	-0.40505051E-01	 0.53689628E-02
  910.00000    	  911.00000    	-0.33709197E-01	 0.41514812E-02
  911.00000    	  912.00000    	-0.21175926E-01	 0.32610601E-02
  912.00000    	  913.00000    	-0.16268000E-01	 0.23300309E-02
  913.00000    	  914.00000    	-0.89139271E-01	 0.84400018E-02
  914.00000    	  915.00000    	-0.88180986E-01	 0.90211779E-02
  915.00000    	  916.00000    	-0.81864132E-01	 0.97113215E-02
  916.00000    	  917.00000    	-0.72984474E-01	 0.84202612E-02
  917.00000    	  918.00000    	-0.76399206E-01	 0.84575903E-02
  918.00000    	  919.00000    	-0.54838000E-01	 0.72882424E-02
  919.00000    	  920.00000    	-0.54899203E-01	 0.63655226E-02
  920.00000    	  921.00000    	-0.42147094E-01	 0.46825520E-02
  921.00000    	  922.00000    	-0.34716543E-01	 0.45983514E-02
  922.00000    	  923.00000    	-0.21870518E-01	 0.30883735E-02
  923.00000    	  924.00000    	-0.14352519E-01	 0.25984887E-02
  924.00000    	  925.00000    	-0.10444049    	 0.87932010E-02
  925.00000    	  926.00000    	-0.93363744E-01	 0.83008744E-02
  926.00000    	  927.00000    	-0.95332246E-01	 0.77232399E-02
  927.00000    	  928.00000    	-0.80017154E-01	 0.81083435E-02
  928.00000    	  929.00000    	-0.78780792E-01	 0.74891449E-02
  929.00000    	  930.00000    	-0.56612430E-01	 0.69615880E-02
  930.00000    	  931.00000    	-0.55163962E-01	 0.57360905E-02
  931.00000    	  932.00000    	-0.40069446E-01	 0.55457382E-02
  932.00000    	  933.00000    	-0.39676249E-01	 0.49546172E-02
  933.00000    	  934.00000    	-0.24699569E-01	 0.25395858E-02
  934.00000    	  935.00000    	-0.14502487E-01	 0.26666621E-02
  935.00000    	  936.00000    	-0.91739984E-01	 0.82677291E-02
  936.00000    	  937.00000    	-0.11606257    	 0.96252204E-02
  937.00000    	  938.00000    	-0.10300041    	 0.84097051E-02
  938.00000    	  939.00000    	-0.86106584E-01	 0.84095056E-02
  939.00000    	  940.00000    	-0.71564794E-01	 0.75203410E-02
  940.00000    	  941.00000    	-0.71622956E-01	 0.59288917E-02
  941.00000    	  942.00000    	-0.50983383E-01	 0.52405140E-02
  942.00000    	  943.00000    	-0.44090080E-01	 0.43941072E-02
  943.00000    	  944.00000    	-0.26760335E-01	 0.37367981E-02
  944.00000    	  945.00000    	-0.18999007E-01	 0.30362648E-02
  945.00000    	  946.00000    	-0.13041405E-01	 0.24136410E-02
  946.00000    	  947.00000    	-0.91579303E-01	 0.93476679E-02
  947.00000    	  948.00000    	-0.83560148E-01	 0.78900955E-02
  948.00000    	  949.00000    	-0.88296951E-01	 0.82208269E-02
  949.00000    	  950.00000    	-0.79290951E-01	 0.10274494E-01
  950.00000    	  951.00000    	-0.77620464E-01	 0.66803454E-02
  951.00000    	  952.00000    	-0.61840955E-01	 0.64441781E-02
  952.00000    	  953.00000    	-0.46303473E-01	 0.51204643E-02
  953.00000    	  954.00000    	-0.41508067E-01	 0.43278682E-02
  954.00000    	  955.00000    	-0.24394100E-01	 0.43438630E-02
  955.00000    	  956.00000    	-0.21289562E-01	 0.32594801E-02
  956.00000    	  957.00000    	-0.15482751E-01	 0.24723121E-02
  957.00000    	  958.00000    	-0.10259591    	 0.89550032E-02
  958.00000    	  959.00000    	-0.93944100E-01	 0.74857191E-02
  959.00000    	  960.00000    	-0.86072290E-01	 0.80137545E-02
  960.00000    	  961.00000    	-0.79470219E-01	 0.85268717E-02
  961.00000    	  962.00000    	-0.67621862E-01	 0.64699854E-02
  962.00000    	  963.00000    	-0.58705938E-01	 0.64359868E-02
  963.00000    	  964.00000    	-0.48360226E-01	 0.58344536E-02
  964.00000    	  965.00000    	-0.43103521E-01	 0.43647665E-02
  965.00000    	  966.00000    	-0.11988684E-01	 0.35774971E-02
  966.00000    	  967.00000    	-0.21218403E-01	 0.30862918E-02
  967.00000    	  968.00000    	-0.14734665E-01	 0.22261578E-02
  968.00000    	  969.00000    	-0.71881122E-01	 0.85564239E-02
  969.00000    	  970.00000    	-0.95080937E-01	 0.82541039E-02
  970.00000    	  971.00000    	-0.89534834E-01	 0.74401594E-02
  971.00000    	  972.00000    	-0.69352649E-01	 0.95936262E-02
  972.00000    	  973.00000    	-0.62765220E-01	 0.71629956E-02
  973.00000    	  974.00000    	-0.60583400E-01	 0.61639665E-02
  974.00000    	  975.00000    	-0.58129436E-01	 0.64859930E-02
  975.00000    	  976.00000    	-0.45732525E-01	 0.29456481E-02
  976.00000    	  977.00000    	-0.30351528E-01	 0.34511951E-02
  977.00000    	  978.00000    	-0.11653609E-01	 0.31408228E-02
  978.00000    	  979.00000    	-0.10462361E-01	 0.23918819E-02
  979.00000    	  980.00000    	-0.92110746E-01	 0.87165612E-02
  980.00000    	  981.00000    	-0.77842935E-01	 0.79256090E-02
  981.00000    	  982.00000    	-0.82674068E-01	 0.89348879E-02
  982.00000    	  983.00000    	-0.71338591E-01	 0.89298014E-02
  983.00000    	  984.00000    	-0.62174105E-01	 0.75858577E-02
  984.00000    	  985.00000    	-0.66354228E-01	 0.61876397E-02
  985.00000    	  986.00000    	-0.51375941E-01	 0.63861675E-02
  986.00000    	  987.00000    	-0.38007375E-01	 0.35746773E-02
  987.00000    	  988.00000    	-0.29195331E-01	 0.41429651E-02
  988.00000    	  989.00000    	-0.20641218E-01	 0.30269706E-02
  989.00000    	  990.00000    	-0.12197566E-01	 0.24943024E-02
  990.00000    	  991.00000    	-0.83595523E-01	 0.97583374E-02
  991.00000    	  992.00000    	-0.98431838E-01	 0.88715265E-02
  992.00000    	  993.00000    	-0.96961430E-01	 0.79560524E-02
  993.00000    	  994.00000    	-0.70228163E-01	 0.73556574E-02
  994.00000    	  995.00000    	-0.76755002E-01	 0.82498570E-02
  995.00000    	  996.00000    	-0.53575216E-01	 0.58977908E-02
  996.00000    	  997.00000    	-0.46388947E-01	 0.67679385E-02
  997.00000    	  998.00000    	-0.43224382E-01	 0.44779441E-02
  998.00000    	  999.00000    	-0.29060172E-01	 0.44097655E-02
  999.00000    	  1000.0000    	-0.16163652E-01	 0.28578964E-02
  1000.0000    	  1001.0000    	-0.14287241E-01	 0.23800677E-02
  1001.0000    	  1002.0000    	-0.90996364E-01	 0.79358268E-02
  1002.0000    	  1003.0000    	-0.88669804E-01	 0.91262884E-02
  1003.0000    	  1004.0000    	-0.80871656E-01	 0.74847603E-02
  1004.0000    	  1005.0000    	-0.76551315E-01	 0.71801995E-02
  1005.0000    	  1006.0000    	-0.56166854E-01	 0.71617788E-02
  1006.0000    	  1007.0000    	-0.56985402E-01	 0.56997860E-02
  1007.0000    	  1008.0000    	-0.42491404E-01	 0.50082181E-02
  1008.0000    	  1009.0000    	-0.35334606E-01	 0.43996435E-02
  1009.0000    	  1010.0000    	-0.30251084E-01	 0.37749070E-02
  1010.0000    	  1011.0000    	-0.22349213E-01	 0.33395156E-02
  1011.0000    	  1012.0000    	-0.40169946E-02	 0.24014157E-02
  1012.0000    	  1013.0000    	-0.85115724E-01	 0.90503219E-02
  1013.0000    	  1014.0000    	-0.71494705E-01	 0.88684261E-02
  1014.0000    	  1015.0000    	-0.80990525E-01	 0.80992177E-02
  1015.0000    	  1016.0000    	-0.78732617E-01	 0.70778475E-02
  1016.0000    	  1017.0000    	-0.53482767E-01	 0.57435529E-02
  1017.0000    	  1018.0000    	-0.62639839E-01	 0.66813809E-02
  1018.0000    	  1019.0000    	-0.43188461E-01	 0.54583633E-02
  1019.0000    	  1020.0000    	-0.36132039E-01	 0.36354538E-02
  1020.0000    	  1021.0000    	-0.28940728E-01	 0.37072487E-02
  1021.0000    	  1022.0000    	-0.17803460E-01	 0.29326780E-02
  1022.0000    	  1023.0000    	-0.10828930E-01	 0.23236532E-02
  1023.0000    	  1024.0000    	-0.83020124E-01	 0.91088370E-02
  1024.0000    	  1025.0000    	-0.85518062E-01	 0.68322271E-02
  1025.0000    	  1026.0000    	-0.68146065E-01	 0.78534364E-02
  1026.0000    	  1027.0000    	-0.68569852E-01	 0.68805090E-02
  1027.0000    	  1028.0000    	-0.72510233E-01	 0.57596016E-02
  1028.0000    	  1029.0000    	-0.46045155E-01	 0.61645881E-02
  1029.0000    	  1030.0000    	-0.42478057E-01	 0.48374830E-02
  1030.0000    	  1031.0000    	-0.40972320E-01	 0.33593378E-02
  1031.0000    	  1032.0000    	-0.22261136E-01	 0.41717400E-02
  1032.0000    	  1033.0000    	-0.16722581E-01	 0.29309539E-02
  1033.0000    	  1034.0000    	-0.10548859E-01	 0.21639752E-02
