-0.00133137,-0.00131285,-0.00127577,-0.00122661,-0.00116897,-0.00110352,-0.00103837,-0.00097435,-0.00091874,-0.000868279,-0.00082777
-0.00132845,-0.00131396,-0.00127805,-0.00123249,-0.00117735,-0.00111436,-0.00104921,-0.000983256,-0.000923722,-0.000869177,-0.000822861
-0.00131298,-0.00129975,-0.00126746,-0.00122611,-0.00117573,-0.0011116,-0.00104743,-0.000980528,-0.000918061,-0.000860551,-0.000812388
-0.00127916,-0.00126922,-0.00123973,-0.00120033,-0.00115264,-0.0010927,-0.00102905,-0.000962263,-0.000899185,-0.000839885,-0.000789598
-0.00126302,-0.00125521,-0.00122661,-0.00118971,-0.00114355,-0.00108468,-0.0010217,-0.000954295,-0.000890362,-0.000829142,-0.000776918
-0.00125184,-0.00124571,-0.00121695,-0.00118205,-0.00113711,-0.00107818,-0.00101615,-0.000948551,-0.000882903,-0.000820673,-0.000766698
-0.00122707,-0.0012216,-0.00119498,-0.00116069,-0.00111698,-0.0010599,-0.000998132,-0.000930699,-0.000865951,-0.000802746,-0.00074829
-0.00120819,-0.00120345,-0.00117714,-0.00114376,-0.00110088,-0.0010446,-0.000983398,-0.00091623,-0.000851698,-0.000787817,-0.000732837
-0.00118996,-0.00118567,-0.00115981,-0.00112693,-0.00108437,-0.00102868,-0.000968273,-0.000901498,-0.00083672,-0.000773152,-0.000717762
-0.00117372,-0.00116951,-0.00114352,-0.00111099,-0.00106893,-0.00101349,-0.000953669,-0.000887222,-0.000822598,-0.0007592,-0.000703589
-0.00115354,-0.00114945,-0.00112421,-0.00109172,-0.00104939,-0.000994443,-0.000934971,-0.000870262,-0.000805768,-0.000742735,-0.000686869
-0.00113712,-0.00113276,-0.00110733,-0.00107544,-0.00103279,-0.00097844,-0.000919725,-0.000854589,-0.000791079,-0.00072896,-0.000672783
-0.00111782,-0.00111314,-0.00108683,-0.00105529,-0.0010126,-0.000959024,-0.000900305,-0.000836577,-0.000773776,-0.000711997,-0.00065639
-0.00109972,-0.00109504,-0.00106906,-0.00103703,-0.000994479,-0.000941249,-0.000883114,-0.000820167,-0.000757984,-0.000696964,-0.000641354
-0.00108031,-0.00107552,-0.00104941,-0.00101753,-0.000974765,-0.000922063,-0.000864505,-0.000802359,-0.000741042,-0.000680645,-0.000625747
-0.00106524,-0.00105986,-0.00103384,-0.0010017,-0.000958721,-0.000906401,-0.000849568,-0.000788213,-0.000727188,-0.00066784,-0.000612614
-0.00104838,-0.00104283,-0.00101648,-0.000984448,-0.000941521,-0.000889811,-0.000833379,-0.000772384,-0.000712224,-0.000653497,-0.000599158
-0.00102936,-0.00102302,-0.000997266,-0.000965183,-0.000921993,-0.00087098,-0.000815062,-0.000755177,-0.000696131,-0.000638604,-0.000584302
-0.00101177,-0.00100454,-0.000979208,-0.000946983,-0.000904434,-0.000853444,-0.000798081,-0.000739529,-0.000681041,-0.000624314,-0.000570942
-0.000996294,-0.000988349,-0.00096385,-0.000931095,-0.00088866,-0.000838558,-0.000783777,-0.00072548,-0.00066801,-0.000612048,-0.000558773
-0.000978316,-0.000969662,-0.000945565,-0.000912978,-0.000871077,-0.000821182,-0.000767074,-0.000710203,-0.000653383,-0.00059796,-0.000545941
-0.000962267,-0.000953467,-0.000929686,-0.000896813,-0.000855168,-0.00080628,-0.000753093,-0.000696432,-0.000641012,-0.000586578,-0.000534031
-0.000946132,-0.00093636,-0.000912863,-0.000880259,-0.000839472,-0.000790794,-0.000737761,-0.000683047,-0.000627868,-0.000573821,-0.000522812
-0.00092926,-0.000919655,-0.000896563,-0.000864615,-0.000823185,-0.00077575,-0.000724072,-0.000669184,-0.000615495,-0.000562408,-0.000511025
-0.000913316,-0.000902395,-0.000880733,-0.000848241,-0.00080829,-0.000761056,-0.000710031,-0.000656841,-0.000602975,-0.000550669,-0.000500988
-0.00089355,-0.000882306,-0.000861294,-0.000829445,-0.000789784,-0.000743846,-0.000693621,-0.000641054,-0.000588933,-0.000537632,-0.000487844
-0.000879435,-0.000867597,-0.000847491,-0.000815724,-0.000776714,-0.000731569,-0.000682008,-0.00063028,-0.000578878,-0.000528011,-0.000479111
-0.000862468,-0.00085095,-0.000830924,-0.000799494,-0.000760971,-0.000717022,-0.000668167,-0.000617257,-0.000566733,-0.000517002,-0.000468153
-0.00084619,-0.000833417,-0.000814929,-0.000784109,-0.000746325,-0.000702854,-0.000655064,-0.000605449,-0.000555326,-0.000506315,-0.000458803
-0.000831633,-0.000818704,-0.000800665,-0.000770649,-0.000733243,-0.000690718,-0.000643875,-0.000594697,-0.000545504,-0.000497422,-0.000449565
-0.00081486,-0.000799001,-0.000784335,-0.000754622,-0.000718148,-0.000676468,-0.000630447,-0.000582715,-0.000534105,-0.000486682,-0.000440241
-0.000798052,-0.000784043,-0.000767946,-0.000738772,-0.000703141,-0.000662587,-0.000617407,-0.000570657,-0.00052308,-0.000476604,-0.000430053
-0.000782386,-0.000768292,-0.000752955,-0.000724456,-0.00068955,-0.000649858,-0.00060558,-0.00055976,-0.000512946,-0.000467226,-0.000421219
-0.00076693,-0.000752544,-0.000738056,-0.000710116,-0.00067597,-0.000637226,-0.000593756,-0.000548949,-0.000503006,-0.000457938,-0.000412573
-0.000752463,-0.000737729,-0.000724257,-0.00069687,-0.000663375,-0.000625749,-0.000583215,-0.000539137,-0.000493787,-0.00044937,-0.000404496
-0.000736817,-0.000722184,-0.000709274,-0.000682535,-0.000649854,-0.000612684,-0.000571357,-0.000528422,-0.000483795,-0.000440141,-0.000395717
-0.000721379,-0.00070693,-0.000694424,-0.000668544,-0.000636869,-0.000600795,-0.000560183,-0.000517959,-0.000474197,-0.000431459,-0.000387637
-0.000706657,-0.000691789,-0.000679978,-0.000654768,-0.000623882,-0.000588764,-0.000549121,-0.00050776,-0.000464742,-0.000422776,-0.000379503
-0.000692086,-0.000677205,-0.000666104,-0.000641644,-0.000611452,-0.00057706,-0.000538308,-0.000497959,-0.000455734,-0.000414474,-0.000371705
-0.000678305,-0.000663343,-0.000652836,-0.000628616,-0.000599343,-0.00056595,-0.000527725,-0.000488728,-0.000446906,-0.000406515,-0.000364095
-0.000662317,-0.000647875,-0.000638194,-0.000614914,-0.000586361,-0.000553768,-0.000516637,-0.00047833,-0.000437524,-0.000397898,-0.00035602
-0.000648484,-0.000633729,-0.000624545,-0.000602034,-0.000574145,-0.000542444,-0.000506237,-0.000468819,-0.000428691,-0.000389598,-0.000348499
-0.000634503,-0.000620048,-0.000611279,-0.000589414,-0.000562268,-0.00053149,-0.000496053,-0.000459362,-0.000420087,-0.000381664,-0.000341198
-0.000620401,-0.000606129,-0.000597872,-0.00057665,-0.000550275,-0.000520275,-0.000485761,-0.000449987,-0.000411396,-0.000373663,-0.000333691
-0.000607615,-0.000593402,-0.000585646,-0.000565009,-0.000539317,-0.00051015,-0.000476237,-0.0004413,-0.000403607,-0.000365966,-0.00032694
-0.00059318,-0.000579271,-0.000571832,-0.000552019,-0.000527154,-0.000498678,-0.000465876,-0.00043177,-0.000394672,-0.000358218,-0.000319366
-0.000580064,-0.0005666,-0.000559332,-0.000540268,-0.000516075,-0.000488376,-0.000456395,-0.000422932,-0.000386715,-0.000351147,-0.000312582
-0.000566892,-0.00055368,-0.000546885,-0.000528246,-0.000504888,-0.000477886,-0.000446715,-0.000414131,-0.00037857,-0.000343261,-0.000305602
-0.000553909,-0.000540991,-0.000534495,-0.000516547,-0.000493831,-0.000467698,-0.000437262,-0.000405578,-0.000370604,-0.000336029,-0.000298809
-0.000541556,-0.000529154,-0.000522728,-0.000505439,-0.000483397,-0.000457931,-0.000428334,-0.000397174,-0.000363048,-0.000329344,-0.000292393
-0.000528776,-0.000516785,-0.00051066,-0.000493924,-0.000472569,-0.000447838,-0.000419014,-0.00038875,-0.000355207,-0.000321805,-0.000285694
-0.000516835,-0.00050507,-0.000499113,-0.000482941,-0.00046221,-0.000438163,-0.000410012,-0.000380695,-0.00034771,-0.000314729,-0.000279407
-0.000505412,-0.000494285,-0.000488187,-0.000472535,-0.000452488,-0.000429103,-0.000401654,-0.000372542,-0.000340604,-0.000308349,-0.000273541
-0.000492759,-0.000482112,-0.000476335,-0.000461267,-0.000441896,-0.000419118,-0.000392522,-0.000364332,-0.000332918,-0.000301078,-0.000266886
-0.000480951,-0.00047077,-0.000465091,-0.000450583,-0.00043185,-0.000409729,-0.000383833,-0.000356265,-0.000325595,-0.000294492,-0.000260711
-0.000470195,-0.000460621,-0.000454813,-0.000440922,-0.0004227,-0.000401222,-0.000375957,-0.000349024,-0.000318895,-0.00028838,-0.000255143
-0.000459074,-0.000449681,-0.000444158,-0.000430677,-0.000413097,-0.000392169,-0.0003676,-0.000341361,-0.000311847,-0.000281898,-0.000249143
-0.000447707,-0.000439189,-0.000433474,-0.000420479,-0.000403521,-0.000383197,-0.000359363,-0.000333695,-0.000304904,-0.000275485,-0.000243335
-0.000436793,-0.000428934,-0.000423123,-0.000410604,-0.000394263,-0.000374494,-0.000351321,-0.000326258,-0.000298099,-0.000269228,-0.000237668
-0.000426695,-0.000419474,-0.000413587,-0.0004015,-0.000385711,-0.000366446,-0.000343947,-0.000319413,-0.000291805,-0.000263478,-0.000232421
-0.000417015,-0.000410444,-0.000404431,-0.000392606,-0.000377317,-0.000358649,-0.000336687,-0.000312695,-0.000285718,-0.000257722,-0.000227231
-0.000406334,-0.000400148,-0.000394097,-0.000382972,-0.000368176,-0.000350031,-0.000328746,-0.000305372,-0.000278987,-0.000251669,-0.000221712
-0.000396312,-0.000390564,-0.000384552,-0.000373807,-0.000359582,-0.000341958,-0.000321261,-0.000298506,-0.000272651,-0.000245688,-0.000216466
-0.000386931,-0.000381659,-0.000375539,-0.000365319,-0.000351502,-0.000334444,-0.000314288,-0.000292042,-0.000266685,-0.000240392,-0.000211576
-0.000377405,-0.000372482,-0.00036645,-0.000356614,-0.000343338,-0.000326729,-0.000307168,-0.000285427,-0.000260708,-0.000234879,-0.000206538
-0.00036858,-0.000364145,-0.000358197,-0.000348591,-0.000335849,-0.000319714,-0.000300672,-0.000279349,-0.000255181,-0.000229832,-0.000201872
-0.00035975,-0.000355571,-0.00034968,-0.0003405,-0.00032805,-0.000312366,-0.000293894,-0.000273118,-0.000249414,-0.000224543,-0.000197258
-0.000350711,-0.000347033,-0.000341137,-0.000332198,-0.000320301,-0.000305076,-0.000287146,-0.000266879,-0.000243695,-0.000219276,-0.000192491
-0.000342665,-0.00033948,-0.000333477,-0.00032478,-0.000313301,-0.000298489,-0.000281022,-0.000261261,-0.000238523,-0.000214524,-0.000188189
-0.000333932,-0.000331017,-0.000325085,-0.000316821,-0.000305747,-0.000291418,-0.000274424,-0.000255096,-0.000232926,-0.00020938,-0.000183608
-0.000325798,-0.000323008,-0.000317314,-0.000309404,-0.000298684,-0.000284778,-0.0002683,-0.000249378,-0.000227696,-0.000204606,-0.000179283
-0.000318243,-0.000315593,-0.000310038,-0.000302355,-0.000292088,-0.000278591,-0.00026252,-0.000244052,-0.000222797,-0.000200073,-0.000175255
-0.000310185,-0.000307613,-0.000302391,-0.000295023,-0.000285014,-0.00027195,-0.000256397,-0.000238361,-0.000217615,-0.000195353,-0.00017098
-0.000302356,-0.000299937,-0.000294897,-0.000287811,-0.000278198,-0.000265538,-0.000250395,-0.000232798,-0.000212512,-0.000190672,-0.000166825
-0.00029494,-0.000292646,-0.000287784,-0.000280965,-0.000271696,-0.000259416,-0.0002447,-0.000227528,-0.000207688,-0.000186244,-0.000162877
-0.000288015,-0.000285874,-0.000281222,-0.000274654,-0.000265689,-0.000253748,-0.000239468,-0.00022263,-0.000203245,-0.000182147,-0.000159235
-0.000280692,-0.000278615,-0.000274172,-0.000267823,-0.000259206,-0.00024767,-0.000233757,-0.000217364,-0.000198377,-0.000177724,-0.00015527
-0.00027376,-0.000271815,-0.000267572,-0.000261452,-0.000253146,-0.000241969,-0.000228456,-0.000212428,-0.000193851,-0.00017359,-0.000151581
-0.000267126,-0.000265263,-0.000261198,-0.000255293,-0.0002473,-0.000236463,-0.000223319,-0.000207653,-0.000189467,-0.000169597,-0.000148013
-0.000260528,-0.000258763,-0.000254894,-0.0002492,-0.000241485,-0.000230983,-0.000218196,-0.00020291,-0.000185138,-0.000165622,-0.000144465
-0.000254335,-0.000252549,-0.000248901,-0.000243443,-0.000235943,-0.000225792,-0.000213337,-0.000198398,-0.000181024,-0.000161853,-0.000141157
-0.000248043,-0.000246428,-0.000242935,-0.000237634,-0.000230442,-0.000220575,-0.000208466,-0.000193896,-0.000176886,-0.000158059,-0.000137728
-0.000241997,-0.000240434,-0.000237068,-0.000231991,-0.000225054,-0.000215503,-0.000203708,-0.000189485,-0.000172856,-0.00015439,-0.000134451
-0.0002361,-0.000234738,-0.00023155,-0.000226652,-0.000219943,-0.000210683,-0.000199206,-0.00018533,-0.000169018,-0.000150889,-0.000131323
-0.000230428,-0.000229039,-0.00022601,-0.000221293,-0.000214789,-0.000205837,-0.000194661,-0.00018109,-0.00016516,-0.000147361,-0.000128202
-0.000224805,-0.000223477,-0.000220573,-0.000216045,-0.000209839,-0.000201149,-0.000190237,-0.000176998,-0.000161406,-0.000143947,-0.000125178
-0.000219143,-0.000217915,-0.000215177,-0.00021081,-0.000204823,-0.000196396,-0.00018579,-0.000172863,-0.000157621,-0.000140492,-0.000122096
-0.000213679,-0.000212561,-0.000209932,-0.000205748,-0.000199988,-0.000191823,-0.000181531,-0.000168863,-0.000153971,-0.000137214,-0.00011915
-0.000208667,-0.000207536,-0.000205061,-0.000201031,-0.000195459,-0.000187539,-0.000177501,-0.000165132,-0.000150625,-0.000134052,-0.000116374
-0.000203354,-0.000202499,-0.000200086,-0.000196225,-0.000190864,-0.000183187,-0.000173418,-0.00016137,-0.00014706,-0.000130854,-0.000113735
-0.000198475,-0.000197563,-0.000195305,-0.000191576,-0.00018641,-0.000178979,-0.000169455,-0.000157693,-0.000143717,-0.000127827,-0.00011085
-0.000193636,-0.000192797,-0.000190671,-0.000187065,-0.000182097,-0.000174891,-0.000165622,-0.000154123,-0.000140463,-0.000124848,-0.000108216
-0.000189146,-0.000188167,-0.000186143,-0.000182718,-0.000177882,-0.000170907,-0.000161906,-0.000150601,-0.000137266,-0.000122036,-0.000105637
-0.000184339,-0.000183606,-0.000181687,-0.000178373,-0.000173744,-0.00016697,-0.000158185,-0.000147199,-0.000134111,-0.000119069,-0.000103112
-0.000179806,-0.000179155,-0.000177302,-0.000174158,-0.000169717,-0.000163125,-0.00015456,-0.00014384,-0.000131011,-0.000116171,-0.000100644
-0.000175505,-0.00017487,-0.000173123,-0.000170085,-0.000165793,-0.00015941,-0.000151088,-0.00014059,-0.000128073,-0.000113562,-9.82486e-05
-0.000170956,-0.000170671,-0.000168987,-0.000166093,-0.000161962,-0.000155771,-0.000147657,-0.0001374,-0.000125114,-0.000110804,-9.58946e-05
-0.000167017,-0.00016654,-0.000164958,-0.00016217,-0.000158188,-0.000152178,-0.000144316,-0.000134245,-0.000122241,-0.000108187,-9.36005e-05
-0.000162968,-0.000162555,-0.000161062,-0.000158382,-0.000154551,-0.000148725,-0.00014103,-0.000131228,-0.000119476,-0.000105796,-9.13615e-05
-0.000159068,-0.000158688,-0.000157268,-0.000154699,-0.000151025,-0.000145353,-0.000137861,-0.00012829,-0.000116783,-0.000103346,-8.92015e-05
-0.000155505,-0.000154876,-0.000153535,-0.000151071,-0.000147519,-0.000142033,-0.000134734,-0.000125373,-0.000114099,-0.00010092,-8.70572e-05
-0.000151475,-0.000151188,-0.000149901,-0.000147565,-0.000144105,-0.000138809,-0.000131702,-0.000122561,-0.000111521,-9.85811e-05,-8.49907e-05
-0.00014789,-0.000147636,-0.000146416,-0.000144167,-0.000140867,-0.000135689,-0.000128778,-0.000119796,-0.000109005,-9.61643e-05,-8.29764e-05
-0.000144342,-0.000144098,-0.000142948,-0.000140807,-0.00013763,-0.000132611,-0.00012585,-0.000117113,-0.000106546,-9.40663e-05,-8.12562e-05
-0.00014079,-0.000140645,-0.000139562,-0.000137504,-0.00013444,-0.000129577,-0.000122988,-0.000114427,-0.00010408,-9.18535e-05,-7.90584e-05
-0.000137453,-0.000137351,-0.000136311,-0.00013435,-0.000131378,-0.000126678,-0.000120251,-0.000111872,-0.000101737,-8.97258e-05,-7.71988e-05
-0.000134129,-0.000134081,-0.000133113,-0.000131234,-0.000128381,-0.000123804,-0.000117519,-0.000109433,-9.94335e-05,-8.76414e-05,-7.53663e-05
-0.000131303,-0.000130958,-0.000130044,-0.000128237,-0.000125496,-0.000121032,-0.000114954,-0.000106999,-9.72342e-05,-8.5634e-05,-7.36072e-05
-0.000127828,-0.000127883,-0.000127014,-0.000125299,-0.000122675,-0.000118338,-0.000112358,-0.000104641,-9.50222e-05,-8.35117e-05,-7.18692e-05
-0.000124833,-0.000124839,-0.000124041,-0.000122391,-0.00011985,-0.000115661,-0.000109848,-0.000102183,-9.28571e-05,-8.17238e-05,-7.01552e-05
-0.000121836,-0.000121899,-0.00012113,-0.000119572,-0.000117107,-0.000113055,-0.000107385,-9.98789e-05,-9.07516e-05,-7.98215e-05,-6.84889e-05
-0.000119015,-0.000119058,-0.000118358,-0.000116867,-0.000114498,-0.000110566,-0.000105026,-9.76014e-05,-8.87485e-05,-7.82092e-05,-6.6886e-05
-0.000116205,-0.000116292,-0.000115624,-0.000114203,-0.000111907,-0.000108079,-0.000102717,-9.54995e-05,-8.675e-05,-7.6199e-05,-6.53278e-05
-0.00011308,-0.000113574,-0.000112966,-0.000111599,-0.000109394,-0.000105674,-0.000100428,-9.33675e-05,-8.47947e-05,-7.46525e-05,-6.3784e-05
-0.000110746,-0.000110937,-0.00011035,-0.000109056,-0.000106929,-0.000103326,-9.81879e-05,-9.12872e-05,-8.28913e-05,-7.29397e-05,-6.22854e-05
-0.000108123,-0.000108333,-0.000107783,-0.000106552,-0.000104505,-0.000101005,-9.59921e-05,-8.92375e-05,-8.10334e-05,-7.10649e-05,-6.08257e-05
-0.000105619,-0.000105839,-0.00010533,-0.000104161,-0.000102169,-9.88007e-05,-9.38866e-05,-8.71867e-05,-7.92404e-05,-6.96796e-05,-5.94048e-05
-0.000103141,-0.000103378,-0.00010294,-0.000101818,-9.99174e-05,-9.65976e-05,-9.18681e-05,-8.53366e-05,-7.74696e-05,-6.78683e-05,-5.80342e-05
-0.000100705,-0.00010096,-0.000100527,-9.94708e-05,-9.7637e-05,-9.44231e-05,-8.97692e-05,-8.34392e-05,-7.57075e-05,-6.62795e-05,-5.66572e-05
-9.83973e-05,-9.86637e-05,-9.82691e-05,-9.72646e-05,-9.54829e-05,-9.2372e-05,-8.78307e-05,-8.16298e-05,-7.40788e-05,-6.47965e-05,-5.53582e-05
-9.57034e-05,-9.64177e-05,-9.60268e-05,-9.50699e-05,-9.33641e-05,-9.03427e-05,-8.58956e-05,-7.98284e-05,-7.23954e-05,-6.33232e-05,-5.40729e-05
-9.39763e-05,-9.42573e-05,-9.39149e-05,-9.30106e-05,-9.13787e-05,-8.84351e-05,-8.40772e-05,-7.80663e-05,-7.08264e-05,-6.17237e-05,-5.28601e-05
-9.21028e-05,-9.20365e-05,-9.17192e-05,-9.08504e-05,-8.92641e-05,-8.64029e-05,-8.22055e-05,-7.63449e-05,-6.91849e-05,-6.0238e-05,-5.16083e-05
-8.95807e-05,-8.99331e-05,-8.96535e-05,-8.88401e-05,-8.72869e-05,-8.45329e-05,-8.03857e-05,-7.46671e-05,-6.77119e-05,-5.91096e-05,-5.04156e-05
-8.75171e-05,-8.78755e-05,-8.76219e-05,-8.68459e-05,-8.53583e-05,-8.26707e-05,-7.863e-05,-7.30225e-05,-6.62056e-05,-5.77541e-05,-4.92483e-05
-8.55202e-05,-8.58803e-05,-8.56707e-05,-8.49301e-05,-8.34827e-05,-8.08819e-05,-7.69302e-05,-7.14617e-05,-6.47486e-05,-5.64693e-05,-4.81201e-05
-8.35211e-05,-8.39121e-05,-8.3697e-05,-8.30135e-05,-8.16217e-05,-7.90924e-05,-7.523e-05,-6.98739e-05,-6.33049e-05,-5.51809e-05,-4.70015e-05
-8.16621e-05,-8.20165e-05,-8.18424e-05,-8.12018e-05,-7.98351e-05,-7.73874e-05,-7.36498e-05,-6.83861e-05,-6.19368e-05,-5.3745e-05,-4.59368e-05
-7.97499e-05,-8.01265e-05,-7.99644e-05,-7.93656e-05,-7.8054e-05,-7.56752e-05,-7.1992e-05,-6.68554e-05,-6.05456e-05,-5.27185e-05,-4.48609e-05
-7.79713e-05,-7.83542e-05,-7.82411e-05,-7.76501e-05,-7.6397e-05,-7.40758e-05,-7.04869e-05,-6.54446e-05,-5.92503e-05,-5.15699e-05,-4.38675e-05
-7.61733e-05,-7.65988e-05,-7.64747e-05,-7.59448e-05,-7.47459e-05,-7.24699e-05,-6.89553e-05,-6.40218e-05,-5.79577e-05,-5.04099e-05,-4.28633e-05
-7.4426e-05,-7.48608e-05,-7.47554e-05,-7.42504e-05,-7.3077e-05,-7.0887e-05,-6.7453e-05,-6.26141e-05,-5.66675e-05,-4.92673e-05,-4.18699e-05
-7.28064e-05,-7.31931e-05,-7.31156e-05,-7.26545e-05,-7.15146e-05,-6.93783e-05,-6.60491e-05,-6.127e-05,-5.54592e-05,-4.81786e-05,-4.09389e-05
-7.10913e-05,-7.15345e-05,-7.1488e-05,-7.10393e-05,-6.99408e-05,-6.78679e-05,-6.45773e-05,-6.00555e-05,-5.42407e-05,-4.71026e-05,-4.00064e-05
-6.9502e-05,-6.99281e-05,-6.98991e-05,-6.94835e-05,-6.84142e-05,-6.6413e-05,-6.32035e-05,-5.86502e-05,-5.30683e-05,-4.60428e-05,-3.90853e-05
-6.79801e-05,-6.83925e-05,-6.83824e-05,-6.79932e-05,-6.69649e-05,-6.50128e-05,-6.1883e-05,-5.74137e-05,-5.19207e-05,-4.50412e-05,-3.8224e-05
-6.64471e-05,-6.68574e-05,-6.68628e-05,-6.65067e-05,-6.55074e-05,-6.3612e-05,-6.05513e-05,-5.6175e-05,-5.0784e-05,-4.40347e-05,-3.7356e-05
-6.49684e-05,-6.53748e-05,-6.53991e-05,-6.5067e-05,-6.41055e-05,-6.2262e-05,-5.92699e-05,-5.49779e-05,-4.96947e-05,-4.30726e-05,-3.65232e-05
-6.35057e-05,-6.39439e-05,-6.39721e-05,-6.36727e-05,-6.27346e-05,-6.09465e-05,-5.80151e-05,-5.3809e-05,-4.8626e-05,-4.21255e-05,-3.57142e-05
-6.21296e-05,-6.25246e-05,-6.2574e-05,-6.22929e-05,-6.1394e-05,-5.96484e-05,-5.67754e-05,-5.26519e-05,-4.75833e-05,-4.11996e-05,-3.49118e-05
-6.07439e-05,-6.1157e-05,-6.12149e-05,-6.09539e-05,-6.00746e-05,-5.83822e-05,-5.55804e-05,-5.15417e-05,-4.65562e-05,-4.02956e-05,-3.41356e-05
-5.9395e-05,-5.97923e-05,-5.98794e-05,-5.96387e-05,-5.87812e-05,-5.71483e-05,-5.44076e-05,-5.04519e-05,-4.55564e-05,-3.9413e-05,-3.33694e-05
-5.80541e-05,-5.84831e-05,-5.85481e-05,-5.83465e-05,-5.75119e-05,-5.59239e-05,-5.32404e-05,-4.93583e-05,-4.45877e-05,-3.85358e-05,-3.2621e-05
-5.67929e-05,-5.71999e-05,-5.72928e-05,-5.71043e-05,-5.62974e-05,-5.47556e-05,-5.21285e-05,-4.83211e-05,-4.36218e-05,-3.77092e-05,-3.19018e-05
-5.55665e-05,-5.59633e-05,-5.60795e-05,-5.59072e-05,-5.51135e-05,-5.36192e-05,-5.10488e-05,-4.73199e-05,-4.27053e-05,-3.69003e-05,-3.12065e-05
-5.4336e-05,-5.47683e-05,-5.48757e-05,-5.47297e-05,-5.39599e-05,-5.25099e-05,-4.9997e-05,-4.63363e-05,-4.18046e-05,-3.61172e-05,-3.05325e-05
-5.31845e-05,-5.35889e-05,-5.37221e-05,-5.35807e-05,-5.28384e-05,-5.14208e-05,-4.89671e-05,-4.53732e-05,-4.09265e-05,-3.53438e-05,-2.98706e-05
-5.19852e-05,-5.23792e-05,-5.25111e-05,-5.24054e-05,-5.16851e-05,-5.03072e-05,-4.79065e-05,-4.43831e-05,-4.00237e-05,-3.45465e-05,-2.91886e-05
-5.08748e-05,-5.12583e-05,-5.13923e-05,-5.13007e-05,-5.06174e-05,-4.92654e-05,-4.69109e-05,-4.34598e-05,-3.91865e-05,-3.38119e-05,-2.85566e-05
-4.97469e-05,-5.01286e-05,-5.02848e-05,-5.02037e-05,-4.95251e-05,-4.82264e-05,-4.59254e-05,-4.25369e-05,-3.83425e-05,-3.30725e-05,-2.79237e-05
-4.86851e-05,-4.90666e-05,-4.92217e-05,-4.91598e-05,-4.84937e-05,-4.72357e-05,-4.49797e-05,-4.16549e-05,-3.75394e-05,-3.2366e-05,-2.7322e-05
-4.76526e-05,-4.8023e-05,-4.81902e-05,-4.8138e-05,-4.74939e-05,-4.62694e-05,-4.4063e-05,-4.0801e-05,-3.67219e-05,-3.16858e-05,-2.67386e-05
-4.66371e-05,-4.7005e-05,-4.71676e-05,-4.71358e-05,-4.65126e-05,-4.53237e-05,-4.31622e-05,-3.9961e-05,-3.5991e-05,-3.10154e-05,-2.61609e-05
-4.56341e-05,-4.60079e-05,-4.6177e-05,-4.61572e-05,-4.55456e-05,-4.43916e-05,-4.22748e-05,-3.91168e-05,-3.52372e-05,-3.03606e-05,-2.5602e-05
-4.46661e-05,-4.50164e-05,-4.5191e-05,-4.51881e-05,-4.45952e-05,-4.34716e-05,-4.13973e-05,-3.83193e-05,-3.44974e-05,-2.97138e-05,-2.50426e-05
-4.37183e-05,-4.40569e-05,-4.4231e-05,-4.42404e-05,-4.36605e-05,-4.25742e-05,-4.05433e-05,-3.75202e-05,-3.37685e-05,-2.90785e-05,-2.44952e-05
-4.28079e-05,-4.31329e-05,-4.33334e-05,-4.33505e-05,-4.27881e-05,-4.17247e-05,-3.97358e-05,-3.67733e-05,-3.30901e-05,-2.84814e-05,-2.39802e-05
-4.19104e-05,-4.22172e-05,-4.24219e-05,-4.24495e-05,-4.18967e-05,-4.08724e-05,-3.89243e-05,-3.6012e-05,-3.23957e-05,-2.78834e-05,-2.34701e-05
-4.09911e-05,-4.12982e-05,-4.15099e-05,-4.15552e-05,-4.10143e-05,-4.0017e-05,-3.81082e-05,-3.52575e-05,-3.17075e-05,-2.72865e-05,-2.29515e-05
-4.01395e-05,-4.04468e-05,-4.06618e-05,-4.07144e-05,-4.01875e-05,-3.92167e-05,-3.73465e-05,-3.4551e-05,-3.10683e-05,-2.67296e-05,-2.24685e-05
-3.93069e-05,-3.96127e-05,-3.98327e-05,-3.98927e-05,-3.93819e-05,-3.84359e-05,-3.66031e-05,-3.38599e-05,-3.04327e-05,-2.61831e-05,-2.19982e-05
-3.84907e-05,-3.87591e-05,-3.8993e-05,-3.90649e-05,-3.85618e-05,-3.76481e-05,-3.58542e-05,-3.31605e-05,-2.97928e-05,-2.5636e-05,-2.15204e-05
-3.7667e-05,-3.79425e-05,-3.81711e-05,-3.82529e-05,-3.77647e-05,-3.68758e-05,-3.51164e-05,-3.24747e-05,-2.91694e-05,-2.50959e-05,-2.10558e-05
-3.68973e-05,-3.71663e-05,-3.74002e-05,-3.74875e-05,-3.70109e-05,-3.61473e-05,-3.44263e-05,-3.18313e-05,-2.85839e-05,-2.45913e-05,-2.06195e-05
-3.61259e-05,-3.63836e-05,-3.66183e-05,-3.67205e-05,-3.62548e-05,-3.54139e-05,-3.37245e-05,-3.11817e-05,-2.79903e-05,-2.40787e-05,-2.01835e-05
-3.53562e-05,-3.56214e-05,-3.58529e-05,-3.59628e-05,-3.55042e-05,-3.46925e-05,-3.30374e-05,-3.05409e-05,-2.74071e-05,-2.35759e-05,-1.97502e-05
-3.46476e-05,-3.49019e-05,-3.51354e-05,-3.52576e-05,-3.48093e-05,-3.40198e-05,-3.23972e-05,-2.9944e-05,-2.68648e-05,-2.31079e-05,-1.93476e-05
-3.39187e-05,-3.41635e-05,-3.44077e-05,-3.45311e-05,-3.40926e-05,-3.33274e-05,-3.1736e-05,-2.93306e-05,-2.63059e-05,-2.26295e-05,-1.89424e-05
-3.3213e-05,-3.34549e-05,-3.37122e-05,-3.3837e-05,-3.3409e-05,-3.26653e-05,-3.11055e-05,-2.87454e-05,-2.57712e-05,-2.21693e-05,-1.85532e-05
-3.25594e-05,-3.27821e-05,-3.30332e-05,-3.3171e-05,-3.27528e-05,-3.20272e-05,-3.05012e-05,-2.81833e-05,-2.52553e-05,-2.17283e-05,-1.81744e-05
-3.18648e-05,-3.21153e-05,-3.23698e-05,-3.25142e-05,-3.20984e-05,-3.1403e-05,-2.99019e-05,-2.7624e-05,-2.47497e-05,-2.12886e-05,-1.77934e-05
-3.12401e-05,-3.14679e-05,-3.17031e-05,-3.18654e-05,-3.14574e-05,-3.07814e-05,-2.93059e-05,-2.70728e-05,-2.42469e-05,-2.08568e-05,-1.742e-05
-3.0577e-05,-3.08099e-05,-3.10616e-05,-3.12204e-05,-3.08222e-05,-3.01634e-05,-2.87207e-05,-2.65275e-05,-2.37517e-05,-2.04289e-05,-1.70495e-05
-2.9944e-05,-3.01788e-05,-3.04373e-05,-3.05953e-05,-3.02072e-05,-2.95663e-05,-2.81512e-05,-2.59946e-05,-2.3268e-05,-2.0013e-05,-1.66912e-05
-2.9351e-05,-2.95631e-05,-2.98189e-05,-2.99876e-05,-2.96078e-05,-2.89854e-05,-2.75989e-05,-2.548e-05,-2.28003e-05,-1.96103e-05,-1.6344e-05
-2.87344e-05,-2.89839e-05,-2.92328e-05,-2.9407e-05,-2.90288e-05,-2.84301e-05,-2.70651e-05,-2.49855e-05,-2.23481e-05,-1.92226e-05,-1.60081e-05
-2.8193e-05,-2.83875e-05,-2.86448e-05,-2.88285e-05,-2.8459e-05,-2.78763e-05,-2.6536e-05,-2.44914e-05,-2.19036e-05,-1.88356e-05,-1.56763e-05
-2.76285e-05,-2.78199e-05,-2.8076e-05,-2.82567e-05,-2.78947e-05,-2.73264e-05,-2.60153e-05,-2.40105e-05,-2.14603e-05,-1.84585e-05,-1.53503e-05
-2.70799e-05,-2.72628e-05,-2.75186e-05,-2.77018e-05,-2.73503e-05,-2.67963e-05,-2.55104e-05,-2.35397e-05,-2.10348e-05,-1.809e-05,-1.50344e-05
-2.65318e-05,-2.67122e-05,-2.69713e-05,-2.71592e-05,-2.68136e-05,-2.62752e-05,-2.50139e-05,-2.30775e-05,-2.06141e-05,-1.77295e-05,-1.47238e-05
-2.5986e-05,-2.61743e-05,-2.64298e-05,-2.66261e-05,-2.6286e-05,-2.57645e-05,-2.4523e-05,-2.2623e-05,-2.02018e-05,-1.7374e-05,-1.44198e-05
-2.5489e-05,-2.5661e-05,-2.59091e-05,-2.6111e-05,-2.57782e-05,-2.52729e-05,-2.40554e-05,-2.21855e-05,-1.98042e-05,-1.70343e-05,-1.41253e-05
-2.49702e-05,-2.51477e-05,-2.54058e-05,-2.56038e-05,-2.52835e-05,-2.47846e-05,-2.35881e-05,-2.17575e-05,-1.94135e-05,-1.67013e-05,-1.38378e-05
-2.44625e-05,-2.46494e-05,-2.49052e-05,-2.51093e-05,-2.47886e-05,-2.43093e-05,-2.3136e-05,-2.13381e-05,-1.90318e-05,-1.63762e-05,-1.35551e-05
-2.39963e-05,-2.41719e-05,-2.44199e-05,-2.46248e-05,-2.43134e-05,-2.38473e-05,-2.2698e-05,-2.09289e-05,-1.86578e-05,-1.60634e-05,-1.32827e-05
-2.3507e-05,-2.36953e-05,-2.39426e-05,-2.41521e-05,-2.38419e-05,-2.33925e-05,-2.22615e-05,-2.05249e-05,-1.82917e-05,-1.57572e-05,-1.30137e-05
-2.30223e-05,-2.32211e-05,-2.34701e-05,-2.36803e-05,-2.33773e-05,-2.29386e-05,-2.18298e-05,-2.01227e-05,-1.7929e-05,-1.54481e-05,-1.27452e-05
-2.25706e-05,-2.27584e-05,-2.30131e-05,-2.32274e-05,-2.2925e-05,-2.24992e-05,-2.14101e-05,-1.97339e-05,-1.75741e-05,-1.51482e-05,-1.24834e-05
-2.2109e-05,-2.23113e-05,-2.25658e-05,-2.27831e-05,-2.24852e-05,-2.20742e-05,-2.09998e-05,-1.93558e-05,-1.72358e-05,-1.48505e-05,-1.2233e-05
-2.16881e-05,-2.18797e-05,-2.21364e-05,-2.23548e-05,-2.2062e-05,-2.16597e-05,-2.06119e-05,-1.89884e-05,-1.69014e-05,-1.45607e-05,-1.19896e-05
-2.12426e-05,-2.14479e-05,-2.17061e-05,-2.19218e-05,-2.16352e-05,-2.12444e-05,-2.02104e-05,-1.86194e-05,-1.65695e-05,-1.42674e-05,-1.17399e-05
-2.08253e-05,-2.10404e-05,-2.12903e-05,-2.15108e-05,-2.12272e-05,-2.08495e-05,-1.98389e-05,-1.82661e-05,-1.62416e-05,-1.39881e-05,-1.15084e-05
-2.04245e-05,-2.06168e-05,-2.087e-05,-2.10937e-05,-2.08181e-05,-2.0448e-05,-1.94512e-05,-1.79083e-05,-1.59206e-05,-1.37078e-05,-1.12736e-05
-2.00253e-05,-2.02255e-05,-2.04841e-05,-2.07005e-05,-2.04273e-05,-2.00684e-05,-1.90887e-05,-1.75738e-05,-1.56288e-05,-1.34415e-05,-1.10506e-05
-1.96508e-05,-1.98353e-05,-2.00897e-05,-2.03091e-05,-2.00298e-05,-1.96919e-05,-1.87284e-05,-1.72379e-05,-1.53155e-05,-1.31775e-05,-1.08294e-05
-1.9257e-05,-1.94555e-05,-1.97031e-05,-1.99306e-05,-1.96663e-05,-1.9325e-05,-1.83868e-05,-1.6914e-05,-1.50221e-05,-1.29205e-05,-1.0614e-05
-1.88848e-05,-1.90789e-05,-1.93326e-05,-1.95558e-05,-1.92962e-05,-1.89659e-05,-1.8035e-05,-1.6592e-05,-1.47404e-05,-1.26702e-05,-1.04042e-05
-1.85217e-05,-1.87146e-05,-1.89623e-05,-1.91901e-05,-1.89352e-05,-1.86118e-05,-1.76969e-05,-1.62784e-05,-1.44473e-05,-1.24207e-05,-1.01969e-05
-1.8153e-05,-1.83585e-05,-1.86029e-05,-1.88333e-05,-1.85783e-05,-1.82684e-05,-1.73618e-05,-1.59748e-05,-1.41709e-05,-1.21819e-05,-9.9973e-06
-1.77971e-05,-1.80047e-05,-1.82399e-05,-1.84766e-05,-1.82267e-05,-1.79244e-05,-1.70412e-05,-1.56677e-05,-1.38953e-05,-1.19399e-05,-9.79568e-06
-1.74347e-05,-1.76582e-05,-1.79009e-05,-1.81339e-05,-1.78875e-05,-1.75931e-05,-1.67244e-05,-1.53738e-05,-1.36305e-05,-1.17096e-05,-9.60303e-06
-1.71191e-05,-1.73302e-05,-1.75709e-05,-1.78025e-05,-1.75578e-05,-1.72731e-05,-1.6419e-05,-1.50893e-05,-1.3358e-05,-1.14821e-05,-9.41535e-06
-1.67884e-05,-1.69952e-05,-1.72453e-05,-1.74701e-05,-1.72304e-05,-1.6952e-05,-1.61117e-05,-1.48033e-05,-1.31154e-05,-1.12617e-05,-9.22905e-06
-1.64782e-05,-1.66801e-05,-1.69235e-05,-1.71535e-05,-1.69121e-05,-1.6645e-05,-1.58095e-05,-1.45324e-05,-1.28752e-05,-1.10482e-05,-9.05208e-06
-1.61568e-05,-1.63695e-05,-1.66042e-05,-1.68306e-05,-1.66051e-05,-1.6336e-05,-1.55242e-05,-1.4257e-05,-1.2621e-05,-1.08317e-05,-8.87217e-06
-1.58453e-05,-1.60653e-05,-1.6293e-05,-1.65252e-05,-1.62959e-05,-1.60405e-05,-1.52416e-05,-1.39877e-05,-1.23833e-05,-1.06254e-05,-8.70049e-06
-1.55761e-05,-1.57661e-05,-1.59949e-05,-1.62234e-05,-1.59972e-05,-1.57472e-05,-1.49623e-05,-1.37333e-05,-1.21426e-05,-1.04215e-05,-8.53139e-06
-1.52203e-05,-1.54698e-05,-1.56978e-05,-1.5924e-05,-1.57034e-05,-1.54593e-05,-1.46874e-05,-1.34728e-05,-1.19287e-05,-1.02273e-05,-8.36479e-06
-1.49555e-05,-1.51856e-05,-1.54119e-05,-1.56365e-05,-1.54129e-05,-1.51871e-05,-1.44107e-05,-1.3236e-05,-1.1684e-05,-1.00406e-05,-8.20486e-06
-1.46787e-05,-1.49062e-05,-1.51205e-05,-1.53519e-05,-1.51397e-05,-1.49071e-05,-1.41591e-05,-1.29819e-05,-1.14772e-05,-9.84859e-06,-8.04593e-06
-1.43901e-05,-1.46245e-05,-1.4848e-05,-1.50713e-05,-1.48614e-05,-1.46347e-05,-1.38992e-05,-1.27405e-05,-1.1271e-05,-9.65993e-06,-7.88967e-06
-1.41238e-05,-1.43698e-05,-1.45808e-05,-1.48029e-05,-1.46028e-05,-1.43727e-05,-1.36511e-05,-1.25086e-05,-1.10421e-05,-9.47405e-06,-7.73777e-06
-1.38546e-05,-1.40941e-05,-1.4311e-05,-1.45311e-05,-1.43281e-05,-1.41119e-05,-1.34e-05,-1.22769e-05,-1.08431e-05,-9.2986e-06,-7.58763e-06
-1.35906e-05,-1.38373e-05,-1.4051e-05,-1.42722e-05,-1.40709e-05,-1.38673e-05,-1.31472e-05,-1.20661e-05,-1.06433e-05,-9.12687e-06,-7.44407e-06
-1.32715e-05,-1.35851e-05,-1.37987e-05,-1.40148e-05,-1.38207e-05,-1.36139e-05,-1.29245e-05,-1.18268e-05,-1.04458e-05,-8.94352e-06,-7.30204e-06
-1.30962e-05,-1.33367e-05,-1.35446e-05,-1.37641e-05,-1.35703e-05,-1.33689e-05,-1.26889e-05,-1.16189e-05,-1.02388e-05,-8.78129e-06,-7.1626e-06
-1.28513e-05,-1.30945e-05,-1.33006e-05,-1.35187e-05,-1.33191e-05,-1.31313e-05,-1.24794e-05,-1.14087e-05,-1.00644e-05,-8.61655e-06,-7.02681e-06
-1.26361e-05,-1.28598e-05,-1.30603e-05,-1.32785e-05,-1.30914e-05,-1.28985e-05,-1.22398e-05,-1.1202e-05,-9.87669e-06,-8.45663e-06,-6.89211e-06
-1.23737e-05,-1.26247e-05,-1.28274e-05,-1.30398e-05,-1.28574e-05,-1.26774e-05,-1.20226e-05,-1.10045e-05,-9.69751e-06,-8.3015e-06,-6.76222e-06
-1.21599e-05,-1.23973e-05,-1.25917e-05,-1.28107e-05,-1.26392e-05,-1.24457e-05,-1.18073e-05,-1.08017e-05,-9.51832e-06,-8.14557e-06,-6.6356e-06
-1.19261e-05,-1.21714e-05,-1.2378e-05,-1.25851e-05,-1.24054e-05,-1.22257e-05,-1.16157e-05,-1.06086e-05,-9.33461e-06,-7.99336e-06,-6.51007e-06
-1.17098e-05,-1.19565e-05,-1.21503e-05,-1.23598e-05,-1.21736e-05,-1.20091e-05,-1.13935e-05,-1.04155e-05,-9.17163e-06,-7.84081e-06,-6.38625e-06
-1.14954e-05,-1.17408e-05,-1.19351e-05,-1.21421e-05,-1.19689e-05,-1.17981e-05,-1.11907e-05,-1.0228e-05,-8.99024e-06,-7.69979e-06,-6.26638e-06
-1.12863e-05,-1.15337e-05,-1.17237e-05,-1.19305e-05,-1.17596e-05,-1.16001e-05,-1.0977e-05,-1.00612e-05,-8.84124e-06,-7.56097e-06,-6.14992e-06
-1.1076e-05,-1.13265e-05,-1.1518e-05,-1.17196e-05,-1.15519e-05,-1.13879e-05,-1.07999e-05,-9.86674e-06,-8.69604e-06,-7.41683e-06,-6.03445e-06
-1.0881e-05,-1.113e-05,-1.13113e-05,-1.15145e-05,-1.13496e-05,-1.11891e-05,-1.06094e-05,-9.69049e-06,-8.51148e-06,-7.28033e-06,-5.92128e-06
-1.069e-05,-1.09333e-05,-1.11101e-05,-1.13139e-05,-1.11665e-05,-1.09962e-05,-1.04243e-05,-9.51928e-06,-8.37049e-06,-7.14768e-06,-5.8119e-06
-1.04401e-05,-1.07352e-05,-1.09188e-05,-1.11167e-05,-1.09588e-05,-1.08046e-05,-1.02438e-05,-9.34053e-06,-8.23548e-06,-7.01986e-06,-5.70421e-06
-1.02977e-05,-1.05521e-05,-1.07299e-05,-1.09254e-05,-1.07689e-05,-1.06257e-05,-1.00455e-05,-9.20128e-06,-8.0721e-06,-6.89398e-06,-5.5988e-06
-1.01079e-05,-1.03694e-05,-1.05404e-05,-1.07352e-05,-1.05827e-05,-1.0433e-05,-9.88787e-06,-9.02295e-06,-7.92516e-06,-6.76371e-06,-5.49418e-06
-9.94911e-06,-1.01881e-05,-1.03582e-05,-1.05498e-05,-1.03998e-05,-1.0253e-05,-9.71586e-06,-8.86318e-06,-7.77185e-06,-6.64043e-06,-5.3935e-06
-9.7516e-06,-1.00117e-05,-1.0175e-05,-1.03676e-05,-1.02197e-05,-1.00758e-05,-9.54861e-06,-8.70767e-06,-7.64461e-06,-6.51788e-06,-5.29266e-06
-9.5784e-06,-9.83661e-06,-1.00012e-05,-1.01896e-05,-1.00453e-05,-9.904e-06,-9.38273e-06,-8.5557e-06,-7.50876e-06,-6.4054e-06,-5.19625e-06
-9.40554e-06,-9.66936e-06,-9.83374e-06,-1.00168e-05,-9.88732e-06,-9.74272e-06,-9.20073e-06,-8.42209e-06,-7.37546e-06,-6.28895e-06,-5.10068e-06
-9.2464e-06,-9.49917e-06,-9.66028e-06,-9.84466e-06,-9.69294e-06,-9.56797e-06,-9.06053e-06,-8.26165e-06,-7.24554e-06,-6.17842e-06,-5.00928e-06
-9.07893e-06,-9.339e-06,-9.49049e-06,-9.67441e-06,-9.53885e-06,-9.40242e-06,-8.90477e-06,-8.11398e-06,-7.11392e-06,-6.06265e-06,-4.91557e-06
-8.91114e-06,-9.18369e-06,-9.32589e-06,-9.50685e-06,-9.37995e-06,-9.23485e-06,-8.75156e-06,-7.94602e-06,-7.00361e-06,-5.94922e-06,-4.82584e-06
-8.76605e-06,-9.02776e-06,-9.16931e-06,-9.34894e-06,-9.21894e-06,-9.08569e-06,-8.60335e-06,-7.83524e-06,-6.86757e-06,-5.85069e-06,-4.73936e-06
-8.60666e-06,-8.86865e-06,-9.01642e-06,-9.19021e-06,-9.06368e-06,-8.942e-06,-8.43521e-06,-7.71816e-06,-6.7457e-06,-5.74871e-06,-4.65366e-06
-8.45827e-06,-8.71759e-06,-8.85974e-06,-9.0334e-06,-8.89546e-06,-8.78025e-06,-8.31176e-06,-7.56739e-06,-6.60881e-06,-5.64104e-06,-4.56878e-06
-8.31879e-06,-8.58206e-06,-8.72258e-06,-8.88295e-06,-8.76167e-06,-8.63373e-06,-8.17166e-06,-7.43914e-06,-6.51276e-06,-5.54194e-06,-4.48803e-06
-8.13758e-06,-8.42561e-06,-8.56492e-06,-8.73328e-06,-8.63283e-06,-8.47795e-06,-8.03563e-06,-7.29312e-06,-6.43012e-06,-5.43391e-06,-4.40703e-06
-8.02306e-06,-8.28625e-06,-8.42817e-06,-8.58624e-06,-8.47272e-06,-8.34364e-06,-7.89509e-06,-7.1844e-06,-6.28719e-06,-5.34865e-06,-4.32722e-06
-7.89155e-06,-8.14641e-06,-8.27505e-06,-8.44162e-06,-8.33103e-06,-8.21396e-06,-7.76229e-06,-7.08101e-06,-6.18099e-06,-5.2588e-06,-4.25062e-06
-7.7443e-06,-8.01118e-06,-8.14186e-06,-8.29885e-06,-8.19188e-06,-8.06578e-06,-7.63075e-06,-6.94095e-06,-6.05588e-06,-5.1581e-06,-4.17292e-06
-7.61487e-06,-7.88191e-06,-8.00015e-06,-8.15988e-06,-8.05552e-06,-7.93074e-06,-7.52448e-06,-6.82422e-06,-5.96791e-06,-5.06953e-06,-4.09909e-06
-7.4841e-06,-7.74458e-06,-7.87017e-06,-8.02414e-06,-7.92388e-06,-7.78901e-06,-7.37677e-06,-6.68978e-06,-5.8584e-06,-4.98466e-06,-4.02509e-06
-7.35836e-06,-7.61275e-06,-7.73744e-06,-7.89033e-06,-7.79182e-06,-7.66827e-06,-7.25275e-06,-6.59259e-06,-5.76345e-06,-4.90624e-06,-3.95355e-06
-7.22285e-06,-7.48496e-06,-7.61069e-06,-7.75993e-06,-7.68027e-06,-7.55219e-06,-7.10901e-06,-6.50175e-06,-5.66485e-06,-4.82406e-06,-3.88452e-06
-7.09948e-06,-7.36858e-06,-7.48435e-06,-7.62878e-06,-7.53769e-06,-7.41656e-06,-7.01212e-06,-6.35879e-06,-5.55187e-06,-4.72244e-06,-3.81604e-06
-6.98565e-06,-7.24816e-06,-7.36217e-06,-7.50594e-06,-7.4143e-06,-7.2938e-06,-6.89425e-06,-6.26578e-06,-5.47274e-06,-4.64077e-06,-3.74918e-06
-6.87341e-06,-7.12785e-06,-7.24555e-06,-7.38223e-06,-7.29304e-06,-7.16225e-06,-6.78209e-06,-6.14058e-06,-5.39408e-06,-4.55087e-06,-3.68086e-06
-6.75121e-06,-7.00435e-06,-7.11997e-06,-7.2596e-06,-7.15606e-06,-7.05479e-06,-6.6686e-06,-6.05854e-06,-5.28836e-06,-4.4843e-06,-3.6164e-06
-6.64045e-06,-6.88952e-06,-6.99797e-06,-7.14035e-06,-7.05735e-06,-6.95125e-06,-6.53244e-06,-5.97793e-06,-5.20058e-06,-4.41411e-06,-3.55541e-06
-6.52727e-06,-6.77176e-06,-6.8894e-06,-7.02261e-06,-6.93974e-06,-6.82497e-06,-6.44868e-06,-5.85727e-06,-5.11129e-06,-4.32751e-06,-3.49182e-06
-6.42922e-06,-6.66244e-06,-6.77712e-06,-6.90793e-06,-6.82736e-06,-6.71312e-06,-6.34208e-06,-5.75898e-06,-5.02538e-06,-4.24918e-06,-3.42791e-06
-6.31462e-06,-6.55882e-06,-6.66852e-06,-6.79521e-06,-6.73491e-06,-6.59347e-06,-6.23874e-06,-5.64546e-06,-4.95649e-06,-4.17507e-06,-3.36956e-06
-6.199e-06,-6.4498e-06,-6.55854e-06,-6.68509e-06,-6.60724e-06,-6.49579e-06,-6.1354e-06,-5.5701e-06,-4.85969e-06,-4.10917e-06,-3.31127e-06
-6.07911e-06,-6.34572e-06,-6.45387e-06,-6.57393e-06,-6.50247e-06,-6.40271e-06,-6.01328e-06,-5.48382e-06,-4.79639e-06,-4.04395e-06,-3.25472e-06
-6.0033e-06,-6.24345e-06,-6.34723e-06,-6.46999e-06,-6.39723e-06,-6.28793e-06,-5.93703e-06,-5.38925e-06,-4.69649e-06,-3.97219e-06,-3.19828e-06
-5.89361e-06,-6.14346e-06,-6.24547e-06,-6.36545e-06,-6.29415e-06,-6.18488e-06,-5.84007e-06,-5.29999e-06,-4.61814e-06,-3.90556e-06,-3.14209e-06
-5.81359e-06,-6.04423e-06,-6.14857e-06,-6.26173e-06,-6.19335e-06,-6.07471e-06,-5.7454e-06,-5.19355e-06,-4.55665e-06,-3.8318e-06,-3.08613e-06
-5.70664e-06,-5.93663e-06,-6.04827e-06,-6.16118e-06,-6.09287e-06,-5.98637e-06,-5.65032e-06,-5.12684e-06,-4.4678e-06,-3.76784e-06,-3.03153e-06
-5.59438e-06,-5.84628e-06,-5.94559e-06,-6.06417e-06,-6.01447e-06,-5.90178e-06,-5.5357e-06,-5.06284e-06,-4.379e-06,-3.70908e-06,-2.98184e-06
-5.51572e-06,-5.75258e-06,-5.84994e-06,-5.96498e-06,-5.89937e-06,-5.79528e-06,-5.46881e-06,-4.96078e-06,-4.32108e-06,-3.64151e-06,-2.92914e-06
-5.41901e-06,-5.67414e-06,-5.75886e-06,-5.8699e-06,-5.8062e-06,-5.70176e-06,-5.38039e-06,-4.87929e-06,-4.24957e-06,-3.5789e-06,-2.88009e-06
-5.33392e-06,-5.57802e-06,-5.66754e-06,-5.77443e-06,-5.71379e-06,-5.61071e-06,-5.29388e-06,-4.80015e-06,-4.17912e-06,-3.52041e-06,-2.83015e-06
-5.25475e-06,-5.48706e-06,-5.57641e-06,-5.68277e-06,-5.62449e-06,-5.52092e-06,-5.20865e-06,-4.72123e-06,-4.11072e-06,-3.46136e-06,-2.78265e-06
-5.16348e-06,-5.41099e-06,-5.48795e-06,-5.59369e-06,-5.53601e-06,-5.44465e-06,-5.10162e-06,-4.66484e-06,-4.04557e-06,-3.40966e-06,-2.73613e-06
-5.08062e-06,-5.3207e-06,-5.39988e-06,-5.50269e-06,-5.44867e-06,-5.34579e-06,-5.04239e-06,-4.56994e-06,-3.97629e-06,-3.34611e-06,-2.6877e-06
-5.00182e-06,-5.24782e-06,-5.31148e-06,-5.41727e-06,-5.34707e-06,-5.26273e-06,-4.98493e-06,-4.49984e-06,-3.91563e-06,-3.297e-06,-2.64433e-06
-4.90141e-06,-5.15698e-06,-5.23559e-06,-5.32765e-06,-5.28192e-06,-5.17884e-06,-4.88341e-06,-4.40966e-06,-3.8481e-06,-3.23579e-06,-2.59832e-06
-4.83351e-06,-5.07251e-06,-5.15114e-06,-5.24497e-06,-5.19935e-06,-5.09522e-06,-4.80392e-06,-4.35204e-06,-3.78467e-06,-3.18115e-06,-2.5541e-06
-4.76752e-06,-4.99206e-06,-5.06744e-06,-5.16489e-06,-5.12097e-06,-5.02661e-06,-4.7044e-06,-4.30251e-06,-3.72447e-06,-3.13463e-06,-2.51068e-06
-4.67629e-06,-4.91333e-06,-4.98505e-06,-5.08354e-06,-5.04473e-06,-4.93677e-06,-4.6555e-06,-4.21423e-06,-3.66357e-06,-3.07367e-06,-2.46727e-06
-4.61467e-06,-4.84695e-06,-4.90749e-06,-5.00309e-06,-4.96636e-06,-4.85926e-06,-4.57981e-06,-4.14697e-06,-3.6047e-06,-3.02706e-06,-2.42591e-06
-4.53078e-06,-4.76035e-06,-4.83436e-06,-4.9241e-06,-4.88697e-06,-4.78231e-06,-4.50644e-06,-4.0803e-06,-3.54575e-06,-2.97529e-06,-2.38455e-06
-4.4601e-06,-4.68858e-06,-4.75861e-06,-4.84858e-06,-4.8128e-06,-4.70881e-06,-4.43593e-06,-4.01542e-06,-3.46934e-06,-2.92432e-06,-2.34308e-06
-4.38685e-06,-4.60658e-06,-4.68494e-06,-4.77334e-06,-4.7549e-06,-4.64612e-06,-4.34281e-06,-3.97171e-06,-3.4355e-06,-2.88499e-06,-2.30593e-06
-4.33061e-06,-4.53186e-06,-4.6129e-06,-4.69737e-06,-4.66104e-06,-4.56132e-06,-4.29617e-06,-3.88921e-06,-3.3777e-06,-2.83301e-06,-2.26801e-06
-4.23143e-06,-4.46508e-06,-4.54272e-06,-4.62069e-06,-4.58882e-06,-4.4906e-06,-4.22902e-06,-3.8122e-06,-3.32322e-06,-2.7856e-06,-2.22972e-06
-4.19168e-06,-4.39613e-06,-4.47849e-06,-4.55231e-06,-4.51798e-06,-4.42076e-06,-4.16295e-06,-3.76797e-06,-3.27122e-06,-2.74152e-06,-2.19291e-06
-4.11791e-06,-4.33067e-06,-4.41294e-06,-4.48085e-06,-4.44688e-06,-4.35157e-06,-4.0972e-06,-3.70818e-06,-3.21934e-06,-2.69564e-06,-2.15644e-06
-4.05513e-06,-4.26218e-06,-4.34224e-06,-4.41261e-06,-4.37886e-06,-4.29598e-06,-4.01118e-06,-3.67048e-06,-3.17025e-06,-2.67168e-06,-2.12174e-06
