2.19907e-06,2.13425e-06,2.054e-06,1.96717e-06,1.89088e-06,1.8078e-06,1.74353e-06,1.66029e-06,1.58841e-06,1.52164e-06,1.45507e-06
2.03219e-06,1.97652e-06,1.90342e-06,1.82404e-06,1.74878e-06,1.67717e-06,1.61206e-06,1.54298e-06,1.4712e-06,1.41045e-06,1.34845e-06
1.8916e-06,1.84249e-06,1.77558e-06,1.70203e-06,1.63654e-06,1.56684e-06,1.50552e-06,1.44237e-06,1.37177e-06,1.31262e-06,1.25319e-06
1.76153e-06,1.71583e-06,1.65505e-06,1.59174e-06,1.52589e-06,1.4646e-06,1.40162e-06,1.34347e-06,1.27894e-06,1.22139e-06,1.16516e-06
1.65404e-06,1.61193e-06,1.55561e-06,1.49803e-06,1.43592e-06,1.37795e-06,1.31639e-06,1.26191e-06,1.20148e-06,1.14487e-06,1.09196e-06
1.56016e-06,1.52159e-06,1.47009e-06,1.41608e-06,1.35656e-06,1.30162e-06,1.24412e-06,1.19002e-06,1.13493e-06,1.07906e-06,1.0291e-06
1.47609e-06,1.43766e-06,1.38891e-06,1.34056e-06,1.28386e-06,1.23157e-06,1.17351e-06,1.12327e-06,1.07048e-06,1.01694e-06,9.69017e-07
1.40079e-06,1.36341e-06,1.31802e-06,1.27285e-06,1.21889e-06,1.1685e-06,1.11244e-06,1.06413e-06,1.01391e-06,9.62695e-07,9.16719e-07
1.33201e-06,1.29609e-06,1.25336e-06,1.21125e-06,1.15965e-06,1.111e-06,1.05705e-06,1.01039e-06,9.62163e-07,9.13303e-07,8.69189e-07
1.27001e-06,1.23509e-06,1.19428e-06,1.15434e-06,1.10598e-06,1.05816e-06,1.00723e-06,9.61505e-07,9.14895e-07,8.68422e-07,8.26124e-07
1.21193e-06,1.17875e-06,1.13975e-06,1.10201e-06,1.05586e-06,1.00905e-06,9.60416e-07,9.1665e-07,8.71324e-07,8.26801e-07,7.85895e-07
1.15855e-06,1.12666e-06,1.08952e-06,1.05351e-06,1.01074e-06,9.64483e-07,9.17979e-07,8.75766e-07,8.31346e-07,7.88838e-07,7.49153e-07
1.1082e-06,1.07862e-06,1.04215e-06,1.00767e-06,9.66626e-07,9.21807e-07,8.78126e-07,8.36918e-07,7.94605e-07,7.5309e-07,7.1479e-07
1.06231e-06,1.03405e-06,9.98685e-07,9.65421e-07,9.26771e-07,8.83193e-07,8.4145e-07,8.01696e-07,7.60465e-07,7.20361e-07,6.8317e-07
1.01878e-06,9.91744e-07,9.5763e-07,9.25581e-07,8.88989e-07,8.46708e-07,8.07167e-07,7.68243e-07,7.28686e-07,6.89555e-07,6.53518e-07
9.79308e-07,9.52837e-07,9.20941e-07,8.88619e-07,8.54446e-07,8.13436e-07,7.75721e-07,7.37573e-07,6.9941e-07,6.61272e-07,6.26346e-07
9.40761e-07,9.15247e-07,8.84815e-07,8.55693e-07,8.22006e-07,7.82031e-07,7.46105e-07,7.08507e-07,6.7157e-07,6.35128e-07,6.00982e-07
9.04766e-07,8.80347e-07,8.51222e-07,8.21354e-07,7.89581e-07,7.52381e-07,7.16521e-07,6.80789e-07,6.45458e-07,6.09586e-07,5.76648e-07
8.72196e-07,8.48025e-07,8.20522e-07,7.91561e-07,7.60359e-07,7.2527e-07,6.90886e-07,6.55686e-07,6.21504e-07,5.86901e-07,5.54871e-07
8.40878e-07,8.1723e-07,7.91586e-07,7.62632e-07,7.33005e-07,6.99387e-07,6.65583e-07,6.31649e-07,5.98475e-07,5.65149e-07,5.34056e-07
8.11119e-07,7.87999e-07,7.63702e-07,7.35404e-07,7.05819e-07,6.74257e-07,6.41971e-07,6.08705e-07,5.76796e-07,5.44441e-07,5.14157e-07
7.83093e-07,7.61329e-07,7.37446e-07,7.0947e-07,6.81725e-07,6.51642e-07,6.18268e-07,5.87753e-07,5.55979e-07,5.24835e-07,4.95382e-07
7.56431e-07,7.34966e-07,7.11117e-07,6.84372e-07,6.57365e-07,6.27802e-07,5.97674e-07,5.66604e-07,5.37052e-07,5.0632e-07,4.77504e-07
7.31606e-07,7.11082e-07,6.89107e-07,6.61715e-07,6.35508e-07,6.07277e-07,5.77431e-07,5.47822e-07,5.19178e-07,4.8938e-07,4.61339e-07
7.0988e-07,6.88309e-07,6.66582e-07,6.40035e-07,6.14421e-07,5.86742e-07,5.58869e-07,5.30047e-07,5.02113e-07,4.73367e-07,4.45742e-07
6.85248e-07,6.65445e-07,6.44724e-07,6.19002e-07,5.9427e-07,5.68151e-07,5.40555e-07,5.1236e-07,4.85399e-07,4.57351e-07,4.30616e-07
6.64583e-07,6.45454e-07,6.24403e-07,6.00039e-07,5.76587e-07,5.51249e-07,5.24439e-07,4.97231e-07,4.70942e-07,4.43278e-07,4.17419e-07
6.4503e-07,6.26401e-07,6.06677e-07,5.82124e-07,5.59231e-07,5.34555e-07,5.08345e-07,4.81919e-07,4.56262e-07,4.29723e-07,4.04181e-07
6.25859e-07,6.07924e-07,5.88723e-07,5.65209e-07,5.42596e-07,5.18605e-07,4.94128e-07,4.67753e-07,4.42972e-07,4.16879e-07,3.91967e-07
6.08438e-07,5.91249e-07,5.73282e-07,5.49806e-07,5.27327e-07,5.04599e-07,4.80414e-07,4.5475e-07,4.30743e-07,4.05296e-07,3.8074e-07
5.91653e-07,5.74768e-07,5.56567e-07,5.34388e-07,5.13178e-07,4.90232e-07,4.67325e-07,4.42082e-07,4.18464e-07,3.93521e-07,3.69629e-07
5.75926e-07,5.59607e-07,5.41757e-07,5.20231e-07,4.99892e-07,4.77269e-07,4.54648e-07,4.30197e-07,4.07009e-07,3.82738e-07,3.59196e-07
5.61218e-07,5.45268e-07,5.27847e-07,5.07005e-07,4.87148e-07,4.65113e-07,4.43012e-07,4.19178e-07,3.96412e-07,3.72632e-07,3.49536e-07
5.47354e-07,5.31707e-07,5.14791e-07,4.94601e-07,4.75187e-07,4.53634e-07,4.32083e-07,4.08811e-07,3.86421e-07,3.63095e-07,3.40424e-07
5.34711e-07,5.19202e-07,5.02747e-07,4.82995e-07,4.64083e-07,4.43127e-07,4.21634e-07,3.99166e-07,3.76998e-07,3.54183e-07,3.31964e-07
5.21873e-07,5.06784e-07,4.90762e-07,4.71762e-07,4.53061e-07,4.32554e-07,4.11866e-07,3.89747e-07,3.67923e-07,3.45488e-07,3.2363e-07
5.0985e-07,4.95148e-07,4.79554e-07,4.61182e-07,4.42744e-07,4.22722e-07,4.02417e-07,3.80728e-07,3.5926e-07,3.37224e-07,3.15763e-07
4.98494e-07,4.84088e-07,4.68897e-07,4.51074e-07,4.32926e-07,4.13353e-07,3.93399e-07,3.72198e-07,3.50995e-07,3.2935e-07,3.08272e-07
4.8763e-07,4.73539e-07,4.58681e-07,4.41392e-07,4.23546e-07,4.04417e-07,3.84757e-07,3.63999e-07,3.43086e-07,3.21805e-07,3.01135e-07
4.77241e-07,4.63474e-07,4.48977e-07,4.32162e-07,4.14596e-07,3.95799e-07,3.76514e-07,3.56169e-07,3.35458e-07,3.14593e-07,2.94299e-07
4.6685e-07,4.53476e-07,4.39354e-07,4.22971e-07,4.05709e-07,3.87336e-07,3.68296e-07,3.48404e-07,3.27958e-07,3.07405e-07,2.87447e-07
4.56932e-07,4.43926e-07,4.3013e-07,4.14161e-07,3.97234e-07,3.79188e-07,3.60431e-07,3.40895e-07,3.20723e-07,3.00524e-07,2.80932e-07
4.47453e-07,4.34769e-07,4.2128e-07,4.05713e-07,3.89118e-07,3.71383e-07,3.52896e-07,3.33699e-07,3.13791e-07,2.9394e-07,2.7471e-07
4.37764e-07,4.25509e-07,4.12267e-07,3.97095e-07,3.80802e-07,3.63373e-07,3.45179e-07,3.26307e-07,3.06692e-07,2.87176e-07,2.68303e-07
4.28917e-07,4.17006e-07,4.04022e-07,3.89213e-07,3.73241e-07,3.56065e-07,3.38196e-07,3.1961e-07,3.00249e-07,2.81048e-07,2.62472e-07
4.19231e-07,4.07626e-07,3.94907e-07,3.80457e-07,3.64837e-07,3.4796e-07,3.30286e-07,3.12034e-07,2.93049e-07,2.74167e-07,2.56044e-07
4.10626e-07,3.99288e-07,3.86889e-07,3.72733e-07,3.57516e-07,3.40876e-07,3.23417e-07,3.05449e-07,2.8674e-07,2.6827e-07,2.50477e-07
4.00939e-07,3.90103e-07,3.77918e-07,3.64113e-07,3.49036e-07,3.32746e-07,3.15601e-07,2.97986e-07,2.79591e-07,2.61402e-07,2.44011e-07
3.91888e-07,3.81282e-07,3.69327e-07,3.55821e-07,3.41127e-07,3.25152e-07,3.08274e-07,2.90873e-07,2.72859e-07,2.54973e-07,2.38014e-07
3.82866e-07,3.72584e-07,3.60927e-07,3.4773e-07,3.33353e-07,3.17556e-07,3.00957e-07,2.83835e-07,2.6618e-07,2.48678e-07,2.32078e-07
3.73734e-07,3.63756e-07,3.52408e-07,3.39363e-07,3.25377e-07,3.0987e-07,2.93542e-07,2.76737e-07,2.59441e-07,2.42238e-07,2.26041e-07
3.64717e-07,3.55096e-07,3.43762e-07,3.31216e-07,3.17313e-07,3.02187e-07,2.86189e-07,2.69591e-07,2.5268e-07,2.35939e-07,2.20041e-07
3.5575e-07,3.46536e-07,3.35297e-07,3.23072e-07,3.09453e-07,2.94552e-07,2.78871e-07,2.6262e-07,2.46075e-07,2.29611e-07,2.1409e-07
3.46287e-07,3.374e-07,3.26738e-07,3.14562e-07,3.01192e-07,2.86623e-07,2.71161e-07,2.55364e-07,2.39085e-07,2.23049e-07,2.07919e-07
3.37041e-07,3.28295e-07,3.17807e-07,3.05925e-07,2.93018e-07,2.78664e-07,2.63553e-07,2.47996e-07,2.32196e-07,2.16546e-07,2.01808e-07
3.27791e-07,3.1943e-07,3.0919e-07,2.97431e-07,2.8483e-07,2.70849e-07,2.55938e-07,2.4078e-07,2.25346e-07,2.10093e-07,1.95779e-07
3.18475e-07,3.10376e-07,3.00307e-07,2.88912e-07,2.76575e-07,2.62796e-07,2.48333e-07,2.33434e-07,2.18479e-07,2.03535e-07,1.89545e-07
3.09046e-07,3.01142e-07,2.91377e-07,2.80178e-07,2.68162e-07,2.54691e-07,2.4052e-07,2.25997e-07,2.1139e-07,1.96906e-07,1.8334e-07
2.99606e-07,2.91986e-07,2.82469e-07,2.71517e-07,2.59778e-07,2.46588e-07,2.32799e-07,2.18584e-07,2.04415e-07,1.9033e-07,1.77163e-07
2.90521e-07,2.83291e-07,2.74001e-07,2.63287e-07,2.51642e-07,2.38713e-07,2.2521e-07,2.11469e-07,1.97685e-07,1.83809e-07,1.71046e-07
2.81277e-07,2.74246e-07,2.6484e-07,2.54742e-07,2.43201e-07,2.30638e-07,2.17655e-07,2.03992e-07,1.90747e-07,1.77419e-07,1.65001e-07
2.71624e-07,2.64725e-07,2.55894e-07,2.45635e-07,2.3478e-07,2.2247e-07,2.09739e-07,1.96596e-07,1.8368e-07,1.7078e-07,1.58789e-07
2.62318e-07,2.55677e-07,2.47062e-07,2.37028e-07,2.26437e-07,2.14466e-07,2.02103e-07,1.89316e-07,1.76811e-07,1.64315e-07,1.52713e-07
2.53142e-07,2.46744e-07,2.38333e-07,2.28513e-07,2.18178e-07,2.06566e-07,1.94521e-07,1.82104e-07,1.70048e-07,1.5796e-07,1.46802e-07
2.43908e-07,2.37719e-07,2.29524e-07,2.19942e-07,2.09909e-07,1.98551e-07,1.86924e-07,1.74878e-07,1.63204e-07,1.51487e-07,1.40655e-07
2.37991e-07,2.31616e-07,2.23985e-07,2.14465e-07,2.04809e-07,1.93777e-07,1.8226e-07,1.70637e-07,1.59164e-07,1.47914e-07,1.37349e-07
2.26383e-07,2.20407e-07,2.1233e-07,2.03266e-07,1.93867e-07,1.83046e-07,1.72038e-07,1.60769e-07,1.49997e-07,1.38832e-07,1.2878e-07
2.16827e-07,2.11209e-07,2.03696e-07,1.94757e-07,1.8553e-07,1.75097e-07,1.64578e-07,1.53652e-07,1.43183e-07,1.32618e-07,1.22913e-07
2.08233e-07,2.03288e-07,1.95207e-07,1.86896e-07,1.77406e-07,1.67731e-07,1.57566e-07,1.46966e-07,1.36793e-07,1.26636e-07,1.17235e-07
1.9953e-07,1.94276e-07,1.87087e-07,1.78575e-07,1.6992e-07,1.60089e-07,1.50293e-07,1.40129e-07,1.30423e-07,1.20608e-07,1.11616e-07
1.91204e-07,1.85959e-07,1.79064e-07,1.70671e-07,1.62489e-07,1.52877e-07,1.43267e-07,1.33638e-07,1.24355e-07,1.1485e-07,1.06198e-07
1.83394e-07,1.78614e-07,1.72307e-07,1.64031e-07,1.55564e-07,1.46048e-07,1.37106e-07,1.27428e-07,1.18481e-07,1.09341e-07,1.01001e-07
1.75093e-07,1.70539e-07,1.63946e-07,1.55868e-07,1.48075e-07,1.39202e-07,1.30347e-07,1.21491e-07,1.12647e-07,1.03876e-07,9.58734e-08
1.67583e-07,1.62867e-07,1.56369e-07,1.48738e-07,1.41096e-07,1.32472e-07,1.24046e-07,1.15334e-07,1.07041e-07,9.86047e-08,9.09201e-08
1.60209e-07,1.55609e-07,1.49261e-07,1.41842e-07,1.34434e-07,1.26098e-07,1.17995e-07,1.09626e-07,1.01658e-07,9.35354e-08,8.61512e-08
1.52917e-07,1.4873e-07,1.42987e-07,1.3523e-07,1.28369e-07,1.20093e-07,1.123e-07,1.04342e-07,9.65457e-08,8.87194e-08,8.16124e-08
1.46278e-07,1.41873e-07,1.35817e-07,1.288e-07,1.2185e-07,1.14074e-07,1.06581e-07,9.8872e-08,9.15144e-08,8.39919e-08,7.71702e-08
1.39802e-07,1.35467e-07,1.29558e-07,1.22732e-07,1.16009e-07,1.08503e-07,1.01297e-07,9.39023e-08,8.68245e-08,7.95884e-08,7.30287e-08
1.33702e-07,1.29422e-07,1.23653e-07,1.17016e-07,1.10511e-07,1.03275e-07,9.63407e-08,8.92498e-08,8.24347e-08,7.54735e-08,6.91609e-08
1.27991e-07,1.23749e-07,1.18112e-07,1.11667e-07,1.05372e-07,9.84011e-08,9.17279e-08,8.49267e-08,7.83579e-08,7.16601e-08,6.55778e-08
1.22732e-07,1.18496e-07,1.12991e-07,1.06735e-07,1.00658e-07,9.39218e-08,8.74885e-08,8.09765e-08,7.46385e-08,6.81884e-08,6.23129e-08
1.17827e-07,1.13758e-07,1.08267e-07,1.02222e-07,9.62264e-08,8.98526e-08,8.36443e-08,7.73461e-08,7.12105e-08,6.50124e-08,5.93344e-08
1.13321e-07,1.09137e-07,1.03857e-07,9.79843e-08,9.22632e-08,8.60391e-08,8.00789e-08,7.40488e-08,6.81294e-08,6.21363e-08,5.66491e-08
1.09365e-07,1.05092e-07,9.99535e-08,9.42288e-08,8.8704e-08,8.27871e-08,7.69255e-08,7.1204e-08,6.53973e-08,5.9603e-08,5.42814e-08
1.05522e-07,1.01347e-07,9.63233e-08,9.07922e-08,8.53903e-08,7.95957e-08,7.40379e-08,6.8455e-08,6.28971e-08,5.72943e-08,5.21266e-08
1.02086e-07,9.79403e-08,9.29671e-08,8.76111e-08,8.23732e-08,7.68079e-08,7.14383e-08,6.60328e-08,6.0635e-08,5.52152e-08,5.01988e-08
9.88067e-08,9.47103e-08,8.98345e-08,8.46536e-08,7.95523e-08,7.41934e-08,6.8994e-08,6.37768e-08,5.85475e-08,5.32912e-08,4.84093e-08
9.58471e-08,9.17912e-08,8.70098e-08,8.19789e-08,7.70099e-08,7.18386e-08,6.67982e-08,6.17473e-08,5.66644e-08,5.15582e-08,4.68084e-08
9.31445e-08,8.91179e-08,8.44363e-08,7.95419e-08,7.47095e-08,6.96941e-08,6.47927e-08,5.99099e-08,5.49642e-08,4.99991e-08,4.536e-08
9.05665e-08,8.66061e-08,8.20152e-08,7.72535e-08,7.25248e-08,6.7689e-08,6.29318e-08,5.81787e-08,5.336e-08,4.85253e-08,4.40086e-08
8.81938e-08,8.4285e-08,7.97891e-08,7.51508e-08,7.05347e-08,6.58508e-08,6.12186e-08,5.65982e-08,5.18982e-08,4.71902e-08,4.27723e-08
8.60162e-08,8.21006e-08,7.77548e-08,7.32387e-08,6.87217e-08,6.41914e-08,5.96748e-08,5.51594e-08,5.05722e-08,4.59796e-08,4.1665e-08
8.39808e-08,8.01575e-08,7.5858e-08,7.14376e-08,6.70513e-08,6.26249e-08,5.8208e-08,5.38294e-08,4.93528e-08,4.48681e-08,4.06447e-08
8.20774e-08,7.83656e-08,7.41185e-08,6.98156e-08,6.54807e-08,6.12236e-08,5.6907e-08,5.26093e-08,4.82265e-08,4.38543e-08,3.97215e-08
8.0306e-08,7.65986e-08,7.24752e-08,6.82744e-08,6.40662e-08,5.98871e-08,5.56711e-08,5.148e-08,4.71959e-08,4.2915e-08,3.88694e-08
7.86141e-08,7.49684e-08,7.09308e-08,6.68299e-08,6.27036e-08,5.8627e-08,5.45006e-08,5.03972e-08,4.62025e-08,4.2011e-08,3.80468e-08
7.69746e-08,7.33966e-08,6.94387e-08,6.54321e-08,6.13871e-08,5.74037e-08,5.33638e-08,4.93411e-08,4.52367e-08,4.11254e-08,3.72433e-08
7.53876e-08,7.18819e-08,6.79954e-08,6.40831e-08,6.01116e-08,5.62159e-08,5.22587e-08,4.83147e-08,4.42945e-08,4.02639e-08,3.6459e-08
7.38519e-08,7.04087e-08,6.66084e-08,6.27693e-08,5.88825e-08,5.50651e-08,5.11882e-08,4.73128e-08,4.33769e-08,3.94248e-08,3.5695e-08
7.23661e-08,6.89855e-08,6.52749e-08,6.15031e-08,5.7698e-08,5.39556e-08,5.01505e-08,4.63422e-08,4.2485e-08,3.86092e-08,3.49503e-08
7.09118e-08,6.7598e-08,6.39668e-08,6.02659e-08,5.65369e-08,5.28685e-08,4.91275e-08,4.53918e-08,4.16073e-08,3.78061e-08,3.42173e-08
6.95009e-08,6.62553e-08,6.26997e-08,5.9068e-08,5.54127e-08,5.1811e-08,4.81351e-08,4.44643e-08,4.07525e-08,3.70219e-08,3.35051e-08
6.81322e-08,6.49494e-08,6.14745e-08,5.79038e-08,5.43201e-08,5.07861e-08,4.71744e-08,4.35619e-08,3.99201e-08,3.6261e-08,3.28072e-08
6.67856e-08,6.36666e-08,6.02585e-08,5.67641e-08,5.32346e-08,4.97723e-08,4.62194e-08,4.26735e-08,3.91015e-08,3.55051e-08,3.21245e-08
6.54691e-08,6.24092e-08,5.90713e-08,5.56492e-08,5.21865e-08,4.87744e-08,4.52864e-08,4.18e-08,3.82925e-08,3.47659e-08,3.14505e-08
6.41891e-08,6.11911e-08,5.79194e-08,5.45507e-08,5.11654e-08,4.78149e-08,4.43784e-08,4.09499e-08,3.75074e-08,3.40463e-08,3.07958e-08
6.29809e-08,6.00326e-08,5.68219e-08,5.35186e-08,5.01804e-08,4.68849e-08,4.35242e-08,4.01598e-08,3.6782e-08,3.33814e-08,3.01906e-08
6.17581e-08,5.88659e-08,5.57195e-08,5.24779e-08,4.92027e-08,4.59594e-08,4.26557e-08,3.93491e-08,3.60305e-08,3.26944e-08,2.95642e-08
6.0549e-08,5.7714e-08,5.46484e-08,5.14506e-08,4.82414e-08,4.50537e-08,4.17995e-08,3.85471e-08,3.52923e-08,3.20142e-08,2.89465e-08
5.93004e-08,5.65338e-08,5.35276e-08,5.04069e-08,4.72542e-08,4.41181e-08,4.09082e-08,3.77041e-08,3.45042e-08,3.12954e-08,2.82915e-08
5.81272e-08,5.54138e-08,5.24672e-08,4.93948e-08,4.63121e-08,4.32342e-08,4.00694e-08,3.69207e-08,3.37793e-08,3.06296e-08,2.76873e-08
5.70006e-08,5.43353e-08,5.14583e-08,4.84313e-08,4.54062e-08,4.23757e-08,3.92643e-08,3.61551e-08,3.30714e-08,2.99842e-08,2.71022e-08
5.58485e-08,5.32442e-08,5.0423e-08,4.7467e-08,4.44865e-08,4.15049e-08,3.84473e-08,3.54034e-08,3.23751e-08,2.93436e-08,2.65171e-08
5.47436e-08,5.21907e-08,4.94313e-08,4.65362e-08,4.36107e-08,4.06685e-08,3.76658e-08,3.4666e-08,3.1692e-08,2.87191e-08,2.59477e-08
5.36387e-08,5.11364e-08,4.84387e-08,4.55951e-08,4.27208e-08,3.983e-08,3.68794e-08,3.39319e-08,3.10156e-08,2.8097e-08,2.53818e-08
5.25533e-08,5.01077e-08,4.74557e-08,4.46545e-08,4.18377e-08,3.90041e-08,3.60961e-08,3.32099e-08,3.03436e-08,2.74849e-08,2.48238e-08
5.15132e-08,4.91107e-08,4.65209e-08,4.37477e-08,4.10008e-08,3.82116e-08,3.53507e-08,3.24989e-08,2.96877e-08,2.68876e-08,2.42829e-08
5.04436e-08,4.80951e-08,4.55528e-08,4.28833e-08,4.01431e-08,3.73885e-08,3.45915e-08,3.18057e-08,2.90432e-08,2.62943e-08,2.37391e-08
4.94004e-08,4.70991e-08,4.46087e-08,4.19691e-08,3.92938e-08,3.66051e-08,3.38461e-08,3.11116e-08,2.84026e-08,2.57085e-08,2.32054e-08
4.83913e-08,4.61381e-08,4.36971e-08,4.11072e-08,3.84849e-08,3.58406e-08,3.31255e-08,3.044e-08,2.77797e-08,2.51401e-08,2.26863e-08
4.73817e-08,4.51788e-08,4.27891e-08,4.02462e-08,3.76678e-08,3.50741e-08,3.2411e-08,2.97716e-08,2.71665e-08,2.45743e-08,2.2174e-08
4.64425e-08,4.42901e-08,4.19709e-08,3.94528e-08,3.69282e-08,3.4381e-08,3.17228e-08,2.91319e-08,2.65605e-08,2.40244e-08,2.16714e-08
4.54237e-08,4.33282e-08,4.10226e-08,3.86247e-08,3.60858e-08,3.3582e-08,3.10019e-08,2.84832e-08,2.59574e-08,2.34696e-08,2.11633e-08
4.44606e-08,4.23989e-08,4.01379e-08,3.77446e-08,3.53004e-08,3.28446e-08,3.03208e-08,2.78279e-08,2.53654e-08,2.29284e-08,2.06703e-08
4.35115e-08,4.14947e-08,3.92853e-08,3.69345e-08,3.45222e-08,3.21185e-08,2.96454e-08,2.71999e-08,2.4785e-08,2.23961e-08,2.01843e-08
4.25851e-08,4.05914e-08,3.84332e-08,3.61276e-08,3.37846e-08,3.14152e-08,2.89771e-08,2.65816e-08,2.42138e-08,2.18741e-08,1.97064e-08
4.16539e-08,3.97035e-08,3.75952e-08,3.53273e-08,3.30222e-08,3.07079e-08,2.83215e-08,2.59704e-08,2.36536e-08,2.13578e-08,1.92366e-08
4.07548e-08,3.88387e-08,3.68015e-08,3.45491e-08,3.23131e-08,3.00342e-08,2.76782e-08,2.53752e-08,2.3097e-08,2.08499e-08,1.87708e-08
3.98514e-08,3.79765e-08,3.59522e-08,3.37726e-08,3.15555e-08,2.93317e-08,2.7033e-08,2.47751e-08,2.25454e-08,2.03449e-08,1.83103e-08
3.8976e-08,3.71389e-08,3.5156e-08,3.30212e-08,3.08434e-08,2.86676e-08,2.64084e-08,2.41948e-08,2.20093e-08,1.9853e-08,1.78585e-08
3.81077e-08,3.63014e-08,3.43676e-08,3.22909e-08,3.01294e-08,2.80046e-08,2.57921e-08,2.362e-08,2.14768e-08,1.93641e-08,1.74131e-08
3.72382e-08,3.54757e-08,3.35757e-08,3.15236e-08,2.94341e-08,2.73463e-08,2.51746e-08,2.30472e-08,2.09488e-08,1.88807e-08,1.69698e-08
3.63941e-08,3.4667e-08,3.28062e-08,3.07934e-08,2.87488e-08,2.67001e-08,2.45743e-08,2.24908e-08,2.04335e-08,1.84079e-08,1.65384e-08
3.57083e-08,3.39874e-08,3.21332e-08,3.01657e-08,2.81404e-08,2.61402e-08,2.40902e-08,2.20669e-08,2.00622e-08,1.80687e-08,1.62261e-08
3.47283e-08,3.30714e-08,3.12885e-08,2.93563e-08,2.73934e-08,2.54348e-08,2.33936e-08,2.13941e-08,1.94203e-08,1.74784e-08,1.56878e-08
3.39229e-08,3.22994e-08,3.05538e-08,2.86623e-08,2.67392e-08,2.48233e-08,2.28222e-08,2.08651e-08,1.89299e-08,1.70284e-08,1.52743e-08
3.31292e-08,3.15334e-08,2.9814e-08,2.79405e-08,2.60877e-08,2.4232e-08,2.22537e-08,2.03388e-08,1.84431e-08,1.65837e-08,1.48661e-08
3.23375e-08,3.07791e-08,2.91056e-08,2.72946e-08,2.54481e-08,2.36229e-08,2.17009e-08,1.98261e-08,1.79709e-08,1.61473e-08,1.44671e-08
3.15739e-08,3.00463e-08,2.84023e-08,2.66297e-08,2.48334e-08,2.30355e-08,2.11596e-08,1.93236e-08,1.75057e-08,1.57202e-08,1.40774e-08
3.0813e-08,2.93116e-08,2.77155e-08,2.59703e-08,2.42046e-08,2.24775e-08,2.06271e-08,1.88297e-08,1.70524e-08,1.53024e-08,1.3693e-08
3.00717e-08,2.86049e-08,2.70417e-08,2.53332e-08,2.35977e-08,2.18969e-08,2.01036e-08,1.83468e-08,1.66035e-08,1.4892e-08,1.33174e-08
2.93452e-08,2.79061e-08,2.63655e-08,2.47024e-08,2.30142e-08,2.13523e-08,1.95918e-08,1.7873e-08,1.61666e-08,1.44907e-08,1.29509e-08
2.86292e-08,2.72171e-08,2.57078e-08,2.40789e-08,2.24287e-08,2.08049e-08,1.90874e-08,1.74073e-08,1.57358e-08,1.4096e-08,1.25907e-08
2.79357e-08,2.6552e-08,2.50726e-08,2.34776e-08,2.18659e-08,2.02849e-08,1.86013e-08,1.69576e-08,1.53201e-08,1.3714e-08,1.224e-08
2.72569e-08,2.58983e-08,2.44485e-08,2.28843e-08,2.13143e-08,1.97643e-08,1.81245e-08,1.65165e-08,1.49137e-08,1.33418e-08,1.18985e-08
2.65941e-08,2.52619e-08,2.38409e-08,2.23111e-08,2.07684e-08,1.92641e-08,1.76606e-08,1.60864e-08,1.45164e-08,1.29769e-08,1.15675e-08
2.59429e-08,2.46369e-08,2.32428e-08,2.17443e-08,2.02382e-08,1.87715e-08,1.72036e-08,1.5667e-08,1.41293e-08,1.2619e-08,1.12374e-08
2.52924e-08,2.4011e-08,2.26467e-08,2.11823e-08,1.97142e-08,1.82801e-08,1.67503e-08,1.5246e-08,1.37398e-08,1.2265e-08,1.09131e-08
2.46659e-08,2.34059e-08,2.20781e-08,2.06379e-08,1.92017e-08,1.78202e-08,1.63151e-08,1.48428e-08,1.33673e-08,1.19228e-08,1.06009e-08
2.40488e-08,2.28171e-08,2.15072e-08,2.01059e-08,1.87063e-08,1.73441e-08,1.58835e-08,1.44454e-08,1.29998e-08,1.15857e-08,1.02932e-08
2.34509e-08,2.22428e-08,2.09592e-08,1.95882e-08,1.82255e-08,1.68943e-08,1.54678e-08,1.40608e-08,1.26451e-08,1.12604e-08,9.99558e-09
2.28694e-08,2.16851e-08,2.04264e-08,1.90856e-08,1.77507e-08,1.64571e-08,1.5064e-08,1.36882e-08,1.23006e-08,1.09444e-08,9.70714e-09
2.23028e-08,2.11403e-08,1.99055e-08,1.85924e-08,1.72903e-08,1.60303e-08,1.46697e-08,1.33254e-08,1.19654e-08,1.06375e-08,9.42695e-09
2.17512e-08,2.06091e-08,1.93991e-08,1.81146e-08,1.68386e-08,1.56156e-08,1.42881e-08,1.29716e-08,1.16434e-08,1.034e-08,9.1551e-09
2.12117e-08,2.00908e-08,1.89031e-08,1.76458e-08,1.64056e-08,1.52095e-08,1.39158e-08,1.26289e-08,1.13251e-08,1.00505e-08,8.89282e-09
2.06889e-08,1.95876e-08,1.84228e-08,1.71925e-08,1.5982e-08,1.48166e-08,1.35552e-08,1.22963e-08,1.1019e-08,9.77231e-09,8.63746e-09
2.01946e-08,1.91119e-08,1.79676e-08,1.67602e-08,1.55846e-08,1.44448e-08,1.32136e-08,1.19827e-08,1.073e-08,9.50888e-09,8.39871e-09
1.97059e-08,1.86411e-08,1.75183e-08,1.63388e-08,1.51855e-08,1.40795e-08,1.28786e-08,1.16734e-08,1.04459e-08,9.25203e-09,8.16325e-09
1.923e-08,1.81851e-08,1.70816e-08,1.59248e-08,1.48001e-08,1.37223e-08,1.25521e-08,1.13745e-08,1.01742e-08,9.00217e-09,7.93724e-09
1.87836e-08,1.77558e-08,1.66698e-08,1.55382e-08,1.44372e-08,1.33867e-08,1.22448e-08,1.10934e-08,9.91774e-09,8.76821e-09,7.72542e-09
1.83535e-08,1.73418e-08,1.62737e-08,1.51614e-08,1.40878e-08,1.30643e-08,1.19507e-08,1.08237e-08,9.67111e-09,8.5454e-09,7.52345e-09
1.79313e-08,1.69366e-08,1.58852e-08,1.47953e-08,1.37436e-08,1.27487e-08,1.16645e-08,1.05617e-08,9.43139e-09,8.32795e-09,7.32699e-09
1.75255e-08,1.65468e-08,1.55121e-08,1.44427e-08,1.34199e-08,1.24453e-08,1.13878e-08,1.03083e-08,9.20112e-09,8.12037e-09,7.13983e-09
1.71464e-08,1.61824e-08,1.51621e-08,1.41135e-08,1.31128e-08,1.21597e-08,1.11298e-08,1.00728e-08,8.98766e-09,7.92695e-09,6.9653e-09
1.67722e-08,1.58249e-08,1.48201e-08,1.37887e-08,1.28121e-08,1.18822e-08,1.08766e-08,9.84201e-09,8.7776e-09,7.73832e-09,6.79653e-09
1.64131e-08,1.54805e-08,1.44905e-08,1.34789e-08,1.25232e-08,1.16147e-08,1.06337e-08,9.62062e-09,8.57713e-09,7.55788e-09,6.63459e-09
1.60792e-08,1.51598e-08,1.41837e-08,1.31907e-08,1.2255e-08,1.13664e-08,1.04079e-08,9.41519e-09,8.39136e-09,7.39088e-09,6.48397e-09
1.57449e-08,1.48418e-08,1.38795e-08,1.29027e-08,1.19871e-08,1.11183e-08,1.01831e-08,9.21033e-09,8.20608e-09,7.22518e-09,6.33695e-09
1.54289e-08,1.454e-08,1.35914e-08,1.26313e-08,1.17347e-08,1.08843e-08,9.9706e-09,9.01682e-09,8.03139e-09,7.06882e-09,6.19738e-09
1.51282e-08,1.42528e-08,1.33176e-08,1.23725e-08,1.14952e-08,1.06616e-08,9.76868e-09,8.83261e-09,7.86481e-09,6.92036e-09,6.06513e-09
1.48352e-08,1.39743e-08,1.30518e-08,1.21234e-08,1.12628e-08,1.04458e-08,9.57312e-09,8.65448e-09,7.70459e-09,6.77651e-09,5.93771e-09
1.45504e-08,1.37019e-08,1.27933e-08,1.18814e-08,1.10377e-08,1.02361e-08,9.38183e-09,8.48033e-09,7.54768e-09,6.63701e-09,5.813e-09
1.42711e-08,1.3438e-08,1.25423e-08,1.16448e-08,1.08177e-08,1.00323e-08,9.19536e-09,8.31099e-09,7.39519e-09,6.50123e-09,5.6928e-09
1.40033e-08,1.31838e-08,1.23015e-08,1.14179e-08,1.0607e-08,9.836e-09,9.01609e-09,8.14815e-09,7.24891e-09,6.37102e-09,5.57718e-09
1.37446e-08,1.29386e-08,1.20692e-08,1.11999e-08,1.04046e-08,9.64734e-09,8.84378e-09,7.99135e-09,7.10741e-09,6.2458e-09,5.46624e-09
1.34979e-08,1.27045e-08,1.18476e-08,1.09931e-08,1.02111e-08,9.4677e-09,8.67842e-09,7.84142e-09,6.97349e-09,6.12657e-09,5.35995e-09
1.3254e-08,1.24735e-08,1.16291e-08,1.07885e-08,1.0021e-08,9.28982e-09,8.51776e-09,7.69516e-09,6.84151e-09,6.00911e-09,5.25837e-09
1.30165e-08,1.22487e-08,1.14171e-08,1.05895e-08,9.83561e-09,9.11741e-09,8.35899e-09,7.55067e-09,6.71221e-09,5.89559e-09,5.15664e-09
1.27882e-08,1.20327e-08,1.12133e-08,1.03983e-08,9.65722e-09,8.95106e-09,8.20684e-09,7.41299e-09,6.58858e-09,5.78641e-09,5.06024e-09
1.25659e-08,1.18225e-08,1.10151e-08,1.02121e-08,9.48441e-09,8.78843e-09,8.05939e-09,7.27889e-09,6.46861e-09,5.68066e-09,4.96723e-09
1.23489e-08,1.16173e-08,1.08222e-08,1.00318e-08,9.31579e-09,8.63313e-09,7.91571e-09,7.14829e-09,6.3524e-09,5.57851e-09,4.8774e-09
1.2142e-08,1.14219e-08,1.06373e-08,9.8594e-09,9.15509e-09,8.48298e-09,7.7785e-09,7.0247e-09,6.24162e-09,5.48048e-09,4.79211e-09
1.19394e-08,1.12313e-08,1.04583e-08,9.69073e-09,8.99765e-09,8.33637e-09,7.64452e-09,6.90326e-09,6.13413e-09,5.38663e-09,4.70942e-09
1.17434e-08,1.10464e-08,1.02843e-08,9.52717e-09,8.84547e-09,8.19422e-09,7.51494e-09,6.78614e-09,6.02983e-09,5.29509e-09,4.6296e-09
1.15543e-08,1.08677e-08,1.01156e-08,9.36988e-09,8.69943e-09,8.05747e-09,7.38981e-09,6.67327e-09,5.92857e-09,5.20645e-09,4.55165e-09
1.13671e-08,1.06912e-08,9.95026e-09,9.21567e-09,8.55448e-09,7.92297e-09,7.26633e-09,6.56078e-09,5.82882e-09,5.11904e-09,4.47542e-09
1.11806e-08,1.05161e-08,9.78634e-09,9.06255e-09,8.4118e-09,7.78899e-09,7.14287e-09,6.44929e-09,5.72953e-09,5.03158e-09,4.39838e-09
1.10006e-08,1.03466e-08,9.62782e-09,8.91471e-09,8.27352e-09,7.65854e-09,7.02375e-09,6.34114e-09,5.63316e-09,4.94678e-09,4.32409e-09
1.08227e-08,1.01804e-08,9.47273e-09,8.76928e-09,8.13775e-09,7.5329e-09,6.9067e-09,6.23472e-09,5.53865e-09,4.86357e-09,4.25113e-09
1.06501e-08,1.00182e-08,9.3213e-09,8.62742e-09,8.00576e-09,7.40891e-09,6.79253e-09,6.13112e-09,5.44595e-09,4.78224e-09,4.17964e-09
1.04774e-08,9.85593e-09,9.16892e-09,8.48597e-09,7.87304e-09,7.28503e-09,6.6777e-09,6.02687e-09,5.35278e-09,4.70005e-09,4.10796e-09
1.031e-08,9.69838e-09,9.02181e-09,8.34909e-09,7.74902e-09,7.16535e-09,6.56728e-09,5.92639e-09,5.26274e-09,4.62111e-09,4.03801e-09
1.01415e-08,9.54061e-09,8.87438e-09,8.21108e-09,7.61606e-09,7.0446e-09,6.4557e-09,5.82518e-09,5.17215e-09,4.54112e-09,3.96814e-09
9.97962e-09,9.38858e-09,8.73241e-09,8.07798e-09,7.49159e-09,6.92837e-09,6.34837e-09,5.72771e-09,5.08507e-09,4.46427e-09,3.90078e-09
9.81795e-09,9.23653e-09,8.59056e-09,7.94614e-09,7.36792e-09,6.81274e-09,6.24129e-09,5.63035e-09,4.99783e-09,4.38743e-09,3.83315e-09
9.6617e-09,9.08914e-09,8.45285e-09,7.81768e-09,7.2475e-09,6.69931e-09,6.13738e-09,5.53623e-09,4.91345e-09,4.31295e-09,3.76712e-09
9.50466e-09,8.94212e-09,8.31572e-09,7.68925e-09,7.12747e-09,6.58817e-09,6.03361e-09,5.44167e-09,4.82888e-09,4.23825e-09,3.7019e-09
9.35088e-09,8.79734e-09,8.18056e-09,7.56347e-09,7.01238e-09,6.47798e-09,5.93158e-09,5.34892e-09,4.74591e-09,4.16513e-09,3.63729e-09
9.20071e-09,8.65646e-09,8.04932e-09,7.44041e-09,6.89455e-09,6.3705e-09,5.83209e-09,5.25858e-09,4.66501e-09,4.09389e-09,3.57425e-09
9.04914e-09,8.51355e-09,7.91563e-09,7.31591e-09,6.77807e-09,6.26183e-09,5.73162e-09,5.16718e-09,4.58323e-09,4.02135e-09,3.51037e-09
8.90189e-09,8.37499e-09,7.78629e-09,7.19511e-09,6.66507e-09,6.1563e-09,5.63402e-09,5.07846e-09,4.50374e-09,3.95108e-09,3.44834e-09
8.75735e-09,8.23897e-09,7.65922e-09,7.07664e-09,6.55424e-09,6.05289e-09,5.53835e-09,4.99139e-09,4.42578e-09,3.88212e-09,3.38771e-09
8.61318e-09,8.10326e-09,7.53245e-09,6.95804e-09,6.4434e-09,5.9495e-09,5.44268e-09,4.90449e-09,4.34788e-09,3.81317e-09,3.32656e-09
8.47372e-09,7.97195e-09,7.4097e-09,6.84368e-09,6.33643e-09,5.84867e-09,5.35013e-09,4.82034e-09,4.27244e-09,3.74619e-09,3.2673e-09
8.33187e-09,7.8385e-09,7.28498e-09,6.72704e-09,6.22748e-09,5.74807e-09,5.25637e-09,4.73505e-09,4.19597e-09,3.67861e-09,3.20763e-09
8.19476e-09,7.70921e-09,7.16409e-09,6.61426e-09,6.12221e-09,5.65006e-09,5.16568e-09,4.65261e-09,4.12195e-09,3.61282e-09,3.14975e-09
8.05807e-09,7.58058e-09,7.04388e-09,6.5019e-09,6.01718e-09,5.55212e-09,5.07521e-09,4.57024e-09,4.04819e-09,3.54766e-09,3.09173e-09
7.92375e-09,7.454e-09,6.92525e-09,6.3911e-09,5.91376e-09,5.4558e-09,4.9863e-09,4.48942e-09,3.97569e-09,3.48325e-09,3.03449e-09
7.79222e-09,7.3299e-09,6.80916e-09,6.28295e-09,5.81273e-09,5.36155e-09,4.89923e-09,4.41009e-09,3.90458e-09,3.42016e-09,2.97924e-09
7.66126e-09,7.2063e-09,6.69342e-09,6.17444e-09,5.71155e-09,5.2678e-09,4.81265e-09,4.33157e-09,3.83404e-09,3.35755e-09,2.92342e-09
7.53197e-09,7.08422e-09,6.57916e-09,6.06781e-09,5.612e-09,5.17512e-09,4.72725e-09,4.25381e-09,3.76436e-09,3.29555e-09,2.86873e-09
7.40598e-09,6.96516e-09,6.46768e-09,5.96355e-09,5.51482e-09,5.08418e-09,4.64394e-09,4.17805e-09,3.69628e-09,3.23505e-09,2.81497e-09
7.27991e-09,6.84616e-09,6.35599e-09,5.85909e-09,5.41748e-09,4.99439e-09,4.56073e-09,4.10237e-09,3.62845e-09,3.17485e-09,2.76172e-09
7.15714e-09,6.73033e-09,6.24725e-09,5.75791e-09,5.32313e-09,4.9064e-09,4.4796e-09,4.02853e-09,3.56212e-09,3.11583e-09,2.70943e-09
7.03578e-09,6.6156e-09,6.13968e-09,5.6569e-09,5.22898e-09,4.81945e-09,4.39957e-09,3.9559e-09,3.49692e-09,3.05798e-09,2.65816e-09
6.91581e-09,6.50204e-09,6.03314e-09,5.55751e-09,5.1362e-09,4.73345e-09,4.32042e-09,3.88385e-09,3.43224e-09,3.00044e-09,2.60718e-09
6.79771e-09,6.38956e-09,5.92705e-09,5.45724e-09,5.043e-09,4.64797e-09,4.24255e-09,3.81333e-09,3.36908e-09,2.94427e-09,2.5575e-09
6.68235e-09,6.28119e-09,5.82581e-09,5.36366e-09,4.95571e-09,4.56624e-09,4.1665e-09,3.74391e-09,3.30652e-09,2.88859e-09,2.50876e-09
6.56778e-09,6.17221e-09,5.72274e-09,5.2667e-09,4.86544e-09,4.48309e-09,4.09088e-09,3.67546e-09,3.24521e-09,2.83406e-09,2.45964e-09
6.45586e-09,6.067e-09,5.62443e-09,5.17551e-09,4.7803e-09,4.40393e-09,4.01729e-09,3.60829e-09,3.1848e-09,2.7803e-09,2.412e-09
6.34459e-09,5.96073e-09,5.52416e-09,5.0804e-09,4.69211e-09,4.32315e-09,3.94405e-09,3.54205e-09,3.12537e-09,2.72741e-09,2.36532e-09
6.23638e-09,5.85911e-09,5.42904e-09,4.99261e-09,4.61029e-09,4.24654e-09,3.87272e-09,3.47688e-09,3.06667e-09,2.67506e-09,2.3189e-09
6.12938e-09,5.75772e-09,5.33365e-09,4.90349e-09,4.52719e-09,4.16997e-09,3.80231e-09,3.41292e-09,3.0092e-09,2.62386e-09,2.27358e-09
6.02481e-09,5.65898e-09,5.24055e-09,4.81739e-09,4.44689e-09,4.09504e-09,3.73344e-09,3.35015e-09,2.95276e-09,2.57366e-09,2.22854e-09
5.92069e-09,5.56e-09,5.14766e-09,4.72978e-09,4.36538e-09,4.02052e-09,3.66507e-09,3.28817e-09,2.89706e-09,2.52391e-09,2.18507e-09
5.81892e-09,5.46376e-09,5.05729e-09,4.64545e-09,4.28689e-09,3.94785e-09,3.59828e-09,3.22738e-09,2.84238e-09,2.47533e-09,2.14192e-09
5.71893e-09,5.36886e-09,4.96783e-09,4.56189e-09,4.20905e-09,3.87614e-09,3.53257e-09,3.16763e-09,2.78882e-09,2.4276e-09,2.09953e-09
5.62036e-09,5.27555e-09,4.88017e-09,4.47975e-09,4.1329e-09,3.8058e-09,3.4679e-09,3.10883e-09,2.73578e-09,2.38033e-09,2.05778e-09
5.52385e-09,5.18452e-09,4.79441e-09,4.40086e-09,4.05931e-09,3.73689e-09,3.40449e-09,3.05098e-09,2.68378e-09,2.33416e-09,2.01665e-09
5.42772e-09,5.09329e-09,4.70859e-09,4.31984e-09,3.98406e-09,3.66828e-09,3.34158e-09,2.99394e-09,2.63243e-09,2.28829e-09,1.97628e-09
5.33382e-09,5.00442e-09,4.62545e-09,4.24232e-09,3.91198e-09,3.60153e-09,3.2801e-09,2.93792e-09,2.58205e-09,2.24314e-09,1.93646e-09
5.24116e-09,4.91656e-09,4.54286e-09,4.16492e-09,3.84031e-09,3.5354e-09,3.21947e-09,2.88269e-09,2.53242e-09,2.19921e-09,1.89736e-09
5.15043e-09,4.83058e-09,4.46191e-09,4.08943e-09,3.7701e-09,3.47079e-09,3.16004e-09,2.8286e-09,2.48381e-09,2.15583e-09,1.85897e-09
5.06176e-09,4.74701e-09,4.38323e-09,4.01746e-09,3.70304e-09,3.40757e-09,3.10189e-09,2.77551e-09,2.43593e-09,2.11322e-09,1.82134e-09
4.97359e-09,4.6631e-09,4.3046e-09,3.94296e-09,3.63352e-09,3.34484e-09,3.0444e-09,2.72329e-09,2.38919e-09,2.07151e-09,1.78446e-09
4.88703e-09,4.5811e-09,4.22711e-09,3.8705e-09,3.56641e-09,3.28308e-09,2.98786e-09,2.67189e-09,2.34286e-09,2.03037e-09,1.74799e-09
4.80342e-09,4.50263e-09,4.15374e-09,3.80293e-09,3.50334e-09,3.22467e-09,2.93323e-09,2.62197e-09,2.29797e-09,1.99031e-09,1.71258e-09
4.72011e-09,4.42297e-09,4.07825e-09,3.73138e-09,3.43714e-09,3.16421e-09,2.87889e-09,2.57268e-09,2.25371e-09,1.95102e-09,1.67782e-09
4.64e-09,4.34744e-09,4.00692e-09,3.66637e-09,3.37646e-09,3.107e-09,2.82632e-09,2.52472e-09,2.21054e-09,1.91258e-09,1.64443e-09
4.55973e-09,4.27095e-09,3.93489e-09,3.59768e-09,3.31255e-09,3.04969e-09,2.77412e-09,2.47743e-09,2.1682e-09,1.87496e-09,1.61072e-09
4.48274e-09,4.19795e-09,3.86605e-09,3.53328e-09,3.25263e-09,2.9947e-09,2.72371e-09,2.43169e-09,2.12708e-09,1.83824e-09,1.57776e-09
4.40732e-09,4.12738e-09,3.80015e-09,3.47204e-09,3.19602e-09,2.94225e-09,2.67479e-09,2.38685e-09,2.08675e-09,1.80255e-09,1.54686e-09
4.33268e-09,4.05559e-09,3.73194e-09,3.40771e-09,3.13579e-09,2.88759e-09,2.62593e-09,2.3428e-09,2.04745e-09,1.76754e-09,1.51603e-09
4.25931e-09,3.98418e-09,3.66292e-09,3.34179e-09,3.07452e-09,2.83246e-09,2.57795e-09,2.3001e-09,2.00948e-09,1.73415e-09,1.48668e-09
4.1901e-09,3.92065e-09,3.6048e-09,3.2893e-09,3.02527e-09,2.78587e-09,2.53303e-09,2.25832e-09,1.97168e-09,1.70044e-09,1.45699e-09
4.11897e-09,3.8503e-09,3.53646e-09,3.22163e-09,2.96267e-09,2.73173e-09,2.48664e-09,2.21753e-09,1.93575e-09,1.66886e-09,1.42934e-09
4.05475e-09,3.79315e-09,3.48421e-09,3.17735e-09,2.92098e-09,2.69029e-09,2.44474e-09,2.17823e-09,1.90009e-09,1.63707e-09,1.40151e-09
3.98899e-09,3.72966e-09,3.42391e-09,3.11981e-09,2.86734e-09,2.64177e-09,2.40178e-09,2.13955e-09,1.86556e-09,1.60654e-09,1.37432e-09
3.92678e-09,3.67127e-09,3.36844e-09,3.0702e-09,2.82071e-09,2.59705e-09,2.36091e-09,2.10229e-09,1.83219e-09,1.57702e-09,1.34848e-09
3.86405e-09,3.61137e-09,3.31254e-09,3.01592e-09,2.77017e-09,2.55236e-09,2.32039e-09,2.06578e-09,1.79959e-09,1.54837e-09,1.32328e-09
3.80361e-09,3.55369e-09,3.25745e-09,2.96426e-09,2.72182e-09,2.50863e-09,2.28089e-09,2.03017e-09,1.76813e-09,1.52055e-09,1.29888e-09
3.74567e-09,3.50011e-09,3.20768e-09,2.91792e-09,2.67919e-09,2.46906e-09,2.24321e-09,1.99589e-09,1.73742e-09,1.49348e-09,1.27531e-09
3.68834e-09,3.44443e-09,3.15417e-09,2.86719e-09,2.63143e-09,2.42602e-09,2.20562e-09,1.9623e-09,1.70762e-09,1.46714e-09,1.25224e-09
3.63466e-09,3.39427e-09,3.1067e-09,2.82604e-09,2.592e-09,2.38747e-09,2.17027e-09,1.93006e-09,1.67891e-09,1.4419e-09,1.23001e-09
3.57903e-09,3.34072e-09,3.05598e-09,2.77558e-09,2.54552e-09,2.34735e-09,2.13431e-09,1.89801e-09,1.65057e-09,1.41708e-09,1.20837e-09
3.52687e-09,3.29127e-09,3.00936e-09,2.73202e-09,2.50485e-09,2.31002e-09,2.1003e-09,1.86736e-09,1.62338e-09,1.39317e-09,1.18745e-09
3.47667e-09,3.24519e-09,2.9661e-09,2.69253e-09,2.46786e-09,2.27593e-09,2.06765e-09,1.83765e-09,1.59701e-09,1.37009e-09,1.16735e-09
3.42664e-09,3.1963e-09,2.91946e-09,2.64769e-09,2.42596e-09,2.23787e-09,2.03485e-09,1.80848e-09,1.57125e-09,1.3475e-09,1.14764e-09
3.38057e-09,3.15401e-09,2.87941e-09,2.61432e-09,2.39393e-09,2.20576e-09,2.00468e-09,1.7807e-09,1.54653e-09,1.32564e-09,1.129e-09
3.33197e-09,3.10725e-09,2.83521e-09,2.57025e-09,2.35256e-09,2.17086e-09,1.97326e-09,1.75287e-09,1.52208e-09,1.3045e-09,1.11015e-09
3.28598e-09,3.06369e-09,2.79411e-09,2.53181e-09,2.3166e-09,2.13787e-09,1.94328e-09,1.72597e-09,1.49829e-09,1.2836e-09,1.09201e-09
3.24214e-09,3.02374e-09,2.75711e-09,2.4984e-09,2.28534e-09,2.10877e-09,1.91479e-09,1.69993e-09,1.47531e-09,1.26345e-09,1.07444e-09
3.19769e-09,2.97975e-09,2.71524e-09,2.45705e-09,2.24703e-09,2.07367e-09,1.88555e-09,1.67425e-09,1.45255e-09,1.24362e-09,1.05737e-09
3.1574e-09,2.94314e-09,2.68126e-09,2.42847e-09,2.22012e-09,2.0455e-09,1.85921e-09,1.64995e-09,1.43076e-09,1.22472e-09,1.04092e-09
3.1139e-09,2.90043e-09,2.64061e-09,2.38728e-09,2.18191e-09,2.01369e-09,1.83088e-09,1.62513e-09,1.4092e-09,1.20586e-09,1.02449e-09
3.07341e-09,2.86231e-09,2.60472e-09,2.35381e-09,2.15048e-09,1.98476e-09,1.80451e-09,1.60143e-09,1.3883e-09,1.18754e-09,1.00873e-09
3.03387e-09,2.82484e-09,2.56944e-09,2.32064e-09,2.11975e-09,1.95647e-09,1.77874e-09,1.57814e-09,1.36789e-09,1.16985e-09,9.92895e-10
2.99522e-09,2.78834e-09,2.53519e-09,2.28863e-09,2.08973e-09,1.92888e-09,1.75357e-09,1.55559e-09,1.34793e-09,1.15245e-09,9.78015e-10
2.95937e-09,2.75558e-09,2.50431e-09,2.26295e-09,2.06551e-09,1.90348e-09,1.72987e-09,1.53388e-09,1.32868e-09,1.13555e-09,9.63335e-10
2.92037e-09,2.71775e-09,2.4689e-09,2.22679e-09,2.03186e-09,1.8755e-09,1.70481e-09,1.51182e-09,1.30939e-09,1.11884e-09,9.48954e-10
2.88171e-09,2.67711e-09,2.42892e-09,2.18368e-09,1.9915e-09,1.84329e-09,1.67958e-09,1.4911e-09,1.29184e-09,1.10387e-09,9.36398e-10
2.84965e-09,2.65108e-09,2.40622e-09,2.1684e-09,1.97736e-09,1.82482e-09,1.65859e-09,1.4703e-09,1.27279e-09,1.08699e-09,9.21378e-10
2.81448e-09,2.61783e-09,2.37511e-09,2.13935e-09,1.95008e-09,1.80003e-09,1.63581e-09,1.44989e-09,1.25483e-09,1.07133e-09,9.07764e-10
2.78287e-09,2.58905e-09,2.34794e-09,2.11738e-09,1.92935e-09,1.7776e-09,1.61478e-09,1.43059e-09,1.23771e-09,1.0563e-09,8.94524e-10
2.74824e-09,2.5555e-09,2.31723e-09,2.08458e-09,1.89969e-09,1.75291e-09,1.59278e-09,1.41111e-09,1.22069e-09,1.04159e-09,8.8178e-10
2.71604e-09,2.52504e-09,2.28798e-09,2.05811e-09,1.87413e-09,1.72979e-09,1.57165e-09,1.39229e-09,1.20419e-09,1.0271e-09,8.69316e-10
2.68423e-09,2.49497e-09,2.25978e-09,2.03192e-09,1.84963e-09,1.70716e-09,1.55095e-09,1.37375e-09,1.18786e-09,1.01305e-09,8.57231e-10
2.654e-09,2.46648e-09,2.23316e-09,2.00722e-09,1.82656e-09,1.68588e-09,1.53127e-09,1.3561e-09,1.17231e-09,9.99545e-10,8.45659e-10
2.62562e-09,2.44077e-09,2.2086e-09,1.98783e-09,1.80811e-09,1.66552e-09,1.51235e-09,1.33867e-09,1.15687e-09,9.86163e-10,8.33923e-10
2.59383e-09,2.40952e-09,2.17948e-09,1.95709e-09,1.77956e-09,1.64274e-09,1.49203e-09,1.32101e-09,1.14154e-09,9.72849e-10,8.22509e-10
2.56512e-09,2.38236e-09,2.15405e-09,1.93317e-09,1.75722e-09,1.62216e-09,1.47331e-09,1.30427e-09,1.12686e-09,9.60107e-10,8.11633e-10
2.53715e-09,2.35582e-09,2.12897e-09,1.90981e-09,1.73545e-09,1.60218e-09,1.45504e-09,1.28795e-09,1.11252e-09,9.47681e-10,8.00815e-10
2.50927e-09,2.32954e-09,2.10425e-09,1.88676e-09,1.7139e-09,1.58228e-09,1.43703e-09,1.27189e-09,1.09854e-09,9.35432e-10,7.90051e-10
2.48495e-09,2.30761e-09,2.08345e-09,1.87115e-09,1.69899e-09,1.56503e-09,1.42077e-09,1.25679e-09,1.08517e-09,9.23758e-10,7.80187e-10
