# xi1
# underflow	 -1.6037145    	 0.48481435E-04
# overflow	-0.90099995E-02	 0.28406396E-05
# sum	 -2.4044991    	 0.56085533E-04
# xmin	xmax	cross	numerror
  3124.0000    	  3125.0000    	-0.22573992E-02	 0.20102028E-05
  3125.0000    	  3126.0000    	-0.21614075E-02	 0.20086717E-05
  3126.0000    	  3127.0000    	-0.19755169E-02	 0.19953820E-05
  3127.0000    	  3128.0000    	-0.17217480E-02	 0.18928146E-05
  3128.0000    	  3129.0000    	-0.14280661E-02	 0.15367834E-05
  3129.0000    	  3130.0000    	-0.11208941E-02	 0.11911022E-05
  3130.0000    	  3131.0000    	-0.82557620E-03	 0.88030492E-06
  3131.0000    	  3132.0000    	-0.56436994E-03	 0.69029971E-06
  3132.0000    	  3133.0000    	-0.35547954E-03	 0.57064558E-06
  3133.0000    	  3134.0000    	-0.20095382E-03	 0.48633631E-06
  3134.0000    	  3135.0000    	-0.10030597E-03	 0.43221308E-06
  3135.0000    	  3136.0000    	-0.22331231E-02	 0.19516485E-05
  3136.0000    	  3137.0000    	-0.21386933E-02	 0.19712660E-05
  3137.0000    	  3138.0000    	-0.19562001E-02	 0.18628505E-05
  3138.0000    	  3139.0000    	-0.17039904E-02	 0.17830061E-05
  3139.0000    	  3140.0000    	-0.14147690E-02	 0.14053040E-05
  3140.0000    	  3141.0000    	-0.11086419E-02	 0.10971058E-05
  3141.0000    	  3142.0000    	-0.81722726E-03	 0.86219380E-06
  3142.0000    	  3143.0000    	-0.55835110E-03	 0.68468773E-06
  3143.0000    	  3144.0000    	-0.35103187E-03	 0.56532537E-06
  3144.0000    	  3145.0000    	-0.19645458E-03	 0.47792432E-06
  3145.0000    	  3146.0000    	-0.98809931E-04	 0.42426201E-06
  3146.0000    	  3147.0000    	-0.22111453E-02	 0.18884811E-05
  3147.0000    	  3148.0000    	-0.21147878E-02	 0.18026313E-05
  3148.0000    	  3149.0000    	-0.19362327E-02	 0.16868620E-05
  3149.0000    	  3150.0000    	-0.16892820E-02	 0.15282131E-05
  3150.0000    	  3151.0000    	-0.13994749E-02	 0.13052271E-05
  3151.0000    	  3152.0000    	-0.10977228E-02	 0.10555560E-05
  3152.0000    	  3153.0000    	-0.80688195E-03	 0.83713380E-06
  3153.0000    	  3154.0000    	-0.55315375E-03	 0.68044705E-06
  3154.0000    	  3155.0000    	-0.34746489E-03	 0.56348996E-06
  3155.0000    	  3156.0000    	-0.19716617E-03	 0.48073579E-06
  3156.0000    	  3157.0000    	-0.97134161E-04	 0.42157049E-06
  3157.0000    	  3158.0000    	-0.21863296E-02	 0.18444776E-05
  3158.0000    	  3159.0000    	-0.20936626E-02	 0.17499550E-05
  3159.0000    	  3160.0000    	-0.19158625E-02	 0.16057727E-05
  3160.0000    	  3161.0000    	-0.16710917E-02	 0.14210493E-05
  3161.0000    	  3162.0000    	-0.13855549E-02	 0.11989023E-05
  3162.0000    	  3163.0000    	-0.10856753E-02	 0.10015062E-05
  3163.0000    	  3164.0000    	-0.79794921E-03	 0.82359756E-06
  3164.0000    	  3165.0000    	-0.54571743E-03	 0.67402627E-06
  3165.0000    	  3166.0000    	-0.34249200E-03	 0.55665201E-06
  3166.0000    	  3167.0000    	-0.19406358E-03	 0.47386263E-06
  3167.0000    	  3168.0000    	-0.96631802E-04	 0.41987136E-06
  3168.0000    	  3169.0000    	-0.21676402E-02	 0.18195023E-05
  3169.0000    	  3170.0000    	-0.20718380E-02	 0.16813713E-05
  3170.0000    	  3171.0000    	-0.18964927E-02	 0.15491803E-05
  3171.0000    	  3172.0000    	-0.16534903E-02	 0.13904659E-05
  3172.0000    	  3173.0000    	-0.13715835E-02	 0.11954468E-05
  3173.0000    	  3174.0000    	-0.10741712E-02	 0.10006834E-05
  3174.0000    	  3175.0000    	-0.78992755E-03	 0.81497233E-06
  3175.0000    	  3176.0000    	-0.53949499E-03	 0.66950998E-06
  3176.0000    	  3177.0000    	-0.33906808E-03	 0.55451017E-06
  3177.0000    	  3178.0000    	-0.19167800E-03	 0.47326001E-06
  3178.0000    	  3179.0000    	-0.95370131E-04	 0.41903178E-06
  3179.0000    	  3180.0000    	-0.21440795E-02	 0.17940579E-05
  3180.0000    	  3181.0000    	-0.20512967E-02	 0.16468476E-05
  3181.0000    	  3182.0000    	-0.18766461E-02	 0.14902066E-05
  3182.0000    	  3183.0000    	-0.16369190E-02	 0.13159191E-05
  3183.0000    	  3184.0000    	-0.13563584E-02	 0.11412121E-05
  3184.0000    	  3185.0000    	-0.10623168E-02	 0.97749034E-06
  3185.0000    	  3186.0000    	-0.78123457E-03	 0.80665860E-06
  3186.0000    	  3187.0000    	-0.53358567E-03	 0.66518554E-06
  3187.0000    	  3188.0000    	-0.33465228E-03	 0.54900641E-06
  3188.0000    	  3189.0000    	-0.18965887E-03	 0.46741736E-06
  3189.0000    	  3190.0000    	-0.94443726E-04	 0.41388784E-06
  3190.0000    	  3191.0000    	-0.21208918E-02	 0.17718140E-05
  3191.0000    	  3192.0000    	-0.20330929E-02	 0.16285894E-05
  3192.0000    	  3193.0000    	-0.18577546E-02	 0.14669537E-05
  3193.0000    	  3194.0000    	-0.16202315E-02	 0.12851373E-05
  3194.0000    	  3195.0000    	-0.13427219E-02	 0.11163243E-05
  3195.0000    	  3196.0000    	-0.10519977E-02	 0.95593764E-06
  3196.0000    	  3197.0000    	-0.77093150E-03	 0.80060206E-06
  3197.0000    	  3198.0000    	-0.52738503E-03	 0.65983234E-06
  3198.0000    	  3199.0000    	-0.33047103E-03	 0.54475349E-06
  3199.0000    	  3200.0000    	-0.18764398E-03	 0.46371055E-06
  3200.0000    	  3201.0000    	-0.93140762E-04	 0.40943958E-06
  3201.0000    	  3202.0000    	-0.21007758E-02	 0.17519072E-05
  3202.0000    	  3203.0000    	-0.20081148E-02	 0.16027938E-05
  3203.0000    	  3204.0000    	-0.18383969E-02	 0.14265737E-05
  3204.0000    	  3205.0000    	-0.16024980E-02	 0.12470772E-05
  3205.0000    	  3206.0000    	-0.13281333E-02	 0.11039735E-05
  3206.0000    	  3207.0000    	-0.10397067E-02	 0.95039447E-06
  3207.0000    	  3208.0000    	-0.76359020E-03	 0.79352401E-06
  3208.0000    	  3209.0000    	-0.52107460E-03	 0.65439548E-06
  3209.0000    	  3210.0000    	-0.32708592E-03	 0.54444560E-06
  3210.0000    	  3211.0000    	-0.18545399E-03	 0.46226309E-06
  3211.0000    	  3212.0000    	-0.92344093E-04	 0.40655010E-06
  3212.0000    	  3213.0000    	-0.20803770E-02	 0.17356370E-05
  3213.0000    	  3214.0000    	-0.19907662E-02	 0.15872323E-05
  3214.0000    	  3215.0000    	-0.18212695E-02	 0.14081135E-05
  3215.0000    	  3216.0000    	-0.15868949E-02	 0.12442846E-05
  3216.0000    	  3217.0000    	-0.13136789E-02	 0.10860171E-05
  3217.0000    	  3218.0000    	-0.10278462E-02	 0.93374000E-06
  3218.0000    	  3219.0000    	-0.75576092E-03	 0.78750206E-06
  3219.0000    	  3220.0000    	-0.51442875E-03	 0.64964687E-06
  3220.0000    	  3221.0000    	-0.32288617E-03	 0.53877006E-06
  3221.0000    	  3222.0000    	-0.18300036E-03	 0.46187405E-06
  3222.0000    	  3223.0000    	-0.91697862E-04	 0.40627370E-06
  3223.0000    	  3224.0000    	-0.20585941E-02	 0.17152768E-05
  3224.0000    	  3225.0000    	-0.19698129E-02	 0.15676465E-05
  3225.0000    	  3226.0000    	-0.17992625E-02	 0.13960487E-05
  3226.0000    	  3227.0000    	-0.15695455E-02	 0.12139252E-05
  3227.0000    	  3228.0000    	-0.13003575E-02	 0.10653743E-05
  3228.0000    	  3229.0000    	-0.10165742E-02	 0.92433259E-06
  3229.0000    	  3230.0000    	-0.74587504E-03	 0.78074001E-06
  3230.0000    	  3231.0000    	-0.50982602E-03	 0.64684822E-06
  3231.0000    	  3232.0000    	-0.31916030E-03	 0.53375484E-06
  3232.0000    	  3233.0000    	-0.18113018E-03	 0.45664675E-06
  3233.0000    	  3234.0000    	-0.90429686E-04	 0.40502754E-06
  3234.0000    	  3235.0000    	-0.20373932E-02	 0.16986623E-05
  3235.0000    	  3236.0000    	-0.19495290E-02	 0.15524206E-05
  3236.0000    	  3237.0000    	-0.17828334E-02	 0.13729741E-05
  3237.0000    	  3238.0000    	-0.15546893E-02	 0.12004962E-05
  3238.0000    	  3239.0000    	-0.12859233E-02	 0.10549106E-05
  3239.0000    	  3240.0000    	-0.10059413E-02	 0.91913533E-06
  3240.0000    	  3241.0000    	-0.73811246E-03	 0.77597750E-06
  3241.0000    	  3242.0000    	-0.50340029E-03	 0.64158804E-06
  3242.0000    	  3243.0000    	-0.31494323E-03	 0.52946948E-06
  3243.0000    	  3244.0000    	-0.17882608E-03	 0.46096829E-06
  3244.0000    	  3245.0000    	-0.88925997E-04	 0.39666493E-06
  3245.0000    	  3246.0000    	-0.20197584E-02	 0.16836425E-05
  3246.0000    	  3247.0000    	-0.19283948E-02	 0.15341230E-05
  3247.0000    	  3248.0000    	-0.17629557E-02	 0.13590706E-05
  3248.0000    	  3249.0000    	-0.15373718E-02	 0.11888880E-05
  3249.0000    	  3250.0000    	-0.12732602E-02	 0.10449876E-05
  3250.0000    	  3251.0000    	-0.99495391E-03	 0.90947461E-06
  3251.0000    	  3252.0000    	-0.73039229E-03	 0.77022126E-06
  3252.0000    	  3253.0000    	-0.49713853E-03	 0.63665727E-06
  3253.0000    	  3254.0000    	-0.31215456E-03	 0.52887410E-06
  3254.0000    	  3255.0000    	-0.17391277E-03	 0.44691887E-06
  3255.0000    	  3256.0000    	-0.88830482E-04	 0.39971940E-06
  3256.0000    	  3257.0000    	-0.19950713E-02	 0.16647352E-05
  3257.0000    	  3258.0000    	-0.19095257E-02	 0.15203549E-05
  3258.0000    	  3259.0000    	-0.17460527E-02	 0.13441329E-05
  3259.0000    	  3260.0000    	-0.15203576E-02	 0.11785638E-05
  3260.0000    	  3261.0000    	-0.12590891E-02	 0.10347698E-05
  3261.0000    	  3262.0000    	-0.98500780E-03	 0.90384309E-06
  3262.0000    	  3263.0000    	-0.72103725E-03	 0.76299906E-06
  3263.0000    	  3264.0000    	-0.49294531E-03	 0.63442742E-06
  3264.0000    	  3265.0000    	-0.30867632E-03	 0.52623817E-06
  3265.0000    	  3266.0000    	-0.17398078E-03	 0.44508717E-06
  3266.0000    	  3267.0000    	-0.87013434E-04	 0.39387054E-06
  3267.0000    	  3268.0000    	-0.19772649E-02	 0.16505716E-05
  3268.0000    	  3269.0000    	-0.18912292E-02	 0.15062599E-05
  3269.0000    	  3270.0000    	-0.17273881E-02	 0.13315275E-05
  3270.0000    	  3271.0000    	-0.15063879E-02	 0.11672162E-05
  3271.0000    	  3272.0000    	-0.12446446E-02	 0.10261186E-05
  3272.0000    	  3273.0000    	-0.97357024E-03	 0.89565945E-06
  3273.0000    	  3274.0000    	-0.71342677E-03	 0.75811177E-06
  3274.0000    	  3275.0000    	-0.48622623E-03	 0.62946954E-06
  3275.0000    	  3276.0000    	-0.30444272E-03	 0.52066158E-06
  3276.0000    	  3277.0000    	-0.17256419E-03	 0.44333877E-06
  3277.0000    	  3278.0000    	-0.86001963E-04	 0.39003928E-06
  3278.0000    	  3279.0000    	-0.19570763E-02	 0.16356369E-05
  3279.0000    	  3280.0000    	-0.18706798E-02	 0.14918482E-05
  3280.0000    	  3281.0000    	-0.17106946E-02	 0.13196701E-05
  3281.0000    	  3282.0000    	-0.14887539E-02	 0.11545846E-05
  3282.0000    	  3283.0000    	-0.12332206E-02	 0.10203437E-05
  3283.0000    	  3284.0000    	-0.96242325E-03	 0.88821460E-06
  3284.0000    	  3285.0000    	-0.70514779E-03	 0.75222378E-06
  3285.0000    	  3286.0000    	-0.48061679E-03	 0.62530339E-06
  3286.0000    	  3287.0000    	-0.30005779E-03	 0.51582472E-06
  3287.0000    	  3288.0000    	-0.17086745E-03	 0.44279229E-06
  3288.0000    	  3289.0000    	-0.85551467E-04	 0.39489563E-06
  3289.0000    	  3290.0000    	-0.19377975E-02	 0.16214055E-05
  3290.0000    	  3291.0000    	-0.18523904E-02	 0.14782341E-05
  3291.0000    	  3292.0000    	-0.16921651E-02	 0.13072686E-05
  3292.0000    	  3293.0000    	-0.14745759E-02	 0.11457985E-05
  3293.0000    	  3294.0000    	-0.12191799E-02	 0.10099162E-05
  3294.0000    	  3295.0000    	-0.95235625E-03	 0.88232606E-06
  3295.0000    	  3296.0000    	-0.69775273E-03	 0.74865788E-06
  3296.0000    	  3297.0000    	-0.47506945E-03	 0.62070712E-06
  3297.0000    	  3298.0000    	-0.29775905E-03	 0.51508462E-06
  3298.0000    	  3299.0000    	-0.16849115E-03	 0.43930676E-06
  3299.0000    	  3300.0000    	-0.84274250E-04	 0.38791735E-06
  3300.0000    	  3301.0000    	-0.19175758E-02	 0.16062585E-05
  3301.0000    	  3302.0000    	-0.18323732E-02	 0.14652457E-05
  3302.0000    	  3303.0000    	-0.16757912E-02	 0.12969224E-05
  3303.0000    	  3304.0000    	-0.14593819E-02	 0.11367616E-05
  3304.0000    	  3305.0000    	-0.12062561E-02	 0.10026751E-05
  3305.0000    	  3306.0000    	-0.94168497E-03	 0.87542481E-06
  3306.0000    	  3307.0000    	-0.69003161E-03	 0.74357823E-06
  3307.0000    	  3308.0000    	-0.46935746E-03	 0.61594927E-06
  3308.0000    	  3309.0000    	-0.29388075E-03	 0.50907416E-06
  3309.0000    	  3310.0000    	-0.16671597E-03	 0.43589311E-06
  3310.0000    	  3311.0000    	-0.83339247E-04	 0.38742061E-06
  3311.0000    	  3312.0000    	-0.18971050E-02	 0.15916191E-05
  3312.0000    	  3313.0000    	-0.18156521E-02	 0.14530319E-05
  3313.0000    	  3314.0000    	-0.16580244E-02	 0.12850804E-05
  3314.0000    	  3315.0000    	-0.14436599E-02	 0.11275890E-05
  3315.0000    	  3316.0000    	-0.11933409E-02	 0.99494102E-06
  3316.0000    	  3317.0000    	-0.93150637E-03	 0.86966423E-06
  3317.0000    	  3318.0000    	-0.68161600E-03	 0.73735500E-06
  3318.0000    	  3319.0000    	-0.46466256E-03	 0.61237557E-06
  3319.0000    	  3320.0000    	-0.29026233E-03	 0.50602213E-06
  3320.0000    	  3321.0000    	-0.16419604E-03	 0.43136183E-06
  3321.0000    	  3322.0000    	-0.82573653E-04	 0.38316420E-06
  3322.0000    	  3323.0000    	-0.18779772E-02	 0.15779760E-05
  3323.0000    	  3324.0000    	-0.17951251E-02	 0.14393123E-05
  3324.0000    	  3325.0000    	-0.16414233E-02	 0.12753682E-05
  3325.0000    	  3326.0000    	-0.14287588E-02	 0.11186646E-05
  3326.0000    	  3327.0000    	-0.11802701E-02	 0.98805901E-06
  3327.0000    	  3328.0000    	-0.92244908E-03	 0.86488726E-06
  3328.0000    	  3329.0000    	-0.67519635E-03	 0.73307156E-06
  3329.0000    	  3330.0000    	-0.45971770E-03	 0.60862376E-06
  3330.0000    	  3331.0000    	-0.28732057E-03	 0.50469821E-06
  3331.0000    	  3332.0000    	-0.16238037E-03	 0.42734294E-06
  3332.0000    	  3333.0000    	-0.78149738E-04	 0.37313834E-06
  3333.0000    	  3334.0000    	-0.18585928E-02	 0.15645816E-05
  3334.0000    	  3335.0000    	-0.17787251E-02	 0.14282943E-05
  3335.0000    	  3336.0000    	-0.16253414E-02	 0.12652402E-05
  3336.0000    	  3337.0000    	-0.14150021E-02	 0.11109938E-05
  3337.0000    	  3338.0000    	-0.11682466E-02	 0.98081023E-06
  3338.0000    	  3339.0000    	-0.91208024E-03	 0.85800767E-06
  3339.0000    	  3340.0000    	-0.66655341E-03	 0.72792896E-06
  3340.0000    	  3341.0000    	-0.45393381E-03	 0.60392251E-06
  3341.0000    	  3342.0000    	-0.28412394E-03	 0.50000555E-06
  3342.0000    	  3343.0000    	-0.16016690E-03	 0.42275403E-06
  3343.0000    	  3344.0000    	-0.79891725E-04	 0.38035001E-06
  3344.0000    	  3345.0000    	-0.18386688E-02	 0.15512341E-05
  3345.0000    	  3346.0000    	-0.17609877E-02	 0.14168263E-05
  3346.0000    	  3347.0000    	-0.16072296E-02	 0.12538631E-05
  3347.0000    	  3348.0000    	-0.14006195E-02	 0.11036154E-05
  3348.0000    	  3349.0000    	-0.11566968E-02	 0.97491777E-06
  3349.0000    	  3350.0000    	-0.90162285E-03	 0.85112408E-06
  3350.0000    	  3351.0000    	-0.65984443E-03	 0.72374646E-06
  3351.0000    	  3352.0000    	-0.44902346E-03	 0.60109400E-06
  3352.0000    	  3353.0000    	-0.28014490E-03	 0.49681556E-06
  3353.0000    	  3354.0000    	-0.15918944E-03	 0.42347696E-06
  3354.0000    	  3355.0000    	-0.79845867E-04	 0.37334899E-06
  3355.0000    	  3356.0000    	-0.18219759E-02	 0.15387545E-05
  3356.0000    	  3357.0000    	-0.17424166E-02	 0.14044886E-05
  3357.0000    	  3358.0000    	-0.15909551E-02	 0.12440562E-05
  3358.0000    	  3359.0000    	-0.13846990E-02	 0.10944717E-05
  3359.0000    	  3360.0000    	-0.11426253E-02	 0.96750285E-06
  3360.0000    	  3361.0000    	-0.89190571E-03	 0.84580569E-06
  3361.0000    	  3362.0000    	-0.65271461E-03	 0.71823530E-06
  3362.0000    	  3363.0000    	-0.44307360E-03	 0.59458332E-06
  3363.0000    	  3364.0000    	-0.27721137E-03	 0.49414916E-06
  3364.0000    	  3365.0000    	-0.15680924E-03	 0.42350676E-06
  3365.0000    	  3366.0000    	-0.79059727E-04	 0.36958850E-06
  3366.0000    	  3367.0000    	-0.18044432E-02	 0.15266458E-05
  3367.0000    	  3368.0000    	-0.17252038E-02	 0.13944063E-05
  3368.0000    	  3369.0000    	-0.15750174E-02	 0.12354251E-05
  3369.0000    	  3370.0000    	-0.13693260E-02	 0.10859958E-05
  3370.0000    	  3371.0000    	-0.11335063E-02	 0.96229337E-06
  3371.0000    	  3372.0000    	-0.88239647E-03	 0.84091346E-06
  3372.0000    	  3373.0000    	-0.64542950E-03	 0.71382164E-06
  3373.0000    	  3374.0000    	-0.43874749E-03	 0.59241671E-06
  3374.0000    	  3375.0000    	-0.27348343E-03	 0.48937200E-06
  3375.0000    	  3376.0000    	-0.15460353E-03	 0.41574980E-06
  3376.0000    	  3377.0000    	-0.76882173E-04	 0.36403272E-06
  3377.0000    	  3378.0000    	-0.17839631E-02	 0.15131190E-05
  3378.0000    	  3379.0000    	-0.17050134E-02	 0.13810464E-05
  3379.0000    	  3380.0000    	-0.15582310E-02	 0.12253543E-05
  3380.0000    	  3381.0000    	-0.13569732E-02	 0.10795531E-05
  3381.0000    	  3382.0000    	-0.11200825E-02	 0.95541569E-06
  3382.0000    	  3383.0000    	-0.87270433E-03	 0.83445257E-06
  3383.0000    	  3384.0000    	-0.63758771E-03	 0.70738145E-06
  3384.0000    	  3385.0000    	-0.43345677E-03	 0.58934915E-06
  3385.0000    	  3386.0000    	-0.27032046E-03	 0.48640060E-06
  3386.0000    	  3387.0000    	-0.15041420E-03	 0.41128447E-06
  3387.0000    	  3388.0000    	-0.77219962E-04	 0.36725051E-06
  3388.0000    	  3389.0000    	-0.17666116E-02	 0.15014234E-05
  3389.0000    	  3390.0000    	-0.16918727E-02	 0.13728102E-05
  3390.0000    	  3391.0000    	-0.15425580E-02	 0.12167766E-05
  3391.0000    	  3392.0000    	-0.13417598E-02	 0.10709833E-05
  3392.0000    	  3393.0000    	-0.11077025E-02	 0.94865374E-06
  3393.0000    	  3394.0000    	-0.86260774E-03	 0.82810111E-06
  3394.0000    	  3395.0000    	-0.63110077E-03	 0.70397367E-06
  3395.0000    	  3396.0000    	-0.42851782E-03	 0.58461108E-06
  3396.0000    	  3397.0000    	-0.26740761E-03	 0.48280708E-06
  3397.0000    	  3398.0000    	-0.15199562E-03	 0.41397724E-06
  3398.0000    	  3399.0000    	-0.76700422E-04	 0.36505097E-06
  3399.0000    	  3400.0000    	-0.17478753E-02	 0.14893452E-05
  3400.0000    	  3401.0000    	-0.16738157E-02	 0.13613504E-05
  3401.0000    	  3402.0000    	-0.15281322E-02	 0.12092993E-05
  3402.0000    	  3403.0000    	-0.13287193E-02	 0.10669596E-05
  3403.0000    	  3404.0000    	-0.10954045E-02	 0.94255233E-06
  3404.0000    	  3405.0000    	-0.85320115E-03	 0.82262259E-06
  3405.0000    	  3406.0000    	-0.62400860E-03	 0.69897910E-06
  3406.0000    	  3407.0000    	-0.42376833E-03	 0.58021010E-06
  3407.0000    	  3408.0000    	-0.26410764E-03	 0.47950033E-06
  3408.0000    	  3409.0000    	-0.14911553E-03	 0.40620862E-06
  3409.0000    	  3410.0000    	-0.75462369E-04	 0.36215382E-06
  3410.0000    	  3411.0000    	-0.17307903E-02	 0.14774385E-05
  3411.0000    	  3412.0000    	-0.16534577E-02	 0.13492992E-05
  3412.0000    	  3413.0000    	-0.15121609E-02	 0.12003612E-05
  3413.0000    	  3414.0000    	-0.13144013E-02	 0.10573158E-05
  3414.0000    	  3415.0000    	-0.10850692E-02	 0.93729226E-06
  3415.0000    	  3416.0000    	-0.84476710E-03	 0.81808261E-06
  3416.0000    	  3417.0000    	-0.61709646E-03	 0.69570365E-06
  3417.0000    	  3418.0000    	-0.41869281E-03	 0.57577390E-06
  3418.0000    	  3419.0000    	-0.26197922E-03	 0.48048319E-06
  3419.0000    	  3420.0000    	-0.14789141E-03	 0.40928538E-06
  3420.0000    	  3421.0000    	-0.74263658E-04	 0.35772405E-06
  3421.0000    	  3422.0000    	-0.17144639E-02	 0.14672282E-05
  3422.0000    	  3423.0000    	-0.16397075E-02	 0.13409629E-05
  3423.0000    	  3424.0000    	-0.14959859E-02	 0.11912648E-05
  3424.0000    	  3425.0000    	-0.13005096E-02	 0.10508808E-05
  3425.0000    	  3426.0000    	-0.10735360E-02	 0.93089338E-06
  3426.0000    	  3427.0000    	-0.83658381E-03	 0.81346668E-06
  3427.0000    	  3428.0000    	-0.60969295E-03	 0.68933156E-06
  3428.0000    	  3429.0000    	-0.41403430E-03	 0.57295543E-06
  3429.0000    	  3430.0000    	-0.25814399E-03	 0.47456489E-06
  3430.0000    	  3431.0000    	-0.14548854E-03	 0.40177295E-06
  3431.0000    	  3432.0000    	-0.73446839E-04	 0.35471437E-06
  3432.0000    	  3433.0000    	-0.16979783E-02	 0.14558588E-05
  3433.0000    	  3434.0000    	-0.16213461E-02	 0.13297788E-05
  3434.0000    	  3435.0000    	-0.14807092E-02	 0.11835189E-05
  3435.0000    	  3436.0000    	-0.12883223E-02	 0.10446480E-05
  3436.0000    	  3437.0000    	-0.10617510E-02	 0.92377438E-06
  3437.0000    	  3438.0000    	-0.82687326E-03	 0.80784535E-06
  3438.0000    	  3439.0000    	-0.60359209E-03	 0.68574314E-06
  3439.0000    	  3440.0000    	-0.40925179E-03	 0.56882352E-06
  3440.0000    	  3441.0000    	-0.25530798E-03	 0.47250752E-06
  3441.0000    	  3442.0000    	-0.12615580E-03	 0.37613900E-06
  3442.0000    	  3443.0000    	-0.72480232E-04	 0.35253887E-06
  3443.0000    	  3444.0000    	-0.16815203E-02	 0.14460203E-05
  3444.0000    	  3445.0000    	-0.16067603E-02	 0.13210174E-05
  3445.0000    	  3446.0000    	-0.14642791E-02	 0.11738951E-05
  3446.0000    	  3447.0000    	-0.12731859E-02	 0.10370568E-05
  3447.0000    	  3448.0000    	-0.10507281E-02	 0.91885775E-06
  3448.0000    	  3449.0000    	-0.81789843E-03	 0.80253584E-06
  3449.0000    	  3450.0000    	-0.59608902E-03	 0.68138493E-06
  3450.0000    	  3451.0000    	-0.40498551E-03	 0.56732702E-06
  3451.0000    	  3452.0000    	-0.25244627E-03	 0.46771875E-06
  3452.0000    	  3453.0000    	-0.14320028E-03	 0.40390067E-06
  3453.0000    	  3454.0000    	-0.71742160E-04	 0.35052878E-06
  3454.0000    	  3455.0000    	-0.16630263E-02	 0.14337167E-05
  3455.0000    	  3456.0000    	-0.15895985E-02	 0.13108666E-05
  3456.0000    	  3457.0000    	-0.14503118E-02	 0.11667452E-05
  3457.0000    	  3458.0000    	-0.12603547E-02	 0.10306926E-05
  3458.0000    	  3459.0000    	-0.10388241E-02	 0.91220766E-06
  3459.0000    	  3460.0000    	-0.80819401E-03	 0.79608647E-06
  3460.0000    	  3461.0000    	-0.59061850E-03	 0.67720361E-06
  3461.0000    	  3462.0000    	-0.39954918E-03	 0.56081455E-06
  3462.0000    	  3463.0000    	-0.24904989E-03	 0.46489657E-06
  3463.0000    	  3464.0000    	-0.14123266E-03	 0.39638179E-06
  3464.0000    	  3465.0000    	-0.70380812E-04	 0.35155310E-06
  3465.0000    	  3466.0000    	-0.16470167E-02	 0.14230380E-05
  3466.0000    	  3467.0000    	-0.15739638E-02	 0.13018151E-05
  3467.0000    	  3468.0000    	-0.14363034E-02	 0.11595212E-05
  3468.0000    	  3469.0000    	-0.12492085E-02	 0.10256521E-05
  3469.0000    	  3470.0000    	-0.10291245E-02	 0.90681547E-06
  3470.0000    	  3471.0000    	-0.80059019E-03	 0.79307318E-06
  3471.0000    	  3472.0000    	-0.58374204E-03	 0.67243064E-06
  3472.0000    	  3473.0000    	-0.39539173E-03	 0.55947606E-06
  3473.0000    	  3474.0000    	-0.24620735E-03	 0.46315183E-06
  3474.0000    	  3475.0000    	-0.13947433E-03	 0.39538850E-06
  3475.0000    	  3476.0000    	-0.65516715E-04	 0.33619730E-06
  3476.0000    	  3477.0000    	-0.16282707E-02	 0.14105896E-05
  3477.0000    	  3478.0000    	-0.15583159E-02	 0.12919818E-05
  3478.0000    	  3479.0000    	-0.14229268E-02	 0.11521991E-05
  3479.0000    	  3480.0000    	-0.12346432E-02	 0.10181115E-05
  3480.0000    	  3481.0000    	-0.10180772E-02	 0.90124588E-06
  3481.0000    	  3482.0000    	-0.79094304E-03	 0.78569386E-06
  3482.0000    	  3483.0000    	-0.57723387E-03	 0.66754636E-06
  3483.0000    	  3484.0000    	-0.39073168E-03	 0.55404135E-06
  3484.0000    	  3485.0000    	-0.24401251E-03	 0.46037276E-06
  3485.0000    	  3486.0000    	-0.13795505E-03	 0.39456106E-06
  3486.0000    	  3487.0000    	-0.68991188E-04	 0.34249345E-06
  3487.0000    	  3488.0000    	-0.16133944E-02	 0.14019966E-05
  3488.0000    	  3489.0000    	-0.15416571E-02	 0.12830169E-05
  3489.0000    	  3490.0000    	-0.14068947E-02	 0.11442018E-05
  3490.0000    	  3491.0000    	-0.12228014E-02	 0.10124833E-05
  3491.0000    	  3492.0000    	-0.10073196E-02	 0.89664564E-06
  3492.0000    	  3493.0000    	-0.78316251E-03	 0.78202762E-06
  3493.0000    	  3494.0000    	-0.57004755E-03	 0.66321815E-06
  3494.0000    	  3495.0000    	-0.38652877E-03	 0.55051090E-06
  3495.0000    	  3496.0000    	-0.24090208E-03	 0.45729906E-06
  3496.0000    	  3497.0000    	-0.13600280E-03	 0.38644215E-06
  3497.0000    	  3498.0000    	-0.68408841E-04	 0.34094895E-06
  3498.0000    	  3499.0000    	-0.15979832E-02	 0.13919182E-05
  3499.0000    	  3500.0000    	-0.15272455E-02	 0.12741727E-05
  3500.0000    	  3501.0000    	-0.13919551E-02	 0.11367095E-05
  3501.0000    	  3502.0000    	-0.12095224E-02	 0.10057159E-05
  3502.0000    	  3503.0000    	-0.99674718E-03	 0.89033341E-06
  3503.0000    	  3504.0000    	-0.77456631E-03	 0.77704536E-06
  3504.0000    	  3505.0000    	-0.56307130E-03	 0.65770899E-06
  3505.0000    	  3506.0000    	-0.38231305E-03	 0.54707416E-06
  3506.0000    	  3507.0000    	-0.23835996E-03	 0.45578859E-06
  3507.0000    	  3508.0000    	-0.13471480E-03	 0.38654181E-06
  3508.0000    	  3509.0000    	-0.67928663E-04	 0.33872365E-06
  3509.0000    	  3510.0000    	-0.15814182E-02	 0.13817427E-05
  3510.0000    	  3511.0000    	-0.15113462E-02	 0.12654061E-05
  3511.0000    	  3512.0000    	-0.13783584E-02	 0.11293103E-05
  3512.0000    	  3513.0000    	-0.11963523E-02	 0.99932763E-06
  3513.0000    	  3514.0000    	-0.98615637E-03	 0.88485933E-06
  3514.0000    	  3515.0000    	-0.76697393E-03	 0.77208715E-06
  3515.0000    	  3516.0000    	-0.55878211E-03	 0.65536254E-06
  3516.0000    	  3517.0000    	-0.37777302E-03	 0.54375629E-06
  3517.0000    	  3518.0000    	-0.23501601E-03	 0.45064026E-06
  3518.0000    	  3519.0000    	-0.13266782E-03	 0.38115624E-06
  3519.0000    	  3520.0000    	-0.67045780E-04	 0.33510360E-06
  3520.0000    	  3521.0000    	-0.15663681E-02	 0.13722583E-05
  3521.0000    	  3522.0000    	-0.14963767E-02	 0.12573646E-05
  3522.0000    	  3523.0000    	-0.13653737E-02	 0.11234468E-05
  3523.0000    	  3524.0000    	-0.11849743E-02	 0.99464464E-06
  3524.0000    	  3525.0000    	-0.97534178E-03	 0.87893665E-06
  3525.0000    	  3526.0000    	-0.75792473E-03	 0.76703792E-06
  3526.0000    	  3527.0000    	-0.55209419E-03	 0.65203468E-06
  3527.0000    	  3528.0000    	-0.37325351E-03	 0.53967692E-06
  3528.0000    	  3529.0000    	-0.23274680E-03	 0.44737126E-06
  3529.0000    	  3530.0000    	-0.13149278E-03	 0.38093834E-06
  3530.0000    	  3531.0000    	-0.65939192E-04	 0.33463940E-06
  3531.0000    	  3532.0000    	-0.15497675E-02	 0.13623310E-05
  3532.0000    	  3533.0000    	-0.14802860E-02	 0.12480148E-05
  3533.0000    	  3534.0000    	-0.13507995E-02	 0.11158327E-05
  3534.0000    	  3535.0000    	-0.11729822E-02	 0.98826015E-06
  3535.0000    	  3536.0000    	-0.96482233E-03	 0.87329125E-06
  3536.0000    	  3537.0000    	-0.74801756E-03	 0.76136873E-06
  3537.0000    	  3538.0000    	-0.54649288E-03	 0.64692974E-06
  3538.0000    	  3539.0000    	-0.36948537E-03	 0.53719685E-06
  3539.0000    	  3540.0000    	-0.22984590E-03	 0.44482129E-06
  3540.0000    	  3541.0000    	-0.12987251E-03	 0.37825341E-06
  3541.0000    	  3542.0000    	-0.65314821E-04	 0.32873085E-06
  3542.0000    	  3543.0000    	-0.15336258E-02	 0.13517655E-05
  3543.0000    	  3544.0000    	-0.14662339E-02	 0.12407453E-05
  3544.0000    	  3545.0000    	-0.13355885E-02	 0.11078235E-05
  3545.0000    	  3546.0000    	-0.11598662E-02	 0.98129253E-06
  3546.0000    	  3547.0000    	-0.95575676E-03	 0.86920841E-06
  3547.0000    	  3548.0000    	-0.74228736E-03	 0.75758645E-06
  3548.0000    	  3549.0000    	-0.54022274E-03	 0.64216897E-06
  3549.0000    	  3550.0000    	-0.36485078E-03	 0.53312212E-06
  3550.0000    	  3551.0000    	-0.22715822E-03	 0.44349573E-06
  3551.0000    	  3552.0000    	-0.12857895E-03	 0.37889792E-06
  3552.0000    	  3553.0000    	-0.65142449E-04	 0.32875215E-06
  3553.0000    	  3554.0000    	-0.15200776E-02	 0.13433796E-05
  3554.0000    	  3555.0000    	-0.14514646E-02	 0.12313235E-05
  3555.0000    	  3556.0000    	-0.13242898E-02	 0.11029207E-05
  3556.0000    	  3557.0000    	-0.11495465E-02	 0.97737716E-06
  3557.0000    	  3558.0000    	-0.94477075E-03	 0.86335971E-06
  3558.0000    	  3559.0000    	-0.73448992E-03	 0.75253568E-06
  3559.0000    	  3560.0000    	-0.53385060E-03	 0.64029880E-06
  3560.0000    	  3561.0000    	-0.36102468E-03	 0.53014197E-06
  3561.0000    	  3562.0000    	-0.22428125E-03	 0.43987927E-06
  3562.0000    	  3563.0000    	-0.12634455E-03	 0.37291990E-06
  3563.0000    	  3564.0000    	-0.63233156E-04	 0.32295167E-06
  3564.0000    	  3565.0000    	-0.15033917E-02	 0.13332897E-05
  3565.0000    	  3566.0000    	-0.14371479E-02	 0.12239322E-05
  3566.0000    	  3567.0000    	-0.13100806E-02	 0.10958545E-05
  3567.0000    	  3568.0000    	-0.11372347E-02	 0.97145016E-06
  3568.0000    	  3569.0000    	-0.93490800E-03	 0.85763431E-06
  3569.0000    	  3570.0000    	-0.72567685E-03	 0.74714855E-06
  3570.0000    	  3571.0000    	-0.52752455E-03	 0.63344677E-06
  3571.0000    	  3572.0000    	-0.35663737E-03	 0.52874428E-06
  3572.0000    	  3573.0000    	-0.22218560E-03	 0.43636991E-06
  3573.0000    	  3574.0000    	-0.12536659E-03	 0.37036894E-06
  3574.0000    	  3575.0000    	-0.59938467E-04	 0.31575228E-06
  3575.0000    	  3576.0000    	-0.14878378E-02	 0.13237532E-05
  3576.0000    	  3577.0000    	-0.14223232E-02	 0.12164671E-05
  3577.0000    	  3578.0000    	-0.12980859E-02	 0.10895003E-05
  3578.0000    	  3579.0000    	-0.11250083E-02	 0.96506382E-06
  3579.0000    	  3580.0000    	-0.92618773E-03	 0.85329023E-06
  3580.0000    	  3581.0000    	-0.71790192E-03	 0.74318434E-06
  3581.0000    	  3582.0000    	-0.52241218E-03	 0.62931510E-06
  3582.0000    	  3583.0000    	-0.35248080E-03	 0.52234768E-06
  3583.0000    	  3584.0000    	-0.21922616E-03	 0.43626245E-06
  3584.0000    	  3585.0000    	-0.12315589E-03	 0.36507310E-06
  3585.0000    	  3586.0000    	-0.63101785E-04	 0.32498593E-06
  3586.0000    	  3587.0000    	-0.14757757E-02	 0.13158551E-05
  3587.0000    	  3588.0000    	-0.14076799E-02	 0.12075174E-05
  3588.0000    	  3589.0000    	-0.12830415E-02	 0.10823601E-05
  3589.0000    	  3590.0000    	-0.11145457E-02	 0.96000107E-06
  3590.0000    	  3591.0000    	-0.91746227E-03	 0.84931035E-06
  3591.0000    	  3592.0000    	-0.71076102E-03	 0.73895216E-06
  3592.0000    	  3593.0000    	-0.51621802E-03	 0.62592784E-06
  3593.0000    	  3594.0000    	-0.34954572E-03	 0.52090967E-06
  3594.0000    	  3595.0000    	-0.21695831E-03	 0.43090380E-06
  3595.0000    	  3596.0000    	-0.12212679E-03	 0.36472227E-06
  3596.0000    	  3597.0000    	-0.61529488E-04	 0.32358960E-06
  3597.0000    	  3598.0000    	-0.14584545E-02	 0.13055950E-05
  3598.0000    	  3599.0000    	-0.13957949E-02	 0.12018019E-05
  3599.0000    	  3600.0000    	-0.12703514E-02	 0.10757695E-05
  3600.0000    	  3601.0000    	-0.11016980E-02	 0.95344059E-06
  3601.0000    	  3602.0000    	-0.90625881E-03	 0.84251203E-06
  3602.0000    	  3603.0000    	-0.70275766E-03	 0.73322522E-06
  3603.0000    	  3604.0000    	-0.51037093E-03	 0.62225769E-06
  3604.0000    	  3605.0000    	-0.34483820E-03	 0.51599806E-06
  3605.0000    	  3606.0000    	-0.20547441E-03	 0.41868983E-06
  3606.0000    	  3607.0000    	-0.12067861E-03	 0.36181610E-06
  3607.0000    	  3608.0000    	-0.58725063E-04	 0.31051465E-06
  3608.0000    	  3609.0000    	-0.14447341E-02	 0.12971706E-05
  3609.0000    	  3610.0000    	-0.13800463E-02	 0.11927089E-05
  3610.0000    	  3611.0000    	-0.12580111E-02	 0.10703051E-05
  3611.0000    	  3612.0000    	-0.10915106E-02	 0.94853134E-06
  3612.0000    	  3613.0000    	-0.89605418E-03	 0.83693488E-06
  3613.0000    	  3614.0000    	-0.69504221E-03	 0.72875989E-06
  3614.0000    	  3615.0000    	-0.50587650E-03	 0.61918172E-06
  3615.0000    	  3616.0000    	-0.34083374E-03	 0.51308337E-06
  3616.0000    	  3617.0000    	-0.21196192E-03	 0.42501912E-06
  3617.0000    	  3618.0000    	-0.11961275E-03	 0.36169790E-06
  3618.0000    	  3619.0000    	-0.60721820E-04	 0.31826107E-06
  3619.0000    	  3620.0000    	-0.14285419E-02	 0.12877668E-05
  3620.0000    	  3621.0000    	-0.13665947E-02	 0.11856524E-05
  3621.0000    	  3622.0000    	-0.12439924E-02	 0.10625452E-05
  3622.0000    	  3623.0000    	-0.10791585E-02	 0.94277690E-06
  3623.0000    	  3624.0000    	-0.88796154E-03	 0.83332214E-06
  3624.0000    	  3625.0000    	-0.68801293E-03	 0.72498297E-06
  3625.0000    	  3626.0000    	-0.49961115E-03	 0.61350571E-06
  3626.0000    	  3627.0000    	-0.33755265E-03	 0.51121124E-06
  3627.0000    	  3628.0000    	-0.20899893E-03	 0.42354343E-06
  3628.0000    	  3629.0000    	-0.11835632E-03	 0.36036558E-06
  3629.0000    	  3630.0000    	-0.59387625E-04	 0.31317291E-06
  3630.0000    	  3631.0000    	-0.14161328E-02	 0.12800123E-05
  3631.0000    	  3632.0000    	-0.13530443E-02	 0.11784075E-05
  3632.0000    	  3633.0000    	-0.12332866E-02	 0.10581558E-05
  3633.0000    	  3634.0000    	-0.10686515E-02	 0.93770967E-06
  3634.0000    	  3635.0000    	-0.87728701E-03	 0.82714952E-06
  3635.0000    	  3636.0000    	-0.68141009E-03	 0.72057252E-06
  3636.0000    	  3637.0000    	-0.49470029E-03	 0.61155005E-06
  3637.0000    	  3638.0000    	-0.33323806E-03	 0.50748698E-06
  3638.0000    	  3639.0000    	-0.20734153E-03	 0.42062688E-06
  3639.0000    	  3640.0000    	-0.11740857E-03	 0.35747382E-06
  3640.0000    	  3641.0000    	-0.59084677E-04	 0.31077081E-06
  3641.0000    	  3642.0000    	-0.14029599E-02	 0.12730139E-05
  3642.0000    	  3643.0000    	-0.13389419E-02	 0.11706803E-05
  3643.0000    	  3644.0000    	-0.12191338E-02	 0.10516397E-05
  3644.0000    	  3645.0000    	-0.10582150E-02	 0.93234182E-06
  3645.0000    	  3646.0000    	-0.87031887E-03	 0.82365154E-06
  3646.0000    	  3647.0000    	-0.67302712E-03	 0.71516125E-06
  3647.0000    	  3648.0000    	-0.48869914E-03	 0.60643057E-06
  3648.0000    	  3649.0000    	-0.33000431E-03	 0.50392040E-06
  3649.0000    	  3650.0000    	-0.20502216E-03	 0.41902579E-06
  3650.0000    	  3651.0000    	-0.11537851E-03	 0.35457030E-06
  3651.0000    	  3652.0000    	-0.58504721E-04	 0.30961862E-06
  3652.0000    	  3653.0000    	-0.13895158E-02	 0.12643590E-05
  3653.0000    	  3654.0000    	-0.13247597E-02	 0.11637224E-05
  3654.0000    	  3655.0000    	-0.12072347E-02	 0.10468508E-05
  3655.0000    	  3656.0000    	-0.10462696E-02	 0.92655556E-06
  3656.0000    	  3657.0000    	-0.85886917E-03	 0.81692740E-06
  3657.0000    	  3658.0000    	-0.66606036E-03	 0.71061035E-06
  3658.0000    	  3659.0000    	-0.48349755E-03	 0.60236599E-06
  3659.0000    	  3660.0000    	-0.32580687E-03	 0.49974996E-06
  3660.0000    	  3661.0000    	-0.20252248E-03	 0.41643466E-06
  3661.0000    	  3662.0000    	-0.11449619E-03	 0.35281349E-06
  3662.0000    	  3663.0000    	-0.51166297E-04	 0.29089664E-06
  3663.0000    	  3664.0000    	-0.13742474E-02	 0.12553766E-05
  3664.0000    	  3665.0000    	-0.13124810E-02	 0.11571753E-05
  3665.0000    	  3666.0000    	-0.11957901E-02	 0.10394913E-05
  3666.0000    	  3667.0000    	-0.10357414E-02	 0.92162102E-06
  3667.0000    	  3668.0000    	-0.85172174E-03	 0.81415176E-06
  3668.0000    	  3669.0000    	-0.65893879E-03	 0.70726972E-06
  3669.0000    	  3670.0000    	-0.47827571E-03	 0.59885992E-06
  3670.0000    	  3671.0000    	-0.32238294E-03	 0.49748630E-06
  3671.0000    	  3672.0000    	-0.19989375E-03	 0.41166683E-06
  3672.0000    	  3673.0000    	-0.11250526E-03	 0.34806782E-06
  3673.0000    	  3674.0000    	-0.57579285E-04	 0.30759869E-06
  3674.0000    	  3675.0000    	-0.13597047E-02	 0.12470705E-05
  3675.0000    	  3676.0000    	-0.12982788E-02	 0.11495615E-05
  3676.0000    	  3677.0000    	-0.11842022E-02	 0.10348882E-05
  3677.0000    	  3678.0000    	-0.10255027E-02	 0.91695338E-06
  3678.0000    	  3679.0000    	-0.84231790E-03	 0.80821528E-06
  3679.0000    	  3680.0000    	-0.65247947E-03	 0.70259112E-06
  3680.0000    	  3681.0000    	-0.47277079E-03	 0.59491593E-06
  3681.0000    	  3682.0000    	-0.31897255E-03	 0.49469013E-06
  3682.0000    	  3683.0000    	-0.19784353E-03	 0.40958575E-06
  3683.0000    	  3684.0000    	-0.11183062E-03	 0.34664588E-06
  3684.0000    	  3685.0000    	-0.56406351E-04	 0.30253387E-06
  3685.0000    	  3686.0000    	-0.13463092E-02	 0.12388690E-05
  3686.0000    	  3687.0000    	-0.12883976E-02	 0.11449861E-05
  3687.0000    	  3688.0000    	-0.11720350E-02	 0.10287910E-05
  3688.0000    	  3689.0000    	-0.10156568E-02	 0.91212055E-06
  3689.0000    	  3690.0000    	-0.83322387E-03	 0.80286903E-06
  3690.0000    	  3691.0000    	-0.64571610E-03	 0.69870314E-06
  3691.0000    	  3692.0000    	-0.46779910E-03	 0.59076743E-06
  3692.0000    	  3693.0000    	-0.31539342E-03	 0.49175359E-06
  3693.0000    	  3694.0000    	-0.19494665E-03	 0.40623321E-06
  3694.0000    	  3695.0000    	-0.11040953E-03	 0.34852993E-06
  3695.0000    	  3696.0000    	-0.55801680E-04	 0.30175920E-06
  3696.0000    	  3697.0000    	-0.13345266E-02	 0.12319868E-05
  3697.0000    	  3698.0000    	-0.12730624E-02	 0.11366287E-05
  3698.0000    	  3699.0000    	-0.11591231E-02	 0.10224430E-05
  3699.0000    	  3700.0000    	-0.10054138E-02	 0.90651839E-06
  3700.0000    	  3701.0000    	-0.82455392E-03	 0.79801361E-06
  3701.0000    	  3702.0000    	-0.63811453E-03	 0.69308066E-06
  3702.0000    	  3703.0000    	-0.46247014E-03	 0.58651854E-06
  3703.0000    	  3704.0000    	-0.31078379E-03	 0.49029303E-06
  3704.0000    	  3705.0000    	-0.19338616E-03	 0.40443128E-06
  3705.0000    	  3706.0000    	-0.10864695E-03	 0.34169734E-06
  3706.0000    	  3707.0000    	-0.52998133E-04	 0.29452112E-06
  3707.0000    	  3708.0000    	-0.13213790E-02	 0.12241184E-05
  3708.0000    	  3709.0000    	-0.12622965E-02	 0.11311312E-05
  3709.0000    	  3710.0000    	-0.11485125E-02	 0.10181459E-05
  3710.0000    	  3711.0000    	-0.99414042E-03	 0.90069003E-06
  3711.0000    	  3712.0000    	-0.81693965E-03	 0.79440409E-06
  3712.0000    	  3713.0000    	-0.63099340E-03	 0.68889115E-06
  3713.0000    	  3714.0000    	-0.45715954E-03	 0.58342324E-06
  3714.0000    	  3715.0000    	-0.30767137E-03	 0.48379902E-06
  3715.0000    	  3716.0000    	-0.19084372E-03	 0.40235625E-06
  3716.0000    	  3717.0000    	-0.10810137E-03	 0.34101555E-06
  3717.0000    	  3718.0000    	-0.54902020E-04	 0.29961937E-06
  3718.0000    	  3719.0000    	-0.13064002E-02	 0.12164891E-05
  3719.0000    	  3720.0000    	-0.12484453E-02	 0.11236912E-05
  3720.0000    	  3721.0000    	-0.11369553E-02	 0.10121507E-05
  3721.0000    	  3722.0000    	-0.98393456E-03	 0.89558898E-06
  3722.0000    	  3723.0000    	-0.80757308E-03	 0.78919452E-06
  3723.0000    	  3724.0000    	-0.62516011E-03	 0.68513914E-06
  3724.0000    	  3725.0000    	-0.45269495E-03	 0.58059147E-06
  3725.0000    	  3726.0000    	-0.30460693E-03	 0.48077327E-06
  3726.0000    	  3727.0000    	-0.18861092E-03	 0.39914957E-06
  3727.0000    	  3728.0000    	-0.10634842E-03	 0.34012305E-06
  3728.0000    	  3729.0000    	-0.54338976E-04	 0.29598010E-06
  3729.0000    	  3730.0000    	-0.12960411E-02	 0.12101797E-05
  3730.0000    	  3731.0000    	-0.12361798E-02	 0.11178540E-05
  3731.0000    	  3732.0000    	-0.11252547E-02	 0.10058253E-05
  3732.0000    	  3733.0000    	-0.97367678E-03	 0.89094647E-06
  3733.0000    	  3734.0000    	-0.79922806E-03	 0.78605429E-06
  3734.0000    	  3735.0000    	-0.61802615E-03	 0.68051338E-06
  3735.0000    	  3736.0000    	-0.44744468E-03	 0.57590559E-06
  3736.0000    	  3737.0000    	-0.30139452E-03	 0.47894527E-06
  3737.0000    	  3738.0000    	-0.18665596E-03	 0.39673892E-06
  3738.0000    	  3739.0000    	-0.10552354E-03	 0.33596248E-06
  3739.0000    	  3740.0000    	-0.52962910E-04	 0.29171446E-06
  3740.0000    	  3741.0000    	-0.12808730E-02	 0.12007852E-05
  3741.0000    	  3742.0000    	-0.12224426E-02	 0.11109441E-05
  3742.0000    	  3743.0000    	-0.11145397E-02	 0.10012972E-05
  3743.0000    	  3744.0000    	-0.96517873E-03	 0.88610143E-06
  3744.0000    	  3745.0000    	-0.79156964E-03	 0.77998674E-06
  3745.0000    	  3746.0000    	-0.61128973E-03	 0.67676334E-06
  3746.0000    	  3747.0000    	-0.44278473E-03	 0.57295190E-06
  3747.0000    	  3748.0000    	-0.29796152E-03	 0.47584655E-06
  3748.0000    	  3749.0000    	-0.18476980E-03	 0.39481833E-06
  3749.0000    	  3750.0000    	-0.10379802E-03	 0.33287320E-06
  3750.0000    	  3751.0000    	-0.51680137E-04	 0.28983891E-06
  3751.0000    	  3752.0000    	-0.12703435E-02	 0.11955039E-05
  3752.0000    	  3753.0000    	-0.12123913E-02	 0.11056525E-05
  3753.0000    	  3754.0000    	-0.11020078E-02	 0.99501875E-06
  3754.0000    	  3755.0000    	-0.95413796E-03	 0.88106439E-06
  3755.0000    	  3756.0000    	-0.78301620E-03	 0.77560900E-06
  3756.0000    	  3757.0000    	-0.60440987E-03	 0.67192383E-06
  3757.0000    	  3758.0000    	-0.43848500E-03	 0.57029316E-06
  3758.0000    	  3759.0000    	-0.29450039E-03	 0.47332604E-06
  3759.0000    	  3760.0000    	-0.18201673E-03	 0.39123789E-06
  3760.0000    	  3761.0000    	-0.10020827E-03	 0.32770440E-06
  3761.0000    	  3762.0000    	-0.52318619E-04	 0.29023583E-06
  3762.0000    	  3763.0000    	-0.12562650E-02	 0.11874571E-05
  3763.0000    	  3764.0000    	-0.11991807E-02	 0.10989668E-05
  3764.0000    	  3765.0000    	-0.10932081E-02	 0.99105458E-06
  3765.0000    	  3766.0000    	-0.94546016E-03	 0.87611948E-06
  3766.0000    	  3767.0000    	-0.77530932E-03	 0.77092219E-06
  3767.0000    	  3768.0000    	-0.59902983E-03	 0.66874999E-06
  3768.0000    	  3769.0000    	-0.43384646E-03	 0.56645695E-06
  3769.0000    	  3770.0000    	-0.29147929E-03	 0.46976807E-06
  3770.0000    	  3771.0000    	-0.18023138E-03	 0.38911869E-06
  3771.0000    	  3772.0000    	-0.99461598E-04	 0.32590317E-06
  3772.0000    	  3773.0000    	-0.51828542E-04	 0.29043138E-06
  3773.0000    	  3774.0000    	-0.12454094E-02	 0.11815765E-05
  3774.0000    	  3775.0000    	-0.11864578E-02	 0.10925044E-05
  3775.0000    	  3776.0000    	-0.10804047E-02	 0.98434404E-06
  3776.0000    	  3777.0000    	-0.93491862E-03	 0.87078734E-06
  3777.0000    	  3778.0000    	-0.76592265E-03	 0.76486327E-06
  3778.0000    	  3779.0000    	-0.59160161E-03	 0.66364587E-06
  3779.0000    	  3780.0000    	-0.42788999E-03	 0.56174131E-06
  3780.0000    	  3781.0000    	-0.28838589E-03	 0.46786779E-06
  3781.0000    	  3782.0000    	-0.17832818E-03	 0.38683756E-06
  3782.0000    	  3783.0000    	-0.99823368E-04	 0.32732250E-06
  3783.0000    	  3784.0000    	-0.51768542E-04	 0.28754460E-06
  3784.0000    	  3785.0000    	-0.12324947E-02	 0.11746507E-05
  3785.0000    	  3786.0000    	-0.11768469E-02	 0.10875100E-05
  3786.0000    	  3787.0000    	-0.10707512E-02	 0.98055952E-06
  3787.0000    	  3788.0000    	-0.92509199E-03	 0.86560666E-06
  3788.0000    	  3789.0000    	-0.75874920E-03	 0.76149282E-06
  3789.0000    	  3790.0000    	-0.58630974E-03	 0.66078629E-06
  3790.0000    	  3791.0000    	-0.42400531E-03	 0.55863772E-06
  3791.0000    	  3792.0000    	-0.28431220E-03	 0.46226685E-06
  3792.0000    	  3793.0000    	-0.17602613E-03	 0.39023803E-06
  3793.0000    	  3794.0000    	-0.99341238E-04	 0.32677872E-06
  3794.0000    	  3795.0000    	-0.49919103E-04	 0.28230093E-06
  3795.0000    	  3796.0000    	-0.12190814E-02	 0.11666095E-05
  3796.0000    	  3797.0000    	-0.11646793E-02	 0.10817025E-05
  3797.0000    	  3798.0000    	-0.10613934E-02	 0.97576390E-06
  3798.0000    	  3799.0000    	-0.91751583E-03	 0.86281578E-06
  3799.0000    	  3800.0000    	-0.75079425E-03	 0.75680714E-06
  3800.0000    	  3801.0000    	-0.57973419E-03	 0.65524661E-06
  3801.0000    	  3802.0000    	-0.41967527E-03	 0.55513926E-06
  3802.0000    	  3803.0000    	-0.28145418E-03	 0.46139208E-06
  3803.0000    	  3804.0000    	-0.17423277E-03	 0.38210297E-06
  3804.0000    	  3805.0000    	-0.82735709E-04	 0.29706283E-06
  3805.0000    	  3806.0000    	-0.50339727E-04	 0.28926409E-06
  3806.0000    	  3807.0000    	-0.12076156E-02	 0.11605726E-05
  3807.0000    	  3808.0000    	-0.11531535E-02	 0.10759148E-05
  3808.0000    	  3809.0000    	-0.10485093E-02	 0.96820189E-06
  3809.0000    	  3810.0000    	-0.90698863E-03	 0.85656619E-06
  3810.0000    	  3811.0000    	-0.74314059E-03	 0.75251390E-06
  3811.0000    	  3812.0000    	-0.57373914E-03	 0.65213902E-06
  3812.0000    	  3813.0000    	-0.41427107E-03	 0.55135629E-06
  3813.0000    	  3814.0000    	-0.27781816E-03	 0.45700684E-06
  3814.0000    	  3815.0000    	-0.17225849E-03	 0.38039979E-06
  3815.0000    	  3816.0000    	-0.97240898E-04	 0.32274845E-06
  3816.0000    	  3817.0000    	-0.48484340E-04	 0.27723153E-06
  3817.0000    	  3818.0000    	-0.11959626E-02	 0.11549032E-05
  3818.0000    	  3819.0000    	-0.11414718E-02	 0.10703187E-05
  3819.0000    	  3820.0000    	-0.10381297E-02	 0.96427648E-06
  3820.0000    	  3821.0000    	-0.89829755E-03	 0.85232024E-06
  3821.0000    	  3822.0000    	-0.73623270E-03	 0.74830803E-06
  3822.0000    	  3823.0000    	-0.56729661E-03	 0.64790481E-06
  3823.0000    	  3824.0000    	-0.41047061E-03	 0.55199148E-06
  3824.0000    	  3825.0000    	-0.27547319E-03	 0.45960036E-06
  3825.0000    	  3826.0000    	-0.17042270E-03	 0.37791511E-06
  3826.0000    	  3827.0000    	-0.95840782E-04	 0.31799428E-06
  3827.0000    	  3828.0000    	-0.48726797E-04	 0.27883711E-06
  3828.0000    	  3829.0000    	-0.11845536E-02	 0.11486957E-05
  3829.0000    	  3830.0000    	-0.11309400E-02	 0.10648517E-05
  3830.0000    	  3831.0000    	-0.10271895E-02	 0.95805511E-06
  3831.0000    	  3832.0000    	-0.88891711E-03	 0.84660318E-06
  3832.0000    	  3833.0000    	-0.72792211E-03	 0.74339249E-06
  3833.0000    	  3834.0000    	-0.56175451E-03	 0.64380959E-06
  3834.0000    	  3835.0000    	-0.40570396E-03	 0.54432352E-06
  3835.0000    	  3836.0000    	-0.27227559E-03	 0.45217654E-06
  3836.0000    	  3837.0000    	-0.16821370E-03	 0.37670792E-06
  3837.0000    	  3838.0000    	-0.94379104E-04	 0.31656919E-06
  3838.0000    	  3839.0000    	-0.46058100E-04	 0.27126250E-06
  3839.0000    	  3840.0000    	-0.11714853E-02	 0.11411055E-05
  3840.0000    	  3841.0000    	-0.11179783E-02	 0.10578365E-05
  3841.0000    	  3842.0000    	-0.10178780E-02	 0.95369845E-06
  3842.0000    	  3843.0000    	-0.87921150E-03	 0.84153936E-06
  3843.0000    	  3844.0000    	-0.72118525E-03	 0.74005653E-06
  3844.0000    	  3845.0000    	-0.55572842E-03	 0.64035278E-06
  3845.0000    	  3846.0000    	-0.40081288E-03	 0.54136668E-06
  3846.0000    	  3847.0000    	-0.26911960E-03	 0.44961197E-06
  3847.0000    	  3848.0000    	-0.16640751E-03	 0.37187123E-06
  3848.0000    	  3849.0000    	-0.93875240E-04	 0.31709100E-06
  3849.0000    	  3850.0000    	-0.32091542E-04	 0.22499720E-06
  3850.0000    	  3851.0000    	-0.11615824E-02	 0.11360333E-05
  3851.0000    	  3852.0000    	-0.11080116E-02	 0.10532615E-05
  3852.0000    	  3853.0000    	-0.10077482E-02	 0.94965453E-06
  3853.0000    	  3854.0000    	-0.87141451E-03	 0.83826037E-06
  3854.0000    	  3855.0000    	-0.71245176E-03	 0.73445361E-06
  3855.0000    	  3856.0000    	-0.54976432E-03	 0.63581823E-06
  3856.0000    	  3857.0000    	-0.39716002E-03	 0.53839009E-06
  3857.0000    	  3858.0000    	-0.26586964E-03	 0.44630256E-06
  3858.0000    	  3859.0000    	-0.16405241E-03	 0.36932573E-06
  3859.0000    	  3860.0000    	-0.93244490E-04	 0.31732257E-06
  3860.0000    	  3861.0000    	-0.45243230E-04	 0.26721897E-06
  3861.0000    	  3862.0000    	-0.11501934E-02	 0.11306878E-05
  3862.0000    	  3863.0000    	-0.10968273E-02	 0.10478570E-05
  3863.0000    	  3864.0000    	-0.99783139E-03	 0.94364609E-06
  3864.0000    	  3865.0000    	-0.86245830E-03	 0.83296085E-06
  3865.0000    	  3866.0000    	-0.70579108E-03	 0.73071278E-06
  3866.0000    	  3867.0000    	-0.54462806E-03	 0.63687942E-06
  3867.0000    	  3868.0000    	-0.39283926E-03	 0.53505982E-06
  3868.0000    	  3869.0000    	-0.26329164E-03	 0.44542225E-06
  3869.0000    	  3870.0000    	-0.15736247E-03	 0.36196711E-06
  3870.0000    	  3871.0000    	-0.91179714E-04	 0.31118492E-06
  3871.0000    	  3872.0000    	-0.64613312E-05	 0.10000927E-06
  3872.0000    	  3873.0000    	-0.11388286E-02	 0.11239333E-05
  3873.0000    	  3874.0000    	-0.10872536E-02	 0.10432864E-05
  3874.0000    	  3875.0000    	-0.98653540E-03	 0.93742103E-06
  3875.0000    	  3876.0000    	-0.85406845E-03	 0.82877811E-06
  3876.0000    	  3877.0000    	-0.69889244E-03	 0.72659054E-06
  3877.0000    	  3878.0000    	-0.53814712E-03	 0.62795023E-06
  3878.0000    	  3879.0000    	-0.38842427E-03	 0.53222211E-06
  3879.0000    	  3880.0000    	-0.26045272E-03	 0.44132981E-06
  3880.0000    	  3881.0000    	-0.16090796E-03	 0.36600909E-06
  3881.0000    	  3882.0000    	-0.90342511E-04	 0.31155096E-06
  3882.0000    	  3883.0000    	-0.46463645E-04	 0.27476645E-06
  3883.0000    	  3884.0000    	-0.11276081E-02	 0.11183218E-05
  3884.0000    	  3885.0000    	-0.10745890E-02	 0.10362803E-05
  3885.0000    	  3886.0000    	-0.97818529E-03	 0.93421160E-06
  3886.0000    	  3887.0000    	-0.84533652E-03	 0.82379617E-06
  3887.0000    	  3888.0000    	-0.69085851E-03	 0.72105524E-06
  3888.0000    	  3889.0000    	-0.53290935E-03	 0.62550605E-06
  3889.0000    	  3890.0000    	-0.38452196E-03	 0.52842533E-06
  3890.0000    	  3891.0000    	-0.25763608E-03	 0.43985700E-06
  3891.0000    	  3892.0000    	-0.15901573E-03	 0.36398738E-06
  3892.0000    	  3893.0000    	-0.89605964E-04	 0.30689389E-06
  3893.0000    	  3894.0000    	-0.43298954E-04	 0.26296077E-06
  3894.0000    	  3895.0000    	-0.11165910E-02	 0.11127344E-05
  3895.0000    	  3896.0000    	-0.10656429E-02	 0.10326774E-05
  3896.0000    	  3897.0000    	-0.96751097E-03	 0.92833040E-06
  3897.0000    	  3898.0000    	-0.83611575E-03	 0.81868835E-06
  3898.0000    	  3899.0000    	-0.68439674E-03	 0.71755814E-06
  3899.0000    	  3900.0000    	-0.52670262E-03	 0.62019612E-06
  3900.0000    	  3901.0000    	-0.37963074E-03	 0.52391392E-06
  3901.0000    	  3902.0000    	-0.25451898E-03	 0.43642486E-06
  3902.0000    	  3903.0000    	-0.15692255E-03	 0.36128066E-06
  3903.0000    	  3904.0000    	-0.88821188E-04	 0.30803020E-06
  3904.0000    	  3905.0000    	-0.12414210E-05	 0.45491683E-07
  3905.0000    	  3906.0000    	-0.11049011E-02	 0.11068500E-05
  3906.0000    	  3907.0000    	-0.10546162E-02	 0.10276907E-05
  3907.0000    	  3908.0000    	-0.95858311E-03	 0.92372624E-06
  3908.0000    	  3909.0000    	-0.82799628E-03	 0.81417164E-06
  3909.0000    	  3910.0000    	-0.67663365E-03	 0.71276213E-06
  3910.0000    	  3911.0000    	-0.52206192E-03	 0.61806014E-06
  3911.0000    	  3912.0000    	-0.37541050E-03	 0.52082878E-06
  3912.0000    	  3913.0000    	-0.25008878E-03	 0.43209184E-06
  3913.0000    	  3914.0000    	-0.15581788E-03	 0.36258413E-06
  3914.0000    	  3915.0000    	-0.87489564E-04	 0.30337972E-06
  3915.0000    	  3916.0000    	-0.36284841E-04	 0.24760450E-06
  3916.0000    	  3917.0000    	-0.10939205E-02	 0.11012787E-05
  3917.0000    	  3918.0000    	-0.10437768E-02	 0.10215175E-05
  3918.0000    	  3919.0000    	-0.94881102E-03	 0.91851277E-06
  3919.0000    	  3920.0000    	-0.81944520E-03	 0.80954957E-06
  3920.0000    	  3921.0000    	-0.67058564E-03	 0.70984639E-06
  3921.0000    	  3922.0000    	-0.51512153E-03	 0.61210375E-06
  3922.0000    	  3923.0000    	-0.37207475E-03	 0.51899343E-06
  3923.0000    	  3924.0000    	-0.24895249E-03	 0.43124341E-06
  3924.0000    	  3925.0000    	-0.15347549E-03	 0.35717088E-06
  3925.0000    	  3926.0000    	-0.87040396E-04	 0.30378783E-06
  3926.0000    	  3927.0000    	-0.44140370E-04	 0.26304096E-06
  3927.0000    	  3928.0000    	-0.10838598E-02	 0.10964517E-05
  3928.0000    	  3929.0000    	-0.10344165E-02	 0.10171585E-05
  3929.0000    	  3930.0000    	-0.94040424E-03	 0.91456330E-06
  3930.0000    	  3931.0000    	-0.81204783E-03	 0.80606435E-06
  3931.0000    	  3932.0000    	-0.66242346E-03	 0.70386384E-06
  3932.0000    	  3933.0000    	-0.51082794E-03	 0.60990707E-06
  3933.0000    	  3934.0000    	-0.36846005E-03	 0.51562416E-06
  3934.0000    	  3935.0000    	-0.24591749E-03	 0.42864418E-06
  3935.0000    	  3936.0000    	-0.15240014E-03	 0.35582233E-06
  3936.0000    	  3937.0000    	-0.85358008E-04	 0.30081883E-06
  3937.0000    	  3938.0000    	-0.43442234E-04	 0.26044548E-06
  3938.0000    	  3939.0000    	-0.10729530E-02	 0.10904937E-05
  3939.0000    	  3940.0000    	-0.10241634E-02	 0.10126422E-05
  3940.0000    	  3941.0000    	-0.93006860E-03	 0.90929971E-06
  3941.0000    	  3942.0000    	-0.80350072E-03	 0.80047966E-06
  3942.0000    	  3943.0000    	-0.65663271E-03	 0.70074470E-06
  3943.0000    	  3944.0000    	-0.50549898E-03	 0.60583784E-06
  3944.0000    	  3945.0000    	-0.36354725E-03	 0.51183689E-06
  3945.0000    	  3946.0000    	-0.24413953E-03	 0.42633795E-06
  3946.0000    	  3947.0000    	-0.14808536E-03	 0.35281723E-06
  3947.0000    	  3948.0000    	-0.84133803E-04	 0.29750375E-06
  3948.0000    	  3949.0000    	-0.42060288E-04	 0.25545746E-06
  3949.0000    	  3950.0000    	-0.10633244E-02	 0.10862135E-05
  3950.0000    	  3951.0000    	-0.10146260E-02	 0.10073590E-05
  3951.0000    	  3952.0000    	-0.92214005E-03	 0.90550797E-06
  3952.0000    	  3953.0000    	-0.79432354E-03	 0.79524682E-06
  3953.0000    	  3954.0000    	-0.65042335E-03	 0.69742904E-06
  3954.0000    	  3955.0000    	-0.50030241E-03	 0.60217299E-06
  3955.0000    	  3956.0000    	-0.35996021E-03	 0.50914816E-06
  3956.0000    	  3957.0000    	-0.24053871E-03	 0.42351391E-06
  3957.0000    	  3958.0000    	-0.14800481E-03	 0.35006925E-06
  3958.0000    	  3959.0000    	-0.51177211E-04	 0.23221245E-06
  3959.0000    	  3960.0000    	-0.42080893E-04	 0.25505203E-06
  3960.0000    	  3961.0000    	-0.10524033E-02	 0.10806892E-05
  3961.0000    	  3962.0000    	-0.10027881E-02	 0.10005871E-05
  3962.0000    	  3963.0000    	-0.91196386E-03	 0.89967693E-06
  3963.0000    	  3964.0000    	-0.78825669E-03	 0.79213983E-06
  3964.0000    	  3965.0000    	-0.64260269E-03	 0.69168713E-06
  3965.0000    	  3966.0000    	-0.49449688E-03	 0.59812962E-06
  3966.0000    	  3967.0000    	-0.35680717E-03	 0.50745059E-06
  3967.0000    	  3968.0000    	-0.23828303E-03	 0.42066422E-06
  3968.0000    	  3969.0000    	-0.14685910E-03	 0.34920899E-06
  3969.0000    	  3970.0000    	-0.83402402E-04	 0.29750673E-06
  3970.0000    	  3971.0000    	-0.42177404E-04	 0.25516785E-06
  3971.0000    	  3972.0000    	-0.10434067E-02	 0.10773239E-05
  3972.0000    	  3973.0000    	-0.99378509E-03	 0.99677699E-06
  3973.0000    	  3974.0000    	-0.90278176E-03	 0.89506977E-06
  3974.0000    	  3975.0000    	-0.77947268E-03	 0.78697054E-06
  3975.0000    	  3976.0000    	-0.63669711E-03	 0.68803384E-06
  3976.0000    	  3977.0000    	-0.48932664E-03	 0.59510467E-06
  3977.0000    	  3978.0000    	-0.35209944E-03	 0.50296005E-06
  3978.0000    	  3979.0000    	-0.23592001E-03	 0.41882343E-06
  3979.0000    	  3980.0000    	-0.14551899E-03	 0.35028310E-06
  3980.0000    	  3981.0000    	-0.80625978E-04	 0.29243027E-06
  3981.0000    	  3982.0000    	-0.41180847E-04	 0.25460790E-06
  3982.0000    	  3983.0000    	-0.10309055E-02	 0.10704954E-05
  3983.0000    	  3984.0000    	-0.98448504E-03	 0.99256587E-06
  3984.0000    	  3985.0000    	-0.89516486E-03	 0.89107812E-06
  3985.0000    	  3986.0000    	-0.77105361E-03	 0.78216193E-06
  3986.0000    	  3987.0000    	-0.63024465E-03	 0.68419985E-06
  3987.0000    	  3988.0000    	-0.48477160E-03	 0.59165035E-06
  3988.0000    	  3989.0000    	-0.34891444E-03	 0.50099148E-06
  3989.0000    	  3990.0000    	-0.23293843E-03	 0.41612279E-06
  3990.0000    	  3991.0000    	-0.14384028E-03	 0.34661819E-06
  3991.0000    	  3992.0000    	-0.80333192E-04	 0.29309057E-06
  3992.0000    	  3993.0000    	-0.41398581E-04	 0.25241823E-06
  3993.0000    	  3994.0000    	-0.10216297E-02	 0.10659504E-05
  3994.0000    	  3995.0000    	-0.97528794E-03	 0.98768872E-06
  3995.0000    	  3996.0000    	-0.88560974E-03	 0.88542686E-06
  3996.0000    	  3997.0000    	-0.76361329E-03	 0.77801965E-06
  3997.0000    	  3998.0000    	-0.62418019E-03	 0.68125630E-06
  3998.0000    	  3999.0000    	-0.47984948E-03	 0.58773941E-06
  3999.0000    	  4000.0000    	-0.34504450E-03	 0.49703572E-06
  4000.0000    	  4001.0000    	-0.23036693E-03	 0.41256985E-06
  4001.0000    	  4002.0000    	-0.14182321E-03	 0.34196144E-06
  4002.0000    	  4003.0000    	-0.80052634E-04	 0.28998386E-06
  4003.0000    	  4004.0000    	-0.19746783E-08	 0.12499480E-08
  4004.0000    	  4005.0000    	-0.10117109E-02	 0.10615011E-05
  4005.0000    	  4006.0000    	-0.96516906E-03	 0.98236930E-06
  4006.0000    	  4007.0000    	-0.87640944E-03	 0.88031229E-06
  4007.0000    	  4008.0000    	-0.75722815E-03	 0.77470404E-06
  4008.0000    	  4009.0000    	-0.61673929E-03	 0.67615984E-06
  4009.0000    	  4010.0000    	-0.47429965E-03	 0.58479709E-06
  4010.0000    	  4011.0000    	-0.34118133E-03	 0.49499282E-06
  4011.0000    	  4012.0000    	-0.22757976E-03	 0.41010584E-06
  4012.0000    	  4013.0000    	-0.14026725E-03	 0.33999976E-06
  4013.0000    	  4014.0000    	-0.78704413E-04	 0.28702027E-06
  4014.0000    	  4015.0000    	-0.40062209E-04	 0.24782599E-06
  4015.0000    	  4016.0000    	-0.10017613E-02	 0.10563405E-05
  4016.0000    	  4017.0000    	-0.95554656E-03	 0.97779916E-06
  4017.0000    	  4018.0000    	-0.86818387E-03	 0.87684871E-06
  4018.0000    	  4019.0000    	-0.74823305E-03	 0.76880201E-06
  4019.0000    	  4020.0000    	-0.61110443E-03	 0.67184138E-06
  4020.0000    	  4021.0000    	-0.46917696E-03	 0.58097215E-06
  4021.0000    	  4022.0000    	-0.33760512E-03	 0.49272189E-06
  4022.0000    	  4023.0000    	-0.22557826E-03	 0.40898438E-06
  4023.0000    	  4024.0000    	-0.13918927E-03	 0.34014672E-06
  4024.0000    	  4025.0000    	-0.77472693E-04	 0.28491214E-06
  4025.0000    	  4026.0000    	-0.39610639E-04	 0.24761164E-06
  4026.0000    	  4027.0000    	-0.99321974E-03	 0.10534653E-05
  4027.0000    	  4028.0000    	-0.94711945E-03	 0.97390060E-06
  4028.0000    	  4029.0000    	-0.85917371E-03	 0.87129881E-06
  4029.0000    	  4030.0000    	-0.74091351E-03	 0.76499627E-06
  4030.0000    	  4031.0000    	-0.60505150E-03	 0.66777693E-06
  4031.0000    	  4032.0000    	-0.46475660E-03	 0.57747250E-06
  4032.0000    	  4033.0000    	-0.33397878E-03	 0.48814175E-06
  4033.0000    	  4034.0000    	-0.22286085E-03	 0.40780257E-06
  4034.0000    	  4035.0000    	-0.13696533E-03	 0.33587494E-06
  4035.0000    	  4036.0000    	-0.77136725E-04	 0.28429189E-06
  4036.0000    	  4037.0000    	-0.39546642E-04	 0.24810276E-06
  4037.0000    	  4038.0000    	-0.98381960E-03	 0.10486403E-05
  4038.0000    	  4039.0000    	-0.93645915E-03	 0.96775782E-06
  4039.0000    	  4040.0000    	-0.85034834E-03	 0.86606294E-06
  4040.0000    	  4041.0000    	-0.73367448E-03	 0.76145611E-06
  4041.0000    	  4042.0000    	-0.59842268E-03	 0.66438003E-06
  4042.0000    	  4043.0000    	-0.46022294E-03	 0.57456701E-06
  4043.0000    	  4044.0000    	-0.33017706E-03	 0.48612269E-06
  4044.0000    	  4045.0000    	-0.22079291E-03	 0.40463321E-06
  4045.0000    	  4046.0000    	-0.13527003E-03	 0.33301943E-06
  4046.0000    	  4047.0000    	-0.76725885E-04	 0.28460226E-06
  4047.0000    	  4048.0000    	-0.44529938E-07	 0.92096307E-08
  4048.0000    	  4049.0000    	-0.97396019E-03	 0.10439087E-05
  4049.0000    	  4050.0000    	-0.92750143E-03	 0.96318339E-06
  4050.0000    	  4051.0000    	-0.84375859E-03	 0.86351171E-06
  4051.0000    	  4052.0000    	-0.72666590E-03	 0.75699087E-06
  4052.0000    	  4053.0000    	-0.59284358E-03	 0.66066470E-06
  4053.0000    	  4054.0000    	-0.45447276E-03	 0.57017433E-06
  4054.0000    	  4055.0000    	-0.32660766E-03	 0.48312424E-06
  4055.0000    	  4056.0000    	-0.21832223E-03	 0.40246977E-06
  4056.0000    	  4057.0000    	-0.13363962E-03	 0.33135592E-06
  4057.0000    	  4058.0000    	-0.73879941E-04	 0.27852184E-06
  4058.0000    	  4059.0000    	-0.38100145E-04	 0.24457971E-06
  4059.0000    	  4060.0000    	-0.96390176E-03	 0.10395862E-05
  4060.0000    	  4061.0000    	-0.91965525E-03	 0.95972726E-06
  4061.0000    	  4062.0000    	-0.83399865E-03	 0.85730513E-06
  4062.0000    	  4063.0000    	-0.71819385E-03	 0.75152277E-06
  4063.0000    	  4064.0000    	-0.58686469E-03	 0.65616032E-06
  4064.0000    	  4065.0000    	-0.45037453E-03	 0.56758703E-06
  4065.0000    	  4066.0000    	-0.32374876E-03	 0.48172214E-06
  4066.0000    	  4067.0000    	-0.21520004E-03	 0.39879456E-06
  4067.0000    	  4068.0000    	-0.13248955E-03	 0.33020309E-06
  4068.0000    	  4069.0000    	-0.74195058E-04	 0.27843309E-06
  4069.0000    	  4070.0000    	-0.37518534E-04	 0.24343442E-06
  4070.0000    	  4071.0000    	-0.95554734E-03	 0.10371323E-05
  4071.0000    	  4072.0000    	-0.90948541E-03	 0.95486993E-06
  4072.0000    	  4073.0000    	-0.82621592E-03	 0.85287245E-06
  4073.0000    	  4074.0000    	-0.71244469E-03	 0.74849924E-06
  4074.0000    	  4075.0000    	-0.58050101E-03	 0.65288419E-06
  4075.0000    	  4076.0000    	-0.44573508E-03	 0.56519659E-06
  4076.0000    	  4077.0000    	-0.31923352E-03	 0.47590024E-06
  4077.0000    	  4078.0000    	-0.21322522E-03	 0.39740635E-06
  4078.0000    	  4079.0000    	-0.13101855E-03	 0.32672860E-06
  4079.0000    	  4080.0000    	-0.73908140E-04	 0.27691720E-06
  4080.0000    	  4081.0000    	-0.37777523E-04	 0.24153206E-06
  4081.0000    	  4082.0000    	-0.94398124E-03	 0.10299881E-05
  4082.0000    	  4083.0000    	-0.90171185E-03	 0.95050278E-06
  4083.0000    	  4084.0000    	-0.81860082E-03	 0.84921398E-06
  4084.0000    	  4085.0000    	-0.70488172E-03	 0.74376606E-06
  4085.0000    	  4086.0000    	-0.57518725E-03	 0.64960414E-06
  4086.0000    	  4087.0000    	-0.44123464E-03	 0.56124205E-06
  4087.0000    	  4088.0000    	-0.31661345E-03	 0.47514530E-06
  4088.0000    	  4089.0000    	-0.21156334E-03	 0.39609626E-06
  4089.0000    	  4090.0000    	-0.12705379E-03	 0.32249095E-06
  4090.0000    	  4091.0000    	-0.72983875E-04	 0.27486528E-06
  4091.0000    	  4092.0000    	-0.16247639E-04	 0.15820302E-06
  4092.0000    	  4093.0000    	-0.93803560E-03	 0.10279530E-05
  4093.0000    	  4094.0000    	-0.89141566E-03	 0.94534208E-06
  4094.0000    	  4095.0000    	-0.80985319E-03	 0.84464479E-06
  4095.0000    	  4096.0000    	-0.69821971E-03	 0.73959404E-06
  4096.0000    	  4097.0000    	-0.56906015E-03	 0.64542056E-06
  4097.0000    	  4098.0000    	-0.43727143E-03	 0.56001346E-06
  4098.0000    	  4099.0000    	-0.31320125E-03	 0.47263879E-06
  4099.0000    	  4100.0000    	-0.20869058E-03	 0.39279239E-06
  4100.0000    	  4101.0000    	-0.12820685E-03	 0.32478436E-06
  4101.0000    	  4102.0000    	-0.55729596E-04	 0.23938552E-06
  4102.0000    	  4103.0000    	-0.11936406E-04	 0.13662225E-06
  4103.0000    	  4104.0000    	-0.92720672E-03	 0.10226136E-05
  4104.0000    	  4105.0000    	-0.88470906E-03	 0.94207112E-06
  4105.0000    	  4106.0000    	-0.80196836E-03	 0.84031886E-06
  4106.0000    	  4107.0000    	-0.69148370E-03	 0.73536831E-06
  4107.0000    	  4108.0000    	-0.56294687E-03	 0.64068284E-06
  4108.0000    	  4109.0000    	-0.43249047E-03	 0.55544089E-06
  4109.0000    	  4110.0000    	-0.30930642E-03	 0.46968374E-06
  4110.0000    	  4111.0000    	-0.20622854E-03	 0.39026637E-06
  4111.0000    	  4112.0000    	-0.12697649E-03	 0.32544688E-06
  4112.0000    	  4113.0000    	-0.39740814E-04	 0.20388998E-06
  4113.0000    	  4114.0000    	-0.34962641E-04	 0.23146979E-06
  4114.0000    	  4115.0000    	-0.91692854E-03	 0.10174792E-05
  4115.0000    	  4116.0000    	-0.87579127E-03	 0.93782707E-06
  4116.0000    	  4117.0000    	-0.79414006E-03	 0.83514009E-06
  4117.0000    	  4118.0000    	-0.68441352E-03	 0.73205660E-06
  4118.0000    	  4119.0000    	-0.55720483E-03	 0.63739400E-06
  4119.0000    	  4120.0000    	-0.42705755E-03	 0.55087536E-06
  4120.0000    	  4121.0000    	-0.30684987E-03	 0.46800387E-06
  4121.0000    	  4122.0000    	-0.20433984E-03	 0.38890744E-06
  4122.0000    	  4123.0000    	-0.12526970E-03	 0.31974914E-06
  4123.0000    	  4124.0000    	-0.70780535E-04	 0.27016161E-06
  4124.0000    	  4125.0000    	-0.16805498E-04	 0.15997079E-06
  4125.0000    	  4126.0000    	-0.91082931E-03	 0.10157200E-05
  4126.0000    	  4127.0000    	-0.86662627E-03	 0.93412044E-06
  4127.0000    	  4128.0000    	-0.78547475E-03	 0.82980179E-06
  4128.0000    	  4129.0000    	-0.67482167E-03	 0.72578319E-06
  4129.0000    	  4130.0000    	-0.55110518E-03	 0.63340414E-06
  4130.0000    	  4131.0000    	-0.42310735E-03	 0.54859790E-06
  4131.0000    	  4132.0000    	-0.30289720E-03	 0.46360145E-06
  4132.0000    	  4133.0000    	-0.20191561E-03	 0.38489486E-06
  4133.0000    	  4134.0000    	-0.12387164E-03	 0.31915309E-06
  4134.0000    	  4135.0000    	-0.69876632E-04	 0.26870180E-06
  4135.0000    	  4136.0000    	-0.34853280E-04	 0.23143511E-06
  4136.0000    	  4137.0000    	-0.90006278E-03	 0.10098767E-05
  4137.0000    	  4138.0000    	-0.85908783E-03	 0.92871377E-06
  4138.0000    	  4139.0000    	-0.77938548E-03	 0.82719799E-06
  4139.0000    	  4140.0000    	-0.67155863E-03	 0.72371881E-06
  4140.0000    	  4141.0000    	-0.54624534E-03	 0.63084422E-06
  4141.0000    	  4142.0000    	-0.41835646E-03	 0.54462748E-06
  4142.0000    	  4143.0000    	-0.30035728E-03	 0.46174351E-06
  4143.0000    	  4144.0000    	-0.19937572E-03	 0.38277393E-06
  4144.0000    	  4145.0000    	-0.12241120E-03	 0.31660004E-06
  4145.0000    	  4146.0000    	-0.68507837E-04	 0.26582191E-06
  4146.0000    	  4147.0000    	-0.34672917E-04	 0.23023837E-06
  4147.0000    	  4148.0000    	-0.89270582E-03	 0.10073079E-05
  4148.0000    	  4149.0000    	-0.84900226E-03	 0.92371915E-06
  4149.0000    	  4150.0000    	-0.77187236E-03	 0.82326763E-06
  4150.0000    	  4151.0000    	-0.66404992E-03	 0.71876644E-06
  4151.0000    	  4152.0000    	-0.54084014E-03	 0.62691931E-06
  4152.0000    	  4153.0000    	-0.41469168E-03	 0.54264938E-06
  4153.0000    	  4154.0000    	-0.29667620E-03	 0.45865405E-06
  4154.0000    	  4155.0000    	-0.19757009E-03	 0.37984766E-06
  4155.0000    	  4156.0000    	-0.12129705E-03	 0.31428791E-06
  4156.0000    	  4157.0000    	-0.68556535E-04	 0.26812513E-06
  4157.0000    	  4158.0000    	-0.44464741E-05	 0.82293403E-07
  4158.0000    	  4159.0000    	-0.88317214E-03	 0.10025593E-05
  4159.0000    	  4160.0000    	-0.84224985E-03	 0.92049951E-06
  4160.0000    	  4161.0000    	-0.76335730E-03	 0.81821039E-06
  4161.0000    	  4162.0000    	-0.65810869E-03	 0.71563660E-06
  4162.0000    	  4163.0000    	-0.53592906E-03	 0.62461435E-06
  4163.0000    	  4164.0000    	-0.40997171E-03	 0.53985671E-06
  4164.0000    	  4165.0000    	-0.29369967E-03	 0.45731068E-06
  4165.0000    	  4166.0000    	-0.18907793E-03	 0.37281744E-06
  4166.0000    	  4167.0000    	-0.11869111E-03	 0.31151833E-06
  4167.0000    	  4168.0000    	-0.39246994E-05	 0.63095190E-07
  4168.0000    	  4169.0000    	-0.33971760E-04	 0.22814279E-06
  4169.0000    	  4170.0000    	-0.87581774E-03	 0.99891901E-06
  4170.0000    	  4171.0000    	-0.83338534E-03	 0.91587294E-06
  4171.0000    	  4172.0000    	-0.75701518E-03	 0.81487006E-06
  4172.0000    	  4173.0000    	-0.65049477E-03	 0.71057724E-06
  4173.0000    	  4174.0000    	-0.52989438E-03	 0.61988121E-06
  4174.0000    	  4175.0000    	-0.40572564E-03	 0.53678308E-06
  4175.0000    	  4176.0000    	-0.28776968E-03	 0.45182511E-06
  4176.0000    	  4177.0000    	-0.19524840E-04	 0.11944045E-06
  4177.0000    	  4178.0000    	-0.11892979E-03	 0.31133329E-06
  4178.0000    	  4179.0000    	-0.66973619E-04	 0.26357079E-06
  4179.0000    	  4180.0000    	-0.34546519E-04	 0.22870522E-06
  4180.0000    	  4181.0000    	-0.86697150E-03	 0.99487757E-06
  4181.0000    	  4182.0000    	-0.82540762E-03	 0.91272443E-06
  4182.0000    	  4183.0000    	-0.74899991E-03	 0.81051281E-06
  4183.0000    	  4184.0000    	-0.64435286E-03	 0.70666781E-06
  4184.0000    	  4185.0000    	-0.52503236E-03	 0.61786191E-06
  4185.0000    	  4186.0000    	-0.40217589E-03	 0.53381827E-06
  4186.0000    	  4187.0000    	-0.28712905E-03	 0.45128701E-06
  4187.0000    	  4188.0000    	-0.19220993E-03	 0.37692103E-06
  4188.0000    	  4189.0000    	-0.11743490E-03	 0.30897155E-06
  4189.0000    	  4190.0000    	-0.66130215E-04	 0.26375818E-06
  4190.0000    	  4191.0000    	-0.77074582E-06	 0.35084491E-07
  4191.0000    	  4192.0000    	-0.85866989E-03	 0.99078754E-06
  4192.0000    	  4193.0000    	-0.81890704E-03	 0.90940649E-06
  4193.0000    	  4194.0000    	-0.74151390E-03	 0.80641260E-06
  4194.0000    	  4195.0000    	-0.63837190E-03	 0.70368647E-06
  4195.0000    	  4196.0000    	-0.51945575E-03	 0.61335039E-06
  4196.0000    	  4197.0000    	-0.39734109E-03	 0.52998290E-06
  4197.0000    	  4198.0000    	-0.28505217E-03	 0.45066460E-06
  4198.0000    	  4199.0000    	-0.18845342E-03	 0.37027802E-06
  4199.0000    	  4200.0000    	-0.11565504E-03	 0.30647080E-06
  4200.0000    	  4201.0000    	-0.64969346E-04	 0.26086189E-06
  4201.0000    	  4202.0000    	-0.32745774E-04	 0.22403132E-06
  4202.0000    	  4203.0000    	-0.85029972E-03	 0.98687052E-06
  4203.0000    	  4204.0000    	-0.81015443E-03	 0.90496616E-06
  4204.0000    	  4205.0000    	-0.73472255E-03	 0.80306597E-06
  4205.0000    	  4206.0000    	-0.63186049E-03	 0.70021388E-06
  4206.0000    	  4207.0000    	-0.51454558E-03	 0.61061391E-06
  4207.0000    	  4208.0000    	-0.39320353E-03	 0.52828039E-06
  4208.0000    	  4209.0000    	-0.28165881E-03	 0.44660598E-06
  4209.0000    	  4210.0000    	-0.18708915E-03	 0.37156524E-06
  4210.0000    	  4211.0000    	-0.11317020E-03	 0.30433286E-06
  4211.0000    	  4212.0000    	-0.58293121E-04	 0.24469533E-06
  4212.0000    	  4213.0000    	-0.21965293E-04	 0.18507197E-06
  4213.0000    	  4214.0000    	-0.84124816E-03	 0.98156316E-06
  4214.0000    	  4215.0000    	-0.80237804E-03	 0.90062266E-06
  4215.0000    	  4216.0000    	-0.72710249E-03	 0.79824873E-06
  4216.0000    	  4217.0000    	-0.62571679E-03	 0.69593186E-06
  4217.0000    	  4218.0000    	-0.50855609E-03	 0.60578585E-06
  4218.0000    	  4219.0000    	-0.38916733E-03	 0.52456722E-06
  4219.0000    	  4220.0000    	-0.27867410E-03	 0.44343673E-06
  4220.0000    	  4221.0000    	-0.18514271E-03	 0.36826759E-06
  4221.0000    	  4222.0000    	-0.11360600E-03	 0.30481309E-06
  4222.0000    	  4223.0000    	-0.61643903E-04	 0.25413659E-06
  4223.0000    	  4224.0000    	-0.32317998E-04	 0.22114122E-06
