3.55499e-06,3.4595e-06,3.33219e-06,3.20183e-06,3.07703e-06,2.9512e-06,2.84076e-06,2.71566e-06,2.59646e-06,2.4867e-06,2.37856e-06
3.28771e-06,3.20572e-06,3.09123e-06,2.9713e-06,2.84718e-06,2.73867e-06,2.62637e-06,2.52296e-06,2.40729e-06,2.3056e-06,2.20562e-06
3.06512e-06,2.98981e-06,2.88503e-06,2.77078e-06,2.6671e-06,2.55633e-06,2.45345e-06,2.35751e-06,2.24315e-06,2.14428e-06,2.04897e-06
2.85561e-06,2.7828e-06,2.68745e-06,2.59164e-06,2.48512e-06,2.38774e-06,2.28323e-06,2.19088e-06,2.08889e-06,1.99329e-06,1.903e-06
2.68278e-06,2.61431e-06,2.5258e-06,2.43852e-06,2.33808e-06,2.24503e-06,2.14407e-06,2.05647e-06,1.96077e-06,1.86824e-06,1.7829e-06
2.53027e-06,2.46723e-06,2.38609e-06,2.30363e-06,2.2078e-06,2.11876e-06,2.02588e-06,1.93815e-06,1.85026e-06,1.7603e-06,1.67952e-06
2.39246e-06,2.32997e-06,2.25254e-06,2.17841e-06,2.08824e-06,2.0023e-06,1.90937e-06,1.8283e-06,1.74298e-06,1.65766e-06,1.58006e-06
2.26886e-06,2.20892e-06,2.13578e-06,2.06589e-06,1.98097e-06,1.89784e-06,1.809e-06,1.73108e-06,1.64966e-06,1.56777e-06,1.49362e-06
2.15488e-06,2.09776e-06,2.02854e-06,1.96316e-06,1.88289e-06,1.80195e-06,1.71755e-06,1.64209e-06,1.5636e-06,1.48573e-06,1.41438e-06
2.05328e-06,1.99764e-06,1.93073e-06,1.86777e-06,1.79427e-06,1.71463e-06,1.63601e-06,1.56148e-06,1.48592e-06,1.41163e-06,1.3435e-06
1.95718e-06,1.90464e-06,1.84195e-06,1.78148e-06,1.71055e-06,1.63409e-06,1.55803e-06,1.4875e-06,1.4141e-06,1.3425e-06,1.27634e-06
1.86834e-06,1.81669e-06,1.75778e-06,1.70038e-06,1.63609e-06,1.56032e-06,1.48767e-06,1.41926e-06,1.34783e-06,1.27968e-06,1.21538e-06
1.78386e-06,1.73728e-06,1.67943e-06,1.62449e-06,1.56074e-06,1.4895e-06,1.42081e-06,1.35411e-06,1.28721e-06,1.21992e-06,1.15828e-06
1.70942e-06,1.66425e-06,1.60884e-06,1.55507e-06,1.49492e-06,1.42697e-06,1.35988e-06,1.29658e-06,1.23067e-06,1.16634e-06,1.10645e-06
1.6375e-06,1.59372e-06,1.54091e-06,1.48855e-06,1.4313e-06,1.36574e-06,1.30289e-06,1.24035e-06,1.17812e-06,1.11535e-06,1.05735e-06
1.57398e-06,1.53047e-06,1.48202e-06,1.42799e-06,1.37515e-06,1.31158e-06,1.25139e-06,1.19041e-06,1.13034e-06,1.06942e-06,1.0133e-06
1.51089e-06,1.46946e-06,1.42291e-06,1.37476e-06,1.32099e-06,1.25983e-06,1.20309e-06,1.14295e-06,1.08517e-06,1.02706e-06,9.72062e-07
1.45255e-06,1.41276e-06,1.36872e-06,1.31876e-06,1.26841e-06,1.21193e-06,1.15465e-06,1.09798e-06,1.04262e-06,9.85632e-07,9.32631e-07
1.4e-06,1.36023e-06,1.31851e-06,1.2705e-06,1.22054e-06,1.16736e-06,1.1135e-06,1.05724e-06,1.00361e-06,9.48729e-07,8.97155e-07
1.35019e-06,1.31137e-06,1.27223e-06,1.22422e-06,1.17767e-06,1.12614e-06,1.07257e-06,1.01897e-06,9.66637e-07,9.13906e-07,8.63776e-07
1.30232e-06,1.2647e-06,1.22708e-06,1.18077e-06,1.13367e-06,1.08535e-06,1.03527e-06,9.82211e-07,9.32093e-07,8.80602e-07,8.31699e-07
1.2581e-06,1.22296e-06,1.18544e-06,1.13992e-06,1.09666e-06,1.0497e-06,9.97772e-07,9.49206e-07,8.99287e-07,8.49641e-07,8.0192e-07
1.21689e-06,1.18241e-06,1.14449e-06,1.1014e-06,1.05922e-06,1.01266e-06,9.66263e-07,9.16645e-07,8.69969e-07,8.2086e-07,7.74078e-07
1.17777e-06,1.14503e-06,1.1101e-06,1.06631e-06,1.02535e-06,9.80943e-07,9.3459e-07,8.87343e-07,8.41943e-07,7.94266e-07,7.48553e-07
1.14374e-06,1.10967e-06,1.07504e-06,1.03304e-06,9.93185e-07,9.49149e-07,9.05951e-07,8.59772e-07,8.15351e-07,7.69023e-07,7.24213e-07
1.10641e-06,1.07482e-06,1.04173e-06,1.00106e-06,9.62379e-07,9.2081e-07,8.77806e-07,8.3273e-07,7.8954e-07,7.44366e-07,7.00693e-07
1.07485e-06,1.04414e-06,1.01103e-06,9.72446e-07,9.35217e-07,8.94885e-07,8.53283e-07,8.0944e-07,7.67174e-07,7.22572e-07,6.80105e-07
1.04535e-06,1.01542e-06,9.84064e-07,9.45516e-07,9.09375e-07,8.69951e-07,8.28731e-07,7.86352e-07,7.44779e-07,7.01763e-07,6.59896e-07
1.01608e-06,9.87147e-07,9.56696e-07,9.19914e-07,8.83993e-07,8.4569e-07,8.0696e-07,7.64703e-07,7.24264e-07,6.81841e-07,6.40844e-07
9.89559e-07,9.61787e-07,9.33015e-07,8.96629e-07,8.60954e-07,8.24389e-07,7.85944e-07,7.44736e-07,7.053e-07,6.63825e-07,6.23416e-07
9.63865e-07,9.36555e-07,9.07698e-07,8.73195e-07,8.39111e-07,8.02474e-07,7.65647e-07,7.25252e-07,6.86267e-07,6.45457e-07,6.06058e-07
9.39462e-07,9.12988e-07,8.8474e-07,8.51241e-07,8.18386e-07,7.82291e-07,7.45757e-07,7.06592e-07,6.6811e-07,6.28363e-07,5.89562e-07
9.16223e-07,8.90446e-07,8.62931e-07,8.30503e-07,7.98316e-07,7.63097e-07,7.27268e-07,6.89002e-07,6.51118e-07,6.12105e-07,5.74019e-07
8.94104e-07,8.68976e-07,8.42212e-07,8.10776e-07,7.79208e-07,7.44753e-07,7.09676e-07,6.72237e-07,6.34871e-07,5.96573e-07,5.59172e-07
8.73195e-07,8.48498e-07,8.22407e-07,7.91744e-07,7.60948e-07,7.27363e-07,6.92401e-07,6.56036e-07,6.19179e-07,5.81635e-07,5.45062e-07
8.52233e-07,8.28228e-07,8.02788e-07,7.73091e-07,7.42785e-07,7.09871e-07,6.75944e-07,6.40316e-07,6.03888e-07,5.67016e-07,5.31052e-07
8.31709e-07,8.08529e-07,7.83779e-07,7.55068e-07,7.25249e-07,6.93007e-07,6.5965e-07,6.24566e-07,5.88897e-07,5.52682e-07,5.17413e-07
8.11959e-07,7.89407e-07,7.65266e-07,7.37385e-07,7.08108e-07,6.76544e-07,6.43767e-07,6.09414e-07,5.74252e-07,5.38736e-07,5.04168e-07
7.92774e-07,7.70827e-07,7.47196e-07,7.20091e-07,6.91444e-07,6.60539e-07,6.28285e-07,5.94507e-07,5.59995e-07,5.25159e-07,4.91386e-07
7.74106e-07,7.52798e-07,7.2971e-07,7.0331e-07,6.75173e-07,6.44726e-07,6.13214e-07,5.8009e-07,5.45959e-07,5.11941e-07,4.78886e-07
7.54765e-07,7.34205e-07,7.11742e-07,6.85982e-07,6.58418e-07,6.28733e-07,5.9763e-07,5.65332e-07,5.31808e-07,4.98339e-07,4.65916e-07
7.36101e-07,7.16301e-07,6.94421e-07,6.6929e-07,6.42254e-07,6.13143e-07,5.82594e-07,5.50881e-07,5.17978e-07,4.85218e-07,4.53523e-07
7.19274e-07,6.99719e-07,6.78432e-07,6.53865e-07,6.27723e-07,5.99025e-07,5.68985e-07,5.37793e-07,5.05494e-07,4.73458e-07,4.4245e-07
6.99138e-07,6.8082e-07,6.59619e-07,6.35886e-07,6.09966e-07,5.82014e-07,5.5266e-07,5.22151e-07,4.90527e-07,4.59138e-07,4.28867e-07
6.83403e-07,6.65368e-07,6.44556e-07,6.21465e-07,5.96199e-07,5.68776e-07,5.40011e-07,5.09957e-07,4.78924e-07,4.4823e-07,4.18528e-07
6.62916e-07,6.45361e-07,6.25255e-07,6.02607e-07,5.78125e-07,5.51044e-07,5.22738e-07,4.93469e-07,4.63414e-07,4.33193e-07,4.04503e-07
6.47079e-07,6.29838e-07,6.10661e-07,5.88151e-07,5.64749e-07,5.38079e-07,5.10122e-07,4.81469e-07,4.51859e-07,4.22663e-07,3.94562e-07
6.26382e-07,6.10405e-07,5.91442e-07,5.69734e-07,5.46051e-07,5.20281e-07,4.93145e-07,4.65279e-07,4.36372e-07,4.07709e-07,3.80481e-07
6.08547e-07,5.92729e-07,5.74078e-07,5.52894e-07,5.30058e-07,5.04974e-07,4.78411e-07,4.50915e-07,4.22887e-07,3.94857e-07,3.68535e-07
5.90727e-07,5.75492e-07,5.57511e-07,5.369e-07,5.14622e-07,4.89738e-07,4.63891e-07,4.36923e-07,4.09683e-07,3.82436e-07,3.56811e-07
5.72718e-07,5.57926e-07,5.40637e-07,5.20034e-07,4.9875e-07,4.74419e-07,4.49018e-07,4.2289e-07,3.96411e-07,3.69749e-07,3.44918e-07
5.55338e-07,5.41183e-07,5.23555e-07,5.04266e-07,4.82736e-07,4.59347e-07,4.3475e-07,4.0892e-07,3.83234e-07,3.57549e-07,3.33262e-07
5.37936e-07,5.2471e-07,5.07119e-07,4.88347e-07,4.6741e-07,4.44477e-07,4.20547e-07,3.95566e-07,3.70547e-07,3.45329e-07,3.21771e-07
5.1991e-07,5.07075e-07,4.9087e-07,4.71981e-07,4.51521e-07,4.29255e-07,4.0571e-07,3.81733e-07,3.5717e-07,3.32868e-07,3.10057e-07
5.02507e-07,4.8975e-07,4.73764e-07,4.55469e-07,4.36001e-07,4.14107e-07,3.91339e-07,3.67773e-07,3.44212e-07,3.20661e-07,2.98589e-07
4.85452e-07,4.73418e-07,4.57854e-07,4.39671e-07,4.2078e-07,3.99688e-07,3.77221e-07,3.54532e-07,3.31604e-07,3.08807e-07,2.8752e-07
4.6847e-07,4.56733e-07,4.4143e-07,4.24046e-07,4.05585e-07,3.84828e-07,3.63333e-07,3.41075e-07,3.19066e-07,2.96855e-07,2.76156e-07
4.51598e-07,4.40097e-07,4.25346e-07,4.08289e-07,3.90437e-07,3.70273e-07,3.4931e-07,3.27838e-07,3.06435e-07,2.85036e-07,2.65085e-07
4.34911e-07,4.23847e-07,4.09528e-07,3.92944e-07,3.75557e-07,3.55911e-07,3.3571e-07,3.14782e-07,2.94178e-07,2.73494e-07,2.54244e-07
4.193e-07,4.08822e-07,3.94898e-07,3.78754e-07,3.6149e-07,3.4232e-07,3.2263e-07,3.026e-07,2.82655e-07,2.62283e-07,2.43731e-07
4.03639e-07,3.93381e-07,3.79155e-07,3.64228e-07,3.47058e-07,3.28568e-07,3.0985e-07,2.8985e-07,2.70893e-07,2.51507e-07,2.3352e-07
3.87422e-07,3.77327e-07,3.64135e-07,3.48808e-07,3.32966e-07,3.1489e-07,2.96573e-07,2.77616e-07,2.5913e-07,2.40472e-07,2.23206e-07
3.7212e-07,3.62411e-07,3.49565e-07,3.34628e-07,3.19205e-07,3.01763e-07,2.84081e-07,2.65738e-07,2.47911e-07,2.29936e-07,2.13303e-07
3.57372e-07,3.47986e-07,3.35464e-07,3.20908e-07,3.0591e-07,2.8908e-07,2.7193e-07,2.54218e-07,2.37105e-07,2.19794e-07,2.03867e-07
3.42825e-07,3.3371e-07,3.21524e-07,3.07371e-07,2.9286e-07,2.76476e-07,2.60004e-07,2.42913e-07,2.26389e-07,2.0967e-07,1.94253e-07
3.33532e-07,3.24068e-07,3.12819e-07,2.98784e-07,2.84933e-07,2.69092e-07,2.52778e-07,2.36438e-07,2.2024e-07,2.04248e-07,1.8925e-07
3.1606e-07,3.07133e-07,2.95089e-07,2.81815e-07,2.68297e-07,2.52835e-07,2.37315e-07,2.21478e-07,2.06317e-07,1.90458e-07,1.76228e-07
3.01751e-07,2.93301e-07,2.82199e-07,2.69134e-07,2.55869e-07,2.41023e-07,2.26276e-07,2.10964e-07,1.96242e-07,1.81298e-07,1.6758e-07
2.89244e-07,2.81778e-07,2.6978e-07,2.5768e-07,2.44012e-07,2.30374e-07,2.16118e-07,2.01325e-07,1.87003e-07,1.72669e-07,1.59389e-07
2.76707e-07,2.68723e-07,2.5805e-07,2.45679e-07,2.33299e-07,2.19397e-07,2.05718e-07,1.91561e-07,1.77938e-07,1.64099e-07,1.51407e-07
2.64951e-07,2.56922e-07,2.4668e-07,2.34504e-07,2.22851e-07,2.09286e-07,1.95849e-07,1.825e-07,1.69482e-07,1.56083e-07,1.43867e-07
2.54138e-07,2.46715e-07,2.37269e-07,2.25363e-07,2.13272e-07,1.99879e-07,1.87462e-07,1.73962e-07,1.61428e-07,1.48557e-07,1.36773e-07
2.42804e-07,2.35696e-07,2.2588e-07,2.14228e-07,2.03101e-07,1.9066e-07,1.78304e-07,1.66042e-07,1.53594e-07,1.41234e-07,1.29903e-07
2.32729e-07,2.25368e-07,2.15703e-07,2.0471e-07,1.93793e-07,1.81716e-07,1.69964e-07,1.57878e-07,1.46192e-07,1.34296e-07,1.2339e-07
2.23006e-07,2.1578e-07,2.06334e-07,1.9566e-07,1.85073e-07,1.73417e-07,1.62098e-07,1.5048e-07,1.39226e-07,1.27751e-07,1.17246e-07
2.13562e-07,2.06818e-07,1.9818e-07,1.87143e-07,1.7726e-07,1.65743e-07,1.54838e-07,1.43756e-07,1.32729e-07,1.21659e-07,1.11513e-07
2.05064e-07,1.98064e-07,1.89047e-07,1.78971e-07,1.69017e-07,1.58157e-07,1.47645e-07,1.36899e-07,1.26438e-07,1.15767e-07,1.05989e-07
1.96875e-07,1.89968e-07,1.81165e-07,1.7137e-07,1.6172e-07,1.51241e-07,1.41102e-07,1.3076e-07,1.20658e-07,1.10363e-07,1.00919e-07
1.89255e-07,1.82424e-07,1.73828e-07,1.6431e-07,1.5495e-07,1.4484e-07,1.35046e-07,1.25094e-07,1.15328e-07,1.05387e-07,9.62566e-08
1.82136e-07,1.75374e-07,1.66972e-07,1.57731e-07,1.48653e-07,1.38901e-07,1.29441e-07,1.19853e-07,1.10402e-07,1.00802e-07,9.19628e-08
1.75628e-07,1.68898e-07,1.60694e-07,1.5172e-07,1.42927e-07,1.33489e-07,1.24331e-07,1.15106e-07,1.05952e-07,9.66671e-08,8.80889e-08
1.69529e-07,1.63039e-07,1.54892e-07,1.46208e-07,1.37536e-07,1.28562e-07,1.19689e-07,1.10728e-07,1.01834e-07,9.287e-08,8.45477e-08
1.63936e-07,1.57351e-07,1.49499e-07,1.41051e-07,1.32726e-07,1.23955e-07,1.15392e-07,1.06757e-07,9.81374e-08,8.94383e-08,8.13599e-08
1.58929e-07,1.52291e-07,1.44653e-07,1.36418e-07,1.2835e-07,1.19955e-07,1.11535e-07,1.03261e-07,9.48096e-08,8.63582e-08,7.85081e-08
1.54056e-07,1.47584e-07,1.4012e-07,1.32135e-07,1.24241e-07,1.16016e-07,1.07956e-07,9.98685e-08,9.17249e-08,8.35231e-08,7.58711e-08
1.49635e-07,1.43247e-07,1.35891e-07,1.28142e-07,1.20465e-07,1.12524e-07,1.04694e-07,9.68314e-08,8.88962e-08,8.09315e-08,7.34853e-08
1.45372e-07,1.39093e-07,1.31894e-07,1.24373e-07,1.16884e-07,1.09199e-07,1.01584e-07,9.39528e-08,8.62433e-08,7.8491e-08,7.12222e-08
1.41444e-07,1.35261e-07,1.28223e-07,1.20888e-07,1.13595e-07,1.06145e-07,9.87281e-08,9.1295e-08,8.37843e-08,7.62322e-08,6.91537e-08
1.37801e-07,1.31702e-07,1.2482e-07,1.17684e-07,1.1056e-07,1.03308e-07,9.60783e-08,8.88581e-08,8.15346e-08,7.41754e-08,6.72457e-08
1.34292e-07,1.28317e-07,1.21591e-07,1.14623e-07,1.07663e-07,1.00628e-07,9.3573e-08,8.65245e-08,7.93693e-08,7.218e-08,6.54376e-08
1.30964e-07,1.25095e-07,1.18517e-07,1.11731e-07,1.04915e-07,9.8078e-08,9.11936e-08,8.43173e-08,7.7327e-08,7.03169e-08,6.37127e-08
1.27831e-07,1.22009e-07,1.1563e-07,1.09022e-07,1.0235e-07,9.56968e-08,8.89708e-08,8.22393e-08,7.54137e-08,6.8565e-08,6.21188e-08
1.2487e-07,1.1919e-07,1.12913e-07,1.06414e-07,9.99394e-08,9.34352e-08,8.68402e-08,8.02749e-08,7.36094e-08,6.69124e-08,6.06064e-08
1.21989e-07,1.1647e-07,1.10298e-07,1.03984e-07,9.75954e-08,9.12861e-08,8.48378e-08,7.84053e-08,7.18776e-08,6.53405e-08,5.91743e-08
1.19272e-07,1.13829e-07,1.0781e-07,1.01659e-07,9.54167e-08,8.9235e-08,8.291e-08,7.6632e-08,7.02433e-08,6.3844e-08,5.78079e-08
1.16648e-07,1.11318e-07,1.05433e-07,9.94378e-08,9.33084e-08,8.72554e-08,8.10679e-08,7.49108e-08,6.8654e-08,6.23938e-08,5.64833e-08
1.1407e-07,1.08855e-07,1.03117e-07,9.72399e-08,9.12471e-08,8.53169e-08,7.92542e-08,7.32163e-08,6.70978e-08,6.09595e-08,5.5184e-08
1.11548e-07,1.06456e-07,1.00814e-07,9.50928e-08,8.91989e-08,8.33982e-08,7.7464e-08,7.15591e-08,6.55652e-08,5.95577e-08,5.39071e-08
1.09112e-07,1.04102e-07,9.86015e-08,9.29749e-08,8.72257e-08,8.15442e-08,7.57424e-08,6.99354e-08,6.40767e-08,5.81962e-08,5.2667e-08
1.06743e-07,1.01825e-07,9.64736e-08,9.09313e-08,8.53231e-08,7.97634e-08,7.40658e-08,6.83667e-08,6.26302e-08,5.68724e-08,5.14563e-08
1.04407e-07,9.95919e-08,9.43556e-08,8.8931e-08,8.34421e-08,7.79953e-08,7.2401e-08,6.68226e-08,6.11986e-08,5.55625e-08,5.02578e-08
1.02139e-07,9.74354e-08,9.23109e-08,8.69967e-08,8.16247e-08,7.62788e-08,7.07901e-08,6.53149e-08,5.98076e-08,5.42845e-08,4.90982e-08
9.99354e-08,9.53284e-08,9.03443e-08,8.51086e-08,7.98597e-08,7.46183e-08,6.92333e-08,6.38509e-08,5.84548e-08,5.30478e-08,4.79585e-08
9.77511e-08,9.32447e-08,8.83509e-08,8.32486e-08,7.80719e-08,7.29594e-08,6.76673e-08,6.24e-08,5.71164e-08,5.18097e-08,4.68428e-08
9.56167e-08,9.11997e-08,8.6409e-08,8.14385e-08,7.63559e-08,7.13152e-08,6.61399e-08,6.09715e-08,5.57919e-08,5.06001e-08,4.57382e-08
9.35494e-08,8.92298e-08,8.45315e-08,7.9623e-08,7.46929e-08,6.9762e-08,6.4658e-08,5.9587e-08,5.4515e-08,4.94298e-08,4.46717e-08
9.16455e-08,8.73905e-08,8.27824e-08,7.79833e-08,7.31017e-08,6.8262e-08,6.33117e-08,5.83563e-08,5.33924e-08,4.84016e-08,4.37341e-08
8.96673e-08,8.54956e-08,8.09831e-08,7.62851e-08,7.15082e-08,6.67515e-08,6.18983e-08,5.70408e-08,5.21708e-08,4.72869e-08,4.27135e-08
8.77003e-08,8.36189e-08,7.92548e-08,7.46031e-08,6.99402e-08,6.52833e-08,6.05038e-08,5.57359e-08,5.09715e-08,4.61785e-08,4.1706e-08
8.56065e-08,8.16457e-08,7.7359e-08,7.28557e-08,6.82808e-08,6.37091e-08,5.8997e-08,5.43054e-08,4.96261e-08,4.49533e-08,4.05879e-08
8.37076e-08,7.98263e-08,7.56242e-08,7.11861e-08,6.67386e-08,6.22756e-08,5.76315e-08,5.30335e-08,4.84496e-08,4.3871e-08,3.96049e-08
8.19039e-08,7.80903e-08,7.40031e-08,6.96369e-08,6.52732e-08,6.08852e-08,5.6337e-08,5.17952e-08,4.73044e-08,4.28293e-08,3.86602e-08
8.00287e-08,7.63146e-08,7.23093e-08,6.80634e-08,6.37701e-08,5.9466e-08,5.50084e-08,5.0586e-08,4.61842e-08,4.17947e-08,3.7713e-08
7.82487e-08,7.46103e-08,7.07026e-08,6.65619e-08,6.23553e-08,5.81116e-08,5.37521e-08,4.93986e-08,4.5085e-08,4.07901e-08,3.67944e-08
7.64682e-08,7.29055e-08,6.9093e-08,6.50329e-08,6.09107e-08,5.67545e-08,5.24844e-08,4.82177e-08,4.39996e-08,3.97894e-08,3.58834e-08
7.47242e-08,7.12527e-08,6.75017e-08,6.34982e-08,5.94751e-08,5.54232e-08,5.12195e-08,4.70611e-08,4.2922e-08,3.88087e-08,3.49871e-08
7.30744e-08,6.96636e-08,6.60101e-08,6.2043e-08,5.81388e-08,5.41585e-08,5.00364e-08,4.59262e-08,4.18781e-08,3.78582e-08,3.41265e-08
7.13656e-08,6.80375e-08,6.44515e-08,6.06803e-08,5.67636e-08,5.28331e-08,4.88258e-08,4.48312e-08,4.08581e-08,3.69172e-08,3.32611e-08
6.97016e-08,6.64436e-08,6.29348e-08,5.91948e-08,5.53953e-08,5.15878e-08,4.76383e-08,4.37281e-08,3.98425e-08,3.59878e-08,3.2413e-08
6.81114e-08,6.49255e-08,6.14894e-08,5.78281e-08,5.41176e-08,5.0383e-08,4.65046e-08,4.26739e-08,3.88651e-08,3.50956e-08,3.15976e-08
6.65213e-08,6.34116e-08,6.00516e-08,5.64616e-08,5.28222e-08,4.9172e-08,4.53828e-08,4.16266e-08,3.79059e-08,3.4209e-08,3.07954e-08
6.50702e-08,6.20379e-08,5.87944e-08,5.52352e-08,5.16821e-08,4.81114e-08,4.43161e-08,4.06375e-08,3.6965e-08,3.33564e-08,3.00144e-08
6.34635e-08,6.05204e-08,5.72791e-08,5.39323e-08,5.03391e-08,4.68387e-08,4.31848e-08,3.96274e-08,3.60264e-08,3.24919e-08,2.92222e-08
6.19719e-08,5.90752e-08,5.58976e-08,5.2545e-08,4.91191e-08,4.56959e-08,4.21355e-08,3.86126e-08,3.51146e-08,3.16585e-08,2.84631e-08
6.05041e-08,5.76743e-08,5.4577e-08,5.1288e-08,4.79062e-08,4.45702e-08,4.10957e-08,3.7648e-08,3.42237e-08,3.08412e-08,2.77161e-08
5.90866e-08,5.62824e-08,5.32613e-08,5.00431e-08,4.67812e-08,4.34958e-08,4.00731e-08,3.67051e-08,3.33534e-08,3.00469e-08,2.69886e-08
5.76576e-08,5.49165e-08,5.19703e-08,4.88076e-08,4.56048e-08,4.24095e-08,3.9073e-08,3.57741e-08,3.25021e-08,2.92616e-08,2.62754e-08
5.62979e-08,5.36065e-08,5.07717e-08,4.76249e-08,4.45338e-08,4.13952e-08,3.81047e-08,3.48811e-08,3.1666e-08,2.84991e-08,2.55763e-08
5.49297e-08,5.22983e-08,4.94732e-08,4.64441e-08,4.33782e-08,4.03275e-08,3.71311e-08,3.39769e-08,3.08372e-08,2.77407e-08,2.48858e-08
5.36239e-08,5.10464e-08,4.82803e-08,4.53194e-08,4.23113e-08,3.93376e-08,3.62023e-08,3.31158e-08,3.00426e-08,2.70122e-08,2.42163e-08
5.23289e-08,4.97933e-08,4.71003e-08,4.42292e-08,4.12415e-08,3.83485e-08,3.52875e-08,3.22638e-08,2.92544e-08,2.62888e-08,2.35594e-08
5.10378e-08,4.85673e-08,4.59197e-08,4.30816e-08,4.02125e-08,3.73721e-08,3.43751e-08,3.14194e-08,2.84775e-08,2.5579e-08,2.29086e-08
4.97994e-08,4.73788e-08,4.47862e-08,4.20054e-08,3.92071e-08,3.64229e-08,3.34981e-08,3.06087e-08,2.77272e-08,2.48916e-08,2.22831e-08
4.87854e-08,4.63751e-08,4.37928e-08,4.10812e-08,3.83112e-08,3.5604e-08,3.27913e-08,2.99923e-08,2.71893e-08,2.44024e-08,2.18346e-08
4.73663e-08,4.50461e-08,4.25634e-08,3.99003e-08,3.72236e-08,3.4577e-08,3.17821e-08,2.9018e-08,2.62607e-08,2.35487e-08,2.10567e-08
4.62062e-08,4.39335e-08,4.15028e-08,3.88986e-08,3.62808e-08,3.36974e-08,3.09625e-08,2.82617e-08,2.55601e-08,2.29078e-08,2.04687e-08
4.5067e-08,4.28324e-08,4.04373e-08,3.78571e-08,3.53449e-08,3.28505e-08,3.015e-08,2.75114e-08,2.48674e-08,2.22771e-08,1.98912e-08
4.39402e-08,4.17588e-08,3.94283e-08,3.69406e-08,3.4433e-08,3.19842e-08,2.93676e-08,2.67874e-08,2.42028e-08,2.16633e-08,1.93325e-08
4.28598e-08,4.07216e-08,3.8431e-08,3.5997e-08,3.35657e-08,3.11524e-08,2.86056e-08,2.60811e-08,2.35504e-08,2.10663e-08,1.87894e-08
4.17861e-08,3.96842e-08,3.74623e-08,3.50671e-08,3.26784e-08,3.03678e-08,2.78588e-08,2.53898e-08,2.2918e-08,2.04856e-08,1.82566e-08
4.075e-08,3.8697e-08,3.65191e-08,3.41752e-08,3.18301e-08,2.95554e-08,2.7131e-08,2.47201e-08,2.22969e-08,1.99199e-08,1.7741e-08
3.97378e-08,3.77249e-08,3.55763e-08,3.3298e-08,3.10219e-08,2.88008e-08,2.64226e-08,2.40656e-08,2.16958e-08,1.93696e-08,1.72408e-08
3.87475e-08,3.67708e-08,3.4666e-08,3.24338e-08,3.02119e-08,2.80443e-08,2.57284e-08,2.34261e-08,2.11059e-08,1.88317e-08,1.67522e-08
3.77936e-08,3.5857e-08,3.37928e-08,3.16074e-08,2.94387e-08,2.73303e-08,2.50634e-08,2.28125e-08,2.0541e-08,1.83148e-08,1.62795e-08
3.68682e-08,3.49665e-08,3.29424e-08,3.07989e-08,2.86901e-08,2.66212e-08,2.44169e-08,2.22159e-08,1.9994e-08,1.7816e-08,1.58235e-08
3.59685e-08,3.41037e-08,3.21187e-08,3.00215e-08,2.7947e-08,2.59441e-08,2.37908e-08,2.16366e-08,1.94612e-08,1.73291e-08,1.53848e-08
3.50916e-08,3.32631e-08,3.13136e-08,2.92585e-08,2.72346e-08,2.52818e-08,2.31786e-08,2.10771e-08,1.8946e-08,1.68553e-08,1.49493e-08
3.42119e-08,3.24173e-08,3.05089e-08,2.85004e-08,2.65303e-08,2.46187e-08,2.25694e-08,2.05122e-08,1.84266e-08,1.63859e-08,1.45217e-08
3.3374e-08,3.16095e-08,2.97494e-08,2.77736e-08,2.58472e-08,2.40043e-08,2.19907e-08,1.99779e-08,1.79352e-08,1.59373e-08,1.41149e-08
3.25534e-08,3.08278e-08,2.8992e-08,2.70677e-08,2.51903e-08,2.33738e-08,2.14201e-08,1.94542e-08,1.74535e-08,1.54982e-08,1.37165e-08
3.17632e-08,3.00701e-08,2.82697e-08,2.63856e-08,2.4559e-08,2.27813e-08,2.0874e-08,1.89504e-08,1.69916e-08,1.50772e-08,1.33337e-08
3.09979e-08,2.93389e-08,2.75719e-08,2.57264e-08,2.39348e-08,2.22083e-08,2.03456e-08,1.84647e-08,1.6545e-08,1.46703e-08,1.29643e-08
3.0256e-08,2.86263e-08,2.68903e-08,2.50828e-08,2.33347e-08,2.16506e-08,1.98322e-08,1.79943e-08,1.61126e-08,1.4277e-08,1.26086e-08
2.9536e-08,2.79339e-08,2.62334e-08,2.44636e-08,2.27458e-08,2.11098e-08,1.93366e-08,1.75358e-08,1.5698e-08,1.38969e-08,1.22634e-08
2.88298e-08,2.72585e-08,2.5586e-08,2.38515e-08,2.21849e-08,2.05821e-08,1.88529e-08,1.70921e-08,1.52886e-08,1.35274e-08,1.19312e-08
2.81493e-08,2.66053e-08,2.49637e-08,2.32653e-08,2.16367e-08,2.00724e-08,1.83862e-08,1.66632e-08,1.48963e-08,1.31736e-08,1.16089e-08
2.75075e-08,2.599e-08,2.43762e-08,2.27086e-08,2.11257e-08,1.95921e-08,1.79454e-08,1.62599e-08,1.45272e-08,1.28397e-08,1.13088e-08
2.6872e-08,2.53806e-08,2.37965e-08,2.21649e-08,2.06099e-08,1.91207e-08,1.75128e-08,1.58613e-08,1.41642e-08,1.25139e-08,1.10125e-08
2.62534e-08,2.47901e-08,2.32331e-08,2.1631e-08,2.01131e-08,1.86588e-08,1.70907e-08,1.54761e-08,1.38157e-08,1.21964e-08,1.07277e-08
2.56731e-08,2.42346e-08,2.27021e-08,2.11329e-08,1.96458e-08,1.82256e-08,1.6694e-08,1.51139e-08,1.34876e-08,1.18992e-08,1.0461e-08
2.5114e-08,2.36987e-08,2.21919e-08,2.06487e-08,1.9196e-08,1.78094e-08,1.63136e-08,1.47661e-08,1.31715e-08,1.16161e-08,1.02065e-08
2.45615e-08,2.31715e-08,2.16882e-08,2.01754e-08,1.875e-08,1.73999e-08,1.59414e-08,1.44261e-08,1.2862e-08,1.13376e-08,9.95679e-09
2.40292e-08,2.26627e-08,2.12039e-08,1.97185e-08,1.83307e-08,1.70051e-08,1.55802e-08,1.40961e-08,1.25636e-08,1.10708e-08,9.71829e-09
2.35309e-08,2.21863e-08,2.07486e-08,1.92915e-08,1.79317e-08,1.66326e-08,1.5243e-08,1.37888e-08,1.22867e-08,1.08216e-08,9.49507e-09
2.30364e-08,2.17166e-08,2.0302e-08,1.8868e-08,1.75394e-08,1.62695e-08,1.49102e-08,1.34858e-08,1.20122e-08,1.0577e-08,9.27787e-09
2.25593e-08,2.12614e-08,1.9869e-08,1.84621e-08,1.71601e-08,1.59173e-08,1.45888e-08,1.31932e-08,1.17486e-08,1.03413e-08,9.06782e-09
2.2114e-08,2.08363e-08,1.94647e-08,1.80832e-08,1.68071e-08,1.55895e-08,1.42891e-08,1.29208e-08,1.15033e-08,1.01221e-08,8.87149e-09
2.16657e-08,2.04118e-08,1.90614e-08,1.77021e-08,1.64519e-08,1.52594e-08,1.39886e-08,1.26472e-08,1.12568e-08,9.90305e-09,8.6783e-09
2.12396e-08,2.00069e-08,1.86772e-08,1.73412e-08,1.61157e-08,1.49466e-08,1.3703e-08,1.23873e-08,1.1023e-08,9.69496e-09,8.49353e-09
2.08321e-08,1.96194e-08,1.83102e-08,1.69951e-08,1.57945e-08,1.46473e-08,1.34301e-08,1.21385e-08,1.07988e-08,9.4962e-09,8.31739e-09
2.0432e-08,1.92404e-08,1.79509e-08,1.66592e-08,1.54805e-08,1.4355e-08,1.31637e-08,1.18959e-08,1.05814e-08,9.30185e-09,8.14633e-09
2.00431e-08,1.88702e-08,1.76012e-08,1.63324e-08,1.51759e-08,1.40705e-08,1.2903e-08,1.16588e-08,1.03681e-08,9.11286e-09,7.97839e-09
1.96587e-08,1.85081e-08,1.72588e-08,1.60102e-08,1.48757e-08,1.37917e-08,1.26467e-08,1.1426e-08,1.01591e-08,8.9276e-09,7.81456e-09
1.92886e-08,1.81577e-08,1.69287e-08,1.56998e-08,1.45866e-08,1.35221e-08,1.23992e-08,1.12013e-08,9.95766e-09,8.74884e-09,7.65655e-09
1.89289e-08,1.78179e-08,1.66081e-08,1.53994e-08,1.43071e-08,1.32611e-08,1.21597e-08,1.09834e-08,9.76156e-09,8.57565e-09,7.50348e-09
1.85839e-08,1.74916e-08,1.63004e-08,1.51126e-08,1.40383e-08,1.30112e-08,1.1929e-08,1.07739e-08,9.5745e-09,8.40965e-09,7.35585e-09
1.82422e-08,1.71685e-08,1.59963e-08,1.4828e-08,1.37734e-08,1.27632e-08,1.17033e-08,1.05685e-08,9.38953e-09,8.24526e-09,7.2133e-09
1.79077e-08,1.68526e-08,1.56994e-08,1.45498e-08,1.35135e-08,1.25212e-08,1.14799e-08,1.03651e-08,9.20758e-09,8.08533e-09,7.07068e-09
1.75848e-08,1.65476e-08,1.54126e-08,1.4281e-08,1.32625e-08,1.22871e-08,1.12646e-08,1.01701e-08,9.03246e-09,7.93059e-09,6.93419e-09
1.72675e-08,1.62482e-08,1.51312e-08,1.40172e-08,1.3017e-08,1.20562e-08,1.1054e-08,9.97831e-09,8.86094e-09,7.77915e-09,6.80076e-09
1.69563e-08,1.59545e-08,1.48558e-08,1.37598e-08,1.27761e-08,1.18337e-08,1.08475e-08,9.79049e-09,8.69337e-09,7.63151e-09,6.67077e-09
1.66581e-08,1.56729e-08,1.45904e-08,1.35126e-08,1.25452e-08,1.16181e-08,1.06495e-08,9.6114e-09,8.53271e-09,7.48899e-09,6.54626e-09
1.63634e-08,1.53959e-08,1.43307e-08,1.32684e-08,1.2317e-08,1.14055e-08,1.04541e-08,9.43394e-09,8.3749e-09,7.3506e-09,6.42395e-09
1.60771e-08,1.51259e-08,1.40774e-08,1.30306e-08,1.20954e-08,1.11986e-08,1.02644e-08,9.2618e-09,8.22111e-09,7.21504e-09,6.30507e-09
1.57986e-08,1.48629e-08,1.38298e-08,1.27998e-08,1.18805e-08,1.09977e-08,1.00796e-08,9.09449e-09,8.07075e-09,7.08264e-09,6.18826e-09
1.55235e-08,1.46034e-08,1.35868e-08,1.25731e-08,1.16676e-08,1.08e-08,9.89753e-09,8.92853e-09,7.92287e-09,6.95243e-09,6.07444e-09
1.52509e-08,1.43468e-08,1.33466e-08,1.23486e-08,1.14582e-08,1.06039e-08,9.71669e-09,8.76463e-09,7.77647e-09,6.82283e-09,5.95998e-09
1.49864e-08,1.40974e-08,1.31131e-08,1.21306e-08,1.12542e-08,1.04125e-08,9.54103e-09,8.60509e-09,7.63377e-09,6.69677e-09,5.84887e-09
1.47259e-08,1.38535e-08,1.28851e-08,1.19176e-08,1.10546e-08,1.02276e-08,9.36899e-09,8.44823e-09,7.4942e-09,6.57356e-09,5.7399e-09
1.44714e-08,1.36125e-08,1.2659e-08,1.17042e-08,1.08563e-08,1.00432e-08,9.20025e-09,8.29563e-09,7.3575e-09,6.45308e-09,5.63387e-09
1.42189e-08,1.33753e-08,1.24367e-08,1.14983e-08,1.06632e-08,9.86241e-09,9.03227e-09,8.14248e-09,7.2203e-09,6.33158e-09,5.52754e-09
1.39731e-08,1.31428e-08,1.22186e-08,1.12936e-08,1.04756e-08,9.68528e-09,8.86969e-09,7.995e-09,7.08809e-09,6.21518e-09,5.42445e-09
1.37291e-08,1.29142e-08,1.20051e-08,1.10951e-08,1.02863e-08,9.51077e-09,8.70764e-09,7.84744e-09,6.95577e-09,6.09797e-09,5.32119e-09
1.34922e-08,1.26905e-08,1.17952e-08,1.08979e-08,1.01021e-08,9.3397e-09,8.55036e-09,7.70481e-09,6.82825e-09,5.9852e-09,5.22232e-09
1.32583e-08,1.24703e-08,1.15894e-08,1.07065e-08,9.92276e-09,9.17201e-09,8.39515e-09,7.56335e-09,6.70135e-09,5.87299e-09,5.12362e-09
1.3029e-08,1.22527e-08,1.13848e-08,1.0514e-08,9.7428e-09,9.00485e-09,8.2428e-09,7.42564e-09,6.57802e-09,5.76386e-09,5.02661e-09
1.28036e-08,1.20418e-08,1.11881e-08,1.03314e-08,9.57177e-09,8.84518e-09,8.09329e-09,7.28906e-09,6.45548e-09,5.65508e-09,4.93163e-09
1.25807e-08,1.18316e-08,1.09912e-08,1.01475e-08,9.40224e-09,8.68516e-09,7.94548e-09,7.15466e-09,6.33515e-09,5.54904e-09,4.8373e-09
1.23645e-08,1.16288e-08,1.08019e-08,9.97131e-09,9.23504e-09,8.53055e-09,7.80193e-09,7.02398e-09,6.21803e-09,5.44533e-09,4.74562e-09
1.21467e-08,1.14221e-08,1.06075e-08,9.78893e-09,9.06455e-09,8.37312e-09,7.65752e-09,6.89287e-09,6.10061e-09,5.34111e-09,4.65357e-09
1.19355e-08,1.12229e-08,1.04212e-08,9.61481e-09,8.90169e-09,8.22133e-09,7.51745e-09,6.76547e-09,5.98639e-09,5.23984e-09,4.56409e-09
1.17288e-08,1.1028e-08,1.02388e-08,9.44425e-09,8.74253e-09,8.07312e-09,7.38049e-09,6.64084e-09,5.87465e-09,5.14076e-09,4.47717e-09
1.15233e-08,1.08338e-08,1.00564e-08,9.27357e-09,8.58305e-09,7.92518e-09,7.24394e-09,6.51678e-09,5.76351e-09,5.04228e-09,4.38942e-09
1.1325e-08,1.06479e-08,9.88206e-09,9.11315e-09,8.43264e-09,7.78316e-09,7.1123e-09,6.39672e-09,5.65574e-09,4.94634e-09,4.30468e-09
1.11238e-08,1.04572e-08,9.7031e-09,8.94417e-09,8.27493e-09,7.63851e-09,6.97918e-09,6.27593e-09,5.54744e-09,4.85053e-09,4.21985e-09
1.09297e-08,1.02739e-08,9.5312e-09,8.78357e-09,8.125e-09,7.49934e-09,6.8507e-09,6.15908e-09,5.44253e-09,4.75735e-09,4.13771e-09
1.0738e-08,1.00933e-08,9.36211e-09,8.62567e-09,7.97734e-09,7.36194e-09,6.72384e-09,6.04346e-09,5.33885e-09,4.66583e-09,4.056e-09
1.0549e-08,9.91466e-09,9.1938e-09,8.46821e-09,7.83054e-09,7.22572e-09,6.59852e-09,5.92965e-09,5.23672e-09,4.57484e-09,3.97499e-09
1.03655e-08,9.74154e-09,9.0315e-09,8.31789e-09,7.69022e-09,7.09376e-09,6.47667e-09,5.81853e-09,5.13707e-09,4.48632e-09,3.89812e-09
1.01823e-08,9.5677e-09,8.86817e-09,8.16387e-09,7.54629e-09,6.96227e-09,6.35547e-09,5.70891e-09,5.03866e-09,4.39909e-09,3.81977e-09
1.00026e-08,9.39771e-09,8.70865e-09,8.01473e-09,7.40699e-09,6.83295e-09,6.23671e-09,5.60069e-09,4.94173e-09,4.31259e-09,3.7441e-09
9.82811e-09,9.2328e-09,8.55442e-09,7.86946e-09,7.27226e-09,6.707e-09,6.12136e-09,5.49573e-09,4.84724e-09,4.22879e-09,3.66958e-09
9.65389e-09,9.06762e-09,8.39838e-09,7.7235e-09,7.13597e-09,6.58182e-09,6.00597e-09,5.39098e-09,4.75356e-09,4.14567e-09,3.59598e-09
9.48616e-09,8.90957e-09,8.24934e-09,7.58613e-09,7.0077e-09,6.46109e-09,5.89471e-09,5.28959e-09,4.66244e-09,4.06448e-09,3.5241e-09
9.31883e-09,8.75056e-09,8.10015e-09,7.44462e-09,6.87582e-09,6.34077e-09,5.78435e-09,5.18965e-09,4.57281e-09,3.98516e-09,3.4539e-09
9.15507e-09,8.59547e-09,7.95427e-09,7.30863e-09,6.74841e-09,6.22307e-09,5.6762e-09,5.09122e-09,4.48457e-09,3.9068e-09,3.38454e-09
8.99234e-09,8.43828e-09,7.80449e-09,7.1639e-09,6.61445e-09,6.10272e-09,5.56886e-09,4.99493e-09,4.39878e-09,3.83058e-09,3.31741e-09
8.83822e-09,8.29528e-09,7.67193e-09,7.04419e-09,6.50222e-09,5.9955e-09,5.46688e-09,4.90103e-09,4.3138e-09,3.75504e-09,3.25203e-09
8.68243e-09,8.14528e-09,7.52828e-09,6.90739e-09,6.37496e-09,5.87954e-09,5.36374e-09,4.80839e-09,4.23137e-09,3.68188e-09,3.18523e-09
8.53237e-09,8.00583e-09,7.3988e-09,6.789e-09,6.26365e-09,5.77516e-09,5.26494e-09,4.71763e-09,4.14942e-09,3.6091e-09,3.12088e-09
8.38187e-09,7.85999e-09,7.26005e-09,6.65407e-09,6.13934e-09,5.66335e-09,5.1659e-09,4.62887e-09,4.07026e-09,3.53878e-09,3.05933e-09
8.23846e-09,7.72713e-09,7.1364e-09,6.54232e-09,6.03493e-09,5.56337e-09,5.07085e-09,4.5413e-09,3.99129e-09,3.4683e-09,2.99677e-09
8.09574e-09,7.59166e-09,7.00857e-09,6.4228e-09,5.92308e-09,5.46099e-09,4.97668e-09,4.45594e-09,3.91474e-09,3.40019e-09,2.93664e-09
7.95815e-09,7.4622e-09,6.8858e-09,6.31104e-09,5.81838e-09,5.36178e-09,4.88555e-09,4.37267e-09,3.83995e-09,3.33392e-09,2.87654e-09
7.81919e-09,7.32933e-09,6.76116e-09,6.19164e-09,5.70724e-09,5.26183e-09,4.79421e-09,4.29027e-09,3.76611e-09,3.26793e-09,2.81984e-09
7.68525e-09,7.20283e-09,6.64247e-09,6.08097e-09,5.60402e-09,5.166e-09,4.70612e-09,4.2101e-09,3.69406e-09,3.20433e-09,2.76324e-09
7.55412e-09,7.07795e-09,6.52403e-09,5.97017e-09,5.50051e-09,5.0711e-09,4.61954e-09,4.13151e-09,3.62403e-09,3.14203e-09,2.70787e-09
7.42524e-09,6.95592e-09,6.4093e-09,5.86197e-09,5.40041e-09,4.97881e-09,4.53468e-09,4.05448e-09,3.55452e-09,3.08023e-09,2.65361e-09
7.30004e-09,6.8383e-09,6.29799e-09,5.76148e-09,5.30604e-09,4.88887e-09,4.45186e-09,3.97883e-09,3.48674e-09,3.02043e-09,2.60023e-09
7.17409e-09,6.71806e-09,6.18476e-09,5.65271e-09,5.20491e-09,4.79837e-09,4.36931e-09,3.90443e-09,3.41997e-09,2.96079e-09,2.54832e-09
7.05272e-09,6.60341e-09,6.07762e-09,5.55282e-09,5.11174e-09,4.71189e-09,4.28959e-09,3.83184e-09,3.35481e-09,2.90232e-09,2.49706e-09
6.93293e-09,6.48948e-09,5.97026e-09,5.45142e-09,5.0181e-09,4.62566e-09,4.21086e-09,3.76027e-09,3.29083e-09,2.84624e-09,2.44693e-09
6.81646e-09,6.37899e-09,5.8658e-09,5.35395e-09,4.92703e-09,4.54228e-09,4.13413e-09,3.69068e-09,3.22851e-09,2.79072e-09,2.39798e-09
6.70385e-09,6.27334e-09,5.76591e-09,5.26473e-09,4.84346e-09,4.46134e-09,4.0597e-09,3.62263e-09,3.16718e-09,2.73643e-09,2.35036e-09
6.59046e-09,6.16474e-09,5.66434e-09,5.16676e-09,4.75136e-09,4.38024e-09,3.98559e-09,3.5557e-09,3.10775e-09,2.68353e-09,2.30372e-09
6.47943e-09,6.05951e-09,5.56433e-09,5.07274e-09,4.66447e-09,4.30042e-09,3.9128e-09,3.48977e-09,3.04843e-09,2.63115e-09,2.25729e-09
6.37438e-09,5.96183e-09,5.47368e-09,4.99036e-09,4.58707e-09,4.22816e-09,3.84378e-09,3.42658e-09,2.99178e-09,2.58065e-09,2.21279e-09
6.26773e-09,5.85883e-09,5.37525e-09,4.89549e-09,4.49958e-09,4.14888e-09,3.77395e-09,3.36366e-09,2.93556e-09,2.53106e-09,2.16899e-09
6.16735e-09,5.76466e-09,5.28593e-09,4.81607e-09,4.42499e-09,4.07664e-09,3.70742e-09,3.30295e-09,2.88105e-09,2.48269e-09,2.1275e-09
6.06483e-09,5.66646e-09,5.19344e-09,4.72591e-09,4.34095e-09,4.00295e-09,3.64067e-09,3.24288e-09,2.82761e-09,2.4354e-09,2.08492e-09
5.96829e-09,5.57478e-09,5.10693e-09,4.64473e-09,4.26531e-09,3.93351e-09,3.577e-09,3.18531e-09,2.77607e-09,2.38945e-09,2.04315e-09
5.87399e-09,5.48761e-09,5.02621e-09,4.57004e-09,4.19662e-09,3.86916e-09,3.51575e-09,3.12898e-09,2.72539e-09,2.34498e-09,2.00543e-09
5.77898e-09,5.39524e-09,4.93785e-09,4.48591e-09,4.1174e-09,3.79784e-09,3.45322e-09,3.07312e-09,2.676e-09,2.30094e-09,1.96684e-09
5.68575e-09,5.30257e-09,4.84661e-09,4.39737e-09,4.03512e-09,3.72474e-09,3.39187e-09,3.01956e-09,2.62883e-09,2.25997e-09,1.93104e-09
5.59997e-09,5.226e-09,4.77864e-09,4.33799e-09,3.97887e-09,3.66973e-09,3.33613e-09,2.9668e-09,2.58096e-09,2.21727e-09,1.89347e-09
5.50824e-09,5.13257e-09,4.68611e-09,4.24302e-09,3.89137e-09,3.59663e-09,3.27618e-09,2.9154e-09,2.53641e-09,2.17853e-09,1.85977e-09
5.43012e-09,5.06684e-09,4.6279e-09,4.19874e-09,3.84913e-09,3.55048e-09,3.22491e-09,2.86617e-09,2.49142e-09,2.13841e-09,1.82493e-09
5.34691e-09,4.9855e-09,4.55037e-09,4.12362e-09,3.7791e-09,3.48764e-09,3.17033e-09,2.81737e-09,2.44808e-09,2.10026e-09,1.79061e-09
5.26984e-09,4.91366e-09,4.48193e-09,4.06447e-09,3.72312e-09,3.43193e-09,3.11922e-09,2.7707e-09,2.40634e-09,2.06345e-09,1.75863e-09
5.19001e-09,4.83703e-09,4.41114e-09,3.994e-09,3.65762e-09,3.37514e-09,3.06784e-09,2.72467e-09,2.36537e-09,2.02765e-09,1.72718e-09
5.11331e-09,4.76362e-09,4.34059e-09,3.92773e-09,3.59554e-09,3.31927e-09,3.01759e-09,2.67956e-09,2.32587e-09,1.99278e-09,1.6968e-09
5.04045e-09,4.69725e-09,4.27984e-09,3.87136e-09,3.54422e-09,3.27103e-09,2.9702e-09,2.63634e-09,2.28716e-09,1.95886e-09,1.66739e-09
4.96767e-09,4.62557e-09,4.21035e-09,3.80494e-09,3.48148e-09,3.21487e-09,2.92224e-09,2.59388e-09,2.24968e-09,1.92575e-09,1.63848e-09
4.90067e-09,4.5635e-09,4.15172e-09,3.75665e-09,3.4344e-09,3.16676e-09,2.87784e-09,2.55318e-09,2.21356e-09,1.89417e-09,1.61058e-09
4.82848e-09,4.49344e-09,4.0854e-09,3.6887e-09,3.37231e-09,3.11463e-09,2.83141e-09,2.51219e-09,2.17747e-09,1.86275e-09,1.5832e-09
4.76199e-09,4.43037e-09,4.02619e-09,3.63342e-09,3.32087e-09,3.06721e-09,2.78804e-09,2.47322e-09,2.14305e-09,1.83252e-09,1.55676e-09
4.69814e-09,4.37275e-09,3.97238e-09,3.58502e-09,3.27555e-09,3.02519e-09,2.74669e-09,2.43542e-09,2.10956e-09,1.80335e-09,1.53155e-09
4.6333e-09,4.3085e-09,3.91097e-09,3.52528e-09,3.21991e-09,2.97473e-09,2.70417e-09,2.39793e-09,2.0766e-09,1.77453e-09,1.50639e-09
4.57521e-09,4.25593e-09,3.86124e-09,3.4865e-09,3.18225e-09,2.93498e-09,2.66614e-09,2.36261e-09,2.04518e-09,1.74672e-09,1.48301e-09
4.51166e-09,4.19436e-09,3.80303e-09,3.42697e-09,3.12642e-09,2.88937e-09,2.62532e-09,2.32677e-09,2.01385e-09,1.71979e-09,1.45883e-09
4.45186e-09,4.1377e-09,3.74972e-09,3.37706e-09,3.07989e-09,2.84668e-09,2.58652e-09,2.29205e-09,1.98324e-09,1.69292e-09,1.43558e-09
4.39528e-09,4.08682e-09,3.70311e-09,3.33562e-09,3.04122e-09,2.81037e-09,2.54993e-09,2.25848e-09,1.95367e-09,1.66703e-09,1.41294e-09
4.33667e-09,4.02787e-09,3.64691e-09,3.27911e-09,2.98916e-09,2.76279e-09,2.51146e-09,2.22508e-09,1.92406e-09,1.64125e-09,1.39104e-09
4.28484e-09,3.98144e-09,3.60414e-09,3.24474e-09,2.95688e-09,2.72707e-09,2.4778e-09,2.19378e-09,1.89589e-09,1.61697e-09,1.36999e-09
4.22699e-09,3.9238e-09,3.54924e-09,3.18786e-09,2.90437e-09,2.68461e-09,2.44029e-09,2.16128e-09,1.86784e-09,1.59242e-09,1.34844e-09
4.17365e-09,3.87371e-09,3.50205e-09,3.14392e-09,2.86329e-09,2.64679e-09,2.40587e-09,2.13041e-09,1.84069e-09,1.56858e-09,1.32817e-09
4.12126e-09,3.82389e-09,3.45533e-09,3.09988e-09,2.82283e-09,2.60959e-09,2.37202e-09,2.09984e-09,1.81399e-09,1.54553e-09,1.30729e-09
4.07027e-09,3.77567e-09,3.41016e-09,3.05772e-09,2.78339e-09,2.57339e-09,2.33906e-09,2.0704e-09,1.78794e-09,1.52283e-09,1.28794e-09
4.02328e-09,3.73306e-09,3.37006e-09,3.02549e-09,2.75311e-09,2.54049e-09,2.30819e-09,2.04208e-09,1.76279e-09,1.50069e-09,1.26874e-09
3.97062e-09,3.68166e-09,3.32203e-09,2.97562e-09,2.70689e-09,2.50291e-09,2.2748e-09,2.01289e-09,1.73735e-09,1.47874e-09,1.24999e-09
3.91854e-09,3.62592e-09,3.26692e-09,2.915e-09,2.65026e-09,2.45875e-09,2.24117e-09,1.98583e-09,1.71462e-09,1.45943e-09,1.23396e-09
3.87638e-09,3.59272e-09,3.23862e-09,2.89809e-09,2.6349e-09,2.43592e-09,2.21382e-09,1.95828e-09,1.6892e-09,1.43693e-09,1.21382e-09
3.82873e-09,3.54761e-09,3.19657e-09,2.85887e-09,2.59826e-09,2.40279e-09,2.18344e-09,1.93111e-09,1.66527e-09,1.41595e-09,1.19573e-09
3.78653e-09,3.50934e-09,3.16053e-09,2.83058e-09,2.57176e-09,2.37322e-09,2.15565e-09,1.90553e-09,1.64263e-09,1.39612e-09,1.17797e-09
3.73945e-09,3.46357e-09,3.11895e-09,2.78535e-09,2.53127e-09,2.34e-09,2.12629e-09,1.87962e-09,1.62001e-09,1.37655e-09,1.16117e-09
3.69584e-09,3.42232e-09,3.07931e-09,2.74969e-09,2.49683e-09,2.30911e-09,2.09809e-09,1.85459e-09,1.59806e-09,1.3573e-09,1.14464e-09
3.65219e-09,3.38104e-09,3.04076e-09,2.71408e-09,2.46368e-09,2.27847e-09,2.07016e-09,1.82962e-09,1.57607e-09,1.33833e-09,1.12848e-09
3.61097e-09,3.34218e-09,3.00465e-09,2.68066e-09,2.43276e-09,2.24999e-09,2.04378e-09,1.806e-09,1.55522e-09,1.32032e-09,1.11315e-09
3.57203e-09,3.30703e-09,2.97116e-09,2.65471e-09,2.40817e-09,2.22245e-09,2.01825e-09,1.78247e-09,1.53432e-09,1.3022e-09,1.09726e-09
3.52774e-09,3.26341e-09,2.93075e-09,2.61195e-09,2.36867e-09,2.19127e-09,1.99052e-09,1.75842e-09,1.51344e-09,1.28415e-09,1.08187e-09
3.48797e-09,3.2258e-09,2.89579e-09,2.57907e-09,2.3382e-09,2.16319e-09,1.96507e-09,1.73567e-09,1.4935e-09,1.26669e-09,1.06714e-09
3.44902e-09,3.18883e-09,2.86101e-09,2.54684e-09,2.30847e-09,2.13596e-09,1.94014e-09,1.71341e-09,1.47384e-09,1.24978e-09,1.05233e-09
3.40977e-09,3.15196e-09,2.82658e-09,2.51487e-09,2.27877e-09,2.10849e-09,1.9154e-09,1.69133e-09,1.45465e-09,1.23274e-09,1.03722e-09
3.37552e-09,3.12103e-09,2.79751e-09,2.49325e-09,2.25834e-09,2.08478e-09,1.89303e-09,1.67054e-09,1.43619e-09,1.21677e-09,1.02386e-09
