7.6926e-06,7.43171e-06,7.23993e-06,7.12037e-06,7.07613e-06,7.08605e-06,7.19447e-06,7.4552e-06,7.74992e-06,8.22296e-06,8.80686e-06
7.45939e-06,7.21856e-06,7.06752e-06,6.95308e-06,6.88671e-06,6.89007e-06,6.97061e-06,7.16658e-06,7.42456e-06,7.79151e-06,8.31646e-06
5.52083e-06,5.27837e-06,5.14101e-06,5.08957e-06,5.14784e-06,5.26056e-06,5.49361e-06,5.86322e-06,6.25781e-06,6.76307e-06,7.3438e-06
4.3886e-06,4.1322e-06,4.01187e-06,4.00868e-06,4.12424e-06,4.32947e-06,4.64867e-06,5.07754e-06,5.55573e-06,6.08345e-06,6.67763e-06
4.36678e-06,4.1404e-06,4.03329e-06,4.02347e-06,4.11445e-06,4.2806e-06,4.54641e-06,4.90804e-06,5.33224e-06,5.80192e-06,6.32721e-06
4.96822e-06,4.7915e-06,4.68346e-06,4.64738e-06,4.67467e-06,4.76239e-06,4.8943e-06,5.13361e-06,5.4383e-06,5.80715e-06,6.20408e-06
3.92669e-06,3.73011e-06,3.64652e-06,3.64972e-06,3.73346e-06,3.89424e-06,4.12417e-06,4.44038e-06,4.80969e-06,5.22883e-06,5.66513e-06
3.86021e-06,3.68795e-06,3.61346e-06,3.60955e-06,3.67998e-06,3.82514e-06,4.02319e-06,4.30681e-06,4.63329e-06,5.02056e-06,5.41177e-06
3.32922e-06,3.15591e-06,3.09003e-06,3.10856e-06,3.20646e-06,3.38545e-06,3.61353e-06,3.92203e-06,4.26637e-06,4.66504e-06,5.05842e-06
3.20671e-06,3.04633e-06,2.98866e-06,3.00548e-06,3.09675e-06,3.2668e-06,3.48028e-06,3.76734e-06,4.08786e-06,4.46032e-06,4.82898e-06
2.89007e-06,2.73439e-06,2.68368e-06,2.71233e-06,2.81762e-06,2.99955e-06,3.22463e-06,3.51792e-06,3.83902e-06,4.20463e-06,4.56368e-06
2.90196e-06,2.76312e-06,2.71436e-06,2.73568e-06,2.82448e-06,2.98542e-06,3.18655e-06,3.4489e-06,3.73804e-06,4.06996e-06,4.39732e-06
2.72224e-06,2.59003e-06,2.54667e-06,2.57297e-06,2.66378e-06,2.82302e-06,3.02376e-06,3.27858e-06,3.56194e-06,3.87597e-06,4.19084e-06
2.49836e-06,2.37043e-06,2.3314e-06,2.36538e-06,2.46391e-06,2.62865e-06,2.83645e-06,3.09083e-06,3.37449e-06,3.67896e-06,3.98591e-06
2.55975e-06,2.44628e-06,2.40613e-06,2.43184e-06,2.51136e-06,2.6515e-06,2.83324e-06,3.05574e-06,3.31259e-06,3.58263e-06,3.86084e-06
2.35813e-06,2.2494e-06,2.21322e-06,2.2452e-06,2.33059e-06,2.47706e-06,2.66248e-06,2.88618e-06,3.14747e-06,3.4083e-06,3.67578e-06
2.32148e-06,2.21991e-06,2.18552e-06,2.21478e-06,2.2904e-06,2.42727e-06,2.60584e-06,2.80881e-06,3.05661e-06,3.29383e-06,3.54142e-06
2.15283e-06,2.05577e-06,2.02497e-06,2.06001e-06,2.14271e-06,2.27773e-06,2.45884e-06,2.66391e-06,2.90808e-06,3.14344e-06,3.38444e-06
2.10237e-06,2.01166e-06,1.98196e-06,2.01617e-06,2.10071e-06,2.2191e-06,2.39249e-06,2.5828e-06,2.81405e-06,3.03827e-06,3.27419e-06
2.00589e-06,1.91933e-06,1.89023e-06,1.9267e-06,2.01144e-06,2.12565e-06,2.29727e-06,2.48197e-06,2.70738e-06,2.92526e-06,3.14422e-06
1.93266e-06,1.84871e-06,1.82492e-06,1.86044e-06,1.94424e-06,2.0547e-06,2.21916e-06,2.39527e-06,2.6068e-06,2.82108e-06,3.02965e-06
1.90502e-06,1.82349e-06,1.79903e-06,1.83219e-06,1.89909e-06,2.01174e-06,2.16657e-06,2.33528e-06,2.53018e-06,2.74167e-06,2.9076e-06
1.8057e-06,1.72664e-06,1.70937e-06,1.74271e-06,1.81041e-06,1.92606e-06,2.07875e-06,2.23936e-06,2.42598e-06,2.63505e-06,2.79442e-06
1.77093e-06,1.69787e-06,1.67886e-06,1.70958e-06,1.76312e-06,1.8791e-06,2.02755e-06,2.1857e-06,2.35959e-06,2.56103e-06,2.6844e-06
1.70994e-06,1.63673e-06,1.62244e-06,1.65434e-06,1.71697e-06,1.82414e-06,1.96479e-06,2.11323e-06,2.26931e-06,2.47543e-06,2.60487e-06
1.65913e-06,1.59054e-06,1.57558e-06,1.60702e-06,1.66654e-06,1.76242e-06,1.90655e-06,2.05197e-06,2.19867e-06,2.40287e-06,2.50953e-06
1.60208e-06,1.53128e-06,1.52223e-06,1.55403e-06,1.61171e-06,1.71788e-06,1.84793e-06,1.99006e-06,2.11855e-06,2.3318e-06,2.42622e-06
1.56195e-06,1.50019e-06,1.48315e-06,1.51603e-06,1.57246e-06,1.66279e-06,1.80109e-06,1.93563e-06,2.06451e-06,2.2651e-06,2.34538e-06
1.52384e-06,1.45817e-06,1.45127e-06,1.4813e-06,1.53664e-06,1.63344e-06,1.75526e-06,1.88785e-06,1.99225e-06,2.20254e-06,2.27497e-06
1.46574e-06,1.40486e-06,1.39632e-06,1.42491e-06,1.48114e-06,1.56617e-06,1.69618e-06,1.83248e-06,1.93533e-06,2.13919e-06,2.19886e-06
1.4407e-06,1.37807e-06,1.37347e-06,1.40252e-06,1.45594e-06,1.54771e-06,1.66271e-06,1.78873e-06,1.87712e-06,2.08204e-06,2.13664e-06
1.39476e-06,1.33633e-06,1.32931e-06,1.35712e-06,1.40999e-06,1.48922e-06,1.61303e-06,1.73709e-06,1.8275e-06,2.02192e-06,2.06787e-06
1.37182e-06,1.31496e-06,1.308e-06,1.33464e-06,1.38571e-06,1.46226e-06,1.58055e-06,1.7002e-06,1.78468e-06,1.9722e-06,2.01337e-06
1.33238e-06,1.27591e-06,1.27002e-06,1.29647e-06,1.3474e-06,1.42327e-06,1.53797e-06,1.65556e-06,1.7385e-06,1.91814e-06,1.95781e-06
1.29359e-06,1.24076e-06,1.23119e-06,1.25933e-06,1.3094e-06,1.38571e-06,1.499e-06,1.61106e-06,1.69788e-06,1.86621e-06,1.90591e-06
1.27113e-06,1.21614e-06,1.21096e-06,1.2364e-06,1.28562e-06,1.35871e-06,1.46652e-06,1.5772e-06,1.65923e-06,1.82306e-06,1.85419e-06
1.2345e-06,1.18293e-06,1.17491e-06,1.20128e-06,1.24977e-06,1.32375e-06,1.42831e-06,1.53673e-06,1.62026e-06,1.76657e-06,1.81322e-06
1.21216e-06,1.1618e-06,1.15272e-06,1.17959e-06,1.22644e-06,1.29908e-06,1.39953e-06,1.50439e-06,1.58892e-06,1.72203e-06,1.77298e-06
1.18218e-06,1.13255e-06,1.12424e-06,1.1502e-06,1.19652e-06,1.26927e-06,1.36823e-06,1.46779e-06,1.55575e-06,1.68209e-06,1.73195e-06
1.16023e-06,1.11174e-06,1.10287e-06,1.12826e-06,1.17378e-06,1.2437e-06,1.33903e-06,1.44063e-06,1.52723e-06,1.64018e-06,1.69564e-06
1.13289e-06,1.08583e-06,1.07502e-06,1.10064e-06,1.14672e-06,1.21567e-06,1.30793e-06,1.40352e-06,1.49429e-06,1.59667e-06,1.65891e-06
1.10549e-06,1.0589e-06,1.04761e-06,1.07336e-06,1.11919e-06,1.18793e-06,1.2771e-06,1.37011e-06,1.46312e-06,1.55595e-06,1.62304e-06
1.0853e-06,1.03968e-06,1.02776e-06,1.05286e-06,1.09968e-06,1.16296e-06,1.25137e-06,1.34047e-06,1.43478e-06,1.51574e-06,1.59009e-06
1.05837e-06,1.01392e-06,1.00098e-06,1.02702e-06,1.07218e-06,1.13513e-06,1.22242e-06,1.30893e-06,1.40457e-06,1.47515e-06,1.55583e-06
1.03543e-06,9.93804e-07,9.78505e-07,1.00415e-06,1.04869e-06,1.11096e-06,1.19455e-06,1.2824e-06,1.37542e-06,1.43705e-06,1.52482e-06
1.00982e-06,9.66974e-07,9.52698e-07,9.79488e-07,1.02412e-06,1.0845e-06,1.16753e-06,1.24826e-06,1.34509e-06,1.40228e-06,1.48937e-06
9.9019e-07,9.47927e-07,9.33673e-07,9.60582e-07,1.00487e-06,1.06262e-06,1.14426e-06,1.22088e-06,1.31781e-06,1.36896e-06,1.45926e-06
9.64733e-07,9.23286e-07,9.08065e-07,9.35675e-07,9.79226e-07,1.03454e-06,1.11586e-06,1.19054e-06,1.28578e-06,1.33132e-06,1.42419e-06
9.3996e-07,8.99494e-07,8.83743e-07,9.1149e-07,9.55643e-07,1.009e-06,1.08866e-06,1.16142e-06,1.25592e-06,1.29549e-06,1.39112e-06
9.1731e-07,8.7706e-07,8.62082e-07,8.89376e-07,9.33317e-07,9.84345e-07,1.06341e-06,1.13252e-06,1.22643e-06,1.2625e-06,1.35953e-06
8.91942e-07,8.52692e-07,8.37156e-07,8.65274e-07,9.08688e-07,9.57668e-07,1.0354e-06,1.10312e-06,1.19489e-06,1.22701e-06,1.32554e-06
8.69441e-07,8.28268e-07,8.14216e-07,8.42442e-07,8.84739e-07,9.3832e-07,1.00771e-06,1.07379e-06,1.16474e-06,1.206e-06,1.29268e-06
8.47778e-07,8.06269e-07,7.9512e-07,8.21111e-07,8.65074e-07,9.06711e-07,9.82281e-07,1.04436e-06,1.13363e-06,1.16255e-06,1.26078e-06
8.18978e-07,7.79531e-07,7.67071e-07,7.95045e-07,8.36127e-07,8.7877e-07,9.54391e-07,1.01471e-06,1.1024e-06,1.12908e-06,1.22517e-06
7.94551e-07,7.5541e-07,7.44007e-07,7.71697e-07,8.12147e-07,8.53337e-07,9.27614e-07,9.85624e-07,1.07154e-06,1.097e-06,1.19287e-06
7.69416e-07,7.39651e-07,7.19096e-07,7.47592e-07,7.8615e-07,8.27858e-07,9.00542e-07,9.65951e-07,1.04087e-06,1.06424e-06,1.15987e-06
7.4176e-07,7.03655e-07,6.95031e-07,7.22844e-07,7.58394e-07,8.01067e-07,8.7357e-07,9.27972e-07,1.01001e-06,1.03467e-06,1.12618e-06
7.18407e-07,6.79057e-07,6.71427e-07,6.98636e-07,7.36946e-07,7.74125e-07,8.45429e-07,8.97804e-07,9.79566e-07,1.00342e-06,1.09111e-06
6.93065e-07,6.53855e-07,6.4786e-07,6.74508e-07,7.12016e-07,7.48112e-07,8.18201e-07,8.68883e-07,9.491e-07,9.73067e-07,1.05938e-06
6.67985e-07,6.28738e-07,6.23742e-07,6.50438e-07,6.87117e-07,7.22364e-07,7.91856e-07,8.40701e-07,9.20484e-07,9.44071e-07,1.02679e-06
6.44672e-07,6.04483e-07,6.01749e-07,6.27528e-07,6.62669e-07,6.9701e-07,7.66103e-07,8.13006e-07,8.8944e-07,9.16235e-07,9.97342e-07
6.18177e-07,5.78798e-07,5.77855e-07,6.02835e-07,6.38029e-07,6.71569e-07,7.38048e-07,7.84315e-07,8.60105e-07,8.85601e-07,9.61856e-07
5.93149e-07,5.5445e-07,5.54082e-07,5.7897e-07,6.1339e-07,6.46431e-07,7.11392e-07,7.56561e-07,8.31011e-07,8.57514e-07,9.29377e-07
5.6946e-07,5.4364e-07,5.30726e-07,5.56338e-07,5.8839e-07,6.23397e-07,6.86241e-07,7.4238e-07,8.02731e-07,8.283e-07,8.98027e-07
5.44237e-07,5.06208e-07,5.08237e-07,5.3222e-07,5.65236e-07,5.97572e-07,6.59679e-07,7.02908e-07,7.74473e-07,8.03009e-07,8.66902e-07
5.31034e-07,4.93223e-07,4.96079e-07,5.2075e-07,5.52723e-07,5.84066e-07,6.43758e-07,6.83654e-07,7.54669e-07,7.85117e-07,8.45759e-07
4.98471e-07,4.60462e-07,4.65042e-07,4.88286e-07,5.20247e-07,5.52665e-07,6.1196e-07,6.52912e-07,7.22324e-07,7.51558e-07,8.0898e-07
4.76199e-07,4.39903e-07,4.43756e-07,4.67018e-07,4.98036e-07,5.29971e-07,5.87165e-07,6.28465e-07,6.95497e-07,7.26943e-07,7.79193e-07
4.56355e-07,4.19886e-07,4.22979e-07,4.47068e-07,4.77345e-07,5.09207e-07,5.64826e-07,6.0622e-07,6.71345e-07,7.0457e-07,7.48275e-07
4.33508e-07,3.99037e-07,4.04381e-07,4.26286e-07,4.56493e-07,4.88401e-07,5.42511e-07,5.82915e-07,6.4667e-07,6.7954e-07,7.24702e-07
4.13792e-07,3.80133e-07,3.85626e-07,4.07278e-07,4.37069e-07,4.69156e-07,5.21775e-07,5.61471e-07,6.23801e-07,6.57082e-07,6.99787e-07
3.93552e-07,3.61849e-07,3.69056e-07,3.89315e-07,4.18313e-07,4.50349e-07,5.02027e-07,5.42191e-07,6.02795e-07,6.35996e-07,6.78306e-07
3.77084e-07,3.45415e-07,3.49304e-07,3.72024e-07,4.00777e-07,4.3301e-07,4.82363e-07,5.22176e-07,5.80649e-07,6.15039e-07,6.47519e-07
3.59608e-07,3.28827e-07,3.3441e-07,3.55456e-07,3.8396e-07,4.16278e-07,4.64267e-07,5.03612e-07,5.6022e-07,5.9417e-07,6.28291e-07
3.43787e-07,3.13984e-07,3.19241e-07,3.40309e-07,3.68377e-07,4.00797e-07,4.47322e-07,4.86536e-07,5.41316e-07,5.7514e-07,6.0716e-07
3.28193e-07,3.01245e-07,3.04309e-07,3.26557e-07,3.53942e-07,3.86757e-07,4.31379e-07,4.70817e-07,5.23721e-07,5.57538e-07,5.87804e-07
3.15045e-07,2.87533e-07,2.9203e-07,3.12721e-07,3.40375e-07,3.72657e-07,4.16456e-07,4.55327e-07,5.06448e-07,5.39806e-07,5.67814e-07
3.02238e-07,2.76021e-07,2.79875e-07,3.0076e-07,3.27883e-07,3.60175e-07,4.02657e-07,4.41342e-07,4.90627e-07,5.23591e-07,5.49833e-07
2.90099e-07,2.65066e-07,2.68288e-07,2.8933e-07,3.1615e-07,3.48359e-07,3.8958e-07,4.28103e-07,4.75512e-07,5.08055e-07,5.32797e-07
2.79318e-07,2.55619e-07,2.58311e-07,2.7912e-07,3.05623e-07,3.37533e-07,3.77632e-07,4.15891e-07,4.61558e-07,4.93508e-07,5.16791e-07
2.6923e-07,2.46772e-07,2.4976e-07,2.6947e-07,2.95918e-07,3.27548e-07,3.66709e-07,4.04622e-07,4.48588e-07,4.79771e-07,5.0185e-07
2.60239e-07,2.39336e-07,2.40366e-07,2.61298e-07,2.86957e-07,3.18377e-07,3.56045e-07,3.93827e-07,4.36219e-07,4.66985e-07,4.87271e-07
2.51899e-07,2.31254e-07,2.32803e-07,2.53511e-07,2.78892e-07,3.09714e-07,3.46676e-07,3.83639e-07,4.24412e-07,4.54313e-07,4.74106e-07
2.44967e-07,2.25056e-07,2.24326e-07,2.46204e-07,2.71566e-07,3.01765e-07,3.37693e-07,3.74265e-07,4.13778e-07,4.42826e-07,4.59658e-07
2.37577e-07,2.19109e-07,2.20319e-07,2.39679e-07,2.64767e-07,2.94549e-07,3.29463e-07,3.65474e-07,4.0348e-07,4.31678e-07,4.49756e-07
2.31239e-07,2.13271e-07,2.13714e-07,2.33841e-07,2.58182e-07,2.87392e-07,3.21395e-07,3.56694e-07,3.93496e-07,4.21032e-07,4.38862e-07
2.25127e-07,2.08462e-07,2.07866e-07,2.28301e-07,2.52321e-07,2.81003e-07,3.13965e-07,3.48145e-07,3.84001e-07,4.1057e-07,4.27202e-07
2.19493e-07,2.03237e-07,2.03017e-07,2.22708e-07,2.46557e-07,2.74594e-07,3.06739e-07,3.40574e-07,3.7499e-07,4.00606e-07,4.16701e-07
2.1436e-07,1.98804e-07,1.99238e-07,2.1796e-07,2.41221e-07,2.6898e-07,3.00543e-07,3.33457e-07,3.66759e-07,3.91335e-07,4.06784e-07
2.09591e-07,1.94502e-07,1.93876e-07,2.13099e-07,2.36744e-07,2.6342e-07,2.93761e-07,3.25756e-07,3.58441e-07,3.82245e-07,3.97183e-07
2.04798e-07,1.90153e-07,1.90094e-07,2.09287e-07,2.31934e-07,2.58195e-07,2.87855e-07,3.18795e-07,3.50519e-07,3.73721e-07,3.86748e-07
2.00374e-07,1.862e-07,1.85577e-07,2.04716e-07,2.27031e-07,2.52743e-07,2.81755e-07,3.12012e-07,3.4289e-07,3.65053e-07,3.78866e-07
1.95567e-07,1.82315e-07,1.82771e-07,2.00436e-07,2.22195e-07,2.47526e-07,2.75991e-07,3.05441e-07,3.35421e-07,3.56745e-07,3.70145e-07
1.91262e-07,1.78517e-07,1.78297e-07,1.96337e-07,2.17953e-07,2.42623e-07,2.7018e-07,2.98796e-07,3.2813e-07,3.48654e-07,3.61236e-07
1.87133e-07,1.7495e-07,1.74783e-07,1.92696e-07,2.13509e-07,2.37857e-07,2.64638e-07,2.92351e-07,3.20942e-07,3.40797e-07,3.52874e-07
1.83425e-07,1.71189e-07,1.71064e-07,1.88629e-07,2.09229e-07,2.33012e-07,2.59576e-07,2.86403e-07,3.14198e-07,3.33085e-07,3.44718e-07
1.7937e-07,1.67816e-07,1.67804e-07,1.84754e-07,2.0531e-07,2.28622e-07,2.54195e-07,2.80183e-07,3.07495e-07,3.25255e-07,3.36748e-07
1.75768e-07,1.64742e-07,1.64403e-07,1.81394e-07,2.01518e-07,2.24228e-07,2.49039e-07,2.74335e-07,3.01031e-07,3.18275e-07,3.28942e-07
1.71873e-07,1.61111e-07,1.6106e-07,1.77364e-07,1.97048e-07,2.19625e-07,2.43443e-07,2.6808e-07,2.94492e-07,3.11108e-07,3.21267e-07
1.67922e-07,1.57224e-07,1.57123e-07,1.73611e-07,1.93294e-07,2.1519e-07,2.38727e-07,2.62554e-07,2.88201e-07,3.03967e-07,3.13447e-07
1.64376e-07,1.54488e-07,1.54458e-07,1.70033e-07,1.88759e-07,2.10698e-07,2.33822e-07,2.56961e-07,2.82007e-07,2.97166e-07,3.06362e-07
1.60586e-07,1.51327e-07,1.5101e-07,1.67127e-07,1.85644e-07,2.06695e-07,2.29067e-07,2.51517e-07,2.75975e-07,2.90443e-07,2.99178e-07
1.57427e-07,1.47509e-07,1.48716e-07,1.62854e-07,1.81895e-07,2.02697e-07,2.25369e-07,2.46521e-07,2.70096e-07,2.83381e-07,2.9223e-07
1.5407e-07,1.45998e-07,1.44871e-07,1.60389e-07,1.78381e-07,1.98894e-07,2.19594e-07,2.41038e-07,2.64395e-07,2.77386e-07,2.85346e-07
1.51031e-07,1.42623e-07,1.42805e-07,1.57144e-07,1.74893e-07,1.94966e-07,2.15612e-07,2.36013e-07,2.5885e-07,2.71362e-07,2.78552e-07
1.47648e-07,1.3961e-07,1.39748e-07,1.54108e-07,1.71209e-07,1.90996e-07,2.11183e-07,2.30908e-07,2.53221e-07,2.65025e-07,2.72185e-07
1.44455e-07,1.36617e-07,1.36955e-07,1.50576e-07,1.67789e-07,1.87166e-07,2.06786e-07,2.25997e-07,2.47852e-07,2.58945e-07,2.65739e-07
1.40606e-07,1.33843e-07,1.34056e-07,1.47566e-07,1.64298e-07,1.83342e-07,2.02433e-07,2.21173e-07,2.42554e-07,2.53004e-07,2.59474e-07
1.37803e-07,1.31e-07,1.31395e-07,1.4397e-07,1.60856e-07,1.79678e-07,1.98288e-07,2.16386e-07,2.37256e-07,2.45953e-07,2.53338e-07
1.35156e-07,1.28102e-07,1.28391e-07,1.4091e-07,1.57209e-07,1.75869e-07,1.93971e-07,2.11537e-07,2.31978e-07,2.41199e-07,2.46941e-07
1.31887e-07,1.25419e-07,1.25883e-07,1.38299e-07,1.54168e-07,1.72263e-07,1.89901e-07,2.07007e-07,2.26937e-07,2.35579e-07,2.41245e-07
1.28996e-07,1.22908e-07,1.23508e-07,1.35604e-07,1.51029e-07,1.68831e-07,1.85754e-07,2.02619e-07,2.22051e-07,2.3075e-07,2.35428e-07
1.25876e-07,1.20363e-07,1.20802e-07,1.32603e-07,1.47881e-07,1.65393e-07,1.82064e-07,1.9822e-07,2.17183e-07,2.24321e-07,2.2951e-07
1.23004e-07,1.17645e-07,1.18372e-07,1.30299e-07,1.44932e-07,1.62061e-07,1.78471e-07,1.93993e-07,2.12527e-07,2.19397e-07,2.23591e-07
1.2061e-07,1.15395e-07,1.15939e-07,1.26599e-07,1.41725e-07,1.58688e-07,1.74482e-07,1.89727e-07,2.07775e-07,2.12808e-07,2.18129e-07
1.17566e-07,1.12782e-07,1.13466e-07,1.24335e-07,1.38745e-07,1.55305e-07,1.70691e-07,1.85557e-07,2.03176e-07,2.08963e-07,2.12919e-07
1.14837e-07,1.10456e-07,1.11299e-07,1.21818e-07,1.35761e-07,1.5207e-07,1.66756e-07,1.81531e-07,1.98675e-07,2.04469e-07,2.07891e-07
1.12193e-07,1.07954e-07,1.08645e-07,1.19032e-07,1.32858e-07,1.48832e-07,1.63443e-07,1.77528e-07,1.94276e-07,1.99364e-07,2.01767e-07
1.0941e-07,1.05634e-07,1.06508e-07,1.16414e-07,1.29971e-07,1.45683e-07,1.59846e-07,1.73576e-07,1.89829e-07,1.94057e-07,1.97598e-07
1.06392e-07,1.03289e-07,1.04272e-07,1.14514e-07,1.27383e-07,1.42692e-07,1.56437e-07,1.69838e-07,1.85627e-07,1.89457e-07,1.92743e-07
1.0423e-07,1.01041e-07,1.01906e-07,1.10757e-07,1.24391e-07,1.39713e-07,1.53326e-07,1.66075e-07,1.81375e-07,1.83254e-07,1.88048e-07
1.01321e-07,9.90195e-08,9.98238e-08,1.09264e-07,1.21802e-07,1.36647e-07,1.49427e-07,1.62512e-07,1.77378e-07,1.79803e-07,1.83181e-07
9.89722e-08,9.69772e-08,9.71056e-08,1.06081e-07,1.18991e-07,1.33542e-07,1.46288e-07,1.58807e-07,1.73283e-07,1.75013e-07,1.77704e-07
9.69526e-08,9.46869e-08,9.54468e-08,1.04282e-07,1.16595e-07,1.30732e-07,1.43157e-07,1.55257e-07,1.69284e-07,1.71386e-07,1.74669e-07
9.46687e-08,9.24988e-08,9.36119e-08,1.02018e-07,1.14038e-07,1.27866e-07,1.40006e-07,1.5182e-07,1.65396e-07,1.67083e-07,1.70188e-07
9.17641e-08,9.09356e-08,9.15971e-08,9.99247e-08,1.11554e-07,1.2521e-07,1.36986e-07,1.48512e-07,1.61638e-07,1.62989e-07,1.65194e-07
8.9784e-08,8.83284e-08,8.99753e-08,9.71561e-08,1.0892e-07,1.2233e-07,1.33972e-07,1.45178e-07,1.57847e-07,1.57217e-07,1.61071e-07
8.6811e-08,8.64213e-08,8.777e-08,9.55718e-08,1.067e-07,1.19662e-07,1.30931e-07,1.41942e-07,1.54206e-07,1.54856e-07,1.56754e-07
8.51114e-08,8.42389e-08,8.57741e-08,9.33622e-08,1.04237e-07,1.16768e-07,1.27897e-07,1.38643e-07,1.50522e-07,1.50792e-07,1.5261e-07
8.28113e-08,8.22283e-08,8.39454e-08,9.12884e-08,1.01726e-07,1.14332e-07,1.25017e-07,1.35508e-07,1.46954e-07,1.47073e-07,1.48702e-07
8.09284e-08,8.05176e-08,8.2226e-08,8.91834e-08,9.96262e-08,1.11669e-07,1.2219e-07,1.32465e-07,1.43493e-07,1.43317e-07,1.44166e-07
7.86327e-08,7.85269e-08,8.02512e-08,8.72046e-08,9.73341e-08,1.09171e-07,1.19409e-07,1.29409e-07,1.40024e-07,1.39622e-07,1.40843e-07
7.65213e-08,7.6799e-08,7.86756e-08,8.54458e-08,9.51948e-08,1.06777e-07,1.16731e-07,1.26511e-07,1.36785e-07,1.36006e-07,1.37156e-07
7.45985e-08,7.55915e-08,7.71151e-08,8.37296e-08,9.34961e-08,1.04691e-07,1.14499e-07,1.24003e-07,1.33814e-07,1.33017e-07,1.34104e-07
7.28423e-08,7.35549e-08,7.48392e-08,8.15234e-08,9.09646e-08,1.02217e-07,1.11489e-07,1.20784e-07,1.30204e-07,1.29234e-07,1.29984e-07
7.03412e-08,7.15967e-08,7.34186e-08,7.96826e-08,8.8754e-08,9.95995e-08,1.08977e-07,1.1808e-07,1.27012e-07,1.25943e-07,1.26523e-07
6.8673e-08,6.99787e-08,7.18372e-08,7.7858e-08,8.69696e-08,9.73149e-08,1.0647e-07,1.15377e-07,1.23926e-07,1.22846e-07,1.23856e-07
6.69686e-08,6.80785e-08,7.00895e-08,7.63808e-08,8.50418e-08,9.5036e-08,1.0411e-07,1.12754e-07,1.21068e-07,1.19531e-07,1.19919e-07
6.55459e-08,6.62306e-08,6.88144e-08,7.46937e-08,8.3146e-08,9.29733e-08,1.01788e-07,1.10221e-07,1.18152e-07,1.1679e-07,1.16676e-07
6.31225e-08,6.52657e-08,6.74335e-08,7.30135e-08,8.13691e-08,9.08741e-08,9.95062e-08,1.07717e-07,1.15267e-07,1.12889e-07,1.13405e-07
6.20732e-08,6.35394e-08,6.58033e-08,7.15197e-08,7.95778e-08,8.86985e-08,9.72311e-08,1.0523e-07,1.1246e-07,1.10797e-07,1.10326e-07
5.97999e-08,6.22114e-08,6.38521e-08,6.98733e-08,7.80379e-08,8.7193e-08,9.50045e-08,1.02798e-07,1.09727e-07,1.08022e-07,1.07439e-07
5.87187e-08,6.11058e-08,6.2554e-08,6.84058e-08,7.5999e-08,8.46913e-08,9.28152e-08,1.00406e-07,1.07118e-07,1.05109e-07,1.04428e-07
5.70504e-08,5.91322e-08,6.12281e-08,6.68016e-08,7.43074e-08,8.27508e-08,9.07196e-08,9.81191e-08,1.0438e-07,1.02598e-07,1.01611e-07
5.54393e-08,5.73316e-08,5.98363e-08,6.52773e-08,7.26156e-08,8.04955e-08,8.87001e-08,9.58994e-08,1.01818e-07,1.00034e-07,9.89218e-08
5.45202e-08,5.56708e-08,5.81919e-08,6.40021e-08,7.13386e-08,7.86223e-08,8.67322e-08,9.37073e-08,9.9416e-08,9.78197e-08,9.61989e-08
5.31522e-08,5.47181e-08,5.68532e-08,6.25365e-08,6.95105e-08,7.68556e-08,8.48234e-08,9.15824e-08,9.69902e-08,9.54441e-08,9.36298e-08
5.14414e-08,5.39609e-08,5.58719e-08,6.13247e-08,6.79763e-08,7.54395e-08,8.28932e-08,8.94513e-08,9.47282e-08,9.259e-08,9.08173e-08
4.9414e-08,5.24161e-08,5.48673e-08,5.99053e-08,6.64923e-08,7.37515e-08,8.10286e-08,8.74511e-08,9.22413e-08,8.97699e-08,8.83982e-08
4.86515e-08,5.07463e-08,5.35264e-08,5.87276e-08,6.50094e-08,7.20947e-08,7.92318e-08,8.54296e-08,9.00129e-08,8.83205e-08,8.61636e-08
4.77771e-08,4.98965e-08,5.26017e-08,5.74011e-08,6.3695e-08,7.05166e-08,7.75491e-08,8.35337e-08,8.78723e-08,8.62181e-08,8.38857e-08
4.65876e-08,4.85009e-08,5.13156e-08,5.59536e-08,6.23914e-08,6.90106e-08,7.58842e-08,8.17111e-08,8.55944e-08,8.41573e-08,8.18282e-08
4.54783e-08,4.76228e-08,4.953e-08,5.5037e-08,6.10427e-08,6.74838e-08,7.42164e-08,7.98492e-08,8.3727e-08,8.19061e-08,7.96212e-08
4.4398e-08,4.63136e-08,4.90064e-08,5.38823e-08,5.97679e-08,6.59898e-08,7.26399e-08,7.80653e-08,8.1763e-08,8.04938e-08,7.73332e-08
4.34289e-08,4.49163e-08,4.78305e-08,5.27908e-08,5.88399e-08,6.45603e-08,7.1046e-08,7.63402e-08,7.98223e-08,7.85688e-08,7.53505e-08
4.24292e-08,4.45794e-08,4.67421e-08,5.18594e-08,5.73905e-08,6.32083e-08,6.95872e-08,7.46888e-08,7.79231e-08,7.64768e-08,7.30708e-08
4.13106e-08,4.35304e-08,4.60033e-08,5.07188e-08,5.625e-08,6.23084e-08,6.81545e-08,7.30801e-08,7.61364e-08,7.47405e-08,7.13116e-08
3.99691e-08,4.24368e-08,4.54785e-08,4.99545e-08,5.47546e-08,6.07715e-08,6.66653e-08,7.14587e-08,7.4295e-08,7.29945e-08,6.96174e-08
3.93939e-08,4.09404e-08,4.44011e-08,4.86085e-08,5.38776e-08,5.92542e-08,6.52446e-08,6.98623e-08,7.25308e-08,7.12594e-08,6.78204e-08
3.83665e-08,4.04531e-08,4.32804e-08,4.75678e-08,5.28898e-08,5.80571e-08,6.39137e-08,6.83817e-08,7.08922e-08,6.96325e-08,6.61029e-08
3.74194e-08,3.91222e-08,4.3139e-08,4.68049e-08,5.1487e-08,5.66839e-08,6.26394e-08,6.69214e-08,6.92862e-08,6.80875e-08,6.44702e-08
3.69341e-08,3.8338e-08,4.14529e-08,4.5833e-08,5.08276e-08,5.57056e-08,6.13011e-08,6.54833e-08,6.76917e-08,6.68136e-08,6.28166e-08
3.63323e-08,3.76775e-08,4.09119e-08,4.49279e-08,4.98386e-08,5.45555e-08,6.0034e-08,6.406e-08,6.61243e-08,6.49552e-08,6.11795e-08
3.51568e-08,3.69216e-08,3.98948e-08,4.42214e-08,4.86018e-08,5.34842e-08,5.88661e-08,6.27154e-08,6.4665e-08,6.35349e-08,5.94982e-08
3.50024e-08,3.59883e-08,3.89935e-08,4.32321e-08,4.79701e-08,5.20091e-08,5.76694e-08,6.13999e-08,6.32043e-08,6.20906e-08,5.82319e-08
3.43151e-08,3.54396e-08,3.83653e-08,4.24381e-08,4.70805e-08,5.14123e-08,5.65033e-08,6.00929e-08,6.1782e-08,6.07001e-08,5.68089e-08
3.36998e-08,3.47106e-08,3.76017e-08,4.19043e-08,4.6189e-08,5.06106e-08,5.53933e-08,5.88541e-08,6.07677e-08,5.90536e-08,5.54978e-08
3.29621e-08,3.39165e-08,3.69854e-08,4.05639e-08,4.53241e-08,4.9449e-08,5.42545e-08,5.75957e-08,5.87433e-08,5.80235e-08,5.43939e-08
3.23421e-08,3.32474e-08,3.62881e-08,3.98115e-08,4.44875e-08,4.85049e-08,5.31829e-08,5.64056e-08,5.74452e-08,5.6736e-08,5.31013e-08
3.15577e-08,3.23728e-08,3.56104e-08,3.93221e-08,4.36037e-08,4.75604e-08,5.2166e-08,5.52823e-08,5.65497e-08,5.58714e-08,5.15768e-08
3.1642e-08,3.26278e-08,3.48411e-08,3.85574e-08,4.30293e-08,4.69208e-08,5.12124e-08,5.41735e-08,5.53553e-08,5.4318e-08,5.04026e-08
3.08269e-08,3.17898e-08,3.43067e-08,3.81423e-08,4.22226e-08,4.58238e-08,5.01811e-08,5.3075e-08,5.44819e-08,5.27094e-08,4.88618e-08
3.01014e-08,3.11016e-08,3.35639e-08,3.71209e-08,4.14437e-08,4.49972e-08,4.91697e-08,5.19538e-08,5.29498e-08,5.18609e-08,4.79787e-08
2.9741e-08,3.02462e-08,3.31493e-08,3.65348e-08,4.06001e-08,4.39106e-08,4.82259e-08,5.08883e-08,5.18011e-08,5.07268e-08,4.68352e-08
2.90418e-08,2.96978e-08,3.24271e-08,3.5937e-08,3.98747e-08,4.32994e-08,4.72768e-08,4.98628e-08,5.06931e-08,4.96107e-08,4.57118e-08
2.84328e-08,2.94595e-08,3.16129e-08,3.52688e-08,3.91694e-08,4.27202e-08,4.63681e-08,4.88594e-08,4.96109e-08,4.86066e-08,4.46669e-08
2.80607e-08,2.85351e-08,3.12054e-08,3.49622e-08,3.86457e-08,4.17357e-08,4.54854e-08,4.78871e-08,4.88977e-08,4.70811e-08,4.35984e-08
2.72715e-08,2.79861e-08,3.06702e-08,3.40372e-08,3.7769e-08,4.0969e-08,4.4582e-08,4.69154e-08,4.75259e-08,4.67568e-08,4.2562e-08
2.68182e-08,2.72757e-08,3.01847e-08,3.3576e-08,3.70429e-08,4.0218e-08,4.37232e-08,4.59705e-08,4.6511e-08,4.53911e-08,4.15682e-08
2.64051e-08,2.71902e-08,2.95884e-08,3.2873e-08,3.64569e-08,3.94751e-08,4.29016e-08,4.50619e-08,4.55328e-08,4.43682e-08,4.02766e-08
2.60582e-08,2.65802e-08,2.92807e-08,3.22798e-08,3.58083e-08,3.87811e-08,4.20697e-08,4.41568e-08,4.45657e-08,4.33829e-08,3.95892e-08
2.56798e-08,2.61202e-08,2.83888e-08,3.21012e-08,3.51588e-08,3.80652e-08,4.12578e-08,4.32518e-08,4.39278e-08,4.20692e-08,3.86324e-08
2.50975e-08,2.54676e-08,2.81449e-08,3.08606e-08,3.45221e-08,3.71671e-08,4.04454e-08,4.23888e-08,4.2354e-08,4.1469e-08,3.80306e-08
2.48015e-08,2.50987e-08,2.77941e-08,3.02689e-08,3.39072e-08,3.65544e-08,3.96788e-08,4.15299e-08,4.14696e-08,4.05356e-08,3.71308e-08
2.42467e-08,2.47534e-08,2.68846e-08,3.0164e-08,3.33012e-08,3.60234e-08,3.89049e-08,4.07045e-08,4.09106e-08,3.96351e-08,3.58852e-08
2.38579e-08,2.44475e-08,2.64555e-08,2.95456e-08,3.27176e-08,3.53916e-08,3.8175e-08,3.99034e-08,4.00556e-08,3.90846e-08,3.50422e-08
2.34074e-08,2.39399e-08,2.60689e-08,2.89688e-08,3.21142e-08,3.47262e-08,3.74143e-08,3.90755e-08,3.91792e-08,3.78703e-08,3.41813e-08
2.28265e-08,2.35142e-08,2.56657e-08,2.84514e-08,3.15387e-08,3.40704e-08,3.66841e-08,3.8288e-08,3.83244e-08,3.7011e-08,3.31263e-08
2.24846e-08,2.29824e-08,2.53756e-08,2.79318e-08,3.09719e-08,3.34688e-08,3.59713e-08,3.75135e-08,3.75002e-08,3.61868e-08,3.25888e-08
2.20043e-08,2.23925e-08,2.50014e-08,2.74137e-08,3.03666e-08,3.28469e-08,3.52737e-08,3.67691e-08,3.6701e-08,3.5379e-08,3.18266e-08
2.16531e-08,2.22315e-08,2.4365e-08,2.69254e-08,2.98493e-08,3.22493e-08,3.45746e-08,3.59995e-08,3.59187e-08,3.4556e-08,3.10014e-08
2.1296e-08,2.19006e-08,2.39768e-08,2.64724e-08,2.93046e-08,3.176e-08,3.39037e-08,3.52776e-08,3.51556e-08,3.37846e-08,3.02693e-08
2.09081e-08,2.14214e-08,2.35027e-08,2.5958e-08,2.8765e-08,3.1066e-08,3.32323e-08,3.45524e-08,3.43908e-08,3.2983e-08,2.95081e-08
2.06199e-08,2.10416e-08,2.31403e-08,2.54623e-08,2.82424e-08,3.03934e-08,3.25978e-08,3.38583e-08,3.36618e-08,3.22289e-08,2.87996e-08
2.01234e-08,2.06961e-08,2.26793e-08,2.50627e-08,2.7731e-08,2.99363e-08,3.19496e-08,3.31553e-08,3.29354e-08,3.14968e-08,2.80897e-08
1.96701e-08,2.03725e-08,2.22498e-08,2.46076e-08,2.72315e-08,2.93788e-08,3.13329e-08,3.25076e-08,3.22391e-08,3.07816e-08,2.72038e-08
1.93457e-08,1.99781e-08,2.18387e-08,2.41461e-08,2.6734e-08,2.88574e-08,3.07217e-08,3.1847e-08,3.15424e-08,3.00649e-08,2.67355e-08
1.90494e-08,1.95928e-08,2.15094e-08,2.3697e-08,2.62208e-08,2.82954e-08,3.00993e-08,3.11786e-08,3.08511e-08,2.93624e-08,2.60738e-08
1.85848e-08,1.90895e-08,2.11984e-08,2.31073e-08,2.57075e-08,2.7782e-08,2.94998e-08,3.05406e-08,2.99887e-08,2.87015e-08,2.56473e-08
1.83079e-08,1.89178e-08,2.07251e-08,2.28466e-08,2.5273e-08,2.72653e-08,2.89313e-08,2.99231e-08,2.95365e-08,2.80294e-08,2.48072e-08
1.79779e-08,1.8579e-08,2.03294e-08,2.24194e-08,2.47967e-08,2.67484e-08,2.83541e-08,2.9318e-08,2.88913e-08,2.73732e-08,2.41923e-08
1.76668e-08,1.83105e-08,1.99622e-08,2.19606e-08,2.43589e-08,2.62523e-08,2.77933e-08,2.8689e-08,2.82677e-08,2.67318e-08,2.35976e-08
1.72679e-08,1.79311e-08,1.95751e-08,2.15988e-08,2.38721e-08,2.57444e-08,2.72316e-08,2.81055e-08,2.76419e-08,2.61025e-08,2.30055e-08
1.69114e-08,1.76252e-08,1.92513e-08,2.11972e-08,2.34321e-08,2.52073e-08,2.67009e-08,2.75326e-08,2.70436e-08,2.54922e-08,2.22979e-08
1.66099e-08,1.72797e-08,1.88759e-08,2.08082e-08,2.29859e-08,2.47757e-08,2.61593e-08,2.6954e-08,2.64412e-08,2.48847e-08,2.18731e-08
1.63597e-08,1.69647e-08,1.85081e-08,2.05264e-08,2.25532e-08,2.43075e-08,2.56399e-08,2.63986e-08,2.59887e-08,2.41692e-08,2.13284e-08
1.59741e-08,1.66576e-08,1.8189e-08,2.00259e-08,2.21313e-08,2.38408e-08,2.51224e-08,2.58492e-08,2.52986e-08,2.37221e-08,2.07995e-08
1.56383e-08,1.63776e-08,1.78797e-08,1.96859e-08,2.17114e-08,2.33931e-08,2.46198e-08,2.53107e-08,2.47389e-08,2.31625e-08,2.02752e-08
1.53396e-08,1.60844e-08,1.75271e-08,1.93039e-08,2.13006e-08,2.29451e-08,2.4137e-08,2.47888e-08,2.42005e-08,2.27142e-08,1.97698e-08
1.50677e-08,1.57939e-08,1.72686e-08,1.89537e-08,2.08982e-08,2.25092e-08,2.36473e-08,2.4275e-08,2.36553e-08,2.20718e-08,1.92756e-08
1.47559e-08,1.5526e-08,1.69185e-08,1.86006e-08,2.05122e-08,2.20739e-08,2.31705e-08,2.37661e-08,2.3139e-08,2.15448e-08,1.87897e-08
1.44392e-08,1.52586e-08,1.65933e-08,1.82739e-08,2.01265e-08,2.16522e-08,2.27057e-08,2.32728e-08,2.26315e-08,2.10299e-08,1.82261e-08
1.41858e-08,1.49815e-08,1.62936e-08,1.79182e-08,1.97403e-08,2.12304e-08,2.22488e-08,2.27826e-08,2.2125e-08,2.05189e-08,1.78499e-08
1.38826e-08,1.47395e-08,1.59565e-08,1.75852e-08,1.93677e-08,2.08142e-08,2.18106e-08,2.23038e-08,2.16277e-08,2.00204e-08,1.73974e-08
1.36352e-08,1.4469e-08,1.57018e-08,1.7206e-08,1.89962e-08,2.04169e-08,2.13561e-08,2.18352e-08,2.10857e-08,1.9534e-08,1.70161e-08
1.33327e-08,1.41876e-08,1.53948e-08,1.69286e-08,1.86355e-08,2.00092e-08,2.09216e-08,2.13704e-08,2.06718e-08,1.90533e-08,1.65155e-08
1.30721e-08,1.39433e-08,1.51068e-08,1.66086e-08,1.82756e-08,1.96197e-08,2.04965e-08,2.09183e-08,2.02061e-08,1.86316e-08,1.60906e-08
1.28314e-08,1.36744e-08,1.48371e-08,1.6288e-08,1.79319e-08,1.92363e-08,2.00782e-08,2.04777e-08,1.97492e-08,1.8128e-08,1.56831e-08
1.25627e-08,1.34794e-08,1.45646e-08,1.59952e-08,1.75823e-08,1.88538e-08,1.96788e-08,2.004e-08,1.93035e-08,1.76772e-08,1.52725e-08
1.22953e-08,1.32075e-08,1.43039e-08,1.57046e-08,1.72505e-08,1.84984e-08,1.92731e-08,1.9613e-08,1.8871e-08,1.72472e-08,1.48761e-08
1.20556e-08,1.29881e-08,1.40189e-08,1.54017e-08,1.69232e-08,1.81237e-08,1.88766e-08,1.91964e-08,1.8438e-08,1.68236e-08,1.44824e-08
1.18328e-08,1.27553e-08,1.37669e-08,1.51077e-08,1.65942e-08,1.77691e-08,1.84925e-08,1.87881e-08,1.8016e-08,1.64022e-08,1.4109e-08
1.15974e-08,1.25405e-08,1.35058e-08,1.48266e-08,1.6284e-08,1.74144e-08,1.81162e-08,1.83852e-08,1.76048e-08,1.59929e-08,1.37378e-08
1.13112e-08,1.23099e-08,1.32766e-08,1.45746e-08,1.59763e-08,1.70767e-08,1.77584e-08,1.79938e-08,1.72065e-08,1.55903e-08,1.338e-08
1.11224e-08,1.21029e-08,1.30066e-08,1.42716e-08,1.56776e-08,1.67371e-08,1.73832e-08,1.76094e-08,1.68137e-08,1.52013e-08,1.30257e-08
1.0907e-08,1.18927e-08,1.27682e-08,1.40133e-08,1.53719e-08,1.64062e-08,1.70316e-08,1.7233e-08,1.64306e-08,1.48217e-08,1.26794e-08
1.0681e-08,1.16945e-08,1.25396e-08,1.37611e-08,1.50781e-08,1.60879e-08,1.66877e-08,1.68637e-08,1.60545e-08,1.4446e-08,1.23383e-08
1.0477e-08,1.14764e-08,1.22905e-08,1.34953e-08,1.48081e-08,1.57565e-08,1.63431e-08,1.65012e-08,1.56794e-08,1.40831e-08,1.20104e-08
1.02798e-08,1.12984e-08,1.20349e-08,1.32424e-08,1.45185e-08,1.54472e-08,1.60196e-08,1.61451e-08,1.53343e-08,1.37166e-08,1.1687e-08
1.00715e-08,1.11013e-08,1.18483e-08,1.29962e-08,1.42435e-08,1.51429e-08,1.56824e-08,1.57973e-08,1.49654e-08,1.33758e-08,1.13698e-08
9.89571e-09,1.08935e-08,1.16235e-08,1.27569e-08,1.39725e-08,1.48368e-08,1.53691e-08,1.54552e-08,1.46108e-08,1.30312e-08,1.10548e-08
9.68512e-09,1.06996e-08,1.14057e-08,1.25179e-08,1.37095e-08,1.45514e-08,1.50428e-08,1.51213e-08,1.42733e-08,1.27084e-08,1.07564e-08
9.51745e-09,1.05259e-08,1.11935e-08,1.22891e-08,1.34522e-08,1.42636e-08,1.47358e-08,1.47946e-08,1.3942e-08,1.23848e-08,1.04613e-08
9.32719e-09,1.03312e-08,1.09918e-08,1.20611e-08,1.31984e-08,1.39853e-08,1.44239e-08,1.44737e-08,1.36179e-08,1.20709e-08,1.01721e-08
9.12397e-09,1.01581e-08,1.08118e-08,1.18456e-08,1.2951e-08,1.36953e-08,1.41435e-08,1.4162e-08,1.32951e-08,1.17663e-08,9.893e-09
8.96267e-09,9.98102e-09,1.05901e-08,1.1623e-08,1.27102e-08,1.3435e-08,1.38504e-08,1.38543e-08,1.29911e-08,1.14616e-08,9.6171e-09
8.81116e-09,9.8085e-09,1.0405e-08,1.14117e-08,1.24814e-08,1.31805e-08,1.35698e-08,1.35551e-08,1.26905e-08,1.11662e-08,9.34901e-09
8.61508e-09,9.63931e-09,1.01891e-08,1.12069e-08,1.22476e-08,1.29064e-08,1.32924e-08,1.32609e-08,1.24007e-08,1.08801e-08,9.08367e-09
8.52811e-09,9.48756e-09,1.00192e-08,1.09885e-08,1.20144e-08,1.26652e-08,1.30224e-08,1.29775e-08,1.21091e-08,1.06073e-08,8.83191e-09
8.33836e-09,9.31584e-09,9.84059e-09,1.08037e-08,1.17915e-08,1.24112e-08,1.27576e-08,1.26952e-08,1.18242e-08,1.03364e-08,8.58337e-09
8.19729e-09,9.17745e-09,9.68065e-09,1.06175e-08,1.15788e-08,1.21625e-08,1.25038e-08,1.24186e-08,1.15475e-08,1.00776e-08,8.33872e-09
8.04239e-09,9.00096e-09,9.496e-09,1.04167e-08,1.13701e-08,1.19286e-08,1.22393e-08,1.21535e-08,1.12848e-08,9.80921e-09,8.10699e-09
7.90236e-09,8.86216e-09,9.33506e-09,1.02357e-08,1.11509e-08,1.16976e-08,1.19821e-08,1.18925e-08,1.10271e-08,9.55904e-09,7.87097e-09
7.7511e-09,8.7017e-09,9.15785e-09,1.0051e-08,1.09488e-08,1.14679e-08,1.17538e-08,1.16354e-08,1.07759e-08,9.32087e-09,7.64824e-09
7.6339e-09,8.57362e-09,8.98716e-09,9.87019e-09,1.0735e-08,1.12418e-08,1.15154e-08,1.13846e-08,1.05275e-08,9.08081e-09,7.42627e-09
7.48271e-09,8.40254e-09,8.83572e-09,9.69607e-09,1.05509e-08,1.10281e-08,1.1284e-08,1.11421e-08,1.02794e-08,8.85384e-09,7.21447e-09
7.37882e-09,8.26128e-09,8.69372e-09,9.52665e-09,1.03677e-08,1.0813e-08,1.1056e-08,1.09012e-08,1.00309e-08,8.62703e-09,7.01242e-09
7.25742e-09,8.13343e-09,8.52846e-09,9.35945e-09,1.01684e-08,1.06038e-08,1.08328e-08,1.06651e-08,9.8081e-09,8.40555e-09,6.80707e-09
7.14283e-09,8.00859e-09,8.3794e-09,9.19733e-09,9.98361e-09,1.04026e-08,1.06166e-08,1.04362e-08,9.5846e-09,8.19306e-09,6.61467e-09
7.03417e-09,7.88538e-09,8.23183e-09,9.03494e-09,9.79412e-09,1.0203e-08,1.0405e-08,1.0215e-08,9.36818e-09,7.99077e-09,6.42281e-09
6.88432e-09,7.75889e-09,8.08552e-09,8.88854e-09,9.63064e-09,9.99504e-09,1.01959e-08,9.99941e-09,9.15529e-09,7.77739e-09,6.24021e-09
6.82055e-09,7.61073e-09,7.95701e-09,8.7258e-09,9.46851e-09,9.8253e-09,9.97365e-09,9.78927e-09,8.93379e-09,7.58866e-09,6.05785e-09
6.7005e-09,7.4994e-09,7.81111e-09,8.5789e-09,9.28614e-09,9.63358e-09,9.79511e-09,9.5755e-09,8.7329e-09,7.40221e-09,5.88492e-09
6.59742e-09,7.38645e-09,7.69345e-09,8.43204e-09,9.12115e-09,9.46552e-09,9.60244e-09,9.3789e-09,8.5448e-09,7.21649e-09,5.72164e-09
6.50119e-09,7.26217e-09,7.55258e-09,8.29143e-09,8.95808e-09,9.27072e-09,9.41007e-09,9.17788e-09,8.33939e-09,7.03728e-09,5.55359e-09
6.4162e-09,7.1512e-09,7.42674e-09,8.1512e-09,8.79785e-09,9.09802e-09,9.22415e-09,8.98502e-09,8.14985e-09,6.86264e-09,5.39554e-09
6.28778e-09,7.02242e-09,7.317e-09,8.01463e-09,8.65311e-09,8.9298e-09,9.04279e-09,8.79504e-09,7.95733e-09,6.68799e-09,5.24776e-09
6.18656e-09,6.92554e-09,7.17384e-09,7.87828e-09,8.51243e-09,8.74109e-09,8.87336e-09,8.61309e-09,7.78083e-09,6.52856e-09,5.09418e-09
6.13597e-09,6.81703e-09,7.06882e-09,7.74742e-09,8.34136e-09,8.60126e-09,8.68328e-09,8.4356e-09,7.59997e-09,6.37699e-09,4.95359e-09
6.02255e-09,6.68683e-09,6.94957e-09,7.62541e-09,8.17594e-09,8.43911e-09,8.52327e-09,8.26027e-09,7.43214e-09,6.20796e-09,4.80903e-09
5.93052e-09,6.57826e-09,6.82762e-09,7.49448e-09,8.05004e-09,8.28605e-09,8.35458e-09,8.086e-09,7.26246e-09,6.05619e-09,4.67389e-09
5.86162e-09,6.49339e-09,6.73299e-09,7.36494e-09,7.92223e-09,8.13675e-09,8.19169e-09,7.92357e-09,7.09287e-09,5.89941e-09,4.54351e-09
5.78546e-09,6.40569e-09,6.60671e-09,7.24321e-09,7.77096e-09,7.9858e-09,8.03262e-09,7.7559e-09,6.94684e-09,5.76283e-09,4.41493e-09
5.69853e-09,6.32336e-09,6.50076e-09,7.12275e-09,7.62061e-09,7.84172e-09,7.87813e-09,7.59403e-09,6.80391e-09,5.63248e-09,4.29657e-09
5.60289e-09,6.21091e-09,6.40137e-09,7.00553e-09,7.52748e-09,7.67155e-09,7.73331e-09,7.44091e-09,6.63052e-09,5.48857e-09,4.17144e-09
5.55186e-09,6.12374e-09,6.29567e-09,6.89257e-09,7.37201e-09,7.55882e-09,7.57435e-09,7.28475e-09,6.49013e-09,5.35246e-09,4.05273e-09
5.47021e-09,6.03064e-09,6.18985e-09,6.77972e-09,7.23953e-09,7.42093e-09,7.45186e-09,7.13984e-09,6.3475e-09,5.20779e-09,3.94855e-09
5.42928e-09,5.91568e-09,6.10631e-09,6.66662e-09,7.12234e-09,7.28481e-09,7.28369e-09,6.99397e-09,6.20418e-09,5.0951e-09,3.83097e-09
5.33707e-09,5.83422e-09,6.01033e-09,6.55743e-09,6.99642e-09,7.15313e-09,7.14399e-09,6.85147e-09,6.07277e-09,4.97163e-09,3.72946e-09
5.26889e-09,5.73773e-09,5.90896e-09,6.44603e-09,6.87383e-09,7.0261e-09,7.00513e-09,6.715e-09,5.9305e-09,4.84971e-09,3.62357e-09
5.17731e-09,5.6157e-09,5.84147e-09,6.35437e-09,6.76106e-09,6.90499e-09,6.87522e-09,6.58105e-09,5.79722e-09,4.75796e-09,3.52378e-09
5.1333e-09,5.54827e-09,5.72574e-09,6.24339e-09,6.63911e-09,6.77725e-09,6.74087e-09,6.44457e-09,5.67216e-09,4.61248e-09,3.4241e-09
5.06405e-09,5.48213e-09,5.6367e-09,6.13945e-09,6.52323e-09,6.65417e-09,6.60845e-09,6.31133e-09,5.54375e-09,4.50279e-09,3.33084e-09
5.01725e-09,5.41607e-09,5.55194e-09,6.04213e-09,6.41197e-09,6.53225e-09,6.48364e-09,6.18063e-09,5.42751e-09,4.393e-09,3.24396e-09
4.94682e-09,5.33464e-09,5.45757e-09,5.93785e-09,6.30378e-09,6.4186e-09,6.35814e-09,6.06106e-09,5.30216e-09,4.28552e-09,3.14859e-09
4.87205e-09,5.24324e-09,5.37409e-09,5.84694e-09,6.20063e-09,6.3037e-09,6.23662e-09,5.93802e-09,5.18485e-09,4.17944e-09,3.06218e-09
4.80078e-09,5.17435e-09,5.28279e-09,5.75386e-09,6.08688e-09,6.19055e-09,6.11606e-09,5.8176e-09,5.0682e-09,4.07936e-09,2.97918e-09
4.76445e-09,5.05699e-09,5.21138e-09,5.64837e-09,5.98486e-09,6.07951e-09,6.00236e-09,5.70466e-09,4.95894e-09,3.97633e-09,2.89779e-09
4.67692e-09,5.01431e-09,5.14176e-09,5.56292e-09,5.87974e-09,5.97201e-09,5.88701e-09,5.58214e-09,4.84791e-09,3.87772e-09,2.82673e-09
4.60756e-09,4.93547e-09,5.04786e-09,5.47063e-09,5.77865e-09,5.86412e-09,5.77184e-09,5.47358e-09,4.73715e-09,3.77759e-09,2.74093e-09
4.56385e-09,4.86338e-09,4.97282e-09,5.37746e-09,5.67952e-09,5.76343e-09,5.66202e-09,5.36227e-09,4.63326e-09,3.68175e-09,2.66327e-09
4.49523e-09,4.76977e-09,4.8997e-09,5.29375e-09,5.58126e-09,5.65544e-09,5.55347e-09,5.2481e-09,4.5289e-09,3.59333e-09,2.5896e-09
4.42699e-09,4.72528e-09,4.82304e-09,5.21247e-09,5.48621e-09,5.55894e-09,5.4463e-09,5.147e-09,4.42805e-09,3.50266e-09,2.51879e-09
4.38255e-09,4.65732e-09,4.75151e-09,5.13335e-09,5.3889e-09,5.4545e-09,5.3444e-09,5.05157e-09,4.33985e-09,3.41531e-09,2.45554e-09
