0.0184148,0.0182137,0.0179133,0.017796,0.01723,0.016812,0.0161503,0.014943,0.014332,0.0134769,0.0123454
0.0171841,0.0171338,0.0169945,0.01681,0.0161811,0.0157827,0.0149952,0.0140092,0.0134637,0.0126612,0.011506
0.0161589,0.0160933,0.0157695,0.0157678,0.0150379,0.0148057,0.0140024,0.0132882,0.0125004,0.011774,0.0108344
0.0150854,0.0150254,0.0148415,0.0148152,0.0141904,0.0137964,0.0131425,0.0123154,0.011656,0.0109784,0.00997402
0.0142048,0.0141414,0.0139804,0.0139675,0.0133681,0.012985,0.0123676,0.0115862,0.0109427,0.0102921,0.00933728
0.0133729,0.013398,0.013338,0.0132659,0.0126165,0.0122665,0.0116799,0.0109578,0.0103427,0.009686,0.0088402
0.0126324,0.0125688,0.0124519,0.0124299,0.0118988,0.0115516,0.0110054,0.0103082,0.00969165,0.00907607,0.00822131
0.0119265,0.011883,0.0117359,0.0117216,0.0112469,0.010934,0.0103843,0.00976442,0.00913283,0.00851452,0.00770237
0.0112861,0.0112336,0.0111492,0.011123,0.0106346,0.0103378,0.00985256,0.00921494,0.00863812,0.00803507,0.00729062
0.0107086,0.0107412,0.0106068,0.0104908,0.0101019,0.00978356,0.00936394,0.00868371,0.0081506,0.00759566,0.00691726
0.0102161,0.0100725,0.0100388,0.0100701,0.00956606,0.00930891,0.0088614,0.00830732,0.00775523,0.00718483,0.00645625
0.00955869,0.00966288,0.00959355,0.00940992,0.00910907,0.00885484,0.00850673,0.00783059,0.00732731,0.00675673,0.00622756
0.00909265,0.00912903,0.00909047,0.00903845,0.00862366,0.0084258,0.00797452,0.00746149,0.00699371,0.00637497,0.0057879
0.00869832,0.00866509,0.00865248,0.00860183,0.00823542,0.00797345,0.00763588,0.00715084,0.00665982,0.00605671,0.0055155
0.00826325,0.00828082,0.00822429,0.00816975,0.00779894,0.00758462,0.0072205,0.00675701,0.00628817,0.00571516,0.00520264
0.00792111,0.00786488,0.0078298,0.00783701,0.00745808,0.00726354,0.00688502,0.00644455,0.00599539,0.00544267,0.00489313
0.00753722,0.00744869,0.00757549,0.00744017,0.00705078,0.00685607,0.00656428,0.00612741,0.00567816,0.00518618,0.00470433
0.00711653,0.00710481,0.00714325,0.00706691,0.00675773,0.00653183,0.00626861,0.00587527,0.00543952,0.00489628,0.0044279
0.00679097,0.00681343,0.00682445,0.00677826,0.00640465,0.00630781,0.00596735,0.0056063,0.00514281,0.00467936,0.00424748
0.00646749,0.0065827,0.00653961,0.0065078,0.00619355,0.00602317,0.00576026,0.00539407,0.00496375,0.00444506,0.00403746
0.00618419,0.00622218,0.00624555,0.00619442,0.00584156,0.00575448,0.00543707,0.00512366,0.00468847,0.00424373,0.00384095
0.00592656,0.00597864,0.00596401,0.00592636,0.00564414,0.00547261,0.00525438,0.00491346,0.00453668,0.00402893,0.00366297
0.00566989,0.00580012,0.00570041,0.00565186,0.00536465,0.00532334,0.00496745,0.00465203,0.00424813,0.00382991,0.00351783
0.00541148,0.00547094,0.00547949,0.00539563,0.00513449,0.00500023,0.0047992,0.0044618,0.00409806,0.00366037,0.00330948
0.00519119,0.00525878,0.00525412,0.00521713,0.00488613,0.00484094,0.00456197,0.00428332,0.00390381,0.00350472,0.00318996
0.00496583,0.00504499,0.00502978,0.00499479,0.00472484,0.0046066,0.00440194,0.00410467,0.00374779,0.0033306,0.00301435
0.00474071,0.00482278,0.00484925,0.00475718,0.00449943,0.00443735,0.00421366,0.00394756,0.00357642,0.00320702,0.00290281
0.00457121,0.00467329,0.00462254,0.00461499,0.00435546,0.00423481,0.00407381,0.00379316,0.00345828,0.00306269,0.00274893
0.00437063,0.00441721,0.0044676,0.00439421,0.004125,0.00409317,0.00385347,0.00363071,0.00328696,0.00292678,0.00263237
0.00413748,0.00423205,0.0042384,0.00422124,0.00398098,0.00388863,0.00373642,0.00347037,0.00316949,0.0028136,0.00250938
0.00396585,0.00409065,0.0041157,0.0040535,0.00381261,0.00376898,0.00354609,0.00335061,0.00302466,0.00269922,0.00243218
0.00380804,0.00395454,0.00396473,0.00389897,0.00365559,0.00361963,0.00344128,0.0032242,0.00289774,0.00256837,0.00232324
0.00365668,0.00381058,0.00378779,0.00375604,0.00352479,0.00347817,0.00329775,0.00309579,0.00278419,0.00246423,0.00221811
0.0035225,0.00363643,0.0036507,0.00360001,0.00338521,0.00334969,0.00316478,0.00298267,0.00266685,0.00236047,0.00213061
0.00334601,0.00355374,0.00350086,0.00349605,0.00326293,0.00322419,0.00306353,0.00286402,0.0025893,0.00229166,0.0020464
0.00322769,0.00339538,0.00339975,0.00334345,0.00312238,0.00311181,0.00295826,0.00274775,0.00246113,0.00219947,0.00194837
0.0031339,0.00325135,0.00325889,0.00324677,0.00299611,0.00301196,0.00285749,0.00266164,0.00237307,0.00209539,0.00190127
0.00300563,0.00310945,0.00314598,0.00311438,0.00289217,0.00289625,0.00272521,0.00257145,0.00228107,0.00199783,0.00181341
0.00286344,0.00304109,0.00300026,0.00300568,0.00279127,0.00276544,0.00260656,0.00246279,0.00220318,0.00195466,0.0017266
0.00272458,0.00290326,0.0029123,0.00287999,0.00268908,0.00266473,0.0025114,0.0023749,0.00211339,0.00186299,0.00168548
0.00263755,0.00278687,0.00279007,0.00277261,0.00257538,0.0025967,0.00244013,0.0022791,0.00203163,0.00179295,0.00161301
0.00255816,0.00269959,0.00270087,0.00268067,0.00248847,0.00249089,0.00231915,0.00219804,0.00197354,0.00172414,0.00153325
0.0024264,0.00260906,0.00260453,0.00258276,0.00238352,0.0024022,0.00230874,0.00211982,0.00188286,0.00165669,0.00150182
0.00235568,0.0024891,0.00251449,0.00249382,0.00232368,0.00232854,0.00219005,0.00205002,0.00182071,0.00161503,0.00143657
0.00219106,0.00236867,0.00242842,0.00241678,0.00220781,0.00225764,0.00214207,0.00200438,0.00173017,0.00155483,0.00139195
0.00219997,0.00232059,0.00234082,0.002319,0.00214278,0.00216892,0.00204565,0.00190745,0.00168067,0.00150523,0.00132943
0.00208628,0.00224845,0.00225388,0.00223636,0.00206108,0.00208312,0.00201312,0.00185693,0.00162788,0.00144352,0.0012796
0.00203391,0.0021562,0.00217712,0.00217887,0.00197885,0.002024,0.00188921,0.00178546,0.00158349,0.00140717,0.00122723
0.00198247,0.00211896,0.00210642,0.00209134,0.00195716,0.00195248,0.00183769,0.00171376,0.00152597,0.00135743,0.00117843
0.00190438,0.0020306,0.00205682,0.00202766,0.00189269,0.00189107,0.00178495,0.00167587,0.00148699,0.00131053,0.00114584
0.00184803,0.00195888,0.0019599,0.00194842,0.0018184,0.00181764,0.00173377,0.00159397,0.00142869,0.00126838,0.00109591
0.00179584,0.00191012,0.00190246,0.00190544,0.00175615,0.00176657,0.00164969,0.00154824,0.00137623,0.00121719,0.00105761
0.00173412,0.00183909,0.00184925,0.00183113,0.00170349,0.00171029,0.00161531,0.00149344,0.00131214,0.00119806,0.00103267
0.00166606,0.00177252,0.00177703,0.00176379,0.00163912,0.00165505,0.00154103,0.00145278,0.00129613,0.00114624,0.000980036
0.00160728,0.00170496,0.00171782,0.00170862,0.00158104,0.00159694,0.00150892,0.00140764,0.00125345,0.00111317,0.000956948
0.00154585,0.00165347,0.00166579,0.00166018,0.00153438,0.00155634,0.001475,0.00136468,0.0012037,0.00108758,0.000928241
0.00147289,0.00158683,0.00160922,0.0016026,0.00149092,0.00150434,0.00142138,0.00132102,0.00117188,0.00104391,0.00089094
0.00145983,0.00155358,0.00155923,0.00154328,0.00144067,0.00145387,0.00137286,0.00128034,0.00113174,0.00100978,0.000856297
0.00141202,0.00149731,0.00150956,0.00150063,0.00139659,0.0014111,0.0013286,0.00123921,0.00109651,0.000978798,0.000834681
0.00136479,0.0014463,0.00146418,0.00145624,0.00135116,0.00136827,0.00127044,0.00119017,0.00105855,0.000949191,0.000801781
0.00132102,0.00138965,0.00142489,0.00142839,0.00129461,0.00132781,0.00125599,0.00116793,0.00103326,0.000922755,0.000787792
0.00128695,0.00136503,0.00138091,0.00136498,0.0012766,0.00128665,0.00121082,0.00113446,0.00100136,0.00088801,0.000751002
0.0012473,0.00131838,0.00133095,0.00132057,0.00123728,0.00124588,0.00117361,0.00109316,0.000969012,0.000865406,0.000732377
0.00120236,0.00127658,0.00129419,0.0012872,0.00120061,0.00121499,0.00114231,0.00106208,0.000935935,0.000840347,0.000710058
0.001176,0.00123045,0.00124849,0.00123294,0.00116753,0.00117458,0.00110107,0.00102551,0.000911793,0.000817456,0.00069008
0.00112655,0.00119358,0.00121063,0.00120253,0.00111821,0.00113599,0.00107348,0.000993751,0.000894668,0.000790076,0.000662437
0.00111085,0.00117208,0.00117738,0.00116345,0.00110508,0.00110743,0.00103362,0.000970132,0.000845034,0.000763497,0.000642844
0.00107222,0.00112618,0.00114029,0.00113725,0.00107131,0.00107447,0.00101169,0.000934179,0.000827859,0.000742333,0.000626929
0.00104153,0.00110022,0.0011019,0.00110013,0.00105692,0.00103963,0.000986486,0.000901065,0.000806589,0.000725696,0.000609737
0.00101232,0.00105959,0.00107097,0.00106051,0.00101739,0.00101114,0.000951137,0.000882659,0.000786947,0.000701401,0.000590333
0.000990753,0.00102136,0.00104112,0.00102818,0.000977197,0.000973645,0.000924256,0.000856488,0.00077136,0.000680653,0.000567198
0.000956813,0.000994928,0.00101526,0.0010113,0.000955311,0.000952454,0.00088732,0.000833736,0.000753517,0.000658991,0.000552477
0.000933406,0.000972214,0.000982347,0.000962756,0.000929352,0.000926427,0.000875954,0.000807118,0.000719044,0.000641725,0.000535824
0.000905338,0.000941596,0.000950753,0.000944575,0.000913523,0.000902332,0.000847892,0.000785669,0.000698973,0.000621524,0.000516918
0.000877638,0.00091272,0.000926224,0.000913342,0.000885365,0.000872632,0.000825613,0.000763961,0.000680656,0.000604973,0.000506477
0.000847422,0.000885898,0.00089927,0.000891201,0.000861835,0.00084875,0.000806049,0.000737282,0.000658446,0.000586262,0.00048981
0.000836298,0.000860674,0.000868301,0.000863962,0.000836952,0.000823341,0.000776654,0.000718647,0.000643815,0.000567963,0.000472419
0.000806542,0.000838362,0.000845001,0.00083252,0.000816919,0.000800191,0.000754325,0.000700373,0.000626147,0.000553491,0.000461434
0.000787,0.000809246,0.000824011,0.00081794,0.000799251,0.000776218,0.000736601,0.000679835,0.000610049,0.000537748,0.000446761
0.000763585,0.000787077,0.000800111,0.000792147,0.000774531,0.000754295,0.000716387,0.000661495,0.000592322,0.000518536,0.000432172
0.000745759,0.000767879,0.000778384,0.000766243,0.000754851,0.000732629,0.000694497,0.000648337,0.000577875,0.000503437,0.000417396
0.000720801,0.000740627,0.000755497,0.000745828,0.000737412,0.000715142,0.000680988,0.000623598,0.000558337,0.000490038,0.000408534
0.000702188,0.000722969,0.000732955,0.000723597,0.000718755,0.000697766,0.000657516,0.000608189,0.000542351,0.000474089,0.000394051
0.0006839,0.000701697,0.000712114,0.000707958,0.000693649,0.000674479,0.000641422,0.000588139,0.000527524,0.000461974,0.000382671
0.000661989,0.000680743,0.000695311,0.000682035,0.000678583,0.000659766,0.000621864,0.000576189,0.000514349,0.000449279,0.000371948
0.000643437,0.000660067,0.000676095,0.000668791,0.000662002,0.000636991,0.000608535,0.000559416,0.000500765,0.000436691,0.000365421
0.000628649,0.000638428,0.000657156,0.000648516,0.000636967,0.000623968,0.000590157,0.000541383,0.000483642,0.000424146,0.000349237
0.000609069,0.000628109,0.000635467,0.000628687,0.000627194,0.000600882,0.000573749,0.000526756,0.000474325,0.000411992,0.00034107
0.000586888,0.000604246,0.000614642,0.000604512,0.000610551,0.000590432,0.000557093,0.000511663,0.000460093,0.000397963,0.000329807
0.000575874,0.000597015,0.000599871,0.000597317,0.000601248,0.000567587,0.000543918,0.000500258,0.00045147,0.00039122,0.000323113
0.000551266,0.000571798,0.000583757,0.000579259,0.000579832,0.000558048,0.000525873,0.000488909,0.000432513,0.000381476,0.000314084
0.000539043,0.000555836,0.000568953,0.000565195,0.000563464,0.000538473,0.000515976,0.000471254,0.000423716,0.000364251,0.0003019
0.000523039,0.000540607,0.000552725,0.00054685,0.000548747,0.000527551,0.000499135,0.000461819,0.000412367,0.000356385,0.00029464
0.000513305,0.00052604,0.00053817,0.000533978,0.000535527,0.000511011,0.000488524,0.000448466,0.000400813,0.000344765,0.000286307
0.000499111,0.00050603,0.000521958,0.000516799,0.000521407,0.000501243,0.00047473,0.000433397,0.000388303,0.000336894,0.000277507
0.000486428,0.000490429,0.000509056,0.000500997,0.000507894,0.000484977,0.000462362,0.000423305,0.000380994,0.000324995,0.000268133
0.000468063,0.000478937,0.000494079,0.000487098,0.000497289,0.00047318,0.000449617,0.000409619,0.000370456,0.000319006,0.000260941
0.000457325,0.000466654,0.000480849,0.0004791,0.000479983,0.000458922,0.000437966,0.000400577,0.000360657,0.000306891,0.000252346
0.000444032,0.000458313,0.000466861,0.000463094,0.000466935,0.000449987,0.000425616,0.00038814,0.000349168,0.000298445,0.000247737
0.000431841,0.000448262,0.000454036,0.00045122,0.000456348,0.000433548,0.000414113,0.000379717,0.000342064,0.000289999,0.000239868
0.000419804,0.000430446,0.000442515,0.000438784,0.000444157,0.000426051,0.000402229,0.000369225,0.000331141,0.000282592,0.00023288
0.000411692,0.00041751,0.000431839,0.000429131,0.000432589,0.0004104,0.000392815,0.000360459,0.000325323,0.000276048,0.00022657
0.000392012,0.000405219,0.000419968,0.000413272,0.00042028,0.000407922,0.000380087,0.000349656,0.000312908,0.00026823,0.00022118
0.000386125,0.000397599,0.000408801,0.000403912,0.000409888,0.000387611,0.000371334,0.0003428,0.000307842,0.000260744,0.000214374
0.000375361,0.000385967,0.000397257,0.000392836,0.000401087,0.000383254,0.000362208,0.000332685,0.000296591,0.000253406,0.000209465
0.000368731,0.000372307,0.000387408,0.000383819,0.000391441,0.000372585,0.000353007,0.000323306,0.000290612,0.000246409,0.000202249
0.000355981,0.000362292,0.000379476,0.000372567,0.000379497,0.000364083,0.000344526,0.00031529,0.000282448,0.00024001,0.000197906
0.000349393,0.000357161,0.000366464,0.000367762,0.00036887,0.000357535,0.000332585,0.000309264,0.000275795,0.000232102,0.000192526
0.000332164,0.000349093,0.000357839,0.000354544,0.000358633,0.00034696,0.000324416,0.00030081,0.000269995,0.000227184,0.00018876
0.000326443,0.000338835,0.000346045,0.000345639,0.000351523,0.000337278,0.000317654,0.000291031,0.000261006,0.000221732,0.000181737
0.000319444,0.00032785,0.000337425,0.000337544,0.000343392,0.000327276,0.000310519,0.000283188,0.000254345,0.000214581,0.000177817
0.000306379,0.000317789,0.000331947,0.000328731,0.000333307,0.000318616,0.000301954,0.000277262,0.00024632,0.000208633,0.00017318
0.000304633,0.000311303,0.00032468,0.000319342,0.000327777,0.000308981,0.000295857,0.000269581,0.000241592,0.000204796,0.000167957
0.000296499,0.000300209,0.000316295,0.000314604,0.000319445,0.000302199,0.000287386,0.000263653,0.000234735,0.000200118,0.000162464
0.000286071,0.000294179,0.000308499,0.000305281,0.000308636,0.000294423,0.000280724,0.000256796,0.000228229,0.000195145,0.000159232
0.00027896,0.000287917,0.000298982,0.000296327,0.000301571,0.000289482,0.000272258,0.000251725,0.000222825,0.000187322,0.000155953
0.000271338,0.000281265,0.000290806,0.000289865,0.000292718,0.000280775,0.000265587,0.000245368,0.00021691,0.000182715,0.0001527
0.000266342,0.000274397,0.000286583,0.00028467,0.000288322,0.000274348,0.000260435,0.000237779,0.000211566,0.000180978,0.000145909
0.000259023,0.000265433,0.000278244,0.000274717,0.000279107,0.000269397,0.000252833,0.000231191,0.000206536,0.000174006,0.000143484
0.000256122,0.000257548,0.000272251,0.000269697,0.000274692,0.000260663,0.000246687,0.000226432,0.000201997,0.000169378,0.000139691
0.000244896,0.000252853,0.000264935,0.000259988,0.000267985,0.000255038,0.000241115,0.000219192,0.000197923,0.000167718,0.000135329
0.000239063,0.000242376,0.000255057,0.000258606,0.00026081,0.000248829,0.000233076,0.000215989,0.000192679,0.000161965,0.000133433
0.000235335,0.000238081,0.000251721,0.000250997,0.000254693,0.00024551,0.00022832,0.000209639,0.000186453,0.000157694,0.000128419
0.000227541,0.000234054,0.00024805,0.000243657,0.000246402,0.000236997,0.000224834,0.000203969,0.000183086,0.000152601,0.000126358
0.000222224,0.000228484,0.000240075,0.000239398,0.000240338,0.000232037,0.000218994,0.000199113,0.000177714,0.000147462,0.000122972
0.000216496,0.000222083,0.000234147,0.000234531,0.000234197,0.000224796,0.000212572,0.000193725,0.000174658,0.00014442,0.000118706
0.000210019,0.000220657,0.000225854,0.000226343,0.000229488,0.000219357,0.000207352,0.000189658,0.000169969,0.000141758,0.000116982
0.000205196,0.000213533,0.000222999,0.000220801,0.00022578,0.000214045,0.000203027,0.000184827,0.000166418,0.000138146,0.000113689
0.000200565,0.000207343,0.000216776,0.000215427,0.000219246,0.00020921,0.000198554,0.000180087,0.000161908,0.000133707,0.000110614
0.000196881,0.000200274,0.000209937,0.000212747,0.000213968,0.000204962,0.000194088,0.000175334,0.000158281,0.000131673,0.000106364
0.000193277,0.000196217,0.00020618,0.000206175,0.00020799,0.000200874,0.000189374,0.000172357,0.00015384,0.000128124,0.000104808
0.000186832,0.000194029,0.000201551,0.000200613,0.000203351,0.000195651,0.000184452,0.000167299,0.000150385,0.000123671,0.000102007
0.000182813,0.000187454,0.000197521,0.000196187,0.000199669,0.000190471,0.000180238,0.000163356,0.000146808,0.000122378,0.000100153
0.000178783,0.00018296,0.000193637,0.00019292,0.000192943,0.000187219,0.000175847,0.000160566,0.000143499,0.000117339,9.69079e-05
0.000174606,0.000179271,0.000189984,0.000186638,0.000189843,0.000181384,0.000172843,0.000155533,0.000139979,0.000115961,9.53767e-05
0.000169983,0.000176317,0.000185487,0.000183767,0.000185779,0.000177248,0.000167982,0.000152451,0.000136603,0.000112581,9.22534e-05
0.000166323,0.000170287,0.000180501,0.00017922,0.000180052,0.000174333,0.000162609,0.00014893,0.000133462,0.000110035,9.04609e-05
0.000163016,0.000165153,0.000175696,0.000175363,0.000175529,0.000170334,0.000159779,0.000145262,0.000130336,0.000107617,8.76293e-05
0.00015972,0.000164135,0.000170622,0.000170846,0.000173373,0.000165761,0.000156521,0.000141242,0.000127226,0.000105615,8.48559e-05
0.000155443,0.000159434,0.000166757,0.000168249,0.000166947,0.0001615,0.000151952,0.000139336,0.000124454,0.000100905,8.41305e-05
0.000150131,0.000154541,0.000163306,0.000165266,0.000164334,0.00015857,0.000150108,0.000134534,0.000120614,9.90148e-05,8.0709e-05
0.000147609,0.000150773,0.000161414,0.000160915,0.000160285,0.000153434,0.000147151,0.000131709,0.000118515,9.73897e-05,7.88124e-05
0.000143197,0.000148284,0.000157489,0.000158004,0.000156166,0.000150081,0.000143078,0.00012849,0.000115198,9.38422e-05,7.75951e-05
0.000140569,0.000144499,0.000153863,0.000152861,0.000153572,0.000147174,0.000138895,0.000125914,0.000112972,9.24961e-05,7.57011e-05
0.00013616,0.000141427,0.000148596,0.000149503,0.000149923,0.000143744,0.000136293,0.000122706,0.000111623,9.00813e-05,7.39099e-05
0.000134861,0.000137631,0.000147124,0.000146863,0.00014753,0.000139766,0.000134427,0.000119434,0.000107605,8.83076e-05,7.14627e-05
0.000131898,0.000136636,0.000145296,0.000144427,0.000143388,0.000138246,0.000129611,0.0001179,0.000104871,8.65875e-05,7.00392e-05
0.00012727,0.000132023,0.000140862,0.000139468,0.00013911,0.000134477,0.000126956,0.000113866,0.000102328,8.32724e-05,6.85463e-05
0.000126451,0.000128143,0.000137096,0.00013634,0.000135912,0.000132089,0.000123392,0.000112341,0.000100026,8.16934e-05,6.68304e-05
0.000123195,0.000126749,0.000133641,0.000133012,0.000133865,0.000128398,0.000121131,0.000108628,9.78971e-05,8.04153e-05,6.4782e-05
0.000120459,0.00012434,0.000130369,0.00013052,0.000130471,0.000124685,0.000119044,0.000106177,9.65116e-05,7.84324e-05,6.34078e-05
0.000118317,0.000120168,0.000128511,0.000128268,0.000128696,0.000122911,0.000115847,0.000104396,9.40326e-05,7.6699e-05,6.20149e-05
0.000115136,0.000118496,0.000126113,0.000125633,0.000125631,0.000120045,0.00011361,0.0001015,9.13946e-05,7.51457e-05,6.04109e-05
0.000113684,0.000116267,0.000122886,0.000122977,0.000122045,0.00011688,0.000111103,9.94322e-05,8.93701e-05,7.27581e-05,5.8806e-05
0.000111003,0.000112528,0.000120318,0.000120455,0.000119738,0.000115096,0.000108898,9.75927e-05,8.7396e-05,7.19725e-05,5.7434e-05
0.000107408,0.000109577,0.00011702,0.000117562,0.000116848,0.000111766,0.000106546,9.44497e-05,8.511e-05,6.93271e-05,5.57348e-05
0.000106062,0.000109895,0.000114555,0.000113016,0.000112926,0.000109393,0.000103448,9.31201e-05,8.34289e-05,6.88704e-05,5.50868e-05
0.000103169,0.000105787,0.000110412,0.000112108,0.00011103,0.000106574,0.000101257,8.99881e-05,8.18316e-05,6.6067e-05,5.29456e-05
0.000101436,0.000103661,0.000108312,0.000108726,0.000108112,0.000104545,9.90445e-05,8.81502e-05,7.98664e-05,6.48662e-05,5.14029e-05
9.88523e-05,0.000101435,0.000106647,0.000106815,0.00010519,0.000103009,9.64347e-05,8.68153e-05,7.77983e-05,6.2539e-05,5.07369e-05
9.71881e-05,0.000100887,0.000102561,0.000103361,0.000103348,0.000100367,9.48098e-05,8.42423e-05,7.61156e-05,6.20264e-05,4.89446e-05
9.42284e-05,9.65571e-05,0.000101984,0.000102894,0.000101308,9.80549e-05,9.26666e-05,8.2518e-05,7.48371e-05,6.05582e-05,4.81616e-05
9.26452e-05,9.42118e-05,9.88169e-05,0.000100346,9.87247e-05,9.54652e-05,9.04443e-05,8.06348e-05,7.28634e-05,5.85775e-05,4.68641e-05
8.95265e-05,9.3438e-05,9.69044e-05,9.78776e-05,9.76289e-05,9.37501e-05,8.85981e-05,7.85437e-05,7.11651e-05,5.75563e-05,4.59667e-05
8.73394e-05,9.07778e-05,9.50508e-05,9.665e-05,9.59005e-05,9.11757e-05,8.62673e-05,7.67689e-05,7.01763e-05,5.64809e-05,4.49326e-05
8.59853e-05,8.84435e-05,9.30289e-05,9.40906e-05,9.26803e-05,8.95301e-05,8.44533e-05,7.50145e-05,6.82098e-05,5.50087e-05,4.35525e-05
8.41564e-05,8.66669e-05,9.15564e-05,9.10669e-05,8.9963e-05,8.79287e-05,8.2329e-05,7.36932e-05,6.66364e-05,5.38417e-05,4.29247e-05
8.26958e-05,8.49011e-05,8.89872e-05,9.01772e-05,8.8947e-05,8.49313e-05,8.10592e-05,7.16496e-05,6.56193e-05,5.22829e-05,4.13161e-05
8.06724e-05,8.32228e-05,8.71784e-05,8.85298e-05,8.66127e-05,8.38015e-05,7.85938e-05,7.03968e-05,6.38742e-05,5.11258e-05,4.05291e-05
7.91422e-05,8.1752e-05,8.51337e-05,8.65645e-05,8.49854e-05,8.18617e-05,7.74245e-05,6.82885e-05,6.22432e-05,5.07776e-05,3.92746e-05
7.67257e-05,7.94287e-05,8.35186e-05,8.47199e-05,8.27345e-05,7.96995e-05,7.61537e-05,6.64707e-05,6.07355e-05,4.89163e-05,3.83072e-05
7.45564e-05,7.66847e-05,8.16091e-05,8.24101e-05,8.10704e-05,7.90194e-05,7.34463e-05,6.62231e-05,5.90933e-05,4.75339e-05,3.7815e-05
7.33495e-05,7.57428e-05,8.04012e-05,8.07173e-05,7.90464e-05,7.699e-05,7.22152e-05,6.42365e-05,5.801e-05,4.63709e-05,3.64578e-05
7.19215e-05,7.47061e-05,7.73395e-05,7.89308e-05,7.7166e-05,7.49167e-05,7.06349e-05,6.22685e-05,5.70889e-05,4.5728e-05,3.56356e-05
7.05246e-05,7.26068e-05,7.63546e-05,7.73902e-05,7.61511e-05,7.3129e-05,6.9037e-05,6.09327e-05,5.57382e-05,4.48725e-05,3.48221e-05
6.84081e-05,7.18846e-05,7.5092e-05,7.52258e-05,7.46524e-05,7.15758e-05,6.79676e-05,5.97735e-05,5.47127e-05,4.3468e-05,3.39548e-05
6.7723e-05,6.97018e-05,7.32975e-05,7.41645e-05,7.19573e-05,7.00042e-05,6.63087e-05,5.83904e-05,5.30412e-05,4.23381e-05,3.31005e-05
6.61527e-05,6.83161e-05,7.16498e-05,7.25837e-05,7.08573e-05,6.88651e-05,6.49301e-05,5.71334e-05,5.2189e-05,4.17171e-05,3.24006e-05
6.49277e-05,6.65578e-05,7.01318e-05,7.07587e-05,6.89406e-05,6.73456e-05,6.34529e-05,5.58293e-05,5.07197e-05,4.07824e-05,3.12985e-05
6.26883e-05,6.49171e-05,6.85059e-05,6.92043e-05,6.8045e-05,6.55683e-05,6.15186e-05,5.43327e-05,4.98665e-05,3.98358e-05,3.08762e-05
6.20208e-05,6.3267e-05,6.682e-05,6.75549e-05,6.61642e-05,6.46646e-05,6.0695e-05,5.36566e-05,4.87358e-05,3.8527e-05,3.00219e-05
6.0081e-05,6.21609e-05,6.56174e-05,6.6364e-05,6.5091e-05,6.35496e-05,5.90425e-05,5.19605e-05,4.71487e-05,3.77135e-05,2.91327e-05
5.87701e-05,6.11495e-05,6.33892e-05,6.55205e-05,6.44533e-05,6.14649e-05,5.79282e-05,5.11366e-05,4.68776e-05,3.6816e-05,2.8481e-05
5.75854e-05,5.98069e-05,6.22725e-05,6.35971e-05,6.20422e-05,6.005e-05,5.67032e-05,4.98482e-05,4.61228e-05,3.60735e-05,2.78272e-05
5.67436e-05,5.81651e-05,6.15807e-05,6.24514e-05,6.19736e-05,5.87329e-05,5.54152e-05,4.87825e-05,4.43519e-05,3.55266e-05,2.71876e-05
5.5217e-05,5.676e-05,6.00893e-05,6.14123e-05,5.99067e-05,5.75669e-05,5.45116e-05,4.76754e-05,4.34714e-05,3.47056e-05,2.65521e-05
5.41435e-05,5.57755e-05,5.8687e-05,5.95618e-05,5.82796e-05,5.6263e-05,5.29478e-05,4.66143e-05,4.25845e-05,3.37927e-05,2.58814e-05
5.25085e-05,5.44262e-05,5.74321e-05,5.83209e-05,5.66389e-05,5.5449e-05,5.17903e-05,4.56747e-05,4.18382e-05,3.28658e-05,2.53576e-05
5.22732e-05,5.37379e-05,5.58148e-05,5.73155e-05,5.54516e-05,5.41193e-05,5.06058e-05,4.47995e-05,4.07749e-05,3.1992e-05,2.45398e-05
5.03465e-05,5.22574e-05,5.46126e-05,5.52864e-05,5.43251e-05,5.29603e-05,4.93431e-05,4.34147e-05,4.00722e-05,3.14186e-05,2.38736e-05
4.97238e-05,5.12897e-05,5.38867e-05,5.46615e-05,5.31772e-05,5.19355e-05,4.85675e-05,4.26488e-05,3.9044e-05,3.05559e-05,2.34841e-05
4.83856e-05,4.99047e-05,5.24596e-05,5.34791e-05,5.24116e-05,5.09697e-05,4.76101e-05,4.17272e-05,3.83029e-05,3.01001e-05,2.30362e-05
4.72062e-05,4.90031e-05,5.1484e-05,5.26383e-05,5.1267e-05,4.98439e-05,4.62503e-05,4.06707e-05,3.73079e-05,2.91882e-05,2.23374e-05
4.62593e-05,4.79685e-05,5.02447e-05,5.14161e-05,5.01022e-05,4.86114e-05,4.58579e-05,4.00561e-05,3.67225e-05,2.87768e-05,2.17475e-05
4.52845e-05,4.67098e-05,4.9514e-05,5.0328e-05,4.88614e-05,4.77496e-05,4.45517e-05,3.95311e-05,3.59774e-05,2.80859e-05,2.15251e-05
4.45043e-05,4.5505e-05,4.85181e-05,4.9096e-05,4.76749e-05,4.71925e-05,4.33455e-05,3.8432e-05,3.50593e-05,2.74753e-05,2.0838e-05
4.38403e-05,4.50072e-05,4.76945e-05,4.81548e-05,4.68067e-05,4.52446e-05,4.25473e-05,3.73509e-05,3.42333e-05,2.70067e-05,2.01353e-05
4.26253e-05,4.4015e-05,4.56966e-05,4.72023e-05,4.59924e-05,4.46273e-05,4.15408e-05,3.64249e-05,3.36872e-05,2.62928e-05,1.96959e-05
4.16464e-05,4.32097e-05,4.49143e-05,4.62205e-05,4.50896e-05,4.37678e-05,4.08783e-05,3.54841e-05,3.31432e-05,2.54545e-05,1.92668e-05
4.07355e-05,4.23642e-05,4.46295e-05,4.52617e-05,4.41085e-05,4.29693e-05,3.99577e-05,3.48423e-05,3.21456e-05,2.50831e-05,1.87891e-05
3.99129e-05,4.14216e-05,4.34055e-05,4.43071e-05,4.29701e-05,4.1845e-05,3.90715e-05,3.40757e-05,3.16493e-05,2.42094e-05,1.84393e-05
3.90572e-05,4.04033e-05,4.27508e-05,4.37802e-05,4.23147e-05,4.13198e-05,3.80886e-05,3.33417e-05,3.07205e-05,2.38866e-05,1.79427e-05
3.84268e-05,3.92212e-05,4.18024e-05,4.25866e-05,4.09803e-05,4.03442e-05,3.76688e-05,3.2948e-05,3.02272e-05,2.33479e-05,1.76004e-05
3.7302e-05,3.89945e-05,4.12131e-05,4.18226e-05,4.0291e-05,3.98355e-05,3.66363e-05,3.19334e-05,2.96854e-05,2.28873e-05,1.70901e-05
3.66821e-05,3.81835e-05,4.01335e-05,4.08332e-05,3.96689e-05,3.85202e-05,3.59037e-05,3.13272e-05,2.91701e-05,2.23739e-05,1.67606e-05
3.55796e-05,3.71676e-05,3.94552e-05,4.00665e-05,3.88621e-05,3.76964e-05,3.52018e-05,3.05908e-05,2.81899e-05,2.20718e-05,1.63721e-05
3.50643e-05,3.64296e-05,3.86848e-05,3.95289e-05,3.81822e-05,3.70911e-05,3.45955e-05,3.00248e-05,2.81511e-05,2.12424e-05,1.58773e-05
3.44467e-05,3.59995e-05,3.77431e-05,3.86975e-05,3.7637e-05,3.62275e-05,3.35836e-05,2.95324e-05,2.71719e-05,2.08472e-05,1.55317e-05
3.40245e-05,3.56368e-05,3.67706e-05,3.78598e-05,3.67421e-05,3.5579e-05,3.28279e-05,2.87963e-05,2.6512e-05,2.04135e-05,1.53326e-05
3.26169e-05,3.43971e-05,3.59231e-05,3.68579e-05,3.57421e-05,3.45911e-05,3.20068e-05,2.80513e-05,2.6278e-05,1.987e-05,1.50559e-05
3.241e-05,3.37919e-05,3.52273e-05,3.63089e-05,3.51379e-05,3.41154e-05,3.16883e-05,2.76434e-05,2.57292e-05,1.9619e-05,1.4562e-05
3.19672e-05,3.29657e-05,3.44246e-05,3.56921e-05,3.4223e-05,3.38615e-05,3.07802e-05,2.70798e-05,2.4853e-05,1.93073e-05,1.42907e-05
3.12185e-05,3.2389e-05,3.38331e-05,3.47502e-05,3.35482e-05,3.28608e-05,3.03007e-05,2.63126e-05,2.44269e-05,1.87123e-05,1.3944e-05
3.06676e-05,3.20448e-05,3.33578e-05,3.37956e-05,3.2722e-05,3.21709e-05,2.96592e-05,2.5533e-05,2.40807e-05,1.82711e-05,1.34951e-05
2.98793e-05,3.12833e-05,3.28147e-05,3.3407e-05,3.22113e-05,3.12094e-05,2.88778e-05,2.52929e-05,2.36423e-05,1.79495e-05,1.33721e-05
2.92047e-05,3.06426e-05,3.19944e-05,3.26928e-05,3.17256e-05,3.08446e-05,2.82529e-05,2.44683e-05,2.30695e-05,1.74127e-05,1.30707e-05
2.89236e-05,2.97278e-05,3.11607e-05,3.19637e-05,3.09681e-05,3.05128e-05,2.78806e-05,2.43112e-05,2.27167e-05,1.7112e-05,1.26898e-05
2.83121e-05,2.91306e-05,3.03089e-05,3.16815e-05,3.02735e-05,2.95811e-05,2.73886e-05,2.37708e-05,2.20666e-05,1.70091e-05,1.24826e-05
2.75547e-05,2.89784e-05,2.97256e-05,3.10421e-05,3.00761e-05,2.93647e-05,2.6756e-05,2.33284e-05,2.15583e-05,1.64664e-05,1.20554e-05
2.71017e-05,2.86226e-05,2.92947e-05,3.04586e-05,2.94165e-05,2.82735e-05,2.60659e-05,2.25346e-05,2.12343e-05,1.61027e-05,1.17015e-05
2.72066e-05,2.72989e-05,2.86001e-05,2.95441e-05,2.84602e-05,2.7874e-05,2.54838e-05,2.21257e-05,2.08062e-05,1.58775e-05,1.17143e-05
2.63607e-05,2.74792e-05,2.84377e-05,2.91391e-05,2.82626e-05,2.75002e-05,2.49289e-05,2.17286e-05,2.02484e-05,1.55179e-05,1.14446e-05
2.57179e-05,2.6622e-05,2.74523e-05,2.84806e-05,2.75778e-05,2.67853e-05,2.45085e-05,2.12592e-05,1.99379e-05,1.51958e-05,1.10237e-05
2.50043e-05,2.64936e-05,2.74051e-05,2.82217e-05,2.69717e-05,2.63113e-05,2.39027e-05,2.09307e-05,1.94518e-05,1.48544e-05,1.09564e-05
2.4957e-05,2.57971e-05,2.69487e-05,2.75651e-05,2.64163e-05,2.58197e-05,2.36093e-05,2.05084e-05,1.9183e-05,1.4534e-05,1.06082e-05
2.43459e-05,2.51933e-05,2.57579e-05,2.69647e-05,2.59935e-05,2.53208e-05,2.31675e-05,1.98155e-05,1.87323e-05,1.41814e-05,1.03589e-05
2.37365e-05,2.47224e-05,2.55255e-05,2.67594e-05,2.55152e-05,2.48744e-05,2.24987e-05,1.97216e-05,1.8287e-05,1.39808e-05,1.01517e-05
2.33052e-05,2.39698e-05,2.50411e-05,2.58121e-05,2.50166e-05,2.40064e-05,2.21514e-05,1.91492e-05,1.80948e-05,1.35567e-05,9.95287e-06
2.29704e-05,2.39941e-05,2.47594e-05,2.5532e-05,2.46824e-05,2.37703e-05,2.18203e-05,1.88875e-05,1.77298e-05,1.32182e-05,9.69674e-06
2.24759e-05,2.37119e-05,2.40559e-05,2.50003e-05,2.40988e-05,2.33451e-05,2.13076e-05,1.84968e-05,1.72275e-05,1.32056e-05,9.46146e-06
2.22651e-05,2.29566e-05,2.34395e-05,2.46058e-05,2.33633e-05,2.27361e-05,2.10424e-05,1.80817e-05,1.71606e-05,1.28407e-05,9.31305e-06
2.17728e-05,2.25419e-05,2.32167e-05,2.39475e-05,2.32673e-05,2.25438e-05,2.04751e-05,1.75778e-05,1.67363e-05,1.25735e-05,9.13869e-06
2.14956e-05,2.20478e-05,2.29019e-05,2.37115e-05,2.25574e-05,2.20869e-05,2.01615e-05,1.73154e-05,1.62964e-05,1.22979e-05,8.94704e-06
2.13913e-05,2.16596e-05,2.22821e-05,2.30744e-05,2.20927e-05,2.1661e-05,1.98233e-05,1.70918e-05,1.61113e-05,1.20871e-05,8.80807e-06
2.0782e-05,2.12911e-05,2.19585e-05,2.25294e-05,2.16304e-05,2.12293e-05,1.95863e-05,1.67714e-05,1.55379e-05,1.1756e-05,8.53782e-06
2.05053e-05,2.08696e-05,2.14262e-05,2.22996e-05,2.10096e-05,2.08389e-05,1.89424e-05,1.62918e-05,1.54333e-05,1.16582e-05,8.40171e-06
1.98941e-05,2.05674e-05,2.09821e-05,2.19438e-05,2.11642e-05,2.05055e-05,1.86292e-05,1.60109e-05,1.50689e-05,1.1273e-05,8.0907e-06
1.93279e-05,2.0079e-05,2.0569e-05,2.14763e-05,2.06667e-05,2.00848e-05,1.81618e-05,1.56239e-05,1.47388e-05,1.11096e-05,8.00223e-06
1.9213e-05,1.99122e-05,2.02955e-05,2.1118e-05,2.01587e-05,1.9633e-05,1.79605e-05,1.54815e-05,1.44171e-05,1.09444e-05,7.90684e-06
1.88851e-05,1.96367e-05,1.97094e-05,2.06758e-05,2.00052e-05,1.9367e-05,1.74445e-05,1.49992e-05,1.4139e-05,1.0572e-05,7.66938e-06
1.84966e-05,1.91031e-05,1.98035e-05,2.03789e-05,1.96904e-05,1.91351e-05,1.69739e-05,1.46412e-05,1.38382e-05,1.05002e-05,7.54548e-06
1.82101e-05,1.88358e-05,1.91979e-05,1.99848e-05,1.9083e-05,1.8395e-05,1.67513e-05,1.46051e-05,1.35531e-05,1.02569e-05,7.4542e-06
1.77891e-05,1.86236e-05,1.86245e-05,1.97672e-05,1.88764e-05,1.86106e-05,1.64707e-05,1.42139e-05,1.33805e-05,1.00643e-05,7.23291e-06
1.73299e-05,1.80671e-05,1.85289e-05,1.92561e-05,1.84686e-05,1.8045e-05,1.61056e-05,1.37937e-05,1.3162e-05,9.86438e-06,7.08393e-06
1.74588e-05,1.78092e-05,1.81895e-05,1.89776e-05,1.82913e-05,1.75286e-05,1.58553e-05,1.37156e-05,1.27922e-05,9.60384e-06,6.92081e-06
1.6902e-05,1.75038e-05,1.76077e-05,1.85075e-05,1.78603e-05,1.72172e-05,1.53492e-05,1.33681e-05,1.26574e-05,9.64509e-06,6.69962e-06
1.674e-05,1.72877e-05,1.74289e-05,1.80786e-05,1.7584e-05,1.70216e-05,1.51402e-05,1.2986e-05,1.2518e-05,9.39395e-06,6.60839e-06
1.64313e-05,1.69916e-05,1.7154e-05,1.78268e-05,1.71438e-05,1.67563e-05,1.51076e-05,1.28536e-05,1.21606e-05,8.98253e-06,6.5589e-06
1.62511e-05,1.67288e-05,1.69998e-05,1.75598e-05,1.67857e-05,1.63315e-05,1.46338e-05,1.26456e-05,1.18801e-05,8.93659e-06,6.37598e-06
1.5901e-05,1.63419e-05,1.63337e-05,1.72785e-05,1.64438e-05,1.6052e-05,1.45334e-05,1.21868e-05,1.17065e-05,8.72224e-06,6.35009e-06
1.56731e-05,1.59922e-05,1.62634e-05,1.71287e-05,1.63345e-05,1.56747e-05,1.42507e-05,1.22043e-05,1.14708e-05,8.63853e-06,6.18032e-06
1.53672e-05,1.57466e-05,1.60024e-05,1.68314e-05,1.5945e-05,1.54811e-05,1.40278e-05,1.19914e-05,1.13076e-05,8.48789e-06,6.03821e-06
1.51947e-05,1.56375e-05,1.56991e-05,1.63781e-05,1.57808e-05,1.53673e-05,1.38313e-05,1.14971e-05,1.10618e-05,8.23076e-06,5.90143e-06
1.44373e-05,1.53023e-05,1.54794e-05,1.61734e-05,1.55453e-05,1.46371e-05,1.32883e-05,1.13628e-05,1.08521e-05,8.04578e-06,5.74649e-06
1.45901e-05,1.50102e-05,1.51214e-05,1.57547e-05,1.51425e-05,1.45888e-05,1.32614e-05,1.12628e-05,1.0803e-05,7.83021e-06,5.73988e-06
1.42226e-05,1.48693e-05,1.48168e-05,1.55738e-05,1.4786e-05,1.46855e-05,1.30015e-05,1.0929e-05,1.03561e-05,7.7808e-06,5.55279e-06
1.39882e-05,1.44524e-05,1.43809e-05,1.53576e-05,1.45297e-05,1.41558e-05,1.28637e-05,1.08571e-05,1.02615e-05,7.7667e-06,5.48097e-06
1.38936e-05,1.42231e-05,1.44761e-05,1.50275e-05,1.43044e-05,1.41789e-05,1.25218e-05,1.04721e-05,1.02164e-05,7.49004e-06,5.37883e-06
1.36506e-05,1.40839e-05,1.43909e-05,1.46257e-05,1.41084e-05,1.36223e-05,1.22365e-05,1.03303e-05,9.97759e-06,7.37328e-06,5.31872e-06
1.3359e-05,1.37309e-05,1.39595e-05,1.42796e-05,1.38182e-05,1.36302e-05,1.20815e-05,1.0166e-05,9.73484e-06,7.39634e-06,5.17988e-06
1.31907e-05,1.34718e-05,1.36898e-05,1.41807e-05,1.36061e-05,1.32567e-05,1.18332e-05,9.93357e-06,9.55861e-06,7.06045e-06,5.08039e-06
1.29338e-05,1.32753e-05,1.35647e-05,1.41731e-05,1.3463e-05,1.30023e-05,1.1521e-05,9.81675e-06,9.19097e-06,7.03213e-06,4.91618e-06
1.26709e-05,1.32454e-05,1.30917e-05,1.38081e-05,1.31886e-05,1.26238e-05,1.13597e-05,9.69054e-06,9.23161e-06,6.7053e-06,4.87901e-06
1.27534e-05,1.30067e-05,1.30249e-05,1.39421e-05,1.28476e-05,1.2358e-05,1.1167e-05,9.59211e-06,8.93366e-06,6.65796e-06,4.80355e-06
1.23196e-05,1.27518e-05,1.27116e-05,1.33861e-05,1.24879e-05,1.2196e-05,1.1037e-05,9.24064e-06,8.90126e-06,6.56359e-06,4.66082e-06
1.2332e-05,1.26263e-05,1.28178e-05,1.32045e-05,1.25903e-05,1.20641e-05,1.07746e-05,9.05813e-06,8.7049e-06,6.39043e-06,4.6296e-06
1.20315e-05,1.24279e-05,1.24228e-05,1.30959e-05,1.22434e-05,1.1825e-05,1.0483e-05,9.06151e-06,8.47814e-06,6.30852e-06,4.54983e-06
1.17394e-05,1.21363e-05,1.2235e-05,1.26101e-05,1.19735e-05,1.16562e-05,1.05686e-05,8.69906e-06,8.3136e-06,6.2012e-06,4.48266e-06
1.16501e-05,1.2067e-05,1.1944e-05,1.2416e-05,1.19532e-05,1.15519e-05,1.02395e-05,8.80117e-06,8.26172e-06,6.09814e-06,4.39843e-06
1.14683e-05,1.19817e-05,1.17927e-05,1.2511e-05,1.15796e-05,1.13211e-05,9.96364e-06,8.58075e-06,7.9737e-06,6.05693e-06,4.24919e-06
1.11756e-05,1.18393e-05,1.13887e-05,1.18854e-05,1.15153e-05,1.12042e-05,9.86971e-06,8.09509e-06,7.97985e-06,5.85809e-06,4.11213e-06
1.10196e-05,1.16273e-05,1.12937e-05,1.19317e-05,1.14645e-05,1.09155e-05,9.68337e-06,8.15771e-06,7.69387e-06,5.85968e-06,4.12889e-06
1.09663e-05,1.13087e-05,1.1334e-05,1.17591e-05,1.11283e-05,1.07611e-05,9.4634e-06,8.05443e-06,7.5941e-06,5.70119e-06,4.04535e-06
1.08044e-05,1.11982e-05,1.1092e-05,1.16325e-05,1.11425e-05,1.04745e-05,9.46972e-06,7.89371e-06,7.45148e-06,5.61944e-06,3.96117e-06
1.07314e-05,1.08886e-05,1.09447e-05,1.15019e-05,1.08875e-05,1.03548e-05,9.18455e-06,7.72867e-06,7.35691e-06,5.49964e-06,3.91879e-06
1.05069e-05,1.10038e-05,1.0701e-05,1.11587e-05,1.07936e-05,1.03044e-05,8.95225e-06,7.59775e-06,7.24952e-06,5.49443e-06,3.8328e-06
1.04562e-05,1.06883e-05,1.0382e-05,1.09326e-05,1.04644e-05,9.98568e-06,8.84866e-06,7.46121e-06,7.10353e-06,5.2784e-06,3.81115e-06
1.03304e-05,1.03549e-05,1.05194e-05,1.07526e-05,1.00561e-05,9.95481e-06,8.75061e-06,7.43293e-06,6.87565e-06,5.24313e-06,3.69101e-06
1.02495e-05,1.04776e-05,1.00325e-05,1.0653e-05,9.99963e-06,9.71359e-06,8.60936e-06,7.42388e-06,6.91463e-06,5.04405e-06,3.74966e-06
9.97754e-06,1.01463e-05,9.95662e-06,1.03771e-05,9.85278e-06,9.49888e-06,8.35789e-06,7.17769e-06,6.80811e-06,4.91281e-06,3.57293e-06
9.70524e-06,1.0035e-05,9.80675e-06,1.03139e-05,9.75072e-06,9.25688e-06,8.23104e-06,7.02901e-06,6.63418e-06,4.92174e-06,3.58364e-06
9.62544e-06,9.89104e-06,9.81882e-06,1.01026e-05,9.49034e-06,9.09791e-06,8.10526e-06,6.99163e-06,6.51418e-06,4.73751e-06,3.4771e-06
9.539e-06,9.6483e-06,9.52302e-06,1.00174e-05,9.62961e-06,9.04093e-06,7.99244e-06,6.79854e-06,6.44076e-06,4.77033e-06,3.37815e-06
9.41988e-06,9.81633e-06,9.40816e-06,9.80651e-06,9.37115e-06,8.90815e-06,7.95377e-06,6.69968e-06,6.29273e-06,4.69964e-06,3.26693e-06
