0.000188097,0.00018736,0.000181287,0.000176125,0.000173157,0.000170609,0.000156144,0.000150628,0.000145658,0.000132923,0.000124109
0.000176629,0.00017877,0.000170913,0.000167466,0.000162056,0.000158995,0.000145551,0.000141833,0.000136141,0.000123533,0.00011698
0.000166696,0.000167036,0.000159918,0.000156773,0.000152999,0.000149025,0.000136747,0.000133213,0.000126784,0.000116487,0.000109289
0.000157809,0.000158835,0.000150478,0.000149186,0.000144237,0.000139906,0.000128692,0.000125917,0.000118872,0.00010935,0.000103439
0.000150041,0.000150727,0.000142297,0.000141686,0.000136663,0.000131682,0.000121821,0.000119481,0.00011214,0.000103246,9.80788e-05
0.000143296,0.000143995,0.000135334,0.000135323,0.000129392,0.000125031,0.000115861,0.000113928,0.000106265,9.77193e-05,9.32758e-05
0.000136487,0.000136229,0.000128385,0.00012876,0.000123613,0.000117676,0.000110298,0.000108226,0.000100716,9.26619e-05,8.86237e-05
0.00013058,0.000129864,0.000122708,0.00012338,0.000118179,0.000111714,0.000105772,0.000103379,9.59904e-05,8.79565e-05,8.45708e-05
0.000124982,0.000123914,0.000117112,0.00011796,0.00011296,0.000106506,0.000100799,9.86036e-05,9.13836e-05,8.38904e-05,8.04537e-05
0.000119389,0.000118575,0.000112155,0.00011323,0.000108091,0.00010179,9.66486e-05,9.46572e-05,8.73999e-05,8.0315e-05,7.68265e-05
0.000115376,0.000113791,0.000107829,0.0001086,0.000104465,9.79468e-05,9.26088e-05,9.03142e-05,8.35716e-05,7.67737e-05,7.33878e-05
0.000111127,0.000109467,0.000103668,0.000105025,0.000100373,9.39467e-05,8.91353e-05,8.63059e-05,8.01929e-05,7.34968e-05,7.01914e-05
0.000106504,0.000104838,0.00010035,0.000100524,9.62622e-05,8.99024e-05,8.54169e-05,8.30949e-05,7.66041e-05,7.05627e-05,6.71169e-05
0.000102738,0.000100876,9.66854e-05,9.64923e-05,9.27933e-05,8.6625e-05,8.25324e-05,7.92844e-05,7.36317e-05,6.7756e-05,6.41931e-05
9.87876e-05,9.73715e-05,9.33389e-05,9.30218e-05,8.95299e-05,8.34393e-05,7.91788e-05,7.62243e-05,7.09926e-05,6.51586e-05,6.15306e-05
9.53339e-05,9.42434e-05,9.0256e-05,8.9733e-05,8.62322e-05,8.08608e-05,7.62805e-05,7.32169e-05,6.83084e-05,6.27654e-05,5.91848e-05
9.23787e-05,9.02605e-05,8.76563e-05,8.63446e-05,8.33222e-05,7.77058e-05,7.37938e-05,7.02724e-05,6.56195e-05,6.05387e-05,5.6676e-05
8.89301e-05,8.74266e-05,8.47698e-05,8.3342e-05,8.01277e-05,7.5336e-05,7.12043e-05,6.75703e-05,6.32919e-05,5.83381e-05,5.4607e-05
8.60905e-05,8.5001e-05,8.17798e-05,8.03272e-05,7.80705e-05,7.26475e-05,6.85946e-05,6.53552e-05,6.13762e-05,5.62918e-05,5.22615e-05
8.30657e-05,8.26345e-05,7.94199e-05,7.77915e-05,7.50284e-05,6.99778e-05,6.63831e-05,6.2693e-05,5.94077e-05,5.43043e-05,5.05894e-05
8.07343e-05,7.96843e-05,7.67836e-05,7.49597e-05,7.28596e-05,6.79081e-05,6.40408e-05,6.07347e-05,5.73114e-05,5.25593e-05,4.85951e-05
7.83457e-05,7.71164e-05,7.45645e-05,7.25475e-05,7.00694e-05,6.54545e-05,6.20073e-05,5.82553e-05,5.53684e-05,5.08645e-05,4.71044e-05
7.58532e-05,7.48435e-05,7.20938e-05,7.02965e-05,6.80368e-05,6.34982e-05,5.96682e-05,5.67327e-05,5.38968e-05,4.93448e-05,4.54359e-05
7.36274e-05,7.20306e-05,7.03155e-05,6.79747e-05,6.52205e-05,6.13987e-05,5.81656e-05,5.43558e-05,5.17754e-05,4.77268e-05,4.40377e-05
7.13498e-05,7.00132e-05,6.78398e-05,6.58165e-05,6.3487e-05,5.94128e-05,5.59942e-05,5.28726e-05,5.04177e-05,4.61857e-05,4.26769e-05
6.90012e-05,6.79815e-05,6.58753e-05,6.37667e-05,6.13e-05,5.73722e-05,5.42298e-05,5.08822e-05,4.86508e-05,4.4727e-05,4.12872e-05
6.71116e-05,6.58298e-05,6.3827e-05,6.17733e-05,5.95425e-05,5.57981e-05,5.27271e-05,4.94727e-05,4.688e-05,4.33132e-05,3.9829e-05
6.48072e-05,6.38771e-05,6.20227e-05,5.99657e-05,5.75389e-05,5.37172e-05,5.10426e-05,4.75685e-05,4.56581e-05,4.20368e-05,3.8751e-05
6.30664e-05,6.17886e-05,6.00743e-05,5.7964e-05,5.57335e-05,5.23449e-05,4.94531e-05,4.65272e-05,4.38973e-05,4.07745e-05,3.72999e-05
6.12428e-05,5.97498e-05,5.81939e-05,5.64042e-05,5.39444e-05,5.07046e-05,4.79128e-05,4.4832e-05,4.25778e-05,3.95591e-05,3.63022e-05
5.92579e-05,5.79361e-05,5.65062e-05,5.50112e-05,5.21655e-05,4.91302e-05,4.63584e-05,4.36453e-05,4.11242e-05,3.82274e-05,3.5077e-05
5.73539e-05,5.61866e-05,5.47393e-05,5.28128e-05,5.0445e-05,4.73929e-05,4.50638e-05,4.2166e-05,3.98767e-05,3.70513e-05,3.40079e-05
5.55998e-05,5.44382e-05,5.30746e-05,5.13321e-05,4.88687e-05,4.5944e-05,4.35451e-05,4.09384e-05,3.85641e-05,3.5968e-05,3.2906e-05
5.38757e-05,5.26696e-05,5.14077e-05,4.98208e-05,4.71791e-05,4.44588e-05,4.21408e-05,3.97027e-05,3.73402e-05,3.4903e-05,3.18427e-05
5.21421e-05,5.10509e-05,4.98423e-05,4.84801e-05,4.58982e-05,4.31636e-05,4.08227e-05,3.83734e-05,3.61425e-05,3.37321e-05,3.08586e-05
5.05434e-05,4.94328e-05,4.82279e-05,4.65803e-05,4.42437e-05,4.17675e-05,3.95414e-05,3.72431e-05,3.49408e-05,3.27663e-05,2.98379e-05
4.88397e-05,4.78966e-05,4.67696e-05,4.52375e-05,4.29371e-05,4.04113e-05,3.82982e-05,3.61805e-05,3.39018e-05,3.1654e-05,2.89546e-05
4.73623e-05,4.62845e-05,4.52582e-05,4.37386e-05,4.15702e-05,3.91366e-05,3.70812e-05,3.50916e-05,3.27687e-05,3.06343e-05,2.79826e-05
4.58289e-05,4.48517e-05,4.3728e-05,4.27497e-05,4.01212e-05,3.79788e-05,3.57985e-05,3.39631e-05,3.16071e-05,2.96211e-05,2.70626e-05
4.44918e-05,4.34133e-05,4.20883e-05,4.08952e-05,3.89165e-05,3.67285e-05,3.49852e-05,3.29126e-05,3.04657e-05,2.86828e-05,2.62808e-05
4.29678e-05,4.19471e-05,4.08207e-05,3.96269e-05,3.75811e-05,3.55706e-05,3.36664e-05,3.17866e-05,2.95199e-05,2.76886e-05,2.53327e-05
4.15956e-05,4.07074e-05,3.94993e-05,3.83333e-05,3.62127e-05,3.43358e-05,3.24406e-05,3.08691e-05,2.85527e-05,2.67994e-05,2.4527e-05
4.03758e-05,3.94083e-05,3.83323e-05,3.72303e-05,3.51215e-05,3.32738e-05,3.15105e-05,2.9868e-05,2.77422e-05,2.60269e-05,2.37654e-05
3.8879e-05,3.80122e-05,3.68106e-05,3.57636e-05,3.38309e-05,3.21355e-05,3.03355e-05,2.87686e-05,2.66884e-05,2.50041e-05,2.28826e-05
3.75444e-05,3.70249e-05,3.56947e-05,3.47929e-05,3.2682e-05,3.1055e-05,2.94483e-05,2.78906e-05,2.60278e-05,2.44567e-05,2.23062e-05
3.62592e-05,3.55733e-05,3.42755e-05,3.3297e-05,3.14695e-05,2.99722e-05,2.82509e-05,2.69348e-05,2.49101e-05,2.33652e-05,2.13913e-05
3.5339e-05,3.44943e-05,3.3271e-05,3.22758e-05,3.05097e-05,2.90448e-05,2.73483e-05,2.60398e-05,2.43511e-05,2.2655e-05,2.07767e-05
3.378e-05,3.31109e-05,3.19074e-05,3.10712e-05,2.92813e-05,2.78211e-05,2.63088e-05,2.5075e-05,2.32113e-05,2.1788e-05,1.99519e-05
3.2668e-05,3.20941e-05,3.08468e-05,2.98912e-05,2.81988e-05,2.68909e-05,2.54234e-05,2.42535e-05,2.23747e-05,2.10168e-05,1.92786e-05
3.16996e-05,3.09955e-05,2.97767e-05,2.87726e-05,2.72453e-05,2.60144e-05,2.44762e-05,2.34236e-05,2.17219e-05,2.02283e-05,1.86413e-05
3.03677e-05,2.98758e-05,2.86298e-05,2.77443e-05,2.62043e-05,2.50573e-05,2.36564e-05,2.26163e-05,2.08051e-05,1.95414e-05,1.79328e-05
2.92675e-05,2.89526e-05,2.77087e-05,2.68529e-05,2.51718e-05,2.42735e-05,2.2675e-05,2.18738e-05,2.01094e-05,1.87656e-05,1.73443e-05
2.82006e-05,2.7731e-05,2.67016e-05,2.59408e-05,2.42921e-05,2.34146e-05,2.18703e-05,2.10057e-05,1.93882e-05,1.81341e-05,1.66517e-05
2.71669e-05,2.67765e-05,2.57035e-05,2.48183e-05,2.3468e-05,2.25331e-05,2.11462e-05,2.02449e-05,1.87229e-05,1.74426e-05,1.61167e-05
2.61688e-05,2.58408e-05,2.47324e-05,2.39316e-05,2.26163e-05,2.17655e-05,2.03699e-05,1.95099e-05,1.80267e-05,1.67993e-05,1.55022e-05
2.52542e-05,2.48966e-05,2.3774e-05,2.30419e-05,2.18743e-05,2.10541e-05,1.96585e-05,1.87684e-05,1.73887e-05,1.62216e-05,1.49706e-05
2.41295e-05,2.4049e-05,2.30083e-05,2.22018e-05,2.10327e-05,2.018e-05,1.89215e-05,1.81012e-05,1.67406e-05,1.56145e-05,1.44526e-05
2.33677e-05,2.3078e-05,2.21431e-05,2.13031e-05,2.02388e-05,1.95233e-05,1.82484e-05,1.7455e-05,1.61613e-05,1.50189e-05,1.38971e-05
2.25058e-05,2.22448e-05,2.13079e-05,2.05589e-05,1.95078e-05,1.88136e-05,1.75711e-05,1.68034e-05,1.55701e-05,1.44556e-05,1.3393e-05
2.16767e-05,2.13786e-05,2.05492e-05,1.9802e-05,1.88438e-05,1.81482e-05,1.69715e-05,1.62116e-05,1.50173e-05,1.39425e-05,1.29099e-05
2.0894e-05,2.06632e-05,1.97784e-05,1.90999e-05,1.81374e-05,1.75151e-05,1.63721e-05,1.5602e-05,1.44877e-05,1.34312e-05,1.24281e-05
2.01039e-05,1.98514e-05,1.90818e-05,1.83281e-05,1.74898e-05,1.68895e-05,1.57711e-05,1.50432e-05,1.39809e-05,1.2932e-05,1.19852e-05
1.93751e-05,1.91421e-05,1.83868e-05,1.76697e-05,1.68813e-05,1.62836e-05,1.51946e-05,1.44825e-05,1.3477e-05,1.24715e-05,1.15618e-05
1.86895e-05,1.84836e-05,1.77091e-05,1.70221e-05,1.6329e-05,1.57619e-05,1.46828e-05,1.39614e-05,1.30268e-05,1.20586e-05,1.11632e-05
1.79668e-05,1.77461e-05,1.71272e-05,1.64216e-05,1.57689e-05,1.51566e-05,1.41529e-05,1.3469e-05,1.25541e-05,1.16146e-05,1.07367e-05
1.74707e-05,1.72235e-05,1.66096e-05,1.5921e-05,1.5278e-05,1.47159e-05,1.3768e-05,1.30601e-05,1.22752e-05,1.12982e-05,1.04502e-05
1.67264e-05,1.64868e-05,1.59754e-05,1.52663e-05,1.46975e-05,1.41685e-05,1.32164e-05,1.2538e-05,1.17362e-05,1.08252e-05,1.00178e-05
1.61221e-05,1.59242e-05,1.53593e-05,1.47144e-05,1.42038e-05,1.36607e-05,1.27569e-05,1.20905e-05,1.13492e-05,1.04571e-05,9.67955e-06
1.55718e-05,1.53871e-05,1.48605e-05,1.4209e-05,1.37652e-05,1.32338e-05,1.23495e-05,1.16552e-05,1.09528e-05,1.01112e-05,9.34056e-06
1.50503e-05,1.48571e-05,1.43709e-05,1.37037e-05,1.33064e-05,1.28005e-05,1.19051e-05,1.12997e-05,1.0621e-05,9.78002e-06,9.02579e-06
1.45443e-05,1.43023e-05,1.38697e-05,1.32175e-05,1.28816e-05,1.23876e-05,1.15442e-05,1.09331e-05,1.02784e-05,9.45567e-06,8.69868e-06
1.40156e-05,1.38331e-05,1.34563e-05,1.28468e-05,1.24888e-05,1.19371e-05,1.11988e-05,1.06187e-05,9.9581e-06,9.1721e-06,8.45282e-06
1.35736e-05,1.33513e-05,1.30045e-05,1.23604e-05,1.20991e-05,1.1604e-05,1.08188e-05,1.02274e-05,9.69321e-06,8.87215e-06,8.17686e-06
1.31107e-05,1.29595e-05,1.25808e-05,1.20084e-05,1.17611e-05,1.12456e-05,1.05204e-05,9.92747e-06,9.35782e-06,8.62204e-06,7.91574e-06
1.26954e-05,1.2513e-05,1.21747e-05,1.1606e-05,1.13876e-05,1.09002e-05,1.01875e-05,9.63374e-06,9.08938e-06,8.35604e-06,7.66559e-06
1.22741e-05,1.20904e-05,1.18049e-05,1.12493e-05,1.10848e-05,1.0578e-05,9.8932e-06,9.35195e-06,8.82845e-06,8.09907e-06,7.42303e-06
1.19297e-05,1.17312e-05,1.14493e-05,1.09022e-05,1.07556e-05,1.02623e-05,9.59933e-06,9.07224e-06,8.58239e-06,7.87252e-06,7.20607e-06
1.15538e-05,1.13806e-05,1.11137e-05,1.05768e-05,1.04572e-05,9.98422e-06,9.31557e-06,8.82185e-06,8.33687e-06,7.6385e-06,7.00171e-06
1.12302e-05,1.10359e-05,1.07745e-05,1.02831e-05,1.01689e-05,9.7049e-06,9.05931e-06,8.56818e-06,8.11863e-06,7.42763e-06,6.81253e-06
1.08906e-05,1.0728e-05,1.04749e-05,9.9681e-06,9.89883e-06,9.43102e-06,8.81558e-06,8.34701e-06,7.89554e-06,7.22739e-06,6.60243e-06
1.06086e-05,1.04104e-05,1.01653e-05,9.66038e-06,9.61982e-06,9.16915e-06,8.58908e-06,8.11888e-06,7.70504e-06,7.01716e-06,6.42059e-06
1.02754e-05,1.01035e-05,9.87294e-06,9.42856e-06,9.39515e-06,8.93508e-06,8.35026e-06,7.89845e-06,7.47391e-06,6.83809e-06,6.24657e-06
1.00023e-05,9.81454e-06,9.62506e-06,9.16244e-06,9.15683e-06,8.69485e-06,8.12005e-06,7.70167e-06,7.28952e-06,6.64295e-06,6.09647e-06
9.72063e-06,9.55101e-06,9.34701e-06,8.90287e-06,8.91675e-06,8.46641e-06,7.93222e-06,7.53289e-06,7.10018e-06,6.49965e-06,5.90415e-06
9.50172e-06,9.28665e-06,9.09134e-06,8.6604e-06,8.662e-06,8.25405e-06,7.71418e-06,7.3275e-06,6.93631e-06,6.31505e-06,5.77829e-06
9.22695e-06,9.066e-06,8.85773e-06,8.43353e-06,8.44397e-06,8.0297e-06,7.51125e-06,7.14058e-06,6.75162e-06,6.15955e-06,5.6293e-06
9.00375e-06,8.78676e-06,8.60443e-06,8.22121e-06,8.21199e-06,7.82631e-06,7.32182e-06,6.95629e-06,6.58778e-06,5.99406e-06,5.47845e-06
8.74698e-06,8.56888e-06,8.39451e-06,8.00258e-06,8.03382e-06,7.63693e-06,7.14026e-06,6.79927e-06,6.41531e-06,5.84843e-06,5.32445e-06
8.50769e-06,8.29824e-06,8.16588e-06,7.77493e-06,7.83364e-06,7.44792e-06,6.96835e-06,6.61397e-06,6.24471e-06,5.68079e-06,5.19483e-06
8.31501e-06,8.12988e-06,7.95069e-06,7.60378e-06,7.64139e-06,7.26932e-06,6.78256e-06,6.46574e-06,6.10872e-06,5.56397e-06,5.06807e-06
8.09963e-06,7.90758e-06,7.74134e-06,7.44494e-06,7.45842e-06,7.07905e-06,6.61887e-06,6.30122e-06,5.95054e-06,5.41655e-06,4.93484e-06
7.88369e-06,7.70476e-06,7.54445e-06,7.20941e-06,7.26375e-06,6.89507e-06,6.46121e-06,6.14985e-06,5.7883e-06,5.27878e-06,4.79347e-06
7.68933e-06,7.49357e-06,7.34129e-06,7.02285e-06,7.0794e-06,6.73297e-06,6.29278e-06,6.01976e-06,5.63921e-06,5.15542e-06,4.68547e-06
7.50648e-06,7.30579e-06,7.15362e-06,6.85781e-06,6.90674e-06,6.55546e-06,6.14169e-06,5.84987e-06,5.5004e-06,5.01153e-06,4.56102e-06
7.31674e-06,7.09603e-06,6.97124e-06,6.69066e-06,6.72161e-06,6.39653e-06,5.98342e-06,5.71432e-06,5.37435e-06,4.89803e-06,4.44243e-06
7.13301e-06,6.92012e-06,6.79648e-06,6.50992e-06,6.56852e-06,6.23276e-06,5.84685e-06,5.56348e-06,5.23481e-06,4.77591e-06,4.32778e-06
6.96604e-06,6.74107e-06,6.62701e-06,6.35303e-06,6.39304e-06,6.07714e-06,5.69413e-06,5.44179e-06,5.10613e-06,4.64382e-06,4.22167e-06
6.78537e-06,6.58776e-06,6.4558e-06,6.17773e-06,6.23638e-06,5.92734e-06,5.5486e-06,5.30154e-06,4.96702e-06,4.52816e-06,4.10172e-06
6.60735e-06,6.39834e-06,6.30394e-06,6.02744e-06,6.07388e-06,5.77986e-06,5.4034e-06,5.18263e-06,4.85341e-06,4.41166e-06,4.00934e-06
6.44982e-06,6.26222e-06,6.12922e-06,5.87052e-06,5.93451e-06,5.63647e-06,5.2665e-06,5.03888e-06,4.71122e-06,4.29335e-06,3.89401e-06
6.29346e-06,6.08056e-06,5.97445e-06,5.73079e-06,5.77057e-06,5.49109e-06,5.1477e-06,4.93203e-06,4.59914e-06,4.19959e-06,3.80382e-06
6.1365e-06,5.93773e-06,5.81889e-06,5.58244e-06,5.63049e-06,5.35064e-06,5.01972e-06,4.80409e-06,4.48217e-06,4.08717e-06,3.69965e-06
5.98042e-06,5.75137e-06,5.6751e-06,5.45504e-06,5.48955e-06,5.23438e-06,4.89395e-06,4.68255e-06,4.37268e-06,3.97787e-06,3.60506e-06
5.85184e-06,5.65989e-06,5.51991e-06,5.30114e-06,5.3349e-06,5.0889e-06,4.76789e-06,4.55943e-06,4.25822e-06,3.87566e-06,3.50096e-06
5.68958e-06,5.47971e-06,5.39759e-06,5.18301e-06,5.20973e-06,4.96828e-06,4.64792e-06,4.45623e-06,4.15434e-06,3.77385e-06,3.42403e-06
5.54743e-06,5.33046e-06,5.25232e-06,5.0499e-06,5.08151e-06,4.84333e-06,4.52638e-06,4.34933e-06,4.05369e-06,3.67871e-06,3.33229e-06
5.42542e-06,5.21389e-06,5.12865e-06,4.93224e-06,4.96193e-06,4.74055e-06,4.42332e-06,4.24235e-06,3.94711e-06,3.59078e-06,3.25521e-06
5.29708e-06,5.09689e-06,4.99218e-06,4.82351e-06,4.83012e-06,4.61795e-06,4.3115e-06,4.1458e-06,3.84285e-06,3.50702e-06,3.1738e-06
5.17442e-06,4.96931e-06,4.87852e-06,4.70709e-06,4.70386e-06,4.51044e-06,4.21457e-06,4.04144e-06,3.75132e-06,3.41431e-06,3.08884e-06
5.02243e-06,4.79601e-06,4.76401e-06,4.57768e-06,4.58534e-06,4.38592e-06,4.0869e-06,3.92934e-06,3.65988e-06,3.31014e-06,3.0026e-06
4.91916e-06,4.70497e-06,4.62904e-06,4.46713e-06,4.47312e-06,4.27452e-06,3.98771e-06,3.83907e-06,3.5556e-06,3.226e-06,2.92447e-06
4.77663e-06,4.58888e-06,4.52373e-06,4.35699e-06,4.36246e-06,4.14791e-06,3.89833e-06,3.74473e-06,3.46634e-06,3.15045e-06,2.845e-06
4.68156e-06,4.4757e-06,4.42114e-06,4.25336e-06,4.25628e-06,4.06136e-06,3.79072e-06,3.64987e-06,3.37448e-06,3.0668e-06,2.77174e-06
4.56244e-06,4.35521e-06,4.32267e-06,4.13462e-06,4.14696e-06,3.95415e-06,3.69732e-06,3.55385e-06,3.2869e-06,2.98612e-06,2.70765e-06
4.46727e-06,4.26466e-06,4.21717e-06,4.04831e-06,4.03383e-06,3.86087e-06,3.61101e-06,3.47367e-06,3.2043e-06,2.91168e-06,2.62758e-06
4.3418e-06,4.1496e-06,4.10154e-06,3.94075e-06,3.93316e-06,3.767e-06,3.51355e-06,3.38273e-06,3.12423e-06,2.83949e-06,2.5634e-06
4.2226e-06,4.04643e-06,3.9998e-06,3.85771e-06,3.84827e-06,3.66896e-06,3.42906e-06,3.30138e-06,3.05199e-06,2.76242e-06,2.49646e-06
4.12798e-06,3.95461e-06,3.90995e-06,3.75568e-06,3.74057e-06,3.58244e-06,3.339e-06,3.22343e-06,2.96823e-06,2.69429e-06,2.43266e-06
4.03172e-06,3.85412e-06,3.80537e-06,3.662e-06,3.64486e-06,3.49427e-06,3.25808e-06,3.13323e-06,2.89118e-06,2.6251e-06,2.36808e-06
3.93951e-06,3.75688e-06,3.72106e-06,3.57748e-06,3.55811e-06,3.39941e-06,3.18127e-06,3.06353e-06,2.82137e-06,2.56322e-06,2.30846e-06
3.86181e-06,3.67977e-06,3.63702e-06,3.49817e-06,3.47416e-06,3.32123e-06,3.11035e-06,2.99095e-06,2.74384e-06,2.49326e-06,2.25119e-06
3.73673e-06,3.58303e-06,3.5398e-06,3.41913e-06,3.38075e-06,3.23378e-06,3.02573e-06,2.91342e-06,2.68934e-06,2.43068e-06,2.19249e-06
3.67612e-06,3.4987e-06,3.45583e-06,3.32874e-06,3.29356e-06,3.15887e-06,2.94569e-06,2.84408e-06,2.60623e-06,2.37051e-06,2.13075e-06
3.57415e-06,3.41161e-06,3.3799e-06,3.2498e-06,3.22038e-06,3.08454e-06,2.87068e-06,2.76788e-06,2.54909e-06,2.30422e-06,2.07999e-06
3.49197e-06,3.33534e-06,3.29219e-06,3.1781e-06,3.14883e-06,3.01542e-06,2.80016e-06,2.68967e-06,2.48585e-06,2.24245e-06,2.02561e-06
3.39963e-06,3.25434e-06,3.22599e-06,3.09962e-06,3.07127e-06,2.9398e-06,2.73254e-06,2.62212e-06,2.42275e-06,2.18602e-06,1.97359e-06
3.32784e-06,3.19282e-06,3.13729e-06,3.03959e-06,2.98509e-06,2.87193e-06,2.67084e-06,2.56402e-06,2.36148e-06,2.12999e-06,1.92241e-06
3.24307e-06,3.10899e-06,3.06612e-06,2.95665e-06,2.92679e-06,2.79921e-06,2.60261e-06,2.50434e-06,2.30331e-06,2.08196e-06,1.87758e-06
3.17522e-06,3.03324e-06,2.99546e-06,2.88897e-06,2.85338e-06,2.73207e-06,2.54076e-06,2.43544e-06,2.24348e-06,2.02228e-06,1.82752e-06
3.08436e-06,2.95834e-06,2.9236e-06,2.8156e-06,2.77506e-06,2.67411e-06,2.48309e-06,2.37454e-06,2.19321e-06,1.97682e-06,1.78006e-06
3.01381e-06,2.90167e-06,2.8608e-06,2.75816e-06,2.71425e-06,2.60466e-06,2.41821e-06,2.31832e-06,2.14113e-06,1.92402e-06,1.73869e-06
2.94717e-06,2.83056e-06,2.7857e-06,2.6922e-06,2.64505e-06,2.55152e-06,2.36186e-06,2.26737e-06,2.09411e-06,1.88164e-06,1.69546e-06
2.87825e-06,2.76074e-06,2.72737e-06,2.63716e-06,2.58165e-06,2.48713e-06,2.30571e-06,2.20682e-06,2.03476e-06,1.83405e-06,1.65359e-06
2.82257e-06,2.70699e-06,2.66095e-06,2.57405e-06,2.53099e-06,2.44059e-06,2.25965e-06,2.1611e-06,1.99231e-06,1.79512e-06,1.61766e-06
2.74975e-06,2.63722e-06,2.60345e-06,2.50519e-06,2.46792e-06,2.36813e-06,2.19954e-06,2.10395e-06,1.93658e-06,1.74491e-06,1.57123e-06
2.68651e-06,2.57967e-06,2.53455e-06,2.46153e-06,2.40675e-06,2.31117e-06,2.14968e-06,2.05127e-06,1.89266e-06,1.70334e-06,1.52999e-06
2.62885e-06,2.51439e-06,2.47712e-06,2.39567e-06,2.34492e-06,2.25205e-06,2.09864e-06,1.99919e-06,1.84469e-06,1.66454e-06,1.49335e-06
2.56653e-06,2.46023e-06,2.42104e-06,2.34423e-06,2.29566e-06,2.20267e-06,2.0501e-06,1.95897e-06,1.79761e-06,1.62077e-06,1.45932e-06
2.5088e-06,2.4133e-06,2.37037e-06,2.28994e-06,2.24379e-06,2.16038e-06,1.9993e-06,1.90939e-06,1.76925e-06,1.58211e-06,1.42285e-06
2.443e-06,2.35185e-06,2.32107e-06,2.24863e-06,2.1879e-06,2.11767e-06,1.95282e-06,1.86429e-06,1.72477e-06,1.53616e-06,1.38995e-06
2.38542e-06,2.312e-06,2.26639e-06,2.195e-06,2.14444e-06,2.06577e-06,1.91131e-06,1.81575e-06,1.68256e-06,1.50389e-06,1.35413e-06
2.33887e-06,2.24921e-06,2.21884e-06,2.13718e-06,2.09791e-06,2.01715e-06,1.87038e-06,1.78095e-06,1.6387e-06,1.47036e-06,1.32313e-06
2.284e-06,2.20788e-06,2.16786e-06,2.09903e-06,2.04817e-06,1.97662e-06,1.8228e-06,1.73404e-06,1.60552e-06,1.43292e-06,1.29119e-06
2.23355e-06,2.14953e-06,2.11629e-06,2.05145e-06,1.9983e-06,1.92746e-06,1.78657e-06,1.69675e-06,1.56467e-06,1.40172e-06,1.25926e-06
2.18986e-06,2.10856e-06,2.06584e-06,2.00919e-06,1.95087e-06,1.88314e-06,1.75232e-06,1.65449e-06,1.52624e-06,1.36686e-06,1.23368e-06
2.14307e-06,2.06677e-06,2.02005e-06,1.96394e-06,1.91476e-06,1.83836e-06,1.70033e-06,1.62385e-06,1.4942e-06,1.33508e-06,1.20398e-06
2.09577e-06,2.00725e-06,1.97519e-06,1.91693e-06,1.86774e-06,1.79841e-06,1.66883e-06,1.58302e-06,1.45896e-06,1.30288e-06,1.17261e-06
2.03722e-06,1.97344e-06,1.93331e-06,1.88004e-06,1.82534e-06,1.76482e-06,1.63164e-06,1.54048e-06,1.42786e-06,1.27174e-06,1.14787e-06
1.99339e-06,1.93192e-06,1.89224e-06,1.84336e-06,1.78302e-06,1.72559e-06,1.59713e-06,1.51042e-06,1.39613e-06,1.24095e-06,1.12383e-06
1.95594e-06,1.8855e-06,1.84953e-06,1.79803e-06,1.74704e-06,1.68424e-06,1.56581e-06,1.47848e-06,1.36423e-06,1.21934e-06,1.09411e-06
1.90655e-06,1.85424e-06,1.80702e-06,1.76139e-06,1.71118e-06,1.65265e-06,1.52901e-06,1.44358e-06,1.33526e-06,1.18763e-06,1.0716e-06
1.87261e-06,1.80761e-06,1.77141e-06,1.72349e-06,1.66988e-06,1.61124e-06,1.50057e-06,1.41184e-06,1.30448e-06,1.16407e-06,1.04603e-06
1.82979e-06,1.77082e-06,1.73406e-06,1.68625e-06,1.63613e-06,1.57315e-06,1.46731e-06,1.38178e-06,1.27256e-06,1.13811e-06,1.02165e-06
1.79207e-06,1.73352e-06,1.6989e-06,1.6515e-06,1.60675e-06,1.54378e-06,1.43338e-06,1.35462e-06,1.25201e-06,1.11021e-06,9.9992e-07
1.75379e-06,1.69642e-06,1.66044e-06,1.61407e-06,1.56962e-06,1.51285e-06,1.40701e-06,1.3255e-06,1.22388e-06,1.08748e-06,9.7886e-07
1.71016e-06,1.6648e-06,1.62606e-06,1.5874e-06,1.53748e-06,1.48228e-06,1.3774e-06,1.29191e-06,1.19891e-06,1.06009e-06,9.5785e-07
1.67189e-06,1.63452e-06,1.58857e-06,1.5473e-06,1.50167e-06,1.45293e-06,1.34794e-06,1.2672e-06,1.17358e-06,1.03737e-06,9.39169e-07
1.63376e-06,1.5925e-06,1.55826e-06,1.52053e-06,1.47531e-06,1.42274e-06,1.32157e-06,1.23459e-06,1.14685e-06,1.01346e-06,9.1278e-07
1.60141e-06,1.55827e-06,1.52015e-06,1.48586e-06,1.4422e-06,1.39613e-06,1.29567e-06,1.21126e-06,1.12277e-06,9.92671e-07,8.9307e-07
1.57174e-06,1.52688e-06,1.48788e-06,1.45298e-06,1.41059e-06,1.36994e-06,1.27092e-06,1.18629e-06,1.09549e-06,9.68618e-07,8.74914e-07
1.53272e-06,1.5039e-06,1.45765e-06,1.43052e-06,1.38401e-06,1.33959e-06,1.24099e-06,1.16175e-06,1.07975e-06,9.48974e-07,8.55951e-07
1.50904e-06,1.46172e-06,1.42968e-06,1.39472e-06,1.362e-06,1.30527e-06,1.2189e-06,1.14171e-06,1.05368e-06,9.28979e-07,8.3644e-07
1.47319e-06,1.43713e-06,1.39923e-06,1.37109e-06,1.33013e-06,1.28278e-06,1.19491e-06,1.11626e-06,1.03029e-06,9.09576e-07,8.1888e-07
1.44577e-06,1.41031e-06,1.36778e-06,1.34285e-06,1.30147e-06,1.25842e-06,1.17031e-06,1.09296e-06,1.0108e-06,8.87932e-07,8.02595e-07
1.41341e-06,1.37896e-06,1.33823e-06,1.31598e-06,1.27667e-06,1.2321e-06,1.1457e-06,1.0727e-06,9.86344e-07,8.71995e-07,7.847e-07
1.38557e-06,1.35058e-06,1.31269e-06,1.286e-06,1.25133e-06,1.20846e-06,1.12601e-06,1.05044e-06,9.6754e-07,8.53744e-07,7.67011e-07
1.36132e-06,1.31909e-06,1.2874e-06,1.25717e-06,1.22496e-06,1.18421e-06,1.10336e-06,1.02905e-06,9.45055e-07,8.36196e-07,7.51832e-07
1.32922e-06,1.29972e-06,1.25968e-06,1.235e-06,1.20231e-06,1.15706e-06,1.08513e-06,1.01073e-06,9.28178e-07,8.19054e-07,7.34683e-07
1.30184e-06,1.27422e-06,1.23454e-06,1.21046e-06,1.17988e-06,1.13517e-06,1.06247e-06,9.90585e-07,9.08952e-07,8.02506e-07,7.18559e-07
1.27886e-06,1.24549e-06,1.20976e-06,1.18623e-06,1.15631e-06,1.11455e-06,1.04007e-06,9.73421e-07,8.935e-07,7.89163e-07,7.04611e-07
1.25062e-06,1.22725e-06,1.18876e-06,1.16258e-06,1.13818e-06,1.09745e-06,1.02094e-06,9.49942e-07,8.76056e-07,7.66505e-07,6.88837e-07
1.22328e-06,1.19992e-06,1.16434e-06,1.14282e-06,1.11143e-06,1.07631e-06,1.00027e-06,9.29547e-07,8.55551e-07,7.48906e-07,6.75986e-07
1.2024e-06,1.17539e-06,1.13942e-06,1.11518e-06,1.09073e-06,1.05413e-06,9.83786e-07,9.13438e-07,8.37933e-07,7.35195e-07,6.59968e-07
1.17713e-06,1.15348e-06,1.11456e-06,1.09566e-06,1.07074e-06,1.03195e-06,9.62614e-07,8.94976e-07,8.21276e-07,7.21211e-07,6.46205e-07
1.15348e-06,1.12815e-06,1.09344e-06,1.07313e-06,1.04922e-06,1.0104e-06,9.44479e-07,8.78802e-07,8.03103e-07,7.08021e-07,6.33054e-07
1.13174e-06,1.10794e-06,1.07419e-06,1.05099e-06,1.03034e-06,9.89995e-07,9.27295e-07,8.61484e-07,7.86147e-07,6.93796e-07,6.19499e-07
1.1118e-06,1.08165e-06,1.05429e-06,1.03221e-06,1.01228e-06,9.72429e-07,9.099e-07,8.43834e-07,7.73097e-07,6.77365e-07,6.04964e-07
1.09132e-06,1.06454e-06,1.03367e-06,1.00896e-06,9.92419e-07,9.50167e-07,8.92661e-07,8.29778e-07,7.56793e-07,6.64721e-07,5.94079e-07
1.07182e-06,1.04019e-06,1.01207e-06,9.9263e-07,9.71857e-07,9.32536e-07,8.76667e-07,8.13384e-07,7.40531e-07,6.54404e-07,5.80045e-07
1.04185e-06,1.02437e-06,9.91708e-07,9.73339e-07,9.51715e-07,9.163e-07,8.57354e-07,7.96213e-07,7.25937e-07,6.371e-07,5.70173e-07
1.02491e-06,1.00286e-06,9.73925e-07,9.53657e-07,9.36233e-07,8.99643e-07,8.42987e-07,7.813e-07,7.10792e-07,6.24293e-07,5.56989e-07
1.00931e-06,9.84142e-07,9.5345e-07,9.35491e-07,9.19685e-07,8.82194e-07,8.27331e-07,7.66208e-07,6.95234e-07,6.12401e-07,5.43539e-07
9.87325e-07,9.67125e-07,9.33967e-07,9.17442e-07,9.02175e-07,8.62751e-07,8.11252e-07,7.51961e-07,6.82278e-07,5.99927e-07,5.32849e-07
9.65841e-07,9.49706e-07,9.16504e-07,8.99565e-07,8.84969e-07,8.46616e-07,7.96581e-07,7.38654e-07,6.69207e-07,5.87087e-07,5.22374e-07
9.52066e-07,9.28155e-07,8.99362e-07,8.82243e-07,8.69113e-07,8.30091e-07,7.81426e-07,7.24057e-07,6.53672e-07,5.77657e-07,5.11896e-07
9.34298e-07,9.12813e-07,8.84278e-07,8.66032e-07,8.53614e-07,8.14951e-07,7.65736e-07,7.09266e-07,6.43948e-07,5.65219e-07,5.01335e-07
9.16069e-07,8.94267e-07,8.67497e-07,8.48224e-07,8.36409e-07,7.99475e-07,7.51418e-07,6.9447e-07,6.29471e-07,5.5272e-07,4.90537e-07
8.95933e-07,8.77154e-07,8.49252e-07,8.32932e-07,8.19021e-07,7.87448e-07,7.35941e-07,6.80946e-07,6.17691e-07,5.40529e-07,4.80493e-07
8.77458e-07,8.61312e-07,8.3334e-07,8.17445e-07,8.06251e-07,7.72691e-07,7.23233e-07,6.68179e-07,6.04542e-07,5.29528e-07,4.69574e-07
8.58934e-07,8.42074e-07,8.19521e-07,7.9898e-07,7.90371e-07,7.58302e-07,7.09517e-07,6.54993e-07,5.92685e-07,5.19807e-07,4.60001e-07
8.48007e-07,8.30429e-07,8.04391e-07,7.86254e-07,7.76227e-07,7.42675e-07,6.962e-07,6.43591e-07,5.80507e-07,5.09648e-07,4.50139e-07
8.30458e-07,8.1308e-07,7.8817e-07,7.70397e-07,7.62168e-07,7.30014e-07,6.83201e-07,6.31909e-07,5.68898e-07,4.98989e-07,4.40756e-07
8.16653e-07,7.98472e-07,7.75277e-07,7.56691e-07,7.48578e-07,7.16177e-07,6.69866e-07,6.18716e-07,5.57943e-07,4.88926e-07,4.31237e-07
7.99738e-07,7.82652e-07,7.59322e-07,7.4295e-07,7.35098e-07,7.02223e-07,6.57911e-07,6.07433e-07,5.46325e-07,4.79387e-07,4.22389e-07
7.86629e-07,7.68748e-07,7.46735e-07,7.28719e-07,7.2222e-07,6.89525e-07,6.47108e-07,5.9582e-07,5.35477e-07,4.6999e-07,4.14055e-07
7.71501e-07,7.5331e-07,7.32127e-07,7.15278e-07,7.06773e-07,6.76553e-07,6.32661e-07,5.84338e-07,5.25097e-07,4.60344e-07,4.05565e-07
7.58679e-07,7.40191e-07,7.19136e-07,7.04021e-07,6.94358e-07,6.65085e-07,6.22882e-07,5.7426e-07,5.15317e-07,4.51843e-07,3.96697e-07
7.43832e-07,7.28125e-07,7.05933e-07,6.90196e-07,6.8314e-07,6.54775e-07,6.10575e-07,5.63535e-07,5.05335e-07,4.43653e-07,3.87978e-07
7.30537e-07,7.15019e-07,6.93671e-07,6.78165e-07,6.7153e-07,6.39899e-07,6.01265e-07,5.53345e-07,4.95599e-07,4.34646e-07,3.79755e-07
7.16926e-07,7.01183e-07,6.82582e-07,6.6608e-07,6.58488e-07,6.29782e-07,5.88328e-07,5.42134e-07,4.85663e-07,4.25998e-07,3.71745e-07
7.05105e-07,6.89604e-07,6.70461e-07,6.5445e-07,6.46553e-07,6.19624e-07,5.77028e-07,5.33131e-07,4.76337e-07,4.17857e-07,3.64908e-07
6.92882e-07,6.77087e-07,6.58269e-07,6.42745e-07,6.37394e-07,6.09413e-07,5.67369e-07,5.21911e-07,4.68143e-07,4.09608e-07,3.56358e-07
6.79533e-07,6.61879e-07,6.4666e-07,6.30614e-07,6.24798e-07,5.97988e-07,5.57607e-07,5.13023e-07,4.58045e-07,4.01763e-07,3.49869e-07
6.67867e-07,6.52315e-07,6.36631e-07,6.20742e-07,6.13707e-07,5.87739e-07,5.47168e-07,5.03272e-07,4.50033e-07,3.93137e-07,3.42406e-07
6.55463e-07,6.41118e-07,6.2587e-07,6.09246e-07,6.0393e-07,5.76512e-07,5.37275e-07,4.95258e-07,4.41103e-07,3.86155e-07,3.35495e-07
6.45339e-07,6.28479e-07,6.13899e-07,5.99389e-07,5.92935e-07,5.66374e-07,5.27763e-07,4.84282e-07,4.32793e-07,3.79118e-07,3.28734e-07
6.33917e-07,6.19285e-07,6.05588e-07,5.8771e-07,5.83362e-07,5.56598e-07,5.18838e-07,4.75905e-07,4.24607e-07,3.71536e-07,3.22311e-07
6.22663e-07,6.09173e-07,5.9384e-07,5.79776e-07,5.73564e-07,5.47558e-07,5.09351e-07,4.68188e-07,4.16161e-07,3.64556e-07,3.14812e-07
6.12771e-07,5.97898e-07,5.84046e-07,5.69214e-07,5.63978e-07,5.38299e-07,5.00958e-07,4.58338e-07,4.08558e-07,3.5795e-07,3.09098e-07
6.01784e-07,5.87449e-07,5.72056e-07,5.58004e-07,5.53687e-07,5.28832e-07,4.90557e-07,4.50132e-07,4.0104e-07,3.51036e-07,3.03227e-07
5.92339e-07,5.76602e-07,5.62928e-07,5.49112e-07,5.44167e-07,5.20287e-07,4.83995e-07,4.41934e-07,3.93123e-07,3.44001e-07,2.96799e-07
5.79663e-07,5.66253e-07,5.55496e-07,5.41071e-07,5.35822e-07,5.11665e-07,4.74843e-07,4.35479e-07,3.86456e-07,3.38512e-07,2.90716e-07
5.70837e-07,5.57653e-07,5.46088e-07,5.31465e-07,5.26851e-07,5.03562e-07,4.66346e-07,4.26632e-07,3.79844e-07,3.32277e-07,2.84669e-07
5.63479e-07,5.48898e-07,5.37924e-07,5.22449e-07,5.17861e-07,4.95723e-07,4.58468e-07,4.19827e-07,3.73875e-07,3.25985e-07,2.78803e-07
5.52267e-07,5.40017e-07,5.2872e-07,5.14127e-07,5.09678e-07,4.8623e-07,4.50459e-07,4.11723e-07,3.66789e-07,3.19939e-07,2.73817e-07
5.45326e-07,5.31445e-07,5.19788e-07,5.0681e-07,5.02066e-07,4.79278e-07,4.43619e-07,4.05269e-07,3.60438e-07,3.14032e-07,2.68395e-07
5.36211e-07,5.21378e-07,5.12129e-07,4.97749e-07,4.93444e-07,4.70505e-07,4.35116e-07,3.98168e-07,3.52678e-07,3.07804e-07,2.63011e-07
5.26584e-07,5.1258e-07,5.04295e-07,4.92591e-07,4.84614e-07,4.63558e-07,4.29237e-07,3.91485e-07,3.47221e-07,3.0318e-07,2.58318e-07
5.17071e-07,5.05307e-07,4.93697e-07,4.8364e-07,4.78708e-07,4.56221e-07,4.21191e-07,3.83677e-07,3.40575e-07,2.97338e-07,2.5259e-07
5.10487e-07,4.97964e-07,4.87571e-07,4.76887e-07,4.7001e-07,4.49901e-07,4.14781e-07,3.78775e-07,3.36051e-07,2.91979e-07,2.47807e-07
5.04254e-07,4.89732e-07,4.79578e-07,4.68686e-07,4.6248e-07,4.42273e-07,4.07082e-07,3.71915e-07,3.29622e-07,2.87444e-07,2.43959e-07
4.96162e-07,4.82392e-07,4.72255e-07,4.62259e-07,4.5793e-07,4.35244e-07,4.0129e-07,3.65042e-07,3.24968e-07,2.82758e-07,2.392e-07
4.87586e-07,4.74255e-07,4.65892e-07,4.5479e-07,4.49901e-07,4.2915e-07,3.94291e-07,3.5925e-07,3.19409e-07,2.77481e-07,2.33936e-07
4.79611e-07,4.67272e-07,4.59679e-07,4.4872e-07,4.42314e-07,4.21504e-07,3.87821e-07,3.53597e-07,3.14927e-07,2.73489e-07,2.30111e-07
4.74053e-07,4.58593e-07,4.52072e-07,4.41822e-07,4.34361e-07,4.15357e-07,3.83395e-07,3.48255e-07,3.08504e-07,2.6762e-07,2.25769e-07
4.66036e-07,4.52382e-07,4.45464e-07,4.3568e-07,4.28896e-07,4.10181e-07,3.76387e-07,3.41923e-07,3.03232e-07,2.63756e-07,2.21249e-07
4.56469e-07,4.44467e-07,4.37117e-07,4.30006e-07,4.22341e-07,4.02906e-07,3.70312e-07,3.36771e-07,2.98784e-07,2.58936e-07,2.17448e-07
4.51918e-07,4.40821e-07,4.33232e-07,4.23505e-07,4.16933e-07,3.9833e-07,3.64958e-07,3.31906e-07,2.94087e-07,2.54705e-07,2.13764e-07
4.43883e-07,4.32887e-07,4.27228e-07,4.17044e-07,4.09815e-07,3.91847e-07,3.60224e-07,3.26414e-07,2.89516e-07,2.50462e-07,2.0932e-07
4.38765e-07,4.26057e-07,4.20521e-07,4.11554e-07,4.03161e-07,3.85702e-07,3.53735e-07,3.2095e-07,2.84384e-07,2.46823e-07,2.06073e-07
4.32094e-07,4.20909e-07,4.14347e-07,4.06535e-07,3.97953e-07,3.80054e-07,3.4823e-07,3.16816e-07,2.80787e-07,2.42544e-07,2.02362e-07
4.26141e-07,4.15031e-07,4.08294e-07,3.99856e-07,3.93584e-07,3.74865e-07,3.43955e-07,3.1153e-07,2.77089e-07,2.38608e-07,1.98984e-07
4.21092e-07,4.0852e-07,4.02189e-07,3.95777e-07,3.86963e-07,3.70398e-07,3.3861e-07,3.05494e-07,2.7364e-07,2.35084e-07,1.95709e-07
4.15493e-07,4.02014e-07,3.98494e-07,3.87506e-07,3.8089e-07,3.64094e-07,3.33559e-07,3.02724e-07,2.68719e-07,2.31878e-07,1.92174e-07
4.12302e-07,3.96746e-07,3.89296e-07,3.84794e-07,3.76866e-07,3.60621e-07,3.2817e-07,2.97029e-07,2.64316e-07,2.27566e-07,1.89852e-07
4.02354e-07,3.90978e-07,3.86403e-07,3.79944e-07,3.70273e-07,3.54484e-07,3.23694e-07,2.9283e-07,2.60711e-07,2.24206e-07,1.8616e-07
3.97568e-07,3.83753e-07,3.81909e-07,3.76198e-07,3.66909e-07,3.4967e-07,3.20314e-07,2.89488e-07,2.56309e-07,2.20529e-07,1.8186e-07
3.91097e-07,3.78191e-07,3.75552e-07,3.69026e-07,3.61116e-07,3.44576e-07,3.14575e-07,2.84481e-07,2.52804e-07,2.17418e-07,1.7933e-07
3.86295e-07,3.76044e-07,3.70691e-07,3.65027e-07,3.56289e-07,3.4023e-07,3.1017e-07,2.80136e-07,2.4919e-07,2.14212e-07,1.76672e-07
3.81665e-07,3.70846e-07,3.66773e-07,3.59885e-07,3.52018e-07,3.36086e-07,3.06101e-07,2.76041e-07,2.45974e-07,2.10737e-07,1.74156e-07
3.76207e-07,3.65093e-07,3.60364e-07,3.54026e-07,3.47322e-07,3.31825e-07,3.02495e-07,2.71556e-07,2.42486e-07,2.07843e-07,1.70397e-07
3.68298e-07,3.58332e-07,3.54542e-07,3.50148e-07,3.43499e-07,3.26932e-07,2.98126e-07,2.69397e-07,2.38472e-07,2.05207e-07,1.6818e-07
3.66296e-07,3.55556e-07,3.5145e-07,3.4748e-07,3.38383e-07,3.24336e-07,2.94536e-07,2.64411e-07,2.35534e-07,2.01766e-07,1.66177e-07
3.59429e-07,3.49384e-07,3.4742e-07,3.40606e-07,3.32574e-07,3.17299e-07,2.88104e-07,2.60484e-07,2.31562e-07,1.98873e-07,1.62803e-07
3.57943e-07,3.46951e-07,3.43111e-07,3.38243e-07,3.28589e-07,3.14689e-07,2.86028e-07,2.5746e-07,2.29848e-07,1.96079e-07,1.60502e-07
3.50655e-07,3.41225e-07,3.3568e-07,3.3207e-07,3.23371e-07,3.08996e-07,2.81538e-07,2.54108e-07,2.25431e-07,1.93229e-07,1.57484e-07
3.47014e-07,3.39066e-07,3.33308e-07,3.28695e-07,3.21905e-07,3.0708e-07,2.79027e-07,2.51368e-07,2.23736e-07,1.91602e-07,1.5552e-07
3.44227e-07,3.32501e-07,3.31868e-07,3.25959e-07,3.16997e-07,3.04872e-07,2.75129e-07,2.48392e-07,2.20475e-07,1.87628e-07,1.53588e-07
3.36783e-07,3.27688e-07,3.2586e-07,3.22124e-07,3.12463e-07,3.00075e-07,2.72072e-07,2.46471e-07,2.17852e-07,1.85663e-07,1.50952e-07
3.36346e-07,3.26413e-07,3.23837e-07,3.18863e-07,3.09763e-07,2.9579e-07,2.68382e-07,2.41367e-07,2.14396e-07,1.8304e-07,1.48988e-07
3.30535e-07,3.19291e-07,3.16924e-07,3.14427e-07,3.06272e-07,2.91409e-07,2.65053e-07,2.38298e-07,2.12336e-07,1.8035e-07,1.46771e-07
3.24919e-07,3.15542e-07,3.13761e-07,3.11666e-07,3.0239e-07,2.87723e-07,2.62806e-07,2.35607e-07,2.09117e-07,1.78007e-07,1.44832e-07
3.24679e-07,3.12549e-07,3.12133e-07,3.07072e-07,2.98853e-07,2.86352e-07,2.58124e-07,2.3226e-07,2.0606e-07,1.75308e-07,1.42716e-07
3.19341e-07,3.08974e-07,3.04346e-07,3.03724e-07,2.93033e-07,2.81021e-07,2.5477e-07,2.28142e-07,2.04187e-07,1.72742e-07,1.40285e-07
3.15113e-07,3.06146e-07,3.0364e-07,2.99159e-07,2.90558e-07,2.77587e-07,2.52042e-07,2.26659e-07,2.02186e-07,1.69888e-07,1.38665e-07
3.10785e-07,3.00253e-07,2.98743e-07,2.96992e-07,2.87012e-07,2.744e-07,2.48422e-07,2.23096e-07,1.97576e-07,1.68515e-07,1.36563e-07
3.06514e-07,2.9962e-07,2.96257e-07,2.92952e-07,2.84348e-07,2.71312e-07,2.46401e-07,2.22093e-07,1.96367e-07,1.67785e-07,1.34761e-07
3.04808e-07,2.96043e-07,2.94138e-07,2.89301e-07,2.81144e-07,2.68774e-07,2.43241e-07,2.17702e-07,1.94197e-07,1.64952e-07,1.32952e-07
3.00804e-07,2.91499e-07,2.89546e-07,2.85541e-07,2.77114e-07,2.63665e-07,2.39105e-07,2.1472e-07,1.90848e-07,1.62795e-07,1.31216e-07
2.96709e-07,2.88344e-07,2.8587e-07,2.82251e-07,2.73169e-07,2.62178e-07,2.36561e-07,2.1266e-07,1.89466e-07,1.61299e-07,1.29813e-07
2.92131e-07,2.82401e-07,2.82285e-07,2.80976e-07,2.70706e-07,2.59529e-07,2.33567e-07,2.09828e-07,1.87065e-07,1.58863e-07,1.27676e-07
2.88603e-07,2.80222e-07,2.78215e-07,2.77338e-07,2.67179e-07,2.56244e-07,2.31505e-07,2.06651e-07,1.84774e-07,1.5713e-07,1.25981e-07
2.86089e-07,2.79012e-07,2.75713e-07,2.73584e-07,2.65142e-07,2.52582e-07,2.2929e-07,2.04502e-07,1.82391e-07,1.53787e-07,1.24952e-07
2.84879e-07,2.75373e-07,2.71647e-07,2.71415e-07,2.60584e-07,2.50468e-07,2.2554e-07,2.03319e-07,1.80497e-07,1.52396e-07,1.22905e-07
2.78822e-07,2.72785e-07,2.7004e-07,2.67284e-07,2.58183e-07,2.46706e-07,2.23377e-07,2.0045e-07,1.7805e-07,1.50226e-07,1.21237e-07
2.78135e-07,2.69464e-07,2.68814e-07,2.64732e-07,2.54582e-07,2.44436e-07,2.21009e-07,1.98087e-07,1.75959e-07,1.48418e-07,1.19598e-07
2.73104e-07,2.65648e-07,2.63806e-07,2.6276e-07,2.51672e-07,2.41777e-07,2.18374e-07,1.95326e-07,1.74397e-07,1.4682e-07,1.17881e-07
2.71122e-07,2.63313e-07,2.62246e-07,2.59586e-07,2.49885e-07,2.39515e-07,2.15891e-07,1.93125e-07,1.71512e-07,1.44535e-07,1.16552e-07
2.66465e-07,2.5934e-07,2.57977e-07,2.56583e-07,2.47679e-07,2.35346e-07,2.13062e-07,1.90654e-07,1.70273e-07,1.43065e-07,1.14753e-07
2.64679e-07,2.58103e-07,2.53312e-07,2.55075e-07,2.43629e-07,2.3394e-07,2.11776e-07,1.88756e-07,1.67699e-07,1.41194e-07,1.13712e-07
2.63009e-07,2.54551e-07,2.51099e-07,2.5112e-07,2.40363e-07,2.3142e-07,2.08367e-07,1.86163e-07,1.64963e-07,1.39343e-07,1.11891e-07
2.58159e-07,2.53708e-07,2.496e-07,2.49e-07,2.39603e-07,2.28971e-07,2.07611e-07,1.84393e-07,1.63711e-07,1.38372e-07,1.1092e-07
2.55669e-07,2.48413e-07,2.47467e-07,2.46012e-07,2.37041e-07,2.26135e-07,2.04103e-07,1.82433e-07,1.62066e-07,1.36374e-07,1.09175e-07
2.53723e-07,2.4663e-07,2.45208e-07,2.42725e-07,2.33569e-07,2.23471e-07,2.01484e-07,1.81202e-07,1.60642e-07,1.3485e-07,1.07668e-07
2.49589e-07,2.4356e-07,2.41987e-07,2.40099e-07,2.32106e-07,2.21464e-07,1.9994e-07,1.78702e-07,1.59094e-07,1.33417e-07,1.06647e-07
2.47164e-07,2.41036e-07,2.40509e-07,2.37e-07,2.28404e-07,2.19449e-07,1.9781e-07,1.76733e-07,1.56424e-07,1.31896e-07,1.05376e-07
2.45019e-07,2.38786e-07,2.36701e-07,2.35989e-07,2.25065e-07,2.16226e-07,1.95163e-07,1.74534e-07,1.55172e-07,1.30373e-07,1.04311e-07
2.42527e-07,2.33632e-07,2.32762e-07,2.32669e-07,2.23526e-07,2.13289e-07,1.92397e-07,1.71225e-07,1.53437e-07,1.28706e-07,1.02627e-07
2.41477e-07,2.3419e-07,2.31859e-07,2.29946e-07,2.20368e-07,2.12167e-07,1.90558e-07,1.71972e-07,1.51793e-07,1.2653e-07,1.02112e-07
2.36501e-07,2.30392e-07,2.28775e-07,2.26862e-07,2.19481e-07,2.09338e-07,1.88439e-07,1.69012e-07,1.49457e-07,1.25264e-07,1.00143e-07
2.32737e-07,2.28533e-07,2.26615e-07,2.25642e-07,2.16128e-07,2.06682e-07,1.8617e-07,1.67093e-07,1.4813e-07,1.23746e-07,9.94337e-08
2.3196e-07,2.24181e-07,2.25903e-07,2.23463e-07,2.14948e-07,2.03573e-07,1.84658e-07,1.64406e-07,1.46929e-07,1.22768e-07,9.792e-08
2.28848e-07,2.2393e-07,2.22326e-07,2.20411e-07,2.11984e-07,2.01466e-07,1.83051e-07,1.63691e-07,1.44977e-07,1.20983e-07,9.63699e-08
2.28869e-07,2.20601e-07,2.19927e-07,2.17216e-07,2.0942e-07,2.00717e-07,1.80992e-07,1.62251e-07,1.43485e-07,1.19837e-07,9.53021e-08
