# xi3
# underflow	  24.790794    	 0.25593696E-01
# overflow	 0.26279553E-01	 0.21356721E-02
# sum	  28.143891    	 0.31795414E-01
# xmin	xmax	cross	numerror
  1034.0000    	  1035.0000    	 0.11090513E-01	 0.12875698E-02
  1035.0000    	  1036.0000    	 0.99791563E-02	 0.12810854E-02
  1036.0000    	  1037.0000    	 0.99488597E-02	 0.11574230E-02
  1037.0000    	  1038.0000    	 0.93169621E-02	 0.99962654E-03
  1038.0000    	  1039.0000    	 0.87809384E-02	 0.10498718E-02
  1039.0000    	  1040.0000    	 0.72378432E-02	 0.86926699E-03
  1040.0000    	  1041.0000    	 0.66961821E-02	 0.82022860E-03
  1041.0000    	  1042.0000    	 0.57574140E-02	 0.80969361E-03
  1042.0000    	  1043.0000    	 0.45162530E-02	 0.63168917E-03
  1043.0000    	  1044.0000    	 0.40316009E-02	 0.54088012E-03
  1044.0000    	  1045.0000    	 0.28175263E-02	 0.50996181E-03
  1045.0000    	  1046.0000    	 0.96601568E-02	 0.13596291E-02
  1046.0000    	  1047.0000    	 0.80478730E-02	 0.14248688E-02
  1047.0000    	  1048.0000    	 0.99746655E-02	 0.12968310E-02
  1048.0000    	  1049.0000    	 0.10664859E-01	 0.12100224E-02
  1049.0000    	  1050.0000    	 0.82667084E-02	 0.11457418E-02
  1050.0000    	  1051.0000    	 0.90232062E-02	 0.83698061E-03
  1051.0000    	  1052.0000    	 0.69217731E-02	 0.88827598E-03
  1052.0000    	  1053.0000    	 0.54905296E-02	 0.73287194E-03
  1053.0000    	  1054.0000    	 0.50630695E-02	 0.63853708E-03
  1054.0000    	  1055.0000    	 0.34245676E-02	 0.54040387E-03
  1055.0000    	  1056.0000    	 0.12790352E-02	 0.58764003E-03
  1056.0000    	  1057.0000    	 0.10998090E-01	 0.13164349E-02
  1057.0000    	  1058.0000    	 0.10892735E-01	 0.12557402E-02
  1058.0000    	  1059.0000    	 0.10717165E-01	 0.11805933E-02
  1059.0000    	  1060.0000    	 0.80576524E-02	 0.11531374E-02
  1060.0000    	  1061.0000    	 0.67656788E-02	 0.10258107E-02
  1061.0000    	  1062.0000    	 0.77246579E-02	 0.82549061E-03
  1062.0000    	  1063.0000    	 0.63203757E-02	 0.78216009E-03
  1063.0000    	  1064.0000    	 0.62324314E-02	 0.70650824E-03
  1064.0000    	  1065.0000    	 0.42678631E-02	 0.55199759E-03
  1065.0000    	  1066.0000    	 0.39958284E-02	 0.49890611E-03
  1066.0000    	  1067.0000    	 0.30738785E-02	 0.49499827E-03
  1067.0000    	  1068.0000    	 0.10200693E-01	 0.12859734E-02
  1068.0000    	  1069.0000    	 0.71170596E-02	 0.13142929E-02
  1069.0000    	  1070.0000    	 0.79456035E-02	 0.11488528E-02
  1070.0000    	  1071.0000    	 0.91283730E-02	 0.10479029E-02
  1071.0000    	  1072.0000    	 0.89836374E-02	 0.92143791E-03
  1072.0000    	  1073.0000    	 0.71863929E-02	 0.81041101E-03
  1073.0000    	  1074.0000    	 0.75443543E-02	 0.96665532E-03
  1074.0000    	  1075.0000    	 0.56490461E-02	 0.71502259E-03
  1075.0000    	  1076.0000    	 0.34487537E-02	 0.63641269E-03
  1076.0000    	  1077.0000    	 0.34861556E-02	 0.55359797E-03
  1077.0000    	  1078.0000    	 0.23300525E-02	 0.43918270E-03
  1078.0000    	  1079.0000    	 0.77931951E-02	 0.13816247E-02
  1079.0000    	  1080.0000    	 0.10774378E-01	 0.13818444E-02
  1080.0000    	  1081.0000    	 0.94230890E-02	 0.10682210E-02
  1081.0000    	  1082.0000    	 0.98975655E-02	 0.10955785E-02
  1082.0000    	  1083.0000    	 0.93656945E-02	 0.98018757E-03
  1083.0000    	  1084.0000    	 0.76113383E-02	 0.88099397E-03
  1084.0000    	  1085.0000    	 0.53087454E-02	 0.83286550E-03
  1085.0000    	  1086.0000    	 0.49121535E-02	 0.74358865E-03
  1086.0000    	  1087.0000    	 0.41512150E-02	 0.56705207E-03
  1087.0000    	  1088.0000    	 0.33335301E-02	 0.54590623E-03
  1088.0000    	  1089.0000    	 0.24741419E-02	 0.45107483E-03
  1089.0000    	  1090.0000    	 0.83587835E-02	 0.12067221E-02
  1090.0000    	  1091.0000    	 0.90726105E-02	 0.11844978E-02
  1091.0000    	  1092.0000    	 0.95619907E-02	 0.10497829E-02
  1092.0000    	  1093.0000    	 0.66437477E-02	 0.94475645E-03
  1093.0000    	  1094.0000    	 0.82982068E-02	 0.10580546E-02
  1094.0000    	  1095.0000    	 0.69331472E-02	 0.82545080E-03
  1095.0000    	  1096.0000    	 0.63944350E-02	 0.79466483E-03
  1096.0000    	  1097.0000    	 0.47127231E-02	 0.64225933E-03
  1097.0000    	  1098.0000    	 0.36520504E-02	 0.58393619E-03
  1098.0000    	  1099.0000    	 0.36088223E-02	 0.50557366E-03
  1099.0000    	  1100.0000    	 0.23898356E-02	 0.49937621E-03
  1100.0000    	  1101.0000    	 0.71162792E-02	 0.10646511E-02
  1101.0000    	  1102.0000    	 0.11485583E-01	 0.10444889E-02
  1102.0000    	  1103.0000    	 0.84776990E-02	 0.10348484E-02
  1103.0000    	  1104.0000    	 0.83748824E-02	 0.10563465E-02
  1104.0000    	  1105.0000    	 0.69128405E-02	 0.10694054E-02
  1105.0000    	  1106.0000    	 0.71149573E-02	 0.82536646E-03
  1106.0000    	  1107.0000    	 0.71472507E-02	 0.72949387E-03
  1107.0000    	  1108.0000    	 0.53759152E-02	 0.83747976E-03
  1108.0000    	  1109.0000    	 0.49582102E-02	 0.58073267E-03
  1109.0000    	  1110.0000    	 0.29218069E-02	 0.50150755E-03
  1110.0000    	  1111.0000    	 0.28244406E-02	 0.46411656E-03
  1111.0000    	  1112.0000    	 0.90399530E-02	 0.11223590E-02
  1112.0000    	  1113.0000    	 0.78501745E-02	 0.10692161E-02
  1113.0000    	  1114.0000    	 0.11044049E-01	 0.10516885E-02
  1114.0000    	  1115.0000    	 0.94345292E-02	 0.11175756E-02
  1115.0000    	  1116.0000    	 0.64860921E-02	 0.88329287E-03
  1116.0000    	  1117.0000    	 0.71591118E-02	 0.78877748E-03
  1117.0000    	  1118.0000    	 0.53343158E-02	 0.70480122E-03
  1118.0000    	  1119.0000    	 0.54117372E-02	 0.65976931E-03
  1119.0000    	  1120.0000    	 0.36419690E-02	 0.60332642E-03
  1120.0000    	  1121.0000    	 0.27613019E-02	 0.47624316E-03
  1121.0000    	  1122.0000    	 0.16991225E-02	 0.41300435E-03
  1122.0000    	  1123.0000    	 0.76167966E-02	 0.11537267E-02
  1123.0000    	  1124.0000    	 0.90958070E-02	 0.11332572E-02
  1124.0000    	  1125.0000    	 0.73645692E-02	 0.99134592E-03
  1125.0000    	  1126.0000    	 0.60658059E-02	 0.95659247E-03
  1126.0000    	  1127.0000    	 0.81234699E-02	 0.81973250E-03
  1127.0000    	  1128.0000    	 0.70693960E-02	 0.89536490E-03
  1128.0000    	  1129.0000    	 0.62620758E-02	 0.76867265E-03
  1129.0000    	  1130.0000    	 0.48365807E-02	 0.66733985E-03
  1130.0000    	  1131.0000    	 0.35107302E-02	 0.57256214E-03
  1131.0000    	  1132.0000    	 0.31737904E-02	 0.47403965E-03
  1132.0000    	  1133.0000    	 0.10423520E-02	 0.41487029E-03
  1133.0000    	  1134.0000    	 0.88575810E-02	 0.11500902E-02
  1134.0000    	  1135.0000    	 0.67128904E-02	 0.10376413E-02
  1135.0000    	  1136.0000    	 0.89048050E-02	 0.93068977E-03
  1136.0000    	  1137.0000    	 0.72040882E-02	 0.10198250E-02
  1137.0000    	  1138.0000    	 0.68830962E-02	 0.88574664E-03
  1138.0000    	  1139.0000    	 0.60638594E-02	 0.10013121E-02
  1139.0000    	  1140.0000    	 0.56346002E-02	 0.71411547E-03
  1140.0000    	  1141.0000    	 0.49002380E-02	 0.62406835E-03
  1141.0000    	  1142.0000    	 0.40229804E-02	 0.52026924E-03
  1142.0000    	  1143.0000    	 0.33734499E-02	 0.50169694E-03
  1143.0000    	  1144.0000    	 0.23862844E-02	 0.39498319E-03
  1144.0000    	  1145.0000    	 0.96134301E-02	 0.11943632E-02
  1145.0000    	  1146.0000    	 0.86366466E-02	 0.11341159E-02
  1146.0000    	  1147.0000    	 0.81626449E-02	 0.92465959E-03
  1147.0000    	  1148.0000    	 0.81746015E-02	 0.86328497E-03
  1148.0000    	  1149.0000    	 0.64116486E-02	 0.88969165E-03
  1149.0000    	  1150.0000    	 0.71440845E-02	 0.82014835E-03
  1150.0000    	  1151.0000    	 0.46977158E-02	 0.84715661E-03
  1151.0000    	  1152.0000    	 0.37891189E-02	 0.70303449E-03
  1152.0000    	  1153.0000    	 0.30328670E-02	 0.54139040E-03
  1153.0000    	  1154.0000    	 0.25325144E-02	 0.48927586E-03
  1154.0000    	  1155.0000    	 0.13800351E-02	 0.38138390E-03
  1155.0000    	  1156.0000    	 0.97710314E-02	 0.11344851E-02
  1156.0000    	  1157.0000    	 0.88666021E-02	 0.11474606E-02
  1157.0000    	  1158.0000    	 0.76381044E-02	 0.93669099E-03
  1158.0000    	  1159.0000    	 0.78927798E-02	 0.88720858E-03
  1159.0000    	  1160.0000    	 0.82009601E-02	 0.93314988E-03
  1160.0000    	  1161.0000    	 0.63204240E-02	 0.85027787E-03
  1161.0000    	  1162.0000    	 0.48390115E-02	 0.75709634E-03
  1162.0000    	  1163.0000    	 0.31408733E-02	 0.68250690E-03
  1163.0000    	  1164.0000    	 0.43287529E-02	 0.55602470E-03
  1164.0000    	  1165.0000    	 0.25985002E-02	 0.42384920E-03
  1165.0000    	  1166.0000    	 0.18539798E-02	 0.38252163E-03
  1166.0000    	  1167.0000    	 0.92362709E-02	 0.11169251E-02
  1167.0000    	  1168.0000    	 0.77778578E-02	 0.10046627E-02
  1168.0000    	  1169.0000    	 0.89509414E-02	 0.10795568E-02
  1169.0000    	  1170.0000    	 0.59451995E-02	 0.91775772E-03
  1170.0000    	  1171.0000    	 0.64733104E-02	 0.83513972E-03
  1171.0000    	  1172.0000    	 0.47453939E-02	 0.79102297E-03
  1172.0000    	  1173.0000    	 0.61336170E-02	 0.75446344E-03
  1173.0000    	  1174.0000    	 0.47280618E-02	 0.62406445E-03
  1174.0000    	  1175.0000    	 0.34977561E-02	 0.54835634E-03
  1175.0000    	  1176.0000    	 0.24887906E-02	 0.51002312E-03
  1176.0000    	  1177.0000    	 0.18056021E-02	 0.36525388E-03
  1177.0000    	  1178.0000    	 0.74722079E-02	 0.11145957E-02
  1178.0000    	  1179.0000    	 0.74321518E-02	 0.95961403E-03
  1179.0000    	  1180.0000    	 0.79529686E-02	 0.10750886E-02
  1180.0000    	  1181.0000    	 0.92955709E-02	 0.93613088E-03
  1181.0000    	  1182.0000    	 0.64829080E-02	 0.82268302E-03
  1182.0000    	  1183.0000    	 0.51363354E-02	 0.82310269E-03
  1183.0000    	  1184.0000    	 0.43487800E-02	 0.75543200E-03
  1184.0000    	  1185.0000    	 0.49951533E-02	 0.68796273E-03
  1185.0000    	  1186.0000    	 0.45118426E-02	 0.62877443E-03
  1186.0000    	  1187.0000    	 0.36637110E-02	 0.48655312E-03
  1187.0000    	  1188.0000    	 0.18099974E-02	 0.34477137E-03
  1188.0000    	  1189.0000    	 0.71042213E-02	 0.10878518E-02
  1189.0000    	  1190.0000    	 0.80583498E-02	 0.10055166E-02
  1190.0000    	  1191.0000    	 0.92884482E-02	 0.96856221E-03
  1191.0000    	  1192.0000    	 0.83375231E-02	 0.94822844E-03
  1192.0000    	  1193.0000    	 0.61287153E-02	 0.77738348E-03
  1193.0000    	  1194.0000    	 0.67321112E-02	 0.74581739E-03
  1194.0000    	  1195.0000    	 0.60028370E-02	 0.65390412E-03
  1195.0000    	  1196.0000    	 0.34175706E-02	 0.65195239E-03
  1196.0000    	  1197.0000    	 0.27485026E-02	 0.57572860E-03
  1197.0000    	  1198.0000    	 0.23827566E-02	 0.53464175E-03
  1198.0000    	  1199.0000    	 0.15539960E-02	 0.34296260E-03
  1199.0000    	  1200.0000    	 0.62681850E-02	 0.11301474E-02
  1200.0000    	  1201.0000    	 0.89677782E-02	 0.99239809E-03
  1201.0000    	  1202.0000    	 0.76433121E-02	 0.95190280E-03
  1202.0000    	  1203.0000    	 0.62767637E-02	 0.93906712E-03
  1203.0000    	  1204.0000    	 0.50996352E-02	 0.80048344E-03
  1204.0000    	  1205.0000    	 0.43438914E-02	 0.87549548E-03
  1205.0000    	  1206.0000    	 0.49371664E-02	 0.79837733E-03
  1206.0000    	  1207.0000    	 0.50520216E-02	 0.60712029E-03
  1207.0000    	  1208.0000    	 0.37051672E-02	 0.52754383E-03
  1208.0000    	  1209.0000    	 0.16753602E-02	 0.54787856E-03
  1209.0000    	  1210.0000    	 0.19276002E-02	 0.39334102E-03
  1210.0000    	  1211.0000    	 0.80639394E-02	 0.10214734E-02
  1211.0000    	  1212.0000    	 0.69839175E-02	 0.10285419E-02
  1212.0000    	  1213.0000    	 0.63695847E-02	 0.79710170E-03
  1213.0000    	  1214.0000    	 0.74629150E-02	 0.93480067E-03
  1214.0000    	  1215.0000    	 0.75402336E-02	 0.81723926E-03
  1215.0000    	  1216.0000    	 0.40236897E-02	 0.89035785E-03
  1216.0000    	  1217.0000    	 0.26443717E-02	 0.71779326E-03
  1217.0000    	  1218.0000    	 0.43847367E-02	 0.62825817E-03
  1218.0000    	  1219.0000    	 0.34350505E-02	 0.48459669E-03
  1219.0000    	  1220.0000    	 0.26494191E-02	 0.46659253E-03
  1220.0000    	  1221.0000    	 0.17575848E-02	 0.32794120E-03
  1221.0000    	  1222.0000    	 0.80164801E-02	 0.99092454E-03
  1222.0000    	  1223.0000    	 0.88623853E-02	 0.10336195E-02
  1223.0000    	  1224.0000    	 0.77712767E-02	 0.98359525E-03
  1224.0000    	  1225.0000    	 0.68333554E-02	 0.85878512E-03
  1225.0000    	  1226.0000    	 0.57359125E-02	 0.86724989E-03
  1226.0000    	  1227.0000    	 0.54400148E-02	 0.74897355E-03
  1227.0000    	  1228.0000    	 0.67448488E-02	 0.64760347E-03
  1228.0000    	  1229.0000    	 0.45463355E-02	 0.66130987E-03
  1229.0000    	  1230.0000    	 0.23785973E-02	 0.52373970E-03
  1230.0000    	  1231.0000    	 0.25654240E-02	 0.44930753E-03
  1231.0000    	  1232.0000    	 0.16019609E-02	 0.35899926E-03
  1232.0000    	  1233.0000    	 0.74912939E-02	 0.10263967E-02
  1233.0000    	  1234.0000    	 0.75904229E-02	 0.99742870E-03
  1234.0000    	  1235.0000    	 0.73603917E-02	 0.10470782E-02
  1235.0000    	  1236.0000    	 0.71335439E-02	 0.92508711E-03
  1236.0000    	  1237.0000    	 0.62431093E-02	 0.81444942E-03
  1237.0000    	  1238.0000    	 0.45683500E-02	 0.81632857E-03
  1238.0000    	  1239.0000    	 0.39180902E-02	 0.64310398E-03
  1239.0000    	  1240.0000    	 0.36839636E-02	 0.65918823E-03
  1240.0000    	  1241.0000    	 0.33659109E-02	 0.48511471E-03
  1241.0000    	  1242.0000    	 0.29986745E-02	 0.38838313E-03
  1242.0000    	  1243.0000    	 0.17735349E-02	 0.33303899E-03
  1243.0000    	  1244.0000    	 0.69375846E-02	 0.95009674E-03
  1244.0000    	  1245.0000    	 0.62278884E-02	 0.10323602E-02
  1245.0000    	  1246.0000    	 0.54928509E-02	 0.93019566E-03
  1246.0000    	  1247.0000    	 0.71504608E-02	 0.85702596E-03
  1247.0000    	  1248.0000    	 0.51662556E-02	 0.71269993E-03
  1248.0000    	  1249.0000    	 0.63798965E-02	 0.79489006E-03
  1249.0000    	  1250.0000    	 0.51196073E-02	 0.64447470E-03
  1250.0000    	  1251.0000    	 0.29845649E-02	 0.66823057E-03
  1251.0000    	  1252.0000    	 0.32870436E-02	 0.51316631E-03
  1252.0000    	  1253.0000    	 0.16320516E-02	 0.41453826E-03
  1253.0000    	  1254.0000    	 0.17831384E-02	 0.34406625E-03
  1254.0000    	  1255.0000    	 0.59920232E-02	 0.10165336E-02
  1255.0000    	  1256.0000    	 0.80267222E-02	 0.98628392E-03
  1256.0000    	  1257.0000    	 0.74788766E-02	 0.86741009E-03
  1257.0000    	  1258.0000    	 0.59660831E-02	 0.74853337E-03
  1258.0000    	  1259.0000    	 0.46774403E-02	 0.81302409E-03
  1259.0000    	  1260.0000    	 0.51997038E-02	 0.73773629E-03
  1260.0000    	  1261.0000    	 0.49503942E-02	 0.67893154E-03
  1261.0000    	  1262.0000    	 0.36295263E-02	 0.58992502E-03
  1262.0000    	  1263.0000    	 0.27227814E-02	 0.47659986E-03
  1263.0000    	  1264.0000    	 0.21555266E-02	 0.41068482E-03
  1264.0000    	  1265.0000    	 0.20884810E-02	 0.35684363E-03
  1265.0000    	  1266.0000    	 0.56821789E-02	 0.96721688E-03
  1266.0000    	  1267.0000    	 0.73557993E-02	 0.98116494E-03
  1267.0000    	  1268.0000    	 0.54468218E-02	 0.84527352E-03
  1268.0000    	  1269.0000    	 0.56019949E-02	 0.83198530E-03
  1269.0000    	  1270.0000    	 0.53388370E-02	 0.79598447E-03
  1270.0000    	  1271.0000    	 0.42961014E-02	 0.80541992E-03
  1271.0000    	  1272.0000    	 0.43956267E-02	 0.70604644E-03
  1272.0000    	  1273.0000    	 0.30274376E-02	 0.58774566E-03
  1273.0000    	  1274.0000    	 0.29344678E-02	 0.48431706E-03
  1274.0000    	  1275.0000    	 0.21079852E-02	 0.41844262E-03
  1275.0000    	  1276.0000    	 0.10583613E-02	 0.32033158E-03
  1276.0000    	  1277.0000    	 0.78769230E-02	 0.10220412E-02
  1277.0000    	  1278.0000    	 0.65037478E-02	 0.94872432E-03
  1278.0000    	  1279.0000    	 0.69802666E-02	 0.86910107E-03
  1279.0000    	  1280.0000    	 0.70019001E-02	 0.90817015E-03
  1280.0000    	  1281.0000    	 0.62757201E-02	 0.81664434E-03
  1281.0000    	  1282.0000    	 0.41753157E-02	 0.74314068E-03
  1282.0000    	  1283.0000    	 0.46225124E-02	 0.66643855E-03
  1283.0000    	  1284.0000    	 0.47190049E-02	 0.61749879E-03
  1284.0000    	  1285.0000    	 0.28926407E-02	 0.50768125E-03
  1285.0000    	  1286.0000    	 0.20405694E-02	 0.46073691E-03
  1286.0000    	  1287.0000    	 0.15314471E-02	 0.31532795E-03
  1287.0000    	  1288.0000    	 0.51931590E-02	 0.10316703E-02
  1288.0000    	  1289.0000    	 0.60004267E-02	 0.96652200E-03
  1289.0000    	  1290.0000    	 0.75023564E-02	 0.83744024E-03
  1290.0000    	  1291.0000    	 0.55870822E-02	 0.79649663E-03
  1291.0000    	  1292.0000    	 0.61782994E-02	 0.71992239E-03
  1292.0000    	  1293.0000    	 0.45660354E-02	 0.65803634E-03
  1293.0000    	  1294.0000    	 0.49392358E-02	 0.61833538E-03
  1294.0000    	  1295.0000    	 0.34308707E-02	 0.61622594E-03
  1295.0000    	  1296.0000    	 0.20889045E-02	 0.52299980E-03
  1296.0000    	  1297.0000    	 0.23457511E-02	 0.39928240E-03
  1297.0000    	  1298.0000    	 0.12416995E-02	 0.31893884E-03
  1298.0000    	  1299.0000    	 0.67469755E-02	 0.10168275E-02
  1299.0000    	  1300.0000    	 0.69836901E-02	 0.95092240E-03
  1300.0000    	  1301.0000    	 0.53479734E-02	 0.88855840E-03
  1301.0000    	  1302.0000    	 0.68515728E-02	 0.89414626E-03
  1302.0000    	  1303.0000    	 0.39955433E-02	 0.87159241E-03
  1303.0000    	  1304.0000    	 0.66130713E-02	 0.75891612E-03
  1304.0000    	  1305.0000    	 0.48157857E-02	 0.63331988E-03
  1305.0000    	  1306.0000    	 0.31486764E-02	 0.53862039E-03
  1306.0000    	  1307.0000    	 0.22031969E-02	 0.47988205E-03
  1307.0000    	  1308.0000    	 0.19224846E-02	 0.38690538E-03
  1308.0000    	  1309.0000    	 0.96513274E-03	 0.31247735E-03
  1309.0000    	  1310.0000    	 0.61136709E-02	 0.86874946E-03
  1310.0000    	  1311.0000    	 0.53439542E-02	 0.84099681E-03
  1311.0000    	  1312.0000    	 0.59996621E-02	 0.88915458E-03
  1312.0000    	  1313.0000    	 0.51989615E-02	 0.93925189E-03
  1313.0000    	  1314.0000    	 0.54958517E-02	 0.74768926E-03
  1314.0000    	  1315.0000    	 0.35810533E-02	 0.67914772E-03
  1315.0000    	  1316.0000    	 0.37953644E-02	 0.57221267E-03
  1316.0000    	  1317.0000    	 0.22495280E-02	 0.52091688E-03
  1317.0000    	  1318.0000    	 0.25883042E-02	 0.45558818E-03
  1318.0000    	  1319.0000    	 0.25304010E-02	 0.35569766E-03
  1319.0000    	  1320.0000    	 0.15513108E-02	 0.31101796E-03
  1320.0000    	  1321.0000    	 0.76226300E-02	 0.69036443E-03
  1321.0000    	  1322.0000    	 0.48386223E-02	 0.82975497E-03
  1322.0000    	  1323.0000    	 0.64173241E-02	 0.74154563E-03
  1323.0000    	  1324.0000    	 0.51693143E-02	 0.85865597E-03
  1324.0000    	  1325.0000    	 0.50313096E-02	 0.85828567E-03
  1325.0000    	  1326.0000    	 0.47112919E-02	 0.72106857E-03
  1326.0000    	  1327.0000    	 0.47077193E-02	 0.60337451E-03
  1327.0000    	  1328.0000    	 0.38682353E-02	 0.57755190E-03
  1328.0000    	  1329.0000    	 0.28865238E-02	 0.44296994E-03
  1329.0000    	  1330.0000    	 0.13518107E-02	 0.39553207E-03
  1330.0000    	  1331.0000    	 0.16164954E-02	 0.32552603E-03
  1331.0000    	  1332.0000    	 0.60096141E-02	 0.69568382E-03
  1332.0000    	  1333.0000    	 0.44802971E-02	 0.91806892E-03
  1333.0000    	  1334.0000    	 0.75787777E-02	 0.81207416E-03
  1334.0000    	  1335.0000    	 0.47849930E-02	 0.86442685E-03
  1335.0000    	  1336.0000    	 0.42336612E-02	 0.74619622E-03
  1336.0000    	  1337.0000    	 0.37421566E-02	 0.61063886E-03
  1337.0000    	  1338.0000    	 0.37420608E-02	 0.61563256E-03
  1338.0000    	  1339.0000    	 0.44049440E-02	 0.55398539E-03
  1339.0000    	  1340.0000    	 0.18478650E-02	 0.46903011E-03
  1340.0000    	  1341.0000    	 0.15892239E-02	 0.45879415E-03
  1341.0000    	  1342.0000    	 0.17387576E-02	 0.32598651E-03
  1342.0000    	  1343.0000    	 0.74805805E-02	 0.80291500E-03
  1343.0000    	  1344.0000    	 0.47864435E-02	 0.89521491E-03
  1344.0000    	  1345.0000    	 0.34559984E-02	 0.84015695E-03
  1345.0000    	  1346.0000    	 0.56958458E-02	 0.82805350E-03
  1346.0000    	  1347.0000    	 0.46998777E-02	 0.69055753E-03
  1347.0000    	  1348.0000    	 0.44571829E-02	 0.72616699E-03
  1348.0000    	  1349.0000    	 0.43100259E-02	 0.57004014E-03
  1349.0000    	  1350.0000    	 0.26751399E-02	 0.51253389E-03
  1350.0000    	  1351.0000    	 0.22485141E-02	 0.48128301E-03
  1351.0000    	  1352.0000    	 0.19724592E-02	 0.34182070E-03
  1352.0000    	  1353.0000    	 0.10848053E-02	 0.29270929E-03
  1353.0000    	  1354.0000    	 0.38294581E-02	 0.83498356E-03
  1354.0000    	  1355.0000    	 0.57122984E-02	 0.81478683E-03
  1355.0000    	  1356.0000    	 0.68693592E-02	 0.78034035E-03
  1356.0000    	  1357.0000    	 0.54041528E-02	 0.81610150E-03
  1357.0000    	  1358.0000    	 0.43599510E-02	 0.68308407E-03
  1358.0000    	  1359.0000    	 0.52734334E-02	 0.68510851E-03
  1359.0000    	  1360.0000    	 0.24716463E-02	 0.60690605E-03
  1360.0000    	  1361.0000    	 0.41381666E-02	 0.50955373E-03
  1361.0000    	  1362.0000    	 0.19353477E-02	 0.40591712E-03
  1362.0000    	  1363.0000    	 0.17237351E-02	 0.31264026E-03
  1363.0000    	  1364.0000    	 0.15245102E-02	 0.28942499E-03
  1364.0000    	  1365.0000    	 0.57436251E-02	 0.98872352E-03
  1365.0000    	  1366.0000    	 0.60802467E-02	 0.68538735E-03
  1366.0000    	  1367.0000    	 0.45271202E-02	 0.88482748E-03
  1367.0000    	  1368.0000    	 0.48721455E-02	 0.76069325E-03
  1368.0000    	  1369.0000    	 0.50383319E-02	 0.64363490E-03
  1369.0000    	  1370.0000    	 0.42082753E-02	 0.69125359E-03
  1370.0000    	  1371.0000    	 0.35043610E-02	 0.62266637E-03
  1371.0000    	  1372.0000    	 0.34625672E-02	 0.48363445E-03
  1372.0000    	  1373.0000    	 0.22811831E-02	 0.44864315E-03
  1373.0000    	  1374.0000    	 0.21123339E-02	 0.18383294E-03
  1374.0000    	  1375.0000    	 0.14643013E-02	 0.18036193E-03
  1375.0000    	  1376.0000    	 0.47754172E-02	 0.82842542E-03
  1376.0000    	  1377.0000    	 0.54114537E-02	 0.81654616E-03
  1377.0000    	  1378.0000    	 0.48530532E-02	 0.86249958E-03
  1378.0000    	  1379.0000    	 0.43275920E-02	 0.63801269E-03
  1379.0000    	  1380.0000    	 0.53797259E-02	 0.66170881E-03
  1380.0000    	  1381.0000    	 0.41093838E-02	 0.61119281E-03
  1381.0000    	  1382.0000    	 0.31814344E-02	 0.56411787E-03
  1382.0000    	  1383.0000    	 0.19600005E-02	 0.49967369E-03
  1383.0000    	  1384.0000    	 0.28678032E-02	 0.43024779E-03
  1384.0000    	  1385.0000    	 0.17185284E-02	 0.35054926E-03
  1385.0000    	  1386.0000    	 0.15255923E-02	 0.28718547E-03
  1386.0000    	  1387.0000    	 0.56300941E-02	 0.84653078E-03
  1387.0000    	  1388.0000    	 0.47596480E-02	 0.91963759E-03
  1388.0000    	  1389.0000    	 0.52649249E-02	 0.80348998E-03
  1389.0000    	  1390.0000    	 0.36039836E-02	 0.70369721E-03
  1390.0000    	  1391.0000    	 0.51639605E-02	 0.73656698E-03
  1391.0000    	  1392.0000    	 0.45878862E-02	 0.57753981E-03
  1392.0000    	  1393.0000    	 0.27439769E-02	 0.52738667E-03
  1393.0000    	  1394.0000    	 0.33546421E-02	 0.49691583E-03
  1394.0000    	  1395.0000    	 0.30343316E-02	 0.47527420E-03
  1395.0000    	  1396.0000    	 0.24000550E-02	 0.30842189E-03
  1396.0000    	  1397.0000    	 0.75673111E-03	 0.25929672E-03
  1397.0000    	  1398.0000    	 0.49340787E-02	 0.73982804E-03
  1398.0000    	  1399.0000    	 0.57692609E-02	 0.83071310E-03
  1399.0000    	  1400.0000    	 0.52231101E-02	 0.70893013E-03
  1400.0000    	  1401.0000    	 0.40751187E-02	 0.65609230E-03
  1401.0000    	  1402.0000    	 0.45792091E-02	 0.63240054E-03
  1402.0000    	  1403.0000    	 0.48723339E-02	 0.63336559E-03
  1403.0000    	  1404.0000    	 0.31087555E-02	 0.56126838E-03
  1404.0000    	  1405.0000    	 0.32697162E-02	 0.55559769E-03
  1405.0000    	  1406.0000    	 0.21843321E-02	 0.40372612E-03
  1406.0000    	  1407.0000    	 0.15899695E-02	 0.39315713E-03
  1407.0000    	  1408.0000    	 0.14453224E-02	 0.33103677E-03
  1408.0000    	  1409.0000    	 0.54931771E-02	 0.82253753E-03
  1409.0000    	  1410.0000    	 0.45082998E-02	 0.72545711E-03
  1410.0000    	  1411.0000    	 0.49431896E-02	 0.71648971E-03
  1411.0000    	  1412.0000    	 0.59868243E-02	 0.78220973E-03
  1412.0000    	  1413.0000    	 0.42734008E-02	 0.71806658E-03
  1413.0000    	  1414.0000    	 0.33541702E-02	 0.58042113E-03
  1414.0000    	  1415.0000    	 0.37198124E-02	 0.57021381E-03
  1415.0000    	  1416.0000    	 0.32890913E-02	 0.46533917E-03
  1416.0000    	  1417.0000    	 0.25905473E-02	 0.41545805E-03
  1417.0000    	  1418.0000    	 0.16725672E-02	 0.35019726E-03
  1418.0000    	  1419.0000    	 0.97158431E-03	 0.25934044E-03
  1419.0000    	  1420.0000    	 0.50853227E-02	 0.89831481E-03
  1420.0000    	  1421.0000    	 0.49510129E-02	 0.75234196E-03
  1421.0000    	  1422.0000    	 0.54704074E-02	 0.65189186E-03
  1422.0000    	  1423.0000    	 0.40619739E-02	 0.64855860E-03
  1423.0000    	  1424.0000    	 0.40754247E-02	 0.75819947E-03
  1424.0000    	  1425.0000    	 0.28728398E-02	 0.53020184E-03
  1425.0000    	  1426.0000    	 0.48176765E-02	 0.54535807E-03
  1426.0000    	  1427.0000    	 0.20271246E-02	 0.55029257E-03
  1427.0000    	  1428.0000    	 0.25517958E-02	 0.42117215E-03
  1428.0000    	  1429.0000    	 0.16547436E-02	 0.32574794E-03
  1429.0000    	  1430.0000    	 0.37566074E-03	 0.30382097E-03
  1430.0000    	  1431.0000    	 0.47112927E-02	 0.83554959E-03
  1431.0000    	  1432.0000    	 0.38698170E-02	 0.75384308E-03
  1432.0000    	  1433.0000    	 0.44821195E-02	 0.77472124E-03
  1433.0000    	  1434.0000    	 0.47225295E-02	 0.73110524E-03
  1434.0000    	  1435.0000    	 0.46050555E-02	 0.70004962E-03
  1435.0000    	  1436.0000    	 0.37402945E-02	 0.71439661E-03
  1436.0000    	  1437.0000    	 0.24114877E-02	 0.48289117E-03
  1437.0000    	  1438.0000    	 0.29132750E-02	 0.43438838E-03
  1438.0000    	  1439.0000    	 0.16459367E-02	 0.41196458E-03
  1439.0000    	  1440.0000    	 0.15989821E-02	 0.32080126E-03
  1440.0000    	  1441.0000    	 0.87755846E-03	 0.27805907E-03
  1441.0000    	  1442.0000    	 0.62490084E-02	 0.75055913E-03
  1442.0000    	  1443.0000    	 0.44110117E-02	 0.80531106E-03
  1443.0000    	  1444.0000    	 0.45126961E-02	 0.77142583E-03
  1444.0000    	  1445.0000    	 0.59892556E-02	 0.74717483E-03
  1445.0000    	  1446.0000    	 0.36015615E-02	 0.63492962E-03
  1446.0000    	  1447.0000    	 0.44388127E-02	 0.36603743E-03
  1447.0000    	  1448.0000    	 0.39679228E-02	 0.50433054E-03
  1448.0000    	  1449.0000    	 0.19023904E-02	 0.54226351E-03
  1449.0000    	  1450.0000    	 0.25634298E-02	 0.40157278E-03
  1450.0000    	  1451.0000    	 0.19179712E-02	 0.31133330E-03
  1451.0000    	  1452.0000    	 0.88248150E-03	 0.26759524E-03
  1452.0000    	  1453.0000    	 0.42020742E-02	 0.95764564E-03
  1453.0000    	  1454.0000    	 0.52340721E-02	 0.76587387E-03
  1454.0000    	  1455.0000    	 0.50160506E-02	 0.68414070E-03
  1455.0000    	  1456.0000    	 0.30407058E-02	 0.71235953E-03
  1456.0000    	  1457.0000    	 0.33725196E-02	 0.63149510E-03
  1457.0000    	  1458.0000    	 0.44584568E-02	 0.61816602E-03
  1458.0000    	  1459.0000    	 0.19289873E-02	 0.58977672E-03
  1459.0000    	  1460.0000    	 0.36564571E-02	 0.47739063E-03
  1460.0000    	  1461.0000    	 0.16050407E-02	 0.43086778E-03
  1461.0000    	  1462.0000    	 0.10432225E-02	 0.32459758E-03
  1462.0000    	  1463.0000    	 0.15771129E-02	 0.28895206E-03
  1463.0000    	  1464.0000    	 0.26802273E-02	 0.92750987E-03
  1464.0000    	  1465.0000    	 0.49971405E-02	 0.63840739E-03
  1465.0000    	  1466.0000    	 0.55616149E-02	 0.67900852E-03
  1466.0000    	  1467.0000    	 0.37465048E-02	 0.66335093E-03
  1467.0000    	  1468.0000    	 0.46492692E-02	 0.52363345E-03
  1468.0000    	  1469.0000    	 0.33584307E-02	 0.48430202E-03
  1469.0000    	  1470.0000    	 0.37649437E-02	 0.49789264E-03
  1470.0000    	  1471.0000    	 0.28829550E-02	 0.41570614E-03
  1471.0000    	  1472.0000    	 0.18330614E-02	 0.35998227E-03
  1472.0000    	  1473.0000    	 0.13856831E-02	 0.31041089E-03
  1473.0000    	  1474.0000    	 0.28046171E-03	 0.25654665E-03
  1474.0000    	  1475.0000    	 0.46394398E-02	 0.71186439E-03
  1475.0000    	  1476.0000    	 0.39525466E-02	 0.72925227E-03
  1476.0000    	  1477.0000    	 0.35930374E-02	 0.71555591E-03
  1477.0000    	  1478.0000    	 0.45105795E-02	 0.59916366E-03
  1478.0000    	  1479.0000    	 0.33177649E-02	 0.60516807E-03
  1479.0000    	  1480.0000    	 0.31548333E-02	 0.50725347E-03
  1480.0000    	  1481.0000    	 0.23839581E-02	 0.42493771E-03
  1481.0000    	  1482.0000    	 0.20003798E-02	 0.42795807E-03
  1482.0000    	  1483.0000    	 0.22551126E-02	 0.38899831E-03
  1483.0000    	  1484.0000    	 0.13704818E-02	 0.33314875E-03
  1484.0000    	  1485.0000    	 0.62024544E-03	 0.19309967E-03
  1485.0000    	  1486.0000    	 0.37759663E-02	 0.72743816E-03
  1486.0000    	  1487.0000    	 0.47438492E-02	 0.68215946E-03
  1487.0000    	  1488.0000    	 0.42735871E-02	 0.64107320E-03
  1488.0000    	  1489.0000    	 0.53976315E-02	 0.69522339E-03
  1489.0000    	  1490.0000    	 0.48826624E-02	 0.55173785E-03
  1490.0000    	  1491.0000    	 0.38541828E-02	 0.49596792E-03
  1491.0000    	  1492.0000    	 0.34418296E-02	 0.54822725E-03
  1492.0000    	  1493.0000    	 0.25743370E-02	 0.44778229E-03
  1493.0000    	  1494.0000    	 0.19213230E-02	 0.35699664E-03
  1494.0000    	  1495.0000    	 0.11742745E-02	 0.33421761E-03
  1495.0000    	  1496.0000    	 0.93483763E-03	 0.25244766E-03
  1496.0000    	  1497.0000    	 0.46517697E-02	 0.80998562E-03
  1497.0000    	  1498.0000    	 0.58736959E-02	 0.70118224E-03
  1498.0000    	  1499.0000    	 0.36577185E-02	 0.73647942E-03
  1499.0000    	  1500.0000    	 0.31104734E-02	 0.81021303E-03
  1500.0000    	  1501.0000    	 0.45249851E-02	 0.64486273E-03
  1501.0000    	  1502.0000    	 0.29781657E-02	 0.57239391E-03
  1502.0000    	  1503.0000    	 0.35470377E-02	 0.54915499E-03
  1503.0000    	  1504.0000    	 0.25030384E-02	 0.41083229E-03
  1504.0000    	  1505.0000    	 0.16958168E-02	 0.40904922E-03
  1505.0000    	  1506.0000    	 0.19347762E-02	 0.34177499E-03
  1506.0000    	  1507.0000    	 0.10853110E-02	 0.20717853E-03
  1507.0000    	  1508.0000    	 0.50461991E-02	 0.71165622E-03
  1508.0000    	  1509.0000    	 0.43832506E-02	 0.70857541E-03
  1509.0000    	  1510.0000    	 0.41590787E-02	 0.70655096E-03
  1510.0000    	  1511.0000    	 0.44285502E-02	 0.69792401E-03
  1511.0000    	  1512.0000    	 0.25649033E-02	 0.61699548E-03
  1512.0000    	  1513.0000    	 0.33218813E-02	 0.48489999E-03
  1513.0000    	  1514.0000    	 0.26124414E-02	 0.46568171E-03
  1514.0000    	  1515.0000    	 0.24388979E-02	 0.38628549E-03
  1515.0000    	  1516.0000    	 0.18678509E-02	 0.40089849E-03
  1516.0000    	  1517.0000    	 0.17063027E-02	 0.30275465E-03
  1517.0000    	  1518.0000    	 0.72217763E-03	 0.19146328E-03
  1518.0000    	  1519.0000    	 0.50939091E-02	 0.59620707E-03
  1519.0000    	  1520.0000    	 0.38314747E-02	 0.65048142E-03
  1520.0000    	  1521.0000    	 0.35100662E-02	 0.69581593E-03
  1521.0000    	  1522.0000    	 0.40019223E-02	 0.62818515E-03
  1522.0000    	  1523.0000    	 0.40899908E-02	 0.57255047E-03
  1523.0000    	  1524.0000    	 0.27030345E-02	 0.51484940E-03
  1524.0000    	  1525.0000    	 0.38125860E-02	 0.48499685E-03
  1525.0000    	  1526.0000    	 0.13952108E-02	 0.44755422E-03
  1526.0000    	  1527.0000    	 0.16016115E-02	 0.33543986E-03
  1527.0000    	  1528.0000    	 0.11576315E-02	 0.25140155E-03
  1528.0000    	  1529.0000    	 0.10106256E-02	 0.18500126E-03
  1529.0000    	  1530.0000    	 0.41501243E-02	 0.71465506E-03
  1530.0000    	  1531.0000    	 0.47840759E-02	 0.71240904E-03
  1531.0000    	  1532.0000    	 0.43713789E-02	 0.66663056E-03
  1532.0000    	  1533.0000    	 0.39334793E-02	 0.58012097E-03
  1533.0000    	  1534.0000    	 0.41908806E-02	 0.50021628E-03
  1534.0000    	  1535.0000    	 0.40518313E-02	 0.54247721E-03
  1535.0000    	  1536.0000    	 0.31780167E-02	 0.47143899E-03
  1536.0000    	  1537.0000    	 0.25955219E-02	 0.44383047E-03
  1537.0000    	  1538.0000    	 0.19181808E-02	 0.35792255E-03
  1538.0000    	  1539.0000    	 0.15002527E-02	 0.29476855E-03
  1539.0000    	  1540.0000    	 0.11841307E-02	 0.22585123E-03
  1540.0000    	  1541.0000    	 0.35794690E-02	 0.66339868E-03
  1541.0000    	  1542.0000    	 0.53898252E-02	 0.64864409E-03
  1542.0000    	  1543.0000    	 0.40640058E-02	 0.60090032E-03
  1543.0000    	  1544.0000    	 0.40146969E-02	 0.57679185E-03
  1544.0000    	  1545.0000    	 0.39230687E-02	 0.54290568E-03
  1545.0000    	  1546.0000    	 0.29014410E-02	 0.53693096E-03
  1546.0000    	  1547.0000    	 0.28865097E-02	 0.48864364E-03
  1547.0000    	  1548.0000    	 0.20036506E-02	 0.35065651E-03
  1548.0000    	  1549.0000    	 0.16726961E-02	 0.34554670E-03
  1549.0000    	  1550.0000    	 0.96187304E-03	 0.25430095E-03
  1550.0000    	  1551.0000    	 0.71580797E-03	 0.22648162E-03
  1551.0000    	  1552.0000    	 0.48690509E-02	 0.40199270E-03
  1552.0000    	  1553.0000    	 0.43318503E-02	 0.59037861E-03
  1553.0000    	  1554.0000    	 0.40418081E-02	 0.58482281E-03
  1554.0000    	  1555.0000    	 0.32645260E-02	 0.62189171E-03
  1555.0000    	  1556.0000    	 0.36820779E-02	 0.55729169E-03
  1556.0000    	  1557.0000    	 0.32948828E-02	 0.44539351E-03
  1557.0000    	  1558.0000    	 0.25912114E-02	 0.53214301E-03
  1558.0000    	  1559.0000    	 0.20144979E-02	 0.38957137E-03
  1559.0000    	  1560.0000    	 0.16013511E-02	 0.34102139E-03
  1560.0000    	  1561.0000    	 0.15174609E-02	 0.25076173E-03
  1561.0000    	  1562.0000    	 0.25119566E-03	 0.24301151E-03
  1562.0000    	  1563.0000    	 0.27124631E-02	 0.61433608E-03
  1563.0000    	  1564.0000    	 0.35555643E-02	 0.63869881E-03
  1564.0000    	  1565.0000    	 0.37475879E-02	 0.57074354E-03
  1565.0000    	  1566.0000    	 0.34986330E-02	 0.59526430E-03
  1566.0000    	  1567.0000    	 0.27049031E-02	 0.64468171E-03
  1567.0000    	  1568.0000    	 0.31940344E-02	 0.53383533E-03
  1568.0000    	  1569.0000    	 0.26584649E-02	 0.45335580E-03
  1569.0000    	  1570.0000    	 0.20928863E-02	 0.41264326E-03
  1570.0000    	  1571.0000    	 0.14209697E-02	 0.32800829E-03
  1571.0000    	  1572.0000    	 0.10858545E-02	 0.27671869E-03
  1572.0000    	  1573.0000    	 0.88604328E-03	 0.24094932E-03
  1573.0000    	  1574.0000    	 0.45131671E-02	 0.64377467E-03
  1574.0000    	  1575.0000    	 0.44144375E-02	 0.58618826E-03
  1575.0000    	  1576.0000    	 0.54813698E-02	 0.61850324E-03
  1576.0000    	  1577.0000    	 0.44174890E-02	 0.63816431E-03
  1577.0000    	  1578.0000    	 0.32645780E-02	 0.55868834E-03
  1578.0000    	  1579.0000    	 0.21522990E-02	 0.55752880E-03
  1579.0000    	  1580.0000    	 0.21331378E-02	 0.46943172E-03
  1580.0000    	  1581.0000    	 0.22099804E-02	 0.35410282E-03
  1581.0000    	  1582.0000    	 0.14231085E-02	 0.33161810E-03
  1582.0000    	  1583.0000    	 0.16123216E-02	 0.26381696E-03
  1583.0000    	  1584.0000    	 0.71154466E-03	 0.16004983E-03
  1584.0000    	  1585.0000    	 0.37292152E-02	 0.57701127E-03
  1585.0000    	  1586.0000    	 0.35170921E-02	 0.70155469E-03
  1586.0000    	  1587.0000    	 0.42751657E-02	 0.62601533E-03
  1587.0000    	  1588.0000    	 0.38849694E-02	 0.61405239E-03
  1588.0000    	  1589.0000    	 0.24780513E-02	 0.57006071E-03
  1589.0000    	  1590.0000    	 0.22669825E-02	 0.54609035E-03
  1590.0000    	  1591.0000    	 0.25118988E-02	 0.46108458E-03
  1591.0000    	  1592.0000    	 0.14780024E-02	 0.37585197E-03
  1592.0000    	  1593.0000    	 0.15369103E-02	 0.29169532E-03
  1593.0000    	  1594.0000    	 0.17080873E-02	 0.26384809E-03
  1594.0000    	  1595.0000    	 0.53952466E-03	 0.21076843E-03
  1595.0000    	  1596.0000    	 0.38044904E-02	 0.73721678E-03
  1596.0000    	  1597.0000    	 0.35716087E-02	 0.64460014E-03
  1597.0000    	  1598.0000    	 0.22659932E-02	 0.68059255E-03
  1598.0000    	  1599.0000    	 0.30001322E-02	 0.60858840E-03
  1599.0000    	  1600.0000    	 0.30273726E-02	 0.51141418E-03
  1600.0000    	  1601.0000    	 0.28162826E-02	 0.52751250E-03
  1601.0000    	  1602.0000    	 0.27484810E-02	 0.44830201E-03
  1602.0000    	  1603.0000    	 0.23425880E-02	 0.33569735E-03
  1603.0000    	  1604.0000    	 0.19048029E-02	 0.34025438E-03
  1604.0000    	  1605.0000    	 0.13401298E-02	 0.19097474E-03
  1605.0000    	  1606.0000    	 0.92634437E-03	 0.21536226E-03
  1606.0000    	  1607.0000    	 0.32404951E-02	 0.66997000E-03
  1607.0000    	  1608.0000    	 0.41163435E-02	 0.63167753E-03
  1608.0000    	  1609.0000    	 0.38769876E-02	 0.53858221E-03
  1609.0000    	  1610.0000    	 0.39136057E-02	 0.57174531E-03
  1610.0000    	  1611.0000    	 0.33255996E-02	 0.46970253E-03
  1611.0000    	  1612.0000    	 0.29591019E-02	 0.45126294E-03
  1612.0000    	  1613.0000    	 0.29559154E-02	 0.46570738E-03
  1613.0000    	  1614.0000    	 0.14349765E-02	 0.33167239E-03
  1614.0000    	  1615.0000    	 0.11768080E-02	 0.31242255E-03
  1615.0000    	  1616.0000    	 0.12462188E-02	 0.20703183E-03
  1616.0000    	  1617.0000    	 0.72335902E-03	 0.21349359E-03
  1617.0000    	  1618.0000    	 0.35799139E-02	 0.62360539E-03
  1618.0000    	  1619.0000    	 0.39959089E-02	 0.62549942E-03
  1619.0000    	  1620.0000    	 0.33304804E-02	 0.60224947E-03
  1620.0000    	  1621.0000    	 0.37206129E-02	 0.54286308E-03
  1621.0000    	  1622.0000    	 0.19874983E-02	 0.51097460E-03
  1622.0000    	  1623.0000    	 0.32162266E-02	 0.43708071E-03
  1623.0000    	  1624.0000    	 0.22381679E-02	 0.44607055E-03
  1624.0000    	  1625.0000    	 0.21905971E-02	 0.40007912E-03
  1625.0000    	  1626.0000    	 0.16666744E-02	 0.37976818E-03
  1626.0000    	  1627.0000    	 0.15047042E-02	 0.27262582E-03
  1627.0000    	  1628.0000    	 0.38722871E-03	 0.23380941E-03
  1628.0000    	  1629.0000    	 0.42058387E-02	 0.75306882E-03
  1629.0000    	  1630.0000    	 0.35913508E-02	 0.70965005E-03
  1630.0000    	  1631.0000    	 0.32666518E-02	 0.56208358E-03
  1631.0000    	  1632.0000    	 0.22426009E-02	 0.59696395E-03
  1632.0000    	  1633.0000    	 0.21597525E-02	 0.55450416E-03
  1633.0000    	  1634.0000    	 0.27180899E-02	 0.44828881E-03
  1634.0000    	  1635.0000    	 0.16411694E-02	 0.41479260E-03
  1635.0000    	  1636.0000    	 0.12813383E-02	 0.41589138E-03
  1636.0000    	  1637.0000    	 0.13633290E-02	 0.32297890E-03
  1637.0000    	  1638.0000    	 0.83001102E-03	 0.25800543E-03
  1638.0000    	  1639.0000    	 0.65190667E-03	 0.16961429E-03
  1639.0000    	  1640.0000    	 0.32912761E-02	 0.67088726E-03
  1640.0000    	  1641.0000    	 0.42701174E-02	 0.61844718E-03
  1641.0000    	  1642.0000    	 0.43066234E-02	 0.61273307E-03
  1642.0000    	  1643.0000    	 0.35716647E-02	 0.52194218E-03
  1643.0000    	  1644.0000    	 0.24866020E-02	 0.51941372E-03
  1644.0000    	  1645.0000    	 0.35100458E-02	 0.44522995E-03
  1645.0000    	  1646.0000    	 0.27141261E-02	 0.49742960E-03
  1646.0000    	  1647.0000    	 0.18665884E-02	 0.31781958E-03
  1647.0000    	  1648.0000    	 0.15163753E-02	 0.28273938E-03
  1648.0000    	  1649.0000    	 0.85866684E-03	 0.24270242E-03
  1649.0000    	  1650.0000    	 0.83306109E-03	 0.16374878E-03
  1650.0000    	  1651.0000    	 0.28273400E-02	 0.55041516E-03
  1651.0000    	  1652.0000    	 0.29375222E-02	 0.61933299E-03
  1652.0000    	  1653.0000    	 0.25329070E-02	 0.58715925E-03
  1653.0000    	  1654.0000    	 0.36614350E-02	 0.35710274E-03
  1654.0000    	  1655.0000    	 0.32865288E-02	 0.49965001E-03
  1655.0000    	  1656.0000    	 0.31159874E-02	 0.45103341E-03
  1656.0000    	  1657.0000    	 0.20946469E-02	 0.44024274E-03
  1657.0000    	  1658.0000    	 0.23170454E-02	 0.35468759E-03
  1658.0000    	  1659.0000    	 0.14849070E-02	 0.29215499E-03
  1659.0000    	  1660.0000    	 0.14043397E-02	 0.24432174E-03
  1660.0000    	  1661.0000    	 0.53739711E-03	 0.20509057E-03
  1661.0000    	  1662.0000    	 0.39549829E-02	 0.61798605E-03
  1662.0000    	  1663.0000    	 0.27165272E-02	 0.54469061E-03
  1663.0000    	  1664.0000    	 0.28377553E-02	 0.49488190E-03
  1664.0000    	  1665.0000    	 0.28273795E-02	 0.56499355E-03
  1665.0000    	  1666.0000    	 0.26994513E-02	 0.52256365E-03
  1666.0000    	  1667.0000    	 0.18174301E-02	 0.46914790E-03
  1667.0000    	  1668.0000    	 0.17774145E-02	 0.37855285E-03
  1668.0000    	  1669.0000    	 0.22606304E-02	 0.36547295E-03
  1669.0000    	  1670.0000    	 0.17537491E-02	 0.27004788E-03
  1670.0000    	  1671.0000    	 0.59016039E-03	 0.23117752E-03
  1671.0000    	  1672.0000    	 0.47700535E-03	 0.17442768E-03
  1672.0000    	  1673.0000    	 0.39736511E-02	 0.53434970E-03
  1673.0000    	  1674.0000    	 0.40052055E-02	 0.63642681E-03
  1674.0000    	  1675.0000    	 0.28964258E-02	 0.62873896E-03
  1675.0000    	  1676.0000    	 0.26635043E-02	 0.48499117E-03
  1676.0000    	  1677.0000    	 0.36475130E-02	 0.53645468E-03
  1677.0000    	  1678.0000    	 0.26200660E-02	 0.44308617E-03
  1678.0000    	  1679.0000    	 0.26767872E-02	 0.38958242E-03
  1679.0000    	  1680.0000    	 0.11989305E-02	 0.33378717E-03
  1680.0000    	  1681.0000    	 0.17287457E-02	 0.36435660E-03
  1681.0000    	  1682.0000    	 0.92488011E-03	 0.20593868E-03
  1682.0000    	  1683.0000    	 0.37505595E-04	 0.17785460E-03
  1683.0000    	  1684.0000    	 0.33466841E-02	 0.57264526E-03
  1684.0000    	  1685.0000    	 0.27875576E-02	 0.49594297E-03
  1685.0000    	  1686.0000    	 0.32301052E-02	 0.55370279E-03
  1686.0000    	  1687.0000    	 0.30881383E-02	 0.43506557E-03
  1687.0000    	  1688.0000    	 0.30151538E-02	 0.49217213E-03
  1688.0000    	  1689.0000    	 0.21077467E-02	 0.42382999E-03
  1689.0000    	  1690.0000    	 0.21670702E-02	 0.37668072E-03
  1690.0000    	  1691.0000    	 0.20183617E-02	 0.33006915E-03
  1691.0000    	  1692.0000    	 0.12307212E-02	 0.30032546E-03
  1692.0000    	  1693.0000    	 0.12573450E-02	 0.23922029E-03
  1693.0000    	  1694.0000    	 0.10204521E-02	 0.18529027E-03
  1694.0000    	  1695.0000    	 0.31173316E-02	 0.52444748E-03
  1695.0000    	  1696.0000    	 0.26885986E-02	 0.56907321E-03
  1696.0000    	  1697.0000    	 0.31117667E-02	 0.56336474E-03
  1697.0000    	  1698.0000    	 0.31939977E-02	 0.49623618E-03
  1698.0000    	  1699.0000    	 0.22078886E-02	 0.47440920E-03
  1699.0000    	  1700.0000    	 0.26506662E-02	 0.33385761E-03
  1700.0000    	  1701.0000    	 0.25810319E-02	 0.39212336E-03
  1701.0000    	  1702.0000    	 0.13927669E-02	 0.31000383E-03
  1702.0000    	  1703.0000    	 0.67948224E-03	 0.30859281E-03
  1703.0000    	  1704.0000    	 0.11076943E-02	 0.27333809E-03
  1704.0000    	  1705.0000    	 0.53803910E-03	 0.13200043E-03
  1705.0000    	  1706.0000    	 0.33434798E-02	 0.57380994E-03
  1706.0000    	  1707.0000    	 0.35285964E-02	 0.53779730E-03
  1707.0000    	  1708.0000    	 0.24906094E-02	 0.63186207E-03
  1708.0000    	  1709.0000    	 0.32747480E-02	 0.50994184E-03
  1709.0000    	  1710.0000    	 0.34842683E-02	 0.43944130E-03
  1710.0000    	  1711.0000    	 0.26398070E-02	 0.44234351E-03
  1711.0000    	  1712.0000    	 0.19188678E-02	 0.42907734E-03
  1712.0000    	  1713.0000    	 0.12311769E-02	 0.31974935E-03
  1713.0000    	  1714.0000    	 0.15841489E-02	 0.26928759E-03
  1714.0000    	  1715.0000    	 0.10772104E-02	 0.22485552E-03
  1715.0000    	  1716.0000    	 0.49945162E-03	 0.18299792E-03
  1716.0000    	  1717.0000    	 0.15102362E-02	 0.55994007E-03
  1717.0000    	  1718.0000    	 0.25923023E-02	 0.54275010E-03
  1718.0000    	  1719.0000    	 0.22177175E-02	 0.51745206E-03
  1719.0000    	  1720.0000    	 0.25786354E-02	 0.52165857E-03
  1720.0000    	  1721.0000    	 0.28100457E-02	 0.53520007E-03
  1721.0000    	  1722.0000    	 0.10940628E-02	 0.46811043E-03
  1722.0000    	  1723.0000    	 0.21584520E-02	 0.21137992E-03
  1723.0000    	  1724.0000    	 0.20797767E-02	 0.33417945E-03
  1724.0000    	  1725.0000    	 0.81694293E-03	 0.30666366E-03
  1725.0000    	  1726.0000    	 0.66389113E-03	 0.20211997E-03
  1726.0000    	  1727.0000    	 0.69541792E-03	 0.14793522E-03
  1727.0000    	  1728.0000    	 0.32912856E-02	 0.56635759E-03
  1728.0000    	  1729.0000    	 0.34039371E-02	 0.57458686E-03
  1729.0000    	  1730.0000    	 0.37073642E-02	 0.54080342E-03
  1730.0000    	  1731.0000    	 0.27005294E-02	 0.44547129E-03
  1731.0000    	  1732.0000    	 0.28024296E-02	 0.45837935E-03
  1732.0000    	  1733.0000    	 0.25149446E-02	 0.39370294E-03
  1733.0000    	  1734.0000    	 0.20815378E-02	 0.35835932E-03
  1734.0000    	  1735.0000    	 0.16419952E-02	 0.30889109E-03
  1735.0000    	  1736.0000    	 0.96608455E-03	 0.25907700E-03
  1736.0000    	  1737.0000    	 0.50860933E-03	 0.21224068E-03
  1737.0000    	  1738.0000    	 0.38727114E-03	 0.13325990E-03
  1738.0000    	  1739.0000    	 0.35498600E-02	 0.64251970E-03
  1739.0000    	  1740.0000    	 0.37788791E-02	 0.53543985E-03
  1740.0000    	  1741.0000    	 0.22810032E-02	 0.54842251E-03
  1741.0000    	  1742.0000    	 0.30556199E-02	 0.52719498E-03
  1742.0000    	  1743.0000    	 0.24667643E-02	 0.53352632E-03
  1743.0000    	  1744.0000    	 0.22262670E-02	 0.37170939E-03
  1744.0000    	  1745.0000    	 0.18499004E-02	 0.35795815E-03
  1745.0000    	  1746.0000    	 0.20220675E-02	 0.33859431E-03
  1746.0000    	  1747.0000    	 0.12947517E-02	 0.22111533E-03
  1747.0000    	  1748.0000    	 0.10797281E-02	 0.18823420E-03
  1748.0000    	  1749.0000    	 0.22070174E-03	 0.16136044E-03
  1749.0000    	  1750.0000    	 0.26636822E-02	 0.54617248E-03
  1750.0000    	  1751.0000    	 0.24462908E-02	 0.54129872E-03
  1751.0000    	  1752.0000    	 0.33671491E-02	 0.54422367E-03
  1752.0000    	  1753.0000    	 0.16113208E-02	 0.46118847E-03
  1753.0000    	  1754.0000    	 0.25898899E-02	 0.41408745E-03
  1754.0000    	  1755.0000    	 0.23984183E-02	 0.36248335E-03
  1755.0000    	  1756.0000    	 0.16369803E-02	 0.36538140E-03
  1756.0000    	  1757.0000    	 0.10678288E-02	 0.35324210E-03
  1757.0000    	  1758.0000    	 0.15270871E-02	 0.24842358E-03
  1758.0000    	  1759.0000    	 0.10639282E-02	 0.21056641E-03
  1759.0000    	  1760.0000    	 0.24357803E-03	 0.15165753E-03
  1760.0000    	  1761.0000    	 0.38859663E-02	 0.48433845E-03
  1761.0000    	  1762.0000    	 0.28817322E-02	 0.41496234E-03
  1762.0000    	  1763.0000    	 0.19386886E-02	 0.49929069E-03
  1763.0000    	  1764.0000    	 0.21542724E-02	 0.52135742E-03
  1764.0000    	  1765.0000    	 0.23385401E-02	 0.45113561E-03
  1765.0000    	  1766.0000    	 0.26732412E-02	 0.39285369E-03
  1766.0000    	  1767.0000    	 0.20080749E-02	 0.39407206E-03
  1767.0000    	  1768.0000    	 0.14435966E-02	 0.28642400E-03
  1768.0000    	  1769.0000    	 0.96550159E-03	 0.25364065E-03
  1769.0000    	  1770.0000    	 0.92742696E-03	 0.19696515E-03
  1770.0000    	  1771.0000    	 0.53105700E-03	 0.10955861E-03
  1771.0000    	  1772.0000    	 0.34627745E-02	 0.46446810E-03
  1772.0000    	  1773.0000    	 0.27999489E-02	 0.53248399E-03
  1773.0000    	  1774.0000    	 0.26219003E-02	 0.42632590E-03
  1774.0000    	  1775.0000    	 0.24417800E-02	 0.42483875E-03
  1775.0000    	  1776.0000    	 0.20915026E-02	 0.41844533E-03
  1776.0000    	  1777.0000    	 0.22446860E-02	 0.37632019E-03
  1777.0000    	  1778.0000    	 0.21714767E-02	 0.33587563E-03
  1778.0000    	  1779.0000    	 0.15563785E-02	 0.31275867E-03
  1779.0000    	  1780.0000    	 0.13661338E-02	 0.23498561E-03
  1780.0000    	  1781.0000    	 0.68540088E-03	 0.19290487E-03
  1781.0000    	  1782.0000    	 0.45636872E-03	 0.16365761E-03
  1782.0000    	  1783.0000    	 0.15737397E-02	 0.60495163E-03
  1783.0000    	  1784.0000    	 0.30317477E-02	 0.50167112E-03
  1784.0000    	  1785.0000    	 0.24108783E-02	 0.42425467E-03
  1785.0000    	  1786.0000    	 0.30270148E-02	 0.43883596E-03
  1786.0000    	  1787.0000    	 0.24045426E-02	 0.44272918E-03
  1787.0000    	  1788.0000    	 0.14879772E-02	 0.41155307E-03
  1788.0000    	  1789.0000    	 0.20341631E-02	 0.33251337E-03
  1789.0000    	  1790.0000    	 0.11263569E-02	 0.29953040E-03
  1790.0000    	  1791.0000    	 0.11842295E-02	 0.25804354E-03
  1791.0000    	  1792.0000    	 0.29072700E-03	 0.20937963E-03
  1792.0000    	  1793.0000    	 0.72489902E-03	 0.11688537E-03
  1793.0000    	  1794.0000    	 0.19673775E-02	 0.46418680E-03
  1794.0000    	  1795.0000    	 0.25679522E-02	 0.46368470E-03
  1795.0000    	  1796.0000    	 0.28970416E-02	 0.48279001E-03
  1796.0000    	  1797.0000    	 0.26329789E-02	 0.37989370E-03
  1797.0000    	  1798.0000    	 0.15086733E-02	 0.39437760E-03
  1798.0000    	  1799.0000    	 0.21676553E-02	 0.38492131E-03
  1799.0000    	  1800.0000    	 0.15201231E-02	 0.34972142E-03
  1800.0000    	  1801.0000    	 0.15216324E-02	 0.28102492E-03
  1801.0000    	  1802.0000    	 0.61318693E-03	 0.22439721E-03
  1802.0000    	  1803.0000    	 0.57016131E-03	 0.21102141E-03
  1803.0000    	  1804.0000    	 0.62105721E-03	 0.11501632E-03
  1804.0000    	  1805.0000    	 0.29697017E-02	 0.49997483E-03
  1805.0000    	  1806.0000    	 0.21991020E-02	 0.46746388E-03
  1806.0000    	  1807.0000    	 0.28553562E-02	 0.48834987E-03
  1807.0000    	  1808.0000    	 0.15944718E-02	 0.40842675E-03
  1808.0000    	  1809.0000    	 0.21127622E-02	 0.39700876E-03
  1809.0000    	  1810.0000    	 0.22132829E-02	 0.39339717E-03
  1810.0000    	  1811.0000    	 0.16091286E-02	 0.37741553E-03
  1811.0000    	  1812.0000    	 0.11835507E-02	 0.28733202E-03
  1812.0000    	  1813.0000    	 0.13544461E-02	 0.26636239E-03
  1813.0000    	  1814.0000    	 0.12623374E-02	 0.18362323E-03
  1814.0000    	  1815.0000    	 0.38175254E-03	 0.11667144E-03
  1815.0000    	  1816.0000    	-0.51885814E-03	 0.53095233E-03
  1816.0000    	  1817.0000    	 0.24612015E-02	 0.48164437E-03
  1817.0000    	  1818.0000    	 0.23315267E-02	 0.49307470E-03
  1818.0000    	  1819.0000    	 0.27247627E-02	 0.44517874E-03
  1819.0000    	  1820.0000    	 0.16116379E-02	 0.47299025E-03
  1820.0000    	  1821.0000    	 0.11905351E-02	 0.37822173E-03
  1821.0000    	  1822.0000    	 0.16493170E-02	 0.36214150E-03
  1822.0000    	  1823.0000    	 0.82038120E-03	 0.26604188E-03
  1823.0000    	  1824.0000    	 0.83684562E-03	 0.25044445E-03
  1824.0000    	  1825.0000    	 0.36618152E-03	 0.18519460E-03
  1825.0000    	  1826.0000    	 0.15877454E-03	 0.14843078E-03
  1826.0000    	  1827.0000    	 0.24867916E-02	 0.49740311E-03
  1827.0000    	  1828.0000    	 0.16788819E-02	 0.50012007E-03
  1828.0000    	  1829.0000    	 0.24488360E-02	 0.45817594E-03
  1829.0000    	  1830.0000    	 0.17528518E-02	 0.44132614E-03
  1830.0000    	  1831.0000    	 0.27397355E-02	 0.41251934E-03
  1831.0000    	  1832.0000    	 0.27981621E-02	 0.36983764E-03
  1832.0000    	  1833.0000    	 0.17666778E-02	 0.34399414E-03
  1833.0000    	  1834.0000    	 0.13113537E-02	 0.29114669E-03
  1834.0000    	  1835.0000    	 0.76764893E-03	 0.19958054E-03
  1835.0000    	  1836.0000    	 0.99668706E-03	 0.82138431E-04
  1836.0000    	  1837.0000    	 0.49886977E-03	 0.15741323E-03
  1837.0000    	  1838.0000    	 0.29123258E-02	 0.50886685E-03
  1838.0000    	  1839.0000    	 0.19480025E-02	 0.41980132E-03
  1839.0000    	  1840.0000    	 0.21274971E-02	 0.44912848E-03
  1840.0000    	  1841.0000    	 0.21555402E-02	 0.45627981E-03
  1841.0000    	  1842.0000    	 0.23812104E-02	 0.43172662E-03
  1842.0000    	  1843.0000    	 0.23557453E-02	 0.41164616E-03
  1843.0000    	  1844.0000    	 0.18861525E-02	 0.32060356E-03
  1844.0000    	  1845.0000    	 0.14115684E-02	 0.31377158E-03
  1845.0000    	  1846.0000    	 0.91043917E-03	 0.20477139E-03
  1846.0000    	  1847.0000    	 0.75477741E-03	 0.16816334E-03
  1847.0000    	  1848.0000    	 0.35122454E-03	 0.14258089E-03
  1848.0000    	  1849.0000    	 0.21166773E-02	 0.55513108E-03
  1849.0000    	  1850.0000    	 0.26251719E-02	 0.43761486E-03
  1850.0000    	  1851.0000    	 0.20955381E-02	 0.43094502E-03
  1851.0000    	  1852.0000    	 0.19932293E-02	 0.39932790E-03
  1852.0000    	  1853.0000    	 0.22447892E-02	 0.37058041E-03
  1853.0000    	  1854.0000    	 0.18331839E-02	 0.34526921E-03
  1854.0000    	  1855.0000    	 0.13165419E-02	 0.31215000E-03
  1855.0000    	  1856.0000    	 0.13862640E-02	 0.23997384E-03
  1856.0000    	  1857.0000    	 0.11816702E-02	 0.22474237E-03
  1857.0000    	  1858.0000    	 0.72251769E-03	 0.15726945E-03
  1858.0000    	  1859.0000    	 0.30190018E-03	 0.14683413E-03
  1859.0000    	  1860.0000    	 0.21987840E-02	 0.55078949E-03
  1860.0000    	  1861.0000    	 0.23185327E-02	 0.43863461E-03
  1861.0000    	  1862.0000    	 0.32374066E-02	 0.43388733E-03
  1862.0000    	  1863.0000    	 0.21041726E-02	 0.39397839E-03
  1863.0000    	  1864.0000    	 0.30079146E-02	 0.44522225E-03
  1864.0000    	  1865.0000    	 0.19449427E-02	 0.39195588E-03
  1865.0000    	  1866.0000    	 0.11274928E-02	 0.32154945E-03
  1866.0000    	  1867.0000    	 0.11532231E-02	 0.22017353E-03
  1867.0000    	  1868.0000    	 0.76551254E-03	 0.20597483E-03
  1868.0000    	  1869.0000    	 0.66163218E-03	 0.19050690E-03
  1869.0000    	  1870.0000    	 0.40978302E-03	 0.11913991E-03
  1870.0000    	  1871.0000    	 0.31132017E-02	 0.39816760E-03
  1871.0000    	  1872.0000    	 0.23817679E-02	 0.55842987E-03
  1872.0000    	  1873.0000    	 0.22385850E-02	 0.43012181E-03
  1873.0000    	  1874.0000    	 0.22807244E-02	 0.43212727E-03
  1874.0000    	  1875.0000    	 0.25060861E-02	 0.38374420E-03
  1875.0000    	  1876.0000    	 0.23758077E-02	 0.26005272E-03
  1876.0000    	  1877.0000    	 0.10189218E-02	 0.29114933E-03
  1877.0000    	  1878.0000    	 0.11623465E-02	 0.25580076E-03
  1878.0000    	  1879.0000    	 0.14474217E-02	 0.19088263E-03
  1879.0000    	  1880.0000    	 0.97598864E-03	 0.17688096E-03
  1880.0000    	  1881.0000    	 0.32638383E-03	 0.11632118E-03
  1881.0000    	  1882.0000    	 0.21300226E-02	 0.47107830E-03
  1882.0000    	  1883.0000    	 0.17324605E-02	 0.42302835E-03
  1883.0000    	  1884.0000    	 0.27133402E-02	 0.46051340E-03
  1884.0000    	  1885.0000    	 0.23299374E-02	 0.41896099E-03
  1885.0000    	  1886.0000    	 0.19353261E-02	 0.35450549E-03
  1886.0000    	  1887.0000    	 0.16622638E-02	 0.31254781E-03
  1887.0000    	  1888.0000    	 0.15986975E-02	 0.32560308E-03
  1888.0000    	  1889.0000    	 0.15507627E-02	 0.22842708E-03
  1889.0000    	  1890.0000    	 0.66885495E-03	 0.21553391E-03
  1890.0000    	  1891.0000    	 0.53870767E-03	 0.15320883E-03
  1891.0000    	  1892.0000    	 0.36361960E-03	 0.11961418E-03
  1892.0000    	  1893.0000    	 0.18664140E-02	 0.39168248E-03
  1893.0000    	  1894.0000    	 0.22578539E-02	 0.47592531E-03
  1894.0000    	  1895.0000    	 0.16423137E-02	 0.47494985E-03
  1895.0000    	  1896.0000    	 0.21590256E-02	 0.40502990E-03
  1896.0000    	  1897.0000    	 0.13755746E-02	 0.38263712E-03
  1897.0000    	  1898.0000    	 0.16036020E-02	 0.34416464E-03
  1898.0000    	  1899.0000    	 0.15113742E-02	 0.28151098E-03
  1899.0000    	  1900.0000    	 0.12413686E-02	 0.25625347E-03
  1900.0000    	  1901.0000    	 0.68812017E-03	 0.19302398E-03
  1901.0000    	  1902.0000    	 0.76351692E-03	 0.15763484E-03
  1902.0000    	  1903.0000    	 0.51184607E-03	 0.92874182E-04
  1903.0000    	  1904.0000    	 0.19680506E-02	 0.48592562E-03
  1904.0000    	  1905.0000    	 0.38046171E-03	 0.43977194E-03
  1905.0000    	  1906.0000    	 0.23215525E-02	 0.39526635E-03
  1906.0000    	  1907.0000    	 0.18324418E-02	 0.36064970E-03
  1907.0000    	  1908.0000    	 0.19091345E-02	 0.31226651E-03
  1908.0000    	  1909.0000    	 0.20876719E-02	 0.22725989E-03
  1909.0000    	  1910.0000    	 0.12437442E-02	 0.31835761E-03
  1910.0000    	  1911.0000    	 0.10316200E-02	 0.28029694E-03
  1911.0000    	  1912.0000    	 0.96950869E-03	 0.20361123E-03
  1912.0000    	  1913.0000    	 0.35548106E-03	 0.15167117E-03
  1913.0000    	  1914.0000    	 0.52573625E-03	 0.12523483E-03
  1914.0000    	  1915.0000    	 0.11981231E-02	 0.35329043E-03
  1915.0000    	  1916.0000    	 0.22509180E-02	 0.33410446E-03
  1916.0000    	  1917.0000    	 0.25990037E-02	 0.42758825E-03
  1917.0000    	  1918.0000    	 0.21730312E-02	 0.38601713E-03
  1918.0000    	  1919.0000    	 0.19487522E-02	 0.27772990E-03
  1919.0000    	  1920.0000    	 0.18859378E-02	 0.30872045E-03
  1920.0000    	  1921.0000    	 0.13342950E-02	 0.23595616E-03
  1921.0000    	  1922.0000    	 0.13572473E-02	 0.26309924E-03
  1922.0000    	  1923.0000    	 0.80221875E-03	 0.20678454E-03
  1923.0000    	  1924.0000    	 0.64232134E-03	 0.16385961E-03
  1924.0000    	  1925.0000    	 0.36620675E-03	 0.11651611E-03
  1925.0000    	  1926.0000    	 0.24528164E-02	 0.26084482E-03
  1926.0000    	  1927.0000    	 0.31585695E-02	 0.42540593E-03
  1927.0000    	  1928.0000    	 0.21730236E-02	 0.37175327E-03
  1928.0000    	  1929.0000    	 0.12807856E-02	 0.39658313E-03
  1929.0000    	  1930.0000    	 0.23296932E-02	 0.34289222E-03
  1930.0000    	  1931.0000    	 0.16891430E-02	 0.28568481E-03
  1931.0000    	  1932.0000    	 0.59856457E-03	 0.28488965E-03
  1932.0000    	  1933.0000    	 0.87344914E-03	 0.22952452E-03
  1933.0000    	  1934.0000    	 0.77410905E-03	 0.20104341E-03
  1934.0000    	  1935.0000    	 0.54321421E-03	 0.14346458E-03
  1935.0000    	  1936.0000    	 0.38549406E-03	 0.95812555E-04
  1936.0000    	  1937.0000    	 0.27461558E-02	 0.48385826E-03
  1937.0000    	  1938.0000    	 0.16388091E-02	 0.41518608E-03
  1938.0000    	  1939.0000    	 0.27964516E-02	 0.40241671E-03
  1939.0000    	  1940.0000    	 0.11307906E-02	 0.34548896E-03
  1940.0000    	  1941.0000    	 0.14377578E-02	 0.37057265E-03
  1941.0000    	  1942.0000    	 0.18434774E-02	 0.31480881E-03
  1942.0000    	  1943.0000    	 0.13071294E-02	 0.26350345E-03
  1943.0000    	  1944.0000    	 0.76393446E-03	 0.23276914E-03
  1944.0000    	  1945.0000    	 0.10967486E-02	 0.19553074E-03
  1945.0000    	  1946.0000    	 0.55169306E-03	 0.15128376E-03
  1946.0000    	  1947.0000    	 0.25309080E-03	 0.11702260E-03
  1947.0000    	  1948.0000    	 0.25271697E-02	 0.43793696E-03
  1948.0000    	  1949.0000    	 0.17666433E-02	 0.42087950E-03
  1949.0000    	  1950.0000    	 0.14628832E-02	 0.41633957E-03
  1950.0000    	  1951.0000    	 0.18932536E-02	 0.37769097E-03
  1951.0000    	  1952.0000    	 0.18407149E-02	 0.31010064E-03
  1952.0000    	  1953.0000    	 0.15448243E-02	 0.28330262E-03
  1953.0000    	  1954.0000    	 0.18546946E-02	 0.23316267E-03
  1954.0000    	  1955.0000    	 0.98957523E-03	 0.24520710E-03
  1955.0000    	  1956.0000    	 0.76719590E-03	 0.19408467E-03
  1956.0000    	  1957.0000    	 0.40136033E-03	 0.15700646E-03
  1957.0000    	  1958.0000    	 0.56991031E-04	 0.87883866E-04
  1958.0000    	  1959.0000    	 0.25864523E-02	 0.37852514E-03
  1959.0000    	  1960.0000    	 0.17983087E-02	 0.41006785E-03
  1960.0000    	  1961.0000    	 0.20564003E-02	 0.38642063E-03
  1961.0000    	  1962.0000    	 0.23658037E-02	 0.31951884E-03
  1962.0000    	  1963.0000    	 0.16682490E-02	 0.36156681E-03
  1963.0000    	  1964.0000    	 0.13932519E-02	 0.23652369E-03
  1964.0000    	  1965.0000    	 0.18483191E-02	 0.28038548E-03
  1965.0000    	  1966.0000    	 0.10312794E-02	 0.22711490E-03
  1966.0000    	  1967.0000    	 0.66894623E-03	 0.18790362E-03
  1967.0000    	  1968.0000    	 0.48883523E-03	 0.13125876E-03
  1968.0000    	  1969.0000    	 0.29484257E-03	 0.10194680E-03
  1969.0000    	  1970.0000    	 0.12945232E-02	 0.46489697E-03
  1970.0000    	  1971.0000    	 0.24082580E-02	 0.44918876E-03
  1971.0000    	  1972.0000    	 0.17618192E-02	 0.33779503E-03
  1972.0000    	  1973.0000    	 0.15210613E-02	 0.37169611E-03
  1973.0000    	  1974.0000    	 0.21082761E-02	 0.32383352E-03
  1974.0000    	  1975.0000    	 0.13428925E-02	 0.30860531E-03
  1975.0000    	  1976.0000    	 0.10483699E-02	 0.27402555E-03
  1976.0000    	  1977.0000    	 0.11322414E-02	 0.21661764E-03
  1977.0000    	  1978.0000    	 0.80561424E-03	 0.19509391E-03
  1978.0000    	  1979.0000    	 0.46965267E-04	 0.13996937E-03
  1979.0000    	  1980.0000    	 0.50275554E-03	 0.11475032E-03
  1980.0000    	  1981.0000    	 0.16955743E-02	 0.32554790E-03
  1981.0000    	  1982.0000    	 0.17360546E-02	 0.46963561E-03
  1982.0000    	  1983.0000    	 0.19077319E-02	 0.38656873E-03
  1983.0000    	  1984.0000    	 0.21593334E-02	 0.31393511E-03
  1984.0000    	  1985.0000    	 0.13534525E-02	 0.32071059E-03
  1985.0000    	  1986.0000    	 0.15872444E-02	 0.27949918E-03
  1986.0000    	  1987.0000    	 0.13039501E-02	 0.26880261E-03
  1987.0000    	  1988.0000    	 0.12648753E-02	 0.20590310E-03
  1988.0000    	  1989.0000    	 0.72756256E-03	 0.19267288E-03
  1989.0000    	  1990.0000    	 0.59033107E-03	 0.14162294E-03
  1990.0000    	  1991.0000    	 0.70234768E-04	 0.10708780E-03
  1991.0000    	  1992.0000    	 0.10540518E-02	 0.42474225E-03
  1992.0000    	  1993.0000    	 0.22027707E-02	 0.40063140E-03
  1993.0000    	  1994.0000    	 0.15913794E-02	 0.37973525E-03
  1994.0000    	  1995.0000    	 0.22269219E-02	 0.40712871E-03
  1995.0000    	  1996.0000    	 0.21398819E-02	 0.30478235E-03
  1996.0000    	  1997.0000    	 0.15073186E-02	 0.26543332E-03
  1997.0000    	  1998.0000    	 0.11874736E-02	 0.22813973E-03
  1998.0000    	  1999.0000    	 0.80162110E-03	 0.22364786E-03
  1999.0000    	  2000.0000    	 0.44352798E-03	 0.18609752E-03
  2000.0000    	  2001.0000    	 0.45576190E-03	 0.12216033E-03
  2001.0000    	  2002.0000    	 0.21604110E-03	 0.91245315E-04
  2002.0000    	  2003.0000    	 0.16777159E-02	 0.41823955E-03
  2003.0000    	  2004.0000    	 0.11036658E-02	 0.39660509E-03
  2004.0000    	  2005.0000    	 0.24879420E-02	 0.39216473E-03
  2005.0000    	  2006.0000    	 0.17981415E-02	 0.35365608E-03
  2006.0000    	  2007.0000    	 0.14901159E-02	 0.29456809E-03
  2007.0000    	  2008.0000    	 0.15068009E-02	 0.23189165E-03
  2008.0000    	  2009.0000    	 0.11635070E-02	 0.26586793E-03
  2009.0000    	  2010.0000    	 0.82217488E-03	 0.22727720E-03
  2010.0000    	  2011.0000    	 0.52696060E-03	 0.19976257E-03
  2011.0000    	  2012.0000    	 0.55172968E-03	 0.12770254E-03
  2012.0000    	  2013.0000    	 0.33588871E-03	 0.98060976E-04
  2013.0000    	  2014.0000    	 0.26716075E-02	 0.45971169E-03
  2014.0000    	  2015.0000    	 0.20752440E-04	 0.34873119E-03
  2015.0000    	  2016.0000    	 0.21114361E-02	 0.37969430E-03
  2016.0000    	  2017.0000    	 0.19174048E-02	 0.34392157E-03
  2017.0000    	  2018.0000    	 0.14887409E-02	 0.29299751E-03
  2018.0000    	  2019.0000    	 0.11828522E-02	 0.32309471E-03
  2019.0000    	  2020.0000    	 0.10316974E-02	 0.27575036E-03
  2020.0000    	  2021.0000    	 0.85014014E-03	 0.23478898E-03
  2021.0000    	  2022.0000    	 0.50362015E-03	 0.16968228E-03
  2022.0000    	  2023.0000    	 0.46474739E-03	 0.11701110E-03
  2023.0000    	  2024.0000    	 0.31037365E-03	 0.85657976E-04
