-0.00834379,-0.00881696,-0.00923328,-0.00959027,-0.0098838,-0.0101263,-0.0103055,-0.0104388,-0.0105372,-0.0106014,-0.0106539,-0.0107045,-0.0107475,-0.010787,-0.0108029,-0.0107936,-0.0107435,-0.0106518,-0.0104971,-0.01028,-0.00999156,-0.0096272
-0.00798123,-0.00848517,-0.00894451,-0.00934306,-0.00968207,-0.00996755,-0.0101959,-0.0103672,-0.0104933,-0.0105847,-0.0106524,-0.0107054,-0.010748,-0.010766,-0.0107559,-0.0107086,-0.0106234,-0.0104758,-0.0102715,-0.00999933,-0.00965954,-0.00925238
-0.00759803,-0.00812234,-0.00860807,-0.00903955,-0.00941129,-0.00973153,-0.00998854,-0.0101942,-0.0103522,-0.010467,-0.0105447,-0.0106037,-0.0106304,-0.0106408,-0.0106075,-0.0105341,-0.0104033,-0.0102216,-0.00997615,-0.00966248,-0.00928516,-0.00883572
-0.0071674,-0.00770364,-0.00820437,-0.00865683,-0.00905441,-0.00940024,-0.00968658,-0.00991436,-0.0100878,-0.0102194,-0.0103095,-0.0103677,-0.0103964,-0.0103897,-0.0103347,-0.0102378,-0.0100838,-0.00986848,-0.00959009,-0.009246,-0.00883603,-0.00836848
-0.00684723,-0.00739406,-0.00791068,-0.00838353,-0.00880355,-0.00917214,-0.00948231,-0.00973248,-0.00992515,-0.0100716,-0.0101713,-0.0102316,-0.0102554,-0.0102372,-0.0101662,-0.0100474,-0.00986783,-0.0096244,-0.00931777,-0.00894526,-0.00850935,-0.00801844
-0.00657341,-0.0071301,-0.00766023,-0.00815022,-0.00858802,-0.00897626,-0.00930873,-0.00957597,-0.00978607,-0.00994462,-0.0100517,-0.0101148,-0.0101337,-0.0101034,-0.0100205,-0.00988392,-0.00968059,-0.00941357,-0.00908618,-0.00868541,-0.00823095,-0.00772023
-0.00626083,-0.00681813,-0.00735271,-0.00785155,-0.00830279,-0.00870436,-0.00904905,-0.0093327,-0.00955418,-0.00972417,-0.00983779,-0.00990143,-0.00991685,-0.00988029,-0.00978358,-0.00963052,-0.00941171,-0.00912604,-0.00877757,-0.00836428,-0.00789134,-0.00737074
-0.00599474,-0.00655313,-0.00709169,-0.00759871,-0.00805957,-0.00847283,-0.00882976,-0.0091265,-0.00935872,-0.00953708,-0.00965695,-0.00972118,-0.00973298,-0.00968903,-0.0095822,-0.00941601,-0.0091823,-0.00888079,-0.00851672,-0.00808932,-0.00760358,-0.00707397
-0.00574093,-0.00629833,-0.00683901,-0.00734985,-0.00781874,-0.00824097,-0.00860732,-0.00891392,-0.00915585,-0.0093422,-0.00946511,-0.00953115,-0.00954028,-0.0094893,-0.00937376,-0.00919561,-0.00894928,-0.00863482,-0.00825885,-0.0078199,-0.00732502,-0.00678868
-0.0055127,-0.00606847,-0.00661062,-0.00712506,-0.00760024,-0.00803075,-0.00840403,-0.00871969,-0.00897047,-0.00916089,-0.00928922,-0.00935604,-0.00936206,-0.00930605,-0.00918232,-0.00899385,-0.00873723,-0.00840979,-0.00802493,-0.00757614,-0.00707296,-0.00653263
-0.00528357,-0.00583609,-0.0063752,-0.00688928,-0.0073677,-0.00780116,-0.00818209,-0.0085044,-0.0087603,-0.0089571,-0.00908777,-0.00915464,-0.00915804,-0.00909605,-0.0089673,-0.00876978,-0.00850487,-0.00817156,-0.00777629,-0.00732197,-0.00681578,-0.00627253
-0.00508089,-0.00562748,-0.00616552,-0.00667814,-0.00715984,-0.00759957,-0.00798357,-0.00830915,-0.00857183,-0.00877469,-0.0089052,-0.0089753,-0.00897638,-0.00890973,-0.008776,-0.00856978,-0.00829719,-0.00795418,-0.00755524,-0.00709591,-0.00658473,-0.00604002
-0.00486802,-0.00540865,-0.00594063,-0.00645185,-0.00693182,-0.00737283,-0.00775906,-0.00808985,-0.00835579,-0.00856042,-0.00869487,-0.00876184,-0.00876241,-0.00869157,-0.00855323,-0.00834293,-0.00806316,-0.00771771,-0.00731172,-0.00685155,-0.00634043,-0.00579816
-0.00468018,-0.00521521,-0.00574314,-0.00625137,-0.0067311,-0.00717164,-0.00756134,-0.0078957,-0.00816458,-0.00837152,-0.00850802,-0.00857587,-0.00857275,-0.00849929,-0.00835595,-0.00814072,-0.00785841,-0.00750761,-0.00709732,-0.00663438,-0.0061249,-0.00558437
-0.00449343,-0.00501971,-0.00554138,-0.00604513,-0.00652273,-0.00696275,-0.00735268,-0.00768806,-0.0079593,-0.00816747,-0.00830442,-0.00837231,-0.00836862,-0.00829229,-0.00814606,-0.00792725,-0.00763995,-0.00728713,-0.00687574,-0.00641314,-0.00590473,-0.00536816
-0.00433426,-0.00485562,-0.00537267,-0.00587256,-0.00634863,-0.00678918,-0.00717999,-0.00751798,-0.00779216,-0.00800194,-0.00814041,-0.00820714,-0.00820223,-0.00812356,-0.00797386,-0.00775057,-0.00746032,-0.00710523,-0.00669147,-0.00622721,-0.00571974,-0.00518542
-0.00417789,-0.00468938,-0.0052016,-0.00569836,-0.00617187,-0.0066106,-0.00700209,-0.0073406,-0.00761514,-0.00782645,-0.00796542,-0.00803192,-0.00802681,-0.00794585,-0.00779407,-0.00756763,-0.00727313,-0.00691617,-0.00650195,-0.00603858,-0.00553388,-0.00500305
-0.00401759,-0.00452193,-0.00502622,-0.00551656,-0.00598568,-0.00642287,-0.00681133,-0.00714905,-0.00742625,-0.00763834,-0.00777643,-0.00784326,-0.0078355,-0.00775368,-0.00759916,-0.00737211,-0.0070771,-0.00671876,-0.00630422,-0.00584304,-0.00534333,-0.00481745
-0.00387017,-0.00436588,-0.00486316,-0.00534827,-0.00581343,-0.00624685,-0.00663436,-0.00697225,-0.00724837,-0.00745947,-0.00759897,-0.00766486,-0.00765613,-0.00757281,-0.00741734,-0.00718879,-0.006893,-0.0065346,-0.00612029,-0.00566277,-0.00516672,-0.00464657
-0.00373787,-0.00422718,-0.00471803,-0.00519842,-0.00565946,-0.00609177,-0.00647669,-0.0068135,-0.00709059,-0.00730362,-0.00744199,-0.00750852,-0.00749879,-0.00741416,-0.00725486,-0.00702567,-0.00672977,-0.00637095,-0.0059567,-0.00550144,-0.00500895,-0.0044935
-0.00360312,-0.00408306,-0.00456661,-0.0050404,-0.00549745,-0.00592418,-0.00630825,-0.00664376,-0.00691974,-0.00713031,-0.00726918,-0.00733481,-0.00732422,-0.00723895,-0.00708091,-0.00685052,-0.00655345,-0.00619584,-0.00578364,-0.00533113,-0.00484397,-0.00433464
-0.00348093,-0.00395454,-0.0044317,-0.00489923,-0.00535184,-0.00577482,-0.0061572,-0.00649129,-0.00676662,-0.00697706,-0.00711544,-0.00718103,-0.00716908,-0.00708378,-0.00692261,-0.00669249,-0.00639701,-0.00603907,-0.00562899,-0.00517814,-0.00469609,-0.00419316
-0.00336475,-0.00382973,-0.00430001,-0.00476111,-0.00521059,-0.00562847,-0.00601028,-0.00634196,-0.00661515,-0.00682286,-0.00696142,-0.00702698,-0.00701587,-0.00692979,-0.00677027,-0.00653852,-0.00624117,-0.00588537,-0.00547821,-0.00503129,-0.0045513,-0.00405538
-0.0032529,-0.00370901,-0.00417226,-0.00462874,-0.00507079,-0.00548619,-0.00586344,-0.00619279,-0.00646667,-0.00667435,-0.00681163,-0.0068753,-0.00686403,-0.00677774,-0.00661677,-0.00638625,-0.00608868,-0.00573492,-0.00533131,-0.00488625,-0.00441417,-0.00392189
-0.00314316,-0.00359256,-0.00404757,-0.00449725,-0.00493621,-0.00534542,-0.00572067,-0.0060474,-0.00631835,-0.00652406,-0.00666062,-0.00672431,-0.00671162,-0.00662601,-0.00646537,-0.00623459,-0.00593991,-0.00558763,-0.00518647,-0.00474631,-0.00427819,-0.00379452
-0.00302873,-0.00346834,-0.00391514,-0.00435773,-0.00478831,-0.00519349,-0.00556288,-0.00588643,-0.00615477,-0.00636022,-0.00649481,-0.00655844,-0.00654569,-0.00645905,-0.00629809,-0.00606976,-0.00577639,-0.00542742,-0.00502968,-0.00459556,-0.00413436,-0.00365828
-0.00293745,-0.00337001,-0.00381065,-0.00424616,-0.00467287,-0.00507352,-0.00543983,-0.00576128,-0.00602748,-0.00623133,-0.00636447,-0.00642806,-0.00641467,-0.00632833,-0.00616909,-0.00594072,-0.00564793,-0.00530034,-0.00490606,-0.00447551,-0.0040193,-0.00354978
-0.00283943,-0.00326451,-0.00369717,-0.0041282,-0.00454723,-0.00494392,-0.00530544,-0.00562334,-0.005887,-0.00609043,-0.00622272,-0.00628543,-0.00627237,-0.00618572,-0.00602454,-0.00579807,-0.00550857,-0.00516418,-0.00477296,-0.00434826,-0.00389724,-0.00343511
-0.00274815,-0.00316501,-0.00359047,-0.00401355,-0.00442816,-0.00481868,-0.00517677,-0.00549162,-0.00575331,-0.00595315,-0.00608451,-0.00614631,-0.00613248,-0.00604653,-0.00588826,-0.00566265,-0.00537422,-0.00503303,-0.00464573,-0.00422512,-0.00378162,-0.00332546
-0.00266588,-0.00307573,-0.00349438,-0.00391237,-0.00432054,-0.00470677,-0.00506092,-0.00537275,-0.00563284,-0.00583191,-0.00596208,-0.00602275,-0.00600858,-0.00592267,-0.00576452,-0.00554095,-0.00525384,-0.00491552,-0.00453154,-0.00411525,-0.00367762,-0.00322695
-0.00257786,-0.00297949,-0.00339064,-0.0038013,-0.00420418,-0.00458423,-0.00493421,-0.00524175,-0.00549836,-0.0056941,-0.00582296,-0.00588381,-0.00586958,-0.00578354,-0.00562732,-0.00540526,-0.00512139,-0.00478634,-0.00440751,-0.00399682,-0.00356523,-0.00312274
-0.00249259,-0.00288654,-0.00328958,-0.00369349,-0.00408948,-0.00446419,-0.00480886,-0.00511261,-0.00536542,-0.00555957,-0.00568697,-0.00574664,-0.00573272,-0.00564736,-0.00549141,-0.00527169,-0.00499135,-0.00466001,-0.00428554,-0.00388105,-0.00345598,-0.00302077
-0.00241417,-0.00280075,-0.00319656,-0.00359379,-0.00398358,-0.00435285,-0.00469283,-0.00499265,-0.00524261,-0.00543445,-0.00556036,-0.00561932,-0.00560499,-0.0055203,-0.00536575,-0.00514815,-0.00487032,-0.00454294,-0.00417326,-0.00377399,-0.0033552,-0.00292752
-0.00233938,-0.00271851,-0.00310692,-0.00349791,-0.00388144,-0.00424497,-0.0045804,-0.00487629,-0.00512317,-0.00531239,-0.00543721,-0.00549513,-0.00548073,-0.00539657,-0.00524361,-0.00502811,-0.00475336,-0.0044296,-0.0040647,-0.00367099,-0.00325823,-0.0028379
-0.00226849,-0.0026409,-0.00302267,-0.0034071,-0.00378442,-0.00414314,-0.00447361,-0.00476528,-0.00500862,-0.00519692,-0.00531923,-0.00537698,-0.00536263,-0.00527891,-0.00512657,-0.00491362,-0.00464178,-0.00432218,-0.00396197,-0.00357383,-0.00316696,-0.0027542
-0.00219807,-0.00256311,-0.00293713,-0.00331494,-0.00368662,-0.00403915,-0.00436478,-0.00465264,-0.00489356,-0.00507769,-0.00519929,-0.00525607,-0.0052408,-0.00515859,-0.00500809,-0.00479739,-0.00452888,-0.00421337,-0.00385832,-0.00347483,-0.00307528,-0.00266898
-0.00212944,-0.00248709,-0.00285405,-0.00322502,-0.00359014,-0.00393731,-0.00425805,-0.00454148,-0.00477794,-0.00495996,-0.00508028,-0.00513588,-0.00512092,-0.00503885,-0.00489116,-0.00468249,-0.00441751,-0.00410566,-0.0037552,-0.00337892,-0.00298536,-0.00258675
-0.00206355,-0.00241389,-0.00277389,-0.00313807,-0.00349668,-0.00383809,-0.00415366,-0.00443279,-0.00466573,-0.00484542,-0.00496355,-0.0050185,-0.00500375,-0.00492261,-0.00477619,-0.00457041,-0.00430891,-0.0040015,-0.0036562,-0.00328568,-0.00289886,-0.00250747
-0.00200104,-0.00234457,-0.0026979,-0.00305524,-0.00340809,-0.00374362,-0.00405419,-0.0043293,-0.00455866,-0.00473623,-0.00485206,-0.00490614,-0.00489159,-0.00481138,-0.00466674,-0.00446366,-0.00420483,-0.00390234,-0.00356216,-0.00319705,-0.00281704,-0.00243241
-0.00194231,-0.00227893,-0.00262551,-0.00297613,-0.00332308,-0.00365313,-0.00395941,-0.00423003,-0.00445576,-0.00463075,-0.0047444,-0.00479756,-0.00478417,-0.00470504,-0.00456176,-0.00436063,-0.00410581,-0.00380824,-0.00347133,-0.00311182,-0.00273951,-0.00236009
-0.00187931,-0.00220877,-0.00254772,-0.00289176,-0.00323178,-0.00355553,-0.00385592,-0.0041215,-0.00434413,-0.00451552,-0.00462805,-0.00468036,-0.00466602,-0.00458806,-0.00444725,-0.00424928,-0.00399832,-0.00370506,-0.00337481,-0.00302215,-0.00265581,-0.00228545
-0.00182196,-0.00214454,-0.00247681,-0.00281432,-0.00314775,-0.00346597,-0.00376102,-0.0040226,-0.00424138,-0.00440993,-0.00452095,-0.00457181,-0.00455764,-0.00448093,-0.00434214,-0.00414665,-0.00389966,-0.00361067,-0.00328611,-0.00293924,-0.00257945,-0.00221626
-0.00176694,-0.00208277,-0.0024083,-0.00273946,-0.00306701,-0.00337938,-0.00366932,-0.0039264,-0.00414156,-0.00430736,-0.00441672,-0.0044666,-0.00445267,-0.00437674,-0.0042402,-0.00404793,-0.00380419,-0.00351956,-0.00320008,-0.00285942,-0.00250605,-0.00215031
-0.00171239,-0.00202132,-0.00234012,-0.00266438,-0.00298574,-0.00329203,-0.00357701,-0.00382941,-0.00404076,-0.00420366,-0.00431106,-0.00436029,-0.00434635,-0.00427167,-0.00413681,-0.00394743,-0.00370786,-0.0034282,-0.00311422,-0.00277946,-0.00243303,-0.0020839
-0.00166367,-0.00196592,-0.00227908,-0.00259777,-0.00291287,-0.00321339,-0.00349424,-0.00374216,-0.0039501,-0.00411061,-0.00421624,-0.00426519,-0.00425124,-0.0041773,-0.00404424,-0.00385751,-0.0036218,-0.00334593,-0.00303728,-0.00270777,-0.0023666,-0.00202422
-0.00160972,-0.00190521,-0.0022111,-0.00252242,-0.00283127,-0.00312645,-0.00340083,-0.0036442,-0.00384851,-0.0040056,-0.00410938,-0.00415665,-0.00414303,-0.00407032,-0.00393999,-0.00375622,-0.00352457,-0.00325399,-0.00295127,-0.00262804,-0.0022947,-0.00195954
-0.0015621,-0.00185105,-0.00215111,-0.0024562,-0.00275918,-0.00304869,-0.00331837,-0.00355758,-0.0037583,-0.00391235,-0.00401466,-0.00406076,-0.00404717,-0.00397582,-0.00384748,-0.00366649,-0.00343864,-0.00317241,-0.00287508,-0.00255739,-0.00223003,-0.00190209
-0.00151415,-0.00179639,-0.00208987,-0.00238848,-0.00268537,-0.00296892,-0.00323366,-0.00346778,-0.00366486,-0.00381619,-0.0039164,-0.00396205,-0.00394855,-0.00387824,-0.00375205,-0.00357446,-0.00335006,-0.003089,-0.00279678,-0.00248538,-0.00216488,-0.00184342
-0.00146733,-0.00174436,-0.00203087,-0.0023236,-0.00261438,-0.00289295,-0.00315201,-0.00338194,-0.00357512,-0.00372407,-0.00382242,-0.00386693,-0.00385387,-0.00378464,-0.0036605,-0.0034854,-0.00326555,-0.00300893,-0.0027222,-0.00241684,-0.00210276,-0.00178786
-0.00142438,-0.00169501,-0.00197616,-0.00226279,-0.00254791,-0.00282094,-0.0030753,-0.0033013,-0.00349107,-0.00363681,-0.0037339,-0.00377686,-0.00376427,-0.00369614,-0.00357395,-0.00340179,-0.00318575,-0.00293331,-0.00265201,-0.00235207,-0.00204401,-0.0017356
-0.00138009,-0.00164497,-0.00191943,-0.00219999,-0.00247921,-0.00274688,-0.00299589,-0.0032172,-0.00340321,-0.00354663,-0.00364124,-0.00368398,-0.00367116,-0.00360415,-0.00348426,-0.00331531,-0.00310301,-0.00285552,-0.00257927,-0.00228558,-0.00198396,-0.00168223
-0.00133945,-0.00159779,-0.00186705,-0.00214168,-0.0024148,-0.00267708,-0.00292107,-0.0031385,-0.00332117,-0.00346156,-0.00355458,-0.00359604,-0.00358364,-0.00351782,-0.00340032,-0.00323358,-0.0030251,-0.00278237,-0.00251149,-0.00222298,-0.00192719,-0.00163208
-0.00130054,-0.00155293,-0.0018161,-0.00208509,-0.00235339,-0.00261016,-0.00284955,-0.00306309,-0.0032419,-0.00337969,-0.00347117,-0.00351157,-0.00349949,-0.00343447,-0.00331914,-0.00315626,-0.00295055,-0.00271202,-0.002446,-0.00216334,-0.00187372,-0.00158471
-0.00125914,-0.0015057,-0.00176297,-0.00202581,-0.00228775,-0.00253912,-0.00277368,-0.00298224,-0.00315763,-0.00329252,-0.00338196,-0.00342193,-0.00340978,-0.00334622,-0.00323267,-0.00307261,-0.00287153,-0.00263789,-0.00237714,-0.00210054,-0.00181693,-0.00153463
-0.00122029,-0.00146091,-0.0017124,-0.00196935,-0.00222563,-0.00247173,-0.00270122,-0.00290536,-0.00307725,-0.00320946,-0.00329698,-0.00333603,-0.00332417,-0.00326172,-0.00315033,-0.00299336,-0.00279617,-0.00256712,-0.00231179,-0.0020407,-0.00176328,-0.00148725
-0.00118567,-0.00142088,-0.00166753,-0.00191929,-0.00217021,-0.00241154,-0.00263686,-0.00283724,-0.00300555,-0.00313589,-0.00322142,-0.00325965,-0.00324832,-0.00318673,-0.00307697,-0.0029228,-0.00272912,-0.00250412,-0.00225345,-0.00198753,-0.00171548,-0.00144499
-0.00114916,-0.00137904,-0.00162001,-0.00186605,-0.00211145,-0.00234778,-0.00256792,-0.00276411,-0.00292927,-0.00305652,-0.00314044,-0.00317812,-0.00316661,-0.00310639,-0.00299873,-0.00284712,-0.00265777,-0.00243705,-0.00219186,-0.00193131,-0.00166492,-0.00140075
-0.00111373,-0.00133813,-0.00157328,-0.00181385,-0.0020541,-0.00228506,-0.00250061,-0.00269269,-0.00285433,-0.00297875,-0.00306108,-0.00309778,-0.00308649,-0.00302718,-0.00292198,-0.00277361,-0.00258752,-0.0023714,-0.00213097,-0.00187615,-0.0016158,-0.00135784
-0.00107964,-0.00129869,-0.00152846,-0.00176356,-0.00199854,-0.00222449,-0.00243538,-0.00262336,-0.00278158,-0.0029034,-0.00298407,-0.00301982,-0.0030088,-0.0029507,-0.0028475,-0.00270202,-0.00251958,-0.00230794,-0.00207253,-0.00182308,-0.00156849,-0.0013163
-0.00104861,-0.00126278,-0.00148758,-0.00171771,-0.00194781,-0.00216927,-0.00237587,-0.00256009,-0.00271516,-0.00283462,-0.00291376,-0.00294863,-0.0029379,-0.00288089,-0.00277954,-0.00263668,-0.00245763,-0.00224995,-0.0020191,-0.00177466,-0.00152532,-0.00127835
-0.00101886,-0.00122783,-0.00144834,-0.00167343,-0.00189901,-0.00211527,-0.00231816,-0.0024985,-0.00265064,-0.00276756,-0.0028451,-0.0028796,-0.00286895,-0.00281282,-0.00271339,-0.0025735,-0.00239737,-0.00219379,-0.00196741,-0.00172756,-0.00148342,-0.00124185
-0.000986055,-0.00119027,-0.001405,-0.00162494,-0.00184497,-0.0020568,-0.00225466,-0.00243126,-0.0025798,-0.00269428,-0.00277015,-0.00280365,-0.00279319,-0.00273811,-0.00264085,-0.00250353,-0.00233162,-0.00213225,-0.00191095,-0.00167671,-0.00143808,-0.00120258
-0.000955854,-0.00115512,-0.00136478,-0.00157968,-0.00179469,-0.00200187,-0.00219534,-0.00236804,-0.0025134,-0.00262544,-0.00269958,-0.00273227,-0.00272201,-0.00266815,-0.00257275,-0.00243829,-0.0022699,-0.00207471,-0.00185813,-0.00162901,-0.00139581,-0.00116573
-0.000927828,-0.00112238,-0.00132765,-0.00153786,-0.00174788,-0.00195063,-0.00214025,-0.00230938,-0.00245139,-0.00256162,-0.00263387,-0.00266588,-0.00265609,-0.00260309,-0.00250932,-0.00237756,-0.00221254,-0.00202122,-0.00180903,-0.00158471,-0.00135656,-0.0011315
-0.000899813,-0.00108988,-0.00129014,-0.00149556,-0.00170119,-0.00189954,-0.00208481,-0.0022503,-0.00238955,-0.00249695,-0.00256801,-0.00259924,-0.0025893,-0.00253748,-0.00244584,-0.00231662,-0.00215489,-0.00196754,-0.00175988,-0.00154035,-0.00131729,-0.00109757
-0.000873847,-0.00105975,-0.00125568,-0.00145674,-0.00165797,-0.00185213,-0.00203353,-0.00219556,-0.00233185,-0.0024372,-0.0025067,-0.00253739,-0.00252748,-0.00247678,-0.00238694,-0.00226018,-0.00210149,-0.00191795,-0.00171437,-0.00149944,-0.00128083,-0.00106633
-0.000848022,-0.00102941,-0.00122066,-0.00141718,-0.00161388,-0.00180393,-0.00198123,-0.0021398,-0.00227318,-0.00237617,-0.00244438,-0.00247437,-0.00246481,-0.00241476,-0.0023268,-0.00220245,-0.00204737,-0.0018673,-0.00166835,-0.00145785,-0.00124426,-0.00103438
-0.000822141,-0.000999235,-0.001186,-0.00137794,-0.00157021,-0.00175579,-0.00192933,-0.00208437,-0.00221488,-0.00231555,-0.00238213,-0.00241146,-0.00240195,-0.00235319,-0.00226683,-0.00214523,-0.00199321,-0.00181713,-0.00162226,-0.00141662,-0.00120801,-0.001003
-0.000799001,-0.000972028,-0.00115484,-0.00134261,-0.00153081,-0.00171241,-0.00188238,-0.0020344,-0.00216223,-0.00226078,-0.00232603,-0.00235474,-0.0023454,-0.00229761,-0.00221277,-0.00209345,-0.00194456,-0.00177186,-0.00158086,-0.00137945,-0.00117515,-0.000974834
-0.000774195,-0.000942951,-0.00112124,-0.00130472,-0.0014883,-0.00166598,-0.00183202,-0.00198038,-0.00210539,-0.00220185,-0.00226556,-0.00229347,-0.00228427,-0.00223739,-0.00215449,-0.00203788,-0.00189207,-0.0017232,-0.00153648,-0.00133966,-0.0011402,-0.000944649
-0.000751222,-0.000915906,-0.00109023,-0.00126952,-0.00144897,-0.00162276,-0.00178502,-0.00193018,-0.00205249,-0.00214684,-0.00220916,-0.00223637,-0.00222729,-0.00218133,-0.00210022,-0.00198604,-0.00184324,-0.00167782,-0.00149518,-0.00130266,-0.00110762,-0.000916752
-0.000729749,-0.000890825,-0.00106116,-0.00123649,-0.00141198,-0.00158203,-0.00174096,-0.00188315,-0.00200277,-0.00209504,-0.00215623,-0.0021828,-0.00217409,-0.00212899,-0.00204939,-0.0019373,-0.00179739,-0.00163537,-0.00145648,-0.00126813,-0.0010774,-0.0008907
-0.000707571,-0.000864627,-0.00103088,-0.00120207,-0.00137359,-0.00153964,-0.00169501,-0.00183396,-0.00195099,-0.00204124,-0.00210087,-0.00212712,-0.00211823,-0.00207407,-0.00199608,-0.00188646,-0.00174969,-0.00159108,-0.00141621,-0.001232,-0.00104572,-0.000863584
-0.000686114,-0.000839348,-0.00100172,-0.00116897,-0.00133643,-0.0014988,-0.00165056,-0.00178636,-0.00190069,-0.00198897,-0.0020473,-0.00207277,-0.00206425,-0.00202093,-0.00194468,-0.00183738,-0.00170352,-0.00154835,-0.00137732,-0.00119728,-0.00101527,-0.000837477
-0.000665787,-0.000815394,-0.000973965,-0.00113731,-0.00130102,-0.00145977,-0.00160813,-0.00174096,-0.00185274,-0.00193904,-0.00199612,-0.00202105,-0.00201258,-0.00197022,-0.00189551,-0.00179046,-0.0016594,-0.00150754,-0.00134026,-0.00116417,-0.000986313,-0.000812713
-0.000646987,-0.000793221,-0.000948115,-0.00110788,-0.00126809,-0.00142341,-0.00156871,-0.00169865,-0.00180812,-0.00189261,-0.00194839,-0.00197286,-0.00196443,-0.001923,-0.00184967,-0.00174672,-0.0016183,-0.00146956,-0.00130572,-0.00113341,-0.000959545,-0.000789713
-0.000627154,-0.00076976,-0.000921055,-0.00107704,-0.00123336,-0.0013851,-0.00152698,-0.00165399,-0.00176092,-0.00184346,-0.00189807,-0.00192189,-0.00191368,-0.00187298,-0.00180133,-0.00170062,-0.00157509,-0.00142956,-0.00126946,-0.00110111,-0.000931214,-0.000765693
-0.000608672,-0.00074785,-0.000895589,-0.00104799,-0.00120077,-0.00134913,-0.00148782,-0.00161201,-0.0017166,-0.00179728,-0.00185071,-0.00187394,-0.00186588,-0.001826,-0.00175584,-0.00165725,-0.0015344,-0.00139196,-0.00123539,-0.00107076,-0.00090477,-0.000743103
-0.000590998,-0.000726909,-0.00087125,-0.00102021,-0.00116951,-0.00131465,-0.00145026,-0.00157175,-0.001674,-0.00175296,-0.00180523,-0.00182793,-0.00182001,-0.00178092,-0.00171219,-0.00161565,-0.00149537,-0.00135592,-0.00120272,-0.00104172,-0.000879445,-0.00072155
-0.000573487,-0.000706147,-0.000847073,-0.000992605,-0.00113851,-0.00128031,-0.00141289,-0.00153161,-0.00163163,-0.00170881,-0.00175987,-0.00178206,-0.00177426,-0.00173601,-0.00166871,-0.00157424,-0.00145652,-0.00132011,-0.00117027,-0.0010129,-0.000854373,-0.000700242
-0.000557038,-0.000686627,-0.000824351,-0.000966626,-0.00110922,-0.00124793,-0.00137763,-0.0014938,-0.00159159,-0.00166713,-0.00171714,-0.00173878,-0.00173115,-0.00169358,-0.00162766,-0.00153517,-0.0014199,-0.00128631,-0.0011397,-0.000985733,-0.00083077,-0.000680278
-0.000540709,-0.000667165,-0.000801672,-0.00094064,-0.00108008,-0.00121563,-0.00134241,-0.00145598,-0.00155166,-0.00162546,-0.00167436,-0.00169547,-0.00168797,-0.00165128,-0.00158666,-0.0014961,-0.00138334,-0.00125262,-0.00110922,-0.000958735,-0.000807291,-0.000660297
-0.000524987,-0.000648488,-0.000779866,-0.000915725,-0.00105198,-0.00118451,-0.00130854,-0.00141952,-0.00151314,-0.00158533,-0.00163317,-0.0016538,-0.00164634,-0.00161042,-0.00154711,-0.00145854,-0.00134809,-0.00122016,-0.00107986,-0.00093268,-0.000784718,-0.00064118
-0.000510006,-0.000630672,-0.000759031,-0.000891817,-0.00102507,-0.00115465,-0.00127597,-0.0013845,-0.00147611,-0.00154671,-0.00159339,-0.00161374,-0.0016063,-0.00157119,-0.00150921,-0.00142238,-0.00131428,-0.00118902,-0.00105173,-0.000907791,-0.000763141,-0.000622834
-0.000495143,-0.00061294,-0.000738307,-0.000868065,-0.00099822,-0.00112494,-0.00124353,-0.00134975,-0.00143921,-0.00150827,-0.001554,-0.00157377,-0.00156657,-0.00153198,-0.00147133,-0.00138642,-0.0012806,-0.00115804,-0.00102378,-0.000883048,-0.000741738,-0.000604838
-0.000480897,-0.000595919,-0.000718419,-0.000845181,-0.00097247,-0.00109642,-0.00121239,-0.00131615,-0.00140375,-0.00147129,-0.00151595,-0.00153524,-0.0015281,-0.00149437,-0.00143489,-0.0013518,-0.0012482,-0.00112833,-0.000996925,-0.000859312,-0.000721094,-0.000587345
-0.000466634,-0.000578873,-0.000698455,-0.000822322,-0.000946627,-0.00106767,-0.00118101,-0.00128251,-0.00136802,-0.00143409,-0.00147783,-0.00149663,-0.00148961,-0.00145655,-0.00139838,-0.00131698,-0.00121567,-0.00109837,-0.000969975,-0.000835467,-0.00070057,-0.000570035
-0.000452973,-0.000562496,-0.000679274,-0.000800232,-0.000921702,-0.00104004,-0.00115078,-0.00124995,-0.00133361,-0.00139814,-0.00144082,-0.00145923,-0.00145235,-0.00141999,-0.00136303,-0.0012834,-0.00118428,-0.00106956,-0.000943977,-0.000812543,-0.000680745,-0.00055331
-0.000440217,-0.000547202,-0.000661322,-0.000779601,-0.000898405,-0.00101412,-0.00112249,-0.00121957,-0.00130136,-0.00136453,-0.00140635,-0.00142424,-0.00141754,-0.00138574,-0.00132994,-0.001252,-0.00115494,-0.00104262,-0.000919672,-0.000791088,-0.000662227,-0.000537797
-0.000427486,-0.000532007,-0.000643514,-0.000759069,-0.000875207,-0.000988356,-0.00109432,-0.00118921,-0.00126922,-0.00133097,-0.00137183,-0.00138935,-0.00138272,-0.00135163,-0.00129704,-0.00122067,-0.00112566,-0.00101573,-0.000895515,-0.00076978,-0.000643831,-0.000522259
-0.000415141,-0.000517087,-0.000625977,-0.000738938,-0.00085239,-0.00096297,-0.00106658,-0.00115932,-0.00123758,-0.00129797,-0.00133794,-0.00135497,-0.00134847,-0.00131806,-0.00126451,-0.00118984,-0.00109687,-0.000989323,-0.000871767,-0.000748876,-0.000625892,-0.000507111
-0.00040318,-0.000502747,-0.000609091,-0.000719416,-0.000830338,-0.00093845,-0.0010397,-0.00113036,-0.00120688,-0.00126589,-0.0013049,-0.00132166,-0.00131522,-0.00128546,-0.00123308,-0.00115994,-0.00106897,-0.0009638,-0.000848799,-0.000728667,-0.000608489,-0.000492527
-0.00039168,-0.000488891,-0.000592826,-0.000700698,-0.000809104,-0.000914833,-0.00101385,-0.00110253,-0.00117738,-0.00123511,-0.00127326,-0.00128962,-0.0012833,-0.00125408,-0.00120278,-0.00113121,-0.00104217,-0.000939233,-0.000826737,-0.00070926,-0.000591741,-0.000478569
-0.000380434,-0.000475347,-0.00057686,-0.00068223,-0.000788216,-0.000891551,-0.00098837,-0.00107509,-0.00114828,-0.0012047,-0.00124202,-0.00125796,-0.00125176,-0.00122316,-0.00117291,-0.00110286,-0.00101575,-0.000915024,-0.000804995,-0.000690148,-0.000575354,-0.000464815
-0.000369546,-0.000462297,-0.000561465,-0.000664457,-0.000768039,-0.000869095,-0.000963776,-0.00104859,-0.00112014,-0.00117537,-0.00121182,-0.00122742,-0.00122129,-0.00119328,-0.0011441,-0.0010755,-0.000990231,-0.000891687,-0.000784059,-0.000671749,-0.000559587,-0.000451566
-0.000359129,-0.000449697,-0.000546595,-0.000647309,-0.000748617,-0.00084745,-0.000940007,-0.00102298,-0.00109298,-0.00114697,-0.00118265,-0.00119788,-0.00119186,-0.00116439,-0.00111626,-0.00104908,-0.000965589,-0.000869169,-0.000763822,-0.000653974,-0.000544335,-0.000438853
-0.000348904,-0.000437353,-0.000532019,-0.000630436,-0.000729483,-0.000826069,-0.000916634,-0.000997794,-0.00106625,-0.00111905,-0.0011539,-0.00116876,-0.00116286,-0.00113599,-0.00108882,-0.00102307,-0.000941346,-0.00084694,-0.000743951,-0.000636537,-0.00052941,-0.000426387
-0.000338892,-0.000425233,-0.000517702,-0.000613852,-0.000710632,-0.000805102,-0.000893605,-0.000972917,-0.00103985,-0.00109146,-0.00112552,-0.00114008,-0.00113427,-0.0011079,-0.00106177,-0.000997408,-0.000917454,-0.000825141,-0.000724393,-0.000619401,-0.000514708,-0.000414142
-0.000329326,-0.000413648,-0.000504021,-0.000598007,-0.000692636,-0.000785014,-0.000871541,-0.000949135,-0.0010146,-0.00106509,-0.0010984,-0.00111263,-0.00110688,-0.0010811,-0.00103586,-0.000972859,-0.000894613,-0.000804243,-0.000705681,-0.000603032,-0.000500701,-0.0004025
-0.000320099,-0.000402466,-0.000490774,-0.000582653,-0.000675183,-0.000765546,-0.000850243,-0.000926099,-0.000990136,-0.00103951,-0.00107213,-0.001086,-0.00108038,-0.00105507,-0.00101077,-0.0009491,-0.000872469,-0.000784046,-0.000687593,-0.000587182,-0.000487166,-0.000391217
-0.000310973,-0.000391401,-0.000477668,-0.000567491,-0.000657927,-0.000746263,-0.000829012,-0.000903235,-0.000965837,-0.00101414,-0.00104601,-0.00105957,-0.00105404,-0.00102926,-0.000985876,-0.000925494,-0.000850549,-0.000764025,-0.000669707,-0.000571551,-0.00047378,-0.000380112
-0.000302258,-0.00038082,-0.000465147,-0.000552944,-0.000641387,-0.000727796,-0.000808745,-0.00088132,-0.000942583,-0.000989815,-0.00102099,-0.00103425,-0.00102879,-0.00100449,-0.00096204,-0.000902916,-0.000829487,-0.000744827,-0.000652543,-0.000556548,-0.000461003,-0.000369469
-0.000293875,-0.000370603,-0.000453019,-0.000538903,-0.000625398,-0.00070986,-0.000789113,-0.000860135,-0.000920088,-0.000966271,-0.000996771,-0.00100968,-0.00100435,-0.000980586,-0.000938945,-0.000881076,-0.000809165,-0.000726254,-0.000635973,-0.000542064,-0.000448689,-0.000359243
-0.000285566,-0.000360567,-0.00044111,-0.000525012,-0.000609571,-0.000692211,-0.000769739,-0.000839181,-0.00089776,-0.000943003,-0.000972774,-0.000985419,-0.000980185,-0.000956845,-0.0009161,-0.000859427,-0.000789026,-0.000707945,-0.000619609,-0.000527774,-0.000436471,-0.000349105
-0.000277493,-0.000350687,-0.000429374,-0.000511383,-0.000594064,-0.000674838,-0.000750605,-0.00081853,-0.000875846,-0.000920035,-0.000949173,-0.00096153,-0.000956341,-0.000933526,-0.000893597,-0.000838137,-0.000769272,-0.000689916,-0.000603508,-0.00051375,-0.000424542,-0.000339262
-0.000269816,-0.000341371,-0.000418278,-0.000498497,-0.00057937,-0.000658401,-0.000732554,-0.000798989,-0.000855104,-0.000898344,-0.000926836,-0.000938903,-0.000933801,-0.00091142,-0.000872325,-0.000818007,-0.000750558,-0.000672876,-0.000588316,-0.000500497,-0.000413269,-0.000329931
-0.000262273,-0.000332148,-0.000407313,-0.000485718,-0.000564803,-0.000642105,-0.000714615,-0.00077962,-0.000834444,-0.000876767,-0.000904648,-0.000916412,-0.000911411,-0.000889491,-0.000851182,-0.000797998,-0.00073197,-0.000655963,-0.000573228,-0.000487352,-0.000402089,-0.000320706
-0.000255101,-0.000323398,-0.000396888,-0.000473625,-0.000550991,-0.00062664,-0.000697572,-0.000761162,-0.000814886,-0.000856289,-0.000883593,-0.000895075,-0.000890144,-0.000868627,-0.0008311,-0.000778995,-0.000714351,-0.000639903,-0.00055894,-0.000474876,-0.000391477,-0.000311954
-0.000248043,-0.000314764,-0.000386625,-0.000461637,-0.000537295,-0.000611281,-0.000680741,-0.00074299,-0.000795486,-0.000836029,-0.000862674,-0.000873909,-0.000869103,-0.000848038,-0.000811245,-0.000760241,-0.000696908,-0.000624003,-0.000544806,-0.000462601,-0.000381091,-0.000303339
-0.000241078,-0.000306264,-0.000376479,-0.000449816,-0.00052381,-0.000596163,-0.00066405,-0.000724945,-0.000776317,-0.00081594,-0.000842003,-0.000853014,-0.000848216,-0.000827611,-0.00079158,-0.000741616,-0.000679676,-0.000608348,-0.000530837,-0.000450459,-0.000370802,-0.000294886
-0.000234384,-0.000298056,-0.000366678,-0.000438362,-0.000510722,-0.000581467,-0.000647911,-0.000707483,-0.000757737,-0.000796483,-0.000821988,-0.000832735,-0.00082805,-0.000807829,-0.000772552,-0.000723618,-0.000662974,-0.000593181,-0.000517335,-0.000438727,-0.00036084,-0.000286701
-0.000228016,-0.000290209,-0.000357359,-0.000427469,-0.000498248,-0.000567527,-0.00063253,-0.00069083,-0.000740032,-0.000777946,-0.000802876,-0.000813443,-0.000808778,-0.000788982,-0.000754375,-0.000706455,-0.000647042,-0.000578751,-0.000504459,-0.000427605,-0.000351393,-0.000278922
-0.000221773,-0.000282592,-0.000348221,-0.000416805,-0.000486059,-0.000553827,-0.000617491,-0.000674513,-0.000722663,-0.000759803,-0.000784196,-0.000794466,-0.000789897,-0.000770455,-0.000736605,-0.000689664,-0.000631448,-0.00056458,-0.000491898,-0.000416627,-0.000342167,-0.00027131
-0.00021569,-0.00027515,-0.000339302,-0.000406418,-0.000474226,-0.000540508,-0.000602731,-0.000658593,-0.000705725,-0.000742038,-0.000765959,-0.000775949,-0.000771436,-0.000752397,-0.000719241,-0.000673224,-0.000616237,-0.000550738,-0.000479627,-0.000405962,-0.000333171,-0.000263941
-0.000209764,-0.000267833,-0.000330559,-0.000396173,-0.000462453,-0.000527324,-0.000588248,-0.000642891,-0.000688966,-0.000724504,-0.00074786,-0.00075763,-0.000753243,-0.000734596,-0.000702062,-0.000657022,-0.000601216,-0.000537091,-0.000467531,-0.000395516,-0.000324314,-0.000256665
-0.000203956,-0.000260703,-0.000322027,-0.000386159,-0.000451012,-0.000514465,-0.000574052,-0.000627527,-0.000672598,-0.000707361,-0.000730206,-0.000739803,-0.000735455,-0.000717173,-0.000685292,-0.00064119,-0.000586564,-0.000523838,-0.000455704,-0.000385287,-0.00031566,-0.000249608
-0.000198469,-0.000253892,-0.000313914,-0.000376634,-0.000440058,-0.000502194,-0.000560534,-0.00061285,-0.000657005,-0.000691,-0.00071336,-0.000722761,-0.000718475,-0.00070055,-0.000669297,-0.000626081,-0.000572589,-0.000511157,-0.000444456,-0.000375598,-0.000307448,-0.000242887
-0.000193115,-0.000247339,-0.000305982,-0.000367408,-0.000429521,-0.000490315,-0.000547405,-0.000598637,-0.000641863,-0.000675166,-0.000697028,-0.000706197,-0.000701998,-0.00068438,-0.000653806,-0.000611446,-0.00055903,-0.00049884,-0.000433581,-0.000366126,-0.000299508,-0.000236363
-0.000187728,-0.000240685,-0.000297997,-0.000358031,-0.000418751,-0.000478197,-0.000534049,-0.000584157,-0.000626451,-0.000659008,-0.000680406,-0.000689318,-0.000685221,-0.000667948,-0.000638013,-0.000596547,-0.000545244,-0.000486348,-0.000422498,-0.000356552,-0.000291447,-0.000229809
-0.000182748,-0.000234528,-0.000290615,-0.000349379,-0.000408854,-0.000467047,-0.000521713,-0.000570787,-0.000612184,-0.000644089,-0.000665036,-0.000673786,-0.000669693,-0.000652764,-0.000623422,-0.000582807,-0.000532499,-0.000474818,-0.000412286,-0.000347718,-0.000284046,-0.000223716
-0.000177792,-0.000228408,-0.00028325,-0.000340747,-0.000398939,-0.000455868,-0.000509405,-0.000557468,-0.000597979,-0.000629211,-0.000649665,-0.000658187,-0.000654208,-0.000637636,-0.000608865,-0.00056906,-0.000519794,-0.000463269,-0.000402094,-0.000338887,-0.00027665,-0.0002177
-0.00017316,-0.000222679,-0.000276394,-0.000332681,-0.000389628,-0.000445438,-0.000497897,-0.000544942,-0.000584654,-0.000615222,-0.000635273,-0.000643692,-0.000639738,-0.000623423,-0.00059522,-0.000556179,-0.000507925,-0.000452519,-0.000392559,-0.000330731,-0.000269718,-0.000212027
-0.000168326,-0.00021671,-0.00026915,-0.000324184,-0.000379882,-0.000434445,-0.000485754,-0.000531769,-0.000570612,-0.0006005,-0.000620117,-0.00062826,-0.000624422,-0.000608428,-0.000580828,-0.000542593,-0.00049537,-0.000441172,-0.000382542,-0.000322025,-0.000262424,-0.000206124
-0.000163844,-0.000211129,-0.00026246,-0.000316287,-0.000370854,-0.000424305,-0.000474496,-0.000519584,-0.000557588,-0.000586871,-0.000606061,-0.000614056,-0.000610225,-0.000594583,-0.000567499,-0.000530029,-0.00048373,-0.000430681,-0.000373236,-0.000314031,-0.000255717,-0.000200681
-0.000159419,-0.000205635,-0.00025584,-0.000308514,-0.000361896,-0.00041418,-0.000463356,-0.000507474,-0.00054467,-0.000573348,-0.000592115,-0.000599915,-0.00059616,-0.000580826,-0.000554279,-0.000517564,-0.000472223,-0.000420288,-0.000364035,-0.000306087,-0.000249056,-0.000195276
-0.000155194,-0.000200369,-0.000249492,-0.000301076,-0.00035333,-0.000404532,-0.000452666,-0.000495853,-0.000532315,-0.000560382,-0.000578757,-0.000586386,-0.000582686,-0.000567624,-0.000541602,-0.00050566,-0.0004612,-0.000410315,-0.000355229,-0.000298521,-0.000242713,-0.000190121
-0.000150955,-0.000195128,-0.000243158,-0.000293601,-0.000344715,-0.000394795,-0.000441928,-0.000484204,-0.000519874,-0.000547337,-0.00056531,-0.000572753,-0.000569139,-0.000554393,-0.000528859,-0.000493655,-0.000450121,-0.000400273,-0.000346404,-0.00029091,-0.000236361,-0.000184961
-0.000147027,-0.000190224,-0.000237245,-0.000286635,-0.000336704,-0.000385743,-0.000431925,-0.00047335,-0.000508279,-0.000535212,-0.000552799,-0.000560124,-0.00055653,-0.000542046,-0.000517019,-0.000482513,-0.000439817,-0.000391002,-0.000338174,-0.000283846,-0.000230453,-0.000180164
-0.000142995,-0.000185221,-0.00023119,-0.000279483,-0.000328461,-0.000376461,-0.000421643,-0.000462172,-0.000496378,-0.000522697,-0.000539923,-0.000547047,-0.000543527,-0.000529332,-0.000504818,-0.000470989,-0.000429208,-0.000381415,-0.000329736,-0.00027658,-0.000224372,-0.000175258
-0.000139307,-0.000180635,-0.000225646,-0.000272968,-0.000320961,-0.000368012,-0.000412244,-0.000451978,-0.000485505,-0.00051129,-0.000528191,-0.000535138,-0.000531669,-0.000517746,-0.000493691,-0.00046051,-0.000419559,-0.000372679,-0.000322061,-0.000269959,-0.000218821,-0.000170775
-0.000135614,-0.000176032,-0.000220074,-0.000266364,-0.000313335,-0.000359389,-0.000402746,-0.000441642,-0.00047447,-0.00049971,-0.000516254,-0.000523081,-0.000519639,-0.000505974,-0.000482383,-0.000449887,-0.000409738,-0.000363807,-0.000314239,-0.000263267,-0.000213274,-0.00016626
-0.000131978,-0.000171476,-0.000214543,-0.000259848,-0.000305836,-0.000350924,-0.000393355,-0.000431449,-0.00046358,-0.000488289,-0.00050446,-0.000511126,-0.000507778,-0.000494355,-0.000471239,-0.000439381,-0.000400064,-0.000355105,-0.000306569,-0.000256676,-0.000207765,-0.000161818
-0.000128561,-0.000167226,-0.000209384,-0.000253759,-0.000298816,-0.000342991,-0.000384563,-0.000421898,-0.00045338,-0.00047762,-0.000493448,-0.000499961,-0.000496659,-0.000483471,-0.000460803,-0.000429559,-0.000390998,-0.000346938,-0.000299354,-0.000250525,-0.000202626,-0.000157689
-0.000125137,-0.000162898,-0.000204149,-0.000247582,-0.000291678,-0.00033493,-0.000375629,-0.000412152,-0.000442967,-0.000466709,-0.000482184,-0.000488546,-0.000485293,-0.000472384,-0.000450167,-0.000419561,-0.000381785,-0.000338631,-0.000292074,-0.000244234,-0.000197398,-0.000153455
-0.000121832,-0.000158783,-0.000199149,-0.000241632,-0.000284807,-0.00032716,-0.000367031,-0.000402821,-0.000432997,-0.000456234,-0.000471417,-0.000477626,-0.000474431,-0.000461731,-0.000439957,-0.000409959,-0.00037293,-0.000330664,-0.000285048,-0.000238253,-0.000192427,-0.000149454
-0.000118696,-0.000154848,-0.000194382,-0.000236015,-0.000278308,-0.000319779,-0.000358896,-0.000393937,-0.000423533,-0.000446304,-0.000461142,-0.000467241,-0.000464067,-0.000451642,-0.000430264,-0.00040084,-0.000364533,-0.000323112,-0.000278413,-0.000232531,-0.000187656,-0.000145615
-0.000115555,-0.000150926,-0.000189586,-0.000230332,-0.000271766,-0.00031236,-0.00035067,-0.000385009,-0.000413972,-0.000436277,-0.000450814,-0.000456775,-0.000453667,-0.000441465,-0.000420495,-0.000391651,-0.000356075,-0.000315492,-0.000271701,-0.000226816,-0.000182899,-0.000141792
-0.000112569,-0.000147168,-0.000185021,-0.000224934,-0.00026552,-0.000305306,-0.000342822,-0.000376474,-0.000404865,-0.000426711,-0.000440948,-0.000446787,-0.00044373,-0.00043174,-0.000411191,-0.000382887,-0.000348018,-0.000308215,-0.000265337,-0.000221357,-0.000178375,-0.000138151
-0.000109646,-0.000143499,-0.000180546,-0.000219639,-0.00025939,-0.000298393,-0.000335112,-0.000368096,-0.000395941,-0.000417326,-0.000431298,-0.000436992,-0.000433956,-0.000422219,-0.000402031,-0.000374287,-0.000340111,-0.000301087,-0.000259082,-0.000216016,-0.000173938,-0.00013458
-0.000106776,-0.000139908,-0.000176171,-0.000214437,-0.00025336,-0.000291558,-0.000327586,-0.000359886,-0.000387128,-0.0004081,-0.000421751,-0.000427343,-0.000424363,-0.000412822,-0.000393048,-0.000365831,-0.000332327,-0.000294094,-0.000252958,-0.000210768,-0.000169597,-0.000131096
-0.000104004,-0.00013642,-0.000171912,-0.000209408,-0.00024753,-0.000284977,-0.000320209,-0.000351894,-0.000378603,-0.000399137,-0.000412527,-0.00041797,-0.000415035,-0.000403719,-0.000384301,-0.000357632,-0.000324781,-0.000287333,-0.000246982,-0.000205695,-0.000165347,-0.000127729
-0.000101324,-0.000133008,-0.000167775,-0.000204474,-0.000241841,-0.000278517,-0.000313047,-0.000344082,-0.000370238,-0.000390382,-0.000403483,-0.000408805,-0.000405931,-0.000394797,-0.000375765,-0.000349597,-0.000317415,-0.000280683,-0.000241184,-0.000200734,-0.000161284,-0.000124438
-9.86694e-05,-0.000129654,-0.000163692,-0.000199618,-0.000236195,-0.000272137,-0.000305967,-0.000336356,-0.000362004,-0.000381713,-0.000394549,-0.000399753,-0.000396902,-0.000385994,-0.000367329,-0.000341689,-0.000310113,-0.000274154,-0.000235437,-0.000195842,-0.000157217,-0.000121194
-9.6141e-05,-0.000126467,-0.000159785,-0.000194976,-0.000230825,-0.00026601,-0.000299201,-0.000328984,-0.000354104,-0.000373429,-0.000385988,-0.000391101,-0.000388296,-0.000377591,-0.000359271,-0.000334115,-0.000303159,-0.000267888,-0.000229958,-0.000191172,-0.000153366,-0.000118112
-9.36922e-05,-0.0001234,-0.000156027,-0.000190517,-0.000225652,-0.000260146,-0.000292669,-0.000321864,-0.000346509,-0.000365446,-0.000377752,-0.000382763,-0.000379986,-0.000369483,-0.000351499,-0.000326795,-0.000296447,-0.000261868,-0.000224686,-0.000186679,-0.000149643,-0.00011515
-9.13303e-05,-0.00012041,-0.000152363,-0.000186164,-0.000220593,-0.000254416,-0.000286293,-0.000314931,-0.000339086,-0.00035764,-0.000369727,-0.000374612,-0.000371881,-0.00036157,-0.00034391,-0.000319675,-0.000289911,-0.000255988,-0.000219559,-0.000182294,-0.000146031,-0.000112238
-8.90345e-05,-0.000117514,-0.000148794,-0.00018192,-0.000215676,-0.000248823,-0.000280116,-0.000308186,-0.000331863,-0.000350064,-0.000361897,-0.000366665,-0.000363987,-0.000353868,-0.000336551,-0.000312763,-0.000283547,-0.000250285,-0.000214574,-0.000178049,-0.000142496,-0.000109441
-8.66501e-05,-0.000114483,-0.000145104,-0.000177521,-0.000210555,-0.000243017,-0.000273647,-0.000301133,-0.000324334,-0.000342151,-0.000353718,-0.000358391,-0.000355768,-0.000345792,-0.000328833,-0.000305537,-0.000276898,-0.000244348,-0.000209339,-0.000173616,-0.000138864,-0.000106546
-8.44414e-05,-0.000111689,-0.000141683,-0.000173436,-0.000205806,-0.000237632,-0.000267665,-0.00029461,-0.000317345,-0.000334813,-0.000346141,-0.000350724,-0.000348127,-0.00033836,-0.000321696,-0.000298844,-0.000270765,-0.000238818,-0.000204529,-0.000169521,-0.000135487,-0.000103847
-8.22699e-05,-0.000108916,-0.000138277,-0.000169386,-0.000201115,-0.0002323,-0.000261703,-0.000288121,-0.000310404,-0.000327523,-0.000338628,-0.000343095,-0.00034055,-0.00033095,-0.0003146,-0.000292203,-0.000264662,-0.000233354,-0.000199742,-0.000165471,-0.000132124,-0.000101197
-8.01936e-05,-0.000106288,-0.000135053,-0.000165536,-0.000196654,-0.000227215,-0.000256046,-0.000281947,-0.000303795,-0.000320585,-0.000331473,-0.000335856,-0.000333326,-0.000323897,-0.000307848,-0.000285861,-0.000258849,-0.000228152,-0.000195191,-0.000161608,-0.000128962,-9.86732e-05
-7.8195e-05,-0.000103735,-0.000131926,-0.000161793,-0.000192303,-0.000222256,-0.000250562,-0.000275943,-0.000297371,-0.00031383,-0.000324496,-0.000328788,-0.000326288,-0.000317044,-0.000301294,-0.000279706,-0.000253201,-0.000223086,-0.000190789,-0.000157856,-0.000125883,-9.62032e-05
-7.62336e-05,-0.00010124,-0.000128854,-0.000158141,-0.000188049,-0.000217446,-0.000245173,-0.000270072,-0.00029109,-0.000307228,-0.00031769,-0.000321877,-0.000319421,-0.000310328,-0.000294879,-0.000273691,-0.000247688,-0.00021815,-0.000186473,-0.00015421,-0.000122864,-9.38308e-05
-7.43126e-05,-9.88114e-05,-0.000125854,-0.000154559,-0.000183866,-0.000212674,-0.00023988,-0.000264305,-0.000284918,-0.000300738,-0.000310992,-0.000315103,-0.000312669,-0.000303755,-0.000288571,-0.000267776,-0.000242273,-0.000213296,-0.000182253,-0.000150602,-0.000119917,-9.14866e-05
-7.24201e-05,-9.63908e-05,-0.000122875,-0.00015099,-0.000179732,-0.000207983,-0.000234625,-0.000258583,-0.000278778,-0.000294289,-0.000304341,-0.000308356,-0.000305962,-0.000297213,-0.000282304,-0.000261892,-0.000236898,-0.000208468,-0.000178039,-0.000147062,-0.000117004,-8.91737e-05
-7.05763e-05,-9.40367e-05,-0.000119985,-0.000147544,-0.000175696,-0.000203396,-0.000229518,-0.000253009,-0.000272817,-0.00028802,-0.000297862,-0.000301793,-0.000299435,-0.00029084,-0.000276212,-0.000256196,-0.000231658,-0.000203809,-0.000173956,-0.0001436,-0.000114157,-8.69302e-05
-6.8865e-05,-9.18689e-05,-0.000117285,-0.000144303,-0.000171937,-0.000199111,-0.000224757,-0.0002478,-0.000267214,-0.000282147,-0.000291799,-0.000295659,-0.00029335,-0.00028487,-0.000270493,-0.000250869,-0.000226757,-0.000199436,-0.000170134,-0.000140382,-0.000111524,-8.48605e-05
-6.71234e-05,-8.96212e-05,-0.000114557,-0.000141028,-0.000168109,-0.000194749,-0.000219884,-0.000242492,-0.000261547,-0.000276182,-0.000285643,-0.000289399,-0.000287124,-0.000278818,-0.000264693,-0.000245441,-0.000221792,-0.000194985,-0.000166259,-0.000137089,-0.000108814,-8.2726e-05
-6.54083e-05,-8.7435e-05,-0.000111838,-0.000137778,-0.000164314,-0.000190423,-0.00021508,-0.000237227,-0.000255912,-0.000270248,-0.00027952,-0.000283196,-0.000280969,-0.000272798,-0.00025895,-0.000240052,-0.000216863,-0.000190577,-0.000162431,-0.000133845,-0.00010616,-8.06281e-05
-6.38194e-05,-8.53872e-05,-0.000109317,-0.000134745,-0.000160781,-0.000186396,-0.000210601,-0.000232326,-0.000250651,-0.000264713,-0.00027381,-0.000277408,-0.00027521,-0.000267194,-0.000253591,-0.000235017,-0.000212266,-0.000186468,-0.000158863,-0.00013082,-0.00010369,-7.86765e-05
-6.22454e-05,-8.33958e-05,-0.00010685,-0.000131797,-0.000157332,-0.000182452,-0.000206201,-0.000227514,-0.00024552,-0.000259304,-0.000268222,-0.00027177,-0.000269588,-0.000261696,-0.000248321,-0.00023013,-0.000207766,-0.000182454,-0.000155355,-0.000127863,-0.000101265,-7.67798e-05
-6.06838e-05,-8.13762e-05,-0.000104342,-0.000128795,-0.000153831,-0.000178459,-0.000201745,-0.000222674,-0.000240306,-0.000253855,-0.000262582,-0.000266043,-0.000263888,-0.000256159,-0.000243044,-0.000225133,-0.000203224,-0.000178385,-0.000151847,-0.000124901,-9.88449e-05,-7.48535e-05
-5.915e-05,-7.94049e-05,-0.000101912,-0.000125875,-0.000150416,-0.000174575,-0.000197411,-0.000217916,-0.000235223,-0.000248493,-0.000257051,-0.000260441,-0.000258323,-0.000250717,-0.000237845,-0.000220275,-0.000198779,-0.000174412,-0.00014838,-0.000121981,-9.64692e-05,-7.29799e-05
-5.77151e-05,-7.75723e-05,-9.96321e-05,-0.000123141,-0.000147225,-0.000170928,-0.000193334,-0.000213476,-0.000230453,-0.000243475,-0.000251873,-0.000255193,-0.000253105,-0.000245634,-0.000232978,-0.000215732,-0.000194614,-0.000170709,-0.000145166,-0.000119262,-9.42449e-05,-7.12383e-05
-5.62788e-05,-7.57194e-05,-9.73331e-05,-0.000120386,-0.000144004,-0.000167252,-0.000189233,-0.000208983,-0.000225641,-0.000238417,-0.00024665,-0.000249892,-0.000247834,-0.000240489,-0.000228078,-0.000211127,-0.000190417,-0.000166957,-0.00014191,-0.000116529,-9.20092e-05,-6.94776e-05
-5.48688e-05,-7.39017e-05,-9.50859e-05,-0.000117673,-0.000140832,-0.000163635,-0.000185192,-0.000204563,-0.000220901,-0.000233431,-0.000241504,-0.000244678,-0.00024265,-0.000235434,-0.000223241,-0.000206616,-0.00018629,-0.000163276,-0.000138713,-0.00011383,-8.98148e-05,-6.77528e-05
-5.35711e-05,-7.22238e-05,-9.30093e-05,-0.000115155,-0.0001379,-0.000160278,-0.000181452,-0.000200475,-0.000216513,-0.000228809,-0.000236738,-0.000239839,-0.00023786,-0.000230746,-0.000218771,-0.000202425,-0.000182461,-0.000159865,-0.00013575,-0.00011134,-8.77913e-05,-6.61663e-05
-5.2226e-05,-7.04875e-05,-9.08485e-05,-0.000112578,-0.00013487,-0.000156819,-0.00017758,-0.000196236,-0.000211969,-0.000224034,-0.000231803,-0.000234843,-0.000232871,-0.000225904,-0.000214136,-0.000198102,-0.000178515,-0.000156338,-0.0001327,-0.000108761,-8.56896e-05,-6.45171e-05
-5.095e-05,-6.88423e-05,-8.88028e-05,-0.000110113,-0.000131984,-0.000153523,-0.000173898,-0.000192206,-0.000207647,-0.000219487,-0.000227107,-0.000230085,-0.000228138,-0.00022129,-0.00020973,-0.000193985,-0.000174754,-0.000152988,-0.000129795,-0.000106319,-8.36989e-05,-6.29595e-05
-4.97277e-05,-6.72665e-05,-8.68344e-05,-0.000107748,-0.000129211,-0.000150356,-0.000170353,-0.000188338,-0.000203494,-0.000215124,-0.00022259,-0.000225511,-0.000223598,-0.000216855,-0.000205502,-0.000190025,-0.000171138,-0.000149773,-0.000127003,-0.000103982,-8.17923e-05,-6.14754e-05
-4.85181e-05,-6.57113e-05,-8.49052e-05,-0.000105417,-0.000126473,-0.000147228,-0.000166848,-0.000184499,-0.000199378,-0.000210788,-0.000218124,-0.000220989,-0.000219083,-0.000212459,-0.000201299,-0.000186115,-0.000167564,-0.000146595,-0.000124247,-0.000101655,-7.99185e-05,-5.99989e-05
-4.73447e-05,-6.41893e-05,-8.30099e-05,-0.000103121,-0.000123784,-0.000144156,-0.000163435,-0.000180753,-0.000195367,-0.000206554,-0.00021375,-0.000216557,-0.000214696,-0.000208174,-0.000197214,-0.000182274,-0.000164063,-0.000143477,-0.000121545,-9.93948e-05,-7.8081e-05,-5.8563e-05
-4.61776e-05,-6.26751e-05,-8.11232e-05,-0.000100849,-0.000121116,-0.000141102,-0.000160015,-0.00017701,-0.000191344,-0.000202324,-0.00020938,-0.000212122,-0.000210282,-0.000203888,-0.000193115,-0.000178453,-0.000160581,-0.000140372,-0.000118869,-9.71363e-05,-7.62463e-05,-5.71297e-05
-4.50499e-05,-6.12163e-05,-7.92977e-05,-9.86476e-05,-0.000118542,-0.000138145,-0.000156706,-0.000173389,-0.000187457,-0.000198231,-0.000205152,-0.000207848,-0.000206028,-0.000199738,-0.000189153,-0.000174761,-0.000157202,-0.000137375,-0.000116267,-9.49605e-05,-7.44753e-05,-5.57558e-05
-4.39592e-05,-5.97951e-05,-7.75238e-05,-9.65101e-05,-0.000116028,-0.000135272,-0.000153489,-0.000169868,-0.000183673,-0.000194259,-0.000201045,-0.000203675,-0.00020189,-0.000195701,-0.000185309,-0.000171162,-0.000153926,-0.000134459,-0.000113745,-9.28517e-05,-7.27651e-05,-5.44234e-05
-4.2922e-05,-5.84393e-05,-7.58472e-05,-9.44662e-05,-0.000113632,-0.000132533,-0.000150414,-0.000166503,-0.000180065,-0.000190448,-0.000197124,-0.000199693,-0.000197931,-0.000191851,-0.000181625,-0.000167725,-0.000150792,-0.000131679,-0.000111341,-9.0831e-05,-7.11291e-05,-5.3151e-05
-4.18899e-05,-5.71002e-05,-7.41582e-05,-9.24337e-05,-0.000111246,-0.000129805,-0.000147361,-0.000163157,-0.000176467,-0.000186663,-0.000193201,-0.000195726,-0.000193996,-0.000188005,-0.000177963,-0.000164309,-0.000147678,-0.000128903,-0.000108945,-8.88264e-05,-6.95103e-05,-5.18866e-05
-4.08731e-05,-5.57793e-05,-7.25062e-05,-9.0442e-05,-0.000108899,-0.000127102,-0.000144343,-0.000159852,-0.000172917,-0.000182935,-0.000189344,-0.000191825,-0.000190104,-0.000184235,-0.000174357,-0.000160937,-0.000144609,-0.000126178,-0.000106591,-8.6852e-05,-6.79077e-05,-5.06457e-05
-3.99028e-05,-5.45109e-05,-7.09197e-05,-8.85211e-05,-0.000106638,-0.000124522,-0.000141447,-0.000156675,-0.000169511,-0.000179338,-0.000185635,-0.00018806,-0.000186377,-0.000180591,-0.000170883,-0.000157707,-0.000141657,-0.000123556,-0.000104324,-8.4956e-05,-6.63708e-05,-4.94572e-05
-3.89374e-05,-5.32647e-05,-6.93493e-05,-8.66219e-05,-0.000104403,-0.000121957,-0.000138581,-0.000153537,-0.000166133,-0.000175787,-0.000181965,-0.000184338,-0.000182674,-0.000176985,-0.00016745,-0.000154492,-0.000138733,-0.000120967,-0.000102085,-8.30879e-05,-6.48669e-05,-4.82841e-05
-3.80006e-05,-5.20351e-05,-6.78197e-05,-8.47603e-05,-0.000102211,-0.000119442,-0.000135764,-0.000150441,-0.000162817,-0.000172288,-0.00017835,-0.000180682,-0.000179033,-0.000173442,-0.000164068,-0.000151344,-0.000135867,-0.000118413,-9.98869e-05,-8.12457e-05,-6.33829e-05,-4.71312e-05
-3.71078e-05,-5.0868e-05,-6.6354e-05,-8.29834e-05,-0.00010012,-0.00011705,-0.000133076,-0.000147497,-0.000159652,-0.000168957,-0.000174909,-0.000177187,-0.000175572,-0.000170063,-0.000160849,-0.000148348,-0.000133132,-0.00011599,-9.77964e-05,-7.94992e-05,-6.19685e-05,-4.60382e-05
-3.62228e-05,-4.97093e-05,-6.48978e-05,-8.12218e-05,-9.80475e-05,-0.000114659,-0.000130402,-0.000144558,-0.000156496,-0.000165627,-0.000171477,-0.000173706,-0.000172101,-0.000166698,-0.000157635,-0.000145347,-0.000130409,-0.00011357,-9.57201e-05,-7.77558e-05,-6.05666e-05,-4.49506e-05
-3.53609e-05,-4.85886e-05,-6.34879e-05,-7.95112e-05,-9.60305e-05,-0.000112341,-0.000127805,-0.00014171,-0.000153433,-0.000162402,-0.000168141,-0.000170335,-0.000168748,-0.000163429,-0.000154519,-0.000142451,-0.000127769,-0.000111232,-9.36992e-05,-7.60699e-05,-5.92125e-05,-4.39007e-05
-3.45301e-05,-4.74946e-05,-6.21117e-05,-7.7843e-05,-9.4062e-05,-0.00011009,-0.000125274,-0.000138941,-0.000150453,-0.00015927,-0.000164896,-0.000167044,-0.000165483,-0.000160251,-0.000151499,-0.000139618,-0.000125196,-0.000108953,-9.17335e-05,-7.44402e-05,-5.78933e-05,-4.2882e-05
-3.3711e-05,-4.64209e-05,-6.07647e-05,-7.6205e-05,-9.21304e-05,-0.000107872,-0.000122779,-0.000136206,-0.000147517,-0.000156171,-0.000161701,-0.000163806,-0.000162256,-0.000157117,-0.000148504,-0.000136831,-0.000122665,-0.000106709,-8.98042e-05,-7.28259e-05,-5.65963e-05,-4.18796e-05
-3.29079e-05,-4.53706e-05,-5.94407e-05,-7.45931e-05,-9.02301e-05,-0.000105684,-0.000120335,-0.000133519,-0.000144626,-0.000153123,-0.000158552,-0.000160615,-0.000159091,-0.000154032,-0.000145568,-0.000134094,-0.000120171,-0.000104502,-8.79043e-05,-7.12402e-05,-5.53219e-05,-4.08965e-05
-3.21301e-05,-4.43493e-05,-5.81485e-05,-7.30212e-05,-8.83757e-05,-0.000103558,-0.000117947,-0.0001309,-0.00014181,-0.000150154,-0.000155485,-0.000157507,-0.000156009,-0.000151028,-0.000142701,-0.000131427,-0.000117745,-0.000102358,-8.60557e-05,-6.97012e-05,-5.40855e-05,-3.99476e-05
-3.13752e-05,-4.33576e-05,-5.69045e-05,-7.14999e-05,-8.65789e-05,-0.000101492,-0.000115631,-0.00012835,-0.00013907,-0.000147267,-0.000152505,-0.00015448,-0.000153006,-0.000148103,-0.000139911,-0.000128838,-0.000115392,-0.000100271,-8.42608e-05,-6.82035e-05,-5.2883e-05,-3.90241e-05
-3.06491e-05,-4.23997e-05,-5.5696e-05,-7.00302e-05,-8.48402e-05,-9.94936e-05,-0.000113386,-0.000125886,-0.000136421,-0.000144474,-0.000149619,-0.000151554,-0.000150107,-0.000145275,-0.000137219,-0.000126334,-0.000113112,-9.82542e-05,-8.25256e-05,-6.67621e-05,-5.17245e-05,-3.81325e-05
-2.99182e-05,-4.14362e-05,-5.44819e-05,-6.85498e-05,-8.30913e-05,-9.74789e-05,-0.000111122,-0.000123401,-0.000133749,-0.000141659,-0.000146707,-0.000148608,-0.000147169,-0.000142424,-0.000134504,-0.000123802,-0.000110818,-9.62223e-05,-8.07809e-05,-6.53084e-05,-5.05619e-05,-3.72343e-05
-2.92269e-05,-4.05227e-05,-5.33279e-05,-6.71446e-05,-8.14337e-05,-9.55725e-05,-0.000108974,-0.000121046,-0.000131214,-0.00013899,-0.000143949,-0.000145811,-0.00014439,-0.000139717,-0.000131931,-0.000121401,-0.000108639,-9.42967e-05,-7.91255e-05,-6.39385e-05,-4.94618e-05,-3.63905e-05
-2.85326e-05,-3.9609e-05,-5.2169e-05,-6.57345e-05,-7.9762e-05,-9.36468e-05,-0.000106818,-0.000118673,-0.000128662,-0.000136297,-0.000141164,-0.000142993,-0.000141591,-0.000136996,-0.000129339,-0.00011899,-0.000106447,-9.2357e-05,-7.74654e-05,-6.25537e-05,-4.83525e-05,-3.55366e-05
-2.78735e-05,-3.87402e-05,-5.10691e-05,-6.43913e-05,-7.81742e-05,-9.18136e-05,-0.000104762,-0.000116413,-0.000126229,-0.000133732,-0.000138512,-0.000140307,-0.000138922,-0.000134399,-0.000126868,-0.000116692,-0.000104358,-9.05135e-05,-7.58802e-05,-6.12357e-05,-4.72999e-05,-3.47289e-05
-2.72258e-05,-3.78833e-05,-4.99809e-05,-6.30664e-05,-7.66055e-05,-9.00097e-05,-0.000102736,-0.000114185,-0.000123832,-0.000131203,-0.000135902,-0.000137658,-0.000136298,-0.000131844,-0.000124434,-0.000114429,-0.000102305,-8.86949e-05,-7.43227e-05,-5.99421e-05,-4.62642e-05,-3.39353e-05
-2.65961e-05,-3.70511e-05,-4.8925e-05,-6.17729e-05,-7.50737e-05,-8.8247e-05,-0.000100751,-0.000112008,-0.000121487,-0.00012873,-0.000133345,-0.000135067,-0.000133723,-0.000129342,-0.00012205,-0.00011221,-0.000100293,-8.69232e-05,-7.27996e-05,-5.86812e-05,-4.52565e-05,-3.31643e-05
-2.5983e-05,-3.62379e-05,-4.78981e-05,-6.05176e-05,-7.35842e-05,-8.65307e-05,-9.88186e-05,-0.000109882,-0.000119202,-0.000126321,-0.000130851,-0.000132538,-0.000131213,-0.000126901,-0.000119731,-0.000110053,-9.83359e-05,-8.51894e-05,-7.13193e-05,-5.74473e-05,-4.42709e-05,-3.24075e-05
-2.53774e-05,-3.54338e-05,-4.68783e-05,-5.92694e-05,-7.21065e-05,-8.48299e-05,-9.6903e-05,-0.000107771,-0.000116931,-0.000123929,-0.000128381,-0.000130037,-0.000128725,-0.000124479,-0.000117425,-0.00010791,-9.63928e-05,-8.34777e-05,-6.98471e-05,-5.62349e-05,-4.32989e-05,-3.16661e-05
-2.47974e-05,-3.46608e-05,-4.58957e-05,-5.80703e-05,-7.06823e-05,-8.31844e-05,-9.50533e-05,-0.000105736,-0.000114742,-0.000121617,-0.000125993,-0.000127613,-0.00012632,-0.000122143,-0.000115201,-0.000105849,-9.45224e-05,-8.18241e-05,-6.84336e-05,-5.50603e-05,-4.23624e-05,-3.09495e-05
-2.4217e-05,-3.38914e-05,-4.49182e-05,-5.68716e-05,-6.92631e-05,-8.15489e-05,-9.32105e-05,-0.000103713,-0.000112561,-0.000119317,-0.000123615,-0.000125206,-0.000123928,-0.000119818,-0.00011299,-0.000103786,-9.26557e-05,-8.01776e-05,-6.70239e-05,-5.38929e-05,-4.14342e-05,-3.02407e-05
-2.36603e-05,-3.31516e-05,-4.39779e-05,-5.57187e-05,-6.78938e-05,-7.99684e-05,-9.1432e-05,-0.000101757,-0.000110454,-0.000117096,-0.000121317,-0.000122878,-0.000121617,-0.000117571,-0.000110852,-0.000101801,-9.08562e-05,-7.85903e-05,-6.56639e-05,-5.27682e-05,-4.05378e-05,-2.95567e-05
-2.31216e-05,-3.24372e-05,-4.30684e-05,-5.46001e-05,-6.65675e-05,-7.84381e-05,-8.97102e-05,-9.98613e-05,-0.000108415,-0.000114943,-0.000119091,-0.000120621,-0.000119377,-0.00011539,-0.000108778,-9.98753e-05,-8.9112e-05,-7.70543e-05,-6.43508e-05,-5.16792e-05,-3.96724e-05,-2.88953e-05
-2.25892e-05,-3.17239e-05,-4.21618e-05,-5.34918e-05,-6.5247e-05,-7.69138e-05,-8.79943e-05,-9.79731e-05,-0.000106379,-0.000112797,-0.000116871,-0.000118374,-0.000117146,-0.000113221,-0.000106718,-9.79617e-05,-8.73742e-05,-7.55246e-05,-6.30408e-05,-5.05976e-05,-3.88108e-05,-2.82399e-05
-2.20765e-05,-3.10451e-05,-4.12916e-05,-5.24249e-05,-6.39823e-05,-7.54508e-05,-8.63467e-05,-9.61596e-05,-0.000104427,-0.000110733,-0.00011474,-0.000116218,-0.000115001,-0.00011114,-0.000104737,-9.6119e-05,-8.57066e-05,-7.4058e-05,-6.17863e-05,-4.95608e-05,-3.79863e-05,-2.76142e-05
-2.15674e-05,-3.03622e-05,-4.04239e-05,-5.13568e-05,-6.27115e-05,-7.39843e-05,-8.46935e-05,-9.43396e-05,-0.000102464,-0.000108665,-0.000112603,-0.000114044,-0.000112851,-0.000109043,-0.000102749,-9.4275e-05,-8.40373e-05,-7.25827e-05,-6.05284e-05,-4.8522e-05,-3.71603e-05,-2.69849e-05
-2.10779e-05,-2.97082e-05,-3.95897e-05,-5.03319e-05,-6.1494e-05,-7.25767e-05,-8.3107e-05,-9.25939e-05,-0.000100586,-0.00010668,-0.000110549,-0.000111966,-0.000110786,-0.000107035,-0.00010084,-9.25045e-05,-8.24333e-05,-7.11715e-05,-5.93218e-05,-4.75268e-05,-3.63702e-05,-2.63859e-05
-2.05997e-05,-2.90688e-05,-3.87752e-05,-4.93301e-05,-6.03033e-05,-7.12015e-05,-8.15541e-05,-9.08833e-05,-9.87417e-05,-0.000104736,-0.000108539,-0.00010993,-0.000108763,-0.000105075,-9.89724e-05,-9.07676e-05,-8.08656e-05,-6.97893e-05,-5.81423e-05,-4.65498e-05,-3.5595e-05,-2.57986e-05
-2.01296e-05,-2.84384e-05,-3.7966e-05,-4.83357e-05,-5.91202e-05,-6.98329e-05,-8.00127e-05,-8.91838e-05,-9.69104e-05,-0.000102806,-0.000106541,-0.000107904,-0.000106751,-0.000103118,-9.71158e-05,-8.90455e-05,-7.93066e-05,-6.84178e-05,-5.69748e-05,-4.55873e-05,-3.4831e-05,-2.52172e-05
-1.96745e-05,-2.78307e-05,-3.71882e-05,-4.73783e-05,-5.79795e-05,-6.85123e-05,-7.85228e-05,-8.75439e-05,-9.51425e-05,-0.000100939,-0.000104611,-0.000105949,-0.000104811,-0.000101235,-9.53248e-05,-8.73818e-05,-7.78037e-05,-6.70957e-05,-5.58461e-05,-4.46581e-05,-3.40929e-05,-2.46585e-05
-1.92314e-05,-2.72348e-05,-3.64224e-05,-4.64396e-05,-5.68596e-05,-6.72167e-05,-7.70639e-05,-8.59339e-05,-9.34078e-05,-9.91064e-05,-0.000102716,-0.000104028,-0.000102907,-9.93819e-05,-9.35688e-05,-8.57532e-05,-7.63272e-05,-6.57986e-05,-5.47407e-05,-4.37448e-05,-3.3373e-05,-2.41107e-05
-1.87934e-05,-2.66454e-05,-3.56704e-05,-4.55109e-05,-5.57523e-05,-6.59343e-05,-7.56173e-05,-8.43415e-05,-9.16889e-05,-9.72933e-05,-0.000100842,-0.000102129,-0.000101022,-9.75501e-05,-9.18267e-05,-8.41389e-05,-7.48677e-05,-6.45163e-05,-5.36453e-05,-4.28448e-05,-3.26587e-05,-2.35729e-05
-1.83718e-05,-2.60813e-05,-3.49477e-05,-4.46191e-05,-5.469e-05,-6.47067e-05,-7.42282e-05,-8.2812e-05,-9.00389e-05,-9.55508e-05,-9.90401e-05,-0.000100301,-9.92093e-05,-9.57908e-05,-9.01546e-05,-8.25871e-05,-7.34663e-05,-6.32841e-05,-5.25949e-05,-4.1982e-05,-3.19745e-05,-2.30563e-05
-1.79534e-05,-2.55171e-05,-3.42231e-05,-4.3726e-05,-5.36234e-05,-6.347e-05,-7.28345e-05,-8.12734e-05,-8.83812e-05,-9.38003e-05,-9.72296e-05,-9.84668e-05,-9.73885e-05,-9.40218e-05,-8.84755e-05,-8.10313e-05,-7.20594e-05,-6.20475e-05,-5.15435e-05,-4.11159e-05,-3.12909e-05,-2.25395e-05
-1.75526e-05,-2.49791e-05,-3.35337e-05,-4.28731e-05,-5.26062e-05,-6.22949e-05,-7.15039e-05,-7.98069e-05,-8.68008e-05,-9.21329e-05,-9.55036e-05,-9.67183e-05,-9.56509e-05,-9.23352e-05,-8.68769e-05,-7.95458e-05,-7.07189e-05,-6.08702e-05,-5.05402e-05,-4.0294e-05,-3.06384e-05,-2.20474e-05
-1.71596e-05,-2.44482e-05,-3.28501e-05,-4.20332e-05,-5.16025e-05,-6.11268e-05,-7.01871e-05,-7.83572e-05,-8.52333e-05,-9.04775e-05,-9.3793e-05,-9.49839e-05,-9.39314e-05,-9.0665e-05,-8.52881e-05,-7.80775e-05,-6.93915e-05,-5.97028e-05,-4.95494e-05,-3.94767e-05,-2.9996e-05,-2.1562e-05
-1.67726e-05,-2.3927e-05,-3.21803e-05,-4.12032e-05,-5.06129e-05,-5.99816e-05,-6.88926e-05,-7.69263e-05,-8.36934e-05,-8.88509e-05,-9.21104e-05,-9.32781e-05,-9.22409e-05,-8.90231e-05,-8.37284e-05,-7.66319e-05,-6.80874e-05,-5.85576e-05,-4.85738e-05,-3.86748e-05,-2.93645e-05,-2.10861e-05
-1.63978e-05,-2.34198e-05,-3.15273e-05,-4.03967e-05,-4.96497e-05,-5.8862e-05,-6.76293e-05,-7.55329e-05,-8.219e-05,-8.72623e-05,-9.04669e-05,-9.16144e-05,-9.05891e-05,-8.74182e-05,-8.22064e-05,-7.52216e-05,-6.6814e-05,-5.74419e-05,-4.76245e-05,-3.78956e-05,-2.87496e-05,-2.0624e-05
-1.60338e-05,-2.29283e-05,-3.0894e-05,-3.9613e-05,-4.87133e-05,-5.77759e-05,-6.64018e-05,-7.41788e-05,-8.07282e-05,-8.57172e-05,-8.88714e-05,-8.99964e-05,-8.89854e-05,-8.58617e-05,-8.07298e-05,-7.38523e-05,-6.55765e-05,-5.63563e-05,-4.67018e-05,-3.71389e-05,-2.81534e-05,-2.01748e-05
-1.56762e-05,-2.24443e-05,-3.02704e-05,-3.8842e-05,-4.77887e-05,-5.67051e-05,-6.51927e-05,-7.28427e-05,-7.92875e-05,-8.4197e-05,-8.72972e-05,-8.83989e-05,-8.74023e-05,-8.43229e-05,-7.92703e-05,-7.25e-05,-6.43589e-05,-5.52877e-05,-4.57948e-05,-3.63945e-05,-2.75655e-05,-1.97336e-05
-1.53255e-05,-2.19708e-05,-2.96603e-05,-3.80837e-05,-4.68845e-05,-5.56564e-05,-6.40041e-05,-7.15313e-05,-7.78719e-05,-8.27004e-05,-8.57485e-05,-8.68332e-05,-8.58447e-05,-8.28148e-05,-7.78371e-05,-7.1173e-05,-6.31635e-05,-5.42398e-05,-4.49049e-05,-3.56637e-05,-2.69922e-05,-1.93034e-05
-1.49884e-05,-2.15111e-05,-2.90673e-05,-3.73512e-05,-4.60082e-05,-5.46361e-05,-6.28497e-05,-7.02584e-05,-7.64976e-05,-8.12497e-05,-8.42457e-05,-8.53099e-05,-8.43379e-05,-8.13473e-05,-7.64451e-05,-6.98897e-05,-6.19994e-05,-5.32248e-05,-4.40396e-05,-3.49563e-05,-2.64346e-05,-1.88837e-05
-1.46517e-05,-2.10552e-05,-2.84765e-05,-3.66188e-05,-4.51313e-05,-5.36167e-05,-6.16984e-05,-6.8985e-05,-7.51235e-05,-7.97971e-05,-8.27449e-05,-8.37896e-05,-8.28266e-05,-7.98826e-05,-7.50588e-05,-6.86023e-05,-6.08415e-05,-5.22075e-05,-4.31778e-05,-3.4251e-05,-2.58805e-05,-1.84684e-05
-1.43275e-05,-2.06145e-05,-2.79071e-05,-3.5911e-05,-4.42822e-05,-5.2632e-05,-6.0584e-05,-6.77549e-05,-7.37956e-05,-7.83928e-05,-8.12929e-05,-8.23192e-05,-8.13677e-05,-7.84674e-05,-7.37146e-05,-6.73588e-05,-5.97217e-05,-5.12266e-05,-4.23461e-05,-3.35706e-05,-2.53464e-05,-1.80683e-05
-1.40114e-05,-2.01864e-05,-2.73547e-05,-3.52245e-05,-4.346e-05,-5.16786e-05,-5.95034e-05,-6.65609e-05,-7.25046e-05,-7.7031e-05,-7.98844e-05,-8.08899e-05,-7.99486e-05,-7.70921e-05,-7.24123e-05,-6.61502e-05,-5.86341e-05,-5.0273e-05,-4.15382e-05,-3.291e-05,-2.48278e-05,-1.76793e-05
-1.37015e-05,-1.9762e-05,-2.68046e-05,-3.45426e-05,-4.26425e-05,-5.07237e-05,-5.84243e-05,-6.53693e-05,-7.12191e-05,-7.56716e-05,-7.84766e-05,-7.94657e-05,-7.85375e-05,-7.57195e-05,-7.1112e-05,-6.49486e-05,-5.75507e-05,-4.93266e-05,-4.07343e-05,-3.22522e-05,-2.43115e-05,-1.72955e-05
-1.33989e-05,-1.93498e-05,-2.62705e-05,-3.38781e-05,-4.18468e-05,-4.97991e-05,-5.7376e-05,-6.4211e-05,-6.99699e-05,-7.43501e-05,-7.71077e-05,-7.80784e-05,-7.71635e-05,-7.43862e-05,-6.98461e-05,-6.37804e-05,-5.64974e-05,-4.84039e-05,-3.99544e-05,-3.16145e-05,-2.38112e-05,-1.69206e-05
-1.31068e-05,-1.89527e-05,-2.5754e-05,-3.32401e-05,-4.10769e-05,-4.89058e-05,-5.63645e-05,-6.30928e-05,-6.87599e-05,-7.30728e-05,-7.57873e-05,-7.67384e-05,-7.58371e-05,-7.30992e-05,-6.86261e-05,-6.26526e-05,-5.54799e-05,-4.75134e-05,-3.92011e-05,-3.09977e-05,-2.33292e-05,-1.65611e-05
-1.28192e-05,-1.85609e-05,-2.52467e-05,-3.2605e-05,-4.03182e-05,-4.80218e-05,-5.53621e-05,-6.19861e-05,-6.75633e-05,-7.18097e-05,-7.44787e-05,-7.54133e-05,-7.45186e-05,-7.18226e-05,-6.74173e-05,-6.15316e-05,-5.44727e-05,-4.66345e-05,-3.84549e-05,-3.03905e-05,-2.28537e-05,-1.62067e-05
-1.25365e-05,-1.8174e-05,-2.47455e-05,-3.1979e-05,-3.95666e-05,-4.71482e-05,-5.43711e-05,-6.08893e-05,-6.63803e-05,-7.05591e-05,-7.31842e-05,-7.41022e-05,-7.3219e-05,-7.05624e-05,-6.62219e-05,-6.04253e-05,-5.34816e-05,-4.57645e-05,-3.77194e-05,-2.97906e-05,-2.23827e-05,-1.58553e-05
-1.22616e-05,-1.77976e-05,-2.42544e-05,-3.13696e-05,-3.88356e-05,-4.6294e-05,-5.34047e-05,-5.98204e-05,-6.52243e-05,-6.9337e-05,-7.19206e-05,-7.28217e-05,-7.19496e-05,-6.93301e-05,-6.50562e-05,-5.93492e-05,-5.25087e-05,-4.49175e-05,-3.70023e-05,-2.92051e-05,-2.1926e-05,-1.55144e-05
-1.19949e-05,-1.74313e-05,-2.37781e-05,-3.07762e-05,-3.81209e-05,-4.54613e-05,-5.24606e-05,-5.87775e-05,-6.4098e-05,-6.81441e-05,-7.06882e-05,-7.15731e-05,-7.0711e-05,-6.81282e-05,-6.39157e-05,-5.82986e-05,-5.15638e-05,-4.40905e-05,-3.63045e-05,-2.86353e-05,-2.14803e-05,-1.51839e-05
-1.17314e-05,-1.70706e-05,-2.33089e-05,-3.0192e-05,-3.74184e-05,-4.46413e-05,-5.15323e-05,-5.775e-05,-6.29868e-05,-6.69696e-05,-6.94709e-05,-7.03398e-05,-6.94892e-05,-6.69437e-05,-6.27952e-05,-5.7261e-05,-5.06305e-05,-4.32766e-05,-3.56152e-05,-2.80754e-05,-2.10434e-05,-1.48583e-05
-1.14787e-05,-1.67229e-05,-2.28559e-05,-2.96263e-05,-3.67371e-05,-4.38474e-05,-5.06324e-05,-5.67548e-05,-6.19106e-05,-6.58316e-05,-6.82934e-05,-6.91471e-05,-6.83076e-05,-6.57969e-05,-6.17102e-05,-5.62593e-05,-4.97276e-05,-4.24891e-05,-3.49503e-05,-2.75337e-05,-2.06212e-05,-1.4544e-05
-1.12278e-05,-1.63794e-05,-2.24083e-05,-2.90668e-05,-3.60656e-05,-4.30644e-05,-4.97413e-05,-5.57675e-05,-6.08422e-05,-6.47053e-05,-6.71265e-05,-6.79653e-05,-6.71353e-05,-6.46613e-05,-6.06345e-05,-5.52639e-05,-4.88346e-05,-4.171e-05,-3.42906e-05,-2.69981e-05,-2.02016e-05,-1.42338e-05
-1.09879e-05,-1.60484e-05,-2.19775e-05,-2.85291e-05,-3.5415e-05,-4.23069e-05,-4.8884e-05,-5.48178e-05,-5.98178e-05,-6.36194e-05,-6.60057e-05,-6.68282e-05,-6.60088e-05,-6.35703e-05,-5.95983e-05,-5.43094e-05,-4.79769e-05,-4.09602e-05,-3.36593e-05,-2.64823e-05,-1.98012e-05,-1.39358e-05
-1.07433e-05,-1.57131e-05,-2.15384e-05,-2.7981e-05,-3.47563e-05,-4.15369e-05,-4.80084e-05,-5.38512e-05,-5.87708e-05,-6.25114e-05,-6.48577e-05,-6.56656e-05,-6.48556e-05,-6.24519e-05,-5.8542e-05,-5.33337e-05,-4.71e-05,-4.01953e-05,-3.30148e-05,-2.59584e-05,-1.93935e-05,-1.36348e-05
-1.05145e-05,-1.53986e-05,-2.11267e-05,-2.74664e-05,-3.41372e-05,-4.08135e-05,-4.71886e-05,-5.29417e-05,-5.77883e-05,-6.14739e-05,-6.37824e-05,-6.45766e-05,-6.37761e-05,-6.14049e-05,-5.75508e-05,-5.24184e-05,-4.6279e-05,-3.94772e-05,-3.2411e-05,-2.54668e-05,-1.90105e-05,-1.33504e-05
-1.02852e-05,-1.50809e-05,-2.07134e-05,-2.69475e-05,-3.35105e-05,-4.00851e-05,-4.63583e-05,-5.20229e-05,-5.67949e-05,-6.04209e-05,-6.26936e-05,-6.34734e-05,-6.26833e-05,-6.03461e-05,-5.65487e-05,-5.14935e-05,-4.54467e-05,-3.87537e-05,-3.17983e-05,-2.49708e-05,-1.86258e-05,-1.30661e-05
-1.00622e-05,-1.47752e-05,-2.03105e-05,-2.64441e-05,-3.29045e-05,-3.93738e-05,-4.55514e-05,-5.11297e-05,-5.58277e-05,-5.93992e-05,-6.16359e-05,-6.24015e-05,-6.1619e-05,-5.9315e-05,-5.55753e-05,-5.05941e-05,-4.46398e-05,-3.80512e-05,-3.12072e-05,-2.44909e-05,-1.82498e-05,-1.2789e-05
-9.84457e-06,-1.44739e-05,-1.99178e-05,-2.59504e-05,-3.23091e-05,-3.86787e-05,-4.47615e-05,-5.02537e-05,-5.48817e-05,-5.83969e-05,-6.05983e-05,-6.13513e-05,-6.05795e-05,-5.83075e-05,-5.46189e-05,-4.97132e-05,-4.38505e-05,-3.73639e-05,-3.06267e-05,-2.40196e-05,-1.78856e-05,-1.25196e-05
-9.63675e-06,-1.41854e-05,-1.95419e-05,-2.54773e-05,-3.17371e-05,-3.80106e-05,-4.40043e-05,-4.94157e-05,-5.39737e-05,-5.74371e-05,-5.9604e-05,-6.03439e-05,-5.95813e-05,-5.73391e-05,-5.37051e-05,-4.88675e-05,-4.30916e-05,-3.67035e-05,-3.00725e-05,-2.35683e-05,-1.75358e-05,-1.22619e-05
-9.43016e-06,-1.39006e-05,-1.91633e-05,-2.50077e-05,-3.11692e-05,-3.73466e-05,-4.32475e-05,-4.85796e-05,-5.30662e-05,-5.64791e-05,-5.86098e-05,-5.9336e-05,-5.85816e-05,-5.63713e-05,-5.27909e-05,-4.80247e-05,-4.23324e-05,-3.60442e-05,-2.95144e-05,-2.3118e-05,-1.71871e-05,-1.20047e-05
-9.22517e-06,-1.36141e-05,-1.87911e-05,-2.45378e-05,-3.05982e-05,-3.66816e-05,-4.24926e-05,-4.77384e-05,-5.21585e-05,-5.55157e-05,-5.7617e-05,-5.83295e-05,-5.75867e-05,-5.54068e-05,-5.18755e-05,-4.71844e-05,-4.15792e-05,-3.53884e-05,-2.89625e-05,-2.26699e-05,-1.68397e-05,-1.17482e-05
-9.02539e-06,-1.33395e-05,-1.84293e-05,-2.40847e-05,-3.00521e-05,-3.60417e-05,-4.17633e-05,-4.69323e-05,-5.12853e-05,-5.45926e-05,-5.66596e-05,-5.73597e-05,-5.66248e-05,-5.44742e-05,-5.09961e-05,-4.63706e-05,-4.08526e-05,-3.47541e-05,-2.84298e-05,-2.22405e-05,-1.65053e-05,-1.15036e-05
-8.83279e-06,-1.30697e-05,-1.80751e-05,-2.36379e-05,-2.95134e-05,-3.54084e-05,-4.10432e-05,-4.61335e-05,-5.04238e-05,-5.36781e-05,-5.57137e-05,-5.64023e-05,-5.56763e-05,-5.35553e-05,-5.01244e-05,-4.55697e-05,-4.01338e-05,-3.41296e-05,-2.7906e-05,-2.18156e-05,-1.61763e-05,-1.12608e-05
-8.64228e-06,-1.28075e-05,-1.77278e-05,-2.32043e-05,-2.89889e-05,-3.4793e-05,-4.03431e-05,-4.53581e-05,-4.95826e-05,-5.27883e-05,-5.47912e-05,-5.54682e-05,-5.47509e-05,-5.26592e-05,-4.9278e-05,-4.47908e-05,-3.94344e-05,-3.35222e-05,-2.73951e-05,-2.1401e-05,-1.58574e-05,-1.10274e-05
-8.46058e-06,-1.25531e-05,-1.73918e-05,-2.27819e-05,-2.84756e-05,-3.41935e-05,-3.9662e-05,-4.46003e-05,-4.87633e-05,-5.19231e-05,-5.3895e-05,-5.45588e-05,-5.38479e-05,-5.17873e-05,-4.84539e-05,-4.40303e-05,-3.8753e-05,-3.29295e-05,-2.68977e-05,-2.09999e-05,-1.55466e-05,-1.07976e-05
-8.2783e-06,-1.22989e-05,-1.70593e-05,-2.23601e-05,-2.79652e-05,-3.35975e-05,-3.8982e-05,-4.38468e-05,-4.79452e-05,-5.10555e-05,-5.29978e-05,-5.36507e-05,-5.29501e-05,-5.09166e-05,-4.76314e-05,-4.32708e-05,-3.80739e-05,-3.23396e-05,-2.64017e-05,-2.06001e-05,-1.5237e-05,-1.05717e-05
-8.1028e-06,-1.20551e-05,-1.67359e-05,-2.19546e-05,-2.74731e-05,-3.30209e-05,-3.8325e-05,-4.31166e-05,-4.71552e-05,-5.02216e-05,-5.21331e-05,-5.27732e-05,-5.20814e-05,-5.00753e-05,-4.68375e-05,-4.25379e-05,-3.74182e-05,-3.17709e-05,-2.5925e-05,-2.02149e-05,-1.49382e-05,-1.03529e-05
-7.93073e-06,-1.18142e-05,-1.64187e-05,-2.15542e-05,-2.69898e-05,-3.24523e-05,-3.76764e-05,-4.23988e-05,-4.6379e-05,-4.93973e-05,-5.12804e-05,-5.19107e-05,-5.12267e-05,-4.92458e-05,-4.60525e-05,-4.18195e-05,-3.6773e-05,-3.121e-05,-2.54553e-05,-1.98343e-05,-1.46455e-05,-1.0139e-05
-7.7631e-06,-1.15781e-05,-1.61079e-05,-2.11629e-05,-2.65133e-05,-3.18931e-05,-3.70426e-05,-4.16955e-05,-4.56113e-05,-4.85865e-05,-5.04411e-05,-5.106e-05,-5.0386e-05,-4.84331e-05,-4.5285e-05,-4.11111e-05,-3.61399e-05,-3.06582e-05,-2.49927e-05,-1.94616e-05,-1.43601e-05,-9.92896e-06
-7.59892e-06,-1.1348e-05,-1.58023e-05,-2.0778e-05,-2.6046e-05,-3.13452e-05,-3.64168e-05,-4.10003e-05,-4.48604e-05,-4.77912e-05,-4.96171e-05,-5.0224e-05,-4.9556e-05,-4.76313e-05,-4.45282e-05,-4.04148e-05,-3.55156e-05,-3.01193e-05,-2.45379e-05,-1.90958e-05,-1.40782e-05,-9.72294e-06
-7.43641e-06,-1.11227e-05,-1.55063e-05,-2.04012e-05,-2.55888e-05,-3.08099e-05,-3.5806e-05,-4.03199e-05,-4.41261e-05,-4.70123e-05,-4.88113e-05,-4.94089e-05,-4.8748e-05,-4.68487e-05,-4.37886e-05,-3.97337e-05,-3.4909e-05,-2.9593e-05,-2.40968e-05,-1.87409e-05,-1.38035e-05,-9.52229e-06
-7.27924e-06,-1.09045e-05,-1.52159e-05,-2.00347e-05,-2.5144e-05,-3.02899e-05,-3.52115e-05,-3.966e-05,-4.34115e-05,-4.62546e-05,-4.80267e-05,-4.86149e-05,-4.79604e-05,-4.60874e-05,-4.30714e-05,-3.90704e-05,-3.43161e-05,-2.90773e-05,-2.36689e-05,-1.83948e-05,-1.35365e-05,-9.32787e-06
-7.12382e-06,-1.0686e-05,-1.49261e-05,-1.96685e-05,-2.47005e-05,-2.97658e-05,-3.46126e-05,-3.89988e-05,-4.26925e-05,-4.54927e-05,-4.72373e-05,-4.78153e-05,-4.71712e-05,-4.53218e-05,-4.2347e-05,-3.84065e-05,-3.37207e-05,-2.8563e-05,-2.32354e-05,-1.80471e-05,-1.32691e-05,-9.13514e-06
-6.97435e-06,-1.04755e-05,-1.46464e-05,-1.93155e-05,-2.4271e-05,-2.92597e-05,-3.40382e-05,-3.83588e-05,-4.19997e-05,-4.47602e-05,-4.64766e-05,-4.70447e-05,-4.64073e-05,-4.45833e-05,-4.16492e-05,-3.77669e-05,-3.31481e-05,-2.80675e-05,-2.28199e-05,-1.77115e-05,-1.30125e-05,-8.94566e-06
-6.82935e-06,-1.02715e-05,-1.43739e-05,-1.8971e-05,-2.38529e-05,-2.87694e-05,-3.34777e-05,-3.77373e-05,-4.13224e-05,-4.40459e-05,-4.57372e-05,-4.62946e-05,-4.56627e-05,-4.38647e-05,-4.09716e-05,-3.71425e-05,-3.25903e-05,-2.75828e-05,-2.24153e-05,-1.73862e-05,-1.27624e-05,-8.76378e-06
-6.68378e-06,-1.0066e-05,-1.41034e-05,-1.86268e-05,-2.34327e-05,-2.82755e-05,-3.29148e-05,-3.71098e-05,-4.06451e-05,-4.3324e-05,-4.49934e-05,-4.55412e-05,-4.49179e-05,-4.31413e-05,-4.02881e-05,-3.65157e-05,-3.20306e-05,-2.70993e-05,-2.201e-05,-1.70616e-05,-1.25124e-05,-8.58296e-06
-6.54559e-06,-9.87162e-06,-1.38434e-05,-1.82988e-05,-2.30339e-05,-2.78053e-05,-3.23788e-05,-3.65127e-05,-3.99961e-05,-4.2639e-05,-4.42832e-05,-4.48221e-05,-4.42035e-05,-4.24513e-05,-3.96399e-05,-3.59166e-05,-3.14962e-05,-2.66365e-05,-2.16233e-05,-1.67522e-05,-1.2274e-05,-8.40922e-06
-6.40805e-06,-9.67668e-06,-1.35855e-05,-1.79739e-05,-2.26345e-05,-2.73365e-05,-3.18426e-05,-3.59187e-05,-3.93531e-05,-4.19539e-05,-4.35748e-05,-4.41021e-05,-4.34972e-05,-4.17651e-05,-3.89919e-05,-3.53243e-05,-3.09643e-05,-2.61752e-05,-2.1239e-05,-1.64417e-05,-1.2039e-05,-8.23801e-06
-6.27287e-06,-9.48618e-06,-1.33305e-05,-1.76495e-05,-2.22406e-05,-2.6873e-05,-3.13146e-05,-3.53305e-05,-3.87148e-05,-4.12804e-05,-4.28741e-05,-4.33954e-05,-4.27922e-05,-4.10859e-05,-3.83502e-05,-3.47347e-05,-3.04402e-05,-2.57218e-05,-2.0861e-05,-1.61367e-05,-1.18047e-05,-8.06686e-06
-6.14292e-06,-9.30154e-06,-1.30861e-05,-1.73385e-05,-2.18603e-05,-2.64258e-05,-3.08025e-05,-3.47611e-05,-3.80969e-05,-4.06253e-05,-4.2197e-05,-4.27071e-05,-4.21118e-05,-4.04288e-05,-3.77296e-05,-3.41651e-05,-2.99302e-05,-2.5281e-05,-2.04924e-05,-1.58419e-05,-1.158e-05,-7.90513e-06
-6.01236e-06,-9.11831e-06,-1.28402e-05,-1.70246e-05,-2.14807e-05,-2.59777e-05,-3.0288e-05,-3.41913e-05,-3.74784e-05,-3.9968e-05,-4.15152e-05,-4.20193e-05,-4.14312e-05,-3.9771e-05,-3.71084e-05,-3.35925e-05,-2.94214e-05,-2.48423e-05,-2.0126e-05,-1.55476e-05,-1.13543e-05,-7.7423e-06
-5.88776e-06,-8.94107e-06,-1.26041e-05,-1.67241e-05,-2.11138e-05,-2.5547e-05,-2.97947e-05,-3.36397e-05,-3.68806e-05,-3.93373e-05,-4.08618e-05,-4.13567e-05,-4.07751e-05,-3.91357e-05,-3.65121e-05,-3.30424e-05,-2.89307e-05,-2.44172e-05,-1.97727e-05,-1.52656e-05,-1.11373e-05,-7.58517e-06
-5.76403e-06,-8.76651e-06,-1.23701e-05,-1.6427e-05,-2.07505e-05,-2.51183e-05,-2.93056e-05,-3.30966e-05,-3.62905e-05,-3.87112e-05,-4.02133e-05,-4.06991e-05,-4.01247e-05,-3.85079e-05,-3.59167e-05,-3.24996e-05,-2.8446e-05,-2.39997e-05,-1.94231e-05,-1.49854e-05,-1.09233e-05,-7.43183e-06
-5.6438e-06,-8.59497e-06,-1.21415e-05,-1.61365e-05,-2.03949e-05,-2.46977e-05,-2.88254e-05,-3.2562e-05,-3.571e-05,-3.80957e-05,-3.95753e-05,-4.00534e-05,-3.94868e-05,-3.78894e-05,-3.53348e-05,-3.19646e-05,-2.79706e-05,-2.35886e-05,-1.908e-05,-1.47103e-05,-1.07145e-05,-7.27949e-06
-5.52571e-06,-8.42736e-06,-1.19168e-05,-1.58482e-05,-2.00444e-05,-2.42856e-05,-2.83531e-05,-3.20357e-05,-3.51399e-05,-3.74905e-05,-3.8947e-05,-3.94171e-05,-3.88558e-05,-3.72802e-05,-3.47613e-05,-3.14379e-05,-2.75011e-05,-2.31825e-05,-1.87428e-05,-1.44418e-05,-1.0509e-05,-7.13143e-06
-5.41057e-06,-8.26469e-06,-1.16979e-05,-1.55711e-05,-1.97056e-05,-2.38847e-05,-2.78957e-05,-3.15252e-05,-3.45851e-05,-3.69008e-05,-3.83369e-05,-3.88008e-05,-3.82458e-05,-3.66909e-05,-3.42054e-05,-3.09289e-05,-2.70444e-05,-2.27897e-05,-1.84157e-05,-1.418e-05,-1.03095e-05,-6.98909e-06
-5.29925e-06,-8.10576e-06,-1.14859e-05,-1.52999e-05,-1.93725e-05,-2.34925e-05,-2.7446e-05,-3.10248e-05,-3.40419e-05,-3.63249e-05,-3.77414e-05,-3.81957e-05,-3.7648e-05,-3.61131e-05,-3.3663e-05,-3.04288e-05,-2.65991e-05,-2.24061e-05,-1.80954e-05,-1.39244e-05,-1.01141e-05,-6.84775e-06
-5.18846e-06,-7.94644e-06,-1.12717e-05,-1.50276e-05,-1.90391e-05,-2.30984e-05,-2.69958e-05,-3.05219e-05,-3.34967e-05,-3.57468e-05,-3.71416e-05,-3.7589e-05,-3.70464e-05,-3.55323e-05,-3.31145e-05,-2.99279e-05,-2.61541e-05,-2.20214e-05,-1.7776e-05,-1.36681e-05,-9.92029e-06,-6.70755e-06
-5.08339e-06,-7.79716e-06,-1.10716e-05,-1.47726e-05,-1.87275e-05,-2.27289e-05,-2.65739e-05,-3.00538e-05,-3.29889e-05,-3.52077e-05,-3.65809e-05,-3.7023e-05,-3.64862e-05,-3.49912e-05,-3.26031e-05,-2.94597e-05,-2.57387e-05,-2.16628e-05,-1.74771e-05,-1.3429e-05,-9.73843e-06,-6.57763e-06
-4.97826e-06,-7.64678e-06,-1.08674e-05,-1.4512e-05,-1.84086e-05,-2.23523e-05,-2.61398e-05,-2.95702e-05,-3.24634e-05,-3.4652e-05,-3.60051e-05,-3.64376e-05,-3.59084e-05,-3.44325e-05,-3.20772e-05,-2.89775e-05,-2.5309e-05,-2.12917e-05,-1.71695e-05,-1.31844e-05,-9.55216e-06,-6.44338e-06
-4.87273e-06,-7.49546e-06,-1.06654e-05,-1.4253e-05,-1.80903e-05,-2.19764e-05,-2.57105e-05,-2.90908e-05,-3.19416e-05,-3.40978e-05,-3.54315e-05,-3.58583e-05,-3.53332e-05,-3.38765e-05,-3.15555e-05,-2.84983e-05,-2.48819e-05,-2.09251e-05,-1.68645e-05,-1.29416e-05,-9.36761e-06,-6.31047e-06
-4.77302e-06,-7.35231e-06,-1.04735e-05,-1.40061e-05,-1.77886e-05,-2.16204e-05,-2.53019e-05,-2.86336e-05,-3.14442e-05,-3.3571e-05,-3.48871e-05,-3.53062e-05,-3.47871e-05,-3.335e-05,-3.1059e-05,-2.80421e-05,-2.44766e-05,-2.05766e-05,-1.6575e-05,-1.27121e-05,-9.1921e-06,-6.18399e-06
-4.6756e-06,-7.2123e-06,-1.02843e-05,-1.3766e-05,-1.74919e-05,-2.12697e-05,-2.49002e-05,-2.81876e-05,-3.09588e-05,-3.3056e-05,-3.43545e-05,-3.47646e-05,-3.42525e-05,-3.28326e-05,-3.05721e-05,-2.75966e-05,-2.40805e-05,-2.02345e-05,-1.62908e-05,-1.2485e-05,-9.02094e-06,-6.06245e-06
-4.57904e-06,-7.07521e-06,-1.01007e-05,-1.3529e-05,-1.72026e-05,-2.0927e-05,-2.4506e-05,-2.775e-05,-3.04813e-05,-3.25492e-05,-3.38274e-05,-3.4233e-05,-3.37266e-05,-3.23256e-05,-3.00952e-05,-2.71597e-05,-2.36915e-05,-1.99003e-05,-1.60131e-05,-1.22623e-05,-8.85258e-06,-5.94185e-06
-4.48502e-06,-6.93795e-06,-9.91527e-06,-1.3291e-05,-1.69101e-05,-2.05801e-05,-2.41075e-05,-2.73062e-05,-2.99997e-05,-3.20377e-05,-3.32986e-05,-3.36963e-05,-3.3196e-05,-3.18116e-05,-2.96114e-05,-2.67171e-05,-2.32979e-05,-1.95615e-05,-1.57321e-05,-1.204e-05,-8.68571e-06,-5.82172e-06
-4.39407e-06,-6.80944e-06,-9.7388e-06,-1.30685e-05,-1.66344e-05,-2.02519e-05,-2.37359e-05,-2.68872e-05,-2.95459e-05,-3.15563e-05,-3.27983e-05,-3.31904e-05,-3.26953e-05,-3.13285e-05,-2.91579e-05,-2.63024e-05,-2.29284e-05,-1.92429e-05,-1.54691e-05,-1.1831e-05,-8.52551e-06,-5.70698e-06
-4.30341e-06,-6.67869e-06,-9.56297e-06,-1.28389e-05,-1.63555e-05,-1.99241e-05,-2.33545e-05,-2.64628e-05,-2.90849e-05,-3.10672e-05,-3.22919e-05,-3.26779e-05,-3.21867e-05,-3.08387e-05,-2.86966e-05,-2.58778e-05,-2.25525e-05,-1.89199e-05,-1.52011e-05,-1.16178e-05,-8.36299e-06,-5.59286e-06
-4.21361e-06,-6.549e-06,-9.38696e-06,-1.26138e-05,-1.60778e-05,-1.95947e-05,-2.29771e-05,-2.60431e-05,-2.86287e-05,-3.05828e-05,-3.17869e-05,-3.21669e-05,-3.16837e-05,-3.03524e-05,-2.82376e-05,-2.54589e-05,-2.21808e-05,-1.86006e-05,-1.4938e-05,-1.14073e-05,-8.20677e-06,-5.48015e-06
-4.12778e-06,-6.42546e-06,-9.21907e-06,-1.23989e-05,-1.58127e-05,-1.92805e-05,-2.26156e-05,-2.56393e-05,-2.8189e-05,-3.01162e-05,-3.13055e-05,-3.16789e-05,-3.12001e-05,-2.98863e-05,-2.77986e-05,-2.50579e-05,-2.18239e-05,-1.82928e-05,-1.46839e-05,-1.12063e-05,-8.0531e-06,-5.37226e-06
-4.04369e-06,-6.30399e-06,-9.05441e-06,-1.21862e-05,-1.55519e-05,-1.897e-05,-2.22606e-05,-2.52426e-05,-2.7757e-05,-2.96578e-05,-3.08298e-05,-3.11982e-05,-3.07245e-05,-2.9426e-05,-2.73673e-05,-2.46625e-05,-2.14737e-05,-1.79921e-05,-1.44336e-05,-1.1009e-05,-7.90374e-06,-5.26486e-06
-3.96081e-06,-6.18238e-06,-8.89144e-06,-1.19766e-05,-1.52932e-05,-1.86634e-05,-2.19065e-05,-2.4847e-05,-2.73279e-05,-2.92005e-05,-3.0357e-05,-3.07179e-05,-3.02501e-05,-2.89688e-05,-2.69372e-05,-2.42688e-05,-2.11239e-05,-1.76935e-05,-1.4186e-05,-1.0812e-05,-7.75561e-06,-5.16054e-06
-3.8809e-06,-6.06693e-06,-8.73482e-06,-1.17741e-05,-1.50427e-05,-1.83681e-05,-2.15687e-05,-2.44684e-05,-2.69139e-05,-2.87639e-05,-2.99042e-05,-3.02578e-05,-2.97934e-05,-2.85315e-05,-2.65257e-05,-2.38916e-05,-2.07901e-05,-1.74067e-05,-1.39487e-05,-1.06248e-05,-7.61316e-06,-5.0584e-06
