-0.00851853,-0.00895716,-0.00933592,-0.00965734,-0.00990966,-0.010109,-0.0102578,-0.0103607,-0.0104366,-0.0104906,-0.0105353,-0.010598,-0.0106622,-0.0107303,-0.0108039,-0.0108562,-0.0108772,-0.0108627,-0.0107931,-0.0106638,-0.01045,-0.0101551
-0.0081541,-0.00863296,-0.00904968,-0.00941814,-0.00972471,-0.00997656,-0.0101669,-0.0103175,-0.010428,-0.0105117,-0.010577,-0.0106444,-0.0107018,-0.0107575,-0.010797,-0.0108099,-0.0107808,-0.0107155,-0.0105829,-0.0103915,-0.0101171,-0.00976214
-0.00777588,-0.00827766,-0.0087297,-0.00913461,-0.00947405,-0.00976542,-0.0100022,-0.0101848,-0.0103276,-0.010435,-0.0105107,-0.0105845,-0.0106351,-0.0106742,-0.0106914,-0.0106706,-0.0106028,-0.0104897,-0.0103075,-0.0100666,-0.00974632,-0.00935033
-0.00734342,-0.00785938,-0.00833001,-0.00876067,-0.00913252,-0.00945324,-0.00971698,-0.00992817,-0.0100927,-0.0102199,-0.0103127,-0.0103848,-0.0104332,-0.0104582,-0.0104517,-0.0104013,-0.0102999,-0.0101504,-0.00993177,-0.00964976,-0.00929216,-0.00886366
-0.00702003,-0.00754961,-0.0080396,-0.00849358,-0.00889102,-0.0092389,-0.00952967,-0.00976674,-0.00995198,-0.0100957,-0.0102001,-0.0102746,-0.0103197,-0.0103328,-0.0103065,-0.0102317,-0.0101009,-0.00991867,-0.00966569,-0.0093486,-0.0089578,-0.00850094
-0.00674459,-0.00728675,-0.00779376,-0.00826695,-0.00868595,-0.00905647,-0.00937156,-0.0096296,-0.00983415,-0.00999168,-0.010105,-0.0101809,-0.0102239,-0.0102272,-0.0101854,-0.0100868,-0.00993403,-0.00972403,-0.00943957,-0.00909224,-0.00867084,-0.00819354
-0.0064282,-0.00697255,-0.00748723,-0.00797242,-0.00840603,-0.00879352,-0.00912483,-0.0094001,-0.00961816,-0.00978766,-0.0099098,-0.00998765,-0.0100265,-0.0100191,-0.00996184,-0.00984827,-0.00967251,-0.00943821,-0.00913315,-0.00876319,-0.00832353,-0.00782723
-0.00615739,-0.00670547,-0.00722635,-0.00772118,-0.00816733,-0.00856863,-0.00891461,-0.00920413,-0.00943467,-0.00961401,-0.00974294,-0.00982204,-0.00985813,-0.00984211,-0.00977237,-0.00964321,-0.00945044,-0.00919639,-0.00887143,-0.00848174,-0.00802544,-0.00751551
-0.00590265,-0.00645156,-0.00697697,-0.00747852,-0.00793425,-0.00834695,-0.00870527,-0.00900676,-0.0092478,-0.00943594,-0.00957011,-0.0096498,-0.00968335,-0.00965986,-0.00957953,-0.00943688,-0.00922951,-0.0089575,-0.00861633,-0.00821055,-0.00774054,-0.00722039
-0.00567097,-0.00621939,-0.00674778,-0.00725386,-0.00771796,-0.00813944,-0.00850808,-0.00881988,-0.00907005,-0.00926538,-0.00940521,-0.0094846,-0.00951488,-0.00948609,-0.00939588,-0.00924112,-0.00902156,-0.00873351,-0.0083795,-0.00795959,-0.00747822,-0.0069493
-0.00543701,-0.00598316,-0.00651075,-0.00701866,-0.00748695,-0.00791483,-0.00829089,-0.0086092,-0.00886771,-0.00906843,-0.0092112,-0.00929129,-0.00931952,-0.0092852,-0.00918631,-0.00902212,-0.00879131,-0.00849223,-0.00812671,-0.00769765,-0.00720901,-0.00667632
-0.00523043,-0.00577267,-0.00629954,-0.00680922,-0.00728152,-0.00771511,-0.00809605,-0.0084231,-0.00868693,-0.00889386,-0.00903807,-0.00911962,-0.00914487,-0.0091045,-0.0090005,-0.00882641,-0.00858686,-0.00827688,-0.00790203,-0.00746331,-0.00696953,-0.0064313
-0.00501661,-0.00555552,-0.00607814,-0.00658599,-0.00705962,-0.00749468,-0.00788094,-0.00821192,-0.00847973,-0.0086907,-0.00883777,-0.00891833,-0.00894178,-0.0088971,-0.00878649,-0.00860482,-0.0083574,-0.00804021,-0.00765914,-0.00721483,-0.00671851,-0.00617884
-0.00482494,-0.00535889,-0.00587811,-0.00638401,-0.00685821,-0.007296,-0.00768527,-0.00801883,-0.00829228,-0.00850539,-0.00865467,-0.00873572,-0.00875662,-0.00870864,-0.00859167,-0.00840389,-0.0081498,-0.00782596,-0.0074382,-0.00699026,-0.00648986,-0.00595155
-0.00463639,-0.0051634,-0.00567799,-0.00618053,-0.00665365,-0.00709132,-0.00748202,-0.00781878,-0.00809417,-0.00831002,-0.00845979,-0.00854104,-0.00855937,-0.00850812,-0.00838716,-0.00819381,-0.00793411,-0.00760518,-0.00721334,-0.00676317,-0.00626294,-0.00572553
-0.0044727,-0.00499386,-0.00550513,-0.00600526,-0.00647752,-0.00691576,-0.0073091,-0.00764788,-0.00792696,-0.00814421,-0.00829714,-0.00837601,-0.0083941,-0.00833998,-0.00821375,-0.00801619,-0.00775038,-0.00741631,-0.00701956,-0.00656708,-0.00606612,-0.005529
-0.00431156,-0.00482665,-0.00533338,-0.0058279,-0.0063002,-0.00673655,-0.00713132,-0.00747159,-0.00775185,-0.00797212,-0.00812338,-0.00820426,-0.00821823,-0.00816124,-0.00803323,-0.00783045,-0.00756161,-0.00722231,-0.00682468,-0.00637087,-0.00586861,-0.00533515
-0.00414869,-0.00465564,-0.00515451,-0.00564563,-0.00611273,-0.00654876,-0.00694099,-0.00728223,-0.00756282,-0.00778308,-0.00793488,-0.00801534,-0.00802962,-0.00796931,-0.00783686,-0.00763181,-0.0073595,-0.00701991,-0.00661931,-0.00616515,-0.00566797,-0.00513644
-0.00399986,-0.0044975,-0.00499167,-0.0054774,-0.00594064,-0.00637487,-0.00676561,-0.00710541,-0.00738779,-0.00760856,-0.00776128,-0.00784105,-0.00785167,-0.00779008,-0.00765588,-0.00744741,-0.00717329,-0.00683114,-0.00642967,-0.00597682,-0.00548198,-0.00495484
-0.00386578,-0.00435592,-0.0048442,-0.00532564,-0.00578558,-0.00621846,-0.00660784,-0.00694796,-0.00723189,-0.00745175,-0.00760533,-0.00768376,-0.00769479,-0.00763017,-0.00749304,-0.00728248,-0.00700528,-0.00666163,-0.00625929,-0.00580661,-0.00531432,-0.00479052
-0.00372736,-0.00420969,-0.00469204,-0.00516723,-0.00562289,-0.0060522,-0.00644014,-0.00677854,-0.00706127,-0.00728228,-0.00743498,-0.00751342,-0.00752109,-0.00745634,-0.00731765,-0.00710488,-0.00682686,-0.00648194,-0.00608022,-0.00562883,-0.00514039,-0.00462181
-0.00360439,-0.00408048,-0.00455467,-0.00502477,-0.00547753,-0.00590395,-0.00629014,-0.00662798,-0.00691103,-0.00713038,-0.00728254,-0.00736054,-0.00736881,-0.00730279,-0.00716028,-0.00694724,-0.00666713,-0.00632269,-0.00592049,-0.00547095,-0.00498439,-0.00447123
-0.00348339,-0.00395075,-0.00442042,-0.0048851,-0.00533381,-0.00575575,-0.00613993,-0.00647591,-0.00675742,-0.00697898,-0.00712937,-0.00720785,-0.00721172,-0.00714514,-0.00700369,-0.0067879,-0.00650749,-0.00616136,-0.00576075,-0.00531269,-0.00483118,-0.00432265
-0.00336992,-0.00383159,-0.0042927,-0.00475048,-0.00519513,-0.0056141,-0.00599509,-0.00633252,-0.00661129,-0.00683011,-0.00697922,-0.00705772,-0.00706297,-0.00699525,-0.00685008,-0.00663556,-0.00635265,-0.00600942,-0.00560896,-0.00516345,-0.0046855,-0.00418153
-0.00325912,-0.00371112,-0.00416836,-0.00462094,-0.00505997,-0.00547458,-0.00585432,-0.00618551,-0.00646468,-0.00668363,-0.00683374,-0.00691085,-0.00691303,-0.00684434,-0.00669948,-0.00648434,-0.00620225,-0.00585739,-0.00545949,-0.00501591,-0.00454259,-0.00404529
-0.0031419,-0.00358528,-0.00403295,-0.00447849,-0.00491118,-0.00532088,-0.00569479,-0.00602547,-0.00630143,-0.00651781,-0.0066654,-0.00674187,-0.00674463,-0.00667463,-0.00652939,-0.00631446,-0.00603312,-0.00569072,-0.00529605,-0.00485782,-0.0043897,-0.00389956
-0.00304855,-0.00348662,-0.00392761,-0.00436824,-0.00479781,-0.00520289,-0.00557485,-0.00590301,-0.00617759,-0.00639316,-0.00654064,-0.00661513,-0.00661776,-0.00654703,-0.00640123,-0.00618569,-0.00590564,-0.00556344,-0.0051704,-0.00473339,-0.00427039,-0.00378461
-0.00295029,-0.00337857,-0.00381337,-0.00424762,-0.00467003,-0.0050716,-0.00543872,-0.00576436,-0.00603771,-0.00625071,-0.0063963,-0.00647119,-0.00647315,-0.00640097,-0.00625492,-0.00604082,-0.00575978,-0.00541984,-0.00503013,-0.00459871,-0.00413844,-0.00366062
-0.00285602,-0.00327812,-0.00370624,-0.00413367,-0.00455173,-0.00494737,-0.00531206,-0.00563402,-0.00590435,-0.0061165,-0.0062616,-0.00633496,-0.00633532,-0.00626402,-0.00611819,-0.00590351,-0.00562486,-0.00528604,-0.00489893,-0.00446994,-0.00401698,-0.00354408
-0.00277318,-0.00318889,-0.00361021,-0.00403234,-0.00444453,-0.00483716,-0.00519719,-0.00551865,-0.00578557,-0.00599596,-0.00613854,-0.00621265,-0.00621364,-0.00614131,-0.00599449,-0.00578105,-0.00550236,-0.00516621,-0.00478096,-0.00435651,-0.00390687,-0.00344033
-0.00268297,-0.00309099,-0.0035056,-0.00392055,-0.00432807,-0.00471385,-0.00507104,-0.0053868,-0.00565231,-0.00586025,-0.00600316,-0.00607474,-0.0060739,-0.00600225,-0.00585671,-0.00564333,-0.00536748,-0.00503276,-0.00465168,-0.00423111,-0.00378834,-0.0033281
-0.00259767,-0.00299726,-0.00340452,-0.00381285,-0.00421373,-0.00459488,-0.00494669,-0.00525965,-0.00552212,-0.00572736,-0.0058683,-0.00593951,-0.00593812,-0.00586612,-0.0057208,-0.00550921,-0.00523429,-0.00490334,-0.00452574,-0.0041113,-0.00367333,-0.00322112
-0.00251863,-0.00291097,-0.00331143,-0.00371371,-0.00410874,-0.00448493,-0.00483227,-0.00514168,-0.00540146,-0.00560458,-0.00574384,-0.00581414,-0.00581254,-0.00574029,-0.00559575,-0.0053853,-0.00511207,-0.00478388,-0.00440987,-0.00399992,-0.0035674,-0.00312213
-0.00244249,-0.00282784,-0.00322141,-0.00361746,-0.0040068,-0.00437764,-0.00472062,-0.00502633,-0.00528328,-0.00548417,-0.00562176,-0.00569115,-0.00568904,-0.00561695,-0.00547296,-0.00526382,-0.00499264,-0.00466771,-0.0042973,-0.00389206,-0.00346536,-0.00302676
-0.00237241,-0.00275051,-0.00313774,-0.00352796,-0.00391129,-0.00427756,-0.00461601,-0.00491821,-0.00517269,-0.00537053,-0.00550704,-0.00557528,-0.00557321,-0.00550079,-0.00535793,-0.00515042,-0.00488063,-0.00455838,-0.00419221,-0.003792,-0.00336985,-0.00293814
-0.00229942,-0.00267082,-0.00305139,-0.00343488,-0.00381233,-0.00417306,-0.00450742,-0.00480551,-0.00505661,-0.00525257,-0.00538673,-0.00545418,-0.00545137,-0.0053796,-0.00523775,-0.0050315,-0.00476434,-0.0044453,-0.00408274,-0.00368798,-0.00327245,-0.00284743
-0.00222979,-0.00259452,-0.00296814,-0.0033453,-0.003717,-0.00407223,-0.00440144,-0.00469531,-0.0049432,-0.00513648,-0.00526969,-0.00533579,-0.00533272,-0.00526101,-0.00512038,-0.00491547,-0.00465129,-0.00433579,-0.0039776,-0.00358754,-0.00317774,-0.00275993
-0.00216279,-0.00252066,-0.00288772,-0.00325843,-0.00362394,-0.00397372,-0.00429809,-0.00458802,-0.00483228,-0.00502311,-0.00515434,-0.00521946,-0.00521611,-0.00514474,-0.00500544,-0.00480233,-0.00454078,-0.00422895,-0.00387506,-0.00349038,-0.00308685,-0.002676
-0.0020997,-0.00245063,-0.00281095,-0.00317555,-0.00353522,-0.00387957,-0.00419913,-0.00448513,-0.0047261,-0.00491387,-0.00504378,-0.00510776,-0.00510379,-0.00503338,-0.00489509,-0.00469422,-0.00443492,-0.00412657,-0.00377719,-0.00339784,-0.00300064,-0.0025963
-0.00203912,-0.0023839,-0.00273787,-0.00309596,-0.00345017,-0.00378941,-0.00410449,-0.00438622,-0.00462386,-0.00480904,-0.00493771,-0.00500068,-0.00499594,-0.00492579,-0.00478864,-0.00458959,-0.0043335,-0.00402794,-0.00368322,-0.00330919,-0.00291789,-0.00252057
-0.00197577,-0.00231328,-0.00266058,-0.00301219,-0.00335962,-0.00369277,-0.0040026,-0.00427978,-0.00451385,-0.00469661,-0.00482202,-0.00488412,-0.00487972,-0.00481014,-0.00467476,-0.00447769,-0.0042246,-0.00392379,-0.00358386,-0.0032155,-0.00283091,-0.00244103
-0.00191747,-0.00224819,-0.00258897,-0.00293444,-0.00327575,-0.00360332,-0.00390818,-0.004181,-0.00441148,-0.00459154,-0.00471509,-0.00477618,-0.00477152,-0.00470235,-0.00456828,-0.00437373,-0.00412379,-0.00382696,-0.00349157,-0.00312882,-0.00275047,-0.0023674
-0.00186139,-0.00218566,-0.00251983,-0.00285923,-0.00319454,-0.00351644,-0.00381665,-0.00408518,-0.00431212,-0.0044895,-0.00461079,-0.00467092,-0.00466615,-0.00459745,-0.00446519,-0.00427253,-0.00402568,-0.00373279,-0.00340221,-0.00304495,-0.00267307,-0.00229659
-0.00180576,-0.00212348,-0.00245144,-0.0027843,-0.00311349,-0.00343001,-0.00372481,-0.00398889,-0.0042122,-0.00438669,-0.00450602,-0.00456519,-0.00456008,-0.00449227,-0.0043613,-0.00417125,-0.00392758,-0.00363869,-0.00331304,-0.00296182,-0.00259604,-0.0022269
-0.00175514,-0.00206678,-0.00238905,-0.00271603,-0.00304002,-0.00335088,-0.00364141,-0.00390108,-0.00412151,-0.00429346,-0.00441055,-0.00446926,-0.00446343,-0.00439667,-0.00426635,-0.00407835,-0.00383822,-0.00355334,-0.00323158,-0.00288549,-0.00252559,-0.00216287
-0.00170088,-0.00200576,-0.00232118,-0.00264172,-0.00295894,-0.00326417,-0.00354906,-0.0038042,-0.00402035,-0.00418895,-0.00430462,-0.00436143,-0.00435595,-0.00428946,-0.00416173,-0.00397663,-0.0037395,-0.003459,-0.00314341,-0.00280319,-0.0024502,-0.00209481
-0.00165211,-0.00195058,-0.00225982,-0.00257478,-0.0028862,-0.00318573,-0.00346586,-0.00371707,-0.00392932,-0.00409509,-0.00420877,-0.00426474,-0.00425895,-0.00419328,-0.00406677,-0.00388444,-0.00365084,-0.0033743,-0.00306323,-0.00272882,-0.00238169,-0.00203299
-0.00160288,-0.00189529,-0.00219841,-0.0025067,-0.00281249,-0.00310658,-0.00338146,-0.00362779,-0.00383703,-0.0039997,-0.00411143,-0.00416627,-0.00416043,-0.00409548,-0.00397097,-0.00379066,-0.00356041,-0.00328808,-0.00298234,-0.00265365,-0.00231324,-0.00197132
-0.00155545,-0.00184196,-0.00213915,-0.00244151,-0.00274104,-0.0030301,-0.00330008,-0.00354188,-0.00374705,-0.00390736,-0.00401675,-0.00407023,-0.00406482,-0.00400026,-0.0038776,-0.00370047,-0.00347305,-0.00320521,-0.00290484,-0.00258152,-0.00224735,-0.00191197
-0.00151118,-0.00179176,-0.00208298,-0.00237979,-0.00267381,-0.00295733,-0.00322249,-0.0034605,-0.00366175,-0.00381936,-0.00392672,-0.00397936,-0.0039738,-0.00390986,-0.00378872,-0.00361427,-0.00339055,-0.00312664,-0.00283083,-0.00251333,-0.00218487,-0.00185599
-0.00146592,-0.00174052,-0.00202594,-0.00231655,-0.00260462,-0.0028829,-0.00314303,-0.00337624,-0.00357411,-0.00372861,-0.00383414,-0.00388545,-0.00387968,-0.00381697,-0.00369761,-0.00352575,-0.00330515,-0.00304583,-0.00275552,-0.00244343,-0.00212167,-0.00179935
-0.00142354,-0.00169224,-0.00197183,-0.00225676,-0.00253933,-0.00281204,-0.00306757,-0.00329606,-0.00349048,-0.00364237,-0.00374623,-0.00379646,-0.00379073,-0.00372837,-0.00361049,-0.00344141,-0.00322497,-0.00296947,-0.00268414,-0.00237721,-0.00206147,-0.0017458
-0.00138329,-0.00164699,-0.00192035,-0.00219976,-0.00247733,-0.0027448,-0.00299551,-0.00322011,-0.00341113,-0.00356019,-0.00366201,-0.00371145,-0.00370548,-0.00364374,-0.00352816,-0.00336094,-0.00314758,-0.00289635,-0.00261602,-0.0023146,-0.00200512,-0.00169518
-0.00134083,-0.00159818,-0.00186629,-0.00213943,-0.00241111,-0.00267322,-0.00291872,-0.00313899,-0.0033261,-0.00347208,-0.00357176,-0.00362022,-0.00361412,-0.00355369,-0.00343959,-0.00327534,-0.00306584,-0.00281903,-0.00254369,-0.00224842,-0.00194494,-0.00164218
-0.00130088,-0.00155257,-0.0018149,-0.00208251,-0.00234844,-0.0026052,-0.00284586,-0.00306175,-0.00324526,-0.00338832,-0.0034861,-0.00353349,-0.00352721,-0.00346777,-0.00335537,-0.00319394,-0.00298803,-0.00274547,-0.00247528,-0.00218562,-0.00188819,-0.00159195
-0.00126464,-0.00151126,-0.00176856,-0.00203105,-0.00229189,-0.00254357,-0.00278029,-0.00299218,-0.00317227,-0.00331271,-0.00340871,-0.0034553,-0.00344888,-0.00339035,-0.00327951,-0.00312029,-0.00291788,-0.00267919,-0.00241354,-0.00212887,-0.0018369,-0.0015466
-0.00122718,-0.00146829,-0.00172041,-0.00197707,-0.00223253,-0.00247961,-0.00271102,-0.00291855,-0.00309526,-0.00323294,-0.00332695,-0.00337244,-0.00336588,-0.00330829,-0.00319915,-0.00304301,-0.002844,-0.00260974,-0.00234862,-0.00206975,-0.00178341,-0.00149957
-0.00119057,-0.0014263,-0.00167252,-0.00192381,-0.00217392,-0.00241567,-0.00264248,-0.00284589,-0.00301891,-0.00315393,-0.00324594,-0.00329037,-0.00328399,-0.00322701,-0.00311984,-0.00296624,-0.00277079,-0.00254076,-0.00228517,-0.00201149,-0.00173154,-0.00145373
-0.00115533,-0.00138583,-0.00162666,-0.00187265,-0.00211749,-0.0023542,-0.00257635,-0.00277562,-0.00294514,-0.00307743,-0.00316757,-0.00321101,-0.00320458,-0.00314844,-0.00304306,-0.00289219,-0.00270026,-0.00247432,-0.00222368,-0.00195545,-0.00168131,-0.00140954
-0.00112291,-0.00134862,-0.00158457,-0.00182559,-0.00206561,-0.00229772,-0.00251562,-0.00271115,-0.00287731,-0.00300722,-0.0030956,-0.00313802,-0.00313157,-0.00307607,-0.00297252,-0.00282401,-0.0026353,-0.00241334,-0.0021672,-0.00190388,-0.00163526,-0.00136914
-0.0010919,-0.00131273,-0.00154382,-0.00177994,-0.00201535,-0.00224285,-0.00245656,-0.002648,-0.00281171,-0.00293882,-0.00302552,-0.00306705,-0.00306058,-0.00300618,-0.00290392,-0.00275769,-0.00257253,-0.00235389,-0.00211211,-0.00185397,-0.00159033,-0.00132981
-0.00105808,-0.00127375,-0.00149956,-0.0017303,-0.00196034,-0.00218289,-0.00239191,-0.00257942,-0.00273901,-0.00286356,-0.00294824,-0.00298898,-0.00298252,-0.00292875,-0.00282844,-0.00268532,-0.00250349,-0.00228956,-0.00205289,-0.00179999,-0.00154224,-0.00128778
-0.00102669,-0.00123745,-0.00145824,-0.00168402,-0.00190906,-0.00212688,-0.00233146,-0.00251504,-0.00267128,-0.00279322,-0.00287615,-0.00291583,-0.00290932,-0.0028565,-0.00275795,-0.00261743,-0.00243904,-0.00222922,-0.00199719,-0.00174952,-0.00149733,-0.00124859
-0.000997381,-0.00120359,-0.00141979,-0.00164088,-0.00186127,-0.00207433,-0.00227525,-0.00245503,-0.00260803,-0.00272751,-0.00280875,-0.00284766,-0.00284119,-0.00278917,-0.00269222,-0.00255394,-0.00237908,-0.00217292,-0.00194537,-0.0017024,-0.00145528,-0.00121211
-0.000968181,-0.00116964,-0.001381,-0.00159723,-0.00181289,-0.00202175,-0.00221801,-0.00239407,-0.00254398,-0.00266095,-0.00274045,-0.00277835,-0.00277183,-0.00272063,-0.00262544,-0.00248992,-0.00231803,-0.00211602,-0.00189289,-0.00165508,-0.00141332,-0.00117547
-0.000941691,-0.00113841,-0.00134559,-0.00155749,-0.00176875,-0.00197329,-0.0021658,-0.0023385,-0.00248542,-0.00259995,-0.00267792,-0.00271491,-0.00270828,-0.00265808,-0.0025643,-0.00243139,-0.00226244,-0.00206405,-0.00184505,-0.0016118,-0.00137493,-0.00114191
-0.00091402,-0.00110681,-0.00130936,-0.00151662,-0.00172331,-0.00192378,-0.0021122,-0.00228101,-0.00242488,-0.00253734,-0.00261346,-0.00264968,-0.00264319,-0.00259336,-0.0025015,-0.00237076,-0.00220512,-0.00201048,-0.00179598,-0.00156731,-0.0013355,-0.00110809
-0.000887018,-0.0010753,-0.0012732,-0.00147589,-0.00167814,-0.00187423,-0.00205853,-0.00222373,-0.00236445,-0.00247448,-0.002549,-0.00258418,-0.00257775,-0.00252888,-0.00243866,-0.00231041,-0.00214802,-0.00195725,-0.00174699,-0.00152335,-0.00129664,-0.00107438
-0.000862681,-0.00104699,-0.00124083,-0.00143931,-0.00163741,-0.00182971,-0.00201038,-0.0021722,-0.00231012,-0.00241811,-0.00249101,-0.0025253,-0.00251901,-0.00247093,-0.00238226,-0.00225615,-0.00209664,-0.00190955,-0.00170308,-0.00148381,-0.00126163,-0.00104413
-0.000836811,-0.00101659,-0.00120598,-0.00139996,-0.00159372,-0.00178153,-0.00195802,-0.00211654,-0.00225148,-0.00235677,-0.00242817,-0.0024618,-0.00245527,-0.0024081,-0.00232105,-0.0021975,-0.00204118,-0.00185781,-0.00165572,-0.00144137,-0.00122415,-0.00101177
-0.000812862,-0.000988498,-0.00117372,-0.00136351,-0.00155304,-0.00173678,-0.00190955,-0.00206481,-0.00219697,-0.00229985,-0.00236978,-0.00240254,-0.00239585,-0.00234983,-0.00226415,-0.00214305,-0.00198957,-0.00180991,-0.00161183,-0.001402,-0.00118942,-0.000981803
-0.000790415,-0.000962328,-0.00114351,-0.00132933,-0.00151514,-0.00169507,-0.00186422,-0.0020164,-0.00214571,-0.00224655,-0.00231502,-0.00234715,-0.00234076,-0.00229499,-0.002211,-0.00209204,-0.00194149,-0.001765,-0.00157096,-0.00136519,-0.00115705,-0.000953952
-0.000766823,-0.000934683,-0.00111187,-0.00129341,-0.00147499,-0.00165105,-0.00181659,-0.0019652,-0.00209163,-0.00219045,-0.00225719,-0.00228855,-0.00228204,-0.0022372,-0.0021549,-0.00203806,-0.00189053,-0.00171797,-0.00152773,-0.0013265,-0.00112299,-0.000924927
-0.000744188,-0.00090806,-0.00108121,-0.0012587,-0.00143619,-0.00160833,-0.00177018,-0.00191555,-0.00203921,-0.00213579,-0.00220111,-0.00223164,-0.00222516,-0.00218112,-0.00210026,-0.0019859,-0.00184128,-0.0016721,-0.001486,-0.00128906,-0.00109008,-0.000896602
-0.000722779,-0.000882881,-0.00105218,-0.00122576,-0.00139941,-0.00156782,-0.00172622,-0.00186839,-0.00198941,-0.00208389,-0.00214777,-0.00217754,-0.00217109,-0.0021278,-0.00204846,-0.00193628,-0.00179451,-0.00162873,-0.0014464,-0.00125369,-0.00105907,-0.000870046
-0.000703079,-0.000859745,-0.00102531,-0.00119544,-0.00136553,-0.00153043,-0.00168559,-0.00182494,-0.00194336,-0.00203588,-0.00209843,-0.0021276,-0.00212097,-0.00207854,-0.00200052,-0.00189039,-0.00175117,-0.00158869,-0.00140985,-0.0012211,-0.00103058,-0.000845709
-0.000681988,-0.000834864,-0.000996718,-0.00116279,-0.001329,-0.00149023,-0.00164185,-0.00177799,-0.00189386,-0.00198431,-0.00204537,-0.00207371,-0.00206731,-0.0020255,-0.0019491,-0.00184118,-0.00170487,-0.00154568,-0.00137079,-0.00118615,-0.000999946,-0.000819491
-0.000662432,-0.000811816,-0.000970046,-0.00113246,-0.00129505,-0.00145279,-0.00160112,-0.00173432,-0.00184767,-0.00193615,-0.00199584,-0.00202351,-0.0020171,-0.00197602,-0.00190106,-0.00179522,-0.00166161,-0.00150567,-0.00133435,-0.00115369,-0.000971594,-0.00079529
-0.000643627,-0.000789608,-0.000944398,-0.00110325,-0.00126232,-0.00141668,-0.00156185,-0.00169217,-0.00180309,-0.00188965,-0.001948,-0.00197501,-0.00196866,-0.00192823,-0.00185473,-0.00175089,-0.00161991,-0.00146708,-0.00129927,-0.00112243,-0.000944315,-0.000772058
-0.000625131,-0.000767778,-0.000919049,-0.00107439,-0.00123001,-0.00138099,-0.00152296,-0.00165045,-0.00175895,-0.00184362,-0.00190066,-0.001927,-0.00192064,-0.00188097,-0.00180882,-0.00170703,-0.00157864,-0.00142898,-0.00126464,-0.00109164,-0.00091747,-0.000749225
-0.000607745,-0.000747128,-0.000895126,-0.00104706,-0.00119941,-0.00134711,-0.0014861,-0.00161094,-0.00171713,-0.00179993,-0.0018557,-0.0018815,-0.00187515,-0.00183614,-0.00176533,-0.00166547,-0.00153958,-0.00139291,-0.00123193,-0.00106254,-0.00089211,-0.00072766
-0.000590321,-0.00072658,-0.000871262,-0.00101994,-0.00116889,-0.00131344,-0.00144938,-0.00157148,-0.00167531,-0.00175634,-0.0018109,-0.00183593,-0.0018296,-0.00179134,-0.00172194,-0.00162399,-0.00150057,-0.001357,-0.00119927,-0.00103354,-0.000866967,-0.000706252
-0.000573506,-0.000706651,-0.000848123,-0.000993448,-0.0011392,-0.00128061,-0.00141358,-0.00153306,-0.00163466,-0.00171392,-0.00176721,-0.00179172,-0.00178539,-0.00174774,-0.00167961,-0.00158358,-0.00146265,-0.00132194,-0.00116752,-0.0010054,-0.000842456,-0.000685483
-0.000557547,-0.000687855,-0.00082615,-0.000968465,-0.00111105,-0.00124957,-0.0013798,-0.00149656,-0.00159602,-0.00167366,-0.00172577,-0.00174953,-0.0017433,-0.00170634,-0.00163945,-0.00154523,-0.00142671,-0.00128882,-0.00113755,-0.000978727,-0.000819394,-0.000666062
-0.00054183,-0.000669011,-0.000804351,-0.000943395,-0.00108299,-0.00121842,-0.00134571,-0.00146006,-0.00155735,-0.0016332,-0.0016841,-0.00170747,-0.00170126,-0.00166488,-0.00159934,-0.00150694,-0.00139079,-0.00125567,-0.00110758,-0.000952237,-0.000796424,-0.000646525
-0.000526529,-0.000650855,-0.000783164,-0.000919251,-0.00105578,-0.00118833,-0.00131279,-0.00142475,-0.00151989,-0.00159411,-0.00164396,-0.0016666,-0.00166036,-0.00162469,-0.00156036,-0.00146982,-0.00135595,-0.00122362,-0.00107847,-0.000926604,-0.000774237,-0.000627764
-0.000511249,-0.000632661,-0.000761939,-0.000894956,-0.00102842,-0.00115796,-0.00127973,-0.00138914,-0.00148219,-0.00155469,-0.00160335,-0.0016255,-0.00161934,-0.0015843,-0.00152124,-0.00143247,-0.00132093,-0.00119139,-0.00104944,-0.000900809,-0.000751914,-0.000608942
-0.000496643,-0.000615256,-0.000741568,-0.000871639,-0.00100217,-0.00112888,-0.00124795,-0.00135496,-0.00144593,-0.00151684,-0.00156436,-0.00158594,-0.0015798,-0.00154541,-0.00148356,-0.00139658,-0.00128732,-0.00116046,-0.00102152,-0.00087618,-0.000730644,-0.000591043
-0.000483028,-0.000598958,-0.000722576,-0.000849828,-0.000977606,-0.00110158,-0.00121813,-0.00132295,-0.00141197,-0.00148133,-0.00152776,-0.00154892,-0.0015428,-0.00150903,-0.00144827,-0.00136298,-0.00125584,-0.00113158,-0.000995451,-0.000853156,-0.000710762,-0.000574247
-0.000469282,-0.000582587,-0.000703407,-0.000827895,-0.000952856,-0.00107418,-0.00118822,-0.00129068,-0.00137774,-0.00144562,-0.001491,-0.00151152,-0.00150543,-0.00147223,-0.00141275,-0.00132908,-0.00122415,-0.00110239,-0.000969133,-0.000829954,-0.000690791,-0.000557555
-0.000455995,-0.000566726,-0.000684867,-0.000806584,-0.000928776,-0.00104746,-0.00115899,-0.00125924,-0.00134434,-0.00141073,-0.00145509,-0.00147515,-0.00146909,-0.00143652,-0.00137813,-0.00129612,-0.00119327,-0.00107406,-0.00094366,-0.00080748,-0.000671436,-0.00054119
-0.000443238,-0.000551492,-0.000666909,-0.000786045,-0.000905579,-0.00102172,-0.00113085,-0.00122885,-0.00131213,-0.00137706,-0.00142042,-0.0014399,-0.0014339,-0.0014019,-0.00134462,-0.00126425,-0.00116351,-0.00104674,-0.00091905,-0.000785808,-0.000652828,-0.000525683
-0.000430925,-0.000536672,-0.000649564,-0.000766039,-0.000883041,-0.000996626,-0.00110338,-0.00119932,-0.00128082,-0.00134423,-0.00138662,-0.0014057,-0.00139973,-0.00136831,-0.00131213,-0.00123332,-0.0011346,-0.00102023,-0.000895219,-0.000764854,-0.000634812,-0.000510532
-0.000418766,-0.000522124,-0.000632505,-0.000746461,-0.000860862,-0.000972016,-0.00107642,-0.00117027,-0.00124995,-0.00131201,-0.00135342,-0.001372,-0.00136604,-0.00133521,-0.00128014,-0.00120285,-0.00110613,-0.000994158,-0.000871754,-0.000744235,-0.000617137,-0.000495732
-0.000407028,-0.000508019,-0.000615957,-0.000727377,-0.00083932,-0.000948054,-0.00105017,-0.00114201,-0.0012199,-0.00128062,-0.00132108,-0.00133921,-0.00133331,-0.00130298,-0.00124896,-0.00117323,-0.00107848,-0.000968777,-0.000848965,-0.000724205,-0.000599965,-0.000481388
-0.000395723,-0.000494482,-0.000600034,-0.000709056,-0.000818576,-0.000924975,-0.00102493,-0.00111478,-0.00119104,-0.0012504,-0.00128994,-0.0013076,-0.00130174,-0.00127194,-0.00121896,-0.00114469,-0.00105184,-0.000944375,-0.000827082,-0.00070501,-0.000583488,-0.000467675
-0.000384724,-0.000481199,-0.000584387,-0.000691031,-0.000798198,-0.000902276,-0.00100005,-0.00108796,-0.00116252,-0.0012206,-0.00125923,-0.00127646,-0.00127063,-0.0012414,-0.00118942,-0.00111663,-0.00102564,-0.000920393,-0.000805554,-0.000686141,-0.000567354,-0.000454267
-0.00037397,-0.000468221,-0.000569106,-0.000673411,-0.000778214,-0.00088006,-0.000975712,-0.00106168,-0.00113464,-0.00119139,-0.00122916,-0.00124592,-0.00124015,-0.00121144,-0.00116045,-0.00108912,-0.000999987,-0.000896938,-0.000784533,-0.000667721,-0.000551621,-0.000441108
-0.000363611,-0.000455731,-0.000554388,-0.000656411,-0.00075898,-0.000858611,-0.000952187,-0.00103632,-0.00110767,-0.0011632,-0.0012001,-0.00121646,-0.00121071,-0.00118251,-0.00113254,-0.00106256,-0.000975247,-0.000874298,-0.000764267,-0.000649992,-0.000536474,-0.000428497
-0.000353602,-0.000443657,-0.000540156,-0.000639996,-0.000740335,-0.000837858,-0.000929442,-0.00101179,-0.00108163,-0.00113592,-0.00117196,-0.00118792,-0.0011822,-0.00115453,-0.00110546,-0.00103687,-0.000951298,-0.000852436,-0.000744692,-0.000632856,-0.000521838,-0.000416324
-0.000343781,-0.00043178,-0.000526132,-0.000623772,-0.000721936,-0.000817346,-0.000906932,-0.000987497,-0.0010558,-0.00110886,-0.00114413,-0.00115965,-0.00115399,-0.0011268,-0.0010787,-0.00101147,-0.00092764,-0.000830803,-0.00072537,-0.000615975,-0.000507429,-0.000404416
-0.000334283,-0.000420346,-0.000512607,-0.000608157,-0.000704207,-0.000797585,-0.000885257,-0.000964066,-0.00103088,-0.00108282,-0.00111726,-0.00113241,-0.0011268,-0.00110008,-0.0010529,-0.000986982,-0.000904851,-0.000809984,-0.000706761,-0.000599711,-0.000493625,-0.000392936
-0.000325168,-0.00040931,-0.000499603,-0.000593057,-0.000687057,-0.000778437,-0.000864241,-0.000941429,-0.00100676,-0.00105758,-0.00109125,-0.00110607,-0.00110043,-0.00107424,-0.00102792,-0.000963307,-0.000882803,-0.000789853,-0.000688806,-0.000584015,-0.000480252,-0.000381852
-0.000316241,-0.00039841,-0.00048668,-0.000578169,-0.000670129,-0.000759569,-0.000843548,-0.000919012,-0.000982965,-0.00103265,-0.00106558,-0.00107993,-0.0010744,-0.00104864,-0.00100325,-0.000939906,-0.000861024,-0.00077001,-0.000671036,-0.00056855,-0.00046713,-0.000371007
-0.000307463,-0.000387778,-0.000474079,-0.000563536,-0.000653521,-0.000741,-0.000823137,-0.000896972,-0.000959514,-0.00100811,-0.00104026,-0.0010543,-0.0010488,-0.00102351,-0.000978993,-0.000916887,-0.000839627,-0.000750505,-0.000653648,-0.000553408,-0.00045426,-0.000360383
-0.000299129,-0.000377664,-0.000462056,-0.000549613,-0.00063771,-0.000723326,-0.000803719,-0.000876015,-0.000937184,-0.000984747,-0.00101618,-0.00102986,-0.00102442,-0.00099955,-0.000955874,-0.000894985,-0.000819241,-0.000731927,-0.000637114,-0.000539,-0.00044204,-0.00035027
-0.00029091,-0.000367673,-0.000450239,-0.000535883,-0.000622061,-0.000705868,-0.000784556,-0.000855253,-0.000915146,-0.000961637,-0.000992349,-0.0010057,-0.00100028,-0.000975868,-0.000933036,-0.000873334,-0.000799144,-0.000713638,-0.000620774,-0.000524796,-0.000429997,-0.000340386
-0.000283081,-0.00035814,-0.00043894,-0.000522776,-0.000607105,-0.00068917,-0.000766179,-0.000835431,-0.000894051,-0.00093954,-0.000969565,-0.00098256,-0.000977202,-0.000953214,-0.000911182,-0.000852602,-0.000779906,-0.000696121,-0.000605195,-0.000511256,-0.000418518,-0.000330934
-0.000275394,-0.000348784,-0.0004278,-0.00050983,-0.000592418,-0.000672736,-0.000748109,-0.000815873,-0.000873228,-0.000917721,-0.000947087,-0.000959768,-0.000954399,-0.000930882,-0.000889631,-0.000832244,-0.000760952,-0.000678884,-0.000589834,-0.000497907,-0.000407217,-0.000321646
-0.000267872,-0.000339575,-0.000416861,-0.000497114,-0.000577935,-0.000656499,-0.00073027,-0.00079659,-0.000852671,-0.000896201,-0.000924904,-0.000937255,-0.000931961,-0.00090882,-0.000868403,-0.000812123,-0.000742295,-0.000661898,-0.000574765,-0.000484838,-0.000396197,-0.00031255
-0.000260563,-0.000330645,-0.000406222,-0.000484752,-0.000563835,-0.000640755,-0.000712949,-0.000777812,-0.000832695,-0.000875281,-0.000903326,-0.000915365,-0.000910134,-0.000887402,-0.00084771,-0.00079256,-0.000724145,-0.000645411,-0.000560118,-0.000472116,-0.00038543,-0.000303743
-0.000253569,-0.000322123,-0.000396067,-0.000472942,-0.000550385,-0.000625691,-0.000696368,-0.000759891,-0.000813607,-0.000855255,-0.000882722,-0.000894435,-0.000889216,-0.000866922,-0.000827983,-0.000773881,-0.000706818,-0.00062963,-0.000546124,-0.00046,-0.00037521,-0.000295246
-0.000246761,-0.000313784,-0.000386134,-0.000461387,-0.000537156,-0.000610901,-0.000680116,-0.00074227,-0.000794843,-0.000835612,-0.000862437,-0.00087385,-0.000868747,-0.000846776,-0.000808585,-0.000755524,-0.000689809,-0.00061423,-0.000532384,-0.000448097,-0.000365175,-0.000287159
-0.000240143,-0.000305702,-0.00037647,-0.000450153,-0.000524335,-0.000596528,-0.000664276,-0.000725139,-0.000776615,-0.000816517,-0.000842696,-0.000853853,-0.00084878,-0.000827185,-0.000789751,-0.000737715,-0.00067328,-0.000599205,-0.000519086,-0.000436617,-0.000355519,-0.00027936
-0.000233653,-0.000297728,-0.000366937,-0.000439044,-0.000511654,-0.000582342,-0.000648642,-0.000708174,-0.000758567,-0.000797581,-0.000823197,-0.000834051,-0.000829011,-0.000807844,-0.000771097,-0.000720084,-0.000656924,-0.000584397,-0.000505928,-0.000425229,-0.000345921,-0.000271413
-0.000227359,-0.00028996,-0.000357701,-0.000428209,-0.000499295,-0.000568474,-0.000633375,-0.00069167,-0.000740969,-0.000779111,-0.000804164,-0.000814744,-0.000809713,-0.000788929,-0.000752863,-0.000702873,-0.000641005,-0.000569941,-0.000493153,-0.000414194,-0.000336642,-0.00026382
-0.000221293,-0.000282543,-0.000348788,-0.000417867,-0.00048747,-0.000555225,-0.00061878,-0.000675827,-0.000724084,-0.000761448,-0.000785936,-0.000796235,-0.000791264,-0.000770845,-0.000735451,-0.000686403,-0.000625768,-0.000556113,-0.000480919,-0.00040363,-0.00032776,-0.000256466
-0.00021545,-0.000275344,-0.000340189,-0.000407803,-0.00047596,-0.000542304,-0.000604529,-0.000660443,-0.000707681,-0.000744196,-0.000768169,-0.000778197,-0.000773296,-0.000753246,-0.000718495,-0.000670391,-0.000610913,-0.000542704,-0.000469017,-0.000393353,-0.00031916,-0.000249604
-0.000209577,-0.0002681,-0.000331512,-0.000397662,-0.000464344,-0.000529274,-0.000590164,-0.000644856,-0.000691062,-0.00072682,-0.000750209,-0.000759988,-0.00075513,-0.000735424,-0.00070134,-0.000654207,-0.000595947,-0.000529146,-0.000457047,-0.000383032,-0.000310483,-0.000242551
-0.000204065,-0.000261368,-0.000323465,-0.000388218,-0.000453537,-0.000517147,-0.000576816,-0.00063038,-0.000675645,-0.000710627,-0.000733524,-0.000743057,-0.000738242,-0.00071886,-0.000685418,-0.000639154,-0.000582032,-0.000516535,-0.000445924,-0.000373451,-0.000302451,-0.000236021
-0.000198679,-0.000254675,-0.000315406,-0.000378828,-0.000442797,-0.000505062,-0.000563481,-0.000615917,-0.000660205,-0.000694452,-0.000716833,-0.000726148,-0.000721366,-0.000702343,-0.000669525,-0.000624183,-0.000568157,-0.000503998,-0.000434797,-0.00036386,-0.000294431,-0.000229641
-0.000193577,-0.000248377,-0.00030786,-0.000369979,-0.000432674,-0.000493735,-0.000550968,-0.000602378,-0.000645774,-0.000679276,-0.000701228,-0.00071026,-0.000705478,-0.000686828,-0.000654544,-0.00061007,-0.000555102,-0.000492185,-0.000424428,-0.000354941,-0.000286959,-0.000223288
-0.00018831,-0.000241819,-0.00030002,-0.000360783,-0.000422059,-0.000481819,-0.000537843,-0.000588107,-0.000630598,-0.00066334,-0.000684768,-0.000693574,-0.000688892,-0.000670554,-0.000638892,-0.000595283,-0.000541473,-0.000479898,-0.000413532,-0.000345584,-0.000279136,-0.000217097
-0.000183352,-0.000235712,-0.000292638,-0.000352156,-0.000412227,-0.00047074,-0.000525629,-0.000574829,-0.000616426,-0.000648494,-0.000669442,-0.000678034,-0.000673416,-0.000655351,-0.000624312,-0.000581534,-0.000528763,-0.000468406,-0.000403405,-0.000336877,-0.000271875,-0.000211235
-0.000178513,-0.000229695,-0.000285425,-0.000343697,-0.000402491,-0.000459793,-0.000513539,-0.000561716,-0.000602447,-0.000633848,-0.000654301,-0.000662703,-0.000658103,-0.000640364,-0.000609897,-0.000567937,-0.000516218,-0.000457073,-0.0003934,-0.000328307,-0.000264716,-0.000205456
-0.000173839,-0.000223958,-0.000278452,-0.000335543,-0.000393132,-0.000449283,-0.000501911,-0.000549134,-0.000589003,-0.00061974,-0.000639738,-0.000647926,-0.000643373,-0.000625935,-0.000596047,-0.000554906,-0.000504156,-0.000446168,-0.000383848,-0.000320094,-0.000257885,-0.000199936
-0.000169205,-0.000218198,-0.000271531,-0.000327393,-0.000383802,-0.000438768,-0.000490283,-0.000536496,-0.000575515,-0.000605599,-0.000625164,-0.000633139,-0.00062862,-0.000611499,-0.000582177,-0.00054181,-0.000492098,-0.000435308,-0.000374237,-0.000311856,-0.000251017,-0.000194388
-0.000164832,-0.000212795,-0.00026505,-0.00031973,-0.000375,-0.000428871,-0.000479371,-0.000524678,-0.000562888,-0.000592323,-0.000611491,-0.000619261,-0.00061477,-0.000597948,-0.000569141,-0.000529545,-0.000480784,-0.000425092,-0.000365288,-0.000304172,-0.000244622,-0.000189229
-0.000160431,-0.000207295,-0.000258401,-0.000311942,-0.000366032,-0.000418783,-0.000468221,-0.000512522,-0.000549943,-0.000578761,-0.000597485,-0.000605042,-0.000600633,-0.000584076,-0.00055582,-0.000516993,-0.00046923,-0.000414694,-0.000356108,-0.000296333,-0.000238104,-0.000183986
-0.00015637,-0.000202238,-0.000252286,-0.000304763,-0.000357796,-0.00040948,-0.000457928,-0.000501411,-0.000538044,-0.000566266,-0.000584618,-0.000591975,-0.000587597,-0.000571329,-0.000543585,-0.000505465,-0.000458576,-0.000405087,-0.000347678,-0.000289133,-0.000232134,-0.000179155
-0.000152283,-0.000197159,-0.000246161,-0.000297548,-0.000349478,-0.000400131,-0.000447596,-0.000490153,-0.000526055,-0.000553688,-0.000571625,-0.000578796,-0.000574459,-0.000558477,-0.000531247,-0.000493829,-0.000447864,-0.000395471,-0.00033919,-0.000281869,-0.0002261,-0.000174322
-0.000148288,-0.000192147,-0.000240104,-0.000290411,-0.000341274,-0.000390881,-0.000437363,-0.00047906,-0.000514196,-0.000541243,-0.000558762,-0.000565754,-0.000561477,-0.000545773,-0.000519031,-0.000482353,-0.000437295,-0.000385939,-0.000330864,-0.000274756,-0.000220179,-0.000169576
-0.000144525,-0.000187454,-0.000234424,-0.000283725,-0.000333571,-0.000382195,-0.000427759,-0.000468607,-0.000503046,-0.000529526,-0.00054667,-0.000553501,-0.000549272,-0.000533817,-0.00050756,-0.000471562,-0.000427371,-0.000377011,-0.000323003,-0.000268036,-0.000214617,-0.000165121
-0.000140719,-0.000182744,-0.000228693,-0.00027696,-0.00032577,-0.000373403,-0.00041803,-0.000458042,-0.000491791,-0.000517695,-0.000534454,-0.000541113,-0.000536902,-0.000521737,-0.000495972,-0.000460666,-0.000417311,-0.000367988,-0.000315084,-0.000261288,-0.000209049,-0.000160672
-0.000137065,-0.000178159,-0.000223163,-0.000270429,-0.000318251,-0.000364918,-0.00040865,-0.000447837,-0.000480864,-0.000506242,-0.000522637,-0.000529119,-0.000524971,-0.000510057,-0.000484772,-0.000450122,-0.000407637,-0.000359255,-0.000307449,-0.000254769,-0.000203639,-0.000156333
-0.000133618,-0.000173821,-0.000217911,-0.000264232,-0.000311091,-0.000356835,-0.000399709,-0.000438139,-0.000470497,-0.000495352,-0.000511407,-0.000517726,-0.000513615,-0.000498957,-0.000474109,-0.000440108,-0.000398411,-0.000350967,-0.000300185,-0.000248582,-0.000198531,-0.000152255
-0.000130154,-0.000169476,-0.000212639,-0.000257989,-0.0003039,-0.000348712,-0.000390717,-0.000428377,-0.00046008,-0.000484401,-0.000500105,-0.000506261,-0.000502175,-0.000487769,-0.000463377,-0.000430046,-0.000389141,-0.000342641,-0.000292926,-0.000242393,-0.000193415,-0.000148144
-0.000126815,-0.00016533,-0.000207571,-0.000252026,-0.000297031,-0.000340963,-0.000382116,-0.00041903,-0.000450086,-0.000473905,-0.0004893,-0.000495269,-0.000491252,-0.000477079,-0.000453129,-0.000420397,-0.000380269,-0.000334708,-0.000285948,-0.000236463,-0.000188545,-0.000144247
-0.000123604,-0.000161281,-0.000202653,-0.000246211,-0.000290325,-0.000333357,-0.000373704,-0.000409882,-0.000440289,-0.000463642,-0.000478693,-0.00048453,-0.000480568,-0.00046661,-0.000443104,-0.000410947,-0.000371607,-0.000326929,-0.000279145,-0.000230669,-0.000183746,-0.000140428
-0.000120431,-0.000157284,-0.000197804,-0.000240489,-0.000283689,-0.000325908,-0.000365457,-0.000400856,-0.00043071,-0.000453561,-0.000468267,-0.000473945,-0.000470029,-0.000456302,-0.000433214,-0.000401692,-0.000363103,-0.000319295,-0.00027246,-0.000225006,-0.000179073,-0.000136722
-0.000117359,-0.000153446,-0.000193128,-0.000234928,-0.000277278,-0.000318636,-0.000357395,-0.000392109,-0.000421329,-0.000443716,-0.000458127,-0.000463687,-0.000459752,-0.000446303,-0.000423628,-0.000392679,-0.000354819,-0.000311846,-0.000265982,-0.000219491,-0.000174543,-0.000133112
-0.000114372,-0.00014968,-0.000188534,-0.000229484,-0.000271009,-0.000311539,-0.000349528,-0.000383572,-0.000412201,-0.000434086,-0.000448213,-0.000453604,-0.000449749,-0.000436513,-0.000414244,-0.000383878,-0.000346738,-0.000304615,-0.000259655,-0.000214133,-0.000170134,-0.000129605
-0.000111414,-0.000145976,-0.00018401,-0.000224123,-0.000264793,-0.000304534,-0.000341757,-0.000375076,-0.000403133,-0.000424598,-0.000438381,-0.000443663,-0.000439829,-0.000426814,-0.000404964,-0.000375165,-0.000338752,-0.000297452,-0.000253402,-0.000208817,-0.000165765,-0.000126117
-0.000108612,-0.00014243,-0.000179699,-0.000219008,-0.000258875,-0.000297835,-0.000334331,-0.000367003,-0.000394506,-0.000415521,-0.000429023,-0.000434157,-0.000430378,-0.000417574,-0.0003961,-0.000366864,-0.000331123,-0.000290638,-0.000247453,-0.000203775,-0.000161624,-0.000122867
-0.000105907,-0.000139039,-0.000175535,-0.000214069,-0.000253168,-0.000291368,-0.000327155,-0.000359178,-0.000386143,-0.000406743,-0.000419974,-0.000424962,-0.000421221,-0.000408642,-0.000387531,-0.000358821,-0.000323762,-0.000284044,-0.000241707,-0.000198901,-0.000157627,-0.000119685
-0.00010327,-0.000135705,-0.000171476,-0.000209244,-0.000247601,-0.000285046,-0.00032015,-0.000351579,-0.000377991,-0.000398163,-0.000411149,-0.000416016,-0.000412295,-0.000399941,-0.000379195,-0.000350983,-0.000316564,-0.000277622,-0.000236103,-0.000194149,-0.000153742,-0.000116603
-0.000100716,-0.00013246,-0.000167516,-0.000204557,-0.000242145,-0.000278868,-0.00031331,-0.00034412,-0.000370042,-0.000389824,-0.0004025,-0.000407245,-0.000403598,-0.000391413,-0.000371046,-0.000343364,-0.000309559,-0.000271354,-0.00023064,-0.000189531,-0.000149961,-0.000113633
-9.80934e-05,-0.000129119,-0.000163425,-0.00019969,-0.000236496,-0.000272506,-0.000306221,-0.000336402,-0.00036177,-0.000381141,-0.000393526,-0.000398162,-0.000394532,-0.000382574,-0.000362569,-0.000335437,-0.00030231,-0.000264858,-0.00022501,-0.000184767,-0.000146046,-0.000110539
-9.56246e-05,-0.000126016,-0.00015963,-0.000195181,-0.000231263,-0.000266569,-0.00029965,-0.000329218,-0.000354102,-0.000373082,-0.00038522,-0.000389738,-0.000386132,-0.000374379,-0.000354719,-0.000328067,-0.000295566,-0.000258853,-0.000219754,-0.000180335,-0.000142424,-0.000107668
-9.31874e-05,-0.000122952,-0.000155859,-0.000190693,-0.000226072,-0.000260664,-0.000293078,-0.000322089,-0.000346453,-0.000365056,-0.000376922,-0.000381328,-0.000377773,-0.000366208,-0.000346924,-0.000320751,-0.000288866,-0.000252859,-0.000214553,-0.000175942,-0.000138841,-0.000104839
-9.08932e-05,-0.000120029,-0.000152269,-0.000186419,-0.000221122,-0.000255044,-0.000286845,-0.000315296,-0.000339188,-0.000357407,-0.000369024,-0.000373313,-0.000369809,-0.000358421,-0.000339485,-0.000313776,-0.000282488,-0.000247155,-0.000209606,-0.000171756,-0.000135423,-0.000102147
-8.86417e-05,-0.000117187,-0.000148804,-0.000182267,-0.000216292,-0.000249571,-0.000280774,-0.000308672,-0.000332115,-0.000349966,-0.000361361,-0.000365528,-0.000362051,-0.000350871,-0.000332247,-0.000307006,-0.000276284,-0.00024163,-0.000204784,-0.0001677,-0.000132113,-9.95471e-05
-8.64805e-05,-0.000114415,-0.000145399,-0.000178208,-0.000211582,-0.000244238,-0.000274835,-0.000302207,-0.000325188,-0.000342685,-0.000353841,-0.000357902,-0.000354475,-0.000343465,-0.000325173,-0.000300389,-0.000270222,-0.000236224,-0.000200105,-0.000163743,-0.000128899,-9.70186e-05
-8.43389e-05,-0.000111694,-0.000142056,-0.00017423,-0.000206966,-0.000238986,-0.000268996,-0.000295853,-0.000318386,-0.000335549,-0.000346461,-0.000350417,-0.000347035,-0.000336199,-0.000318228,-0.000293877,-0.000264268,-0.000230913,-0.000195488,-0.000159864,-0.000125726,-9.45299e-05
-8.22264e-05,-0.000109014,-0.00013875,-0.000170278,-0.000202387,-0.000233773,-0.000263216,-0.000289533,-0.000311631,-0.000328431,-0.000339131,-0.000342993,-0.000339631,-0.000328986,-0.000311331,-0.000287408,-0.000258362,-0.000225666,-0.000190926,-0.00015602,-0.000122602,-9.20692e-05
-8.01781e-05,-0.000106394,-0.000135535,-0.000166441,-0.000197911,-0.000228716,-0.000257583,-0.000283384,-0.000305039,-0.000321513,-0.000331978,-0.000335759,-0.000332425,-0.000321955,-0.0003046,-0.000281132,-0.000252631,-0.000220536,-0.0001865,-0.000152296,-0.000119565,-8.96957e-05
-7.8268e-05,-0.00010396,-0.000132521,-0.000162855,-0.000193746,-0.000223963,-0.000252313,-0.000277647,-0.000298887,-0.000315037,-0.000325288,-0.000328973,-0.000325689,-0.000315365,-0.000298321,-0.000275268,-0.000247271,-0.000215761,-0.00018236,-0.000148806,-0.000116744,-8.74566e-05
-7.63136e-05,-0.000101477,-0.000129472,-0.000159205,-0.000189506,-0.000219151,-0.000246936,-0.00027179,-0.000292609,-0.000308449,-0.00031848,-0.0003221,-0.000318811,-0.000308665,-0.00029192,-0.000269279,-0.00024182,-0.000210874,-0.000178145,-0.000145285,-0.000113865,-8.5218e-05
-7.43835e-05,-9.90303e-05,-0.000126432,-0.000155587,-0.000185288,-0.000214344,-0.000241609,-0.000265959,-0.00028637,-0.000301905,-0.000311728,-0.000315236,-0.000312003,-0.00030202,-0.000285561,-0.00026334,-0.000236384,-0.000206059,-0.000173973,-0.000141765,-0.000111019,-8.29845e-05
-7.25973e-05,-9.67478e-05,-0.00012362,-0.000152208,-0.000181352,-0.000209882,-0.000236648,-0.000260521,-0.000280569,-0.000295803,-0.000305437,-0.000308849,-0.00030564,-0.000295823,-0.000279639,-0.000257809,-0.000231339,-0.000201569,-0.000170081,-0.000138505,-0.000108375,-8.09249e-05
-7.08615e-05,-9.45282e-05,-0.000120862,-0.000148919,-0.000177522,-0.000205517,-0.000231777,-0.000255242,-0.000274871,-0.000289835,-0.000299252,-0.000302599,-0.000299424,-0.000289748,-0.000273854,-0.000252401,-0.000226391,-0.000197169,-0.000166288,-0.000135314,-0.000105794,-7.88884e-05
-6.91119e-05,-9.22648e-05,-0.000118088,-0.000145591,-0.000173628,-0.000201091,-0.00022685,-0.000249854,-0.000269147,-0.000283775,-0.000293008,-0.000296251,-0.000293132,-0.000283626,-0.000267995,-0.000246922,-0.000221404,-0.000192749,-0.000162449,-0.000132105,-0.000103196,-7.6877e-05
-6.73958e-05,-9.00643e-05,-0.000115363,-0.000142328,-0.000169822,-0.000196767,-0.000222026,-0.000244591,-0.000263505,-0.00027785,-0.000286888,-0.000290048,-0.000286957,-0.000277606,-0.000262241,-0.000241553,-0.000216509,-0.000188406,-0.000158702,-0.000128957,-0.00010065,-7.48991e-05
-6.57992e-05,-8.80152e-05,-0.000112828,-0.000139276,-0.000166282,-0.000192738,-0.000217532,-0.000239681,-0.000258228,-0.000272298,-0.00028117,-0.000284261,-0.000281196,-0.00027199,-0.000256877,-0.00023656,-0.000211952,-0.000184351,-0.000155204,-0.000126034,-9.8276e-05,-7.30452e-05
-6.41791e-05,-8.59466e-05,-0.000110249,-0.000136195,-0.000162685,-0.000188633,-0.000212968,-0.000234688,-0.000252898,-0.000266685,-0.000275364,-0.000278379,-0.00027535,-0.000266297,-0.000251442,-0.000231483,-0.000207321,-0.000180247,-0.00015167,-0.000123061,-9.58825e-05,-7.11922e-05
-6.25933e-05,-8.39108e-05,-0.000107737,-0.000133171,-0.000159148,-0.000184601,-0.000208478,-0.000229798,-0.000247643,-0.000261167,-0.00026967,-0.000272597,-0.00026961,-0.000260698,-0.000246108,-0.0002265,-0.00020279,-0.000176222,-0.000148189,-0.000120163,-9.35472e-05,-6.93703e-05
-6.11401e-05,-8.20257e-05,-0.000105407,-0.00013037,-0.00015588,-0.000180877,-0.000204321,-0.000225268,-0.000242789,-0.000256055,-0.000264397,-0.000267235,-0.000264301,-0.000255504,-0.00024116,-0.000221895,-0.000198606,-0.000172515,-0.000144973,-0.00011749,-9.13904e-05,-6.76929e-05
-5.96299e-05,-8.00965e-05,-0.000102996,-0.000127477,-0.000152498,-0.000177013,-0.000200022,-0.000220563,-0.000237747,-0.000250759,-0.000258919,-0.000261703,-0.000258779,-0.000250153,-0.00023605,-0.000217112,-0.00019424,-0.000168636,-0.000141657,-0.000114704,-8.91426e-05,-6.59548e-05
-5.81975e-05,-7.82511e-05,-0.000100705,-0.000124722,-0.000149278,-0.000173341,-0.000195929,-0.000216091,-0.000232952,-0.000245714,-0.000253712,-0.000256426,-0.000253532,-0.000245042,-0.000231177,-0.000212569,-0.000190105,-0.000164972,-0.000138502,-0.000112069,-8.70206e-05,-6.43071e-05
-5.68256e-05,-7.64867e-05,-9.85046e-05,-0.000122089,-0.000146193,-0.000169815,-0.000191994,-0.00021179,-0.000228348,-0.000240875,-0.000248701,-0.000251363,-0.000248499,-0.000240141,-0.000226499,-0.00020821,-0.000186132,-0.000161463,-0.000135477,-0.000109543,-8.49866e-05,-6.27292e-05
-5.54816e-05,-7.47462e-05,-9.63529e-05,-0.000119466,-0.000143131,-0.000166339,-0.000188121,-0.000207556,-0.000223794,-0.000236074,-0.000243769,-0.000246352,-0.000243524,-0.000235283,-0.00022188,-0.000203906,-0.000182224,-0.000157982,-0.000132499,-0.000107057,-8.29872e-05,-6.11915e-05
-5.41642e-05,-7.30188e-05,-9.42131e-05,-0.000116906,-0.000140126,-0.000162925,-0.000184297,-0.000203362,-0.000219321,-0.000231367,-0.000238906,-0.000241419,-0.000238625,-0.000230502,-0.000217308,-0.000199666,-0.00017838,-0.000154594,-0.00012956,-0.000104622,-8.10263e-05,-5.96756e-05
-5.28364e-05,-7.13303e-05,-9.21019e-05,-0.000114352,-0.000137146,-0.000159503,-0.000180494,-0.000199206,-0.000214856,-0.000226672,-0.000234058,-0.000236512,-0.000233743,-0.000225767,-0.000212792,-0.000195455,-0.000174545,-0.00015119,-0.000126648,-0.00010219,-7.9076e-05,-5.81703e-05
-5.15723e-05,-6.9698e-05,-9.00565e-05,-0.00011189,-0.000134258,-0.000156207,-0.000176809,-0.000195184,-0.000210535,-0.000222136,-0.000229367,-0.000231758,-0.000229023,-0.000221164,-0.000208423,-0.00019137,-0.000170832,-0.000147913,-0.000123834,-9.98443e-05,-7.72026e-05,-5.67149e-05
-5.03486e-05,-6.81041e-05,-8.80738e-05,-0.000109502,-0.000131462,-0.000153008,-0.000173231,-0.000191272,-0.000206347,-0.00021772,-0.000224804,-0.000227143,-0.000224439,-0.000216707,-0.000204167,-0.000187415,-0.00016724,-0.000144739,-0.000121105,-9.75773e-05,-7.53816e-05,-5.53203e-05
-4.91785e-05,-6.65837e-05,-8.61867e-05,-0.000107211,-0.000128786,-0.000149947,-0.000169809,-0.000187539,-0.00020233,-0.000213495,-0.000220456,-0.000222717,-0.00022005,-0.000212428,-0.000200101,-0.000183633,-0.000163812,-0.000141699,-0.000118491,-9.5422e-05,-7.36513e-05,-5.39795e-05
-4.8013e-05,-6.50809e-05,-8.43005e-05,-0.000104939,-0.000126106,-0.000146894,-0.000166402,-0.000183795,-0.000198334,-0.000209289,-0.000216102,-0.000218316,-0.00021568,-0.000208169,-0.000196048,-0.000179853,-0.000160391,-0.000138683,-0.0001159,-9.32577e-05,-7.19253e-05,-5.26612e-05
-4.68698e-05,-6.35982e-05,-8.24462e-05,-0.000102699,-0.000123479,-0.000143881,-0.000163036,-0.000180117,-0.00019439,-0.000205136,-0.000211816,-0.000213972,-0.000211361,-0.00020398,-0.000192053,-0.000176138,-0.000157007,-0.000135697,-0.00011334,-9.114e-05,-7.02277e-05,-5.13465e-05
-4.57609e-05,-6.21707e-05,-8.06573e-05,-0.000100544,-0.000120944,-0.000140986,-0.000159792,-0.000176574,-0.000190575,-0.000201138,-0.000207682,-0.00020979,-0.000207203,-0.000199933,-0.0001882,-0.000172557,-0.000153758,-0.000132831,-0.000110881,-8.91014e-05,-6.86004e-05,-5.00972e-05
-4.4696e-05,-6.07581e-05,-7.88953e-05,-9.84098e-05,-0.000118445,-0.00013813,-0.000156606,-0.000173075,-0.000186827,-0.000197179,-0.000203599,-0.00020566,-0.0002031,-0.000195943,-0.000184394,-0.000169025,-0.000150554,-0.000130002,-0.000108468,-8.70913e-05,-6.69924e-05,-4.88622e-05
-4.36307e-05,-5.93847e-05,-7.71726e-05,-9.63214e-05,-0.000115985,-0.000135315,-0.000153456,-0.000169633,-0.000183137,-0.000193302,-0.000199587,-0.00020159,-0.00019906,-0.000192012,-0.000180662,-0.000165548,-0.000147406,-0.000127224,-0.000106084,-8.51217e-05,-6.54235e-05,-4.76636e-05
-4.26218e-05,-5.80685e-05,-7.55259e-05,-9.43206e-05,-0.000113635,-0.000132636,-0.000150448,-0.000166347,-0.000179603,-0.00018958,-0.000195754,-0.000197702,-0.000195207,-0.000188256,-0.00017709,-0.000162235,-0.000144404,-0.000124581,-0.000103816,-8.32474e-05,-6.39283e-05,-4.65306e-05
-4.1619e-05,-5.67763e-05,-7.38883e-05,-9.23433e-05,-0.000111317,-0.00012996,-0.000147473,-0.00016308,-0.0001761,-0.000185892,-0.00019194,-0.000193845,-0.000191366,-0.000184538,-0.000173553,-0.000158942,-0.000141413,-0.000121937,-0.00010157,-8.13828e-05,-6.24395e-05,-4.53834e-05
-4.06535e-05,-5.55123e-05,-7.23012e-05,-9.04175e-05,-0.000109047,-0.00012736,-0.000144566,-0.000159904,-0.000172682,-0.0001823,-0.000188229,-0.000190086,-0.000187637,-0.000180911,-0.000170108,-0.000155735,-0.000138507,-0.000119377,-9.93844e-05,-7.957e-05,-6.10025e-05,-4.42681e-05
-3.97143e-05,-5.4272e-05,-7.0767e-05,-8.85447e-05,-0.000106843,-0.000124848,-0.000141737,-0.000156806,-0.00016937,-0.000178799,-0.000184616,-0.000186427,-0.000184012,-0.000177389,-0.000166747,-0.000152622,-0.000135692,-0.000116909,-9.72599e-05,-7.78205e-05,-5.961e-05,-4.32218e-05
-3.87903e-05,-5.30719e-05,-6.92521e-05,-8.67046e-05,-0.000104674,-0.000122355,-0.000138953,-0.000153757,-0.000166097,-0.000175357,-0.000181057,-0.000182823,-0.000180433,-0.000173911,-0.00016345,-0.000149551,-0.000132912,-0.000114457,-9.51673e-05,-7.60969e-05,-5.82361e-05,-4.21774e-05
-3.78782e-05,-5.18739e-05,-6.77508e-05,-8.48787e-05,-0.000102529,-0.000119898,-0.000136202,-0.000150743,-0.000162855,-0.000171944,-0.00017754,-0.000179256,-0.000176897,-0.000170467,-0.000160174,-0.000146518,-0.000130169,-0.00011204,-9.31047e-05,-7.43951e-05,-5.68823e-05,-4.11424e-05
-3.70013e-05,-5.0723e-05,-6.62939e-05,-8.31218e-05,-0.000100454,-0.000117516,-0.000133539,-0.000147815,-0.000159711,-0.00016864,-0.00017413,-0.000175807,-0.000173469,-0.000167133,-0.000157002,-0.000143582,-0.000127515,-0.000109705,-9.11134e-05,-7.27528e-05,-5.55775e-05,-4.01442e-05
-3.61436e-05,-4.96066e-05,-6.48847e-05,-8.14061e-05,-9.84376e-05,-0.000115196,-0.000130943,-0.000144973,-0.000156653,-0.000165423,-0.000170808,-0.000172445,-0.000170129,-0.000163885,-0.000153924,-0.000140721,-0.000124933,-0.000107422,-8.91752e-05,-7.11532e-05,-5.43103e-05,-3.91712e-05
-3.53151e-05,-4.85296e-05,-6.35209e-05,-7.97537e-05,-9.64857e-05,-0.000112949,-0.00012843,-0.000142217,-0.000153691,-0.000162311,-0.000167589,-0.000169192,-0.000166898,-0.000160746,-0.000150942,-0.000137955,-0.000122431,-0.000105225,-8.72995e-05,-6.9611e-05,-5.30868e-05,-3.82416e-05
-3.44934e-05,-4.74432e-05,-6.21571e-05,-7.80822e-05,-9.45154e-05,-0.000110696,-0.000125894,-0.000139448,-0.000150716,-0.000159172,-0.000164351,-0.000165903,-0.000163644,-0.000157587,-0.00014794,-0.000135172,-0.000119913,-0.000103019,-8.54178e-05,-6.8061e-05,-5.18581e-05,-3.73157e-05
-3.37118e-05,-4.64153e-05,-6.08578e-05,-7.65026e-05,-9.26521e-05,-0.000108552,-0.000123491,-0.000136812,-0.000147891,-0.000156191,-0.000161266,-0.00016278,-0.000160554,-0.000154583,-0.000145089,-0.000132528,-0.000117528,-0.000100924,-8.36305e-05,-6.65934e-05,-5.06952e-05,-3.64337e-05
-3.29216e-05,-4.5379e-05,-5.95494e-05,-7.49072e-05,-9.07624e-05,-0.000106385,-0.000121065,-0.000134147,-0.000145028,-0.00015318,-0.000158161,-0.000159639,-0.000157429,-0.000151554,-0.00014221,-0.00012986,-0.000115115,-9.88058e-05,-8.18295e-05,-6.51089e-05,-4.95239e-05,-3.55584e-05
-3.21756e-05,-4.43991e-05,-5.83064e-05,-7.33917e-05,-8.89732e-05,-0.000104328,-0.000118762,-0.00013162,-0.00014231,-0.00015032,-0.000155207,-0.000156649,-0.000154463,-0.000148672,-0.000139479,-0.000127325,-0.000112824,-9.67963e-05,-8.01268e-05,-6.37019e-05,-4.84155e-05,-3.47047e-05
-3.14381e-05,-4.34264e-05,-5.70793e-05,-7.18967e-05,-8.72067e-05,-0.000102296,-0.000116478,-0.000129119,-0.000139622,-0.000147489,-0.000152285,-0.00015369,-0.00015153,-0.000145823,-0.000136775,-0.00012482,-0.000110566,-9.48166e-05,-7.84363e-05,-6.23195e-05,-4.73208e-05,-3.38838e-05
-3.07322e-05,-4.24841e-05,-5.58915e-05,-7.04462e-05,-8.549e-05,-0.000100323,-0.000114266,-0.000126689,-0.000137012,-0.000144738,-0.000149445,-0.000150816,-0.000148681,-0.000143059,-0.000134145,-0.000122392,-0.000108376,-9.28973e-05,-7.68041e-05,-6.0983e-05,-4.62649e-05,-3.30816e-05
-3.00244e-05,-4.15657e-05,-5.47264e-05,-6.9019e-05,-8.38009e-05,-9.83791e-05,-0.000112088,-0.000124296,-0.000134444,-0.000142033,-0.000146652,-0.000147991,-0.000145874,-0.000140339,-0.000131565,-0.00012,-0.000106215,-9.10003e-05,-7.51965e-05,-5.96617e-05,-4.52219e-05,-3.2301e-05
-2.93443e-05,-4.06615e-05,-5.35762e-05,-6.7616e-05,-8.21422e-05,-9.64691e-05,-0.000109941,-0.000121944,-0.000131914,-0.000139368,-0.000143896,-0.000145199,-0.000143112,-0.000137653,-0.000129024,-0.000117643,-0.000104096,-8.91432e-05,-7.36161e-05,-5.83683e-05,-4.42043e-05,-3.15299e-05
-2.86777e-05,-3.97937e-05,-5.24683e-05,-6.62662e-05,-8.05396e-05,-9.46195e-05,-0.000107867,-0.00011967,-0.000129465,-0.000136795,-0.000141236,-0.00014251,-0.00014044,-0.00013507,-0.000126571,-0.000115373,-0.000102044,-8.73452e-05,-7.2096e-05,-5.71223e-05,-4.32222e-05,-3.0789e-05
-2.802e-05,-3.89147e-05,-5.13633e-05,-6.49082e-05,-7.89301e-05,-9.27744e-05,-0.000105791,-0.000117389,-0.000127019,-0.00013421,-0.000138572,-0.000139811,-0.00013777,-0.000132472,-0.000124107,-0.000113096,-9.9994e-05,-8.5551e-05,-7.05719e-05,-5.58724e-05,-4.2242e-05,-3.00506e-05
-2.73868e-05,-3.80775e-05,-5.02978e-05,-6.36037e-05,-7.73873e-05,-9.09953e-05,-0.000103793,-0.000115195,-0.00012466,-0.000131726,-0.000136007,-0.000137216,-0.000135197,-0.000129975,-0.00012174,-0.000110906,-9.80233e-05,-8.3826e-05,-6.91085e-05,-5.46759e-05,-4.12991e-05,-2.93514e-05
-2.67775e-05,-3.72656e-05,-4.92676e-05,-6.23404e-05,-7.58904e-05,-8.92722e-05,-0.000101858,-0.000113069,-0.000122376,-0.000129316,-0.000133521,-0.000134696,-0.000132702,-0.000127556,-0.000119444,-0.000108788,-9.61155e-05,-8.21533e-05,-6.76939e-05,-5.3522e-05,-4.03888e-05,-2.86641e-05
-2.61649e-05,-3.64602e-05,-4.82422e-05,-6.10823e-05,-7.43999e-05,-8.75538e-05,-9.99255e-05,-0.000110947,-0.000120093,-0.000126915,-0.000131039,-0.000132187,-0.000130212,-0.000125141,-0.00011716,-0.00010667,-9.42085e-05,-8.04897e-05,-6.62844e-05,-5.23668e-05,-3.94853e-05,-2.79822e-05
-2.55896e-05,-3.56909e-05,-4.72623e-05,-5.98829e-05,-7.29735e-05,-8.59117e-05,-9.80813e-05,-0.000108917,-0.000117908,-0.000124616,-0.000128668,-0.000129788,-0.000127834,-0.000122833,-0.000114972,-0.000104651,-9.23882e-05,-7.89009e-05,-6.49404e-05,-5.12693e-05,-3.86246e-05,-2.73509e-05
-2.50031e-05,-3.49158e-05,-4.62765e-05,-5.86718e-05,-7.15374e-05,-8.42514e-05,-9.62138e-05,-0.000106872,-0.000115709,-0.000122296,-0.000126268,-0.000127361,-0.00012543,-0.000120503,-0.000112767,-0.00010261,-9.05532e-05,-7.72963e-05,-6.3583e-05,-5.01588e-05,-3.77573e-05,-2.66772e-05
-2.4449e-05,-3.41773e-05,-4.53354e-05,-5.7515e-05,-7.01612e-05,-8.26673e-05,-9.44306e-05,-0.000104912,-0.0001136,-0.000120074,-0.000123975,-0.000125041,-0.000123134,-0.000118274,-0.000110654,-0.000100661,-8.8805e-05,-7.57695e-05,-6.22892e-05,-4.91062e-05,-3.69282e-05,-2.60769e-05
-2.38984e-05,-3.34507e-05,-4.44068e-05,-5.63779e-05,-6.88097e-05,-8.11043e-05,-9.26753e-05,-0.000102983,-0.000111526,-0.000117888,-0.000121718,-0.000122756,-0.000120869,-0.000116082,-0.000108579,-9.87419e-05,-8.70755e-05,-7.42589e-05,-6.10143e-05,-4.80658e-05,-3.61155e-05,-2.54737e-05
-2.33636e-05,-3.27372e-05,-4.34946e-05,-5.52556e-05,-6.74768e-05,-7.95644e-05,-9.09447e-05,-0.000101078,-0.000109478,-0.000115732,-0.000119491,-0.000120503,-0.000118636,-0.000113918,-0.000106531,-9.68495e-05,-8.53753e-05,-7.27757e-05,-5.97585e-05,-4.70434e-05,-3.53174e-05,-2.48635e-05
-2.2845e-05,-3.20479e-05,-4.26145e-05,-5.41734e-05,-6.61876e-05,-7.80768e-05,-8.9268e-05,-9.92374e-05,-0.0001075,-0.000113646,-0.000117335,-0.000118323,-0.000116475,-0.000111827,-0.000104551,-9.50205e-05,-8.37312e-05,-7.13418e-05,-5.8549e-05,-4.60617e-05,-3.45472e-05,-2.43053e-05
-2.23367e-05,-3.13716e-05,-4.17489e-05,-5.31092e-05,-6.49202e-05,-7.66119e-05,-8.76229e-05,-9.74254e-05,-0.000105549,-0.000111591,-0.000115214,-0.000116179,-0.00011435,-0.00010977,-0.0001026,-9.3222e-05,-8.21179e-05,-6.99337e-05,-5.7361e-05,-4.50904e-05,-3.37908e-05,-2.37427e-05
-2.18371e-05,-3.07017e-05,-4.08951e-05,-5.2056e-05,-6.36682e-05,-7.51661e-05,-8.59918e-05,-9.5635e-05,-0.000103621,-0.000109559,-0.000113116,-0.000114055,-0.000112249,-0.00010773,-0.000100675,-9.14442e-05,-8.05192e-05,-6.85418e-05,-5.61857e-05,-4.41382e-05,-3.30467e-05,-2.31866e-05
-2.13602e-05,-3.00603e-05,-4.00752e-05,-5.10457e-05,-6.24649e-05,-7.3777e-05,-8.44282e-05,-9.39126e-05,-0.000101768,-0.000107605,-0.000111102,-0.000112014,-0.000110231,-0.000105775,-9.88216e-05,-8.97394e-05,-7.89882e-05,-6.72081e-05,-5.50612e-05,-4.32238e-05,-3.23335e-05,-2.26631e-05
-2.08772e-05,-2.94217e-05,-3.92549e-05,-5.00338e-05,-6.12598e-05,-7.23811e-05,-8.28563e-05,-9.2186e-05,-9.99091e-05,-0.000105646,-0.000109076,-0.000109968,-0.000108203,-0.000103811,-9.69676e-05,-8.80245e-05,-7.74521e-05,-6.58675e-05,-5.39326e-05,-4.23069e-05,-3.162e-05,-2.2129e-05
-2.04154e-05,-2.88095e-05,-3.847e-05,-4.90633e-05,-6.01074e-05,-7.10465e-05,-8.13551e-05,-9.0532e-05,-9.81304e-05,-0.000103772,-0.00010714,-0.000108009,-0.000106265,-0.000101933,-9.51923e-05,-8.63873e-05,-7.59807e-05,-6.45878e-05,-5.28559e-05,-4.14313e-05,-3.09381e-05,-2.16311e-05
-1.99657e-05,-2.82096e-05,-3.76979e-05,-4.81144e-05,-5.89704e-05,-6.97301e-05,-7.98728e-05,-8.89023e-05,-9.6374e-05,-0.000101921,-0.000105227,-0.000106077,-0.00010435,-0.000100082,-9.34416e-05,-8.47737e-05,-7.45339e-05,-6.33267e-05,-5.17941e-05,-4.05718e-05,-3.02682e-05,-2.11363e-05
-1.95329e-05,-2.76141e-05,-3.69378e-05,-4.71746e-05,-5.7848e-05,-6.84341e-05,-7.84085e-05,-8.72921e-05,-9.46412e-05,-0.000100093,-0.000103344,-0.000104169,-0.000102463,-9.82537e-05,-9.17119e-05,-8.318e-05,-7.31067e-05,-6.20868e-05,-5.0749e-05,-3.97259e-05,-2.96104e-05,-2.06451e-05
-1.91002e-05,-2.70392e-05,-3.61983e-05,-4.62615e-05,-5.67581e-05,-6.71707e-05,-7.69843e-05,-8.57251e-05,-9.29553e-05,-9.83162e-05,-0.000101506,-0.000102312,-0.000100625,-9.64754e-05,-9.00321e-05,-8.16301e-05,-7.17174e-05,-6.08797e-05,-4.97329e-05,-3.89013e-05,-2.89716e-05,-2.01724e-05
-1.86785e-05,-2.64772e-05,-3.54768e-05,-4.53699e-05,-5.56955e-05,-6.59403e-05,-7.55954e-05,-8.41978e-05,-9.13084e-05,-9.65802e-05,-9.97156e-05,-0.000100502,-9.88308e-05,-9.47364e-05,-8.83904e-05,-8.01203e-05,-7.03631e-05,-5.97023e-05,-4.87443e-05,-3.81007e-05,-2.83498e-05,-1.97244e-05
-1.82637e-05,-2.59279e-05,-3.47685e-05,-4.44939e-05,-5.46476e-05,-6.47268e-05,-7.42286e-05,-8.26912e-05,-8.96875e-05,-9.48721e-05,-9.79508e-05,-9.87176e-05,-9.70634e-05,-9.30303e-05,-8.67764e-05,-7.86314e-05,-6.90312e-05,-5.85433e-05,-4.77712e-05,-3.73137e-05,-2.77373e-05,-1.92592e-05
-1.78687e-05,-2.53898e-05,-3.40767e-05,-4.36363e-05,-5.36236e-05,-6.35413e-05,-7.28898e-05,-8.12151e-05,-8.80973e-05,-9.31943e-05,-9.62219e-05,-9.69673e-05,-9.53351e-05,-9.1355e-05,-8.51943e-05,-7.71773e-05,-6.77309e-05,-5.7412e-05,-4.68208e-05,-3.65438e-05,-2.71434e-05,-1.88262e-05
-1.74923e-05,-2.4865e-05,-3.34008e-05,-4.28005e-05,-5.26249e-05,-6.23802e-05,-7.15831e-05,-7.97766e-05,-8.65491e-05,-9.15614e-05,-9.45338e-05,-9.52612e-05,-9.36475e-05,-8.97202e-05,-8.36533e-05,-7.57559e-05,-6.64577e-05,-5.63085e-05,-4.58926e-05,-3.57938e-05,-2.65617e-05,-1.84e-05
-1.70865e-05,-2.43471e-05,-3.27328e-05,-4.19722e-05,-5.16338e-05,-6.12329e-05,-7.02843e-05,-7.83465e-05,-8.50083e-05,-8.99381e-05,-9.28572e-05,-9.35674e-05,-9.1969e-05,-8.81008e-05,-8.21214e-05,-7.43471e-05,-6.51967e-05,-5.52148e-05,-4.49761e-05,-3.50533e-05,-2.59885e-05,-1.79807e-05
-1.67166e-05,-2.38447e-05,-3.2086e-05,-4.11695e-05,-5.06731e-05,-6.01179e-05,-6.90261e-05,-7.69607e-05,-8.35142e-05,-8.83626e-05,-9.12301e-05,-9.19219e-05,-9.03426e-05,-8.65277e-05,-8.06365e-05,-7.29814e-05,-6.39752e-05,-5.41533e-05,-4.40868e-05,-3.43388e-05,-2.54343e-05,-1.75765e-05
-1.63569e-05,-2.33572e-05,-3.14558e-05,-4.03877e-05,-4.97382e-05,-5.90329e-05,-6.78012e-05,-7.56112e-05,-8.20598e-05,-8.68304e-05,-8.96479e-05,-9.03223e-05,-8.87612e-05,-8.49966e-05,-7.91913e-05,-7.16517e-05,-6.27867e-05,-5.31232e-05,-4.32239e-05,-3.36388e-05,-2.48948e-05,-1.71773e-05
-1.60028e-05,-2.28749e-05,-3.08329e-05,-3.96145e-05,-4.88112e-05,-5.79569e-05,-6.65845e-05,-7.42701e-05,-8.06166e-05,-8.53076e-05,-8.80751e-05,-8.87332e-05,-8.71885e-05,-8.34763e-05,-7.77576e-05,-7.03334e-05,-6.16058e-05,-5.21022e-05,-4.23673e-05,-3.29496e-05,-2.43626e-05,-1.67813e-05
-1.56561e-05,-2.2404e-05,-3.02254e-05,-3.88602e-05,-4.79066e-05,-5.69061e-05,-6.53996e-05,-7.29625e-05,-7.92079e-05,-8.38213e-05,-8.65419e-05,-8.71827e-05,-8.56541e-05,-8.19931e-05,-7.63592e-05,-6.90472e-05,-6.04578e-05,-5.11052e-05,-4.15332e-05,-3.22773e-05,-2.3844e-05,-1.64127e-05
-1.5309e-05,-2.19508e-05,-2.96382e-05,-3.81317e-05,-4.70321e-05,-5.58912e-05,-6.42505e-05,-7.16984e-05,-7.78444e-05,-8.23828e-05,-8.50561e-05,-8.56812e-05,-8.41703e-05,-8.05598e-05,-7.50051e-05,-6.78018e-05,-5.93466e-05,-5.01415e-05,-4.0726e-05,-3.16281e-05,-2.33433e-05,-1.60461e-05
-1.49984e-05,-2.15016e-05,-2.90573e-05,-3.74099e-05,-4.61686e-05,-5.48851e-05,-6.31169e-05,-7.04449e-05,-7.64947e-05,-8.09625e-05,-8.35854e-05,-8.41964e-05,-8.27032e-05,-7.91393e-05,-7.36677e-05,-6.65724e-05,-5.8248e-05,-4.91907e-05,-3.99309e-05,-3.09865e-05,-2.28495e-05,-1.56972e-05
-1.46595e-05,-2.10624e-05,-2.84886e-05,-3.67009e-05,-4.53181e-05,-5.38978e-05,-6.1999e-05,-6.92126e-05,-7.51669e-05,-7.95601e-05,-8.21402e-05,-8.27356e-05,-8.12565e-05,-7.77436e-05,-7.23515e-05,-6.53629e-05,-5.71669e-05,-4.82556e-05,-3.91515e-05,-3.036e-05,-2.23654e-05,-1.53256e-05
-1.43356e-05,-2.06324e-05,-2.79318e-05,-3.60083e-05,-4.44857e-05,-5.29289e-05,-6.09047e-05,-6.80053e-05,-7.38652e-05,-7.81867e-05,-8.07234e-05,-8.13033e-05,-7.984e-05,-7.63754e-05,-7.10606e-05,-6.41784e-05,-5.61092e-05,-4.7341e-05,-3.83857e-05,-2.97444e-05,-2.18936e-05,-1.49954e-05
-1.40322e-05,-2.02149e-05,-2.73894e-05,-3.53332e-05,-4.36727e-05,-5.19849e-05,-5.98358e-05,-6.68277e-05,-7.25947e-05,-7.68481e-05,-7.934e-05,-7.99043e-05,-7.84591e-05,-7.50395e-05,-6.98011e-05,-6.3024e-05,-5.50789e-05,-4.64491e-05,-3.76411e-05,-2.91466e-05,-2.14328e-05,-1.46586e-05
-1.37349e-05,-1.98032e-05,-2.68559e-05,-3.46674e-05,-4.28752e-05,-5.10575e-05,-5.87838e-05,-6.56672e-05,-7.13443e-05,-7.55282e-05,-7.79774e-05,-7.85276e-05,-7.70978e-05,-7.37261e-05,-6.85648e-05,-6.18852e-05,-5.40646e-05,-4.55728e-05,-3.69099e-05,-2.85589e-05,-2.09822e-05,-1.43376e-05
-1.34513e-05,-1.94058e-05,-2.63389e-05,-3.40224e-05,-4.21005e-05,-5.01547e-05,-5.77633e-05,-6.45412e-05,-7.01316e-05,-7.42479e-05,-7.66539e-05,-7.71915e-05,-7.57778e-05,-7.24504e-05,-6.73643e-05,-6.07817e-05,-5.30827e-05,-4.47216e-05,-3.61999e-05,-2.79898e-05,-2.05449e-05,-1.40065e-05
-1.31629e-05,-1.9012e-05,-2.58287e-05,-3.3386e-05,-4.13365e-05,-4.92638e-05,-5.67555e-05,-6.34271e-05,-6.89309e-05,-7.29804e-05,-7.53472e-05,-7.58711e-05,-7.44715e-05,-7.11887e-05,-6.61756e-05,-5.96931e-05,-5.21094e-05,-4.38826e-05,-3.55012e-05,-2.74293e-05,-2.01151e-05,-1.37078e-05
-1.28641e-05,-1.86348e-05,-2.53371e-05,-3.27722e-05,-4.05958e-05,-4.84037e-05,-5.57781e-05,-6.23519e-05,-6.77695e-05,-7.17568e-05,-7.4084e-05,-7.45918e-05,-7.32093e-05,-6.99727e-05,-6.50265e-05,-5.86401e-05,-5.11694e-05,-4.30736e-05,-3.48228e-05,-2.68887e-05,-1.96995e-05,-1.34003e-05
-1.25935e-05,-1.82519e-05,-2.484e-05,-3.21511e-05,-3.98486e-05,-4.75314e-05,-5.47932e-05,-6.12609e-05,-6.65932e-05,-7.05156e-05,-7.28028e-05,-7.32992e-05,-7.19318e-05,-6.87366e-05,-6.38658e-05,-5.75745e-05,-5.02227e-05,-4.22543e-05,-3.41422e-05,-2.63417e-05,-1.92821e-05,-1.31076e-05
-1.23372e-05,-1.7891e-05,-2.43704e-05,-3.15641e-05,-3.91402e-05,-4.6707e-05,-5.38584e-05,-6.02306e-05,-6.54814e-05,-6.93425e-05,-7.15911e-05,-7.20741e-05,-7.07216e-05,-6.75704e-05,-6.27663e-05,-5.65672e-05,-4.93255e-05,-4.14788e-05,-3.34958e-05,-2.58222e-05,-1.88861e-05,-1.28107e-05
-1.20567e-05,-1.75285e-05,-2.38982e-05,-3.0974e-05,-3.84314e-05,-4.58783e-05,-5.29208e-05,-5.91939e-05,-6.43642e-05,-6.81639e-05,-7.03725e-05,-7.08447e-05,-6.95083e-05,-6.63977e-05,-6.16628e-05,-5.55536e-05,-4.84244e-05,-4.07026e-05,-3.28514e-05,-2.53074e-05,-1.84914e-05,-1.25392e-05
-1.18045e-05,-1.71776e-05,-2.34393e-05,-3.04004e-05,-3.77404e-05,-4.50746e-05,-5.20084e-05,-5.81855e-05,-6.32766e-05,-6.70153e-05,-6.91892e-05,-6.96482e-05,-6.8324e-05,-6.52537e-05,-6.05887e-05,-5.45715e-05,-4.75465e-05,-3.99479e-05,-3.22229e-05,-2.48072e-05,-1.81081e-05,-1.22628e-05
-1.15534e-05,-1.68333e-05,-2.29908e-05,-2.98395e-05,-3.70619e-05,-4.42821e-05,-5.11106e-05,-5.7195e-05,-6.22056e-05,-6.5888e-05,-6.80231e-05,-6.84717e-05,-6.71625e-05,-6.41356e-05,-5.95336e-05,-5.36044e-05,-4.66888e-05,-3.92068e-05,-3.16063e-05,-2.43162e-05,-1.77321e-05,-1.19935e-05
-1.13105e-05,-1.65043e-05,-2.25594e-05,-2.92972e-05,-3.64123e-05,-4.35209e-05,-5.025e-05,-5.62427e-05,-6.1178e-05,-6.48047e-05,-6.69016e-05,-6.73397e-05,-6.60464e-05,-6.30588e-05,-5.85204e-05,-5.26757e-05,-4.58622e-05,-3.84964e-05,-3.10149e-05,-2.38414e-05,-1.73702e-05,-1.17336e-05
-1.1073e-05,-1.61736e-05,-2.21298e-05,-2.87614e-05,-3.57629e-05,-4.27631e-05,-4.939e-05,-5.52925e-05,-6.01527e-05,-6.3722e-05,-6.57866e-05,-6.62114e-05,-6.49316e-05,-6.19831e-05,-5.75083e-05,-5.1751e-05,-4.50393e-05,-3.77859e-05,-3.0425e-05,-2.33666e-05,-1.70129e-05,-1.1503e-05
-1.08234e-05,-1.58483e-05,-2.1704e-05,-2.82277e-05,-3.51165e-05,-4.201e-05,-4.85341e-05,-5.43487e-05,-5.91356e-05,-6.26464e-05,-6.46769e-05,-6.50911e-05,-6.3823e-05,-6.09167e-05,-5.6505e-05,-5.08314e-05,-4.42232e-05,-3.7084e-05,-2.98425e-05,-2.29068e-05,-1.66584e-05,-1.12345e-05
-1.06042e-05,-1.55349e-05,-2.12925e-05,-2.77108e-05,-3.44933e-05,-4.12796e-05,-4.7707e-05,-5.34329e-05,-5.81472e-05,-6.16031e-05,-6.3601e-05,-6.40035e-05,-6.27504e-05,-5.98804e-05,-5.55325e-05,-4.99401e-05,-4.3432e-05,-3.64026e-05,-2.92777e-05,-2.24556e-05,-1.6315e-05,-1.09967e-05
-1.03827e-05,-1.52275e-05,-2.08876e-05,-2.72029e-05,-3.38778e-05,-4.05626e-05,-4.68933e-05,-5.25323e-05,-5.7176e-05,-6.05774e-05,-6.2543e-05,-6.29349e-05,-6.16937e-05,-5.88632e-05,-5.4575e-05,-4.9066e-05,-4.26535e-05,-3.5734e-05,-2.8723e-05,-2.20153e-05,-1.598e-05,-1.07248e-05
-1.01482e-05,-1.4924e-05,-2.04933e-05,-2.67089e-05,-3.32803e-05,-3.98623e-05,-4.60964e-05,-5.16529e-05,-5.62249e-05,-5.95754e-05,-6.15065e-05,-6.18895e-05,-6.06642e-05,-5.78689e-05,-5.36399e-05,-4.82092e-05,-4.18949e-05,-3.50827e-05,-2.81813e-05,-2.15834e-05,-1.56526e-05,-1.05128e-05
-9.93601e-06,-1.46307e-05,-2.01101e-05,-2.62278e-05,-3.26976e-05,-3.91808e-05,-4.53232e-05,-5.07969e-05,-5.52998e-05,-5.85988e-05,-6.05005e-05,-6.08706e-05,-5.96581e-05,-5.69019e-05,-5.27311e-05,-4.73797e-05,-4.11562e-05,-3.44466e-05,-2.76551e-05,-2.11654e-05,-1.53352e-05,-1.0283e-05
-9.74311e-06,-1.4341e-05,-1.97282e-05,-2.5746e-05,-3.21158e-05,-3.85008e-05,-4.45517e-05,-4.99426e-05,-5.4379e-05,-5.76259e-05,-5.94938e-05,-5.98571e-05,-5.86568e-05,-5.59371e-05,-5.18241e-05,-4.65494e-05,-4.04219e-05,-3.38148e-05,-2.71317e-05,-2.07493e-05,-1.50207e-05,-1.00537e-05
-9.52997e-06,-1.40594e-05,-1.93588e-05,-2.52814e-05,-3.15552e-05,-3.78434e-05,-4.38055e-05,-4.91141e-05,-5.34869e-05,-5.66838e-05,-5.85223e-05,-5.88754e-05,-5.76883e-05,-5.5002e-05,-5.09477e-05,-4.5748e-05,-3.9709e-05,-3.32031e-05,-2.66268e-05,-2.03484e-05,-1.4715e-05,-9.82598e-06
-9.34599e-06,-1.37829e-05,-1.89969e-05,-2.48253e-05,-3.10009e-05,-3.71956e-05,-4.30708e-05,-4.83012e-05,-5.26069e-05,-5.5756e-05,-5.75647e-05,-5.79089e-05,-5.67316e-05,-5.40817e-05,-5.00839e-05,-4.49596e-05,-3.9009e-05,-3.26039e-05,-2.613e-05,-1.99538e-05,-1.44144e-05,-9.62903e-06
-9.12045e-06,-1.35137e-05,-1.86412e-05,-2.43783e-05,-3.04592e-05,-3.65618e-05,-4.23462e-05,-4.75038e-05,-5.17435e-05,-5.48458e-05,-5.66226e-05,-5.69583e-05,-5.57979e-05,-5.31813e-05,-4.92376e-05,-4.41833e-05,-3.83231e-05,-3.20149e-05,-2.56438e-05,-1.95672e-05,-1.41227e-05,-9.41836e-06
-8.93653e-06,-1.3248e-05,-1.82931e-05,-2.39398e-05,-2.99273e-05,-3.59379e-05,-4.16378e-05,-4.67171e-05,-5.08954e-05,-5.39489e-05,-5.56996e-05,-5.60239e-05,-5.48771e-05,-5.2294e-05,-4.84046e-05,-4.34255e-05,-3.76492e-05,-3.14366e-05,-2.5166e-05,-1.91847e-05,-1.38377e-05,-9.21495e-06
-8.75587e-06,-1.29896e-05,-1.79516e-05,-2.35086e-05,-2.94057e-05,-3.53256e-05,-4.09425e-05,-4.59468e-05,-5.0063e-05,-5.30722e-05,-5.47922e-05,-5.51098e-05,-5.39724e-05,-5.14256e-05,-4.75881e-05,-4.26795e-05,-3.69894e-05,-3.08701e-05,-2.46974e-05,-1.88174e-05,-1.35577e-05,-9.02108e-06
-8.55815e-06,-1.27394e-05,-1.76207e-05,-2.30903e-05,-2.88987e-05,-3.47319e-05,-4.02679e-05,-4.5197e-05,-4.92549e-05,-5.22161e-05,-5.39117e-05,-5.42196e-05,-5.30959e-05,-5.05784e-05,-4.67946e-05,-4.19556e-05,-3.63475e-05,-3.03198e-05,-2.4243e-05,-1.8458e-05,-1.32866e-05,-8.82851e-06
-8.41002e-06,-1.24882e-05,-1.72891e-05,-2.26739e-05,-2.8391e-05,-3.41356e-05,-3.95894e-05,-4.44488e-05,-4.84436e-05,-5.13607e-05,-5.30261e-05,-5.33275e-05,-5.2215e-05,-4.97324e-05,-4.60002e-05,-4.12299e-05,-3.57058e-05,-2.97713e-05,-2.37902e-05,-1.80987e-05,-1.30148e-05,-8.64663e-06
-8.21088e-06,-1.22439e-05,-1.69696e-05,-2.22703e-05,-2.78999e-05,-3.35597e-05,-3.89348e-05,-4.37236e-05,-4.76598e-05,-5.05335e-05,-5.21695e-05,-5.2465e-05,-5.13665e-05,-4.89142e-05,-4.52325e-05,-4.05299e-05,-3.50853e-05,-2.92399e-05,-2.33524e-05,-1.77525e-05,-1.27531e-05,-8.44851e-06
-8.05566e-06,-1.20085e-05,-1.66592e-05,-2.18776e-05,-2.74237e-05,-3.30006e-05,-3.82959e-05,-4.30178e-05,-4.68959e-05,-4.97259e-05,-5.13384e-05,-5.16236e-05,-5.05375e-05,-4.81172e-05,-4.44841e-05,-3.98475e-05,-3.44813e-05,-2.87248e-05,-2.29253e-05,-1.74127e-05,-1.24974e-05,-8.27423e-06
-7.87938e-06,-1.17754e-05,-1.63491e-05,-2.14839e-05,-2.69456e-05,-3.24393e-05,-3.76591e-05,-4.23103e-05,-4.61319e-05,-4.89198e-05,-5.05053e-05,-5.07836e-05,-4.97083e-05,-4.73195e-05,-4.37377e-05,-3.91655e-05,-3.38798e-05,-2.82078e-05,-2.25011e-05,-1.70813e-05,-1.22458e-05,-8.09766e-06
-7.71972e-06,-1.1549e-05,-1.60504e-05,-2.11082e-05,-2.64896e-05,-3.19023e-05,-3.70477e-05,-4.16292e-05,-4.53991e-05,-4.81452e-05,-4.97055e-05,-4.99786e-05,-4.89123e-05,-4.65533e-05,-4.30207e-05,-3.85111e-05,-3.32993e-05,-2.77118e-05,-2.20944e-05,-1.67588e-05,-1.20027e-05,-7.92691e-06
-7.57863e-06,-1.13265e-05,-1.57549e-05,-2.0735e-05,-2.60344e-05,-3.13669e-05,-3.64361e-05,-4.09562e-05,-4.46684e-05,-4.73747e-05,-4.89099e-05,-4.91734e-05,-4.81202e-05,-4.57929e-05,-4.2306e-05,-3.78594e-05,-3.2726e-05,-2.72198e-05,-2.16891e-05,-1.64399e-05,-1.1763e-05,-7.76379e-06
-7.39857e-06,-1.11066e-05,-1.5464e-05,-2.03654e-05,-2.55847e-05,-3.08393e-05,-3.58352e-05,-4.02881e-05,-4.39472e-05,-4.66128e-05,-4.81223e-05,-4.83804e-05,-4.73395e-05,-4.50397e-05,-4.16001e-05,-3.72174e-05,-3.21579e-05,-2.67348e-05,-2.12895e-05,-1.61242e-05,-1.15255e-05,-7.5815e-06
-7.24273e-06,-1.08934e-05,-1.51822e-05,-2.00093e-05,-2.51503e-05,-3.03292e-05,-3.52522e-05,-3.96435e-05,-4.32479e-05,-4.58756e-05,-4.73606e-05,-4.76104e-05,-4.6582e-05,-4.43115e-05,-4.09188e-05,-3.65953e-05,-3.16083e-05,-2.62662e-05,-2.09028e-05,-1.58203e-05,-1.12989e-05,-7.42991e-06
-7.10203e-06,-1.06802e-05,-1.49015e-05,-1.96528e-05,-2.47152e-05,-2.98177e-05,-3.46715e-05,-3.8996e-05,-4.25495e-05,-4.5137e-05,-4.66e-05,-4.68433e-05,-4.58257e-05,-4.35835e-05,-4.02365e-05,-3.5976e-05,-3.10598e-05,-2.5798e-05,-2.05179e-05,-1.5516e-05,-1.10701e-05,-7.27222e-06
-6.94992e-06,-1.04793e-05,-1.463e-05,-1.93082e-05,-2.42968e-05,-2.93256e-05,-3.41115e-05,-3.83724e-05,-4.18774e-05,-4.44247e-05,-4.58682e-05,-4.61031e-05,-4.50953e-05,-4.28794e-05,-3.95793e-05,-3.5378e-05,-3.05306e-05,-2.53467e-05,-2.01467e-05,-1.52248e-05,-1.08526e-05,-7.11751e-06
-6.79487e-06,-1.02774e-05,-1.43636e-05,-1.89687e-05,-2.38828e-05,-2.88377e-05,-3.35533e-05,-3.77561e-05,-4.12074e-05,-4.37202e-05,-4.51371e-05,-4.53676e-05,-4.43709e-05,-4.21841e-05,-3.89269e-05,-3.4784e-05,-3.00074e-05,-2.49007e-05,-1.97804e-05,-1.49369e-05,-1.06363e-05,-6.96928e-06
-6.65089e-06,-1.00793e-05,-1.41013e-05,-1.86352e-05,-2.34766e-05,-2.83594e-05,-3.30072e-05,-3.71492e-05,-4.0552e-05,-4.30272e-05,-4.44223e-05,-4.46465e-05,-4.36596e-05,-4.15028e-05,-3.82877e-05,-3.42032e-05,-2.94942e-05,-2.44628e-05,-1.94217e-05,-1.46535e-05,-1.04229e-05,-6.82211e-06
-6.52096e-06,-9.88553e-06,-1.38434e-05,-1.83084e-05,-2.3077e-05,-2.78886e-05,-3.24699e-05,-3.6554e-05,-3.99077e-05,-4.23465e-05,-4.37189e-05,-4.39373e-05,-4.29608e-05,-4.08306e-05,-3.76588e-05,-3.36302e-05,-2.89896e-05,-2.40337e-05,-1.9068e-05,-1.43775e-05,-1.02172e-05,-6.67522e-06
-6.37944e-06,-9.69702e-06,-1.35934e-05,-1.79902e-05,-2.26879e-05,-2.74301e-05,-3.19475e-05,-3.59731e-05,-3.92786e-05,-4.16823e-05,-4.30344e-05,-4.32457e-05,-4.22803e-05,-4.01755e-05,-3.70474e-05,-3.30739e-05,-2.84994e-05,-2.3615e-05,-1.87256e-05,-1.4108e-05,-1.00156e-05,-6.54029e-06
-6.25227e-06,-9.51214e-06,-1.33472e-05,-1.76787e-05,-2.2309e-05,-2.69827e-05,-3.14363e-05,-3.5405e-05,-3.86666e-05,-4.10324e-05,-4.2364e-05,-4.25697e-05,-4.16138e-05,-3.95379e-05,-3.64497e-05,-3.25294e-05,-2.80195e-05,-2.32055e-05,-1.83912e-05,-1.3845e-05,-9.8193e-06,-6.40294e-06
-6.10578e-06,-9.33055e-06,-1.31039e-05,-1.73681e-05,-2.19279e-05,-2.65335e-05,-3.0923e-05,-3.48358e-05,-3.8049e-05,-4.03818e-05,-4.16916e-05,-4.18916e-05,-4.09474e-05,-3.88958e-05,-3.58498e-05,-3.19849e-05,-2.7539e-05,-2.27981e-05,-1.80553e-05,-1.35828e-05,-9.62357e-06,-6.26247e-06
-5.99911e-06,-9.15915e-06,-1.28753e-05,-1.70766e-05,-2.15704e-05,-2.61116e-05,-3.04394e-05,-3.43012e-05,-3.74702e-05,-3.97697e-05,-4.10607e-05,-4.12544e-05,-4.03203e-05,-3.82937e-05,-3.52869e-05,-3.14731e-05,-2.70887e-05,-2.24145e-05,-1.77393e-05,-1.33342e-05,-9.43859e-06,-6.13611e-06
-5.86919e-06,-8.98303e-06,-1.26393e-05,-1.67792e-05,-2.12056e-05,-2.56795e-05,-2.99487e-05,-3.37535e-05,-3.68786e-05,-3.91457e-05,-4.04143e-05,-4.06051e-05,-3.96787e-05,-3.76782e-05,-3.47119e-05,-3.09495e-05,-2.66276e-05,-2.20219e-05,-1.74204e-05,-1.30836e-05,-9.25076e-06,-6.00584e-06
-5.75078e-06,-8.80954e-06,-1.24083e-05,-1.64818e-05,-2.08433e-05,-2.52534e-05,-2.94602e-05,-3.32105e-05,-3.629e-05,-3.85228e-05,-3.97729e-05,-3.99563e-05,-3.90412e-05,-3.70666e-05,-3.41393e-05,-3.04303e-05,-2.61706e-05,-2.16338e-05,-1.71028e-05,-1.28362e-05,-9.06757e-06,-5.87557e-06
-5.63898e-06,-8.64544e-06,-1.21874e-05,-1.61984e-05,-2.04999e-05,-2.4846e-05,-2.89947e-05,-3.26928e-05,-3.57293e-05,-3.79304e-05,-3.91625e-05,-3.93408e-05,-3.84342e-05,-3.64836e-05,-3.35956e-05,-2.99363e-05,-2.57357e-05,-2.12621e-05,-1.68008e-05,-1.26011e-05,-8.89182e-06,-5.75742e-06
-5.52133e-06,-8.4839e-06,-1.19715e-05,-1.59229e-05,-2.01595e-05,-2.4447e-05,-2.85363e-05,-3.21841e-05,-3.51785e-05,-3.7349e-05,-3.85606e-05,-3.87336e-05,-3.78379e-05,-3.59108e-05,-3.30592e-05,-2.94501e-05,-2.53092e-05,-2.09001e-05,-1.65024e-05,-1.23671e-05,-8.71899e-06,-5.65269e-06
-5.41978e-06,-8.3212e-06,-1.17574e-05,-1.56519e-05,-1.98276e-05,-2.40536e-05,-2.80869e-05,-3.16851e-05,-3.46374e-05,-3.67759e-05,-3.79701e-05,-3.81374e-05,-3.72523e-05,-3.53495e-05,-3.25357e-05,-2.89737e-05,-2.48901e-05,-2.05446e-05,-1.62119e-05,-1.21386e-05,-8.54747e-06,-5.537e-06
-5.33887e-06,-8.16472e-06,-1.15452e-05,-1.53803e-05,-1.94935e-05,-2.36579e-05,-2.76356e-05,-3.11822e-05,-3.40942e-05,-3.62021e-05,-3.73763e-05,-3.754e-05,-3.66639e-05,-3.4784e-05,-3.20069e-05,-2.84947e-05,-2.44688e-05,-2.01865e-05,-1.59203e-05,-1.19123e-05,-8.38045e-06,-5.41727e-06
-5.15867e-06,-8.01367e-06,-1.13432e-05,-1.51225e-05,-1.91769e-05,-2.32855e-05,-2.72067e-05,-3.07079e-05,-3.35783e-05,-3.56577e-05,-3.68134e-05,-3.69749e-05,-3.61073e-05,-3.42504e-05,-3.15075e-05,-2.80423e-05,-2.40707e-05,-1.98466e-05,-1.56456e-05,-1.17005e-05,-8.21955e-06,-5.26061e-06
-5.08984e-06,-7.86161e-06,-1.11405e-05,-1.48612e-05,-1.88588e-05,-2.29077e-05,-2.67774e-05,-3.02255e-05,-3.30577e-05,-3.51056e-05,-3.62466e-05,-3.64024e-05,-3.55429e-05,-3.37086e-05,-3.10034e-05,-2.75845e-05,-2.36669e-05,-1.95075e-05,-1.53664e-05,-1.14821e-05,-8.0601e-06,-5.17456e-06
-4.9866e-06,-7.71199e-06,-1.09397e-05,-1.46055e-05,-1.85424e-05,-2.25335e-05,-2.63476e-05,-2.97493e-05,-3.25403e-05,-3.45609e-05,-3.56822e-05,-3.58325e-05,-3.4984e-05,-3.3173e-05,-3.05021e-05,-2.71305e-05,-2.32698e-05,-1.91697e-05,-1.50908e-05,-1.12646e-05,-7.89951e-06,-5.06966e-06
-4.86835e-06,-7.56908e-06,-1.07464e-05,-1.43582e-05,-1.82386e-05,-2.21732e-05,-2.59348e-05,-2.92894e-05,-3.20433e-05,-3.40353e-05,-3.51392e-05,-3.52868e-05,-3.44456e-05,-3.26567e-05,-3.00215e-05,-2.66944e-05,-2.28867e-05,-1.88442e-05,-1.4826e-05,-1.10587e-05,-7.74813e-06,-4.96011e-06
-4.77312e-06,-7.42605e-06,-1.05575e-05,-1.41139e-05,-1.794e-05,-2.18203e-05,-2.55296e-05,-2.88385e-05,-3.15548e-05,-3.35173e-05,-3.46077e-05,-3.4749e-05,-3.39165e-05,-3.21519e-05,-2.95485e-05,-2.62662e-05,-2.25101e-05,-1.85267e-05,-1.45677e-05,-1.08567e-05,-7.59635e-06,-4.83632e-06
-4.68927e-06,-7.28836e-06,-1.0369e-05,-1.38731e-05,-1.7644e-05,-2.14682e-05,-2.51271e-05,-2.83908e-05,-3.10686e-05,-3.30039e-05,-3.40757e-05,-3.42131e-05,-3.33911e-05,-3.1646e-05,-2.90784e-05,-2.58389e-05,-2.21368e-05,-1.82094e-05,-1.43093e-05,-1.06584e-05,-7.45178e-06,-4.76087e-06
-4.57494e-06,-7.15558e-06,-1.01877e-05,-1.36413e-05,-1.73595e-05,-2.11333e-05,-2.47409e-05,-2.79608e-05,-3.06047e-05,-3.25123e-05,-3.35697e-05,-3.37018e-05,-3.28876e-05,-3.11642e-05,-2.86276e-05,-2.54308e-05,-2.1779e-05,-1.79066e-05,-1.40643e-05,-1.04659e-05,-7.31055e-06,-4.65405e-06
